-2
1
-2
-1
1
0
2
-1
-2
1
-2
-5
-1
3
-1
0
2
0
-2
-1
-1
-1
-4
0
2
0
1
0
2
-2
-2
-2
1
-1
1
2
0
3
-2
-1
1
-1
-3
4
0
1
1
0
0
-2
2
-1
2
0
2
2
1
0
0
2
-2
0
2
1
1
0
5
0
-1
0
3
-2
0
3
0
2
1
1
-1
1
1
0
2
2
-1
2
3
-4
2
1
0
0
3
2
-1
1
2
1
-2
1
2
1
-1
4
2
-2
2
1
-2
2
1
-1
4
-1
-1
3
0
-1
0
1
0
-1
0
0
1
-1
1
2
-1
0
1
-2
-2
1
-2
0
2
0
1
0
1
-1
-2
0
-2
-1
1
-2
1
1
-1
1
-2
-3
1
-4
-1
2
-3
0
-1
0
-4
0
0
-4
1
-2
-2
0
-2
-3
-3
0
-3
-2
-2
-1
-2
-6
-2
-2
-5
-2
-1
0
-1
-4
1
-3
-4
-5
-1
-2
-4
-1
1
-2
-2
-3
-2
-3
-5
-1
-4
-1
0
-2
0
1
-4
-2
1
-4
-2
-1
0
-2
-1
1
-1
-1
2
0
0
0
0
0
0
1
2
2
2
4
1
2
3
1
3
2
2
5
5
2
5
5
3
5
4
5
2
6
4
6
4
5
6
5
6
6
5
5
5
5
6
3
7
4
6
7
6
5
3
7
5
2
5
5
4
6
3
3
5
1
4
3
2
3
2
4
-1
3
2
0
1
1
2
-2
1
-1
-4
-1
-2
-3
-2
-2
-1
-3
-4
-4
-5
-6
-7
-4
-5
-6
-4
-5
-3
-8
-8
-6
-10
-8
-7
-7
-8
-6
-8
-7
-7
-9
-8
-9
-8
-8
-8
-7
-9
-6
-8
-9
-6
-10
-7
-7
-7
-6
-7
-6
-6
-7
-6
-4
-6
-5
-6
-1
-5
-5
-3
-3
-4
0
-4
0
1
-2
0
1
0
0
1
-1
2
1
4
4
4
6
3
4
5
2
2
8
5
6
7
10
7
4
10
6
5
5
10
9
6
10
9
9
8
8
7
8
8
7
10
8
10
7
8
9
4
11
8
5
9
5
6
5
5
7
6
6
5
6
3
3
3
2
2
1
5
0
2
4
1
-1
-1
2
-4
-2
0
-3
-3
-2
-2
-4
-4
-3
-6
-5
-5
-5
-6
-8
-4
-6
-7
-6
-7
-7
-8
-7
-8
-10
-5
-11
-8
-5
-9
-6
-7
-8
-10
-9
-7
-8
-8
-7
-6
-8
-5
-7
-7
-6
-7
-5
-6
-3
-8
-4
-2
-8
-2
-3
-4
-2
-1
-3
-3
1
-3
-3
2
0
1
-1
5
0
1
2
-1
3
2
4
5
7
5
5
4
5
3
4
8
7
7
9
9
7
5
8
6
4
8
9
7
9
9
7
6
8
7
6
8
8
9
6
7
9
3
5
8
5
6
6
6
6
4
5
3
4
4
2
5
4
1
5
2
1
0
3
-2
-2
4
-3
0
0
-1
-1
-2
-1
0
-5
-3
-2
-7
-3
-4
-4
-2
-4
-4
-3
-7
-6
-4
-9
-5
-3
-7
-5
-2
-5
-7
-7
-7
-9
-8
-5
-5
-6
-4
-3
-6
-7
-6
-8
-9
-7
-2
-5
-6
-1
-2
-9
-4
-3
-8
-3
-3
-4
-2
-1
-4
0
-2
-5
-2
0
-4
-2
2
0
-1
-1
3
-3
2
1
-1
3
1
1
-1
4
0
0
4
3
5
4
4
2
2
2
2
3
5
3
4
9
3
5
4
3
1
5
4
4
7
4
7
3
6
2
3
4
4
3
6
4
3
7
1
4
3
2
1
4
4
0
4
1
2
2
-1
2
2
2
1
3
0
-2
1
0
-2
0
3
1
-2
1
1
-5
-2
-2
-2
-4
0
0
-2
-1
-2
0
-4
-2
-1
-4
-2
0
-1
-4
-2
0
-3
-5
-3
0
-4
-3
2
-4
-4
1
-4
-3
0
-3
0
-2
-2
0
-2
-1
-2
0
0
-2
2
-2
2
0
-3
2
0
2
-2
2
3
-2
2
1
1
3
1
2
2
3
-1
2
2
2
1
2
4
1
4
0
2
1
1
2
0
4
2
2
4
3
1
3
1
1
0
1
3
1
0
2
4
-1
1
-1
1
1
-3
1
1
2
-1
2
1
0
-1
-2
-2
0
-5
-1
1
-2
3
-2
-3
0
-5
-4
-3
-2
-4
0
-3
-3
-1
-5
0
-6
-2
-3
-4
-3
-3
-3
-5
-2
-4
-4
-1
-4
-3
-2
-2
-4
-3
-3
-3
-5
-2
0
-7
0
0
-6
1
-5
-1
-3
-3
1
-4
0
-1
2
2
1
6
6
5
7
12
8
12
12
10
9
8
5
1
0
-2
-7
-6
-6
-12
-9
-12
-11
-13
-14
-15
-14
-15
-12
-13
-17
-11
-10
-12
-12
-10
-9
-7
-10
-5
-4
-5
1
6
6
9
10
14
19
18
19
22
25
23
29
29
28
27
22
14
16
16
4
4
-5
-7
-7
-10
-13
-19
-16
-10
-9
-7
3
8
8
17
19
28
36
29
35
36
33
30
23
18
17
7
-5
-12
-14
-21
-25
-35
-42
-48
-52
-46
-45
-45
-42
-38
-31
-27
-15
-3
-1
4
12
22
33
36
32
30
36
38
24
20
18
12
6
-4
-8
-12
-17
-16
-16
-18
-22
-15
-13
-15
-18
-18
-11
-13
-19
-23
-18
-13
-23
-33
-38
-30
-31
-40
-42
-34
-32
-31
-30
-25
-13
-7
-3
-2
15
26
30
37
50
61
65
64
67
75
76
67
52
53
47
28
24
22
11
-5
-12
-16
-9
-11
-19
-14
-10
4
12
19
22
22
21
23
25
23
3
-14
-16
-23
-42
-69
-82
-90
-105
-134
-145
-136
-143
-159
-163
-140
-118
-115
-110
-77
-35
-11
2
33
83
120
134
152
182
207
218
220
229
225
200
189
191
187
149
107
93
97
86
53
32
27
27
11
-1
6
16
5
-14
-19
-4
2
-16
-35
-34
-39
-75
-98
-80
-78
-132
-183
-174
-149
-173
-223
-226
-191
-216
-262
-239
-167
-167
-235
-238
-154
-118
-188
-197
-119
-58
-128
-161
-64
18
-30
-97
-30
26
-18
-64
53
164
102
37
192
431
436
302
346
555
586
431
404
552
589
424
376
526
588
447
354
459
501
325
154
190
211
-10
-270
-290
-243
-425
-655
-666
-564
-660
-854
-809
-612
-600
-773
-739
-468
-310
-377
-358
-112
76
46
15
153
214
66
-81
-41
-45
-261
-457
-424
-324
-465
-649
-580
-344
-300
-424
-376
-122
45
31
113
351
528
565
667
933
1125
1128
1159
1364
1531
1469
1370
1418
1464
1256
927
757
675
442
84
-127
-185
-304
-509
-583
-499
-500
-671
-810
-757
-701
-798
-938
-969
-904
-843
-742
-578
-445
-414
-361
-196
-64
-127
-292
-356
-353
-424
-597
-673
-615
-558
-593
-654
-630
-590
-551
-547
-537
-547
-520
-404
-239
-68
10
87
165
310
398
359
254
152
148
140
106
52
125
259
406
558
768
1055
1296
1571
1863
2169
2323
2403
2559
2699
2679
2386
2113
1889
1634
1176
673
251
-169
-557
-954
-1294
-1798
-2346
-2720
-2826
-2989
-3357
-3510
-3180
-2515
-2066
-1728
-1170
-313
474
928
1208
1401
1561
1580
1542
1341
950
561
384
280
-94
-614
-959
-1003
-1143
-1535
-1938
-2033
-1926
-1858
-1769
-1546
-1153
-731
-231
242
601
763
875
1026
1062
906
612
452
354
280
156
45
-33
-129
-136
-107
-35
-29
67
347
779
1262
1634
2001
2400
2868
3251
3421
3412
3324
3299
3169
2875
2427
1969
1570
1028
276
-779
-1915
-2991
-3916
-4773
-5709
-6335
-6394
-5754
-4931
-4163
-3252
-1989
-457
735
1554
2108
2702
3235
3563
3702
3591
3458
3266
3067
2554
1681
692
-241
-1112
-2259
-3410
-4243
-4539
-4531
-4418
-4033
-3339
-2377
-1420
-490
298
866
1260
1541
1795
1898
1886
1848
1807
1714
1497
1262
949
496
-79
-621
-1047
-1491
-1849
-1994
-1796
-1472
-1125
-633
44
822
1407
1875
2229
2571
2842
3058
3270
3316
3348
3354
3508
3553
3403
3140
2886
2684
2141
1468
659
7
-902
-2227
-3664
-4966
-5771
-6510
-6947
-7103
-6671
-5834
-4793
-3368
-1784
9
1428
2615
3543
4319
4990
5302
5313
4705
3905
3082
2427
1617
283
-1182
-2474
-3322
-4204
-5125
-5819
-6073
-5919
-5662
-5019
-3922
-2425
-944
284
1420
2426
3391
4025
4210
3807
2974
2270
1851
1570
803
-230
-1033
-1335
-1437
-1852
-2284
-2604
-2588
-2416
-1987
-1304
-633
29
678
1603
2413
2938
3252
3492
3658
3506
3298
3137
2986
2631
2281
2281
2409
2329
2053
2003
2227
2278
2115
2045
2254
2374
2052
1532
886
217
-952
-2651
-4784
-6873
-7884
-7845
-7274
-7347
-7453
-6308
-3544
-438
1184
1763
2178
3339
4522
4991
4685
3788
3142
2672
2445
1790
753
-236
-1127
-2120
-3738
-5092
-5679
-5604
-5848
-6574
-6613
-5335
-2984
-912
440
1313
2229
3426
4489
4916
4183
2674
1288
749
763
394
-561
-1509
-1744
-1439
-1216
-1264
-1384
-1398
-1341
-1051
-387
422
999
1196
1472
1973
2449
2582
2438
2235
1868
1496
1330
1614
1838
1730
1704
2236
3300
3982
4134
3998
4091
4300
4331
4143
3608
3155
2769
2596
1990
790
-721
-2681
-5213
-8421
-10616
-10980
-10228
-10181
-10806
-9837
-6387
-1697
1425
2575
2946
3878
5543
6730
6791
5432
3944
3295
3462
3398
2364
1175
133
-929
-2765
-4821
-6048
-6547
-7095
-8295
-8896
-7849
-5142
-2176
-218
1017
2251
4140
5668
6015
5025
3364
1925
792
266
-75
-429
-1071
-1476
-1183
-617
-341
-697
-1057
-1320
-1399
-1204
-544
218
542
650
1153
2132
2731
2656
2100
1632
1306
1287
1675
2078
2146
1984
2680
3979
5133
5270
4768
4466
4177
4055
3630
3312
2674
2194
2262
2530
2674
1530
133
-2266
-5674
-9728
-12556
-12527
-12021
-12434
-14120
-12984
-7887
-1254
3480
4277
4325
5061
7729
9896
9780
7502
4553
3919
4466
5249
4253
2470
966
-895
-3012
-5682
-7195
-8336
-9809
-11845
-12850
-10994
-7334
-3154
-590
967
2557
5316
8589
9944
8230
4605
2445
2061
2034
394
-1860
-3186
-3480
-3237
-2885
-2331
-2625
-3605
-4366
-3337
-1495
-289
173
791
2110
3322
4342
4844
4609
2951
1095
388
779
899
-72
-778
-210
1582
3187
4318
4668
4818
4669
4476
4551
4086
3368
2003
1712
2069
3201
3934
4131
4851
5118
5967
5348
3918
194
-5289
-9863
-11926
-10495
-10279
-11636
-13539
-11682
-5956
-654
2172
1313
694
1048
3040
5066
5365
4484
2920
3296
4423
5543
5307
3826
1896
-1208
-4089
-6376
-7234
-8254
-10390
-12383
-12534
-9570
-5755
-2702
-1356
-312
1710
4467
7037
7635
6384
3918
2168
1926
2494
2108
30
-2324
-3330
-2727
-2217
-2703
-3936
-4879
-4913
-3590
-1441
396
974
922
1942
3892
5242
4734
3215
1932
1450
1408
1605
1864
1665
1437
1993
3611
5073
5204
4293
3741
3957
4096
3893
3310
2848
2651
2773
3682
4704
5046
4598
4700
5717
6676
6325
4323
2050
-1683
-6913
-11493
-12847
-11262
-11088
-13752
-15836
-12803
-6130
-669
720
-543
-488
1597
4835
7016
6552
4337
2780
3667
5457
5774
3891
1724
176
-1718
-3984
-6002
-7027
-8277
-10576
-12455
-12030
-9180
-5980
-3813
-2409
-489
2553
5928
8408
8458
6343
3894
2634
2558
1781
-260
-2770
-4321
-4472
-3815
-3015
-2962
-3516
-4067
-3149
-739
1547
2298
1765
1817
3122
4776
5384
4534
2826
1434
1151
1735
2139
1582
642
488
1595
3175
4200
4263
3764
3532
3955
4783
5133
4616
3553
3082
3444
4013
4843
5109
5440
5834
6929
8390
9288
8951
6553
2461
-5128
-11684
-14533
-13422
-12813
-17561
-22175
-21069
-12271
-3857
-773
-2253
-3098
464
4746
8668
8589
6043
3902
4127
6992
8301
7458
4800
3088
1263
-1364
-3843
-6445
-8591
-12630
-16248
-17175
-14567
-10651
-8191
-6165
-3558
1301
6036
9312
9468
7404
5355
4064
3809
2678
954
-1290
-2368
-2312
-1301
-713
-1539
-3059
-4402
-3942
-2523
-1048
-787
-812
-53
2208
5055
6656
6464
4828
3782
3648
3875
3198
1656
302
148
1531
3348
4697
4917
4625
4898
5804
6566
6247
4776
3493
3395
3952
4783
5352
5922
6616
7499
8811
9853
10111
7733
3415
-4085
-12450
-17355
-18272
-16414
-18421
-22646
-23584
-16666
-6086
136
650
-1583
187
4196
8444
10183
8297
6110
5046
7023
9006
8938
6459
3374
885
-2283
-4886
-7535
-9500
-12305
-15817
-17208
-15748
-11661
-8206
-5720
-3839
-832
3234
6920
8764
7329
4881
2855
2567
2599
2013
504
-1085
-1824
-1355
-116
-191
-1783
-4060
-4595
-3135
-935
81
109
439
2085
4839
6632
6696
4846
2992
2264
2395
2300
1349
395
247
1446
3280
5016
5896
5797
5531
5656
6158
6305
5399
4035
3315
3928
4933
5571
6006
6360
7225
7855
8708
8935
8704
6453
2430
-4164
-12571
-17167
-18118
-15776
-16928
-21126
-22335
-16516
-6373
-579
198
-1814
41
4438
8347
10564
8819
6658
5139
6272
7853
7152
4359
883
-953
-3379
-5448
-7644
-9483
-11456
-14816
-16278
-15268
-11752
-8949
-7204
-5305
-2255
2313
5796
8246
7834
6003
4224
3679
4012
3259
1330
-1165
-1879
-1384
-375
-623
-2211
-3894
-4329
-2797
-427
890
519
320
1764
4707
6660
6518
4752
3216
2734
2989
3111
2298
1146
452
1391
3397
5325
5941
5618
5576
6138
6839
6906
6186
5203
4525
4711
5198
5792
6131
6152
6676
7040
8158
7942
8080
6076
2497
-4744
-14873
-19374
-19568
-14691
-15543
-20003
-21787
-15868
-4212
1888
2918
-988
-588
2700
6758
9732
7400
5055
2659
4307
6523
6407
4332
612
-1431
-4615
-6419
-8312
-9736
-11779
-15588
-16577
-15404
-10950
-7633
-5461
-3676
-1093
3366
6823
9178
7634
4883
2228
1605
2272
2006
730
-1425
-1779
-812
1150
1187
-546
-2779
-3470
-1835
351
1492
934
627
1903
4968
6988
6706
4463
2406
1953
2287
2309
1402
469
265
1699
3837
5941
6781
6625
6636
7015
7625
7263
6343
5070
4449
4551
5125
5746
6368
6583
6603
7176
8079
8292
7885
6095
3264
-1700
-11097
-17060
-18493
-15220
-14748
-20120
-23562
-20077
-9663
-2800
-757
-3113
-2812
1532
5958
10321
9400
6705
4134
4701
6921
6875
4661
842
-1083
-3506
-5051
-6186
-7638
-9505
-13644
-15841
-15483
-12646
-10405
-9246
-7646
-4848
9
4248
7863
8247
6704
5053
4605
5171
4559
2856
537
-214
25
1108
1015
-501
-2502
-3584
-2605
-837
-44
-861
-1273
-95
2895
5084
5416
4208
2992
2937
3512
3849
3000
2001
1478
2574
4578
6519
7629
7698
7809
8232
8727
8632
7573
5831
4499
4100
4101
4150
4343
4495
5095
5852
6983
7909
8346
6464
3068
-4139
-12862
-17351
-17960
-15074
-17227
-21866
-23435
-17151
-7110
-1399
-670
-3130
-1437
1986
6473
8965
7349
4992
3082
4928
7005
7215
4815
1735
-429
-2906
-4160
-6029
-7804
-11147
-14924
-16094
-14975
-11869
-10018
-8268
-6238
-2795
1529
5202
7653
7037
5216
3443
3356
3975
3753
2413
651
230
1010
2187
1554
-724
-3124
-3875
-2575
-874
-359
-994
-1057
854
4141
6145
5858
4068
2835
2963
3605
3553
2633
1725
1777
3373
5666
7640
8269
7991
7871
8212
8355
7665
6132
4453
3403
3424
4144
4701
5129
5415
6144
7064
8112
8048
7715
5955
3054
-2269
-11164
-16921
-18987
-16560
-16545
-20359
-22806
-19473
-10564
-4143
-1599
-3058
-2268
1293
5383
8978
8442
6547
4425
4906
6461
6628
4725
1357
-832
-3145
-4304
-5683
-7584
-10323
-13942
-15649
-15180
-12809
-11094
-9560
-7361
-3653
1147
5083
7838
8221
7046
5512
4963
4796
4076
2281
422
-142
305
935
329
-1309
-2992
-3334
-2339
-684
-10
-392
-446
1104
4018
5867
5783
4389
3410
3407
3905
3882
3108
2248
2118
3563
5624
7388
8092
8009
8000
8030
8026
7423
6217
4551
3204
2857
3347
3773
4183
4429
5102
5603
6205
6411
6319
6075
3703
210
-8462
-15365
-18232
-15973
-13088
-16908
-21041
-21633
-13420
-5100
-982
-2242
-4301
-1548
2073
7458
8279
6590
3875
2796
5133
6374
6147
2733
188
-2271
-3690
-4577
-6334
-7759
-11240
-13486
-14244
-12334
-9808
-8384
-7132
-5562
-1790
1884
5188
6038
4982
3087
2032
2585
3230
2998
1423
506
709
2085
2612
1832
169
-1064
-883
262
1369
1038
289
372
2318
4371
4832
3769
2358
2035
2422
2930
2722
2214
2127
3124
5071
7020
8262
8365
8211
8157
8340
8314
7303
5860
4360
3636
4081
4537
4851
4860
4831
5151
5803
6115
5956
5862
3939
1459
-5246
-12757
-16253
-16189
-13433
-15610
-19780
-21840
-16837
-8916
-3539
-2373
-4534
-3083
163
5555
8436
7121
4468
2618
4227
5765
5904
3049
193
-2053
-3499
-3722
-5288
-6851
-9835
-12184
-13100
-12439
-10928
-9924
-8718
-7338
-4195
-890
2449
4306
4367
3673
3119
3659
4429
4687
3779
3100
2660
3102
3277
2454
898
-721
-1268
-767
123
0
-308
-334
1081
2937
3780
3537
2553
2084
2292
2858
2883
2600
2395
3273
5124
6880
8242
8637
8632
8419
8256
8020
7216
5837
4123
3322
3410
4033
4379
4725
4998
5329
5567
5738
5803
5429
4793
3174
201
-7034
-13516
-16388
-14528
-12258
-15660
-20100
-21411
-15443
-8309
-3750
-3761
-4974
-3134
302
5965
7974
7081
4393
3208
4835
5801
5546
2690
463
-2048
-3433
-3706
-4602
-5732
-9180
-11592
-12550
-11586
-10383
-9884
-9061
-7879
-5109
-2267
1029
2697
3015
2466
2429
3833
5124
5789
5110
4341
3722
3985
3904
3141
1538
-171
-816
-588
87
64
-348
-686
277
1659
2487
2253
1539
1504
1971
2727
3182
3667
4149
5215
6507
7983
9105
9337
9039
8378
7980
7326
6576
5570
4699
4187
4025
4328
4702
4908
4730
4346
3919
3821
3659
3281
3380
2951
1719
-3607
-10160
-13689
-13222
-10540
-13057
-18221
-21947
-18280
-10964
-5328
-4211
-5942
-4465
-1334
3966
6629
6175
3789
1630
2011
3177
3908
2287
284
-1878
-2680
-2503
-2558
-3351
-6137
-8984
-10735
-10520
-9654
-9148
-8901
-8101
-6242
-3661
-360
1944
2819
2257
2109
3390
5223
6097
5738
4803
4055
4245
4527
4615
3396
1303
-453
-757
-170
1
-619
-1627
-1516
-526
917
1989
2225
2003
2003
2881
4411
5703
6172
6140
6439
7513
8691
9202
8592
7623
6742
6216
6036
5599
4964
4081
3604
3675
4303
4297
3933
3550
2979
3015
2975
3146
3085
3416
3142
2440
-1084
-6716
-10667
-12503
-11882
-13809
-17737
-20481
-18596
-13306
-8239
-5326
-5022
-3867
-2015
1512
4586
4736
2911
421
152
1238
2326
1943
745
-341
-1254
-1008
-1073
-1650
-3917
-7042
-8972
-9628
-9144
-9007
-8537
-7751
-6335
-4303
-1986
564
1563
1726
1630
2668
4204
5167
5440
5140
4997
4681
4984
5211
4764
2810
475
-618
-289
172
-436
-1414
-1920
-1074
623
2470
3285
2981
2548
3393
5382
6875
7169
6635
6868
7719
8516
8624
8012
6996
5894
5388
5423
5495
4842
3942
3703
4020
4226
4055
3542
3079
2603
2259
2336
2770
3004
3629
4127
3610
245
-5898
-10393
-12359
-11867
-13827
-17776
-20550
-19049
-13582
-8718
-5774
-5900
-5212
-3381
52
2893
2625
804
-1171
-412
1348
2783
2619
1704
1087
540
738
305
-945
-3559
-6502
-8259
-9080
-9144
-9426
-9443
-8864
-7663
-5315
-2482
349
1626
1989
2324
3540
5127
5918
6165
5592
5125
4892
5366
5624
4649
2342
127
-628
-309
-143
-835
-1803
-1980
-784
1133
3016
3697
3578
3647
4736
6383
7373
7389
6907
6873
7238
7870
7852
7118
6059
5176
5203
5569
5730
5203
4498
4034
3949
4078
3697
3317
2665
1980
1973
2623
3389
3931
4123
3539
1961
-3124
-8822
-12291
-13028
-12738
-15714
-19291
-20061
-15933
-10693
-7005
-6058
-6149
-4676
-3061
-205
969
365
-955
-1436
190
2143
3311
2938
2696
1975
1191
416
-788
-2086
-4722
-7405
-8899
-8986
-8379
-8322
-8102
-7473
-5919
-3903
-1472
533
1028
913
929
2857
5061
6293
6144
5664
5775
6108
6271
5575
4211
1885
98
-526
-102
182
-253
-764
-353
1000
2503
3899
4401
4338
3985
4462
5763
7024
7099
6382
6142
6598
7339
7119
6383
5427
4916
4710
4903
5163
4912
4411
3649
3709
3850
3958
3652
2852
2494
2228
2952
3687
4700
4576
3237
117
-5203
-9019
-11477
-11690
-13253
-16871
-19787
-19101
-14761
-10709
-8281
-8140
-7223
-5607
-3495
-1029
2
1
-895
-678
971
2940
3713
3202
2590
1697
1206
489
-281
-1634
-4070
-6470
-7877
-7789
-7184
-7094
-7475
-7508
-6336
-4079
-1782
-765
-886
-820
415
2846
4968
6165
6186
5786
5583
5882
6124
5450
3710
1562
352
311
933
1315
1205
766
957
2115
3914
5083
4752
3720
3273
4217
5566
6397
6126
5470
5197
5755
6668
6781
6075
4853
4304
4570
5074
5149
4534
3669
3176
3491
3928
4182
3610
2724
2490
2628
3516
3908
4438
4107
2684
136
-4447
-7726
-10544
-11681
-13458
-16315
-18201
-18089
-14821
-11923
-9507
-9121
-8339
-6681
-4856
-2398
-1532
-929
-1020
-317
1157
2733
3629
3084
2742
1956
1794
1164
126
-992
-2987
-4532
-5939
-6154
-6219
-6578
-7148
-7202
-6014
-4749
-3215
-2619
-1786
-1090
120
2136
4203
5696
5748
5511
5608
6510
6641
5892
4289
2889
2384
2477
2827
2819
2425
1912
2292
3187
4195
4220
3484
2960
2991
3660
4419
4936
5026
4862
4631
4949
5567
5741
5273
4455
4165
4555
5043
5197
5056
4874
4593
4481
4398
4362
4050
3307
2781
2455
2600
2783
3083
3486
3001
1328
-2571
-6840
-9699
-11331
-12197
-14638
-17137
-18287
-16777
-13920
-11627
-10178
-9739
-8355
-6927
-4761
-2722
-1651
-850
-667
419
1592
2740
3117
3046
2883
2293
2051
1182
636
-422
-1712
-3264
-4700
-5329
-5637
-5617
-6339
-6696
-6615
-5366
-3708
-2579
-1833
-1157
262
1998
3893
4895
5327
5349
5492
5927
5948
5578
4785
4199
3905
3890
4008
4165
4065
3794
3651
3780
4092
4137
3938
3772
3849
4062
4347
4553
4636
4411
4023
3857
3876
4013
3838
3536
3382
3607
4137
4518
4807
4686
4545
4254
4216
4352
4085
3685
2895
2675
2627
2799
2964
3018
3174
1755
-604
-4573
-8236
-10809
-12680
-13749
-15724
-17287
-18103
-16635
-13949
-11355
-9643
-9003
-7712
-6398
-4632
-2996
-1800
-858
-670
-247
609
2207
3402
3771
3471
2788
2531
2006
1465
378
-1215
-2899
-4285
-4850
-4984
-5113
-5356
-5367
-4840
-3820
-2473
-1451
-834
-566
64
1604
3299
4534
4826
4821
5160
5816
6354
6461
6041
5356
4905
4777
4976
4964
4517
4061
3852
3924
4191
4358
4409
4231
3768
3481
3542
3726
3665
3159
2601
2417
2539
2866
3083
3235
3393
3616
4030
4429
4647
4451
4174
3792
3457
3217
2967
2886
2491
2109
1746
1844
2340
2408
1991
147
-2440
-5972
-9132
-11210
-12676
-13798
-15839
-17031
-16952
-14862
-12291
-10542
-9474
-8987
-7896
-6650
-4943
-3543
-2545
-1918
-1545
-307
1347
3173
4179
4220
3815
3228
2933
2393
1523
184
-1109
-2150
-2944
-3392
-3716
-3804
-3882
-3925
-3794
-3243
-2411
-1636
-1093
-497
342
1549
2955
4161
5068
5567
5918
6261
6645
6763
6541
6164
5780
5600
5437
5423
5347
5133
4916
4672
4544
4400
4117
3552
3066
2686
2526
2440
2262
2163
1891
1775
1806
2030
2357
2651
3071
3439
3854
3872
3762
3703
3598
3426
2929
2601
2335
2192
1805
1482
1486
1650
1813
1571
965
-473
-2686
-6029
-9221
-11545
-12988
-13560
-14665
-15221
-15227
-13972
-12225
-10630
-9485
-8956
-8042
-7522
-6451
-5599
-4300
-2664
-1129
366
1396
2590
3508
4407
4398
3770
2760
1748
1445
1081
733
-233
-1216
-1840
-2016
-1975
-2177
-2240
-2395
-2197
-2021
-1438
-680
34
763
1407
2485
3574
4672
5283
5633
5666
5691
5925
6240
6599
6396
6107
5727
5704
5779
5751
5436
4729
3998
3305
3130
2971
2750
2242
1780
1694
1737
1890
1699
1501
1424
1748
2215
2524
2855
2944
3163
3133
2969
2731
2547
2436
2117
1861
1424
1425
1360
1289
1115
765
702
282
-431
-2035
-4050
-6535
-8836
-10408
-11665
-12100
-12792
-13240
-13064
-12191
-10832
-9933
-9408
-9053
-8418
-7748
-6914
-5761
-4329
-2510
-1096
255
1617
2753
3681
3903
3796
3368
2877
2393
2094
1794
1205
466
-361
-574
-726
-945
-1251
-1602
-1564
-1373
-1017
-551
4
454
996
1805
2851
3862
4385
4827
5244
5723
6209
6616
6993
7095
6816
6329
6003
5736
5356
4732
4072
3493
2969
2661
2544
2449
2123
1622
1246
1276
1395
1408
1266
1258
1532
1804
2127
2354
2582
2710
2561
2182
1803
1518
1279
1093
864
716
622
424
433
346
149
-128
-537
-706
-847
-1258
-2395
-3954
-6251
-7965
-8907
-9147
-9256
-10458
-11622
-12104
-11085
-9993
-9580
-10037
-10346
-9661
-8656
-7079
-5684
-4095
-2507
-1062
479
1652
2645
3111
3450
3521
3276
2909
2708
3116
3239
2982
2130
1513
1273
1025
681
70
-283
-604
-465
-170
403
832
1025
1476
2132
3080
3718
4165
4550
5073
5589
6034
6335
6325
6091
5729
5461
5199
4686
4050
3558
3291
3071
2665
2290
2168
2209
2097
1869
1636
1618
1694
1663
1704
1710
1682
1521
1407
1330
1198
946
420
76
-207
-234
-289
-226
-33
85
182
-62
-161
-363
-287
-333
-305
-475
-750
-1028
-1797
-2446
-4097
-5762
-7272
-8223
-8486
-9399
-10447
-11545
-11342
-10613
-9960
-9844
-10142
-9277
-8314
-6611
-5255
-3969
-2348
-1055
521
1473
2294
2476
2862
3398
3725
3838
3261
3348
3494
3788
3528
2802
2331
1894
1780
1433
1243
940
797
898
1129
1521
1550
1820
2226
2906
3423
3581
3769
4085
4542
4803
4982
4950
4896
4674
4405
4238
3867
3460
3027
2866
2878
2787
2543
2355
2289
2223
2233
2189
2209
1912
1378
970
820
811
618
254
-69
-215
-496
-765
-885
-764
-592
-671
-646
-437
-207
-213
-444
-544
-425
-275
-71
236
553
526
-159
-1075
-2202
-3687
-5460
-7053
-8023
-8633
-9438
-10470
-10868
-10513
-9859
-9454
-9504
-9342
-8772
-7847
-6487
-5000
-3537
-2134
-811
525
1682
2286
2519
2920
3403
3837
3941
3921
4139
4364
4409
4114
3693
3228
2849
2441
2171
1944
1622
1436
1444
1748
1857
1809
1748
1940
2316
2511
2663
2887
3328
3738
4100
4355
4447
4378
4085
3870
3664
3447
3200
3045
2974
2941
2794
2694
2788
2675
2439
1926
1540
1296
999
611
123
-251
-572
-720
-926
-961
-1068
-1303
-1432
-1470
-1200
-983
-817
-765
-670
-553
-415
-139
109
378
490
729
1223
1579
1415
347
-953
-2422
-3941
-5352
-6800
-7590
-8351
-9070
-9791
-10091
-9812
-9521
-9374
-9559
-9365
-8867
-7794
-6215
-4581
-2948
-1724
-534
693
1717
2286
2572
3052
3662
4248
4515
4817
5213
5420
5334
4885
4468
3933
3380
2855
2523
2347
1974
1720
1547
1540
1349
1082
1024
1204
1501
1597
1876
2383
3061
3592
3884
4023
3989
3823
3644
3609
3575
3385
3122
3033
3211
3315
3038
2574
2100
1792
1503
1171
749
255
-256
-626
-722
-774
-965
-1377
-1661
-1752
-1655
-1660
-1612
-1427
-1213
-879
-591
-112
263
499
612
776
1027
1272
1646
1897
2000
1527
419
-703
-2227
-3732
-5181
-6460
-7153
-8034
-8928
-9810
-10012
-9879
-9618
-9518
-9533
-8992
-8464
-7313
-5955
-4439
-2945
-1868
-714
504
1645
2297
2690
3077
3695
4379
4839
5372
5636
5663
5436
5004
4696
4225
3632
3078
2805
2587
2293
1826
1439
1273
981
799
697
872
1158
1393
1738
2261
2820
3190
3454
3562
3641
3588
3458
3456
3442
3411
3275
3186
3189
2993
2523
1925
1494
1198
910
563
229
-54
-405
-745
-1021
-1203
-1441
-1735
-1871
-1726
-1489
-1331
-1151
-952
-522
-244
8
230
351
550
585
1067
1521
2074
2252
2027
1712
724
-347
-2191
-3821
-5149
-6052
-6463
-7326
-8152
-9281
-9583
-9357
-9002
-8940
-9492
-9387
-8797
-7403
-6026
-4859
-3566
-2349
-836
406
1521
2150
2507
2987
3591
4538
5133
5510
5591
5679
5777
5489
5026
4236
3600
3008
2642
2409
2092
1721
1163
834
601
613
571
531
685
955
1448
1944
2445
2781
3026
3202
3403
3662
3687
3629
3417
3333
3412
3379
3209
2797
2247
1650
1222
844
575
284
-84
-269
-457
-606
-885
-1251
-1468
-1504
-1457
-1378
-1221
-1045
-739
-456
-51
333
622
626
568
782
1088
1538
1774
2160
2344
2349
1569
242
-1222
-3020
-4147
-5355
-6025
-6662
-7643
-8435
-8980
-8953
-8973
-9053
-9504
-9503
-9012
-8255
-6967
-5805
-4491
-3128
-1941
-513
621
1432
1983
2503
3273
3994
4663
5048
5639
5928
6061
5820
5235
4701
3829
3189
2591
2343
2021
1643
1235
869
698
341
236
134
308
545
800
1266
1679
2150
2483
2859
3272
3589
3770
3762
3828
3826
3896
3889
3771
3566
2941
2261
1529
1051
773
451
132
-155
-336
-580
-829
-1118
-1320
-1463
-1653
-1615
-1321
-1003
-702
-548
-136
343
865
1038
1059
1119
1067
1468
1917
2656
2876
2581
1426
124
-1507
-3317
-4389
-5442
-5617
-6546
-7662
-8742
-9043
-8704
-8563
-8816
-9775
-9818
-9552
-8191
-6702
-5545
-4419
-3483
-2137
-656
559
1294
1784
2274
3084
4084
5018
5690
6045
5877
5863
5586
5269
4597
3560
2783
2122
2021
1827
1704
1146
569
-31
-362
-255
-287
-74
-19
440
1066
1747
2349
2615
2842
2976
3312
3695
4055
4272
4183
4275
4311
4348
4085
3343
2584
1780
1322
936
645
339
56
-205
-384
-477
-728
-1018
-1395
-1477
-1401
-1082
-846
-625
-289
86
630
1044
1235
1262
1153
1428
1895
2470
2856
2523
1986
537
-655
-2427
-3704
-4374
-5226
-5491
-7050
-8014
-9070
-9042
-8653
-8842
-9150
-10135
-9762
-9086
-7473
-6100
-5321
-4276
-3470
-2002
-723
241
998
1412
2291
3130
4368
5391
5992
6216
5682
5519
5046
4987
4440
3613
2794
2030
1892
1577
1446
650
-60
-735
-963
-737
-703
-543
-508
17
864
1747
2400
2682
2864
3029
3482
4020
4450
4689
4646
4763
4835
4790
4354
3582
2892
2341
1930
1509
1113
620
236
-67
-172
-199
-474
-930
-1215
-1107
-720
-435
-437
-202
131
662
991
1030
1087
1043
1338
1645
2301
2485
2223
1478
36
-1122
-3169
-4353
-4954
-4993
-4973
-6628
-8316
-9684
-9225
-8442
-8260
-9036
-10280
-9963
-9031
-7055
-5639
-5060
-4345
-3794
-2190
-686
320
786
906
1722
2782
4204
5125
5836
5888
5454
5111
4511
4441
3917
3160
2393
1807
1665
1493
1080
301
-424
-1085
-1177
-933
-807
-699
-854
-510
420
1494
2417
2780
2978
3258
3800
4332
4815
4943
4891
4935
4940
5117
4874
4235
3412
2744
2387
2257
1975
1451
874
304
156
73
-132
-389
-760
-689
-318
148
496
538
589
674
973
1107
1182
1011
940
1280
1740
2067
1844
605
-1213
-3292
-5081
-5291
-5066
-4609
-5725
-7898
-9660
-9921
-8538
-7819
-7955
-9632
-10193
-9383
-7548
-5445
-4857
-4464
-4168
-2914
-1096
334
1020
956
1173
1789
3171
4382
4975
5217
4681
4473
4148
3942
3693
2990
2322
1618
1447
1184
939
88
-815
-1293
-1456
-922
-764
-702
-844
-766
-70
907
1912
2430
2724
2976
3607
4355
4845
5221
5127
5177
5213
5146
5084
4504
3846
3157
2737
2634
2605
2309
1835
1287
721
529
308
127
-40
-303
-132
402
1004
1608
1627
1502
1329
1425
1630
1711
1664
1325
1598
1476
1723
816
-1004
-3309
-5933
-6200
-5877
-4627
-5462
-8127
-10689
-11741
-9839
-8299
-7800
-9596
-10873
-10260
-8293
-5598
-4705
-4447
-4348
-3454
-1363
358
1495
1595
1515
2160
3306
4765
5218
5144
4414
3881
3711
3373
3334
2518
1923
1254
938
925
507
-201
-1415
-2027
-2071
-1250
-629
-562
-731
-938
-237
755
1825
2422
2566
2815
3443
4392
5112
5407
5308
5366
5644
5890
5733
4919
4045
3367
3106
3172
3136
2855
2269
1737
1303
1216
989
648
356
22
376
763
1354
1808
1916
2102
2106
2293
2223
1996
1947
1849
2370
2446
1910
983
-1033
-2846
-5343
-6521
-6345
-5626
-5280
-7642
-10202
-12195
-11206
-9308
-8628
-9319
-11191
-10925
-9360
-6795
-5083
-4841
-4600
-4041
-2184
-311
871
1283
1235
2092
3265
4851
5654
5337
4690
3877
3783
3492
3225
2400
1543
1069
762
782
212
-562
-1747
-2524
-2496
-1785
-979
-875
-1037
-1118
-440
650
1648
2332
2574
2951
3590
4465
5236
5477
5412
5346
5644
5987
5968
5271
4284
3661
3415
3553
3491
3169
2621
2074
1753
1684
1557
1232
962
803
1291
1923
2414
2625
2433
2384
2643
2852
2874
2622
2386
2466
2937
3175
2600
1059
-1619
-4171
-6491
-6849
-5984
-5450
-6368
-9554
-12252
-13121
-11369
-9612
-9387
-10839
-12036
-11062
-8905
-6462
-5577
-5416
-4838
-3297
-1131
566
1208
1257
1612
2721
4327
5586
5953
5227
4200
3624
3525
3423
2866
1741
654
130
28
-116
-778
-2031
-3140
-3551
-2977
-1782
-1088
-1041
-1369
-1231
-183
1243
2333
2801
3054
3616
4689
5804
6396
6327
6015
6062
6457
6701
6292
5156
3947
3366
3448
3714
3605
2919
2083
1453
1284
1430
1375
1128
809
967
1697
2716
3281
3286
3043
3072
3527
3729
3651
3224
3144
3310
3681
3455
2743
1146
-1495
-4713
-7375
-7374
-5964
-4788
-6941
-11332
-15007
-14992
-11943
-9731
-10021
-12641
-13581
-11995
-8641
-6174
-5919
-6312
-5791
-3492
-544
1446
1854
1579
1958
3505
5557
6923
6743
5602
4023
3468
3488
3627
3198
1778
314
-659
-675
-875
-1515
-3045
-4398
-4754
-3897
-2325
-1494
-1532
-2037
-1848
-536
1320
2605
2860
2831
3489
5032
6623
7338
7125
6549
6656
7283
7692
7237
5767
4303
3529
3704
4108
4006
3059
1835
1030
881
1148
1038
748
413
600
1492
2370
2875
2848
3022
3622
4265
4676
4300
3848
3792
4316
5011
4965
4313
2334
-278
-4137
-6857
-6491
-4795
-3204
-6096
-11591
-16012
-16016
-12441
-9995
-10785
-14208
-15253
-13439
-9793
-7233
-7490
-8088
-7547
-4757
-1226
741
999
554
1176
3292
6021
7861
7674
6500
4832
4062
4062
4378
4249
2837
1190
-222
-578
-875
-1754
-3426
-5203
-5762
-4887
-3309
-2488
-2788
-3516
-3319
-1775
350
1849
2101
1921
2710
4561
6519
7468
7249
6806
7082
8008
8656
8140
6574
5268
4770
5020
5272
4837
3658
2412
1659
1429
1450
1026
539
245
416
1192
1904
2307
2367
2623
3229
3868
4356
4322
4261
4310
4634
5076
5289
5187
4081
2026
-1483
-5379
-6601
-5264
-3072
-3330
-7999
-13689
-16549
-14669
-11290
-10131
-12400
-15173
-14903
-12496
-9139
-8131
-8708
-8732
-7216
-3868
-1090
178
9
83
1430
3919
6528
7623
7248
5991
4901
4523
4285
4604
4120
2912
1591
263
-356
-1251
-2486
-4256
-5344
-5344
-4141
-2954
-2968
-3405
-4000
-3320
-1712
30
1148
1519
1952
3166
5019
6366
6889
6846
7021
7828
8592
8633
7672
6302
5701
5803
6001
5862
5006
3789
2952
2493
2201
1752
1145
827
939
1314
1774
2104
2036
2154
2560
3209
3887
4081
3950
3813
4213
4740
5408
5336
4348
3013
1167
-1507
-4889
-5795
-5141
-3391
-3749
-8417
-13577
-16549
-14380
-11044
-9810
-12142
-14928
-14803
-12621
-9250
-8467
-8797
-8806
-7445
-4292
-1775
-624
-534
-212
1270
3562
5964
6913
6503
5379
4573
4523
4290
4742
4133
3180
2123
861
-90
-1362
-2596
-4059
-4548
-4480
-3410
-2620
-2730
-3125
-3700
-3137
-1786
-141
1114
1841
2210
3076
4426
5625
6472
6894
7234
7702
8063
8062
7390
6494
6175
6016
6011
5872
5237
4218
3353
2742
2458
2267
1813
1575
1293
1457
1956
2339
2587
2611
2609
3075
3811
4110
4138
3785
3798
4101
4569
4922
4670
3422
1509
-2244
-6696
-6819
-4503
-1299
-2076
-8852
-15668
-17687
-13336
-8491
-7926
-12656
-16346
-15391
-11500
-7518
-8004
-9748
-9972
-7837
-3753
-1154
-829
-1639
-1592
228
3227
6071
6739
5828
4022
3606
4522
4957
5083
3577
2368
1751
1665
1114
-554
-2614
-4456
-4511
-3658
-2026
-1587
-2492
-3699
-4226
-2973
-1066
556
1172
1287
1621
2851
4374
5385
5819
5962
6612
7539
8091
7986
6954
6029
6024
6478
6798
6490
5556
4240
3457
3247
3504
3482
2636
1810
1403
1864
2664
3072
2697
2170
2093
2805
4012
4264
3927
3024
2652
3281
4071
4661
4419
2934
827
-1931
-6201
-7005
-4913
-2460
-1902
-7265
-14000
-16966
-14166
-9417
-7452
-10668
-14873
-15055
-12493
-8511
-7437
-8912
-9254
-8083
-5075
-2070
-1388
-1789
-1890
-828
1724
4552
5935
5573
4229
3030
3620
4346
4615
4516
2838
1797
1363
824
181
-1429
-3083
-3896
-3141
-2018
-1069
-1783
-3303
-3633
-3020
-832
754
1390
1340
1267
2163
3650
5036
5597
5758
5912
6509
7108
7391
7138
6293
5845
6126
6404
6523
6032
4848
3882
3506
3832
4056
3510
2390
1791
2125
2879
3529
3237
2505
2087
2659
3820
4437
3907
2914
2260
2628
3912
4350
4412
2791
741
-866
-4391
-6514
-5777
-3906
-2283
-4822
-11170
-15674
-15199
-10923
-7337
-8525
-13230
-15108
-13617
-9891
-7095
-8293
-9076
-8843
-6437
-3145
-1798
-2095
-2650
-1837
126
3178
4851
5033
3969
2669
2960
3772
4538
4583
3475
1873
1156
781
485
-397
-1995
-2798
-2832
-2030
-1222
-1423
-2457
-3005
-2649
-1168
522
1253
1470
1154
1516
2897
4395
5422
5670
5449
5534
6066
6724
7000
6507
5851
5731
6120
6348
6137
5207
4245
3857
4061
4478
4134
3193
2127
1860
2599
3558
4085
3776
2872
2271
2743
3601
4066
4247
3342
2441
2691
2697
3078
3462
2392
784
-1698
-6560
-8189
-6038
-3158
-1233
-6198
-13460
-16960
-14267
-8570
-6071
-9579
-14944
-15201
-12396
-7663
-6397
-8932
-9804
-8726
-5094
-1833
-1412
-2591
-3196
-2074
794
3876
5010
4420
2910
1896
3095
4280
4838
4264
2029
1145
1262
1631
1232
-488
-2354
-3052
-2250
-1169
-273
-1175
-2395
-2816
-2224
-113
1203
1528
1016
762
1865
3742
5089
5248
4937
4760
5586
6638
7170
6852
5743
5249
5763
6511
6839
6147
4828
3993
4061
4649
4711
3741
2376
1872
2439
3582
4206
3477
2603
2279
2629
3345
3573
3356
3161
3031
2878
2823
2311
2584
3006
2162
798
-2561
-6743
-7821
-5362
-2459
-2019
-7031
-13982
-16127
-13016
-7885
-6586
-10626
-15010
-15004
-11397
-7601
-7173
-9494
-10062
-8237
-4837
-2149
-2173
-3373
-3515
-1850
1192
3991
4813
3951
2567
2158
3297
4664
5077
4002
2501
1784
1818
1952
1158
-447
-1980
-2399
-1786
-805
-493
-1357
-2410
-2870
-1883
-148
966
1152
604
492
1711
3552
4791
5116
4810
4675
5366
6429
7204
6933
5889
5408
5767
6653
7176
6564
5302
4313
4082
4429
4542
3765
2853
2339
2508
3339
3572
3027
2233
1768
2250
3197
3693
3405
2868
2175
1963
2223
2243
2686
3104
2851
1224
-1622
-6037
-8466
-6248
-2850
-406
-3963
-11429
-16202
-15114
-9607
-6189
-7938
-13139
-15202
-13264
-9578
-7386
-8977
-10031
-9093
-6276
-3105
-2376
-3515
-4350
-3260
-230
3225
5044
4480
3088
1998
2751
4399
5098
5160
3523
2628
2416
2305
2117
640
-781
-1898
-1360
-654
28
-653
-2317
-2928
-2777
-691
867
1329
624
-76
647
2475
4396
5006
4816
4279
4828
6173
7311
7436
6195
5383
5756
6905
7948
7422
5842
4415
3948
4499
5031
4677
3533
2546
2124
2609
3150
2801
1983
1574
1991
2668
3125
2685
1747
1603
1919
2415
2514
2106
2004
1925
1365
6
-3217
-7288
-7539
-4613
-1274
-1150
-7330
-14213
-16156
-12333
-7041
-5948
-10299
-14681
-14719
-11756
-8143
-7816
-9408
-9498
-8053
-5158
-3159
-3494
-4129
-3530
-1417
1802
4164
4431
3489
2293
2330
4081
5349
5730
4726
3042
2624
2569
2549
1711
188
-941
-1013
-512
-239
-468
-1930
-2826
-2575
-1199
556
999
432
-341
61
1843
3859
4737
4588
4240
4492
5816
7057
7357
6590
5831
6253
7326
7988
7523
6062
4902
4676
5083
5447
4899
3682
2559
2231
2564
3034
2767
1658
1207
1442
2244
2738
2152
1579
1183
1251
1719
1995
2110
2092
1925
898
-461
-2770
-6039
-6334
-4439
-1808
-1515
-6661
-12661
-15217
-12141
-7460
-6199
-9690
-14094
-14447
-11838
-8179
-7724
-9503
-9890
-8492
-5276
-3260
-3532
-4326
-3785
-1296
1705
3783
3912
3185
2609
2714
4153
5443
6084
5563
3945
2373
2008
2462
2491
1778
54
-1291
-1613
-1250
-865
-1350
-2333
-2683
-1856
-487
325
6
-684
-337
1342
3470
4679
4485
3892
4150
5566
6983
7707
7180
6279
6345
7090
7907
7695
6529
5297
4925
5114
5312
4934
3710
2682
2015
2011
2233
2146
1630
1055
999
1330
1859
2001
1683
1136
873
1192
1859
2229
2266
1920
1475
878
-302
-3220
-6148
-5570
-3263
-644
-2347
-8759
-14108
-14803
-10345
-6493
-6898
-11536
-14975
-14208
-11199
-8408
-8953
-10091
-9631
-7577
-4853
-3916
-4339
-4266
-2654
134
2753
4175
4103
3634
3263
3827
5334
6411
7090
6305
4659
3691
3049
2731
2361
1270
251
-245
-949
-1495
-2013
-2860
-2983
-2546
-1890
-1150
-1132
-1317
-1219
-441
1314
3044
3895
4077
4064
4511
5724
6944
7612
7637
7462
7593
7823
7781
7388
6758
6256
6106
5935
5159
3951
2680
1989
1974
2027
1931
999
-79
-645
-496
404
912
914
701
577
903
1453
1521
1162
1010
1179
2258
3467
2373
80
-3191
-6861
-6047
-2629
89
-670
-7135
-14009
-15892
-11843
-6492
-5335
-10224
-15607
-15997
-12880
-8679
-7902
-10049
-10691
-9235
-5987
-3267
-3123
-3834
-3378
-1176
2271
5260
6004
5257
4176
3836
5519
7381
8422
7860
5573
3864
3866
4637
4461
2353
-1224
-2470
-1108
359
230
-2726
-5534
-5795
-3470
-806
-26
-1368
-2998
-2493
17
3058
4128
3435
2888
3787
6188
8013
8128
7083
6621
7571
8783
9082
8334
7195
6345
6065
5900
5281
4169
2829
1972
1628
1550
1231
201
-919
-1694
-1675
-1017
-261
109
10
3
189
616
867
718
1045
1751
2512
3038
2715
1586
107
-1024
-3164
-4440
-3577
-2207
-1146
-4261
-9935
-13922
-13353
-9175
-6396
-8023
-13063
-15599
-14331
-10861
-8498
-9346
-10063
-9062
-6719
-4420
-3879
-4179
-3202
-605
2511
4859
5860
5504
5168
5191
6265
7918
8567
8640
7496
6141
5365
4865
4204
3529
2383
986
-67
-1615
-2151
-2395
-2760
-3117
-3419
-3368
-3165
-2641
-2550
-2088
-1356
134
1764
2509
2825
2965
3815
5201
6775
7440
7210
6863
6881
7364
7554
7280
6606
5947
5453
4969
4169
3075
1987
1125
726
543
166
-783
-1880
-2596
-2310
-1335
-702
-695
-1180
-1406
-925
505
1347
1284
596
132
1117
2105
2735
2834
1895
239
-845
-3348
-5028
-3331
-1314
-160
-3548
-9853
-13552
-12031
-7692
-5493
-8008
-13282
-14726
-12282
-8864
-7385
-9221
-10171
-8513
-5678
-3089
-2534
-3138
-2480
-164
2776
5241
6287
5813
5452
5528
6864
8761
9339
9082
7671
6312
6199
6510
6109
4592
2532
1229
1080
865
-52
-1977
-3750
-3814
-2862
-2107
-2474
-3708
-4306
-3710
-1956
-1
835
573
403
1141
2763
4429
5169
5310
5112
5318
6194
6614
6483
6116
5574
5221
4999
4614
3937
2889
1865
1228
661
76
-433
-1023
-1621
-1984
-2146
-2278
-2258
-2361
-2311
-2135
-1695
-772
-162
104
274
315
558
1121
1508
2038
3009
3929
3097
1211
-2614
-5709
-3416
420
3223
96
-7941
-13889
-13261
-6923
-2646
-4285
-10999
-14814
-12967
-8876
-5884
-7522
-9695
-8935
-5916
-2649
-1920
-3179
-3764
-1805
1950
5463
7215
6228
5120
5114
6710
9357
10435
10379
9030
7724
7265
7194
7153
6349
4992
2891
1421
818
276
-713
-2665
-4349
-4839
-3895
-2943
-3425
-4827
-6090
-5511
-3200
-910
-19
-695
-1433
-778
1265
3425
4546
4264
3813
4220
4944
5560
5614
5096
4865
5054
5108
4579
3194
1639
691
477
615
344
-723
-2033
-2956
-3400
-3301
-3213
-3147
-3031
-2975
-2295
-1677
-1324
-725
-182
614
1375
2084
2289
2504
3070
3723
5046
4255
2885
288
-2954
-1739
1027
3527
1728
-4971
-10719
-11064
-6145
-2380
-3374
-9431
-13763
-12281
-8689
-5744
-6923
-9350
-8927
-6722
-3675
-2240
-2644
-2747
-1131
1812
4759
7088
6952
6311
6171
7003
9803
11314
11490
10115
7903
7038
7493
8337
7675
5585
2153
110
40
129
132
-2689
-5738
-6792
-6553
-5354
-5265
-6309
-7581
-7284
-5686
-3664
-2690
-3162
-2889
-1992
86
2110
2660
2455
2378
3447
4934
5830
5591
4851
4326
4243
4669
4468
3529
2184
1007
794
837
453
-750
-2420
-3332
-3071
-2331
-2090
-2511
-3244
-3315
-2421
-1132
116
420
602
1071
1791
2682
3494
4230
4444
4842
5271
6129
5657
4289
1579
-1952
-1084
2031
4680
2540
-4692
-11022
-11493
-6257
-2116
-3166
-9341
-13804
-12473
-8522
-5588
-6524
-8856
-8574
-6012
-2693
-974
-1408
-1695
-379
2487
5401
7847
8143
7182
6522
6913
9284
10895
11001
9547
7418
6542
6801
6853
5540
3335
877
-726
-1208
-1995
-2836
-4687
-7118
-7818
-7774
-7118
-7184
-8285
-9041
-8342
-6137
-4194
-3363
-3947
-3888
-2578
-338
1961
2668
2348
2076
2802
4151
5117
5128
4487
3981
3980
4249
4068
3090
2010
1174
850
915
709
119
-1115
-2003
-2052
-1643
-1427
-1577
-1687
-1643
-807
-85
553
1071
1344
2301
3322
4292
4817
4635
4521
4735
5519
6306
7042
6706
4890
2720
-942
-2129
456
3291
3829
-1316
-8602
-11859
-8691
-3278
-1604
-5620
-11515
-12536
-9458
-5931
-4772
-6747
-7470
-5608
-3092
-1275
-1542
-2203
-1298
1221
4087
6387
6970
5618
4602
4333
6074
8534
9353
8632
6338
4465
4040
4467
4443
3121
993
-1215
-2100
-2497
-3239
-4422
-6794
-7748
-7336
-6914
-6993
-8525
-9591
-9083
-6949
-5003
-4274
-4736
-5124
-3934
-2066
220
1403
1518
1603
2009
3093
4159
4835
4969
5072
5363
5652
5546
4725
3786
3166
3252
3722
3759
3042
1552
40
-597
-381
101
441
148
-503
-960
-1108
-583
318
1363
2094
2205
2490
2947
3484
3996
4123
4354
4916
5727
6166
6569
6132
4573
2941
-172
-908
1638
4174
4217
-1037
-7685
-10314
-6856
-2157
-1351
-5704
-11373
-11867
-8999
-6000
-5565
-7759
-8452
-6875
-4540
-3049
-3150
-3702
-2932
-627
1890
4070
4538
3370
2661
2895
5082
7298
7585
6340
4186
3370
3874
4572
3873
1919
-78
-1435
-1582
-2050
-3300
-5465
-7167
-7839
-7576
-6762
-7410
-8732
-9817
-9360
-7353
-5275
-4411
-4528
-4239
-3075
-669
1300
2389
2830
3124
4139
5334
6262
6825
7302
7457
7625
7516
6849
6143
5578
5544
5516
4963
3924
2522
1226
492
390
297
-114
-772
-1602
-1876
-1770
-1452
-1117
-927
-187
735
1688
2177
2301
2778
3677
5023
5948
6374
6083
5831
6033
6722
7663
6857
5023
1607
-980
205
2667
3687
-6
-6465
-10751
-9450
-5204
-3741
-6625
-12143
-14032
-11558
-8609
-7501
-9282
-10607
-9360
-6828
-4688
-3896
-4074
-3920
-2238
37
2312
3926
3648
3178
3177
4159
5906
6573
6379
5397
4338
3748
3656
3310
2268
832
-1038
-1906
-2204
-2811
-3915
-6123
-7745
-7386
-6302
-5775
-6283
-7498
-7764
-6276
-4175
-2539
-1907
-1818
-699
1155
2885
4006
4147
4433
5478
6671
7404
7626
7289
7013
7115
7061
6870
6335
5723
4951
3938
3329
2912
2142
1086
169
-429
-323
-150
-828
-1735
-2325
-2180
-1267
-212
331
434
577
920
1842
2919
3815
4590
4809
4955
5361
5501
5381
5285
5512
5917
6248
4980
2528
-40
-2523
-2015
-220
483
-1604
-6845
-11154
-11605
-8146
-5567
-6719
-11059
-14293
-12979
-9878
-7536
-8235
-10131
-9713
-7469
-4981
-3811
-3958
-4145
-3028
-565
1927
3653
3471
2465
2518
3732
5926
7041
6589
5201
4018
4191
4832
4887
3598
1986
698
227
323
-354
-2018
-3957
-4828
-4010
-2888
-3232
-4463
-5800
-5866
-4206
-2049
-848
-1053
-1502
-1323
226
2133
3359
3646
3491
3939
4936
5751
5868
5680
5639
6070
6546
6501
5934
5046
4190
3775
3730
3722
3303
2174
876
33
-248
-286
-432
-1020
-1576
-1754
-1544
-1296
-1200
-1027
-814
-296
266
999
1639
2043
2377
2605
3054
3381
3779
3969
3676
3532
3344
3648
3514
2154
582
-1732
-2975
-2256
-1196
-1439
-4279
-8262
-10704
-9763
-7413
-6615
-8587
-11878
-12718
-11105
-9040
-8018
-8601
-8732
-7442
-5622
-4240
-3652
-3116
-1783
514
2551
3883
4399
4289
4923
6091
7557
8421
7997
7342
6892
6579
6244
6001
5383
4376
3033
1478
497
-93
-747
-2029
-3707
-4801
-4483
-3825
-4198
-5194
-6101
-5789
-4339
-2840
-2022
-1886
-1850
-1252
157
1818
3210
3977
4180
4478
5004
5354
5610
5892
6293
6708
6606
5859
4845
4033
3747
3617
3104
2364
1343
83
-913
-1458
-1627
-1723
-2096
-2792
-3279
-3350
-3084
-2634
-2336
-1914
-1477
-902
-175
316
851
1340
1918
2486
2990
3458
3550
3458
3221
3113
3002
3035
3278
2329
792
-903
-2561
-2691
-2095
-1867
-3154
-5980
-8205
-8602
-7389
-6289
-6644
-8466
-9630
-8612
-6979
-5714
-5688
-6127
-5305
-3708
-1810
-670
-351
9
1007
2734
4430
5676
5612
5226
5255
5932
7199
7333
6601
5602
4776
4592
4494
3962
2947
1544
91
-667
-748
-957
-1703
-3417
-4786
-4413
-3647
-3123
-4017
-5394
-5258
-3827
-2059
-1478
-1891
-2476
-1748
-176
1492
2570
2291
2086
2174
3000
4082
4433
4116
3705
3789
4088
4309
3792
2948
2329
1951
1938
1733
1232
476
-497
-1104
-1306
-1316
-1368
-1681
-2208
-2611
-2597
-2319
-1810
-1538
-1457
-1332
-1208
-578
80
410
571
746
1455
2392
2886
2751
2400
2393
2914
3631
3828
3544
3344
2843
2125
1170
-122
-345
342
796
-102
-2652
-5024
-5557
-4426
-3376
-3698
-5513
-7065
-6916
-6013
-5187
-5062
-5291
-4938
-4105
-3042
-2150
-1757
-1490
-752
560
2152
3351
3506
3183
3410
4295
5399
5782
5379
4946
4623
4393
4054
3610
2981
2248
1318
277
-573
-1353
-2019
-3041
-4153
-4603
-4616
-4716
-5105
-5561
-5692
-5274
-4469
-3765
-3424
-3172
-2559
-1563
-445
669
1417
1926
2459
2936
3365
3782
4251
4745
5171
5182
4792
4198
3634
3431
3341
3070
2420
1466
567
-124
-680
-1226
-1772
-2281
-2544
-2712
-3132
-3580
-3600
-3204
-2552
-1955
-1736
-1496
-992
-78
968
1751
2463
3205
3957
4560
5051
5375
5785
6189
6348
6401
6127
5754
5499
4929
3897
2808
1426
432
190
-114
-873
-2767
-5214
-6682
-6524
-5714
-5475
-6639
-8481
-9116
-8569
-7485
-6585
-6281
-6020
-5455
-4711
-3680
-2604
-1731
-720
342
1488
2698
3424
3487
3491
3795
4476
5165
5185
4629
3748
2988
2597
2211
1615
779
-240
-1137
-1875
-2613
-3591
-4538
-4676
-4323
-4096
-4292
-4954
-5415
-5122
-4089
-2663
-1560
-1221
-1274
-1074
-360
1021
2386
3025
3243
3209
3413
3833
4176
4542
4786
4754
4491
4048
3441
3003
2641
2333
2148
1876
1337
451
-481
-1050
-1218
-1059
-790
-906
-1327
-1813
-2015
-1796
-1195
-463
121
522
639
836
1106
1517
2116
2707
3321
3743
3933
3901
3685
3682
4046
4500
4597
4080
3380
2883
2862
3071
2749
1695
352
-560
-1096
-1177
-1500
-2661
-3959
-5282
-5909
-5846
-5911
-6281
-7049
-7931
-8069
-7332
-6714
-6464
-6491
-6423
-5614
-4548
-3691
-3020
-2616
-1757
-477
525
1306
1888
2265
2681
3343
3934
4398
4372
3955
3700
3490
3386
3100
2426
1687
1134
554
-154
-960
-1755
-2264
-2537
-2676
-2681
-3054
-3731
-4112
-4058
-3092
-1904
-1322
-1420
-1658
-1210
-78
1401
2418
2869
2940
3106
3685
4313
4883
5098
5091
5052
4902
4660
4184
3633
3218
2925
2583
2067
1409
551
-256
-853
-1170
-1235
-1435
-1855
-2308
-2593
-2638
-2491
-2244
-1912
-1566
-1276
-1004
-707
-294
296
939
1581
2196
2663
3007
3242
3536
3861
4165
4422
4497
4427
4119
3628
3153
2855
2637
2079
1006
-141
-1050
-1744
-2347
-3102
-3916
-4740
-5500
-6317
-7033
-7314
-7305
-7192
-7423
-7697
-7643
-7176
-6328
-5576
-4999
-4443
-3623
-2636
-1694
-778
79
1011
1950
2869
3630
4052
4280
4463
4790
5174
5370
5176
4559
3875
3325
2911
2547
2086
1417
450
-639
-1560
-2095
-2271
-2442
-2787
-3221
-3415
-3286
-3171
-3012
-2713
-2251
-1519
-812
-288
123
472
982
1728
2455
2963
3151
3154
3294
3615
3840
3747
3484
3202
3040
2803
2313
1741
1221
796
440
55
-492
-1089
-1617
-1939
-2073
-2173
-2333
-2562
-2711
-2660
-2412
-2169
-1904
-1552
-1140
-730
-358
79
612
1237
1812
2251
2609
2861
3102
3407
3749
4088
4232
4121
3886
3584
3338
3135
3025
2867
2508
1922
911
-83
-833
-1210
-1478
-2104
-3001
-3978
-4663
-5173
-5566
-5962
-6255
-6172
-5961
-5879
-5949
-5919
-5483
-4641
-3656
-2760
-2117
-1541
-879
-48
874
1877
2790
3401
3867
4157
4470
4684
4747
4737
4609
4409
3959
3259
2408
1672
1125
564
-121
-1137
-2179
-2864
-3421
-3739
-3973
-4231
-4424
-4604
-4593
-4384
-3907
-3262
-2498
-1897
-1408
-745
-116
703
1609
2391
2979
3267
3498
3763
4045
4277
4328
4156
3829
3417
2856
2264
1741
1210
686
41
-653
-1288
-1867
-2249
-2558
-2872
-3062
-3125
-3079
-2885
-2622
-2412
-2227
-1802
-1080
-257
377
780
1161
1637
2385
3150
3660
3929
4070
4300
4619
4938
5038
4850
4528
4244
4101
3919
3605
3143
2485
1822
1280
800
362
-222
-1085
-1979
-2514
-2767
-3109
-3663
-4324
-4662
-4626
-4623
-4781
-5000
-4992
-4645
-4251
-4010
-3690
-3227
-2821
-2432
-2005
-1465
-851
-384
-36
315
732
1166
1426
1513
1621
1727
1682
1576
1425
1200
877
372
-37
-255
-513
-882
-1469
-2027
-2322
-2450
-2598
-2798
-2912
-2979
-2845
-2642
-2338
-2000
-1753
-1330
-874
-270
303
725
1134
1667
2325
2728
2906
2951
3110
3366
3516
3510
3178
2824
2626
2413
2186
1773
1243
780
445
250
-33
-443
-871
-1097
-1147
-1118
-1091
-1185
-1167
-967
-698
-411
-151
92
434
876
1322
1699
1936
2171
2536
2954
3328
3540
3541
3520
3562
3652
3698
3619
3442
3111
2788
2521
2295
1970
1487
985
503
109
-268
-674
-1190
-1641
-1941
-2352
-2855
-3233
-3567
-3754
-3896
-4101
-4238
-4518
-4683
-4709
-4499
-4158
-3868
-3811
-3884
-3528
-3103
-2616
-2220
-1965
-1608
-1274
-935
-637
-388
-179
78
247
329
452
461
346
267
188
181
122
-79
-290
-511
-671
-853
-911
-1030
-1016
-888
-972
-952
-970
-757
-312
107
293
380
613
947
1471
1812
2081
2307
2433
2538
2583
2629
2700
2739
2680
2585
2274
1877
1538
1324
1210
1070
764
333
-2
-221
-262
-338
-463
-574
-621
-538
-388
-245
-123
33
280
658
965
1140
1264
1436
1705
2020
2251
2326
2316
2248
2242
2243
2224
2104
1853
1624
1400
1183
919
663
439
186
-113
-442
-675
-867
-1035
-1204
-1405
-1490
-1544
-1659
-1795
-1903
-1896
-1840
-1787
-1804
-1923
-1990
-2105
-2146
-2091
-1953
-1791
-1939
-2203
-2416
-2322
-1972
-1749
-1797
-2071
-2127
-1895
-1573
-1363
-1375
-1396
-1283
-982
-654
-520
-508
-469
-288
2
259
387
375
363
406
492
623
749
853
827
686
629
657
707
712
674
637
603
554
417
357
436
524
517
403
339
370
478
602
682
705
709
717
697
754
840
890
896
867
819
736
655
615
670
713
719
647
495
362
328
416
543
611
573
481
403
429
455
488
527
586
674
682
619
525
524
613
741
809
754
639
525
518
585
634
616
559
473
346
223
100
-12
-60
-84
-146
-273
-424
-594
-801
-907
-873
-814
-839
-1027
-1257
-1365
-1291
-1096
-964
-1018
-1156
-1260
-1368
-1308
-1105
-898
-764
-876
-1034
-1073
-926
-730
-660
-664
-643
-560
-585
-629
-642
-657
-582
-547
-535
-586
-736
-832
-892
-842
-735
-684
-681
-639
-565
-628
-708
-655
-407
-131
-65
-135
-207
-101
140
306
364
344
350
408
545
659
686
628
529
609
723
755
693
606
580
609
659
660
685
685
674
709
755
780
785
819
913
1007
1046
1059
1086
1137
1200
1256
1268
1301
1345
1334
1268
1204
1155
1095
1023
950
873
789
666
514
409
313
246
155
50
-54
-159
-265
-371
-411
-472
-517
-536
-595
-649
-673
-644
-585
-543
-529
-537
-553
-498
-415
-366
-349
-337
-299
-236
-176
-220
-260
-248
-206
-121
-104
-139
-201
-292
-394
-432
-442
-518
-656
-860
-997
-1015
-1101
-1242
-1390
-1504
-1494
-1491
-1550
-1659
-1740
-1728
-1603
-1483
-1436
-1434
-1488
-1414
-1243
-1050
-927
-888
-805
-678
-517
-387
-299
-230
-124
34
167
270
309
304
358
453
581
667
692
729
766
832
892
942
1033
1126
1229
1317
1393
1459
1502
1597
1685
1797
1920
1990
1987
1908
1858
1865
1881
1853
1747
1596
1463
1324
1186
1004
839
695
529
367
176
30
-134
-273
-394
-490
-551
-646
-704
-780
-797
-785
-784
-752
-699
-625
-598
-594
-558
-466
-380
-324
-304
-315
-304
-255
-250
-267
-265
-286
-309
-327
-347
-401
-444
-495
-492
-497
-542
-577
-669
-671
-636
-600
-593
-594
-578
-564
-513
-491
-406
-336
-305
-268
-279
-264
-208
-155
-137
-145
-213
-307
-335
-334
-337
-388
-495
-571
-601
-615
-653
-753
-816
-835
-819
-768
-720
-680
-707
-684
-609
-470
-322
-246
-149
-35
152
316
417
498
618
821
959
1052
1136
1201
1257
1296
1316
1364
1420
1417
1350
1244
1162
1145
1106
1016
929
788
668
573
447
365
274
184
117
42
-19
-104
-195
-257
-264
-233
-204
-223
-299
-362
-365
-329
-281
-271
-301
-324
-337
-329
-328
-324
-297
-272
-261
-259
-273
-256
-227
-213
-198
-196
-174
-187
-215
-214
-185
-170
-197
-243
-273
-255
-220
-196
-168
-130
-123
-96
-73
-15
63
92
130
180
268
314
336
348
367
442
485
508
507
504
512
519
516
483
444
384
341
287
167
66
-16
-99
-173
-280
-392
-493
-563
-639
-702
-745
-802
-819
-846
-814
-739
-702
-673
-661
-589
-472
-351
-283
-225
-144
-55
68
128
161
160
158
259
347
342
286
227
174
198
208
174
132
51
-18
-76
-121
-165
-225
-282
-284
-282
-323
-355
-373
-366
-339
-297
-276
-262
-260
-250
-226
-192
-119
-59
-45
-41
-36
-40
-15
40
106
122
106
83
101
168
192
176
134
132
164
207
258
273
274
258
280
366
447
496
487
444
425
483
573
633
625
569
543
580
631
640
608
587
611
626
627
592
533
504
490
474
413
341
284
259
227
151
57
-31
-65
-74
-139
-237
-319
-355
-381
-443
-501
-556
-578
-617
-668
-696
-691
-668
-700
-711
-700
-683
-652
-627
-588
-548
-519
-494
-440
-361
-277
-214
-191
-150
-84
-19
36
55
76
104
121
144
138
121
107
97
99
74
25
-57
-105
-104
-106
-123
-175
-237
-281
-288
-281
-314
-336
-332
-323
-283
-267
-253
-236
-206
-136
-86
-43
-22
28
77
153
236
265
281
296
339
395
436
454
437
389
379
402
425
429
387
297
246
251
253
252
208
176
153
130
127
135
126
97
69
54
77
97
84
62
49
69
100
102
105
101
69
58
83
106
128
124
59
-12
-31
-52
-69
-105
-185
-256
-307
-327
-362
-427
-498
-534
-514
-504
-508
-543
-562
-522
-463
-378
-314
-272
-228
-187
-92
23
105
169
244
357
462
539
566
598
661
736
778
754
720
690
657
614
561
491
404
311
213
111
10
-51
-131
-218
-278
-320
-347
-382
-411
-423
-416
-384
-338
-307
-267
-216
-159
-113
-58
-1
31
88
137
168
153
132
118
121
128
77
18
-55
-119
-180
-243
-302
-341
-397
-472
-528
-589
-600
-601
-602
-593
-562
-528
-503
-459
-394
-308
-223
-141
-52
22
100
195
261
327
383
433
487
518
532
505
495
486
474
446
376
309
218
169
125
82
16
-78
-148
-226
-250
-256
-256
-269
-289
-290
-302
-266
-211
-159
-112
-54
18
79
142
207
273
353
439
497
539
573
603
626
636
648
655
644
605
541
469
403
348
289
217
135
48
-48
-137
-206
-257
-299
-339
-372
-426
-459
-470
-459
-424
-403
-397
-382
-330
-275
-223
-194
-167
-123
-76
-30
-13
-21
-16
7
34
39
-14
-86
-144
-164
-171
-208
-278
-352
-414
-477
-510
-534
-556
-574
-599
-603
-589
-551
-507
-474
-421
-337
-257
-177
-91
-6
71
136
219
312
398
452
489
518
535
569
582
582
591
587
566
511
450
417
383
361
317
244
193
159
138
118
90
65
55
58
65
99
123
150
189
217
266
315
346
379
408
432
451
469
491
504
479
440
404
368
355
329
261
181
103
34
-14
-65
-142
-234
-315
-366
-399
-448
-523
-586
-629
-643
-633
-630
-636
-663
-671
-643
-568
-511
-502
-507
-481
-395
-327
-293
-270
-239
-192
-158
-138
-124
-100
-84
-93
-81
-75
-85
-94
-115
-127
-146
-160
-179
-191
-191
-207
-215
-223
-201
-168
-151
-141
-128
-86
-42
0
46
89
134
175
216
250
282
320
346
381
404
400
400
394
394
386
375
356
321
267
220
187
161
145
128
86
27
-12
-20
-9
4
7
5
19
53
89
127
163
202
237
274
324
368
398
421
440
461
488
489
464
426
398
379
345
306
245
182
115
45
-21
-86
-157
-233
-294
-346
-376
-413
-448
-485
-509
-515
-502
-494
-484
-448
-421
-377
-344
-310
-264
-212
-165
-121
-71
-43
-19
-2
11
46
81
88
80
51
22
15
13
3
-14
-38
-66
-93
-118
-124
-116
-100
-92
-111
-131
-129
-93
-45
-19
-11
-1
43
79
103
99
101
129
160
198
205
205
175
148
137
134
136
106
68
16
-19
-43
-80
-122
-160
-183
-195
-226
-257
-284
-299
-292
-288
-267
-252
-235
-219
-199
-172
-148
-91
-44
0
43
75
116
155
191
226
258
288
313
318
325
322
320
309
299
284
258
228
186
165
137
109
71
30
8
-9
-27
-51
-59
-67
-74
-77
-68
-49
-47
-43
-28
-1
42
78
85
89
104
131
155
172
179
168
147
139
144
138
114
76
30
0
-8
-28
-66
-104
-136
-144
-139
-145
-163
-190
-192
-166
-136
-110
-104
-99
-82
-41
0
26
49
57
83
104
115
122
113
122
126
111
79
54
27
-5
-34
-67
-104
-141
-175
-214
-244
-262
-286
-313
-323
-323
-333
-337
-332
-317
-289
-267
-244
-229
-203
-163
-128
-84
-54
-21
19
53
91
107
126
159
195
215
218
229
245
254
261
262
263
273
285
281
264
257
257
259
267
267
259
234
212
208
206
202
193
167
148
129
110
100
90
74
51
34
15
3
-15
-45
-56
-78
-90
-103
-125
-136
-159
-178
-197
-209
-225
-236
-237
-244
-252
-274
-295
-300
-300
-294
-284
-293
-306
-311
-298
-281
-272
-269
-263
-247
-224
-206
-189
-169
-131
-105
-94
-73
-50
-14
13
25
43
64
96
118
129
136
134
144
154
170
179
165
151
149
152
152
142
133
129
117
109
101
101
101
98
90
94
118
125
125
118
120
140
164
182
193
202
209
224
256
280
290
289
288
308
327
343
342
331
329
333
332
327
305
272
248
231
215
206
175
129
89
55
31
8
-19
-60
-100
-139
-163
-181
-198
-217
-248
-280
-291
-293
-299
-309
-326
-336
-325
-317
-314
-315
-320
-315
-309
-310
-299
-298
-293
-291
-290
-284
-284
-280
-285
-275
-262
-257
-254
-251
-243
-232
-217
-196
-171
-152
-142
-126
-101
-73
-43
-9
21
54
88
111
125
143
168
201
236
248
250
241
247
250
257
253
234
222
204
188
166
145
123
103
81
63
50
25
1
-18
-23
-16
-17
-27
-26
-24
-4
5
15
33
58
87
111
124
132
156
175
202
225
225
221
213
217
224
223
210
179
154
129
117
91
55
35
5
-27
-56
-93
-116
-129
-144
-160
-187
-200
-202
-202
-201
-204
-199
-188
-174
-167
-168
-157
-139
-119
-110
-114
-110
-113
-109
-107
-112
-119
-122
-129
-148
-157
-168
-182
-192
-194
-198
-198
-203
-201
-202
-192
-177
-157
-132
-111
-77
-52
-22
13
50
91
131
170
195
226
257
287
308
325
341
355
360
358
346
330
327
315
301
280
254
218
187
167
144
122
97
70
48
34
17
-2
-17
-21
-15
-10
-5
-13
-14
-5
5
22
31
47
54
55
60
63
71
74
76
80
68
60
46
27
27
22
15
-12
-32
-49
-59
-70
-88
-103
-119
-127
-133
-136
-139
-143
-152
-158
-156
-146
-142
-143
-140
-134
-125
-117
-115
-117
-124
-119
-112
-110
-112
-122
-122
-124
-127
-140
-150
-151
-147
-150
-165
-177
-175
-166
-162
-163
-170
-173
-162
-145
-131
-120
-117
-110
-87
-64
-44
-31
-20
1
25
44
57
68
81
101
115
126
138
141
141
150
158
160
159
144
139
143
140
132
117
98
89
75
60
48
37
25
12
-5
-21
-32
-43
-48
-53
-61
-57
-62
-78
-81
-73
-57
-49
-48
-51
-47
-39
-25
-12
-4
6
10
16
24
33
36
38
38
43
53
56
52
44
38
44
54
61
60
51
40
44
62
78
78
74
75
82
94
102
106
113
115
119
124
130
133
131
122
117
117
119
112
94
77
59
52
52
40
20
-4
-27
-37
-41
-48
-61
-75
-88
-94
-95
-101
-105
-106
-102
-94
-93
-90
-87
-80
-68
-60
-51
-45
-27
-21
-13
-3
4
18
27
32
40
45
52
55
58
61
61
64
63
67
60
52
44
36
38
32
24
14
-4
-15
-21
-28
-39
-54
-71
-83
-86
-92
-100
-111
-123
-134
-140
-140
-137
-133
-138
-148
-149
-146
-137
-127
-127
-126
-125
-123
-113
-101
-98
-97
-99
-91
-81
-78
-80
-82
-80
-67
-68
-72
-72
-74
-69
-62
-57
-56
-57
-61
-54
-45
-35
-27
-26
-19
-13
-4
9
13
22
34
37
45
50
52
57
64
72
71
68
64
55
50
49
45
35
34
23
13
2
-12
-22
-25
-25
-23
-29
-39
-45
-41
-31
-26
-15
-9
-3
10
27
40
55
75
91
109
131
145
159
176
192
202
216
229
238
245
252
253
251
251
249
250
242
233
220
210
204
201
187
165
146
137
124
114
102
85
70
59
51
41
32
16
3
-4
-8
-11
-22
-33
-40
-50
-57
-62
-68
-73
-85
-98
-109
-121
-122
-132
-144
-153
-168
-175
-182
-191
-201
-211
-215
-216
-221
-220
-219
-224
-217
-206
-206
-195
-181
-172
-157
-148
-135
-112
-98
-79
-67
-62
-47
-31
-16
-8
-9
-8
0
0
4
-2
-13
-18
-29
-42
-48
-53
-64
-79
-92
-99
-108
-111
-117
-126
-124
-114
-114
-109
-104
-92
-77
-60
-42
-32
-15
5
27
46
62
74
92
112
125
137
141
143
154
157
161
163
158
154
143
134
125
118
116
108
94
81
65
57
51
46
35
23
18
16
10
6
-2
-11
-14
-9
-7
-13
-21
-25
-29
-27
-24
-27
-37
-41
-45
-50
-52
-52
-59
-65
-68
-74
-76
-82
-87
-90
-90
-88
-88
-87
-85
-90
-85
-79
-68
-53
-50
-45
-33
-20
-2
13
28
41
54
75
88
102
121
138
148
163
171
181
192
201
207
206
212
214
211
207
199
192
192
184
171
160
149
137
126
113
105
92
80
71
61
57
48
38
33
24
25
24
20
18
15
14
13
15
13
11
10
8
8
7
1
-5
-12
-11
-12
-24
-32
-40
-49
-53
-59
-68
-78
-89
-88
-93
-104
-110
-116
-123
-119
-121
-126
-132
-134
-131
-129
-127
-129
-136
-131
-127
-130
-131
-135
-132
-128
-131
-132
-138
-146
-146
-147
-146
-147
-151
-160
-166
-165
-158
-159
-164
-165
-164
-162
-154
-147
-145
-140
-135
-128
-117
-102
-93
-85
-73
-65
-51
-39
-24
-9
2
15
25
35
50
60
70
82
91
102
108
114
120
127
132
138
140
142
139
140
141
140
140
137
132
128
120
116
109
104
101
95
91
85
79
73
67
63
65
65
62
58
54
58
58
62
62
64
70
69
71
72
71
79
79
81
81
78
80
79
75
73
73
69
66
60
55
53
47
48
44
37
33
29
27
31
30
28
26
25
26
27
30
30
33
33
34
34
32
32
30
26
27
25
20
11
0
-6
-17
-25
-28
-37
-54
-63
-78
-90
-101
-109
-116
-124
-131
-141
-148
-152
-152
-155
-156
-154
-146
-141
-138
-134
-130
-119
-103
-94
-86
-75
-68
-57
-47
-36
-27
-21
-13
-7
-4
1
5
6
4
6
7
5
3
-2
-4
-7
-6
-8
-13
-20
-19
-20
-19
-16
-16
-19
-17
-14
-12
-7
-5
-1
1
11
13
13
16
21
25
27
31
31
31
31
34
33
36
36
34
32
31
36
37
36
38
38
42
47
49
51
52
60
70
72
76
81
84
92
95
99
101
107
110
109
107
109
106
101
103
96
90
82
74
69
60
52
39
23
17
7
-4
-14
-28
-37
-47
-58
-64
-75
-83
-87
-91
-98
-104
-106
-110
-108
-106
-106
-111
-109
-104
-98
-97
-90
-87
-83
-76
-72
-67
-59
-52
-45
-38
-33
-29
-25
-17
-9
-5
1
6
8
14
18
25
27
31
37
36
39
43
45
46
49
50
54
53
54
51
49
51
52
51
50
47
43
39
36
34
30
29
24
18
12
6
3
-1
-4
-6
-12
-20
-21
-23
-27
-27
-29
-32
-32
-31
-28
-29
-25
-20
-21
-18
-11
-7
-2
3
7
11
17
22
22
29
33
34
37
36
38
39
37
36
35
31
25
22
21
15
6
1
-6
-8
-12
-20
-29
-36
-36
-40
-46
-46
-50
-54
-52
-56
-55
-52
-53
-51
-48
-44
-40
-42
-36
-29
-26
-20
-13
-10
-7
-4
4
10
17
21
27
32
32
42
48
48
55
59
67
72
73
76
80
81
87
92
94
95
93
96
96
97
95
96
93
87
86
82
72
69
64
58
54
40
33
25
13
6
2
-9
-20
-31
-39
-45
-54
-62
-65
-71
-80
-81
-86
-93
-92
-95
-94
-93
-97
-92
-94
-94
-88
-84
-81
-76
-75
-69
-64
-63
-58
-52
-48
-46
-39
-36
-34
-30
-31
-27
-19
-23
-18
-14
-19
-17
-13
-16
-16
-15
-13
-12
-15
-16
-14
-16
-15
-15
-18
-15
-14
-16
-13
-11
-17
-11
-8
-7
-3
0
0
5
5
10
18
18
24
30
31
35
41
44
50
54
56
61
67
65
71
75
78
81
82
84
87
87
90
93
92
96
96
96
98
99
99
104
103
100
104
101
101
103
102
98
98
93
92
89
85
81
76
70
63
53
46
41
34
24
17
7
-6
-11
-20
-30
-36
-42
-53
-57
-64
-65
-71
-77
-75
-78
-78
-75
-76
-78
-70
-68
-63
-60
-57
-51
-46
-41
-37
-31
-32
-26
-19
-22
-19
-15
-16
-15
-14
-17
-19
-21
-23
-25
-28
-30
-33
-38
-40
-42
-44
-46
-46
-51
-51
-49
-49
-51
-48
-48
-43
-44
-42
-36
-38
-35
-27
-26
-26
-22
-20
-16
-15
-11
-10
-10
-10
-7
-6
-9
-5
-4
-4
-1
-2
-3
4
2
2
9
9
11
13
18
23
25
28
33
35
37
43
48
48
50
54
55
58
55
57
56
53
53
53
47
43
39
34
31
25
17
14
8
2
-3
-6
-13
-16
-23
-24
-27
-31
-31
-29
-32
-33
-28
-29
-30
-23
-20
-19
-11
-10
-5
-1
3
8
11
15
21
20
27
31
28
35
36
33
38
39
37
39
38
35
36
36
33
36
33
29
29
29
24
25
26
23
22
23
18
18
18
17
17
16
16
13
11
11
9
10
10
5
3
5
0
0
-1
-3
-5
-5
-8
-8
-7
-14
-9
-8
-13
-10
-9
-11
-8
-7
-4
-1
-3
2
3
5
6
9
10
13
16
17
16
18
19
19
21
21
23
18
16
17
13
15
13
6
7
5
-3
-1
-4
-9
-9
-13
-15
-19
-22
-23
-24
-25
-29
-30
-31
-34
-35
-33
-35
-35
-35
-34
-35
-37
-35
-36
-35
-32
-32
-32
-29
-33
-32
-29
-29
-30
-26
-25
-27
-28
-27
-26
-30
-28
-24
-27
-29
-27
-31
-30
-29
-34
-31
-31
-37
-36
-33
-38
-39
-38
-37
-39
-39
-40
-38
-37
-39
-36
-34
-33
-32
-30
-25
-27
-26
-18
-19
-17
-10
-7
-7
-2
0
1
8
10
11
18
17
19
24
26
29
32
34
36
38
38
42
44
45
49
50
51
53
54
55
57
56
60
61
60
61
61
59
58
61
59
58
57
55
54
51
47
50
45
41
42
35
35
30
29
29
25
21
22
17
17
16
15
15
13
14
12
13
13
13
15
16
14
16
15
15
18
14
16
16
13
13
10
10
8
6
4
0
-4
-6
-12
-15
-15
-21
-25
-28
-31
-36
-38
-40
-43
-45
-48
-51
-51
-54
-56
-53
-54
-55
-51
-54
-54
-52
-53
-52
-49
-50
-47
-49
-46
-47
-48
-43
-45
-46
-43
-43
-44
-42
-44
-43
-44
-42
-43
-43
-41
-41
-41
-38
-37
-37
-35
-35
-31
-31
-29
-25
-25
-24
-20
-20
-17
-16
-16
-11
-14
-12
-10
-10
-10
-11
-10
-10
-13
-11
-13
-12
-12
-15
-13
-14
-13
-12
-13
-10
-10
-11
-5
-3
-2
4
7
10
14
20
25
29
35
41
44
51
56
60
67
72
77
81
83
88
90
92
96
96
99
97
98
99
96
97
95
92
92
90
86
83
81
80
74
75
70
67
66
62
58
57
56
52
50
47
46
42
39
38
35
32
31
26
24
20
15
15
10
7
3
-2
-5
-8
-13
-15
-20
-24
-27
-30
-33
-37
-37
-43
-43
-44
-48
-50
-49
-51
-51
-53
-53
-54
-54
-55
-56
-54
-56
-57
-54
-57
-57
-56
-60
-59
-62
-62
-64
-65
-66
-68
-71
-71
-74
-77
-77
-81
-80
-81
-83
-84
-82
-84
-84
-83
-82
-82
-78
-77
-76
-72
-71
-67
-65
-61
-58
-53
-50
-46
-42
-39
-36
-32
-29
-23
-24
-19
-14
-15
-12
-7
-6
-4
-3
1
2
2
5
6
9
10
12
15
15
17
18
21
26
23
28
31
30
35
35
37
40
40
43
44
46
46
47
51
46
50
53
48
51
51
49
50
49
51
48
47
50
47
47
46
44
47
46
45
46
47
45
46
49
47
47
52
50
49
53
53
52
54
55
55
54
56
55
55
55
54
54
54
52
49
51
49
45
45
45
40
39
37
35
34
31
29
27
25
21
21
19
15
13
13
11
8
6
6
1
-1
0
-4
-5
-7
-11
-12
-15
-18
-19
-18
-25
-27
-25
-30
-34
-32
-35
-37
-39
-39
-40
-45
-43
-44
-46
-44
-45
-47
-45
-46
-46
-47
-45
-44
-46
-44
-45
-45
-43
-45
-42
-43
-46
-41
-44
-47
-44
-44
-48
-47
-46
-48
-51
-51
-51
-54
-55
-54
-55
-56
-57
-59
-57
-59
-59
-59
-57
-58
-60
-57
-56
-57
-55
-53
-52
-52
-49
-46
-48
-44
-42
-42
-39
-37
-36
-34
-29
-30
-29
-24
-24
-21
-19
-17
-13
-15
-10
-5
-9
-2
0
2
4
5
11
11
12
18
19
21
24
25
27
28
33
33
32
38
35
35
40
39
39
41
39
41
40
39
40
41
39
39
41
40
38
39
39
41
39
40
42
43
42
43
46
45
45
47
49
49
51
53
54
54
55
58
58
58
60
61
61
57
60
61
58
56
59
55
53
52
52
49
46
45
43
39
38
35
33
29
27
25
22
19
17
15
9
8
6
2
0
-2
-5
-8
-11
-13
-16
-18
-20
-24
-24
-30
-30
-34
-36
-35
-42
-43
-43
-48
-50
-49
-52
-54
-56
-54
-58
-61
-58
-60
-61
-62
-60
-60
-63
-62
-60
-62
-59
-60
-60
-58
-59
-56
-54
-56
-54
-53
-53
-51
-51
-49
-50
-48
-48
-46
-46
-46
-44
-42
-44
-43
-40
-42
-41
-40
-38
-37
-37
-37
-33
-34
-32
-30
-29
-27
-26
-23
-22
-18
-18
-15
-15
