SAMPLES:	14418
BITSPERSAMPLE:	16
CHANNELS:	1
SAMPLERATE:	16000
NORMALIZED:	FALSE
-2
-6
-17
-9
-14
-11
-15
-21
-10
-10
-9
-11
-15
-9
-6
-18
-7
-3
-23
-12
-5
-18
-7
-15
-9
-5
-1
3
-4
-4
-17
-8
0
-12
-3
-9
-14
-11
-19
-10
-3
-4
-1
-3
-4
-11
-11
-5
2
-6
0
18
5
-1
8
14
16
7
3
8
14
9
7
5
-3
7
9
7
10
13
6
1
-3
3
1
-6
-2
5
14
9
-5
3
-1
2
-1
-1
9
-3
2
1
2
5
9
8
15
6
5
3
10
17
22
19
2
-7
-10
1
-1
-2
-15
-18
-15
-10
-7
8
3
-16
-15
-5
-9
-16
-2
-2
-4
-9
-3
-1
-3
6
16
13
5
3
0
0
-2
-2
2
-8
-10
-5
-9
1
-16
-8
-9
-24
-8
-14
-16
-18
-18
-23
-18
-5
-13
-17
-17
-14
-14
-11
-2
-5
-11
-6
-8
-9
-12
-9
-6
-7
-14
-9
-15
-17
-21
-21
-6
-15
-18
-24
-15
-7
-13
-18
-18
-11
13
1
-9
-1
-7
3
-7
-10
-4
-2
4
-2
-8
-6
-14
-20
-22
-13
-16
-14
-16
-13
-7
0
5
-5
0
-5
-8
-12
-25
-22
-6
-15
-11
-8
-14
-10
-15
0
-16
-15
-1
-4
-5
1
-1
-2
2
-2
11
0
-14
2
-10
-5
3
4
2
-2
9
-2
0
13
14
10
-4
-8
3
-1
-12
3
-8
-4
5
-4
-7
-5
3
-1
3
-11
-19
-9
-15
-2
-6
-10
2
-19
-10
6
2
-5
0
6
-2
3
6
5
-3
-7
6
-3
-7
5
4
2
6
4
-1
-1
-4
-13
0
-1
4
11
3
10
-2
-9
-5
-4
-9
5
-8
-1
6
-3
-7
-12
-13
-8
0
-5
5
2
0
0
-3
-1
4
22
13
7
7
-1
5
-5
0
1
1
-12
-6
19
-3
5
4
-1
-13
0
-4
-12
-5
-11
-8
-19
-16
-5
-2
-16
-7
-3
-5
-1
-4
-7
-3
5
8
1
-3
-3
-12
-9
-3
4
-3
-9
2
-3
-9
-8
-9
-4
-9
-8
2
1
-3
-1
0
3
-6
-7
-2
-7
-2
2
-8
-3
0
1
0
3
10
12
15
5
1
9
8
12
18
5
9
11
15
8
7
14
16
11
10
10
3
5
14
20
18
17
6
11
11
2
8
5
13
7
13
10
4
5
1
11
7
11
21
12
8
14
12
26
23
25
11
19
21
1
15
8
12
1
-5
-7
4
0
-4
6
-11
-6
-10
-16
-1
-14
-5
2
-8
-3
-6
-2
-4
-6
-5
-7
-6
-6
-14
-2
5
6
-3
-1
1
-3
0
-7
-10
-13
-3
5
0
-9
1
-10
-15
-13
-18
-5
-1
6
15
5
1
3
2
6
-11
-6
1
-12
4
2
-2
6
6
7
5
7
8
5
11
14
6
7
19
9
9
12
23
20
4
11
-4
-2
-1
5
6
-5
2
-1
13
13
11
19
7
8
18
9
3
11
9
13
9
10
5
7
10
9
12
6
8
10
10
13
5
9
11
10
5
-2
3
-1
3
-2
-7
-1
3
0
2
0
7
4
-4
2
11
7
5
11
6
6
11
10
1
-2
11
-3
15
14
9
15
-1
8
3
13
-3
11
1
-2
0
3
10
-2
16
3
2
4
12
11
9
4
4
5
-5
8
4
4
8
10
11
9
14
1
10
8
2
5
6
14
0
16
4
7
7
2
12
16
21
18
17
16
9
6
20
18
14
14
5
2
-4
-8
-7
3
7
-2
-13
-13
3
-12
-7
-11
-15
-12
-6
-12
-10
-1
-17
-7
-8
-2
-14
-9
-2
-13
-6
-11
-8
-10
-5
-3
2
2
2
-3
-6
-5
-12
5
-8
0
0
-3
13
18
10
2
13
4
6
8
-13
8
14
3
12
10
3
-5
2
4
3
3
8
17
7
3
13
2
5
17
3
7
10
6
11
5
3
15
11
2
8
13
13
2
2
0
8
11
0
-4
6
1
0
11
2
11
-8
-5
3
5
-2
0
7
4
2
-15
-4
-5
-6
5
-3
-3
12
6
6
1
-8
0
-12
-11
-18
-5
-2
-2
0
-4
-10
-11
-3
-22
-17
-13
-8
-9
-7
-12
-8
1
-1
4
0
-4
-5
-1
-7
-15
-18
-14
-6
-12
2
3
-3
7
2
-4
2
-1
2
6
-7
11
9
-8
-3
-9
-15
4
4
-6
6
-1
2
11
13
7
4
11
5
4
-9
-12
-5
-5
2
-7
-8
-6
-5
3
-5
0
-12
-9
4
0
2
3
4
0
6
7
9
9
20
15
-2
-11
9
5
-12
1
-9
-16
-21
-23
-24
-15
-22
-14
-10
-12
-13
-11
-16
-14
-6
-11
-10
-15
-9
-7
-7
-8
-14
-3
6
2
-6
-2
8
-1
-6
-11
-3
-3
-2
5
-6
1
-11
9
-2
0
16
2
13
4
1
4
-7
-14
-4
-3
-13
-21
-29
-14
-11
-9
-10
-19
-12
-19
-17
-11
-10
-9
-4
-3
2
-8
-2
12
2
2
-9
-11
-5
-15
-29
-19
-18
-19
-23
-27
-21
-20
-17
-18
-11
-14
-10
-10
-10
-10
1
8
4
-3
-22
-8
-1
-6
3
-2
7
5
3
1
8
13
2
12
11
12
2
10
13
4
9
7
13
5
-2
6
9
12
1
6
-9
-8
8
-11
-5
1
-6
-15
-2
9
7
-7
-6
0
1
2
2
10
-1
-3
-4
-8
-8
-3
-11
-12
-4
-13
-3
-10
-1
-4
-10
2
-7
-13
-8
1
-1
-3
10
2
-10
7
7
0
1
-4
-12
3
2
-5
-1
4
-3
-10
-6
-2
-1
-4
7
10
0
-4
2
7
6
13
8
-2
5
1
-8
3
7
-4
-11
-18
-8
-1
-10
-2
-10
-16
-14
-18
-10
-6
-5
-5
-5
-7
-19
-15
-8
-14
-9
-9
-10
-8
-15
-9
-7
-4
-5
-5
-1
9
10
7
11
-2
1
4
11
9
3
14
12
15
13
2
-2
0
0
-5
3
-4
-10
-2
-4
8
7
19
20
8
12
22
4
12
15
7
26
15
4
6
2
2
9
2
0
5
8
6
-1
10
3
-5
-3
-5
16
4
-3
8
8
23
7
2
4
6
9
5
9
5
11
17
6
6
6
5
14
6
11
4
4
7
1
-6
1
5
-9
-9
-15
-14
-11
-10
1
-2
-1
0
-1
2
-3
2
4
0
2
-4
-3
8
7
5
7
14
3
-4
1
-5
-5
2
-10
0
5
-1
12
3
6
7
9
9
7
4
3
9
3
6
6
2
-2
-6
1
-3
-2
3
3
6
14
9
4
12
9
6
2
4
7
19
21
6
6
0
-1
4
-6
1
1
1
5
2
0
10
4
0
-1
3
12
5
7
6
9
4
-2
-3
5
11
6
-1
5
-5
-5
4
3
6
12
1
-2
11
-2
7
8
7
15
4
3
7
10
12
1
-5
-12
-13
-3
-4
-11
-16
-6
-5
-6
-6
-8
-9
0
-2
11
-3
-2
6
4
16
7
3
2
4
-3
1
4
-5
3
10
12
9
6
10
1
1
7
4
0
-2
0
9
1
-1
-3
-5
2
0
-2
-4
1
1
-1
-3
-5
-10
4
-1
-17
3
8
-3
3
0
0
10
2
12
12
2
2
10
-1
-8
11
3
-1
-5
-1
9
-8
-1
4
2
4
-4
5
3
-18
-8
1
-2
1
2
3
11
6
8
4
10
21
12
12
22
9
0
11
8
3
8
-1
-1
4
-4
-2
-6
-7
-10
-21
-15
-12
-5
-4
-14
-24
-13
1
-7
-12
-6
1
-2
7
6
-1
6
8
5
3
-4
3
0
-5
8
1
-6
-9
3
11
15
11
1
-8
-3
-5
-10
3
9
-5
3
-2
1
12
4
10
6
9
12
10
13
14
19
15
10
12
-3
-4
3
4
2
-8
-8
-9
-8
-7
-12
2
-8
-14
-12
-1
-8
-20
-7
-9
-8
-10
-5
-8
-15
-14
-8
-3
-8
-14
-12
-12
-7
-4
-13
-16
-11
-8
-15
-11
-7
-17
-9
-14
-5
3
4
-2
-16
-10
2
-2
-10
7
-9
-10
-3
-9
-5
-3
-10
-15
-8
-8
-10
5
2
4
0
-12
7
3
-4
8
2
7
11
5
7
5
3
1
3
-4
-5
-2
-11
-1
-3
-23
-3
-1
3
11
2
0
4
2
5
6
3
7
11
6
6
3
-1
-1
5
8
1
1
7
-3
-3
3
0
-6
3
-4
-5
5
-5
-5
-15
-13
1
-8
-2
6
-2
8
16
2
13
11
6
10
-1
1
16
9
4
-7
-7
0
-1
12
7
7
-1
-7
1
6
5
1
-2
-6
-1
-10
-6
-18
-16
-13
-15
-14
-8
-4
-1
2
-9
-25
-8
-5
-3
0
-9
-2
-11
-1
-6
1
5
-9
4
6
-2
-9
-14
-4
-14
-16
-4
6
-6
-12
-2
2
-2
-10
3
-6
-3
-5
0
-2
3
7
7
3
4
10
2
20
17
1
12
1
-3
24
0
-9
1
-8
1
2
3
-7
-2
8
-11
1
-2
-3
-1
8
5
4
-9
-4
11
12
20
0
4
3
5
7
11
3
4
9
12
3
-4
-2
0
-6
-1
-2
-11
2
2
-6
-10
-7
-16
-4
8
-10
-14
-2
-10
-16
-10
-11
-6
4
4
-8
3
0
-9
2
-3
-9
-9
0
-12
-6
-1
-6
-4
-7
10
16
19
7
11
7
-1
7
-3
8
17
5
-13
6
-2
-9
-11
-19
-6
-14
-16
-19
-18
-20
-7
-10
-4
-4
-12
-14
-17
-2
4
5
5
7
5
7
-3
4
-1
-8
0
0
-8
-11
9
7
4
7
5
4
-5
-6
4
0
0
-5
-4
2
5
4
0
1
2
10
6
-5
6
11
3
7
31
30
26
28
15
17
10
18
14
-2
-2
-8
-3
-2
-4
7
-2
-7
-14
-9
-11
5
29
16
18
15
13
20
16
18
17
19
21
23
27
22
11
10
12
9
3
0
12
11
-10
-7
-10
-12
-10
-16
-9
-11
-10
-1
-3
1
5
10
5
5
3
10
24
28
29
29
12
-1
-1
-7
-3
1
22
16
10
4
6
8
-2
0
-4
-10
-16
-21
-22
-19
-11
-2
-3
0
-2
-16
-9
-11
-1
2
-3
14
9
13
4
-6
13
15
20
20
8
0
-22
-21
-8
-12
-3
-1
-11
-20
-32
-27
-15
-15
-5
-6
-12
-6
-17
-24
-12
2
19
39
37
27
25
12
22
30
24
23
19
17
-4
-3
-21
-15
9
4
6
8
-6
-28
-19
-8
-12
2
5
7
20
16
21
29
59
70
53
43
27
3
-25
-38
-49
-37
-38
-36
-23
-25
-23
6
19
5
7
-43
-107
-160
-200
-160
-86
-1
81
145
164
146
97
16
-64
-104
-120
-103
-44
17
90
145
178
171
120
68
-14
-83
-120
-137
-108
-73
-32
-13
0
-3
-3
-18
-30
-56
-78
-114
-210
-294
-361
-333
-219
-50
129
291
359
342
263
136
8
-106
-143
-103
24
180
324
419
421
361
210
4
-184
-307
-364
-314
-171
-22
80
133
110
-5
-149
-282
-334
-334
-247
-110
14
113
154
113
40
-36
-87
-68
-26
43
108
167
181
155
87
-10
-80
-126
-122
-73
10
74
135
138
97
15
-95
-174
-213
-182
-99
29
113
154
134
53
-50
-154
-219
-243
-186
-100
-18
59
113
111
103
59
17
-10
-31
-19
6
51
120
155
181
192
159
114
53
27
-3
-9
-3
8
35
42
48
36
28
17
15
20
46
75
71
81
105
119
117
138
144
151
147
149
172
174
188
197
208
239
230
230
247
250
271
301
325
328
309
259
209
163
123
76
53
72
80
86
89
74
55
29
23
26
18
43
56
76
127
177
234
270
281
277
267
237
198
151
87
5
-103
-225
-390
-595
-809
-1026
-1229
-1395
-1529
-1656
-1772
-1877
-1964
-2027
-2040
-2010
-1951
-1864
-1741
-1593
-1424
-1239
-1043
-824
-589
-330
-84
148
325
488
638
766
907
1037
1164
1252
1320
1366
1365
1330
1237
1108
954
807
673
583
499
415
343
295
246
192
139
45
-25
-26
31
136
252
384
541
700
838
984
1111
1210
1307
1406
1502
1555
1602
1647
1652
1631
1604
1530
1435
1332
1213
1076
970
904
856
805
718
595
476
403
367
336
335
359
413
485
513
420
165
-223
-729
-1286
-1846
-2383
-2844
-3108
-3151
-3058
-2940
-2897
-3030
-3334
-3712
-4046
-4209
-4116
-3740
-3118
-2363
-1600
-970
-582
-446
-458
-505
-448
-188
231
747
1272
1714
2001
2137
2105
1938
1683
1444
1303
1284
1355
1414
1421
1353
1221
1058
840
547
213
-79
-290
-404
-473
-569
-700
-882
-1066
-1245
-1410
-1532
-1602
-1580
-1453
-1233
-986
-783
-640
-546
-453
-307
-63
273
670
1045
1386
1675
1881
1975
1918
1770
1602
1519
1518
1548
1522
1412
1233
1027
845
653
469
286
190
179
229
323
417
489
573
694
867
1099
1293
1419
1465
1525
1633
1813
2008
2146
2218
2234
2265
2267
2199
2071
1928
1829
1806
1811
1811
1735
1622
1484
1339
1188
1013
787
397
-171
-934
-1768
-2595
-3355
-4043
-4644
-4972
-4980
-4874
-4875
-5127
-5644
-6115
-6307
-6232
-5987
-5663
-5212
-4521
-3656
-2783
-2072
-1628
-1328
-1026
-691
-293
133
572
1060
1596
2128
2570
2846
2904
2763
2491
2250
2137
2162
2244
2285
2226
2099
2001
1864
1596
1186
714
384
274
261
194
-48
-465
-868
-1168
-1431
-1713
-2057
-2349
-2451
-2350
-2142
-1945
-1849
-1750
-1563
-1286
-955
-653
-410
-64
494
1178
1804
2201
2400
2435
2503
2657
2799
2809
2618
2351
2130
2050
2135
2241
2197
1968
1617
1274
1018
877
818
793
824
905
1061
1193
1233
1189
1124
1137
1255
1420
1586
1755
1927
2124
2272
2361
2341
2276
2238
2291
2449
2596
2680
2661
2623
2545
2382
2043
1347
264
-1029
-2277
-3230
-3874
-4421
-4987
-5495
-5866
-6241
-6674
-7201
-7866
-8359
-8460
-8206
-7681
-6981
-6154
-5262
-4325
-3499
-2873
-2382
-1914
-1378
-758
21
979
1975
2847
3481
3819
3911
3909
3904
3855
3713
3595
3646
3800
3896
3742
3258
2587
1914
1362
909
477
125
-69
-151
-256
-540
-1125
-1920
-2681
-3303
-3686
-3787
-3640
-3336
-2958
-2530
-2147
-1844
-1645
-1527
-1411
-1130
-493
432
1418
2252
2828
3177
3399
3525
3480
3243
2967
2826
2852
2966
3029
2926
2588
2136
1715
1263
847
545
368
335
423
603
737
755
696
556
426
490
758
1132
1532
1955
2414
2813
3089
3176
3021
2775
2682
2803
2972
3178
3383
3528
3659
3675
3497
3089
2569
2107
1634
1011
104
-1037
-2265
-3373
-4263
-5138
-6059
-6807
-7312
-7754
-8132
-8505
-8965
-9355
-9387
-9078
-8550
-7870
-7057
-6129
-5129
-4017
-2948
-2083
-1416
-788
-82
809
1899
2950
3672
4117
4485
4757
4971
5043
4817
4404
4081
4078
4223
4170
3771
3038
2196
1522
1092
678
108
-424
-711
-803
-854
-1096
-1770
-2710
-3457
-3802
-3860
-3811
-3737
-3642
-3400
-2904
-2274
-1889
-1844
-1851
-1680
-1122
-95
1052
1843
2317
2702
3072
3445
3673
3594
3269
3034
3170
3491
3633
3439
2964
2439
2055
1877
1611
1103
644
476
617
879
1020
868
530
354
498
770
1013
1185
1342
1607
2074
2631
2967
2978
2891
2841
2868
3097
3356
3395
3295
3239
3330
3440
3422
3194
2750
2330
2090
1855
1257
122
-1389
-2911
-4090
-4860
-5560
-6426
-7164
-7528
-7749
-7960
-8329
-9027
-9732
-9931
-9474
-8697
-7853
-6965
-6032
-4973
-3795
-2689
-1956
-1555
-1106
-325
760
1954
3009
3678
4100
4506
4874
4981
4769
4365
3984
3904
4186
4481
4377
3834
3033
2187
1425
824
244
-342
-741
-763
-622
-684
-1102
-1916
-2938
-3805
-4307
-4519
-4520
-4254
-3676
-3006
-2386
-1867
-1646
-1693
-1612
-1224
-519
446
1525
2508
3276
3850
4209
4254
4001
3625
3325
3269
3469
3664
3612
3300
2839
2288
1722
1191
679
268
64
158
398
564
603
541
443
405
527
753
1001
1338
1827
2447
3033
3404
3530
3486
3454
3552
3731
3936
4132
4218
4268
4348
4389
4200
3707
3207
2779
2329
1836
1160
-52
-1716
-3359
-4782
-6012
-7154
-8118
-8647
-8841
-9034
-9238
-9519
-10106
-10654
-10680
-10235
-9557
-8614
-7318
-5846
-4447
-3193
-2026
-1114
-509
145
1081
2073
3094
4238
5295
6013
6350
6398
6157
5686
5199
4831
4527
4290
4137
3931
3420
2573
1578
484
-562
-1340
-1902
-2288
-2398
-2363
-2485
-2885
-3458
-4124
-4711
-5067
-5166
-5044
-4701
-4058
-3170
-2329
-1678
-1080
-626
-254
346
1107
1903
2786
3696
4464
4948
5136
5063
4764
4378
4060
3822
3550
3202
2815
2347
1767
1162
560
-50
-523
-796
-875
-758
-540
-335
-146
42
228
460
808
1254
1744
2309
2926
3533
4045
4367
4586
4763
4910
5129
5328
5412
5421
5391
5318
5278
5100
4615
4002
3446
2874
2052
964
-598
-2680
-4860
-6611
-7873
-9007
-9951
-10341
-10561
-11057
-11313
-11360
-11764
-12182
-11987
-11177
-10114
-8717
-6810
-4984
-3592
-2240
-763
415
1207
2111
3165
4102
5187
6515
7528
7933
7901
7618
7087
6358
5560
4740
3957
3423
3146
2736
1947
821
-515
-1899
-2995
-3704
-4246
-4527
-4422
-4131
-3900
-3741
-3720
-4026
-4496
-4747
-4607
-4101
-3271
-2271
-1355
-503
368
1100
1654
2032
2322
2756
3393
4168
4864
5317
5473
5250
4803
4221
3555
2901
2270
1642
1087
625
288
-82
-741
-1412
-1830
-2088
-2133
-1774
-1324
-917
-339
444
1174
1679
2149
2672
3214
3878
4781
5621
6099
6409
6759
6908
6873
6879
6709
6364
6105
5869
5445
5024
4669
3998
3024
2292
1955
1677
1055
-563
-3770
-7882
-10941
-12165
-12721
-13172
-13112
-13028
-13293
-12958
-12245
-12472
-13145
-12605
-10648
-8216
-5386
-2037
729
2187
3348
4718
5445
5446
5759
6370
6834
7695
8878
9259
8358
6801
4962
2990
1290
60
-1124
-2329
-2899
-2914
-3088
-3833
-5132
-7007
-8733
-9003
-7837
-6354
-4926
-3330
-1732
-275
1059
1718
1286
634
1017
2600
4518
6047
6806
6601
5734
4877
3965
2663
1294
475
447
1037
1734
1773
812
-928
-2631
-3571
-3788
-3689
-3376
-2753
-1867
-968
-408
-471
-1173
-1900
-1725
-422
1402
3021
4179
4876
5216
5545
5782
5608
5142
4940
5464
6583
7662
8000
7332
6051
4906
4195
3669
3103
2569
2249
2374
2806
2883
2253
1417
767
287
122
91
-293
-1194
-2629
-5208
-9162
-13207
-15497
-15534
-14181
-12069
-10060
-9041
-8351
-6894
-5321
-4557
-3872
-2184
607
4211
8041
10613
10759
9196
7354
5719
4251
2862
1372
-266
-1553
-2243
-3223
-5211
-7732
-10168
-11872
-11815
-9883
-7430
-5531
-3846
-2018
-270
1348
2763
3492
3712
4602
6881
9543
10918
10541
8817
6474
4621
3401
1795
-447
-2342
-3217
-3310
-3434
-4780
-7655
-10493
-11356
-9815
-6838
-3762
-1260
685
2513
4674
6462
6758
5877
5054
5068
5853
6546
5898
3468
361
-2122
-3737
-4799
-5586
-6239
-6097
-4461
-1818
726
2301
3029
3748
5144
7319
9606
11000
11181
10799
10533
10277
9451
7579
4624
1679
137
-183
-258
-604
-1608
-2955
-3659
-3434
-2656
-1993
-1633
-1091
-11
1516
2799
2986
1230
-2738
-7801
-11889
-13176
-11592
-8960
-6293
-3834
-2623
-2355
-1664
-1013
-1463
-1862
-454
2451
5278
7266
7698
5513
1561
-1866
-3899
-5495
-6926
-7423
-7245
-7042
-6614
-6336
-7071
-8102
-7909
-6067
-2966
798
4346
6747
7957
8622
8857
8401
7111
5509
4130
3172
3122
3401
2360
-21
-2569
-4778
-6027
-6122
-5970
-6043
-5566
-4033
-2099
-542
167
-79
-722
-713
585
2380
3290
3564
3881
3675
3097
2652
1630
-123
-1541
-1893
-1551
-1218
-1298
-1917
-2695
-3018
-2691
-1938
-1106
-275
970
2779
4865
6621
7270
7052
6929
7161
7414
7546
7260
6340
5271
4531
3932
2942
1477
-251
-1821
-2669
-2867
-2734
-2269
-1679
-913
253
1589
3095
4750
6188
6989
7243
7245
6857
5809
3595
-866
-7979
-15454
-19650
-19269
-16357
-12654
-8835
-6478
-5299
-2983
12
1116
641
1269
3630
6512
9368
11039
9208
4202
-778
-4329
-7326
-9919
-11629
-12655
-12689
-10807
-7772
-5634
-4763
-3734
-1718
1332
5468
9624
11897
12360
12513
12428
11289
8697
4600
-365
-4770
-6904
-6773
-6602
-7582
-8751
-9268
-8699
-6720
-4473
-3241
-2088
683
4886
8938
11338
10983
7875
3903
1273
28
-1255
-2735
-3708
-4326
-4228
-3164
-2584
-3494
-4767
-4774
-2979
42
3043
4859
5248
5082
4955
4409
3217
1559
-69
-584
564
2492
3663
3525
2867
2492
2660
3423
4372
4759
4673
4992
5705
5968
5184
3129
410
-1783
-2857
-2895
-2060
-875
199
1473
3220
5429
7331
7847
7396
6972
6750
6798
6230
2741
-4763
-14212
-21726
-24599
-22954
-18933
-14143
-9505
-5499
-1364
2943
5384
4871
3435
3557
5639
8767
11494
11738
8514
3326
-1932
-6944
-11732
-15678
-18028
-17954
-14917
-9782
-4613
-1025
1019
2499
4172
6519
9246
11046
11637
11863
11917
11258
8935
4091
-2635
-9048
-13073
-13776
-11914
-9614
-7811
-5769
-3201
-267
2524
3904
3845
4314
6548
9733
12022
11892
8871
3784
-1402
-5126
-7886
-10426
-11685
-10963
-8607
-4986
-1127
1268
1794
1802
2527
3972
5552
6723
6839
5936
4765
3352
1097
-1845
-4715
-6571
-6340
-3955
-698
2137
4227
5929
7462
8576
9054
8753
7612
6499
6258
6266
5472
3467
590
-2295
-4551
-5667
-5320
-4148
-2554
124
3670
7085
9812
11227
10995
9821
8561
6941
3861
-1845
-10287
-19351
-25863
-27333
-24188
-19134
-13354
-7188
-1701
3564
8910
11893
11262
9408
8521
8456
8838
9063
7361
2835
-2817
-7979
-12874
-17458
-20946
-22535
-21380
-16798
-9476
-1604
4844
9426
12417
14102
14975
14882
13321
10811
8474
6629
4829
2081
-2710
-9028
-14816
-18412
-18684
-15762
-11526
-6867
-1443
4175
9089
12497
13433
12136
10238
9120
8539
7318
4712
578
-4170
-8172
-11038
-13008
-14063
-13735
-11332
-6632
-552
5201
9171
10924
10912
9865
8380
6475
3748
594
-2096
-4083
-5503
-6377
-7083
-7743
-7233
-4805
-1124
3076
7255
10594
12923
14515
15001
13812
11115
7861
4822
2176
158
-1518
-3507
-5294
-6110
-5743
-4408
-2505
-313
2089
4830
7765
10065
10968
10795
10292
9418
7210
2265
-6457
-17495
-26811
-30740
-28793
-23383
-16287
-8362
-960
5884
12595
16527
15452
11782
8498
6204
5202
5160
3996
470
-4153
-8285
-12237
-16602
-20436
-22740
-22536
-18343
-10286
-810
7613
14007
18061
19653
19168
16916
12728
7228
2340
-585
-1923
-2948
-5121
-9197
-13979
-17138
-17319
-14618
-10285
-5238
802
7621
14082
18638
19486
16424
11613
7042
3252
-178
-3965
-7919
-10816
-11660
-10953
-9939
-9304
-8763
-7054
-2882
3091
8578
12275
13825
13001
10809
8301
4719
-326
-5396
-9014
-10744
-10594
-9059
-7133
-5333
-3169
321
4751
8579
11255
12939
13623
13655
13376
12119
9191
5239
1498
-1243
-2779
-3768
-5056
-6247
-6061
-4045
-748
2842
5639
7268
8081
8810
9672
9849
9352
8713
6466
1017
-7402
-17780
-27531
-32168
-30405
-25127
-17491
-7926
1076
9004
16593
20967
19498
14659
9597
4969
1689
323
-1001
-3794
-6993
-9664
-12514
-15943
-19185
-21293
-21278
-17483
-9422
610
9940
17383
22078
23496
22137
18177
11736
4077
-3011
-7617
-8835
-8440
-8907
-10491
-12520
-14111
-13438
-10090
-6160
-2055
3663
10321
16273
20363
20493
15747
9018
3309
-1294
-5195
-8235
-10740
-12066
-11147
-8769
-6697
-5833
-5542
-4199
-795
4086
9116
12781
13972
13098
11137
7824
2818
-2961
-8411
-12437
-13635
-11924
-8895
-5690
-2453
898
4271
7425
9849
10969
11013
11014
11477
11715
10948
8983
5916
2485
-88
-1724
-3307
-4537
-4618
-3810
-1895
1307
4183
5817
7012
7599
7212
7267
8107
8093
6240
1696
-6879
-17761
-26525
-30339
-29124
-24231
-16661
-7395
2051
10920
18514
21961
19583
14120
8581
3614
-129
-2236
-4059
-6396
-8300
-9444
-11026
-13754
-17033
-19643
-19975
-16562
-9349
-121
8763
15957
20967
23208
22164
17987
11141
2600
-5093
-9673
-11210
-11094
-10815
-11332
-11919
-11199
-8993
-5786
-2521
590
4777
10107
15027
17832
16888
12116
6105
1149
-2663
-5372
-7146
-8545
-8728
-7082
-5002
-3653
-2991
-2943
-2457
-73
3688
7201
9562
10451
9675
7591
4610
436
-4708
-9186
-11582
-11613
-9482
-5973
-2390
843
4261
7746
10227
10965
10245
8852
7920
8193
8994
9041
7894
5979
3936
2310
1052
-411
-1952
-2782
-2332
-24
3414
5879
6638
6412
5798
5758
6319
4839
-922
-10265
-20355
-27358
-28511
-25005
-19633
-12659
-4213
4273
12482
19122
20569
16377
10436
5246
948
-1917
-3554
-5403
-7431
-8281
-8362
-9584
-12309
-15282
-17301
-17067
-13167
-6181
1444
8431
14692
19274
21066
19792
15210
7955
200
-5930
-9373
-10286
-10348
-10864
-11329
-11116
-10055
-7621
-4360
-1658
1411
6002
10728
14233
15697
13832
9411
4971
1390
-1467
-3756
-6017
-7409
-6855
-5457
-3979
-2610
-2645
-3315
-2152
326
2621
5200
7295
7399
6603
5584
3040
-967
-4906
-7923
-9568
-9182
-6900
-3954
-1155
1912
5300
8141
9984
10665
9976
8684
8111
8210
8002
7387
6424
4894
3729
3618
3507
2842
2231
1742
1963
3267
3800
3089
2865
3128
3611
4622
3143
-3849
-14005
-23081
-28024
-27238
-22705
-16559
-8594
26
8275
16277
20959
19033
12948
6779
1644
-2077
-3961
-5116
-6769
-8001
-7640
-7352
-9167
-11982
-14276
-15675
-14367
-9125
-2426
3382
8873
13982
17067
17517
15424
10465
3614
-2659
-6766
-8530
-8810
-9230
-10086
-10192
-9347
-7530
-4432
-1585
401
3460
7439
10599
12542
12207
8754
4135
471
-2033
-3849
-4921
-4789
-3471
-1445
763
2156
1683
193
-702
-700
20
1176
2297
3008
3217
3141
2444
293
-3068
-6148
-7867
-8079
-6661
-3856
-631
2388
5526
8614
10489
10834
10036
8253
6375
5445
4925
4216
3591
3068
3064
4026
5231
6025
6397
6400
6450
6595
6256
5233
4096
3287
1443
-3248
-10687
-19796
-27823
-29645
-25068
-18790
-10876
-1078
6788
13152
19668
21774
16967
9666
3236
-2049
-5396
-6502
-7054
-8572
-9742
-9234
-9160
-10922
-12842
-14222
-14612
-11438
-4561
2870
9102
13939
16980
17562
15364
10867
4607
-2517
-8316
-10907
-10340
-8571
-7680
-7372
-6791
-6335
-4822
-1942
-145
1343
4789
8513
11415
13473
12141
7563
3060
-721
-4178
-6795
-8740
-9513
-7821
-3841
768
4165
5663
5748
5171
4797
4679
3737
2114
953
152
-248
-315
-1525
-4047
-6246
-7283
-7187
-5982
-4039
-1623
1237
4643
8514
11387
12010
11206
9983
8495
7167
6015
4608
3307
2969
4103
6339
8595
9609
8811
6991
5329
4248
3379
792
-5541
-14599
-23606
-29082
-27987
-22414
-15784
-6891
3362
11389
18200
23450
22177
14923
7221
779
-4757
-8093
-9112
-9478
-9738
-9008
-7858
-8446
-10816
-13112
-14564
-14206
-10066
-2852
4494
10852
16209
19082
18274
14586
8885
1203
-6747
-12104
-14002
-13054
-10708
-8778
-7424
-6229
-5292
-3571
-1377
-239
1618
5291
8853
12036
13941
12009
7378
3018
-787
-4190
-6719
-8440
-9066
-8098
-5719
-2728
-277
1093
2218
3711
5223
6715
7975
8146
7423
6322
4286
1306
-2101
-5581
-8327
-9382
-8625
-6774
-4214
-1159
1698
4153
6584
8269
8355
7631
6875
6230
6144
6725
7310
7422
7349
7686
8238
8229
7459
6308
4994
4113
3657
970
-5993
-15452
-24990
-30989
-29348
-23058
-15677
-5302
5914
14374
21981
27108
24458
16064
7378
-66
-5881
-9208
-10250
-10240
-9829
-8477
-7102
-7961
-10638
-12938
-14117
-12996
-7883
-291
6999
13536
18998
21262
19396
14407
7085
-1846
-10038
-14842
-15843
-14087
-11588
-9723
-7659
-5793
-4687
-2517
-500
-180
1723
5421
8127
10477
11563
9028
5238
2512
-293
-3234
-5525
-7099
-7542
-6504
-4093
-1402
191
1355
2761
3856
4913
5996
6305
5757
4908
3787
2264
289
-1907
-3718
-4930
-5315
-4567
-3112
-1192
1218
3582
5872
8006
8974
8469
7305
6300
5673
5178
5067
5639
6280
7104
8631
9770
9589
8485
6942
4439
-800
-9162
-18757
-27987
-32559
-29168
-22223
-13809
-2003
8501
15299
22505
26868
22976
14941
7417
102
-5896
-8827
-9898
-11159
-12283
-11651
-10442
-11075
-12644
-13605
-14001
-11892
-5569
2602
9936
16174
20876
22610
21026
16618
9240
-459
-9503
-15274
-17243
-16270
-14641
-13255
-10847
-8336
-5843
-1613
1632
2705
5134
8089
9731
11126
10175
6177
2724
213
-2216
-3655
-4994
-6906
-7536
-6267
-4719
-3526
-2721
-2376
-979
2248
5751
8416
10188
10433
9026
7017
4651
1087
-3504
-7198
-8729
-8437
-6611
-3625
-630
1628
3922
6813
8937
9392
9031
8212
7505
7940
8512
8289
7700
7032
6922
7686
8489
8514
7389
4301
-2110
-10965
-20428
-29204
-32547
-28236
-20887
-10965
2290
12881
19484
25605
27424
21516
12696
4778
-2398
-7552
-9123
-8835
-9424
-10400
-10400
-10925
-13056
-15233
-16625
-16868
-13581
-5862
3496
11959
18844
23311
24315
21795
16765
9414
-27
-8412
-13219
-14742
-14061
-13262
-12991
-11927
-10724
-8606
-4473
-1611
157
3890
7985
11771
15613
15919
12327
8379
4233
-38
-2885
-5787
-9316
-10830
-10137
-8559
-6609
-5424
-5066
-4054
-1477
2547
6959
10092
11564
11595
10302
8209
4825
39
-4689
-8106
-9408
-8336
-5936
-3109
-273
2427
5305
7618
8389
8019
7118
6577
7406
8926
10339
11501
11424
10482
10121
8909
6065
2486
-4504
-14690
-23403
-30046
-32555
-27542
-19501
-10735
999
11435
18091
23878
26172
21929
14808
8258
2673
-1832
-4641
-6016
-7888
-10549
-12228
-13570
-16144
-18553
-19414
-18729
-14876
-7043
2073
10266
17368
22235
23646
22005
17945
11226
2576
-4946
-9560
-11641
-11841
-12042
-12751
-12647
-12511
-11310
-7736
-5248
-3450
839
5476
9658
14133
15644
13425
10245
6773
3107
-43
-3006
-5895
-7827
-8131
-7035
-5962
-5630
-5185
-4205
-2264
1401
5466
8212
9929
10450
9363
7457
4588
206
-4189
-7101
-8312
-7622
-5262
-2260
469
3052
5729
7727
8534
8457
7990
7968
8702
9674
10577
10479
8903
7512
6574
5066
3027
-1542
-9646
-17900
-24867
-29146
-26884
-20854
-14720
-5878
4177
11761
18286
22783
21890
16927
11281
6559
2697
-453
-2612
-4847
-7793
-10002
-11573
-14056
-16906
-18820
-19543
-17795
-12270
-4551
3069
10055
16023
19712
20556
19106
15389
9318
2903
-1914
-5013
-6452
-7885
-10219
-11418
-12119
-13056
-11699
-9515
-8338
-5157
261
5439
10260
13847
14226
12050
9612
7273
3965
852
-1276
-3892
-5640
-5343
-5565
-6729
-7405
-7880
-7449
-4712
-343
4014
7527
10047
11113
10329
8035
4657
428
-3621
-5922
-6391
-5650
-3697
-1237
721
2486
4287
5335
5763
6330
7141
8479
10571
12584
13485
13262
11838
9109
6074
1614
-6186
-14847
-23061
-29953
-30430
-25520
-19696
-11297
-1873
4653
10950
17278
19341
17662
15137
12356
9282
6838
5353
2457
-2543
-7166
-11140
-15620
-19577
-21801
-22593
-21409
-16707
-9447
-2013
5142
11432
15392
17207
17772
16671
13523
9569
6026
2638
-314
-2907
-6651
-10888
-14732
-17631
-17331
-14797
-11652
-6247
52
5102
9889
13192
12829
10348
8030
6012
4379
3833
3744
2677
1098
-71
-1882
-4935
-7857
-9736
-10358
-8822
-4722
395
4917
8514
10558
10598
8844
5718
2143
-1146
-3373
-3854
-3219
-1686
340
1432
2151
3260
3852
4331
5478
6801
8420
10247
11841
12716
12035
10285
7957
4975
733
-5637
-12552
-19229
-24597
-24823
-21686
-18076
-11722
-4448
984
6996
12939
15441
14922
13702
12427
10164
7798
6250
3112
-1589
-5300
-8769
-13095
-17183
-19848
-21241
-21070
-17633
-11762
-5820
218
6284
10900
13490
14629
14593
12810
10004
7633
5341
2604
-503
-4083
-7747
-11281
-13767
-14140
-13760
-12420
-8867
-4926
-1082
3078
5657
6371
6769
7337
7680
7856
8386
8062
6468
5261
3876
1098
-1968
-4534
-6744
-7487
-6170
-3933
-1524
981
3142
4480
5249
5425
4403
2820
1661
892
418
249
272
339
629
1534
2786
4187
5530
6422
7521
8719
9483
10217
10287
9560
8551
6702
3905
-1566
-10135
-18065
-25988
-30553
-25532
-19043
-13263
-2478
5153
7746
13174
17129
14757
11462
10564
9397
7683
8618
9062
4064
-2024
-6373
-12214
-17930
-20731
-21962
-22349
-19486
-12318
-5332
-447
4656
8119
8821
9725
11221
11083
9343
8407
8110
6783
4961
1549
-3872
-8830
-12842
-14076
-11785
-10254
-8823
-5468
-3376
-1858
607
902
-677
-425
1962
5014
8890
12086
11842
9335
6932
4084
262
-2907
-4845
-6056
-5235
-2123
715
1801
1647
588
-556
-813
-545
-217
329
1394
2942
4446
5310
5269
4040
2584
3008
4334
5145
6547
7599
7518
7671
7738
6931
5410
3494
2154
1660
779
-1230
-4512
-9183
-13938
-16673
-16893
-15730
-13396
-9168
-4804
-775
4506
8217
8845
9066
8931
7838
7082
6755
5403
2903
439
-1944
-4848
-8170
-11022
-13108
-14463
-13912
-11496
-9029
-6556
-3246
-320
1863
4386
6142
6700
7257
7494
7195
6599
5119
2702
233
-1990
-3919
-5335
-6346
-6998
-7372
-6945
-5860
-5129
-4111
-3113
-2165
15
2491
4640
6679
7789
7782
7231
6330
4811
2742
809
-756
-1955
-2447
-2230
-1959
-1665
-1059
-517
-2
547
829
972
1295
1732
2100
2437
2596
2740
2934
3026
3440
3803
3846
4229
4638
5003
5693
6306
6761
7120
7372
7562
7250
6454
5111
2232
-1817
-6171
-10221
-12945
-14715
-14631
-12653
-11177
-8907
-5357
-2926
-936
1401
2995
4181
5650
7200
8158
7886
6886
5189
2316
-664
-3461
-6428
-8819
-10141
-10382
-9986
-9200
-7965
-6853
-5750
-3931
-1887
-53
1876
3399
4413
5219
5521
5413
4595
3292
1871
380
-588
-1525
-2407
-2993
-3656
-3880
-3900
-3890
-3411
-2935
-2195
-624
1088
2456
3704
4330
4272
4186
3759
3147
2409
1581
1191
971
984
1258
1102
602
337
164
-122
-319
-454
-545
-477
-25
736
1119
1287
1480
1586
1886
2221
2487
2634
2779
3055
3370
3945
4315
4631
5377
6098
6825
7499
7419
6472
5174
2952
-221
-3066
-6373
-9505
-10692
-11343
-11050
-9427
-8212
-6744
-4837
-3593
-2400
-1017
-48
1060
2601
4171
5367
5693
5333
3937
1702
-290
-2394
-4485
-5923
-6754
-7025
-6655
-5810
-5254
-5001
-4609
-4053
-3426
-2727
-1566
-594
-58
1281
2543
2625
2650
2539
1590
1090
1275
1037
861
700
33
-456
-705
-1084
-1351
-1198
-781
-104
879
1793
2283
2239
1941
1474
885
549
507
688
1264
1916
2450
2846
2750
2353
1901
1363
1216
1412
1694
2278
2641
2704
2464
1624
751
-42
-729
-813
-434
260
1150
1997
2939
3718
4020
4302
4630
4814
5074
5483
5755
5633
5179
4228
2657
906
-818
-2590
-3991
-4697
-5395
-6174
-6237
-6448
-6916
-6625
-6217
-5574
-4376
-2951
-1457
-299
606
810
309
-25
-461
-952
-989
-874
-766
-690
-655
-747
-1642
-2805
-3372
-4065
-4305
-3709
-3483
-3048
-2400
-2080
-1488
-1142
-1145
-1027
-875
-412
129
712
1255
1088
992
1169
922
1153
1591
1421
1544
1640
1450
1376
979
478
-54
-433
-275
-9
282
574
745
890
942
1096
1054
712
765
1043
1293
1894
2527
2749
2910
3085
2956
2589
2216
1873
1572
1289
1110
1048
866
848
970
906
876
744
482
503
667
804
1044
1227
1492
2087
2663
3421
4220
4459
4565
4377
3520
2426
1065
-520
-1905
-2740
-3289
-3782
-3835
-4164
-4708
-4939
-5414
-5679
-5346
-4822
-4107
-2860
-1630
-1017
-506
-227
-420
-681
-862
-1081
-1393
-1449
-1334
-1312
-1306
-1428
-1791
-2055
-1924
-1600
-1171
-791
-584
-482
-574
-728
-1067
-1647
-2054
-2225
-1981
-1374
-814
-398
-130
24
67
218
475
539
740
1234
1646
1991
2329
2260
1847
1430
850
383
39
-366
-469
-442
-107
466
749
1041
1278
1321
1462
1786
2023
1940
1880
1926
1892
2028
2124
2037
2083
2014
1844
1881
1729
1399
1200
996
911
918
965
1122
1226
1248
1208
1064
803
549
454
572
780
1075
1462
1611
1648
1586
1220
802
310
-112
-196
-245
-310
-391
-819
-1392
-1855
-2232
-2374
-2386
-2400
-2402
-2495
-2626
-2660
-2788
-2916
-2864
-2754
-2432
-1907
-1363
-927
-595
-302
-319
-410
-433
-762
-933
-846
-958
-932
-821
-1066
-1314
-1559
-2004
-2239
-2375
-2349
-1893
-1436
-986
-420
-41
177
408
595
601
563
599
653
604
518
436
152
-105
-280
-453
-314
-79
111
492
761
757
761
797
766
884
1283
1625
1960
2473
2649
2536
2581
2359
1912
1649
1432
1335
1190
1180
1378
1118
960
919
518
542
555
404
609
578
520
544
326
427
533
511
881
1069
998
1108
1107
1077
1095
1013
918
770
696
614
470
340
31
-432
-672
-790
-870
-880
-904
-867
-922
-1055
-913
-854
-1166
-1199
-1046
-1213
-1257
-1018
-1232
-1309
-961
-932
-751
-522
-464
-232
-266
-213
-90
-534
-677
-707
-1098
-1264
-1396
-1553
-1615
-1627
-1490
-1313
-1311
-1248
-1189
-1313
-1164
-822
-574
-295
-73
31
79
286
255
-86
-131
-453
-717
-608
-733
-653
-466
-279
278
616
670
949
822
551
777
645
625
943
839
1013
1012
795
857
339
193
466
9
215
623
221
584
766
391
609
266
-19
215
15
250
482
365
511
421
465
423
140
278
284
322
794
872
863
1132
1025
1056
1257
995
777
558
164
117
186
243
293
256
4
-152
-240
-467
-820
-968
-1092
-1160
-763
-460
-215
-72
260
369
386
526
146
-129
-303
-367
-403
-232
23
-70
-36
-90
-463
-578
-704
-1066
-994
-1030
-1128
-562
-542
-280
217
-208
-180
-5
-392
-327
35
-241
114
208
-266
131
-146
-468
-15
-223
-173
315
258
759
869
682
872
616
417
606
253
64
208
-347
-294
-411
-764
-569
-615
-240
128
179
505
494
573
721
848
842
718
535
362
-73
-342
-545
-1567
-1355
-1586
-1666
-854
-636
-148
336
662
934
1328
1037
1154
1094
852
1168
975
957
673
148
-314
-764
-1039
-1423
-1170
-1212
-910
-306
-209
343
452
495
289
372
223
23
372
287
483
752
693
478
118
-319
-523
-584
-307
-139
262
442
630
735
275
-20
-395
-865
-908
-800
-804
-459
-436
-327
-225
-447
-412
-327
-295
130
310
591
990
836
1157
1087
486
517
268
-341
-61
-294
-587
-394
-586
-473
-448
-466
-213
-537
-274
-8
-296
441
464
615
845
823
1006
951
832
653
192
-231
-358
-1040
-832
-1050
-1256
-579
-882
-487
-281
-784
-456
-729
-876
-493
-471
-60
467
575
745
746
271
283
-158
-270
-335
-420
-102
-197
4
49
-363
-339
-412
-1064
-611
-559
-697
-15
152
350
554
583
422
-2
-65
-260
-500
95
285
539
915
986
825
943
405
108
196
-298
-138
109
10
25
293
-182
-130
-213
-559
-430
-441
-218
222
671
849
1158
1363
859
923
969
166
111
80
-456
-410
-104
-322
-438
-471
-561
-931
-898
-639
-944
-472
-75
197
710
1210
1271
1463
1311
926
882
455
-175
-43
-192
-815
-259
-618
-975
-640
-971
-957
-389
-612
-341
44
-145
214
152
-44
-133
-133
-600
-380
-384
-275
-197
-184
363
-296
225
183
-315
99
-32
5
139
415
190
138
2
-191
-504
-507
-407
-951
-255
-514
-608
181
-474
274
183
260
593
501
742
645
949
708
769
424
420
10
-128
-147
-635
-195
-531
-493
-193
-441
-151
205
249
523
910
740
654
810
692
499
438
1055
148
655
711
-404
445
-725
-755
-597
-1215
-708
-678
-593
-107
-133
214
484
137
662
210
119
561
-11
302
408
-1
423
-204
-275
-106
-727
-570
-398
-817
-496
-247
-408
43
-166
-106
-30
-572
-108
-311
-718
228
-472
-181
138
-423
178
-233
-162
127
-457
151
65
67
401
-66
479
187
152
565
-323
-53
-165
-772
-218
-508
-617
-240
-583
-335
-116
-291
45
116
187
590
316
776
626
574
502
442
345
-74
257
-308
-219
-144
-98
-262
-124
291
-509
364
268
4
1009
61
866
836
258
1147
227
136
737
-168
67
468
-750
-104
-422
-825
-58
-616
-171
170
-7
604
399
481
409
228
135
-209
47
-412
-286
-117
-351
-288
-87
-258
-500
-30
-498
-476
255
-222
-85
663
57
65
585
-425
-10
-409
-715
-203
-1064
-317
-357
-826
77
-282
-279
228
73
294
121
327
499
175
519
325
225
-72
-65
-132
-755
-378
-680
-852
-430
-643
-323
-59
-34
56
212
-115
125
21
128
106
87
528
194
657
395
518
-62
228
270
-532
371
-187
-77
560
41
645
501
-33
890
15
-245
606
-525
287
425
-57
573
-305
440
-149
-179
526
-523
306
126
-215
477
-82
241
559
97
388
356
-76
55
81
-645
112
-430
-545
258
-649
-310
149
-682
158
53
-383
292
-200
87
236
-383
165
63
-508
557
-317
-130
287
-752
291
-580
-217
261
-885
571
-172
-379
779
-225
112
681
-22
356
903
-296
689
144
-580
427
-741
-466
-155
-666
-382
-7
-614
-210
-150
-532
-21
-267
39
87
117
508
288
162
739
-181
71
550
-522
301
218
-61
-40
196
54
-174
150
169
-316
-45
503
-563
474
-85
-251
150
-484
-151
-379
-611
-66
17
-233
453
-75
127
266
-88
641
-398
323
722
-864
1155
50
-557
981
-182
-763
599
-520
-815
716
-843
72
194
-299
722
-443
492
295
-411
652
69
-543
362
-591
-385
153
-1194
620
-620
-123
1031
-996
615
-182
-645
808
-505
381
866
-757
1450
36
-476
1582
-1123
301
420
-1160
369
-338
-393
-72
-231
-234
-425
115
-212
-273
383
-173
-111
610
-90
-247
783
45
-587
1172
-682
-583
953
-1048
-10
457
-734
77
694
-949
903
230
-855
1404
-362
-202
848
-474
-219
259
-448
-251
268
-496
195
38
-535
834
-485
294
772
-475
817
336
-195
600
251
-580
423
-204
-614
106
-200
-45
-443
678
-682
-20
802
-830
1002
230
-422
1270
-233
-198
996
-660
-296
725
-702
-188
314
-559
-261
226
-291
-73
202
80
-38
246
38
-46
545
-558
535
90
-729
861
-12
-252
986
-26
-487
876
-874
-439
418
-1239
789
-376
-372
411
-827
-190
-34
-264
-292
310
-280
150
272
-89
117
88
182
-388
148
-39
-783
387
-329
-678
510
-341
-418
424
-492
-656
157
-733
-51
37
-470
175
-263
10
89
-99
-127
9
-142
-164
177
165
170
565
427
318
163
-54
399
-821
413
319
-1134
1053
-609
-447
778
-880
730
350
-313
1168
-378
-36
886
-572
561
660
-265
1026
2
-301
415
-887
-83
105
31
403
168
226
-214
-127
-136
-237
-62
280
162
484
372
-83
865
-213
106
852
-365
544
232
-172
258
-420
-33
-6
-712
301
-150
-764
578
-325
-438
384
-501
257
71
-56
474
-422
282
149
-618
247
-363
-448
168
-289
61
-236
-424
64
-721
-232
303
-759
128
-11
-728
126
-376
-384
-175
-490
-247
-239
-310
13
-342
-255
35
-305
303
268
-33
349
96
-170
-107
53
-146
-58
341
31
102
103
61
-112
-31
224
49
434
449
530
492
190
521
49
18
329
-157
-43
139
-145
-115
134
2
159
146
169
257
-41
415
220
124
770
360
335
722
301
96
496
23
42
225
-314
-185
60
-67
90
99
132
-33
-115
176
-204
-63
-6
-161
104
190
84
-58
-288
-293
-289
-470
-33
-174
-323
-112
-287
-111
-259
-67
-193
-356
-202
-214
-289
-281
-369
-535
-525
-394
-309
-662
-628
-625
-847
-482
-293
-356
-184
-93
-110
29
24
-39
-44
-196
19
-17
-19
44
-126
-74
0
5
339
264
146
412
165
334
571
431
526
489
514
583
319
307
190
-31
73
262
265
226
266
237
131
256
603
353
599
815
487
839
883
591
732
538
382
476
236
39
1
-267
-277
-94
-233
-174
-336
-497
-523
-634
-555
-445
-348
-119
-174
-189
-230
-448
-486
-613
-517
-358
-203
-261
-90
-188
-258
-160
-113
-95
-215
-108
-201
-168
-29
-38
-235
-55
-161
-375
-282
-545
-720
-833
-956
-950
-878
-840
-680
-681
-785
-914
-976
-924
-798
-536
-353
-208
-105
42
-40
78
92
171
384
606
881
758
782
649
546
765
916
1161
1419
1457
1337
1291
1101
1100
1120
1270
1609
1651
1692
1646
1396
1145
1229
1389
1587
1909
1810
1712
1719
1622
1879
1929
2033
2058
1944
1863
1331
828
-116
-964
-1223
-1335
-1336
-1370
-1949
-3033
-3824
-4264
-4281
-3894
-3529
-3512
-3727
-3856
-3982
-3798
-3460
-3105
-2494
-1916
-1284
-932
-675
-733
-584
-34
613
1664
2221
2354
2221
2002
1940
2090
2396
2373
2205
1859
1282
759
366
-316
-702
-848
-1155
-1242
-1510
-2179
-2616
-2995
-2997
-2491
-2034
-1688
-1548
-1462
-1541
-1200
-735
-387
331
675
1026
1526
1699
1944
2146
2312
2542
2832
2916
2925
2629
2292
2057
1973
2129
2025
1802
1257
683
353
284
337
597
465
207
303
175
405
773
906
1185
1513
1770
1990
2263
2415
2612
3027
3519
3733
3312
2424
1305
207
124
562
366
127
-1053
-2829
-3907
-4191
-4165
-4063
-4272
-4995
-5613
-6046
-5963
-5542
-5349
-4871
-4376
-3861
-3297
-2949
-2706
-2584
-1864
-729
423
1495
1946
1737
1599
1917
2500
3288
3630
3620
3239
2674
2463
2271
2067
1719
1313
1096
683
78
-620
-1430
-2017
-2299
-2237
-2072
-2479
-3003
-3377
-3557
-3247
-2526
-1972
-1840
-1524
-1402
-1010
-319
416
972
1484
2192
2695
3209
3484
3575
3530
3434
3702
3742
3639
3179
2422
1837
1419
1361
1258
1038
541
-54
-543
-590
-472
-510
-386
-267
-202
139
598
855
1111
1399
1768
2428
3063
3470
3660
3843
4124
4413
4983
4965
3938
2830
1445
838
1333
1226
618
-652
-2923
-4844
-5558
-5324
-5287
-5884
-6639
-7772
-8428
-8233
-7549
-6741
-6263
-5872
-5232
-4291
-3637
-3043
-2485
-1772
-647
585
1656
2148
1942
1682
2048
3048
4037
4450
4252
3579
3070
2977
3266
3540
3242
2361
1777
1468
986
473
-154
-963
-1864
-2254
-2474
-2905
-3574
-4141
-4373
-4153
-3519
-3340
-3393
-3249
-3076
-2470
-1176
-79
373
582
929
1482
2264
3143
3615
3639
3574
3529
3681
3996
3913
3477
3081
2646
2489
2201
1652
1135
395
-314
-544
-621
-884
-1342
-1530
-1432
-1401
-1020
-690
-461
-203
208
938
1807
2475
2963
3698
4349
4955
5393
5620
5680
5781
6052
6025
5530
4126
2156
584
128
455
122
-851
-2558
-5288
-7104
-7108
-6283
-6027
-6567
-7666
-8987
-9536
-8882
-7420
-6458
-6167
-5983
-5588
-4779
-3735
-2775
-2025
-1038
132
1285
2366
2952
2857
2634
3396
4543
5348
5646
5095
4257
3606
3572
3980
4059
3292
1937
928
471
152
-11
-394
-1272
-2079
-2491
-2578
-2677
-2982
-3425
-3616
-3302
-2927
-2817
-2927
-3111
-3186
-2528
-1403
-407
112
86
38
686
1605
2373
3121
3230
2924
2947
3384
3796
3832
3450
2749
2138
1814
1457
1077
527
-112
-688
-873
-787
-1010
-1364
-1636
-1513
-1247
-842
-438
-134
-17
164
949
1800
2407
2635
2869
3245
3585
4219
4799
5063
5041
4926
5046
5434
5654
5490
5150
4235
2721
1224
-196
-1171
-1209
-1701
-2764
-3890
-5906
-7845
-8302
-7503
-7036
-7081
-7614
-8527
-9146
-8728
-6943
-5243
-4412
-4108
-3941
-3624
-2729
-1438
-129
837
1405
1984
2468
2970
3374
3504
3799
4485
4919
4838
4463
3849
3285
3041
3284
3340
2676
1508
418
-80
-310
-535
-721
-1305
-2277
-2831
-2825
-2572
-2463
-2408
-2473
-2438
-2172
-1900
-1642
-1514
-1368
-1195
-676
-24
204
207
109
140
591
1084
1422
1477
1298
1008
1069
1543
1703
1491
1064
543
196
152
122
84
-132
-671
-1010
-1005
-910
-907
-831
-769
-747
-563
-242
164
561
843
1161
1504
1962
2301
2444
2696
2983
3202
3393
3706
3800
3722
3539
3628
3967
3984
3879
3779
3508
3337
3474
3596
3059
1636
-194
-1746
-2316
-1748
-1465
-2146
-3464
-5724
-7588
-7533
-6323
-5623
-5783
-6651
-7833
-8292
-7502
-5643
-4156
-3763
-3756
-3777
-3369
-2484
-1377
-388
281
985
1591
2067
2377
2346
2368
2906
3897
4583
4546
4029
3354
3025
3473
4164
4346
3643
2183
1108
949
1067
1262
1177
325
-913
-1612
-1603
-1581
-1574
-1532
-1827
-1957
-1841
-1909
-2038
-2087
-1994
-1693
-1181
-838
-997
-1449
-1599
-1070
-407
196
432
42
-492
-591
92
943
1404
1295
780
313
299
690
1158
1369
1137
692
384
342
425
437
438
529
490
445
526
584
563
676
984
1323
1382
1198
1142
1210
1461
1962
2430
2437
2146
2000
2016
2338
2830
3014
2805
2554
2378
2380
2729
3017
2952
2617
2352
2349
2412
2164
1385
40
-1442
-2351
-2094
-1566
-2077
-3186
-4811
-6668
-7195
-6203
-5331
-5441
-6161
-7048
-7603
-7107
-5527
-4186
-3845
-3850
-3732
-3327
-2331
-1139
-286
244
834
1554
2225
2741
2984
2975
3098
3825
4593
4641
4207
3630
3082
2946
3356
3579
2970
1819
946
614
512
496
240
-518
-1482
-2051
-2124
-2122
-2288
-2515
-2807
-2927
-2739
-2640
-2687
-2778
-2740
-2497
-1924
-1180
-846
-838
-691
-195
493
1243
1927
1994
1661
1560
1746
2153
2492
2587
2298
1757
1402
1273
1152
1110
984
528
44
-219
-456
-637
-667
-600
-541
-626
-656
-698
-776
-718
-412
-50
224
356
373
501
843
1191
1510
1825
1843
1832
2031
2348
2697
2903
2919
2975
2958
2862
2897
2873
2696
2419
2284
2275
2197
1939
1700
1505
1414
1494
1497
1072
-109
-1600
-2845
-2991
-2285
-2037
-2360
-3391
-5223
-6612
-6338
-5120
-4480
-4687
-5375
-6420
-6887
-5931
-4315
-3115
-2730
-2878
-2858
-2434
-1520
-398
274
750
1146
1497
1977
2357
2294
2012
2257
2891
3318
3380
3053
2403
1924
2024
2552
2799
2284
1344
625
442
510
734
685
42
-779
-1210
-1243
-1229
-1225
-1449
-1751
-1779
-1596
-1446
-1377
-1307
-1347
-1087
-572
-3
254
182
288
503
901
1435
1821
1776
1485
1309
1276
1504
1662
1643
1469
1068
746
500
331
213
-5
-300
-629
-867
-1024
-1268
-1341
-1190
-1158
-1129
-970
-935
-896
-743
-461
-50
271
549
834
1002
1169
1438
1728
2020
2307
2475
2501
2534
2655
2731
2733
2829
2796
2512
2312
2284
2145
1913
1724
1577
1440
1236
1197
1068
753
572
651
843
849
473
-485
-1660
-2573
-2554
-2005
-1863
-2122
-3179
-4837
-5718
-5387
-4656
-4203
-4229
-4886
-5817
-6078
-5321
-4138
-3323
-2874
-2713
-2679
-2375
-1726
-999
-403
171
823
1437
1933
2209
2041
1940
2373
3027
3530
3766
3458
2756
2280
2424
2853
3079
2814
2162
1492
1009
845
846
728
255
-293
-659
-967
-1249
-1455
-1720
-1840
-1717
-1613
-1571
-1621
-1781
-1924
-1682
-1105
-672
-509
-495
-546
-473
-33
653
1129
1181
1030
892
892
1151
1454
1435
1211
944
709
677
701
637
332
-152
-421
-511
-602
-631
-735
-1007
-1189
-1189
-994
-773
-656
-620
-602
-406
-152
116
412
637
766
916
1209
1544
1724
1870
2074
2238
2378
2502
2608
2670
2599
2574
2627
2585
2427
2140
1965
1770
1572
1458
1325
1213
1012
874
844
859
808
706
578
92
-741
-1621
-2201
-2213
-2075
-2081
-2293
-3204
-4560
-5158
-4884
-4450
-4063
-3953
-4435
-5085
-5108
-4397
-3457
-2604
-2017
-1803
-1588
-1160
-648
-79
480
1031
1566
2080
2484
2523
2229
2050
2243
2624
2947
2968
2589
1893
1354
1285
1457
1565
1293
873
461
117
-7
43
-119
-490
-724
-912
-991
-1062
-1176
-1411
-1530
-1405
-1270
-1103
-1028
-1108
-1246
-1198
-882
-537
-290
-73
40
55
169
285
358
435
430
493
663
681
591
421
209
138
238
351
326
176
-187
-555
-585
-398
-241
-97
-114
-373
-608
-586
-355
-101
160
303
326
411
568
821
1140
1384
1583
1776
1899
1998
2100
2173
2304
2424
2519
2472
2391
2240
2063
2050
2079
2036
1902
1636
1287
1010
855
893
952
911
822
710
587
493
479
520
592
570
455
176
-469
-1277
-1888
-2109
-2071
-1977
-1994
-2482
-3364
-4032
-4269
-4167
-3833
-3559
-3607
-3851
-3991
-3911
-3578
-3082
-2623
-2195
-1768
-1377
-1085
-896
-692
-462
-125
491
1072
1337
1364
1226
1051
1076
1313
1554
1695
1669
1454
1192
1042
868
706
712
808
832
727
544
190
-249
-429
-325
-134
-10
-75
-301
-640
-895
-907
-675
-471
-446
-434
-473
-555
-529
-456
-391
-322
-238
-87
56
84
5
-62
-78
54
329
521
529
367
113
-57
31
329
605
769
752
578
461
446
610
779
863
891
876
892
887
878
888
907
970
1085
1219
1320
1310
1265
1314
1424
1516
1642
1754
1725
1639
1571
1477
1382
1325
1283
1201
1108
1007
798
602
518
440
334
321
327
263
174
167
171
75
73
124
179
202
163
153
60
-94
-272
-553
-933
-1267
-1578
-1810
-1871
-2058
-2389
-2757
-3126
-3386
-3502
-3445
-3331
-3342
-3409
-3431
-3359
-3218
-3022
-2718
-2362
-2036
-1682
-1253
-991
-814
-629
-403
21
466
825
1051
1090
1064
1138
1282
1529
1768
1799
1798
1754
1585
1427
1306
1295
1339
1374
1424
1341
1061
730
481
343
315
302
259
114
-151
-381
-602
-793
-892
-954
-997
-948
-849
-841
-862
-854
-806
-680
-430
-88
142
144
134
218
295
518
872
1092
1131
1076
1015
944
893
926
918
889
858
795
731
665
606
555
524
510
544
564
571
595
589
551
536
610
698
759
810
881
895
897
957
958
967
1013
1133
1221
1254
1198
1048
846
694
674
685
680
645
531
309
71
-100
-228
-274
-208
-201
-278
-510
-768
-941
-1014
-868
-590
-403
-396
-509
-731
-934
-1024
-1044
-1066
-1153
-1273
-1413
-1569
-1723
-1936
-2115
-2239
-2317
-2286
-2236
-2322
-2488
-2574
-2612
-2522
-2238
-1961
-1778
-1638
-1496
-1346
-1164
-856
-531
-207
138
455
724
888
1020
1133
1266
1511
1752
1920
1985
1931
1780
1692
1714
1716
1695
1654
1512
1324
1155
944
735
533
305
146
3
-179
-369
-617
-884
-1009
-1028
-1006
-907
-893
-925
-975
-970
-799
-608
-394
-126
61
184
329
457
605
765
948
1161
1291
1393
1404
1356
1387
1391
1381
1369
1318
1190
1005
863
722
556
424
327
245
132
-16
-140
-217
-296
-314
-256
-227
-234
-226
-160
-87
-2
73
161
249
313
416
518
570
584
554
550
618
616
554
504
445
317
194
259
230
45
14
-87
-275
-280
-285
-317
-317
-403
-441
-483
-489
-441
-477
-449
-401
-453
-430
-382
-398
-382
-414
-390
-398
-527
-582
-648
-696
-698
-702
-671
-728
-871
-951
-1010
-1035
-964
-975
-960
-946
-995
-941
-847
-820
-764
-688
-616
-438
-314
-217
-174
-194
-138
-88
120
358
449
550
559
493
524
531
512
536
550
580
531
510
437
205
76
36
9
-7
-78
-193
-355
-505
-514
-476
-477
-483
-524
-524
-490
-409
-302
-245
-211
-159
-33
138
314
430
507
602
654
716
813
850
855
909
977
1004
985
864
691
570
558
559
655
701
539
363
151
33
-33
-40
33
-13
5
3
-141
-142
-237
-345
-188
-99
77
241
226
332
261
311
467
462
590
627
602
730
694
653
668
485
448
437
423
438
412
322
95
-116
-252
-386
-442
-349
-304
-360
-299
-391
-532
-490
-530
-504
-413
-355
-239
-216
-273
-280
-391
-424
-416
-355
-204
-168
-116
-159
-283
-315
-349
-336
-226
-123
-75
-91
-157
-265
-375
-398
-415
-307
-235
-272
-248
-382
-442
-538
-638
-537
-545
-467
-340
-375
-345
-461
-648
-631
-697
-632
-499
-468
-340
-415
-435
-392
-543
-480
-434
-442
-224
-175
-203
-141
-287
-298
-265
-286
-104
-5
49
195
162
71
85
-16
79
305
386
762
809
726
920
686
717
889
899
1171
1215
1178
1215
853
842
745
610
934
834
902
865
541
505
224
151
346
284
449
466
259
216
-52
-100
-35
-87
109
140
46
74
-12
-145
-121
-221
-210
-136
-209
40
74
-23
89
-138
-134
-53
-168
138
165
50
221
-35
-30
45
-179
96
10
16
184
-101
63
-133
-366
-211
-411
-290
-126
-333
-99
-317
-432
-249
-546
-330
-274
-347
-72
-245
-288
-149
-488
-297
-315
-363
-74
-200
-147
-133
-333
-339
-410
-410
-208
-331
-159
-43
-288
-209
-307
-419
-162
-275
-168
11
-262
-96
-158
-329
-83
-291
-267
14
-244
49
47
-238
203
-172
-111
208
-171
207
152
-99
299
-44
-4
193
-142
253
103
102
415
4
213
184
-119
270
151
72
445
208
281
384
51
296
242
181
612
380
472
589
147
484
314
157
597
175
386
484
10
349
4
-169
67
-357
-147
-50
-331
-77
-353
-418
-244
-600
-280
-351
-435
-10
-239
-137
42
-259
-111
-71
-84
158
40
171
300
86
286
205
219
382
380
408
554
391
367
446
168
383
365
207
493
187
156
201
-245
-34
-170
-361
-115
-337
-333
-286
-546
-361
-494
-470
-291
-510
-332
-219
-331
-138
-160
-179
-33
-156
84
80
89
244
151
236
185
61
167
74
89
152
157
136
119
69
-84
-95
-126
66
-58
23
42
-159
-200
-158
-311
-126
-144
-203
69
-308
-7
-150
-338
-83
-300
-206
-80
-194
33
-128
-192
-66
-278
-173
-131
-142
-136
-86
-217
-66
-144
-185
-121
-44
-56
81
111
-2
44
21
19
-32
211
127
146
211
205
246
164
210
207
122
162
309
107
272
101
-8
59
-15
7
156
-78
-14
59
-135
92
66
-20
37
-63
-1
147
50
252
76
52
137
84
196
292
237
323
269
152
356
152
226
200
171
341
74
260
135
-100
140
-32
-60
140
-173
-66
-106
-261
-51
-267
-189
-135
-343
-76
-217
-247
47
-291
-127
60
-229
118
1
-105
141
-100
62
159
-170
208
-11
-149
266
-188
38
37
-249
40
-39
-155
151
-125
-56
-52
-196
-86
-87
-159
-90
-160
-246
-124
-332
-104
-279
-245
-187
-340
-216
-240
-301
-217
-270
-146
-171
-215
-19
-282
-41
-24
-85
79
81
-41
108
23
34
164
62
254
141
182
195
112
164
212
77
216
246
68
205
138
-59
254
-72
75
147
-215
233
-129
14
205
-34
63
132
-174
71
-93
-58
205
-90
148
18
-93
55
-69
-20
89
43
96
86
55
81
105
110
268
202
291
240
189
226
185
144
239
214
139
271
53
224
74
86
146
-82
121
23
45
69
61
28
-21
2
-27
-31
44
72
64
41
116
-85
-37
-49
-59
-38
74
-41
-2
-82
-212
-120
-280
-67
-143
-137
-81
-259
-258
-246
-313
-209
-224
-124
-204
-175
-188
-253
-179
-223
-156
-129
-151
-50
-124
-171
-58
-261
-4
-127
-42
56
-71
127
-56
102
8
39
20
97
65
74
101
8
-31
-36
-11
-112
98
-24
3
-5
-198
-1
-162
-58
77
-183
108
-150
-121
-91
-129
-62
-40
26
-47
72
-120
30
-78
-62
-49
-17
-7
10
16
-8
46
21
74
19
114
53
25
152
82
73
173
-28
93
118
-37
240
51
102
175
-62
190
24
57
207
11
151
194
136
199
211
93
154
219
115
288
188
146
243
55
138
117
84
126
60
105
27
-8
22
-55
-58
14
-97
31
-113
-4
-105
-87
-24
-122
-94
-69
-172
-45
-85
-138
-8
-198
-92
-134
-34
-188
36
-178
-81
-100
-120
-62
-123
-34
-88
-2
-70
94
-117
71
-109
31
-47
53
36
-20
80
-149
42
-99
-113
-82
-88
-196
-22
-208
-67
-167
-56
-144
-35
-135
-5
-40
-171
77
-145
27
-61
-8
-98
73
-130
77
-24
-38
79
-88
51
15
4
82
21
31
131
-26
126
94
39
173
72
108
180
-17
149
13
13
164
-41
179
75
26
161
-31
51
119
-23
93
133
-76
151
-13
-17
149
-136
90
41
-57
113
7
-117
196
-256
97
48
-214
232
-200
105
30
-44
73
39
-61
132
-43
58
127
-4
69
67
1
91
2
69
76
-33
125
-50
36
-36
13
-64
82
-131
65
-135
-125
-29
-216
37
-153
65
-144
17
-154
-101
-74
-135
13
-51
-2
51
-61
-17
-6
-98
98
-22
54
138
15
79
73
14
76
77
182
56
159
115
-53
101
-44
0
12
-47
9
-55
-32
-98
-97
-162
-142
-132
-150
-114
-104
-161
-118
-150
-148
-46
-99
9
20
-35
100
18
39
124
10
184
126
147
177
127
90
75
24
37
49
33
81
-67
79
-110
-6
-121
-83
-16
-188
62
-168
-61
-22
-163
-68
-31
-118
14
-73
-46
43
-136
58
15
-106
73
-51
36
79
84
39
89
60
-23
127
36
210
113
166
109
119
120
99
178
52
166
47
68
74
20
10
19
-25
-18
52
-18
62
37
-28
76
7
-9
103
-46
50
122
-35
134
34
-33
54
-46
28
-9
-9
-7
-55
-39
-47
-49
-76
-7
-63
-27
25
-70
11
-88
-9
-73
92
-40
21
91
-200
137
-164
18
34
-98
83
-98
6
-51
-69
-36
-117
-27
-106
-62
-68
-112
-93
-136
-65
-193
-50
-161
-83
-112
-98
-105
-72
-94
-98
-53
-139
58
-157
55
-39
-111
48
-82
-58
107
-96
79
51
-114
151
-152
114
-14
23
64
-46
85
-69
38
12
-2
19
54
0
20
40
-34
76
16
42
130
-45
201
2
70
152
-35
193
-3
126
48
99
139
60
153
22
79
60
42
105
85
31
77
4
18
31
10
49
37
-18
32
-51
-36
47
-53
80
-25
29
-60
-31
-66
-32
43
-26
146
-52
76
-6
-53
104
-30
53
160
-48
163
-14
15
93
-37
188
-22
132
62
53
19
74
-16
-21
50
-135
102
-165
22
-46
-180
37
-196
-39
-99
-131
-4
-202
-37
-163
-121
-74
-166
-15
-157
-3
-119
-79
-63
-154
27
-135
-5
31
-147
96
-106
-60
84
-157
96
-28
-56
69
-92
6
48
-80
84
19
-60
175
-55
101
58
14
150
-6
137
31
40
105
-45
107
10
-1
138
-61
72
-23
-4
-79
19
-9
-60
135
-122
96
-62
-31
36
-73
56
-22
-39
17
-29
-66
67
-96
-17
0
-112
42
-51
-34
27
-113
78
-39
-85
115
-93
50
41
-54
114
-47
27
58
-87
67
2
11
21
21
-30
-6
-19
-60
-1
-79
38
-26
-17
39
-59
-12
-43
-21
-7
33
20
26
60
-56
86
-30
84
82
-4
150
-67
95
74
-104
161
-73
40
82
-106
161
-89
-17
42
-122
26
1
-38
27
-19
-31
-66
45
-105
18
4
-88
103
-112
104
-60
-45
77
-75
30
118
-71
55
91
-105
157
-2
26
129
-43
131
-8
45
65
-14
75
-38
103
-58
65
-5
-33
97
-52
23
19
-44
45
-9
4
59
-62
12
-20
-10
16
3
52
-41
-22
46
-134
20
29
-181
123
-95
-110
55
-228
-5
-90
-176
58
-161
-53
-43
-168
-33
-57
-142
61
-87
-68
65
-121
-2
50
-53
20
68
-91
94
-22
-20
117
-28
62
39
-28
58
-18
1
83
-62
110
-5
-50
82
-110
-26
45
-64
11
76
-106
54
-45
-81
21
5
27
75
16
29
32
-74
80
0
7
161
-17
39
109
-96
125
-4
1
97
7
19
48
63
-68
63
8
-13
98
32
-5
53
-1
-53
76
-9
4
128
-85
65
-37
-19
103
-114
185
-21
-12
129
-87
-8
29
-15
24
71
45
-14
27
-56
-34
37
-53
77
11
-64
2
-91
-98
-19
-91
-2
-26
-88
-33
-95
-147
0
-88
-45
63
-56
-39
-31
-86
-89
82
-95
91
66
-116
88
-81
-91
44
-32
-9
34
-32
-65
-14
-96
-69
25
-115
58
-49
-64
-29
-62
-23
-28
64
-65
73
-8
-37
100
-20
35
94
-4
37
89
-44
84
59
-38
172
-33
7
170
-74
109
157
-32
132
77
-80
106
-31
-17
141
-44
33
43
-107
-9
-13
-65
48
-17
0
-27
-70
-38
-60
27
-29
78
16
-4
47
-39
59
-15
27
84
23
0
101
-39
34
51
-14
54
-14
102
-35
34
62
-48
84
-16
13
65
-63
38
16
-87
34
-34
-47
10
-58
-16
-43
-60
-17
-75
-37
-45
-22
-66
-53
14
-89
16
-20
-20
37
-32
-12
54
-34
4
78
-36
22
84
-89
36
22
-85
72
-20
-44
28
-56
-75
28
-94
-38
17
-87
36
-64
-9
-27
-56
-6
-36
35
-39
29
1
-59
38
-19
10
62
-19
78
-12
14
85
-28
78
61
14
80
6
21
44
-9
57
31
21
33
3
-1
14
-13
24
11
-15
21
-13
-11
21
4
-25
62
-60
35
61
-99
110
-15
-49
102
-59
0
45
-79
60
-41
-10
54
-73
7
-10
-57
13
3
-37
15
-40
-50
8
-59
-33
41
-31
2
21
-74
-18
-24
-51
2
-9
7
1
-40
-58
-43
-75
7
-16
3
22
-42
-13
-55
-31
-32
50
-27
40
37
-72
28
-36
-23
10
35
-18
27
25
-86
23
-23
-23
51
-12
-7
0
-10
-15
-3
-12
19
8
1
7
-22
-6
-9
-28
13
10
-25
53
-75
9
13
-67
81
-41
27
18
-16
20
17
33
17
45
11
63
27
59
66
7
85
19
-2
74
33
9
103
7
33
57
-20
71
33
9
59
-26
5
-15
-45
3
-25
22
9
-35
-23
-15
-43
-18
13
-33
4
15
-52
-26
-38
-31
-9
11
0
-5
13
-35
-41
-21
-54
35
19
-7
16
7
-34
17
8
16
70
29
67
1
25
10
-22
57
22
5
49
-24
12
-16
-22
14
-2
18
-3
1
-26
-9
-24
3
-38
3
-20
-30
19
-15
16
5
-14
-23
-13
-58
9
12
-35
6
-5
-80
39
-42
-9
27
-56
29
-53
-15
-7
-43
-8
-8
-29
-7
-24
-3
-22
-37
-25
-12
-20
-17
-3
-23
-40
-12
-2
-58
52
-31
-12
12
-25
30
-15
29
6
19
13
3
34
-14
40
12
1
51
7
50
17
7
37
11
-2
47
-5
-22
55
-42
-2
56
-59
23
-4
-54
21
-17
4
14
-8
-20
-33
-8
2
25
20
27
18
-29
29
-26
42
45
20
70
-5
19
4
14
22
53
17
36
40
-6
20
17
16
31
55
2
41
29
-26
2
-21
1
36
-8
42
-35
-22
-25
-49
0
-4
-8
-6
-31
-29
7
-47
10
-1
-19
-13
2
-19
-17
-9
-44
-4
-28
-14
-9
-33
-21
-34
-43
-21
-44
-19
-25
-50
12
-49
-11
-2
-20
-10
-12
-4
-3
-1
5
6
-8
13
-4
-9
17
-7
-3
5
-9
-9
5
-29
1
-7
-42
11
-14
10
-6
-22
-11
-30
-3
-24
-14
32
-4
-7
30
-21
15
11
-4
6
6
15
13
29
11
17
2
17
3
8
33
9
18
13
-13
5
11
-1
0
23
-25
5
-9
-13
4
-13
7
-12
23
0
20
12
-14
9
12
-35
49
38
-19
59
-9
0
32
0
33
44
-2
14
14
-27
13
3
-12
40
4
3
21
-28
3
0
-27
20
16
-7
27
1
-26
0
0
-14
24
-5
-10
2
-22
-3
2
-7
6
11
-14
10
0
-5
-5
12
-8
5
7
0
23
-9
-3
-14
-9
-6
-24
-29
-10
-27
-33
-12
-38
-27
-12
-33
-40
-16
-22
-27
-10
-37
-17
-25
-14
18
-6
13
-11
5
-2
-6
-1
20
8
7
28
-6
11
12
-13
1
13
-2
19
1
-11
-1
-22
-10
-12
8
-7
-3
8
-44
-4
-18
-22
15
3
7
7
-19
-3
-11
-12
19
3
5
0
18
-7
8
11
7
24
9
22
19
3
16
7
18
13
17
39
3
15
7
1
12
35
0
22
13
-7
17
5
26
28
17
20
11
7
32
18
24
31
13
10
21
-12
19
-3
-10
23
-24
21
-18
-14
0
-44
4
-12
-18
0
-34
-28
-10
-33
-9
5
-12
8
-24
-15
-5
-35
27
-34
-17
9
-34
10
-9
-10
-8
-3
-17
-11
-2
-22
16
2
-32
7
-20
-9
4
-2
1
-1
17
-20
-13
-12
-12
-13
-6
-1
-23
36
-37
-12
10
-48
19
9
-2
14
16
-7
14
11
-1
23
-10
9
25
-9
25
16
-22
29
-20
-7
15
-17
21
-8
-24
11
-10
-9
9
7
-6
7
13
-22
15
-5
-9
11
-4
-1
29
-14
7
8
-27
25
-5
30
7
-7
8
-19
-7
14
16
21
35
8
0
-4
-2
-11
24
12
20
11
-17
1
-12
0
3
12
14
-6
1
-2
-28
20
-13
-6
28
-13
-2
-5
-23
-1
2
-5
8
-2
-4
-21
1
-3
-8
9
-25
-4
-9
-21
-1
-7
-6
15
-17
0
3
-24
8
-18
-19
7
-20
-7
3
-26
-6
-15
-29
0
-18
-19
8
-29
-8
7
-16
-4
-4
-10
-8
10
3
15
-8
0
5
-15
14
11
11
14
-5
3
-1
0
15
2
-4
12
4
0
9
5
15
15
6
-3
5
-6
11
2
2
13
6
7
-5
-10
1
-6
4
17
-10
7
-5
-3
-7
-5
20
-8
15
12
-9
3
-13
9
-12
-3
19
-7
3
-8
-15
-14
-2
-10
9
-5
-7
-6
-4
0
0
10
-2
16
7
-1
6
14
11
29
6
12
17
9
20
4
11
2
5
-2
-1
5
-4
-7
-10
2
-15
-6
-12
-14
-2
-21
1
-13
-5
-18
-11
-13
-2
9
-25
21
-30
1
13
-33
7
-6
-8
2
-3
0
-8
-10
-7
-11
2
2
-13
5
-1
-19
-6
-9
-20
0
-7
-14
9
-14
-14
5
-18
0
-1
-11
7
-9
-12
-3
-10
6
10
2
5
-9
7
4
1
6
10
0
-8
9
-1
2
11
-13
1
7
-1
10
5
-22
-7
-6
-8
19
-6
-11
-9
-13
-5
3
6
-1
14
-9
0
-9
4
18
-4
10
-2
13
8
4
18
2
9
15
7
17
11
-8
18
-3
4
21
2
15
8
-1
2
18
5
22
3
-6
9
9
3
7
10
-6
10
4
8
11
6
8
-1
11
4
-6
9
-5
2
5
-3
0
-8
-9
-7
-11
-20
9
-2
-19
-6
-35
-20
-15
-21
-6
-10
-7
-14
-21
-20
-20
-3
-7
-6
-17
2
-17
-5
1
-9
3
3
0
-10
12
-14
4
13
-15
1
-3
-12
3
-2
-4
6
-14
-5
0
-9
-2
-11
-2
-2
-9
1
-9
-3
0
-13
6
0
-3
3
-8
-1
-7
6
8
2
0
2
-14
-6
11
-8
21
8
4
9
-11
0
3
1
7
-5
16
1
-6
7
-10
-3
6
3
7
18
0
-2
-4
-2
14
11
5
22
6
6
12
-1
10
3
7
12
-2
8
15
-18
10
-7
-6
7
-4
6
-3
-3
-2
-4
-1
8
3
4
-6
5
-4
-7
-1
-2
-1
-3
-6
-8
-1
-12
-1
-14
-12
4
-10
-7
-7
-12
-5
-3
-4
1
-6
-4
3
-6
-10
10
-9
2
9
-15
5
-10
-12
10
-16
-8
8
-13
-12
-5
-19
-2
10
-8
8
-10
-14
5
-14
0
12
2
6
1
-12
4
-3
0
4
-2
3
-1
-10
4
-7
-7
1
-12
8
-7
2
-9
-5
3
-15
17
-8
-1
10
-10
13
-3
-1
4
6
-5
3
10
2
13
0
-2
6
2
6
9
4
10
0
2
9
5
5
7
4
7
9
-5
8
-3
6
8
-5
12
5
8
-5
-12
10
0
1
9
0
0
-1
-9
4
7
-8
16
1
-10
2
-6
2
4
1
-5
0
-4
1
-5
-10
3
-3
-7
2
-10
4
-3
-11
-1
-4
1
-4
-6
-1
4
-7
-4
3
0
-1
-1
-1
-8
6
-5
-3
2
-6
4
-7
2
4
1
-1
-5
5
-5
-5
5
5
-1
9
-6
-1
-1
-2
0
1
4
-5
9
-9
-5
1
-1
3
0
-4
1
4
-5
-7
-5
-3
-3
5
1
-9
5
-8
-3
-1
-5
-1
-11
2
-5
-3
-1
-2
1
-1
-8
3
5
5
0
-8
11
-6
11
5
-11
15
0
-13
5
8
9
4
-3
3
-5
8
-2
8
7
-2
0
-5
4
7
-1
2
8
0
5
4
3
-3
-3
8
1
1
7
-1
-9
7
-1
5
4
0
3
-2
-8
0
4
4
1
5
0
-6
12
-3
0
1
0
14
3
-8
5
2
1
3
-13
10
14
-5
-3
-3
-1
8
2
-3
-1
-1
7
-3
-6
2
-5
8
-4
-1
6
-5
5
-4
0
2
-1
2
-5
-3
-2
4
1
3
5
-1
3
-2
1
-2
-3
0
4
9
-1
-7
1
-3
2
2
5
10
2
0
1
-9
2
9
-1
8
-1
5
0
0
2
-3
-5
9
3
2
2
-1
-4
1
-4
-1
8
1
2
-6
0
9
4
1
1
-4
-2
-1
6
2
-6
7
-2
-5
5
-3
8
5
-6
2
6
-1
5
2
-8
10
10
-4
8
2
5
4
-7
7
4
5
2
-2
-2
4
1
2
3
-1
2
-5
3
0
-1
1
-3
4
-2
3
-2
-3
2
-5
3
-3
6
7
-9
2
-4
2
-2
-8
5
1
-2
-3
0
-7
3
-4
-7
2
1
-1
-5
-2
-6
-1
-5
-5
-1
1
0
-3
-5
1
-10
-2
1
-11
2
-4
-3
6
-9
-3
0
-1
-3
-1
-6
-2
7
-11
4
-7
-5
4
-7
0
1
-2
-2
3
-5
3
1
-6
6
-2
3
3
1
8
-3
-5
6
6
6
9
0
2
-3
4
-1
3
2
-1
11
-7
-7
2
2
6
7
-4
-3
2
2
-1
-3
-1
5
7
2
5
-8
2
6
-8
7
2
9
5
