SAMPLES:	14192
BITSPERSAMPLE:	16
CHANNELS:	1
SAMPLERATE:	16000
NORMALIZED:	FALSE
-5
1
10
12
20
7
2
-4
3
2
3
5
8
12
4
16
0
-5
-6
5
11
11
14
8
4
2
5
-2
0
7
1
8
8
-8
2
-1
13
6
1
12
11
17
-1
1
-2
-3
3
8
6
-2
1
5
2
4
-3
6
10
-4
-2
-6
2
-8
-4
-8
-16
-7
-2
2
1
6
0
5
0
-11
-10
-2
-4
-5
8
22
7
5
15
5
16
12
11
18
2
-2
2
-10
-6
4
-7
-1
-7
-5
4
-2
8
-8
-2
1
3
16
-9
-8
6
4
9
13
8
10
1
1
-1
2
8
13
9
3
1
-1
2
-13
-14
-14
-6
2
3
-5
-6
-2
-2
-9
5
-1
-15
-5
-5
4
-11
11
9
-3
2
-10
-8
-9
0
-5
4
4
6
15
9
16
13
17
16
8
16
3
5
1
-2
-9
-1
5
-1
2
-16
-4
-9
-13
-9
-14
-2
-4
2
-6
-6
-3
-5
0
-8
-9
-6
-2
-3
-6
-15
-18
-7
-5
-1
0
1
-7
-5
1
2
2
-4
2
10
3
6
4
-5
-2
0
-4
5
5
4
3
0
5
0
-6
-15
0
-2
-14
-8
-2
2
-4
-7
-6
-17
-6
1
-8
-8
-8
-2
-4
-4
-7
-4
-7
-15
-11
-15
-7
-4
-3
-4
-3
2
2
5
3
3
3
-1
-6
-6
-3
11
-3
-1
0
-11
-2
-5
-2
1
-6
-3
-1
-15
-14
-9
-11
-8
-5
-10
0
11
10
3
-2
0
0
-7
-8
0
-5
-4
-7
-7
-3
-20
-7
-19
-14
-3
-12
-7
4
-4
-8
3
-1
3
3
6
0
0
-6
-8
1
4
13
5
7
6
2
-6
-1
6
-4
-8
-3
-12
-12
-6
-17
-4
-2
-3
4
-8
-6
-12
-11
-2
1
2
1
2
-13
-18
-17
-19
-16
-4
2
0
-3
9
-13
-9
7
-1
4
1
-2
-5
-14
-2
-4
2
3
-16
-3
-17
-21
-16
-22
-14
-14
-1
-5
-6
8
1
-2
-2
9
-5
-1
9
-4
6
5
10
9
6
3
-2
-3
-7
-15
-4
-4
-14
-6
-6
-10
-2
-1
-8
-10
-9
-3
-4
5
-1
-7
-6
3
-6
-12
-7
-11
-15
-7
-19
-11
-1
-12
-1
-8
-1
4
4
-5
6
7
-9
3
5
8
12
6
8
13
14
13
11
9
7
-1
5
12
5
7
17
12
6
9
6
19
15
-2
9
2
10
12
-4
1
10
7
-2
7
5
2
3
7
6
-1
-3
7
-1
4
6
0
2
-7
-9
-3
9
-1
-7
-5
7
-4
-10
-8
2
1
-5
2
-7
-5
-17
-13
-11
-17
-13
-20
-7
-11
-11
-6
-16
-11
-6
-5
-12
-13
-7
-7
-12
-6
-3
-11
-7
2
-7
-11
-7
3
-5
-8
-2
-13
-3
10
3
6
12
5
3
-2
-5
-5
10
5
8
9
0
13
-3
5
4
3
4
3
2
1
8
2
10
3
3
8
-1
7
8
6
5
8
4
11
18
15
3
6
12
9
7
15
8
12
12
-8
-6
-6
-7
-3
5
-1
-3
-5
-9
6
15
15
7
10
7
13
2
-1
8
-1
-2
-3
4
1
-5
-13
-3
-13
-23
-14
-25
-18
-16
-11
-14
-18
-7
-2
5
-17
-9
-4
-6
-10
-5
-1
-9
-4
-2
13
-3
-1
-5
2
1
0
10
4
9
2
2
-2
3
-3
0
8
13
12
-1
6
6
-2
18
21
6
11
19
14
6
6
1
2
-2
-5
-1
0
4
11
-9
0
10
0
-4
0
5
-3
-5
11
8
2
-2
2
4
15
16
10
10
12
12
-2
9
-1
0
-2
-9
-1
-9
2
2
-4
-5
-2
1
3
0
-14
-10
-14
-2
-4
-4
0
-5
-5
-3
-3
-7
-7
-5
-1
-13
-5
-20
-6
2
-2
8
-18
-3
5
10
1
-9
5
-5
3
6
3
1
0
14
-2
-6
5
1
5
8
2
-2
-3
-4
10
-2
6
3
-5
-3
-4
2
2
5
0
2
3
6
2
1
13
1
-3
4
0
-18
-9
2
-4
8
7
11
12
9
12
4
18
9
-2
6
5
-1
2
-4
-5
-1
3
0
3
9
-3
-1
3
4
3
1
-6
-3
8
0
8
17
13
4
3
1
-5
-3
-6
0
-5
-10
-3
-3
-3
-4
4
-5
6
-3
5
13
0
0
-7
-5
-4
10
3
-1
1
-11
10
-2
-6
8
-2
1
-1
-2
6
6
2
-7
-3
9
-2
-3
-3
6
6
3
11
9
13
7
21
24
9
11
5
12
13
-2
-1
8
10
7
-4
-5
4
-8
-5
-3
-5
10
5
4
5
3
7
14
9
2
4
-2
-9
2
1
-1
6
-6
0
-2
3
-10
-3
5
-8
1
-7
-6
7
2
-12
5
3
-3
-8
-7
-1
-7
-10
-2
1
-6
7
-2
-1
7
-2
-5
-7
-9
-6
-2
-9
-21
-14
1
-5
-6
-8
-3
-7
0
0
3
10
-4
5
4
4
3
7
-2
-3
-15
-9
11
-10
5
2
-3
9
7
11
12
11
8
7
12
12
2
2
-3
-9
6
-1
-7
-3
10
0
-6
-1
5
-3
-15
-14
-6
6
12
11
3
4
2
2
-1
-6
-9
-10
-5
-2
2
-2
6
-2
-10
-14
-20
-22
-15
-18
-13
-2
-11
-6
-12
-6
-6
-15
-15
-5
-13
1
15
11
11
1
-7
-5
3
-6
2
1
-6
-5
4
0
-2
4
-17
-16
-28
-6
5
-4
-3
-3
-7
-15
5
-5
-5
0
-3
-8
-19
7
4
8
-5
-23
-14
-7
-7
-9
4
14
3
-2
2
-9
-2
14
16
25
23
20
17
5
1
-2
-5
4
6
3
15
35
40
38
26
6
17
6
-20
-4
-1
2
6
-5
-2
10
16
15
8
1
0
-7
-12
-9
-1
0
-1
2
-1
-3
-15
-19
-24
-22
-20
-22
-11
1
-6
-10
-8
-11
-11
-15
-11
-10
-2
-5
6
7
1
7
-1
-8
-16
-7
-8
-11
-2
-5
-5
-7
-6
-12
-20
-29
-25
-16
-21
-3
2
-1
0
-15
-22
-31
-30
-28
-17
-2
-10
-2
9
6
2
-15
-18
-9
-8
-5
-1
3
7
7
13
10
-3
-6
-12
-5
-1
-1
2
11
5
1
-1
-7
-6
-4
-4
2
-5
-5
5
7
5
-3
-19
-1
15
1
8
18
13
9
7
6
5
10
12
1
2
-2
2
8
1
-1
3
1
-9
-22
-12
-1
-9
-3
4
4
-8
-1
-3
-10
1
-1
2
2
6
12
21
12
12
7
-5
-2
-9
-10
4
0
1
9
9
20
17
15
8
4
-3
5
12
3
11
2
1
5
1
8
6
-4
-7
-3
-4
-2
7
-6
-1
0
-13
-7
-6
6
2
0
-19
-14
0
-3
-2
-20
-18
-6
-2
8
19
4
-7
-14
-15
-11
-12
-1
4
7
3
3
0
11
10
4
3
-5
6
12
4
18
17
11
18
7
-9
2
0
-11
9
14
16
18
22
17
8
8
4
1
4
12
7
2
-1
-1
-4
-4
-3
-2
13
6
18
17
7
6
-2
-6
-8
-8
-14
8
-11
2
5
-10
-14
-13
7
1
0
-5
-9
-4
6
5
2
-2
-7
-8
-2
4
2
4
9
12
11
6
7
1
-8
4
4
-3
8
13
9
3
12
6
3
6
3
-4
0
-3
-5
1
-6
-4
0
-5
-16
-25
-18
-9
-6
2
2
12
-2
-2
5
4
8
4
9
1
4
10
-2
0
-7
-25
-12
-3
-1
4
-9
-10
-8
-8
-4
3
5
1
6
8
-2
-3
8
15
5
1
10
4
5
5
0
6
-2
7
4
11
6
-3
1
-4
5
7
4
1
4
5
1
0
-4
-2
0
0
0
-10
10
18
18
3
-2
-2
2
15
12
16
20
14
15
11
13
27
22
7
8
6
12
13
-1
6
-1
-11
-9
-1
-2
1
6
4
4
0
-1
5
6
0
-3
-9
-3
7
3
1
-5
-11
-6
1
-3
-5
-8
-10
-5
5
13
5
5
-8
4
-2
-9
-5
-12
-2
-4
4
16
18
1
2
-1
1
9
-4
-9
-9
10
4
3
-2
3
14
10
6
-4
-3
-3
2
1
5
6
6
14
9
13
6
11
5
-9
6
2
9
11
12
19
17
17
4
17
11
12
4
-5
0
7
20
11
9
10
5
21
25
12
-5
-8
11
16
27
23
21
17
17
12
8
2
9
13
8
2
-12
-2
-13
-3
4
-8
-3
-10
-9
-18
-21
-12
-5
-24
-20
-9
-20
-4
-8
-21
-14
-7
-23
-24
-18
-26
-20
-31
-25
-33
-43
-34
-30
-39
-25
-15
-49
-54
-56
-54
-36
-32
-32
-36
-39
-46
-55
-48
-43
-46
-56
-63
-54
-45
-39
-45
-43
-48
-64
-52
-50
-50
-50
-47
-59
-52
-44
-58
-43
-39
-50
-41
-34
-30
-30
-23
-24
-25
-18
-15
5
7
8
15
29
29
18
24
31
53
54
58
70
60
68
70
73
87
86
83
86
99
101
94
90
91
96
98
97
109
96
106
112
98
104
85
92
80
77
69
71
83
71
61
50
67
72
53
57
60
36
44
40
33
40
27
23
13
6
1
-10
0
-9
-4
-12
-16
-12
-23
-15
-25
-32
-36
-36
-28
-31
-42
-34
-53
-72
-65
-61
-72
-65
-71
-79
-79
-93
-90
-101
-98
-109
-109
-113
-113
-116
-126
-123
-134
-130
-129
-127
-133
-129
-125
-132
-132
-141
-134
-126
-128
-131
-132
-120
-106
-98
-101
-81
-88
-79
-77
-73
-57
-63
-44
-38
-26
-13
10
16
17
19
38
44
35
49
64
64
62
72
73
86
95
96
110
115
119
122
123
146
162
159
159
158
169
163
157
165
164
151
150
156
156
157
148
142
137
144
152
143
143
145
141
141
128
115
107
91
56
60
66
58
64
58
69
57
52
49
47
50
43
36
25
36
27
15
24
14
4
12
-9
-6
5
0
6
1
-16
-20
-28
-33
-48
-61
-42
-65
-81
-96
-125
-125
-153
-164
-190
-214
-236
-261
-289
-322
-349
-383
-414
-422
-426
-427
-430
-457
-447
-450
-444
-428
-421
-372
-358
-340
-288
-244
-189
-147
-122
-102
-77
-58
-21
21
42
80
89
117
139
153
173
179
200
222
252
272
289
296
288
277
247
216
186
156
135
129
118
120
122
116
112
96
81
47
30
19
21
32
34
70
88
96
101
112
143
152
164
180
195
213
231
234
245
249
256
261
266
250
252
264
256
252
239
226
199
191
168
154
137
138
122
112
124
101
101
96
81
96
99
105
106
103
106
96
93
79
85
86
96
107
112
131
128
115
106
113
96
74
77
80
81
83
70
66
50
50
22
-12
-30
-45
-90
-127
-176
-232
-294
-392
-466
-534
-597
-647
-669
-691
-704
-703
-708
-716
-718
-725
-722
-711
-702
-669
-625
-574
-510
-465
-422
-377
-342
-303
-255
-212
-167
-132
-84
-24
42
95
138
163
177
203
216
264
285
300
323
339
353
356
347
313
265
210
175
144
131
116
113
118
131
137
114
68
-7
-129
-265
-388
-459
-408
-281
-68
198
463
708
892
964
927
811
625
435
277
188
177
225
332
462
566
628
600
520
364
205
33
-74
-89
-56
58
193
350
461
533
515
451
340
206
97
17
-5
37
136
255
393
533
619
653
652
558
424
294
171
82
50
105
211
339
456
546
583
563
486
372
259
136
32
-35
-74
-92
-123
-211
-328
-506
-763
-1045
-1349
-1650
-1920
-2112
-2222
-2271
-2242
-2166
-2068
-1972
-1873
-1786
-1725
-1650
-1566
-1442
-1300
-1124
-915
-683
-430
-177
64
264
420
517
570
602
624
623
632
659
717
791
878
960
995
991
940
838
707
575
450
343
271
217
204
210
196
160
85
-17
-133
-259
-394
-504
-579
-603
-567
-488
-391
-282
-188
-90
14
96
202
280
373
468
554
673
776
880
957
1017
1025
1008
964
898
821
734
670
631
618
609
614
601
584
566
518
466
390
325
278
254
292
344
427
515
576
639
682
698
689
686
692
711
745
798
839
854
838
780
707
624
572
520
479
448
453
497
543
607
647
670
663
660
631
576
467
290
30
-309
-700
-1177
-1716
-2246
-2745
-3149
-3460
-3710
-3852
-3934
-3924
-3831
-3664
-3414
-3166
-2934
-2693
-2472
-2230
-1980
-1701
-1401
-1089
-734
-346
76
481
881
1226
1492
1702
1821
1856
1825
1740
1639
1575
1540
1555
1558
1526
1445
1299
1141
941
736
509
301
121
-51
-183
-316
-468
-609
-743
-853
-955
-1052
-1110
-1177
-1197
-1188
-1166
-1109
-1015
-881
-701
-477
-226
71
388
702
976
1189
1373
1536
1678
1831
1946
1984
1920
1753
1553
1363
1171
960
738
527
346
220
127
37
-49
-109
-129
-97
-44
-83
-221
-340
-292
-30
410
907
1266
1464
1632
1813
1999
2189
2281
2269
2275
2303
2335
2289
2053
1724
1571
1641
1800
1894
1721
1243
728
425
390
526
626
599
513
411
242
-97
-766
-1749
-2827
-3769
-4507
-5140
-5855
-6564
-6971
-6933
-6458
-5735
-5166
-4966
-4952
-4876
-4550
-3990
-3382
-2824
-2150
-1241
-112
1109
2074
2610
2834
2965
3196
3465
3524
3275
2853
2480
2400
2599
2811
2799
2484
1954
1421
922
353
-339
-1052
-1649
-1972
-1956
-1805
-1655
-1588
-1559
-1460
-1288
-1188
-1225
-1360
-1491
-1468
-1178
-719
-258
207
603
957
1292
1490
1477
1359
1191
1087
1142
1298
1421
1496
1581
1687
1805
1814
1618
1209
709
182
-239
-516
-712
-826
-820
-659
-375
-93
110
215
236
319
478
685
883
1105
1381
1765
2270
2751
3134
3339
3380
3323
3236
3083
2860
2629
2470
2437
2522
2603
2533
2306
1969
1629
1276
898
491
83
-210
-278
-129
99
291
360
358
267
-11
-599
-1598
-2848
-4059
-5015
-5629
-6025
-6372
-6617
-6592
-6372
-6041
-5733
-5730
-5921
-5983
-5687
-5074
-4322
-3542
-2741
-1785
-635
572
1579
2104
2182
2100
2119
2299
2514
2648
2737
2879
3151
3472
3612
3376
2756
1986
1304
761
299
-129
-528
-818
-931
-883
-837
-930
-1179
-1457
-1678
-1820
-1897
-1928
-1872
-1656
-1291
-778
-233
208
550
766
895
930
912
918
1020
1222
1412
1626
1861
2047
2215
2339
2327
2139
1805
1446
1114
813
539
285
79
10
25
67
92
-10
-178
-292
-270
-152
44
283
570
908
1336
1810
2235
2581
2801
2965
3112
3200
3217
3218
3169
3092
3034
2996
2961
2822
2585
2321
2025
1720
1418
1114
788
461
184
51
51
89
179
290
336
265
11
-511
-1342
-2453
-3628
-4697
-5521
-6153
-6632
-6812
-6766
-6574
-6380
-6216
-6198
-6366
-6417
-6163
-5651
-5017
-4213
-3176
-2018
-840
237
1064
1545
1691
1763
1921
2089
2290
2528
2871
3237
3517
3644
3511
3132
2529
1901
1346
814
342
9
-146
-210
-263
-366
-557
-816
-1131
-1435
-1682
-1931
-2120
-2114
-1892
-1521
-1145
-836
-543
-288
-66
151
335
434
483
628
900
1228
1532
1771
1943
2084
2202
2215
2169
2039
1804
1579
1449
1309
1114
897
667
450
233
81
8
-37
-91
-96
-57
14
101
275
553
850
1170
1520
1935
2323
2613
2832
2986
3045
3071
3101
3128
3070
2934
2837
2784
2737
2608
2394
2156
1851
1537
1287
1038
758
503
413
493
640
771
864
913
856
651
220
-539
-1615
-2877
-4040
-4964
-5731
-6325
-6774
-7016
-7029
-7006
-6998
-7026
-7235
-7455
-7352
-6898
-6181
-5265
-4154
-2879
-1662
-565
347
984
1268
1373
1552
1807
2188
2683
3262
3792
4116
4181
4051
3712
3146
2491
1888
1348
890
631
541
491
318
19
-341
-748
-1175
-1577
-1872
-2110
-2289
-2254
-2022
-1730
-1492
-1334
-1236
-1124
-959
-712
-414
-118
187
487
869
1231
1484
1673
1824
1982
2144
2257
2347
2416
2336
2232
2107
1871
1518
1130
792
513
260
43
-100
-192
-275
-303
-259
-241
-258
-191
29
321
675
1067
1496
1909
2255
2560
2816
2963
3028
3095
3158
3161
3137
3110
3076
3052
2966
2827
2653
2450
2213
2025
1843
1617
1387
1140
983
954
921
848
822
721
473
80
-567
-1536
-2787
-4082
-5223
-6097
-6788
-7303
-7435
-7342
-7301
-7232
-7082
-7169
-7383
-7328
-6908
-6229
-5382
-4252
-2902
-1638
-607
356
1174
1512
1562
1706
1926
2191
2651
3263
3839
4156
4176
4100
3856
3280
2547
1918
1360
868
652
653
601
354
-54
-500
-942
-1405
-1789
-2006
-2227
-2381
-2245
-1951
-1657
-1420
-1283
-1227
-1127
-929
-662
-335
-99
123
421
763
1133
1411
1539
1592
1712
1873
2067
2278
2381
2339
2232
2094
1887
1616
1199
742
400
127
-34
-45
-40
-115
-250
-316
-325
-328
-247
-96
140
474
949
1500
2005
2375
2590
2775
2952
3078
3203
3337
3371
3355
3437
3506
3496
3414
3143
2784
2499
2215
1961
1810
1572
1291
1194
1153
1138
1186
1097
903
750
520
96
-496
-1457
-2757
-4020
-5158
-6110
-6706
-7216
-7638
-7637
-7558
-7516
-7291
-7244
-7457
-7446
-7068
-6421
-5480
-4351
-3177
-1929
-813
170
1124
1629
1640
1726
1962
2291
2896
3541
3997
4258
4283
4189
4030
3517
2689
1959
1367
915
752
739
554
175
-287
-749
-1077
-1487
-1955
-2251
-2477
-2614
-2365
-1918
-1639
-1479
-1415
-1328
-1149
-877
-507
-135
100
304
736
1206
1499
1690
1774
1688
1708
1976
2302
2560
2646
2579
2436
2252
2001
1671
1203
629
181
25
27
63
61
-73
-299
-463
-437
-372
-288
-206
6
452
1053
1716
2314
2657
2701
2766
2913
3064
3246
3433
3555
3670
3804
3917
3964
3677
3117
2673
2308
1983
1861
1745
1488
1251
1198
1305
1556
1687
1532
1280
760
-120
-1001
-2037
-3513
-4970
-6223
-7167
-7715
-8195
-8510
-8348
-8192
-8197
-7838
-7532
-7723
-7682
-6982
-5945
-4657
-3142
-1528
36
1174
2008
2887
3223
2850
2689
2893
3088
3455
3961
4245
4137
3735
3169
2486
1489
251
-722
-1273
-1618
-1733
-1649
-1715
-1938
-2225
-2444
-2508
-2589
-2683
-2469
-1928
-1267
-519
237
702
881
1023
1236
1476
1713
1955
2206
2479
2728
2880
2695
2168
1565
973
493
367
479
556
603
660
616
354
-78
-598
-1096
-1402
-1390
-1063
-540
6
450
806
1119
1286
1248
1221
1369
1640
2118
2802
3494
4003
4212
4224
4104
3767
3316
3038
2886
2774
2876
3047
2948
2710
2406
1862
1317
979
708
581
800
1074
1322
1565
1624
1638
1710
1635
1509
1462
1174
585
-245
-1718
-3875
-6290
-8706
-10375
-10787
-10658
-10136
-8861
-7834
-7431
-6633
-5747
-5534
-5269
-4355
-2861
-840
1425
3651
5347
5841
5447
5078
4317
2850
1690
974
398
288
486
320
-429
-1884
-3692
-4973
-5735
-6210
-5999
-5179
-4191
-2914
-1459
-387
65
66
101
771
2043
3498
5018
6183
6590
6559
6252
5315
3783
2132
700
-203
-418
-298
-387
-1049
-2178
-3345
-4325
-5013
-5213
-4872
-4011
-2507
-506
1387
2631
3141
3064
2803
2689
2831
3171
3403
3460
3486
3473
3084
2156
970
-229
-1077
-1183
-533
328
1050
1685
2216
2665
3049
3303
3371
3442
3777
4368
5015
5371
5087
4295
3354
2466
1790
1196
562
97
-122
5
389
536
215
-216
-381
-79
771
1696
2098
2084
1965
1587
627
-1468
-4905
-8882
-12245
-13530
-12317
-10273
-8383
-6601
-5651
-5278
-4298
-3180
-2842
-2469
-934
1575
4574
7262
8359
7436
5065
2403
398
-1219
-2903
-4287
-5213
-5515
-5066
-4720
-5238
-6246
-7139
-7211
-5623
-2845
-226
1869
3771
5364
6519
7084
6608
5293
3891
3124
3551
4467
4332
3034
1165
-1205
-3358
-4640
-5653
-6451
-6347
-5354
-3554
-1336
-50
178
405
448
804
2281
3534
4182
4991
5391
5306
5055
3812
1673
-115
-1418
-2271
-2218
-2142
-2797
-3271
-3439
-3518
-2874
-2041
-1459
-231
1535
3232
5094
6494
6696
6450
6396
6311
6271
6274
5794
5014
4327
3556
2796
1872
423
-840
-1406
-1672
-1459
-737
-452
-525
-188
272
791
1640
2298
2721
3289
3706
4077
4755
4839
4220
3806
3267
2251
826
-2018
-6788
-12083
-16848
-19517
-18468
-15493
-12349
-8602
-5424
-3711
-1786
349
1214
1714
3207
5501
8399
11054
11789
10266
6794
2223
-1903
-5195
-8047
-10121
-11116
-10938
-9361
-7446
-6436
-5887
-5413
-4755
-2617
1064
4695
7424
9427
10519
10587
9605
7184
3760
371
-2261
-3237
-2560
-1992
-2459
-3439
-4813
-6058
-6317
-5977
-5176
-3368
-768
2351
5614
7623
7868
7042
5249
3547
2651
1408
106
-332
-1057
-1984
-2141
-2908
-4454
-5084
-4864
-3938
-1771
434
1708
2682
3197
3112
3210
3181
2676
2428
2651
2974
3393
3499
2819
1982
1472
1379
1886
2674
3372
4028
4644
4991
5003
4515
3268
1979
1252
536
137
241
-198
-624
-173
201
709
2022
2940
3548
4789
5571
5624
5605
4721
3164
2187
1293
-94
-2208
-6457
-12362
-17810
-21771
-22071
-18479
-13975
-8872
-3313
541
3372
6320
7536
7007
6722
6983
7774
9063
9256
7376
3737
-1425
-6855
-11124
-14442
-16646
-16894
-15320
-12030
-7497
-3344
-404
1692
3228
4785
7101
9825
11745
12475
12315
11140
8699
4771
-509
-5780
-9849
-12112
-11555
-9022
-6690
-4730
-2942
-1839
-880
284
1179
2327
4376
6744
8974
10713
10609
7979
4042
-71
-3813
-6572
-7864
-7583
-6535
-5150
-3243
-1731
-1245
-1108
-818
104
1878
3836
5438
6146
5520
3951
2047
62
-1802
-3033
-3157
-2164
-424
1448
2906
3758
4044
4228
4760
5382
5868
6289
6458
6236
5463
3923
1921
-294
-2261
-3151
-2839
-1985
-978
266
1357
2020
3024
4336
5225
6165
7180
7802
8263
8033
6453
4206
1696
-980
-3390
-6341
-10957
-16451
-21358
-24225
-22834
-17775
-11954
-5707
426
4762
8108
10996
11871
10651
8653
6983
6371
5901
4327
1635
-2488
-7748
-12201
-15089
-17090
-17791
-16706
-13937
-9124
-2956
2455
6427
9215
10400
10713
11328
11719
10910
9125
7067
4850
2048
-1848
-6632
-11231
-14708
-15810
-13486
-9039
-4412
-55
3724
6514
8287
8710
7876
6826
6041
5814
6406
6669
5324
2201
-2148
-6459
-9913
-12325
-12750
-10823
-7533
-3356
1461
5394
7177
7215
6274
5045
4192
3745
3461
2937
1745
79
-1781
-3734
-5451
-6479
-6199
-4092
-800
2662
5818
8035
8973
8918
8197
7005
5421
4001
3186
2582
2017
1245
-228
-1897
-3200
-3890
-3452
-2107
-244
2262
4730
6632
8442
9594
9247
8265
7259
5773
4457
3750
2852
1934
851
-1149
-4377
-10102
-17499
-23591
-27391
-26478
-19360
-10594
-2561
5609
11191
13098
14006
13355
9770
5657
3179
2245
2084
1547
-364
-4045
-9290
-14280
-17598
-19536
-19339
-16542
-12000
-5382
2526
8651
12241
13922
13277
11162
9347
8223
6850
4989
3272
1525
-811
-4036
-8519
-13144
-16124
-16765
-13960
-7768
-781
5318
10334
13375
14005
12627
9291
5121
1971
175
-204
722
1208
-2
-2585
-5965
-9270
-11593
-12279
-10500
-6477
-1346
4265
9095
11494
11250
8831
5048
1488
-1056
-2721
-3264
-2992
-2973
-3047
-2917
-3198
-3606
-3265
-1822
708
3937
7171
9605
10539
9995
8372
5912
3039
451
-1302
-1975
-1735
-982
-160
196
117
50
223
728
1718
3157
4656
5988
7166
7996
8128
7397
6191
4745
3214
2242
1586
999
762
165
-1162
-3533
-8601
-15202
-20586
-24306
-23481
-16568
-8517
-1098
6978
12331
13769
14300
13058
8387
3130
-229
-1843
-2262
-2310
-2902
-4972
-8618
-12052
-14458
-16330
-16265
-13868
-10223
-4067
3906
10005
13672
15489
14233
10802
7614
4941
2167
-245
-1873
-2881
-3323
-4342
-7133
-10245
-12290
-13149
-10883
-4969
1435
6955
11820
14631
14894
13075
8797
3324
-1150
-4094
-4986
-3734
-2098
-1610
-2287
-3754
-5441
-7051
-8189
-7563
-5070
-1596
3060
8043
10932
11062
8949
5091
861
-2702
-5389
-6713
-6623
-5590
-3772
-1532
268
974
1038
1596
2717
4006
5604
7089
7661
7366
6544
5002
2741
369
-1500
-2478
-2364
-1477
-291
944
1904
2590
3208
3504
3539
3678
3837
4114
4982
6232
6997
6942
6381
5401
3879
2352
1527
1244
606
-415
-2114
-6756
-13581
-19211
-23545
-24507
-19026
-11332
-4190
4725
12382
15482
16763
16215
11339
4561
-386
-3219
-4770
-5342
-5444
-6140
-8145
-10521
-12617
-14785
-15688
-14446
-11478
-5492
2872
9720
14361
17493
17025
13183
8775
4275
-387
-3977
-5891
-6368
-5754
-5237
-6319
-8157
-9432
-10289
-9228
-4856
779
6228
11543
15438
16819
15346
10910
4768
-1145
-5657
-8009
-7980
-6414
-4524
-3229
-2753
-2854
-3640
-4861
-4844
-2853
2
3539
7372
9590
9466
7403
3669
-955
-5157
-8026
-9111
-8259
-5920
-2797
366
2835
4410
5094
4949
4732
4764
4642
4781
5300
5208
4320
3079
1297
-751
-2032
-2146
-1551
-530
1087
2761
4046
5026
5113
4158
3095
2156
1589
2241
3605
4772
6034
7157
7530
7291
6134
4571
3339
1576
-921
-4497
-10648
-17655
-22887
-25937
-24101
-17085
-9425
-1491
7628
14288
17392
18786
17154
11722
5262
217
-3016
-4921
-6221
-7370
-8876
-10849
-12612
-14311
-15667
-15276
-13278
-9399
-2125
6515
13119
17393
19334
17884
13403
7780
2222
-3187
-7501
-9374
-9130
-7907
-6937
-7119
-7606
-7799
-7656
-5669
-1678
2687
7439
12387
15673
16544
14771
9851
3227
-2853
-7522
-10192
-10543
-9353
-7603
-5559
-3235
-1424
-715
-81
897
1812
3637
6284
7709
7686
6746
4011
112
-3383
-6689
-9380
-10111
-9135
-6972
-3656
134
3318
5384
6685
7493
7351
6568
5875
4979
3685
2622
1865
817
-362
-972
-1157
-978
76
1401
2234
2992
3721
4017
4116
3949
3429
2925
2624
2777
3505
4420
5307
6280
6902
7159
7546
7004
4696
607
-6851
-16368
-23924
-28799
-29075
-22606
-13742
-5088
5254
14261
18532
20173
19070
13274
5992
1123
-1781
-3605
-4329
-4917
-6343
-8525
-10992
-13808
-16676
-17780
-16264
-12357
-4999
4558
12507
18019
21365
20844
16435
10292
3556
-3192
-8531
-11159
-11223
-9772
-8066
-7339
-7355
-7069
-6549
-5149
-1755
2490
6468
10804
14676
16199
15054
11165
4931
-1331
-6137
-9594
-10954
-10033
-8356
-6446
-3652
-767
791
1528
2336
3052
3930
5203
6057
5948
4848
2366
-819
-3545
-6079
-8459
-9450
-8652
-6831
-4070
-488
2778
4970
6383
7299
7477
6726
5404
4002
2732
1897
1477
989
327
-196
-275
243
1102
1878
2513
2999
3252
3538
3861
3571
2976
2918
3098
3321
4127
5420
6420
6947
7414
7684
7058
5134
1481
-5160
-13874
-21605
-27266
-28588
-23446
-15622
-7669
2308
11865
17076
19503
19720
15272
7932
2166
-1263
-3643
-4976
-5596
-6497
-7881
-9763
-12278
-14772
-16101
-15854
-13293
-6872
2206
10355
16531
20898
21654
18059
12133
5435
-1788
-8225
-11862
-12625
-11553
-9400
-7711
-6768
-5727
-4919
-3802
-1178
2198
5636
9550
13004
14641
14059
10881
5307
-793
-5878
-9688
-11472
-10818
-8968
-6680
-3516
-405
1319
2497
3696
4147
4741
6231
7037
6540
5298
2906
-566
-4030
-7009
-9269
-10373
-9954
-7870
-4636
-1048
2317
4938
6549
7566
7914
7323
6277
5010
3496
2255
1525
861
11
-695
-862
-522
219
1250
2250
2997
3547
3806
3970
4098
3767
3257
3316
3929
4841
6076
7269
8071
8400
7900
5945
1593
-6134
-15660
-23877
-29294
-29275
-22643
-13618
-4263
6363
15045
19019
20357
18719
12250
4387
-960
-4107
-5454
-5096
-4741
-5117
-6101
-8313
-11658
-14795
-16612
-16594
-13515
-6143
3523
11986
18354
22404
22428
17939
11012
3499
-3972
-10198
-13404
-13305
-11315
-9092
-7539
-6237
-5136
-4670
-3295
76
3653
6975
10919
13907
14530
13147
9374
3450
-2483
-7385
-10863
-11771
-10536
-8644
-6127
-3076
-619
917
2266
3670
4693
5873
7348
8003
7409
5658
2637
-1095
-4665
-7869
-10145
-10750
-9770
-7591
-4261
-301
3088
5351
6845
7669
7372
6430
5580
4479
3198
2373
1866
1213
512
29
-105
99
679
1539
2391
3100
3720
4215
4450
4267
3693
3273
3170
3479
4602
5838
6537
7389
7617
5840
1932
-5047
-14448
-22864
-28571
-29484
-23551
-14428
-5203
5437
15038
19746
21149
19804
13703
5595
-558
-4651
-6719
-6795
-6730
-7012
-7101
-8110
-10656
-13497
-15267
-15441
-13021
-6728
2337
11035
17487
21586
22576
19342
12832
5248
-2375
-9130
-13102
-13764
-12173
-9756
-7965
-6697
-5308
-4383
-3154
-200
3235
6393
10323
13773
14802
13857
10636
4743
-1412
-6220
-10075
-11967
-11358
-10080
-8280
-4911
-1728
268
2499
4468
5474
6868
8551
8959
8097
6230
2904
-1257
-4819
-7679
-10008
-10700
-9516
-7389
-4405
-496
3065
5234
6755
8080
8330
7658
6935
5855
4158
2664
1680
498
-887
-1585
-1435
-877
285
1765
2676
3108
3700
4486
4970
4959
4961
5199
5320
5639
6601
7568
7622
6413
3109
-4119
-14169
-23255
-30113
-32184
-26341
-17085
-7885
3871
15120
20648
22943
22935
16818
7485
756
-3417
-5938
-6555
-6657
-6972
-7662
-9580
-12451
-15199
-17210
-17871
-15609
-8795
1060
10221
17458
22906
24575
21183
14944
7863
-172
-7788
-12176
-13065
-12139
-10338
-8775
-7904
-7031
-6340
-4984
-1804
1987
5952
10832
14965
16804
16439
12853
6402
-63
-5467
-9868
-11981
-11835
-10691
-8499
-5210
-1825
470
1616
2556
3610
5052
7206
9005
9235
7789
4949
1156
-2928
-6763
-10082
-12234
-12372
-10319
-6687
-2420
1819
5306
7491
8969
9880
9686
8560
7112
5805
4652
3575
2424
1075
-284
-1254
-1476
-933
-114
589
1473
2869
4347
5589
6709
7337
7317
7087
7094
7600
7849
6706
3358
-3512
-13265
-22773
-30033
-32527
-28159
-20217
-11235
201
11243
17781
21516
22483
17788
10261
4436
435
-2298
-3693
-4846
-6330
-8030
-10782
-14462
-17799
-20334
-21290
-18739
-11480
-1267
8425
16445
22696
25158
22884
17829
11507
3908
-3575
-8399
-10269
-10631
-10619
-11066
-11460
-11277
-10911
-8882
-4394
455
5426
11460
16571
18879
18388
14726
8423
2074
-2851
-6652
-8984
-9710
-10066
-9976
-7859
-5181
-3977
-2527
-155
1763
4436
8823
11980
12069
10896
8579
4128
-637
-4797
-9351
-13124
-14123
-12881
-10259
-6181
-1678
1890
5161
8696
11079
11714
11534
10780
9199
7600
6547
4933
2311
170
-1079
-2124
-2367
-1928
-1741
-1083
558
2860
5862
8369
9466
10167
10500
10131
9867
8226
2130
-7309
-16856
-25986
-31955
-30308
-24205
-17794
-8425
2665
10326
15648
19604
18509
13405
9005
5962
3709
2618
1219
-1560
-4911
-8738
-13318
-17931
-21649
-23825
-23368
-18715
-10029
-374
8063
15338
20195
21270
19634
16137
10799
4947
112
-3056
-4591
-6051
-8820
-11898
-14244
-16068
-16041
-12785
-8029
-2579
4619
11921
17119
19821
18840
14271
8778
3655
-688
-3108
-3933
-4379
-4413
-3998
-4100
-5554
-7686
-9036
-8604
-5939
-1128
4759
9937
13018
13705
12213
8699
3432
-2569
-7563
-10735
-11833
-10621
-7873
-4907
-2261
0
2111
4419
6375
7801
9477
11157
11960
12232
11896
9907
6571
3379
846
-985
-1642
-1555
-1266
-233
1282
2531
3786
4855
5282
5698
6231
5067
723
-5645
-12891
-19852
-22548
-20166
-16911
-12622
-5728
-29
3554
7843
10509
9019
6745
6004
5846
6148
6478
5498
3009
-777
-5677
-10891
-15600
-19415
-21694
-20748
-15716
-8834
-2503
3427
8502
11226
12179
12567
12162
10611
8560
7116
6218
4372
376
-4994
-10169
-14784
-17802
-17097
-13526
-9524
-4379
2040
7115
10120
11287
9963
7567
5848
4837
5126
6098
6001
5114
3527
596
-3297
-7540
-11010
-12217
-10932
-7381
-2093
3092
6864
9075
9472
8110
5409
1860
-1252
-3072
-4071
-4185
-3372
-2757
-2732
-2447
-1605
-549
852
2988
5447
7798
10041
11691
12190
11350
9362
7084
5219
3784
2693
1889
1219
982
1280
1900
3010
3815
3755
3335
708
-5005
-10864
-16959
-22131
-20632
-14958
-10558
-4452
2595
5214
6142
7998
6798
2852
385
262
1921
4641
6552
6386
3906
-521
-5525
-10113
-14204
-17182
-18140
-15873
-10114
-3756
974
4499
6078
5281
4301
4375
4694
4865
5671
7277
8507
7974
4761
-279
-5700
-11010
-13871
-12721
-10325
-7480
-3140
552
2692
3901
2910
802
97
544
2428
6060
8954
9680
9154
7754
5193
1643
-1925
-4493
-5787
-5517
-3579
-1309
-127
-191
-923
-1478
-1466
-1232
-710
444
1501
1920
2052
1773
604
-976
-1598
-725
864
2741
4778
6406
7320
7535
7413
7091
6156
5478
6061
7044
7760
8233
7741
6158
4455
2921
1445
360
-8
-800
-3815
-8129
-12850
-19074
-22531
-19368
-14913
-10540
-3085
2792
4482
6852
9004
7111
3785
2154
2134
3314
5209
6595
5562
1628
-3138
-7698
-12202
-15728
-17748
-17761
-14258
-8250
-2853
1384
4312
4649
3782
3974
4776
5187
5664
7026
8798
9447
7876
4033
-1287
-7234
-11706
-12209
-10465
-8898
-6316
-3288
-1494
-98
555
-327
-1144
-594
1580
5357
9061
10862
10634
8913
6694
4458
1675
-1039
-2564
-3030
-2466
-836
415
-63
-1733
-3177
-3537
-3045
-2064
-692
592
1533
2271
2515
1776
272
-1035
-1246
-36
2104
4058
5220
5821
5967
6144
6659
6751
6744
7459
8268
9146
9992
9322
7024
4299
1791
186
-282
-394
-1332
-4205
-8472
-13076
-17739
-19923
-18210
-15202
-10807
-4241
1020
3964
6514
7190
5160
3119
2329
2548
3727
5193
5867
4865
2185
-1357
-5373
-9322
-12310
-14065
-13821
-11004
-7378
-4333
-1611
95
454
633
1540
2813
3807
5226
7253
8414
8262
6739
3345
-830
-4771
-7633
-8146
-7637
-7037
-5198
-3364
-2705
-1939
-1486
-1963
-1868
-522
1871
4738
6778
7797
7974
6810
5067
3842
2501
1159
810
1086
1651
2124
1538
229
-995
-2202
-2751
-2247
-1383
-635
31
781
1296
1059
280
-470
-781
-207
1279
3263
4815
5377
5310
4973
4768
4943
5113
5496
6556
7425
7816
8171
7535
5330
2980
1209
-543
-1861
-2240
-2272
-2883
-4456
-6643
-9438
-12703
-14308
-13245
-11215
-8466
-5014
-2609
-1137
401
1031
630
533
925
1676
3399
5129
5261
4036
1945
-723
-3107
-4901
-6247
-6838
-6503
-5565
-4627
-3928
-3811
-4669
-5225
-4688
-3869
-2323
-58
1654
3274
5018
5434
4661
3579
1767
-24
-346
44
-5
38
-27
-1064
-1957
-2235
-3066
-3903
-3667
-2787
-1541
289
1982
2619
2810
3287
3731
4355
5183
5521
5668
5896
5776
5091
3924
2536
904
-453
-806
-899
-1231
-1073
-881
-1156
-1175
-1119
-1408
-1334
-502
663
2144
3833
4766
4929
4990
4727
4421
4675
5004
5411
6197
6725
6980
6998
6044
4256
2710
1607
437
-322
-601
-1529
-2947
-4202
-5792
-7840
-9618
-10856
-11300
-10591
-9148
-7585
-5891
-4270
-3373
-2480
-1270
-805
-239
1129
2182
2966
3669
3553
2591
1266
-147
-1533
-2776
-3656
-4270
-4700
-4762
-4809
-5107
-5169
-4754
-4368
-3633
-2014
-633
177
1249
2109
2287
2359
2254
1757
1385
1247
1094
1047
889
230
-432
-749
-1170
-1503
-1391
-1272
-950
15
784
1047
1356
1327
1015
1384
2232
3027
3909
4696
5121
5181
4823
4083
3080
1993
1107
681
806
1241
1636
1888
1971
1810
1315
679
239
-126
-352
-62
452
832
1058
1122
1329
1673
1775
2106
2735
2900
3295
4373
4903
4853
4808
4160
3363
3041
2692
2523
2288
1405
414
-774
-2619
-4547
-6180
-7504
-8291
-8467
-8151
-7550
-7016
-6514
-5738
-5145
-4561
-3445
-2500
-1453
69
871
1371
2179
1979
1281
1072
384
-543
-1019
-1582
-2410
-3140
-3728
-4335
-4702
-4635
-4415
-4022
-3344
-2732
-2058
-1355
-857
-291
153
480
894
1111
1276
1423
1338
1225
1164
1032
813
689
635
585
741
1067
1203
1386
1642
1666
1867
2140
2198
2351
2609
2715
2750
2709
2474
2155
1927
1849
1888
1937
1953
2109
2320
2399
2433
2342
1965
1526
1263
1153
1082
1073
1141
1012
680
409
74
-404
-662
-522
-187
151
654
1392
1843
2067
2583
2900
2620
2384
2203
1680
1190
864
407
-89
-436
-834
-1276
-1697
-2255
-2867
-3258
-3256
-3092
-2804
-2269
-1977
-1749
-1256
-1276
-1478
-1480
-2039
-2358
-2080
-2100
-1985
-1804
-1988
-2055
-2259
-2595
-2745
-2989
-2938
-2584
-2221
-1628
-1237
-1074
-720
-742
-1083
-1110
-1240
-1610
-1525
-1217
-1216
-1045
-771
-751
-635
-541
-595
-434
-350
-312
22
292
605
816
738
815
767
667
1025
1316
1495
1943
2304
2615
2944
3056
3038
2833
2636
2524
2358
2245
2046
1766
1539
1257
975
813
677
614
640
696
803
903
1023
1053
934
819
612
322
215
182
54
79
359
672
993
1408
1703
1663
1449
1296
1205
1060
978
979
753
305
-68
-378
-733
-1116
-1474
-1659
-1629
-1403
-1010
-537
-153
-149
-360
-332
-370
-541
-343
-2
225
440
542
508
327
-27
-356
-609
-855
-1057
-1251
-1359
-1319
-1402
-1632
-1667
-1733
-2049
-2131
-2037
-2063
-1875
-1644
-1585
-1490
-1492
-1509
-1249
-887
-645
-454
-457
-566
-701
-978
-1148
-1313
-1565
-1395
-1050
-695
-151
127
203
268
137
71
218
382
623
1005
1230
1283
1273
995
552
196
-132
-372
-401
-197
37
139
451
662
486
553
576
403
673
860
827
1063
1122
960
1098
1142
926
824
642
529
628
586
593
524
155
177
264
176
505
655
636
943
1009
978
973
661
481
421
299
287
231
245
183
87
181
205
174
222
357
448
555
728
685
436
183
-149
-482
-499
-470
-425
-316
-290
-424
-722
-766
-786
-790
-342
-16
222
667
752
762
844
423
23
-146
-443
-507
-549
-834
-1079
-1347
-1559
-1476
-1285
-1206
-996
-545
-314
-118
392
499
449
632
406
342
553
378
482
490
220
149
-195
-271
-342
-623
-330
-417
-526
-118
-234
-227
-23
-368
-629
-795
-989
-927
-691
-286
-43
134
188
78
-45
-475
-578
-555
-682
6
322
136
610
237
-370
-177
-805
-1152
-893
-1107
-640
-89
39
421
296
236
533
197
351
799
547
1017
1461
1179
1424
1285
527
305
-73
-732
-877
-700
-500
-66
512
836
1186
1186
942
1099
674
269
360
144
245
147
45
290
-346
-607
-197
-688
-802
-129
-408
-405
430
457
681
1146
831
730
648
240
137
-295
-448
-356
-548
-206
-44
-198
-192
-146
-10
-343
47
520
149
871
1313
1014
1303
1097
491
24
-482
-721
-1168
-825
-376
-923
-105
-118
-748
29
-536
-507
68
-282
88
419
158
165
178
-212
-379
-462
-471
-453
-225
-197
-103
86
-470
-234
-728
-1328
-985
-1645
-1660
-1096
-1281
-1181
-420
-835
-640
-69
-728
151
-7
-275
905
614
855
1522
1159
822
821
726
83
-171
-93
-806
-959
-380
-824
-545
128
170
934
641
1136
1468
189
1433
831
102
1624
199
743
1080
-656
251
-727
-1306
-201
-1201
-620
99
-191
339
705
873
274
573
274
-561
248
42
-35
651
257
-28
412
-135
-513
267
-415
-271
773
241
825
1221
393
732
320
-384
49
-444
-503
-210
-332
-157
-373
7
-362
-824
-79
-726
-576
310
55
475
1151
776
584
675
379
-478
-222
-397
-1039
-284
-1002
-371
-295
-1085
436
-707
-704
272
-1067
-640
-412
-992
-732
-465
-460
-508
-450
-257
-788
-95
-231
-575
762
-317
492
1288
194
1440
839
442
790
-64
90
-191
-568
-168
-478
-456
-152
-31
-389
-183
522
-316
817
1044
875
1799
1237
1595
1171
278
323
-265
-860
-558
-636
-1213
-622
-274
-837
0
501
-443
754
816
209
1394
663
635
849
218
97
111
-90
-466
-92
98
-799
-109
43
-1456
-62
-688
-947
265
-904
447
66
-448
1184
-443
-182
1033
-660
378
816
-435
748
-189
-172
384
-1159
231
112
-1083
579
-147
-712
385
-539
-310
-232
-695
-217
-660
-52
-486
-559
247
-1258
-239
-616
-1685
406
-1249
-617
748
-926
219
419
-413
324
148
-104
930
268
561
1138
-169
618
129
-384
-89
-292
-171
-153
371
306
477
404
425
298
147
246
298
423
527
745
939
886
649
815
-4
-346
435
-660
-274
515
-322
251
419
72
143
-81
33
88
-221
477
127
-100
981
-105
685
607
-220
912
-713
37
91
-996
116
-556
-511
-106
-773
-300
-158
-585
181
28
177
538
-109
678
-279
-170
169
-909
-85
-542
-578
-604
-219
-195
-547
-20
254
-365
-69
754
-692
421
201
-488
250
-406
-147
-243
-657
128
-705
-907
409
-973
-215
300
-440
484
-173
394
165
-561
469
-654
-332
349
-623
447
200
-100
702
-424
612
80
-503
802
-381
139
571
-274
450
-125
-123
140
-183
-4
118
92
120
651
221
518
559
174
523
-43
174
129
-411
352
-242
-15
289
-336
194
69
-424
564
-136
3
1048
-259
911
529
16
457
-377
134
-428
-414
-240
-496
-452
322
-562
-234
592
-1251
528
-99
-445
506
-224
149
495
467
104
398
13
-493
-337
-585
-595
-445
-548
38
-89
-341
135
-460
-577
-324
-429
-722
-45
514
-547
949
568
-239
407
-93
-265
-424
-127
-389
-137
-110
-49
-15
-2
-543
-94
-422
-503
635
-449
755
864
-44
1182
668
36
671
182
-529
897
-446
-89
593
-573
-40
33
-356
-377
217
-520
175
330
-73
926
381
495
1051
80
345
617
-471
121
199
-609
-36
-39
-508
-216
-53
-140
-240
-52
280
-118
595
372
684
467
284
702
89
7
450
-438
-131
-67
-706
-494
-1011
-123
-1246
-502
627
-1176
463
372
-670
854
133
112
1150
-422
490
252
-1038
376
-822
-1138
136
-997
-801
-14
-635
-79
-76
38
428
-46
367
124
402
413
-95
705
-520
148
-576
-881
226
-1160
-138
81
-422
-57
77
-244
-37
49
264
482
29
1444
41
511
965
-404
180
-306
285
-477
-175
885
-641
487
580
-312
578
-394
457
-162
-266
1082
-358
439
1069
-238
253
446
-287
54
182
100
358
-216
289
-524
-521
-64
-442
-56
-17
309
-81
-154
608
-460
-254
592
-371
276
710
-9
498
282
-178
348
-773
-89
-333
-648
-95
-93
-142
-71
-95
-392
-202
-386
-84
-81
261
222
-88
726
-630
-93
356
-1315
458
-93
-1014
750
-448
-280
479
-697
-101
124
-777
63
225
-658
249
408
-757
280
253
-862
391
80
-422
15
213
-408
-116
-88
-244
-145
-212
114
-130
123
-210
797
-169
106
1389
-565
952
793
-263
643
141
-500
344
-457
-353
597
-884
658
181
-573
987
-12
-63
1333
246
415
1431
-380
773
168
-353
617
-707
138
-218
-733
82
-351
-532
83
-99
-366
381
254
296
412
633
73
186
639
-822
397
95
-860
766
-556
-500
436
-932
-263
269
-401
-123
384
45
-93
394
-65
-111
185
-357
-269
-255
-184
-180
-31
150
313
-222
275
296
-392
413
163
-119
242
-247
-190
-412
-416
-142
-932
-425
-358
-1062
-370
-277
-328
-148
300
332
-199
606
-141
-244
619
-661
-4
606
-863
736
-42
-785
798
-1149
-185
475
-800
546
266
76
574
224
138
283
171
-51
95
222
-479
-80
146
-867
671
263
-184
1037
129
-28
637
218
256
818
364
666
389
-151
171
-610
-627
67
-672
-290
318
-365
150
437
58
240
411
533
108
670
728
-312
420
214
-595
73
-106
-702
34
-467
-503
-126
-370
-71
18
178
226
251
4
-28
222
-181
-151
316
-370
-481
47
-428
-492
365
105
-117
720
17
-248
328
-266
-226
334
125
-49
123
-285
-612
-621
-643
-669
-559
-241
-349
-302
149
-138
43
314
132
446
370
131
465
-80
-327
170
-689
-371
42
-732
-132
-94
-545
-79
-33
-31
286
373
566
497
324
254
-13
40
-105
330
227
113
595
68
35
188
-112
-38
-7
45
266
130
213
259
-4
-104
-56
19
-41
67
19
-137
-85
49
79
377
490
370
381
11
22
-8
-36
407
521
458
496
440
73
-190
3
-145
-30
407
264
109
435
87
-14
397
153
32
58
-66
-206
-110
-276
-214
-261
-338
-198
-194
-128
-216
-287
-464
-268
-353
-305
-142
-335
-538
-573
-590
-949
-577
-490
-532
-157
24
-241
-148
-58
-262
-39
148
116
-50
-4
-579
-850
-992
-1293
-1290
-1251
-1218
-1302
-1377
-1700
-1806
-1794
-1771
-1298
-1145
-897
-751
-875
-868
-730
-634
-423
-10
77
216
367
300
521
502
798
1066
1198
1532
1596
1443
1507
1460
1479
1982
1976
1948
1839
1179
831
642
491
770
1045
1179
1245
1183
1033
879
878
1151
1343
1945
2243
2196
2351
1982
1890
1946
1994
2262
2275
2546
2634
2573
2570
2375
2352
2454
2545
2863
2532
1476
546
-1002
-2131
-1840
-2290
-2315
-2334
-3816
-4958
-5876
-6733
-6914
-6636
-6544
-6301
-5846
-5962
-5916
-5662
-5706
-5155
-4129
-3063
-1815
-1014
-705
-284
-30
548
1693
2694
3313
3691
3586
3232
3126
3007
2973
3339
3454
3318
3257
2624
1858
1160
639
483
313
304
-81
-788
-1489
-2422
-2916
-3057
-3214
-3000
-2744
-2763
-2669
-2768
-2831
-2507
-2116
-1222
-316
532
1054
1278
1528
1727
2328
2730
3452
3847
3836
3920
3633
3444
3149
2756
2592
2343
1972
1813
1431
964
664
358
237
239
196
51
7
-191
-58
-71
74
525
576
1027
1639
1948
2325
2813
2964
3218
3690
4040
4493
4837
4799
4842
4234
2835
2201
648
-475
-50
-1024
-1734
-2579
-4757
-6473
-7416
-7926
-7842
-7604
-7910
-8447
-8802
-9209
-8868
-7830
-7173
-6027
-5012
-4356
-3313
-2755
-2266
-1272
-188
1017
2427
3462
3663
3579
3468
3714
4306
5044
5562
5585
5085
4270
3732
3280
2981
2763
2621
2189
1559
821
-296
-1256
-1929
-2528
-2421
-2496
-2980
-3548
-4266
-4702
-4639
-3972
-3381
-2627
-2308
-2305
-1850
-1367
-778
86
998
1740
2389
2813
3145
3260
3201
3454
3751
4068
4072
3695
3067
2483
2066
1945
2073
1802
1273
567
-34
-408
-587
-505
-329
-325
-213
27
87
212
423
739
1368
2166
2889
3478
3740
3934
4298
4841
5399
5773
6202
6330
6158
6026
4945
3299
2055
377
-348
66
-840
-2193
-3945
-6657
-8507
-8954
-8756
-8638
-8855
-9783
-10866
-10899
-10596
-9595
-8192
-7396
-6590
-5706
-4901
-3840
-2938
-2165
-603
1025
2311
3539
4184
3822
3725
4183
4985
6000
6517
6195
5513
4868
4108
4109
4231
3743
3078
2384
1525
674
-15
-803
-1337
-1834
-2335
-2631
-2973
-3654
-4112
-4154
-4041
-3654
-3507
-3472
-3368
-3389
-3059
-1987
-1041
-462
269
720
988
1492
2002
2482
2861
3178
3413
3605
3604
3277
2870
2579
2499
2271
2109
1819
1059
326
-169
-227
-295
-286
-343
-523
-694
-812
-495
-160
228
635
1077
1525
1871
2333
2976
3672
4215
4905
5222
5220
5303
5309
5534
5774
5941
5888
5600
5126
4157
2582
999
-502
-2103
-2302
-2249
-3662
-5051
-6959
-9310
-10155
-9678
-9163
-8869
-9391
-10697
-11267
-10688
-9547
-7630
-6064
-5529
-5216
-4685
-3814
-2325
-987
250
1760
2694
3259
3936
4319
4330
4798
5529
6244
6535
6045
5184
4560
4048
3857
4207
3950
2999
1892
915
150
-309
-571
-1072
-1520
-2100
-2800
-3081
-3065
-3362
-3302
-2856
-2750
-2605
-2555
-2565
-2324
-1904
-1332
-584
-17
-167
-46
378
628
1273
1731
1789
1842
1760
1794
2034
2210
1945
1504
1391
1115
892
876
610
208
-191
-283
-266
-269
-342
-542
-552
-463
-287
88
441
588
798
1196
1611
2024
2481
2838
3188
3621
3748
3892
4026
3998
4196
4372
4447
4461
4163
3916
4002
3957
3821
3697
3377
2918
2454
1967
496
-1097
-2238
-3607
-3505
-2975
-3936
-5280
-6970
-8985
-9472
-8401
-7536
-7316
-7880
-9294
-9902
-9122
-7736
-5942
-4773
-4633
-4743
-4466
-3560
-2148
-602
640
1706
2417
2808
3149
3529
3904
4474
5234
5693
5630
5100
4462
4172
4316
4517
4627
4193
3035
1976
1479
1252
1331
1159
500
-370
-1207
-1729
-1835
-1705
-1890
-2241
-2485
-2781
-3053
-3042
-2911
-2706
-2444
-2011
-1696
-1547
-1365
-1448
-1054
-295
73
562
896
741
750
1072
1566
1939
2073
1865
1427
1357
1250
1313
1564
1516
1077
816
771
676
616
567
438
179
65
-19
118
237
201
359
493
619
774
926
1065
1315
1628
1846
2270
2528
2495
2630
2899
2958
3112
3192
2976
2933
2982
3082
3334
3378
3097
2871
3027
3221
3098
2784
1237
-725
-1853
-2769
-2527
-1958
-3172
-5079
-6917
-8731
-8987
-7768
-7030
-7263
-8086
-9355
-9717
-8569
-7147
-5743
-4721
-4795
-4772
-4015
-2930
-1584
-257
712
1542
2329
2797
3262
3861
4350
4886
5732
6171
5886
5272
4687
4432
4664
4895
4758
4183
2916
1746
1386
1142
908
657
-236
-1263
-1956
-2610
-2839
-2644
-2731
-2944
-2876
-2971
-3294
-3313
-3048
-2602
-2018
-1428
-962
-802
-773
-435
126
927
1478
1539
1595
1627
1676
2265
2868
2918
2766
2276
1785
1730
1782
1523
1249
733
-184
-681
-733
-851
-1111
-1150
-1561
-1875
-1795
-1810
-1514
-1249
-1113
-1005
-751
-471
-318
136
675
1084
1590
1896
1984
2302
2527
2943
3662
3905
3858
3803
3626
3576
3836
3949
3771
3529
3132
2821
3012
3064
2847
2760
2584
2231
1901
1235
-289
-1599
-2507
-3097
-2463
-2278
-3639
-5231
-6883
-8212
-7748
-6414
-5950
-6276
-7401
-8623
-8394
-6953
-5282
-3868
-3316
-3725
-3853
-3127
-1972
-564
501
986
1459
1808
1966
2461
3018
3293
3688
4276
4344
3998
3596
3231
3364
3811
3882
3648
3001
1745
1018
1088
1160
1181
812
-164
-941
-1450
-1731
-1439
-1233
-1546
-1968
-2110
-2266
-2315
-2070
-1708
-1489
-1398
-1210
-1072
-901
-699
-435
107
576
763
922
1036
1042
1110
1422
1624
1750
1493
1005
845
695
564
618
484
-145
-803
-1220
-1410
-1392
-1342
-1428
-1637
-1751
-1709
-1408
-918
-561
-473
-341
-27
157
637
1157
1460
1789
1953
2125
2484
2775
3023
3396
3677
3742
3847
3862
3801
3826
3896
3833
3689
3330
2810
2546
2372
2310
2345
2191
1755
1490
1447
1517
1576
1317
213
-1167
-1969
-2636
-2409
-1936
-2787
-4211
-5565
-6963
-7278
-6369
-5936
-6171
-6877
-7826
-8058
-7242
-5916
-4766
-4125
-4150
-4251
-3791
-2860
-1758
-687
82
596
1173
1613
2103
2704
3068
3397
3894
4200
4162
4007
3889
3815
3991
4145
3964
3562
2695
1854
1521
1363
1208
1074
510
-352
-946
-1482
-1784
-1727
-1902
-2222
-2350
-2593
-2819
-2744
-2574
-2341
-2133
-1961
-1854
-1900
-1805
-1542
-1008
-339
166
517
729
842
1031
1462
1879
2144
2177
1947
1780
1657
1630
1627
1446
1065
495
-11
-343
-473
-620
-790
-894
-1172
-1347
-1153
-980
-784
-463
-353
-257
-87
131
445
840
1257
1477
1765
2079
2306
2661
3086
3289
3424
3538
3505
3582
3668
3597
3511
3413
3184
3048
3002
2746
2496
2266
2017
1945
1859
1754
1749
1725
1563
1265
570
-737
-1780
-2526
-2844
-2352
-2581
-3788
-5057
-6619
-7531
-6918
-6122
-5878
-6199
-7178
-7946
-7637
-6455
-5069
-3976
-3615
-3781
-3627
-2954
-1975
-789
124
712
1275
1623
1945
2376
2693
3035
3634
4089
4134
3859
3341
2877
2850
3109
3230
3091
2431
1460
869
623
563
597
287
-310
-910
-1441
-1675
-1607
-1587
-1640
-1649
-1802
-2018
-2211
-2277
-2062
-1686
-1260
-957
-857
-971
-990
-620
-9
652
1103
1211
1134
1083
1269
1590
1902
2017
1745
1386
1199
1063
953
938
766
336
-44
-339
-639
-819
-894
-976
-1086
-1019
-1003
-1118
-934
-813
-757
-372
-1
182
441
716
919
1324
1798
2148
2526
2786
2866
3099
3375
3506
3611
3641
3554
3541
3510
3340
3124
2832
2467
2260
2162
1982
1777
1537
1286
1201
1180
1021
991
959
822
878
625
-316
-1389
-2297
-3104
-2850
-2370
-2914
-3810
-5103
-6656
-6968
-6194
-5629
-5296
-5644
-6540
-6901
-6356
-5307
-4143
-3257
-3034
-2987
-2633
-2125
-1406
-614
15
724
1361
1666
1804
1766
1673
1967
2686
3216
3321
3039
2402
1992
2107
2383
2598
2496
1811
1044
694
516
560
697
443
94
-247
-643
-820
-822
-855
-794
-632
-630
-827
-1030
-1151
-1165
-942
-567
-280
-205
-260
-338
-276
-57
210
473
644
728
725
829
892
906
903
787
766
728
599
485
301
59
-135
-172
-91
-125
-218
-354
-609
-699
-576
-381
-92
114
133
205
369
542
834
1153
1354
1513
1592
1667
1839
2028
2271
2569
2762
2788
2715
2583
2408
2392
2446
2423
2295
1928
1469
1130
1065
1024
1012
980
612
284
171
223
459
654
620
643
753
803
919
768
-97
-1056
-1771
-2233
-1940
-1741
-2276
-3129
-4426
-5589
-5674
-5268
-4876
-4748
-5218
-5813
-6094
-5818
-5123
-4372
-3740
-3416
-3167
-2835
-2493
-2117
-1576
-914
-158
591
1088
1338
1383
1476
1858
2451
2956
3177
3086
2803
2554
2476
2510
2611
2623
2459
2288
2109
1772
1429
1168
932
890
833
615
323
-146
-510
-526
-434
-364
-463
-866
-1246
-1443
-1393
-1057
-773
-629
-607
-672
-631
-511
-371
-175
29
271
510
676
758
658
545
566
630
695
667
475
198
-1
-19
-45
46
12
-210
-258
-303
-353
-233
-76
-6
134
343
468
594
733
867
1138
1518
1801
1953
2023
1976
2021
2250
2511
2708
2718
2482
2239
2128
2022
2016
1960
1664
1272
943
709
572
517
385
246
143
41
-9
-7
-160
-344
-276
-270
-183
-42
-148
-231
-203
-241
-348
-551
-1118
-1826
-2147
-2152
-2095
-2041
-2435
-3311
-4067
-4550
-4511
-4069
-3877
-3967
-4251
-4629
-4654
-4310
-3852
-3293
-2841
-2530
-2169
-1848
-1617
-1353
-908
-293
360
970
1321
1329
1319
1506
1863
2413
2845
2919
2854
2742
2621
2651
2719
2672
2631
2619
2532
2309
1929
1376
876
669
604
525
307
-124
-678
-1037
-1066
-1050
-1064
-1174
-1432
-1578
-1521
-1457
-1383
-1314
-1298
-1145
-829
-551
-444
-435
-446
-249
213
664
1033
1114
903
866
965
1119
1391
1453
1275
1169
1078
910
852
769
626
634
722
745
677
524
317
256
481
727
904
985
838
697
750
848
957
1107
1084
1082
1191
1208
1199
1229
1134
1070
1143
1115
1040
886
643
514
472
454
413
279
42
-186
-330
-404
-403
-452
-571
-659
-694
-711
-643
-543
-526
-478
-444
-387
-274
-143
19
145
254
239
111
-35
-232
-537
-703
-782
-989
-1131
-1411
-1863
-2139
-2424
-2609
-2504
-2586
-2679
-2706
-2882
-2851
-2664
-2537
-2307
-2086
-1985
-1695
-1413
-1209
-941
-762
-513
-139
209
527
726
803
852
996
1205
1349
1482
1484
1394
1397
1354
1294
1256
1098
961
936
859
765
582
308
32
-198
-253
-317
-372
-472
-666
-779
-851
-913
-872
-798
-730
-534
-287
-60
163
283
347
484
662
854
1109
1240
1278
1304
1281
1288
1358
1373
1351
1371
1272
1165
1090
957
789
666
613
528
475
425
193
-66
-176
-358
-415
-288
-307
-319
-284
-342
-366
-243
-52
151
374
566
596
609
666
708
869
1040
1155
1210
1130
1018
908
812
769
723
743
707
618
482
247
-2
-156
-97
-124
-234
-328
-671
-984
-990
-989
-900
-788
-927
-1110
-1245
-1244
-1116
-931
-708
-608
-614
-646
-622
-614
-591
-363
-184
-131
25
4
-151
-97
-85
-77
141
195
103
72
-41
-160
-216
-249
-255
-292
-337
-388
-518
-631
-719
-776
-723
-702
-724
-766
-810
-868
-874
-814
-812
-795
-768
-745
-680
-618
-663
-722
-783
-757
-663
-553
-353
-430
-557
-554
-699
-658
-484
-424
-237
-165
-130
0
6
153
264
308
558
676
717
891
977
972
1024
1160
1142
1184
1347
1273
1293
1274
1088
1096
1037
992
1074
857
794
666
335
469
407
263
406
274
142
168
15
-63
-37
-81
-56
28
100
-61
-153
-121
-249
-107
-4
-54
-95
-198
-175
-197
-126
129
45
150
500
300
378
454
124
261
349
570
782
491
603
264
-168
357
290
168
648
291
-125
61
-155
-301
10
184
-31
55
92
-351
-290
-301
-229
-29
-48
192
-58
-316
33
-358
-307
253
-273
-62
190
-376
-162
-118
-376
-223
-128
-185
-158
-176
-389
-408
-471
-480
-262
-418
-487
-210
-731
-559
-73
-780
-413
-146
-892
-366
-121
-687
-263
-375
-677
-404
-455
-335
-367
-451
-297
-557
-536
-173
-575
-408
-60
-355
-165
10
-250
-372
-124
-199
-175
220
73
-166
103
-56
-83
238
197
387
188
378
494
52
525
454
204
772
667
308
717
350
130
391
196
237
232
170
13
115
-359
-196
-173
-760
-75
-287
-672
21
-539
-781
-41
-801
-398
67
-374
209
259
133
313
446
371
469
878
794
693
1029
690
696
959
768
1123
848
860
1028
521
852
942
528
868
721
349
598
355
375
282
155
271
-278
-240
-143
-630
-428
-38
-645
-221
-218
-936
-467
-639
-743
-342
-46
-440
-250
-301
-735
-461
-165
-100
-7
458
-33
-118
44
-143
-75
220
388
288
416
233
343
-42
-22
289
-311
88
327
-298
18
-28
-825
-258
-608
-638
-57
-680
-282
-520
-884
-354
-660
-690
-236
-828
-419
-396
-762
-202
-639
-526
-516
-503
-420
-444
-51
-150
-401
135
-353
-481
281
-311
244
284
81
305
-119
103
271
-79
346
604
-120
414
493
-144
184
419
-10
104
690
73
24
419
-136
-44
369
-71
-16
390
-197
241
318
-137
378
43
-35
536
208
237
500
-71
284
346
180
542
290
142
492
166
315
573
-56
528
259
53
663
139
77
472
-104
141
587
-313
302
246
-367
255
165
-286
79
22
-454
111
-20
-249
-72
13
-333
-269
353
-500
108
212
-487
332
-222
-202
247
-509
314
352
-617
794
-319
-565
771
-427
-43
593
-281
-141
305
-334
-148
26
-267
-208
35
-314
-192
-197
-683
-166
-410
-690
52
-393
-845
357
-769
-834
274
-1119
-488
194
-765
9
-179
-624
-34
-560
-119
-44
-542
206
75
-235
406
213
-427
60
246
-231
609
594
73
422
106
36
262
202
352
535
22
768
148
-154
518
-364
15
431
5
168
275
-479
63
-161
-332
209
-186
-93
-72
44
-332
-100
75
-431
173
144
-122
323
8
139
325
-130
461
60
114
505
281
315
318
456
-171
454
197
215
369
168
418
33
225
210
8
-35
444
-196
269
127
-264
8
-323
148
-201
-32
107
-183
-212
292
-186
14
139
-100
-45
237
140
-172
603
-375
170
102
-207
119
-76
-21
1
82
-242
-37
-306
-162
-220
153
-366
8
15
-1122
686
-812
-562
600
-1191
137
46
-713
403
-509
-320
305
-639
511
35
-343
483
-197
-46
237
-9
44
-96
223
18
-395
350
-636
-282
-5
-215
16
15
-19
-469
12
-471
166
-227
9
411
-655
532
-271
-330
428
-475
175
168
-364
348
-148
-137
408
-147
81
201
-208
84
159
139
-13
428
134
-175
780
-271
-6
628
-440
426
519
-98
374
128
17
-93
309
166
52
334
191
83
101
163
-33
182
88
420
53
200
456
-243
475
174
80
218
-74
188
40
13
286
83
-195
229
-126
-294
-102
-111
-389
-80
349
-522
167
7
-684
108
-177
-263
263
-230
-85
117
-268
-52
47
-264
-91
184
-167
142
-100
-67
-28
-177
218
-146
-131
-133
-99
-294
145
-88
-167
-75
-340
-61
-334
-180
-60
-328
-159
228
-358
24
-33
-472
60
-298
66
180
-272
358
-61
-434
364
-395
-163
252
-270
115
-283
124
-179
-185
205
-222
-121
-138
96
-166
130
191
-105
-22
126
-137
13
228
-113
256
-21
199
47
-92
173
-197
144
-49
256
-35
-143
452
-560
230
391
-530
583
265
-339
632
130
-216
547
-117
158
195
63
264
-61
336
-88
245
-83
154
131
-114
496
-19
226
109
209
-221
124
299
-435
450
65
-21
223
93
-152
-104
89
-148
197
77
246
-118
145
-151
-100
-49
-312
414
-411
298
221
-398
192
-270
-209
56
-79
196
28
206
176
-185
355
-242
6
399
-398
451
89
-409
436
-173
-279
245
-220
-183
-65
-211
-150
-229
-41
-129
-214
-145
-202
-299
-333
-134
-242
-367
-7
-106
-366
-67
-198
-386
-407
64
-300
-182
239
-209
-48
15
-55
-215
-75
8
-23
73
396
51
149
314
-338
374
-112
-144
552
-128
395
392
26
119
-140
-155
-48
-321
448
-17
-47
540
-644
73
-282
-578
170
-252
-58
402
-117
-82
388
-536
16
46
-256
234
78
417
61
100
281
-278
-105
242
-133
211
429
-7
415
61
137
246
-158
242
94
-19
308
130
44
260
-43
69
121
-412
257
-60
-300
672
-182
103
312
-333
134
-236
50
-17
-120
335
-78
65
265
-338
82
-101
-252
392
-403
546
17
-100
622
-464
207
-98
-202
20
38
125
-7
252
-67
-184
-55
-359
-423
179
-435
135
155
-515
263
-569
-282
-17
-501
105
18
-268
216
25
-306
133
-236
-125
-28
112
40
11
219
-184
122
-80
-186
29
-119
-259
367
-252
-18
398
-549
193
-51
-258
34
64
-109
67
108
-141
142
-143
-61
-45
95
-250
228
3
-296
476
-439
179
55
-318
364
-273
21
345
-407
268
236
-327
517
-119
72
153
-179
419
-129
178
471
-270
460
92
-198
467
-254
272
226
-31
250
93
5
81
176
-54
118
6
211
-255
276
99
-371
463
-311
-17
151
-229
-53
-6
-221
88
-120
15
-27
-340
205
-472
-12
173
-495
427
-136
-176
433
-438
152
91
-345
392
-145
104
271
-116
241
-48
45
85
-46
52
103
-39
55
117
-162
56
-63
-102
-26
-40
-144
15
-114
-14
58
-216
194
-254
-119
131
-315
149
-30
-154
204
-170
-51
128
-397
23
75
-418
387
-150
-59
158
-236
21
-192
-140
-26
-101
51
184
-44
141
-148
-24
15
-263
382
-144
-30
462
-306
293
54
-257
299
-328
221
248
-146
481
-51
-124
367
-315
139
224
-348
453
-127
-44
299
-208
116
-81
59
-21
-8
232
-82
-18
147
-184
11
91
-250
234
-137
-177
280
-305
-64
363
-450
113
133
-456
314
-152
-57
134
-213
106
-41
-39
117
-21
-38
65
-12
43
80
16
26
31
66
-126
184
-140
-95
287
-252
309
-46
-87
64
-193
108
-98
103
95
-21
57
92
-130
79
-54
-14
176
-163
387
-205
83
210
-368
347
-63
-104
250
-32
-171
306
-275
-4
157
-315
231
-137
-50
80
-99
63
15
-145
102
-215
-21
189
-217
245
100
-309
251
-101
-258
370
-260
88
130
-178
206
-136
35
18
-107
226
-95
108
92
-148
97
52
-93
171
-12
1
102
-119
94
-52
-8
49
-1
32
-15
-16
-41
-103
33
-70
-45
-38
-46
-121
-70
-93
-129
-103
-225
71
-247
-139
100
-271
-68
-22
-123
-178
36
-61
-240
223
-159
-49
199
-278
37
8
-164
159
12
-55
287
-162
190
55
-160
375
-191
238
249
-82
271
-54
-66
157
-179
73
116
-231
192
-41
-178
96
-234
25
-36
6
225
-90
151
51
-194
205
-28
23
312
-94
311
83
-17
265
-117
62
131
-30
241
60
118
148
-104
86
-112
21
71
-61
245
-134
22
128
-336
177
-130
-126
133
-180
-5
18
-194
92
-137
-100
67
-325
118
-208
-99
153
-157
17
170
-202
-25
136
-268
195
-14
35
134
-3
75
1
33
-47
24
-56
26
-12
-9
-29
54
-43
-119
96
-345
14
-137
-220
130
-165
33
-57
-124
-70
-144
-146
83
-184
124
50
-69
171
-229
150
-192
-126
248
-241
189
133
-149
140
-105
-52
40
-80
196
3
-65
214
-214
39
130
-83
156
75
-37
21
74
-90
151
53
6
91
-26
39
-85
74
40
-96
179
83
-202
365
-110
-112
432
-326
257
186
-274
340
-103
-109
295
-129
87
115
-107
149
-126
96
57
-166
257
-89
-56
226
-239
75
16
-180
116
-111
-13
-3
7
-48
69
-58
-97
29
-89
-14
-2
124
-118
182
-29
-127
99
-178
22
-6
-1
20
45
-45
19
-52
-22
37
-152
164
-233
98
19
-217
211
-246
25
16
-144
20
6
-166
22
79
-220
202
-52
-150
174
-190
-29
92
-210
177
-56
-182
332
-477
126
130
-453
480
-214
-65
279
-371
220
29
-262
407
-306
6
289
-427
430
-220
0
201
-347
289
-157
-127
265
-145
-10
218
-247
84
-21
-124
255
-146
138
123
-269
242
-50
-159
276
-108
-77
311
-253
113
174
-310
282
-32
-113
345
-79
37
295
-191
160
94
-157
221
13
-43
198
-20
-63
137
-60
-47
145
-60
3
50
0
-118
32
-24
-199
137
-90
-63
137
-215
-20
90
-273
269
-7
-132
377
-279
34
212
-317
223
119
-245
411
-142
-104
343
-394
109
193
-303
218
115
-277
234
-6
-313
244
-26
-225
294
-41
-211
250
-134
-152
280
-183
4
180
-267
174
-26
-201
347
-243
-29
301
-352
85
242
-369
150
154
-373
261
-70
-179
243
-132
-43
143
-192
-110
201
-304
138
184
-289
187
-78
-192
21
-42
-136
118
-24
-78
171
-212
37
50
-198
114
84
-211
207
85
-294
434
-163
-130
402
-309
76
257
-229
136
203
-152
140
88
-145
68
69
-115
204
68
-133
311
-155
-92
319
-255
94
188
-242
166
73
-174
195
-72
-28
133
-100
119
-89
82
-45
-64
225
-229
111
48
-252
70
58
-232
147
106
-290
319
-156
-51
145
-43
63
7
174
-82
68
65
-11
5
147
12
-14
222
-164
134
-19
-87
246
-135
130
55
-118
13
-73
-11
-23
-49
59
-125
-82
99
-226
64
19
-232
138
-160
-131
162
-235
76
94
-180
121
-94
-73
37
-98
96
-39
21
40
-89
42
-61
-29
19
-94
-54
169
-281
114
140
-331
252
-58
-164
30
11
-178
21
86
-134
103
-29
-43
-59
-17
-64
14
83
-57
151
-59
0
98
-111
112
9
8
70
-6
10
50
-16
21
63
-101
67
-1
-131
114
-24
-77
142
-33
-99
70
29
-208
196
-9
-178
294
-147
-73
240
-226
29
158
-194
94
77
-77
60
61
31
2
-15
139
-131
52
174
-202
256
-31
-46
152
-217
149
-31
-62
163
-5
39
54
-40
83
-135
29
190
-328
358
-25
-274
455
-330
17
223
-354
196
24
-186
243
-147
15
77
-203
152
-246
28
144
-335
350
-84
-257
375
-385
0
216
-395
310
-48
-217
301
-269
-29
97
-152
53
-7
60
-104
16
50
-124
9
58
-92
31
45
-97
60
-145
70
-56
-14
46
-72
44
-175
87
-108
-108
125
-142
-69
76
-117
-126
139
-172
72
65
-57
118
-108
89
-16
-19
140
-18
31
145
-151
159
0
-159
330
-266
61
243
-344
251
23
-242
294
-171
-66
185
-296
161
-19
-155
253
-262
87
69
-218
220
-56
-113
130
-57
-73
134
-42
6
21
46
17
-83
203
-155
82
163
-158
213
-37
-58
191
-146
68
188
-180
142
127
-286
264
-2
-176
241
-110
-20
37
13
-46
0
73
-130
67
26
-165
168
-82
-111
241
-193
-13
211
-293
186
-30
-147
261
-248
188
62
-286
343
-226
-182
433
-445
109
225
-453
280
-3
-293
205
-35
-228
153
-15
-160
69
56
-210
72
154
-338
220
-39
-288
336
-214
-13
222
-212
59
121
-220
91
76
-186
211
-93
-17
128
-107
53
117
-156
87
130
-296
229
26
-226
359
-113
-156
280
-252
-16
218
-240
102
107
-185
107
25
-102
58
31
-65
15
19
-80
18
82
-68
98
51
-118
119
-52
-66
144
-58
63
115
-88
105
-39
-91
151
-116
36
170
-177
123
35
-194
191
-81
-20
119
-103
78
-25
-29
83
-110
94
51
-124
195
-65
-118
183
-115
-29
157
-132
39
60
-86
28
34
-31
-27
96
-72
-62
141
-122
-48
199
-142
-24
147
-188
6
108
-146
52
43
-91
44
-20
-67
18
-33
-76
47
-6
-53
52
-35
-13
-57
39
10
-135
151
-79
-105
163
-84
-86
145
-121
-82
134
-129
-17
123
-74
-38
135
-113
-68
143
-133
-37
171
-104
-7
153
-152
51
53
-134
139
-64
-33
146
-129
33
59
-175
69
-35
-131
109
-112
-3
44
-104
7
-22
-49
-65
62
-43
-113
151
-92
-82
173
-139
-11
166
-183
102
88
-109
152
-47
31
55
-19
95
-30
23
41
-67
34
64
-41
104
41
-82
59
-16
-69
48
45
-49
82
30
-76
61
-26
-62
92
-32
-13
122
-67
4
82
-131
52
77
-119
72
74
-134
58
75
-161
80
99
-128
88
139
-212
116
110
-224
161
35
-172
155
-20
-151
148
-47
-120
156
-62
-84
120
-64
-51
84
11
-54
82
12
-62
27
-13
-52
0
34
-22
-10
57
-18
-87
42
15
-128
112
46
-199
186
-35
-210
201
-84
-120
164
-86
-65
90
-113
-31
77
-61
51
46
-70
12
-39
-68
23
45
-8
40
45
-64
-2
-4
-37
-6
44
35
7
-9
33
-37
-93
112
-66
-67
199
-125
-23
147
-172
14
84
-102
49
66
-99
49
-10
-65
76
-56
-16
104
-79
5
99
-102
4
88
-102
29
84
-64
16
36
-3
-19
14
5
10
22
24
58
-9
25
57
-43
34
75
-24
61
43
-10
28
11
-3
40
10
38
42
-27
55
-26
-32
51
-37
3
49
-28
-27
20
-58
-8
13
-58
34
-3
-11
29
0
-55
91
-38
-69
155
-104
-11
115
-75
-6
100
-70
-43
33
-35
-8
-21
52
-10
-45
21
-38
-48
-39
8
-10
-45
56
18
-131
37
23
-128
54
60
-51
16
87
-96
-38
90
-99
12
92
-57
23
42
-36
23
6
5
16
21
40
-17
10
5
-23
20
-46
18
30
-84
89
-34
-87
72
-49
-41
35
10
-52
1
31
-64
-46
60
-67
-56
96
-58
3
93
-39
-11
41
-12
-14
36
23
-4
26
24
-13
3
25
-9
-5
38
-5
-5
35
5
39
18
-8
29
-48
4
37
-32
13
69
-18
-17
71
-41
-24
65
-24
-17
45
-13
-20
27
-26
3
0
-33
-14
-33
-17
-16
48
-29
16
26
-76
-2
-9
-63
-3
18
-47
39
-13
-39
5
-39
-40
5
-5
-37
25
7
-18
6
2
-31
-22
9
-4
-29
40
29
-31
16
7
-38
23
19
-22
6
23
-10
-18
16
-15
-10
27
-15
4
13
-27
18
-2
-10
27
-8
3
24
-12
-3
-6
-3
15
-16
19
19
-46
34
4
-40
50
-12
-6
35
-12
-5
7
-26
-10
11
14
26
9
30
-7
-23
25
-3
19
45
8
22
17
-6
-2
-1
-24
33
-19
-11
33
-52
19
3
-16
10
-11
-6
-33
-3
6
-27
28
54
-33
25
-9
-69
29
-35
22
19
10
76
-45
-13
29
-64
13
18
-12
42
19
13
-2
-23
13
-24
-21
54
-34
-10
47
-36
-9
6
5
-26
-3
20
-74
11
19
-31
27
-2
18
2
-48
19
-24
-36
61
-1
-17
70
-17
-19
36
-9
-24
25
10
-10
34
-7
20
27
-23
5
-33
-23
10
-15
5
20
-3
6
-17
-37
1
-26
-1
2
-13
-8
19
-22
23
9
-48
26
-10
-23
-5
48
-15
26
56
-28
3
5
-12
-18
24
5
6
5
22
14
-37
29
-23
-37
44
16
-27
57
15
-37
48
-7
-19
28
-4
-13
22
-2
2
31
-13
-5
34
-2
-19
26
-34
-2
49
-27
26
40
-10
7
12
-26
-25
28
24
-27
67
34
-66
34
5
-62
39
18
-23
36
25
-6
-13
30
-21
-8
19
-8
18
12
7
21
-14
-5
23
-33
7
14
-11
10
3
2
-8
-29
12
-30
-18
24
-28
-4
16
-15
-11
2
-19
-11
-8
18
-3
-4
22
-24
-2
6
-20
4
8
1
11
-1
-6
-9
-11
16
-32
16
5
-35
20
-36
-10
2
-22
1
-3
-26
15
-11
-40
22
-20
-21
23
-6
-25
18
4
-21
9
10
-3
23
18
13
20
3
7
-5
21
7
26
34
0
27
8
-9
21
15
-2
31
32
-5
23
10
-2
-8
9
-12
-23
36
-35
23
11
-37
36
-33
-15
28
-17
-5
15
-8
3
18
-8
-7
3
6
-11
16
7
-9
30
-9
-8
20
6
0
12
2
-12
1
-4
-13
15
8
5
17
-26
7
8
-24
11
15
-11
16
31
-24
4
16
-23
13
8
13
13
1
12
3
-19
25
12
-18
45
-26
-7
24
-34
13
25
-12
3
28
-23
-2
13
-28
9
9
-8
-1
10
-32
-6
2
-34
9
3
-20
-2
-2
-28
14
-4
-18
14
-18
-7
5
-28
1
0
-22
26
7
-33
19
-8
-21
33
-12
-7
20
-19
12
-1
-22
18
1
-1
2
-15
3
-2
10
14
-12
17
2
-12
9
18
-5
-3
17
-1
-1
18
5
-11
24
22
-12
16
-7
-11
9
2
6
27
3
-1
6
-16
-1
-1
29
11
11
28
-12
-8
22
7
-2
18
11
1
14
5
0
12
14
14
15
-4
10
3
-21
13
13
-1
19
17
-22
-1
-6
-22
3
20
1
-3
11
-15
-20
-4
-20
-13
11
-22
5
8
-20
-2
-10
-11
2
3
-1
-6
10
-7
-15
22
-8
2
13
-25
9
10
-8
20
-15
-10
24
10
-12
8
-1
-25
7
-1
-29
13
25
-22
12
-7
-28
5
-9
-12
-4
20
-2
-11
21
-17
-18
9
-22
-4
25
-27
21
-1
-16
39
-28
-4
0
-16
-15
16
1
-4
19
-12
-13
-3
-9
-29
17
-9
-7
7
-15
11
-14
-13
5
-39
4
14
-34
4
14
-22
-2
12
-29
12
9
-35
-4
2
-4
16
3
-3
0
-4
1
-2
-14
5
1
10
9
3
8
-14
5
-13
-17
6
-1
9
7
-1
1
-21
19
-18
-25
27
-8
-12
22
-2
-27
24
-24
-24
7
-14
0
-3
6
-9
-12
7
-19
-17
9
-5
0
12
-11
-1
-6
-24
13
-15
-2
20
-17
2
-4
-8
-1
-7
-2
-11
-3
5
-12
-7
11
-25
-14
17
-25
2
12
-17
2
4
-7
11
-4
-2
9
-12
5
6
3
12
11
-1
2
16
0
-6
18
0
2
25
-13
3
15
-10
6
-2
-2
8
4
-5
-4
6
1
1
0
-9
-6
-7
-7
-2
-4
1
2
-12
-2
-13
8
3
-25
12
-4
-20
21
-7
-19
16
-14
-22
5
-4
-17
4
4
-10
-8
11
-14
-29
17
-19
-16
9
-16
-14
-1
-3
-21
-11
2
-2
-12
-9
-9
-6
0
-6
1
-13
7
1
-26
3
-1
-17
0
11
-5
1
3
-12
-7
-3
-10
-1
5
7
1
-8
7
-10
-1
9
-7
1
7
-4
-5
11
-14
-4
20
-14
1
-4
-11
-5
-6
3
-1
2
0
-7
-22
3
-7
-14
4
3
-1
-16
8
-14
-5
12
-15
9
-7
6
0
-12
8
0
-9
14
1
-4
9
-13
4
-6
5
13
3
-5
4
4
-6
5
11
-20
3
30
-22
10
10
-15
9
-1
-17
11
5
-4
11
-7
3
15
-4
-8
-2
-6
2
1
2
4
10
-2
-18
-2
7
-15
6
3
-7
11
-12
-9
9
-12
2
-2
-21
7
-8
-18
5
-3
-3
11
-13
-7
-5
-12
-13
6
8
0
10
-3
-9
3
-1
-13
6
1
0
12
4
0
5
-3
-2
-13
-3
-6
7
16
-2
-5
4
6
-2
-4
-14
11
9
1
12
5
-3
8
4
-2
0
15
8
-6
14
9
3
17
10
-3
-2
0
3
-3
12
16
-5
3
11
-12
-2
4
-6
-3
9
4
1
3
-9
0
-8
0
-4
-3
2
-4
-4
-11
7
-1
-13
6
-8
-14
5
-2
-3
-1
2
-4
-1
-8
-8
1
-3
-3
3
5
-2
-4
-3
-6
-11
7
15
-6
3
5
-17
4
4
-5
9
14
-3
-10
16
4
-5
8
0
7
16
0
-3
9
0
0
14
-8
-4
11
-2
-4
3
-5
3
9
-16
-1
2
-13
0
-3
-7
-4
6
-10
-11
8
-7
-10
-4
-10
-3
13
-3
-14
-1
-5
-9
-4
-15
-3
6
-9
-6
3
-6
-11
1
-5
-9
-1
3
-10
3
-6
-9
9
-14
5
8
-11
1
2
-8
5
16
-7
5
9
2
2
9
-5
-5
15
1
9
11
12
12
-3
-2
10
4
7
16
-5
20
23
-13
3
9
-6
9
5
4
14
4
9
1
-9
7
1
2
7
0
-3
7
1
-8
6
-1
-5
-1
4
-6
-1
5
-8
3
-4
-6
10
-6
-8
-9
-3
11
-7
-9
10
-8
-2
2
-4
0
-3
3
-4
3
5
2
-2
-1
9
-5
-5
12
-2
3
18
-5
5
6
-8
20
-5
0
10
-5
26
10
-6
9
-4
6
14
1
6
11
10
6
7
8
-2
-2
10
4
14
2
-2
16
-6
0
7
-7
4
12
-2
-2
3
-5
4
6
-10
-5
7
-8
0
1
-8
-3
0
-6
-4
3
-6
-6
-5
-4
-4
-6
-3
3
-8
-12
7
-3
-12
1
-5
0
7
-10
-3
12
-3
-9
-5
7
10
-3
2
8
-3
6
0
-6
7
7
2
5
8
6
3
-3
1
-2
2
17
5
-6
8
2
-5
8
-5
-2
20
-3
-8
1
6
6
-5
0
-4
3
-3
-7
-3
-5
2
1
1
0
-4
-5
-8
-6
0
1
-12
0
3
-10
-5
-12
2
-5
-11
-8
-5
3
-4
-8
-2
1
-9
-5
-9
-3
-5
-2
0
-9
0
12
0
-15
-6
-2
7
-4
1
0
1
14
-10
-3
3
-11
5
7
-2
0
5
8
4
-5
3
1
3
3
-6
12
10
-4
1
13
-3
0
6
-5
6
15
5
1
0
-1
4
5
-3
-12
6
8
-5
-4
-3
3
3
-10
-2
-3
-5
5
-6
-6
-4
1
-3
-12
1
-5
-12
5
-1
-11
2
-1
-10
-4
1
-1
-6
-10
3
0
-12
-8
9
4
-8
-6
-4
1
0
-1
2
3
-5
0
3
0
-6
2
6
1
7
2
0
2
3
5
3
11
2
5
8
-2
7
7
-3
12
12
-3
10
2
-2
13
2
-1
7
0
-1
7
1
0
7
-5
1
11
-7
-16
3
11
1
-5
5
5
-10
-10
-3
0
0
1
-2
1
0
-13
-3
-2
-6
-1
-8
6
1
-11
-1
-1
-5
-2
-5
-4
1
0
-5
-4
0
5
0
1
0
-7
7
2
-5
4
6
2
7
5
0
1
-1
-1
2
9
8
4
12
3
-3
5
-1
5
7
-1
11
5
1
5
1
8
-3
6
6
-1
7
3
7
5
-2
4
14
-4
-2
4
0
5
11
0
6
3
-1
5
-3
2
0
7
2
-4
0
5
-3
-5
9
-3
-3
5
-2
-2
3
-4
-2
8
2
-4
1
-8
0
7
-3
5
5
3
0
1
-9
6
9
-2
8
-1
3
10
-3
-3
11
1
-1
12
5
-3
8
2
5
8
2
1
7
5
-1
5
7
9
5
1
1
3
7
4
7
7
-1
9
