SAMPLES:	9546
BITSPERSAMPLE:	16
CHANNELS:	1
SAMPLERATE:	16000
NORMALIZED:	FALSE
-14
-8
-14
14
33
11
0
-9
3
23
23
10
-16
-16
-5
9
10
10
-7
-25
-14
6
17
4
-11
-30
-27
-10
17
12
2
-18
-22
-6
-5
13
8
-7
-32
-33
0
8
2
-4
-22
-14
-3
0
3
11
-2
-21
-5
21
35
14
-7
-20
-28
-4
16
12
9
-5
-17
-15
1
12
4
-12
-25
-10
0
4
10
-10
-25
-20
-14
1
1
2
-19
-26
-15
-3
6
-5
-25
-32
-12
4
-1
-8
-26
-24
-15
-12
-3
1
14
-8
-18
-12
13
24
15
3
-7
1
-5
2
-6
-14
-11
-11
4
-11
6
-3
-20
-12
-4
3
0
0
-6
2
2
8
9
-1
-14
-2
-2
4
9
14
13
-6
-14
1
2
7
3
0
11
4
11
9
17
3
-4
-8
-10
2
-4
9
1
-11
-5
-3
-4
-1
4
-11
-8
-4
0
-13
-12
-2
-1
9
-14
-8
5
4
10
16
11
-10
-6
2
-4
3
7
-7
-7
-7
3
8
-5
-5
-10
-2
3
-2
13
4
-7
-4
-4
0
2
5
-5
-1
-1
-10
14
4
-12
-19
-19
-13
-13
-9
-16
-18
-6
-1
-17
-3
-6
-19
-3
-9
8
27
8
-5
-10
0
2
2
13
2
-6
-5
2
8
-9
3
-6
-13
-2
-9
7
3
3
-5
-5
-1
10
14
3
1
-18
-1
13
1
2
-4
-13
-4
-5
1
12
0
-7
2
10
12
17
5
-12
-11
-3
-5
0
-3
-10
-14
-7
-1
5
9
-4
6
-1
5
15
14
6
-7
-11
-5
19
10
7
3
0
-4
15
9
7
-2
-6
1
2
14
18
13
-7
-1
6
19
29
18
4
-6
-4
4
13
15
14
1
-6
3
12
14
9
-1
-12
-4
4
4
-6
-10
-11
-2
-10
2
17
-2
0
-19
-7
6
6
7
-3
-12
-18
2
10
13
9
-12
-14
-6
-1
-3
2
4
-14
-10
-5
6
7
-8
-17
-23
-14
12
8
2
4
-3
5
-1
12
16
6
-1
-5
-4
9
2
-4
-5
-8
-2
8
6
3
3
-11
-10
1
1
-3
0
2
-4
-2
14
11
-1
-9
-16
-1
11
12
4
-2
-11
-3
-4
7
9
0
3
-9
-15
-13
1
-4
-10
-13
-8
2
9
4
-6
-15
-26
-14
-9
4
-1
-11
-13
-5
6
2
3
0
-5
-18
-1
7
3
6
-7
-15
-6
8
12
7
-1
-12
-7
5
15
9
1
-9
-17
-3
0
14
0
-8
-4
-4
4
13
7
-1
4
-2
8
16
8
3
4
3
11
20
10
2
-2
-6
-3
7
5
-8
-5
-2
-3
6
-2
-10
-15
-20
-15
-15
-7
-13
-17
-16
-9
3
5
6
6
8
-2
-2
1
10
7
-9
-11
-7
-5
9
10
1
0
-2
-4
0
7
-6
6
10
-11
5
9
3
1
-5
-6
-3
13
7
2
-2
-1
4
-3
11
-2
-14
-18
-15
0
-16
-12
0
-9
-4
-2
-2
-4
-10
0
-4
-3
-2
-4
-12
-10
0
1
5
7
4
-2
-8
-4
-2
4
18
12
12
13
1
9
10
1
-3
2
7
-4
4
2
4
-4
-2
0
5
0
-3
6
-3
-1
1
-2
3
10
3
-3
-4
2
4
-4
-3
-5
18
16
-8
8
4
-5
2
4
6
-4
-2
8
-9
-11
5
1
2
5
1
-1
-3
1
2
15
11
5
3
7
11
7
-2
7
10
0
4
0
2
2
12
-9
-6
-5
-12
-2
-12
-3
-10
-19
-12
6
-14
-11
-1
-11
1
-4
-3
12
-11
-18
-7
-5
-2
0
11
2
-8
0
11
2
6
2
-2
1
5
8
-7
3
-13
-4
-1
-6
7
-7
-6
0
-9
4
9
-4
1
-6
-8
0
6
8
-5
-22
-12
-11
1
0
10
7
-8
-5
-8
10
16
0
-2
-3
9
5
-4
-5
-11
-5
-21
-20
-14
-12
-6
-12
-18
-11
-7
-19
-18
-24
-24
-15
-13
-8
4
-10
-59
-67
-10
72
67
-17
-49
10
65
54
-7
-20
16
42
-2
-22
11
17
15
-13
-16
-8
-1
2
2
-13
-3
-1
-9
6
22
16
-4
-9
7
23
9
7
3
4
5
4
16
11
-9
-32
-8
11
1
-11
-14
-8
-5
16
21
9
1
6
6
-9
-2
17
31
11
-8
5
15
13
2
3
9
4
0
8
14
18
7
-11
-21
-13
9
14
-9
-36
-12
21
16
-5
-26
-24
3
3
-8
-12
-21
-14
-4
-22
-19
-12
-5
-2
-10
-4
0
-10
-16
16
30
0
-23
-27
-4
34
38
0
-32
-30
3
39
0
-53
-45
41
56
-18
-56
-28
32
31
25
9
-12
-31
-6
38
40
-8
-33
10
63
30
-55
-59
41
112
54
-62
-98
22
105
47
-58
-38
42
24
-64
-36
63
64
-33
-77
9
58
-33
-104
10
142
97
-76
-141
5
161
101
-74
-87
38
99
4
-90
-6
97
60
-54
-75
0
36
-6
-11
14
4
-37
-29
52
33
-45
-61
32
71
-31
-104
-33
86
90
-41
-126
-37
122
117
-39
-126
-37
103
96
-55
-111
32
105
19
-98
-67
80
116
-32
-130
-8
128
73
-84
-78
51
75
-33
-100
-16
67
17
-43
-41
6
10
11
23
-20
-31
0
29
0
-48
17
82
6
-77
-57
25
31
4
46
60
-48
-129
-9
129
59
-111
-18
209
86
-240
-240
119
404
215
-299
-416
67
426
142
-251
-172
162
182
-127
-229
98
357
47
-312
-125
219
157
-188
-230
138
283
-76
-315
-37
259
129
-146
-189
69
271
41
-417
-348
357
660
-22
-621
-245
336
257
-146
-56
306
-3
-613
-237
642
553
-366
-653
25
527
197
-448
-376
411
533
-296
-568
74
514
269
-238
-386
66
379
-46
-454
-50
494
235
-372
-348
195
427
51
-465
-328
395
492
-287
-615
21
604
355
-241
-505
-279
183
389
74
-146
-16
-85
-182
116
323
7
-261
-81
207
92
-203
-111
182
199
-176
-317
81
373
79
-250
-166
-64
68
195
3
-263
-60
343
222
-264
-265
120
196
-72
-229
-80
182
261
27
-201
-176
167
377
-35
-522
-240
301
312
184
25
-345
-382
275
667
-1
-722
-352
428
484
-45
-407
-90
364
1
-582
-210
605
629
-63
-666
-495
228
391
-32
-150
203
227
-259
-346
200
497
-8
-837
-553
918
1142
-461
-1192
-48
832
319
-584
-375
678
582
-707
-892
266
844
271
-533
-466
215
299
-262
-199
459
234
-658
-498
546
664
-100
-606
-408
336
674
1
-538
-121
342
1
-522
-126
652
539
-138
-544
-522
140
803
394
-591
-784
152
897
185
-561
-159
142
35
157
-5
-227
-45
41
212
139
-524
-415
689
745
-281
-710
-375
148
740
518
-821
-945
583
882
-105
-326
-246
-282
293
495
-200
-271
203
13
-368
-42
297
79
189
167
-522
-329
341
-90
-141
497
-2
-456
202
188
-289
62
191
-232
-128
223
22
-126
52
-137
-251
294
693
156
-780
-907
283
1111
358
-633
-609
340
875
-237
-1157
257
1348
-77
-1299
-276
991
573
-497
-750
-119
785
508
-872
-661
1141
880
-1039
-989
227
603
663
86
-1148
-466
1348
707
-1170
-979
420
1034
392
-868
-626
809
766
-244
-575
-657
-109
1080
833
-566
-812
-22
490
70
-708
-350
950
1122
-292
-1214
-555
482
695
13
-744
-269
890
753
-627
-1142
-177
825
748
-265
-943
-155
1017
363
-985
-535
513
537
503
-22
-1273
-544
1356
653
-1124
-706
471
774
488
-629
-1116
451
1166
-512
-1240
222
1327
698
-988
-1720
-33
1811
999
-1025
-1049
426
636
-459
-707
149
863
670
-486
-1049
63
1150
277
-1060
-566
497
459
493
402
-825
-1084
272
517
-6
482
380
-407
-204
-112
-918
-321
1579
1424
-744
-1497
-225
793
616
-542
-1071
502
1515
-482
-1538
650
1365
-765
-1397
136
1107
939
-106
-1209
-730
532
504
81
126
-104
-82
5
-382
-314
163
416
612
-29
-1016
-181
749
6
-210
173
-184
-81
280
19
52
-88
-707
-40
941
147
-479
277
77
-970
-160
983
278
-94
230
-532
-631
511
109
-753
392
1183
-56
-964
-314
179
-42
30
213
134
134
64
-73
141
-270
-710
203
677
105
64
64
-476
-537
-160
387
866
165
-687
-164
274
-220
-162
290
-51
-54
588
-34
-745
140
492
-195
-150
-199
-365
551
645
-564
-666
365
401
-259
-64
573
60
-919
-537
352
554
131
-246
-104
264
327
-251
-533
-80
32
-51
743
889
-699
-887
242
127
-103
157
-42
-92
339
104
-526
-400
483
938
-39
-1032
-459
782
1052
-161
-1073
-453
304
178
2
327
371
-53
-572
-455
140
478
163
-434
-140
309
11
-31
404
-15
-584
-14
44
-414
305
732
-421
-806
460
655
-427
-400
574
523
-328
-529
-329
22
404
363
234
19
-315
-379
-159
-20
275
508
25
-346
-52
468
139
-845
-688
301
575
458
499
-385
-1433
-672
621
783
483
129
-553
-460
374
262
-38
-23
-394
-722
-72
1194
1307
-150
-1507
-1092
243
1007
745
1
-190
-411
-623
36
362
-12
263
442
-419
-597
206
519
46
-514
-154
718
640
-562
-1011
-43
578
320
293
348
-275
-959
-878
-105
882
1011
172
-553
-604
-484
-72
1075
935
-522
-749
-212
-12
590
568
-491
-591
-192
138
440
-299
-346
736
-14
-1226
-72
1177
1090
516
-620
-1170
-425
350
443
134
-74
77
-83
-827
-954
-19
747
657
153
-293
-380
233
634
-170
-676
-181
593
886
184
-345
-47
-124
-493
-280
-231
18
698
427
-183
-288
-417
-328
21
86
188
404
211
48
-273
-763
-210
755
621
-95
-207
34
-242
-604
-223
454
588
389
-22
-601
-630
-65
498
377
29
167
322
-142
-717
-447
169
492
691
650
-122
-987
-969
-675
61
1026
647
-108
-130
-585
-874
225
927
515
285
200
-2
-510
-690
63
566
301
-72
-83
-40
-436
-929
-451
523
545
49
-381
-365
-69
-168
-93
114
88
333
620
252
-56
247
446
212
27
508
688
9
-130
46
-165
-266
-141
166
474
77
-745
-675
22
477
282
-71
-11
-16
-305
-682
-372
694
1043
91
-794
-683
12
962
1033
-13
-384
-2
-91
-67
992
1456
631
37
-58
135
595
753
308
-223
-521
-319
166
-19
-175
-60
-707
-1136
-291
492
103
-466
-625
-535
-505
-720
-372
388
482
-23
-144
115
94
-122
-148
294
555
401
453
436
334
483
581
549
687
679
381
287
321
279
-19
-478
-826
-1205
-1291
-1141
-1199
-1356
-1644
-2270
-2810
-2854
-2547
-1964
-1618
-1662
-1689
-1474
-1187
-1180
-844
-58
311
155
207
621
885
986
1090
1208
1288
1477
1721
1598
1553
1727
1659
1469
1360
1314
1258
1146
848
646
790
757
190
-352
-383
-426
-387
-110
-176
-332
-254
-62
271
604
697
808
966
1038
1505
2154
2534
2573
2182
1863
2066
2520
2693
2425
1846
1514
1798
1969
1729
1572
1622
1566
1561
2074
2735
2868
1831
-892
-4560
-6838
-6290
-4492
-3081
-2624
-4145
-7584
-10321
-10313
-8277
-5600
-3571
-3157
-4000
-4649
-4298
-3130
-1212
820
2108
2917
3519
3484
2998
2883
3273
3889
4632
5186
4971
3884
2665
1867
1492
1312
1006
607
-217
-1829
-3273
-3787
-4099
-4758
-5229
-5224
-5104
-5407
-5810
-5548
-5076
-4402
-3001
-1375
110
1643
2757
3029
3203
4082
5443
6396
6860
7303
7356
6742
5959
5462
5074
4466
3840
3202
2219
1069
104
-850
-1626
-2049
-2509
-2932
-3246
-3376
-3251
-3273
-3297
-2812
-1922
-1019
-218
498
1214
1965
2741
3844
5185
6301
6910
7189
7276
6872
6315
6259
6664
7007
7036
6493
5407
4580
4129
3650
2942
1090
-2950
-7955
-11169
-11757
-10671
-9327
-9427
-11933
-15763
-18262
-17694
-14720
-11311
-8692
-7385
-7269
-6966
-5380
-2604
775
3850
5971
7220
7992
8334
8345
8372
8598
8888
8762
8130
7051
5438
3534
1857
488
-808
-1929
-3136
-4706
-6766
-9081
-10612
-10777
-10135
-9289
-8312
-7819
-8376
-9008
-8038
-5426
-2677
-66
2656
4657
5749
6792
8018
9007
9919
10961
11500
11300
10731
9674
7879
6349
5528
4570
3302
1830
152
-1655
-3381
-4592
-5071
-5250
-5472
-5635
-5762
-5612
-5048
-4238
-3243
-2326
-1085
576
1807
2639
3941
5408
6481
7809
9316
10443
11072
11343
11353
10761
9911
9354
8863
8233
7682
7236
6461
5266
3755
2020
136
-2206
-5887
-10987
-15295
-17032
-16641
-15453
-14702
-15435
-18053
-20671
-20605
-17562
-13209
-8822
-5546
-4076
-3280
-1821
868
4478
8095
10931
12476
12782
12413
11848
11109
10325
9503
8459
6964
4728
2294
64
-2157
-4216
-6060
-8009
-9927
-11190
-11835
-12246
-12274
-11824
-11251
-10792
-9855
-8174
-6350
-4724
-2778
-366
1586
3333
5770
8268
10219
11882
12798
12428
11599
11029
10607
10171
9489
8298
6391
3891
1427
-446
-1782
-2945
-3913
-4807
-6060
-7387
-7948
-7637
-6991
-6123
-5009
-4002
-3132
-2007
-695
580
2131
3928
5416
6539
7778
9039
9863
10384
11016
11660
11872
11552
10953
10280
9416
8307
7094
5837
4794
4096
3307
2351
1317
162
-1016
-2326
-3827
-5802
-9347
-14212
-17720
-18344
-17056
-14921
-13078
-13257
-15662
-17767
-17070
-13520
-8449
-3446
-144
1110
1665
2557
4159
6875
10202
12535
12955
12121
10742
8894
7082
5608
4138
2542
666
-1529
-3679
-5749
-7695
-9102
-10280
-11508
-12008
-11787
-11418
-10707
-9571
-8263
-6610
-4593
-2691
-1255
-158
1083
2665
4569
6737
8652
9714
10160
10608
10834
10445
9629
8559
7171
5756
4778
3834
2375
687
-1105
-2857
-3983
-4543
-4984
-5265
-5306
-5351
-5430
-5140
-4286
-3210
-2072
-812
436
1574
2577
3495
4447
5251
5826
6591
7607
8424
8777
8985
9169
9106
8922
8844
8568
7903
7061
5982
4892
4194
3650
2825
1903
1181
408
-491
-929
-733
-708
-1103
-1795
-3743
-7964
-13276
-16673
-16788
-14793
-11970
-9755
-10346
-13652
-16356
-15655
-11908
-6798
-1595
2040
3023
2538
2621
3879
6251
9189
11373
11884
10763
8526
5780
3418
1874
693
-699
-2123
-3644
-5757
-8043
-9628
-10400
-10773
-10782
-10250
-9311
-8493
-7872
-6887
-5384
-3512
-972
1988
4011
4603
4537
4368
4592
5853
7666
8901
9146
8738
7760
6159
4655
3805
3081
2260
1900
1555
406
-1053
-2228
-3048
-3328
-3111
-2850
-2643
-2243
-1976
-2009
-1886
-1239
-181
897
1753
2521
3231
3638
3770
4060
4642
5175
5533
5881
6101
6040
6061
6262
6341
6351
6402
6174
5531
5053
4755
4058
3195
2715
2385
1786
1278
1124
931
400
50
353
707
367
-474
-2152
-6127
-11719
-15523
-15648
-13678
-11156
-8746
-8638
-11870
-14977
-14495
-11178
-6603
-1315
2784
4021
3574
3164
3393
5031
8018
10317
10632
9506
7361
4279
1295
-522
-1630
-2872
-4110
-5225
-6840
-8925
-10519
-11068
-10849
-10281
-9143
-7414
-6077
-5392
-4151
-2046
79
2458
5315
7393
7705
6728
5597
5067
5436
6522
7555
7711
6689
4941
3039
1367
97
-688
-970
-934
-903
-1245
-1999
-2854
-3306
-2995
-2278
-1631
-939
-400
-310
-226
164
527
897
1592
2392
2976
3255
3300
3162
3023
3215
3679
4085
4407
4629
4631
4711
4982
5284
5641
5993
5963
5310
4473
3966
3711
3492
3384
3260
2702
1699
661
-16
-232
1
697
1381
1733
1848
1635
1002
-216
-2945
-7868
-13000
-15204
-14132
-11651
-8962
-7626
-9655
-13563
-15073
-12820
-8512
-3350
1374
3698
3573
2773
2495
3445
5913
8582
9580
8728
6697
3757
718
-1239
-2328
-3563
-4904
-5863
-6813
-7999
-8942
-9279
-9033
-8389
-7404
-5933
-4143
-2646
-1341
402
2396
4299
6359
8318
9257
8859
7616
6031
4648
4040
4001
3806
3340
2828
1601
-591
-2526
-3607
-4136
-3558
-1851
-614
-600
-1100
-1617
-1784
-962
576
1865
2619
2949
2659
1871
1231
1093
1315
1735
2200
2422
2158
1550
1226
1485
1895
2363
3123
3855
4137
4207
4492
4827
4950
5293
6000
6155
5495
4742
3862
2685
1937
1840
1721
1415
1159
598
-439
-1231
-1104
-344
592
1796
2863
2924
2001
211
-3657
-9691
-14579
-15346
-13046
-9935
-7215
-6957
-10580
-14899
-15386
-12034
-7126
-1419
3532
5119
3889
2636
2522
3570
6018
8743
9674
8382
5725
2439
-554
-2475
-3697
-4791
-5453
-5805
-6612
-7963
-9118
-9439
-8846
-7486
-5562
-3425
-1595
-400
808
2627
4388
5799
7509
9189
9519
8465
6922
5143
3176
1629
954
623
226
108
-234
-1876
-4181
-5604
-5656
-4443
-2074
447
1521
890
5
-63
615
1834
3423
4542
4445
3467
2209
915
39
67
551
835
930
841
420
18
161
790
1538
2467
3622
4546
4933
5104
5363
5656
6076
6677
6894
6258
5265
4372
3418
2553
2111
1759
1053
285
-353
-1239
-2344
-2774
-1961
-597
683
1906
2820
2981
2622
2174
646
-3472
-9112
-13030
-13537
-11833
-9372
-7289
-7669
-11035
-13999
-13403
-10092
-5749
-960
2750
3894
3347
2742
2924
4377
6613
8065
7939
6661
4515
1689
-872
-2566
-4071
-5581
-6234
-6171
-6552
-7570
-8243
-8074
-7335
-6110
-4353
-2396
-888
222
1728
3770
5574
6957
8273
8922
8193
6555
4825
3343
2191
1431
813
-88
-1210
-2158
-3107
-4183
-4800
-4775
-4234
-2950
-1175
115
635
1058
1796
2735
3718
4479
4746
4474
3791
2825
1677
618
-135
-560
-700
-743
-829
-873
-785
-512
53
856
1829
3003
4174
5037
5613
6027
6299
6499
6780
6970
6489
5426
4337
3232
1970
1173
985
589
-226
-1195
-2187
-3217
-3846
-3451
-2190
-670
830
1868
2194
2442
2955
3544
4105
3770
508
-5625
-11251
-13476
-12549
-10012
-7166
-6357
-8999
-12514
-13377
-11415
-7966
-3542
727
3056
3427
3226
3321
4097
5469
6645
6911
6249
4802
2832
733
-1460
-3852
-5851
-6647
-6255
-5687
-5825
-6502
-7068
-7008
-6161
-4624
-2593
-575
912
2229
3854
5205
6132
7154
7903
7637
6304
4421
2718
1561
660
-153
-973
-1989
-2884
-3485
-4121
-4678
-4715
-4117
-2853
-982
774
1653
1840
2196
3042
3873
4327
4500
4239
3447
2614
1936
1141
280
-492
-1057
-1095
-702
-292
161
815
1297
1493
2047
3079
3996
4677
5287
5531
5344
5315
5570
5508
4747
3632
2549
1556
956
867
729
133
-574
-1210
-1792
-2187
-2190
-1504
-375
655
1497
2267
2997
3746
4410
4948
5448
5742
5467
3902
-344
-7063
-13111
-15519
-14429
-11534
-8673
-8369
-11408
-14747
-15075
-12607
-8502
-3235
1389
3724
4427
4593
4534
4963
6396
7856
8225
7589
6173
3782
914
-1900
-4612
-6602
-7146
-6796
-6652
-7177
-8222
-8996
-8606
-6906
-4601
-2338
-453
851
2101
3960
5929
7261
8232
8871
8309
6578
4848
3466
1808
-215
-1892
-3134
-4042
-4164
-3658
-3685
-4581
-5212
-4876
-3541
-1229
1534
3491
4158
4565
5134
5330
5359
5573
5481
4768
3850
2883
1585
56
-1006
-1408
-1559
-1489
-971
-314
88
427
827
1333
2056
3098
4195
4933
5255
5368
5338
5142
4831
4256
3410
2644
2113
1587
1019
532
141
-166
-380
-480
-279
229
701
1014
1297
1568
2048
2929
3965
4756
5124
5043
4335
2873
-160
-5591
-11840
-15732
-16137
-14268
-11467
-9514
-10474
-13570
-15185
-13431
-9529
-4645
464
4002
5215
5348
5601
6273
7398
8540
8912
8244
6727
4533
1829
-1044
-3865
-6334
-7860
-8230
-8025
-7994
-8334
-8633
-8202
-6935
-5241
-3181
-938
934
2448
4124
5937
7316
8204
8741
8474
7201
5599
4221
2725
874
-1130
-3016
-4230
-4304
-3609
-3213
-3754
-4824
-5357
-4492
-2170
805
3342
4739
5047
5014
5226
5554
5769
5821
5313
3900
2168
739
-567
-1816
-2615
-2914
-3110
-3069
-2375
-1478
-943
-350
665
1861
3123
4414
5470
6054
6323
6524
6725
6690
6136
5109
3831
2598
1584
888
377
-234
-921
-1480
-1871
-2089
-1993
-1674
-1175
-394
474
1124
1691
2542
3559
4288
4482
4532
4609
4573
4544
3797
484
-5763
-12165
-15698
-15805
-13449
-10071
-8276
-9941
-13018
-14027
-12231
-8437
-3091
2039
4861
5696
5847
5812
5993
6778
7458
7266
6480
5267
3218
516
-2390
-5279
-7504
-8374
-8185
-7816
-7749
-7910
-7793
-6924
-5319
-3369
-1308
698
2312
3699
5368
6787
7551
8240
8694
8094
6661
5148
3573
1759
-192
-2026
-3504
-4253
-4013
-3415
-3490
-4330
-5165
-5166
-3742
-1154
1435
3235
4160
4464
4532
4685
4975
5113
4897
4313
3391
2096
735
-387
-1284
-2022
-2437
-2312
-1724
-967
-376
-56
180
773
1910
3236
4265
4846
5059
5039
4946
4863
4584
3898
3061
2256
1352
373
-287
-426
-373
-449
-637
-767
-681
-334
119
619
1138
1573
1972
2550
3017
3007
2916
3093
3257
3334
3615
3753
3141
1183
-2999
-9187
-14691
-16778
-15579
-12633
-9536
-8497
-10429
-12713
-12485
-9882
-5862
-870
3644
6078
6795
6919
6890
7005
7471
7767
7375
6380
4793
2681
249
-2534
-5552
-7773
-8551
-8465
-8104
-7739
-7504
-7034
-5831
-4253
-2747
-1089
812
2709
4595
6521
7798
8123
8178
8053
7182
5704
4217
2675
979
-639
-2144
-3462
-4195
-4211
-4146
-4603
-5356
-5623
-4827
-2927
-412
1867
3276
3838
4185
4623
4925
5028
5075
4871
4085
2952
1748
485
-696
-1578
-2173
-2747
-3066
-2709
-1885
-1175
-690
-214
416
1433
2767
4024
4844
5261
5558
5764
5652
5121
4269
3296
2500
1986
1506
962
554
303
123
-112
-523
-1020
-1257
-917
-254
253
713
1238
1468
1489
1633
1809
2037
2515
2913
2982
3053
3086
2644
1531
-975
-5757
-11433
-14822
-14848
-12856
-9974
-7721
-8106
-10380
-11300
-9673
-6549
-2331
2191
5086
5923
6044
6099
6103
6464
6939
6659
5624
4271
2516
366
-1994
-4560
-6836
-8062
-8184
-7852
-7365
-6811
-6295
-5360
-3826
-2231
-766
896
2563
3924
5383
6865
7753
8126
8093
7143
5346
3503
1956
652
-489
-1820
-3528
-4900
-5245
-4984
-4719
-4615
-4710
-4625
-3434
-1150
1245
3116
4300
4705
4753
4954
5131
5134
5018
4551
3515
2320
1194
-69
-1180
-1901
-2453
-2758
-2391
-1657
-1192
-837
-427
17
870
2202
3347
4011
4570
4973
5003
4963
4840
4233
3388
2773
2063
1097
397
198
302
492
389
-156
-711
-955
-869
-382
338
765
1064
1737
2302
2067
1551
1403
1279
1252
1763
2285
2182
1813
1225
-688
-4441
-8846
-12061
-13047
-11826
-9239
-6867
-6331
-7648
-8829
-8387
-6391
-3057
1068
4219
5392
5472
5262
4926
4904
5291
5294
4511
3477
2338
570
-1600
-3594
-5440
-6891
-7285
-6915
-6479
-5920
-5077
-4029
-2991
-2041
-930
531
2030
3215
4323
5357
5948
6087
5912
5165
3637
2016
937
298
-283
-1056
-2012
-3015
-3744
-3957
-3679
-3181
-2615
-1997
-1305
-441
618
1784
2807
3430
3681
3674
3460
3263
3095
2684
2013
1345
702
19
-650
-1185
-1503
-1538
-1247
-789
-337
52
457
961
1596
2267
2836
3332
3766
4021
4039
3925
3656
3245
2729
2095
1472
1042
865
854
939
980
890
639
388
308
375
666
1231
1783
1950
1773
1483
1195
1030
966
776
607
645
757
882
1121
1397
1285
669
-743
-3778
-7982
-11152
-11862
-10604
-8315
-6186
-5867
-7386
-8541
-7784
-5638
-2701
565
2894
3759
4151
4660
4992
5147
5218
4877
4003
3070
2190
874
-995
-3165
-5219
-6680
-7272
-7130
-6600
-5812
-4953
-4094
-3265
-2544
-1678
-331
1395
3066
4475
5568
6059
6030
5834
5198
3942
2760
2073
1225
-39
-1353
-2626
-3824
-4328
-3863
-3364
-3405
-3334
-2761
-2000
-1001
343
1556
2341
3031
3715
4202
4347
4196
3831
3290
2635
1897
1152
446
-226
-858
-1279
-1395
-1307
-1012
-625
-264
97
551
1175
1857
2483
2972
3351
3697
3989
4245
4365
4236
3905
3472
2985
2449
2085
2007
1892
1446
828
251
-145
-235
-122
13
-67
-203
-7
536
1040
1297
1400
1426
1459
1603
2031
2637
3087
3101
2232
-211
-4204
-8361
-10953
-11277
-9880
-7941
-6826
-7419
-8993
-9731
-8752
-6355
-3021
338
2532
3417
3803
4087
4276
4547
4848
4731
4093
3271
2100
283
-1855
-3902
-5590
-6599
-6843
-6675
-6466
-6172
-5661
-4903
-3947
-2743
-1223
437
1921
3123
4278
5304
5886
6246
6436
5939
4757
3529
2274
699
-834
-1970
-2915
-3630
-3876
-4024
-4519
-4930
-4750
-4087
-2858
-972
946
2300
3200
3725
3979
4298
4750
5063
4986
4492
3557
2375
1361
442
-506
-1184
-1540
-1717
-1665
-1357
-1011
-705
-260
359
1136
2040
2889
3569
4103
4453
4583
4646
4685
4468
3934
3360
2821
2238
1774
1487
1148
814
666
581
356
45
-238
-380
-240
155
669
1081
1282
1255
1084
959
952
1210
1840
2326
2277
1939
1608
1306
880
-156
-2600
-6416
-10076
-11957
-11782
-10247
-8416
-7561
-8214
-9197
-9158
-7695
-4989
-1594
1555
3552
4495
4930
5100
5179
5313
5263
4803
4038
3032
1574
-472
-2774
-4924
-6576
-7497
-7616
-7193
-6586
-5825
-4933
-4020
-3136
-1986
-313
1551
3100
4289
5296
6024
6473
6766
6549
5363
3627
2140
963
-221
-1283
-2112
-2907
-3598
-3822
-3831
-4124
-4238
-3684
-2672
-1387
192
1649
2498
2920
3291
3624
3890
4296
4506
4165
3525
2759
1912
1066
313
-453
-1146
-1412
-1260
-941
-743
-641
-491
-182
437
1246
2081
2819
3389
3806
4168
4374
4347
4263
4066
3628
3065
2523
2013
1622
1454
1419
1269
1007
742
463
236
265
518
773
952
1010
870
546
204
-156
-533
-713
-506
84
852
1353
1241
669
128
-19
253
409
-595
-3263
-6713
-9434
-10470
-9813
-8192
-7016
-7194
-8029
-8315
-7553
-5717
-3149
-743
896
2077
3066
3666
3934
4083
4012
3654
3267
2831
1888
362
-1411
-3162
-4618
-5470
-5691
-5531
-5173
-4803
-4420
-3947
-3356
-2554
-1383
50
1450
2750
3856
4561
4898
5013
4830
4329
3676
2950
2132
1223
185
-1037
-2173
-2938
-3289
-3307
-3124
-2927
-2808
-2437
-1656
-673
355
1383
2279
2988
3689
4268
4438
4246
3894
3496
3115
2736
2205
1422
577
-55
-491
-791
-824
-660
-472
-228
171
623
1067
1619
2272
2891
3349
3683
3978
4124
4013
3708
3366
3125
2916
2651
2316
1883
1390
1060
918
769
517
271
115
27
-15
-32
38
177
348
447
378
171
-82
-147
59
339
510
493
310
91
-7
-1
-145
-971
-2987
-5981
-8842
-10398
-10247
-8782
-7048
-6249
-6627
-7221
-7070
-5875
-3768
-1260
849
2230
3119
3618
3748
3746
3733
3570
3197
2693
1942
756
-754
-2381
-3890
-4968
-5408
-5350
-5020
-4580
-4178
-3727
-3139
-2414
-1488
-310
1031
2254
3339
4223
4656
4759
4748
4481
3833
3044
2203
1032
-278
-1281
-2071
-2721
-2887
-2667
-2527
-2397
-2015
-1594
-1237
-480
622
1611
2530
3399
3851
3856
3862
3902
3770
3534
3204
2672
1979
1249
555
-27
-451
-685
-647
-380
-105
63
283
541
807
1264
1867
2399
2782
3133
3374
3459
3484
3442
3203
2901
2740
2566
2229
1910
1664
1364
1112
1019
865
421
-30
-171
-151
-113
71
187
66
11
145
108
-205
-382
-292
54
697
1338
1445
1093
703
355
-232
-1528
-3772
-6571
-8837
-9846
-9532
-8390
-7457
-7453
-7990
-8140
-7400
-5702
-3259
-826
908
2086
3075
3865
4386
4704
4672
4286
3770
3144
2166
736
-956
-2686
-4185
-5231
-5784
-5920
-5722
-5319
-4909
-4537
-4073
-3295
-2082
-565
969
2327
3451
4342
5042
5464
5470
5011
4314
3530
2546
1423
364
-612
-1501
-2049
-2266
-2535
-2858
-2881
-2604
-2153
-1323
-107
1008
1772
2453
3038
3420
3805
4197
4342
4171
3821
3318
2694
1983
1195
440
-127
-467
-617
-614
-583
-588
-540
-313
109
742
1502
2104
2507
2865
3150
3320
3481
3558
3332
3017
2889
2761
2487
2178
1818
1349
1056
972
817
543
282
90
-1
83
99
-205
-628
-891
-906
-595
-63
220
122
-3
24
194
586
1059
1228
1069
681
-302
-2309
-4891
-7265
-8884
-9269
-8400
-7204
-6737
-7040
-7566
-7752
-7052
-5252
-2865
-604
1170
2383
3041
3404
3688
3870
3924
3803
3420
2695
1741
513
-905
-2300
-3544
-4532
-5050
-4976
-4618
-4188
-3762
-3409
-3065
-2370
-1232
27
1236
2389
3320
3987
4493
4730
4481
3846
3170
2481
1745
1026
258
-672
-1626
-2182
-2283
-2133
-1900
-1721
-1659
-1616
-1160
-170
991
2046
2810
3153
3150
3053
3032
3002
2856
2693
2432
1948
1402
819
180
-390
-731
-822
-698
-422
-70
246
426
575
796
1161
1631
2165
2683
3060
3182
3100
2912
2569
2239
2099
2083
2075
2144
2173
2015
1745
1463
1125
765
661
749
782
732
553
115
-369
-601
-720
-877
-1002
-1078
-1114
-1011
-720
-372
-47
191
320
461
709
883
781
218
-1196
-3564
-6063
-7769
-8447
-8169
-7313
-6738
-7006
-7516
-7509
-6699
-5095
-2936
-834
699
1754
2597
3268
3730
3962
3900
3624
3184
2612
1810
607
-850
-2259
-3366
-4037
-4342
-4363
-4299
-4262
-4060
-3696
-3203
-2421
-1278
-26
1141
2224
3075
3654
4097
4432
4484
4227
3847
3245
2429
1540
579
-453
-1363
-1911
-2115
-2157
-2167
-2310
-2537
-2469
-1913
-898
408
1515
2091
2427
2811
3211
3579
3848
3813
3415
2936
2553
2052
1409
767
133
-369
-576
-609
-583
-448
-244
-19
308
784
1253
1722
2253
2671
2869
2993
3056
3008
2952
2920
2788
2547
2316
2084
1863
1746
1609
1407
1201
1039
866
684
551
343
82
-128
-334
-658
-1047
-1431
-1728
-1830
-1710
-1449
-1153
-845
-473
-15
390
677
878
1024
1125
1121
671
-699
-2953
-5417
-7339
-8239
-8030
-7257
-6856
-7121
-7568
-7669
-7011
-5440
-3366
-1410
118
1262
2077
2719
3341
3825
3971
3868
3577
2975
2204
1282
120
-1231
-2474
-3432
-4049
-4298
-4303
-4276
-4211
-4013
-3688
-3120
-2192
-1115
-70
1046
2113
2959
3642
4219
4449
4292
4006
3573
2928
2173
1374
483
-355
-956
-1406
-1803
-2149
-2492
-2743
-2599
-2076
-1344
-439
478
1164
1749
2390
2941
3335
3644
3770
3639
3396
3131
2707
2108
1537
975
492
263
226
163
84
33
-53
-44
149
471
890
1404
1910
2270
2494
2613
2644
2723
2856
2926
2847
2631
2349
2107
2037
2052
1948
1658
1187
639
189
12
47
88
35
-202
-662
-1242
-1698
-1942
-2003
-1846
-1497
-1045
-579
-109
302
522
688
1031
1537
1943
1852
744
-1480
-4303
-6721
-7971
-7981
-7230
-6567
-6668
-7398
-7998
-7897
-6841
-5095
-3176
-1490
-167
986
2065
2914
3386
3566
3569
3490
3369
3082
2402
1237
-216
-1599
-2730
-3479
-3795
-3853
-3882
-3973
-4051
-4005
-3661
-2911
-1853
-724
308
1278
2171
2985
3683
4110
4205
3997
3615
3152
2556
1849
1120
448
-67
-393
-667
-1041
-1509
-1847
-1858
-1490
-871
-206
358
784
1271
1884
2517
3000
3207
3162
3005
2853
2792
2730
2479
2017
1453
908
475
274
210
116
-32
-154
-187
-103
124
474
833
1157
1524
1883
2191
2424
2554
2532
2398
2252
2156
2149
2217
2269
2229
2043
1739
1378
984
619
364
245
200
106
-162
-592
-1123
-1550
-1722
-1635
-1427
-1211
-1030
-966
-908
-731
-341
146
627
1100
1444
1581
1570
1134
-192
-2342
-4705
-6602
-7536
-7352
-6612
-6267
-6689
-7448
-7912
-7624
-6359
-4480
-2644
-1168
-13
930
1749
2518
3100
3391
3514
3570
3443
3029
2269
1135
-211
-1468
-2407
-2981
-3250
-3364
-3416
-3485
-3553
-3489
-3126
-2420
-1545
-694
141
940
1701
2525
3314
3773
3820
3656
3367
3026
2658
2244
1745
1205
839
605
312
-117
-711
-1362
-1749
-1614
-1089
-364
285
650
834
1047
1407
1825
2240
2572
2713
2742
2731
2585
2223
1767
1307
864
622
574
528
412
204
-60
-261
-199
104
469
856
1172
1391
1635
1980
2266
2382
2379
2314
2243
2282
2403
2437
2293
2017
1682
1439
1347
1286
1173
962
615
169
-225
-526
-804
-1064
-1250
-1430
-1558
-1526
-1332
-1041
-714
-402
-109
227
642
1090
1439
1680
1728
1522
873
-481
-2476
-4726
-6573
-7535
-7513
-7024
-6839
-7212
-7897
-8371
-8094
-6843
-4983
-3111
-1567
-360
583
1404
2192
2842
3228
3420
3522
3482
3239
2644
1621
346
-899
-1880
-2471
-2712
-2785
-2882
-3051
-3239
-3344
-3204
-2788
-2174
-1465
-631
297
1236
2192
2963
3402
3549
3523
3405
3280
3136
2915
2627
2326
2029
1656
1156
456
-435
-1242
-1690
-1753
-1455
-978
-610
-415
-218
63
423
946
1578
2099
2519
2878
3034
2907
2659
2376
1945
1563
1334
1125
850
554
175
-297
-644
-759
-631
-312
94
460
759
1074
1418
1717
2042
2279
2328
2338
2364
2351
2315
2273
2145
1883
1604
1367
1129
961
868
769
605
431
253
39
-135
-312
-565
-834
-1010
-1086
-1059
-939
-815
-729
-632
-417
-85
290
593
740
762
804
881
836
321
-958
-2940
-5046
-6550
-7109
-6837
-6290
-6111
-6461
-6984
-7154
-6619
-5399
-3788
-2207
-881
202
1107
1858
2413
2717
2821
2849
2867
2861
2674
2104
1134
-49
-1144
-1962
-2430
-2518
-2435
-2398
-2455
-2598
-2775
-2773
-2463
-1887
-1147
-323
541
1384
2128
2678
2993
3101
3141
3221
3329
3366
3204
2845
2384
1911
1485
1076
539
-137
-827
-1394
-1714
-1752
-1613
-1446
-1230
-842
-350
182
735
1171
1500
1825
2224
2606
2809
2822
2660
2344
2001
1736
1483
1192
859
482
126
-178
-360
-395
-354
-226
-20
242
533
843
1160
1412
1566
1664
1724
1811
1984
2192
2345
2365
2238
2000
1718
1506
1383
1352
1364
1310
1126
816
451
126
-111
-298
-513
-749
-952
-1110
-1198
-1239
-1272
-1288
-1228
-1004
-622
-188
200
474
607
645
623
389
-294
-1511
-3038
-4471
-5452
-5740
-5559
-5424
-5620
-6019
-6346
-6357
-5807
-4801
-3686
-2678
-1740
-868
-126
534
1103
1493
1766
2016
2247
2333
2147
1687
994
249
-395
-864
-1148
-1347
-1557
-1775
-1999
-2211
-2329
-2261
-2011
-1605
-1025
-308
436
1142
1769
2209
2460
2677
2882
3052
3171
3176
3003
2685
2409
2193
1900
1455
812
-6
-722
-1062
-1000
-747
-538
-525
-649
-696
-514
-105
355
744
1001
1185
1388
1581
1706
1734
1675
1557
1493
1488
1442
1303
1078
774
477
296
232
241
316
450
585
727
874
972
997
1045
1109
1181
1293
1437
1575
1672
1754
1755
1705
1652
1652
1712
1801
1871
1811
1685
1496
1210
840
396
-66
-471
-720
-859
-1058
-1422
-1902
-2293
-2415
-2157
-1668
-1221
-916
-741
-557
-229
190
584
840
930
895
647
26
-1099
-2585
-4049
-5076
-5417
-5238
-5015
-5109
-5555
-6052
-6208
-5814
-4925
-3784
-2663
-1675
-828
-115
506
1003
1391
1719
2008
2239
2367
2305
1951
1360
634
-72
-579
-829
-930
-1022
-1173
-1454
-1753
-1926
-1805
-1456
-995
-439
109
639
1204
1776
2193
2409
2492
2518
2586
2717
2779
2631
2301
1905
1539
1268
1050
743
291
-219
-679
-988
-1081
-982
-801
-591
-360
-163
28
242
469
693
949
1259
1534
1750
1882
1843
1654
1420
1195
1011
880
792
683
529
394
274
173
122
151
273
489
785
1064
1249
1320
1305
1303
1400
1582
1806
1983
2035
1929
1716
1473
1231
1012
860
737
619
491
313
35
-317
-646
-874
-1016
-1038
-1008
-1027
-1035
-1034
-973
-868
-710
-490
-240
57
349
580
691
655
534
395
289
190
-71
-649
-1608
-2807
-3906
-4635
-4826
-4642
-4406
-4377
-4543
-4734
-4692
-4250
-3486
-2606
-1790
-1071
-448
118
604
972
1165
1261
1357
1485
1610
1594
1344
839
218
-353
-720
-841
-797
-742
-735
-827
-965
-1065
-1051
-896
-637
-222
267
764
1233
1554
1693
1666
1578
1500
1487
1573
1637
1613
1445
1198
904
614
398
197
26
-113
-177
-190
-127
-2
130
293
466
611
700
771
822
846
871
883
852
737
594
438
294
225
194
177
156
132
132
180
311
427
541
667
787
979
1198
1462
1673
1792
1827
1722
1546
1383
1227
1124
1057
966
771
479
134
-185
-400
-455
-379
-341
-362
-437
-508
-482
-387
-243
-99
25
193
393
576
618
578
494
408
340
271
148
-59
-234
-353
-450
-597
-799
-1056
-1321
-1459
-1494
-1454
-1361
-1255
-1101
-935
-813
-889
-1162
-1511
-1809
-1850
-1620
-1285
-1077
-1105
-1297
-1588
-1830
-1901
-1803
-1611
-1327
-1016
-793
-659
-628
-638
-636
-549
-346
-99
190
474
651
693
624
479
348
309
394
530
603
552
390
176
-39
-202
-284
-311
-289
-186
-22
115
138
91
-22
-123
-88
105
363
603
809
924
966
947
898
762
583
454
388
418
489
501
411
215
25
-117
-160
-86
3
114
231
305
342
341
311
290
348
468
605
693
708
639
556
511
495
484
451
442
450
522
613
667
650
566
483
413
365
334
359
455
617
764
808
656
369
151
119
300
565
739
695
463
234
131
179
308
376
318
163
24
1
84
218
246
124
-91
-278
-315
-159
97
249
209
-15
-289
-423
-362
-202
-106
-211
-469
-748
-873
-783
-639
-571
-614
-752
-848
-813
-666
-587
-649
-839
-1068
-1178
-1133
-942
-785
-734
-779
-882
-915
-825
-669
-570
-511
-537
-576
-550
-486
-398
-400
-454
-533
-609
-618
-582
-546
-516
-501
-474
-432
-359
-260
-179
-93
-10
39
78
108
91
84
80
88
115
125
92
9
-97
-202
-262
-283
-292
-303
-341
-327
-253
-125
53
200
258
275
318
433
671
915
1105
1169
1122
1084
1107
1180
1223
1157
958
719
500
379
321
232
109
-38
-139
-143
-35
131
234
288
318
374
488
679
890
1058
1164
1195
1170
1079
986
887
787
693
584
481
398
338
283
196
82
-11
-63
-53
6
42
56
53
67
99
154
199
253
337
421
500
504
430
266
122
48
76
139
148
54
-132
-312
-406
-409
-412
-444
-562
-666
-692
-625
-510
-445
-473
-591
-671
-668
-553
-346
-196
-143
-220
-341
-405
-423
-390
-380
-484
-652
-795
-872
-861
-824
-849
-951
-1085
-1143
-1055
-873
-661
-534
-516
-543
-522
-444
-315
-201
-163
-189
-267
-333
-384
-430
-477
-535
-584
-641
-654
-627
-584
-534
-494
-433
-385
-332
-223
-110
14
145
260
354
413
483
532
555
553
511
478
435
393
335
257
187
157
168
213
249
255
285
321
370
428
460
487
525
613
718
786
785
725
640
617
653
701
686
619
526
450
461
456
425
347
274
276
335
387
400
366
326
360
459
563
612
615
599
579
563
523
450
374
337
399
526
630
665
603
442
301
180
124
164
220
313
372
323
201
15
-128
-168
-144
-84
-77
-118
-141
-123
-90
-98
-197
-363
-498
-481
-321
-115
33
25
-143
-332
-435
-400
-264
-131
-70
-118
-222
-295
-340
-380
-421
-479
-541
-542
-477
-404
-398
-512
-728
-957
-1108
-1108
-994
-863
-813
-898
-1029
-1147
-1190
-1130
-1042
-991
-971
-943
-854
-699
-511
-391
-399
-481
-539
-492
-307
-52
137
191
132
49
-12
-2
66
119
173
228
276
301
293
229
115
24
-17
-13
59
136
200
213
196
166
148
202
320
481
656
801
891
930
937
952
937
933
933
900
872
828
769
700
615
514
406
288
202
155
138
163
173
148
121
80
65
83
142
209
286
370
447
524
585
628
646
632
628
665
735
838
913
898
770
572
359
216
184
223
222
140
-33
-248
-374
-365
-272
-180
-172
-221
-267
-278
-207
-154
-149
-175
-192
-137
-31
63
101
51
-74
-201
-303
-329
-327
-304
-309
-376
-484
-630
-749
-839
-869
-844
-769
-702
-644
-603
-629
-649
-661
-652
-605
-533
-458
-408
-410
-455
-519
-601
-675
-753
-827
-889
-887
-833
-739
-666
-662
-724
-807
-812
-716
-525
-332
-186
-147
-154
-142
-102
-28
17
44
52
91
158
200
217
163
80
8
-34
-28
2
77
166
254
298
280
227
159
139
227
360
501
595
598
562
525
533
555
566
562
542
550
589
622
610
542
454
386
372
431
537
636
698
681
588
480
416
469
602
733
779
710
566
446
427
476
519
474
366
264
247
329
431
432
278
112
3
49
221
381
417
298
129
-1
-5
95
224
300
283
203
103
26
-47
-112
-170
-197
-175
-118
-39
-17
-92
-252
-455
-653
-755
-706
-568
-419
-328
-373
-505
-612
-664
-618
-536
-442
-343
-272
-198
-155
-197
-307
-431
-545
-573
-511
-403
-295
-277
-362
-545
-749
-889
-918
-812
-624
-432
-320
-299
-397
-551
-683
-738
-694
-568
-386
-201
-70
-16
-73
-233
-425
-574
-585
-462
-234
-8
124
130
13
-155
-277
-323
-250
-101
84
250
333
326
226
77
-69
-120
-77
44
210
334
372
320
200
50
-51
-61
17
197
403
579
686
685
586
461
352
323
406
573
781
983
1078
1033
858
608
414
333
397
522
638
676
655
576
467
336
184
78
34
106
257
413
517
505
379
217
80
51
129
281
422
474
425
292
151
60
57
97
153
173
141
110
76
30
-53
-186
-301
-332
-226
-11
177
246
143
-84
-318
-464
-464
-353
-196
-71
-42
-124
-267
-404
-497
-501
-433
-361
-306
-281
-288
-288
-294
-328
-377
-426
-401
-285
-111
27
24
-134
-358
-521
-565
-458
-278
-132
-88
-158
-339
-560
-744
-829
-785
-644
-460
-298
-221
-244
-325
-442
-522
-513
-425
-250
-43
126
216
191
60
-97
-202
-232
-161
-49
58
114
123
64
-57
-220
-365
-424
-366
-183
24
178
183
80
-80
-198
-187
-89
79
227
350
428
476
482
411
303
198
170
282
511
736
885
855
675
429
219
155
238
416
604
715
688
558
359
152
12
-50
1
115
295
468
574
580
426
181
-62
-173
-89
150
423
591
588
427
187
-20
-144
-149
-27
147
329
455
454
353
176
-11
-116
-112
9
198
365
434
357
149
-138
-388
-513
-465
-235
43
242
256
73
-211
-458
-575
-524
-353
-139
62
208
250
191
23
-198
-378
-449
-357
-138
108
246
213
8
-298
-555
-689
-645
-468
-251
-92
-68
-182
-392
-611
-761
-793
-693
-505
-260
-47
49
-13
-231
-495
-715
-722
-533
-214
109
283
272
73
-174
-409
-522
-510
-367
-152
58
210
191
43
-190
-427
-544
-523
-372
-145
77
227
242
116
-98
-276
-336
-228
22
289
463
516
426
255
90
-24
-44
31
171
317
432
458
381
226
25
-128
-175
-108
73
261
394
432
345
195
44
-56
-38
76
238
405
500
494
416
288
171
114
139
215
315
408
431
439
388
318
232
153
109
122
195
306
408
434
387
256
125
21
30
113
226
332
357
336
248
166
86
17
-13
-21
5
73
146
180
160
50
-72
-164
-152
-46
94
203
224
168
51
-49
-133
-169
-149
-102
-50
-20
-38
-112
-218
-337
-441
-489
-480
-421
-336
-277
-258
-297
-372
-446
-475
-460
-382
-263
-161
-94
-68
-99
-155
-202
-265
-265
-242
-195
-134
-114
-144
-211
-281
-337
-340
-320
-281
-235
-210
-172
-146
-124
-118
-133
-151
-152
-120
-64
-13
11
-4
-47
-94
-136
-156
-154
-138
-103
-65
-29
-18
-26
-33
-48
-32
0
49
102
148
195
219
219
196
142
70
36
37
77
129
161
156
110
55
5
-20
-15
18
68
106
150
175
190
213
216
220
223
232
279
336
391
417
381
315
245
188
188
203
212
210
166
125
85
50
38
18
24
42
82
142
182
210
209
191
180
189
221
257
293
289
265
217
172
147
121
103
75
38
6
-17
-28
-32
-48
-68
-109
-136
-144
-140
-123
-106
-109
-112
-98
-81
-52
-23
-28
-31
-36
-51
-33
-24
-6
7
-10
-26
-59
-89
-114
-121
-147
-162
-181
-206
-216
-239
-239
-263
-270
-276
-273
-245
-205
-145
-107
-79
-110
-142
-181
-189
-154
-119
-82
-78
-110
-159
-182
-209
-199
-183
-194
-193
-212
-207
-184
-151
-121
-119
-146
-173
-178
-138
-79
-20
-5
-29
-62
-79
-50
-8
34
49
30
-1
-28
-44
-37
-20
3
11
29
29
33
38
30
43
43
60
88
116
132
148
149
132
127
109
109
130
156
181
188
171
142
119
102
118
140
179
190
186
156
116
112
97
127
140
152
157
164
175
178
180
154
126
98
84
80
98
95
97
79
60
69
58
50
34
0
-14
-14
12
53
77
97
81
70
61
62
84
90
90
83
58
51
42
23
8
-15
-20
-20
-18
-26
-48
-74
-105
-140
-154
-154
-131
-80
-40
-21
-38
-92
-133
-155
-155
-136
-115
-106
-93
-72
-65
-70
-113
-170
-230
-249
-212
-172
-129
-126
-158
-170
-188
-175
-154
-153
-136
-142
-128
-126
-118
-112
-114
-87
-60
-37
-4
18
2
-3
-36
-70
-73
-69
-34
16
53
64
41
10
-17
-8
10
27
36
46
57
88
118
116
113
79
64
73
95
115
140
134
123
114
102
112
121
132
132
128
116
110
96
95
88
94
93
93
96
85
91
77
64
46
16
6
23
37
66
82
71
64
57
42
36
30
17
5
19
32
56
83
75
57
24
-6
-37
-35
-36
-19
20
15
28
0
-35
-44
-40
-22
0
14
6
7
17
20
26
24
-3
-20
-32
-22
-3
8
-7
-56
-100
-135
-137
-121
-84
-87
-79
-99
-132
-121
-142
-129
-127
-119
-122
-105
-86
-69
-51
-68
-87
-118
-127
-134
-102
-85
-69
-53
-79
-77
-85
-78
-60
-47
-28
-33
-14
-19
-12
1
-12
-8
-24
-31
-36
-30
-16
-2
4
-3
-14
-22
-26
-10
11
34
64
67
83
90
99
131
132
138
119
106
106
118
136
135
115
89
64
56
56
56
64
53
58
52
44
53
39
46
58
62
89
96
106
103
100
94
100
92
103
105
85
88
63
52
40
29
19
-5
-27
-50
-56
-48
-34
-27
-37
-35
-46
-28
-2
15
37
41
34
43
50
46
52
29
12
-9
-27
-32
-46
-46
-62
-68
-75
-90
-90
-102
-92
-91
-96
-90
-97
-81
-69
-63
-69
-78
-89
-87
-67
-57
-36
-35
-41
-40
-49
-69
-80
-99
-115
-93
-79
-60
-42
-61
-86
-106
-108
-99
-67
-39
-29
-8
-14
-10
-4
-3
5
6
8
11
10
17
37
39
55
45
21
19
4
16
39
45
57
52
43
39
43
51
49
53
63
72
99
118
127
129
112
94
92
80
81
97
84
91
77
55
43
31
27
38
37
42
47
37
51
47
53
49
46
48
63
81
90
81
51
21
-5
-4
4
11
15
7
1
-1
-7
-19
-19
-29
-20
-12
0
2
-4
-5
-22
-17
-20
-23
-21
-21
-26
-25
-27
-42
-45
-59
-57
-45
-45
-31
-44
-57
-68
-88
-91
-95
-88
-79
-73
-76
-83
-97
-98
-98
-92
-82
-86
-72
-70
-51
-33
-36
-36
-51
-66
-64
-54
-53
-33
-45
-54
-61
-74
-68
-68
-62
-62
-57
-54
-54
-45
-40
-39
-25
-25
-9
3
22
35
44
46
41
39
34
47
60
71
81
83
70
61
53
54
49
55
53
53
75
86
94
100
80
63
65
63
85
98
100
97
82
77
61
62
58
58
65
64
69
65
59
49
51
57
63
71
63
59
50
50
54
51
44
44
27
29
28
20
22
12
1
6
-2
-5
4
-9
0
0
10
22
35
49
44
48
31
16
5
2
8
20
23
14
-11
-31
-59
-80
-83
-95
-93
-93
-91
-87
-87
-82
-89
-82
-82
-82
-64
-62
-48
-48
-45
-37
-32
-24
-27
-34
-40
-47
-54
-63
-84
-103
-116
-111
-99
-78
-70
-82
-97
-112
-120
-111
-95
-81
-72
-64
-62
-45
-29
-19
-3
0
-5
-2
-5
1
17
17
18
5
-4
-8
4
14
31
20
14
2
-10
9
13
35
41
48
38
33
34
27
37
49
45
60
56
49
58
49
58
58
51
42
30
32
37
50
48
41
30
22
36
52
67
77
66
47
38
25
27
42
42
49
51
49
60
60
61
58
42
35
35
42
49
59
51
36
30
6
12
7
6
17
5
11
3
2
0
-10
-5
-17
-4
-9
-6
-4
-18
-27
-48
-61
-67
-62
-50
-45
-43
-45
-55
-54
-53
-57
-53
-56
-60
-51
-55
-49
-55
-62
-70
-82
-83
-87
-89
-78
-83
-77
-70
-79
-69
-82
-74
-74
-71
-62
-62
-51
-48
-36
-34
-27
-35
-33
-29
-25
-11
-13
-15
-19
-37
-32
-38
-35
-21
-19
-7
5
10
22
18
14
16
14
26
35
54
59
58
52
32
16
2
0
7
22
21
34
22
20
29
19
30
29
28
33
42
47
70
71
68
73
65
78
75
77
71
57
54
53
66
71
66
58
54
48
47
50
47
45
48
44
50
64
64
67
69
60
55
65
59
69
75
54
51
28
27
22
22
37
22
30
9
-5
-7
-15
-25
-21
-16
-11
2
0
-3
-14
-23
-37
-25
-24
-15
-13
-15
-20
-30
-37
-54
-66
-65
-75
-70
-60
-75
-64
-81
-82
-70
-70
-54
-64
-51
-59
-63
-56
-57
-49
-35
-45
-35
-40
-53
-52
-55
-51
-56
-46
-54
-49
-40
-52
-47
-48
-60
-43
-43
-33
-14
-17
-21
-15
-20
-12
4
-4
7
0
-4
-7
1
5
-5
-4
-15
-21
-14
-9
-3
27
17
19
20
13
23
34
41
41
40
23
22
22
27
31
28
20
14
25
36
45
59
47
38
29
22
35
37
50
52
62
54
49
49
40
38
32
36
40
46
47
54
42
44
35
30
27
28
28
33
44
40
48
34
30
26
31
34
33
37
32
20
15
2
-1
-4
-11
-6
1
4
-2
-4
-20
-26
-35
-40
-34
-32
-24
-18
-14
-14
-22
-33
-39
-44
-42
-32
-37
-23
-17
-20
-14
-22
-27
-26
-32
-37
-29
-40
-50
-48
-54
-47
-42
-44
-38
-43
-33
-31
-28
-24
-39
-42
-36
-32
-16
-5
-9
-4
-11
-16
-16
-21
-18
-22
-19
-21
-18
-9
-14
-5
-9
-6
-16
-19
-15
-13
2
4
11
12
8
5
16
15
23
18
9
13
4
10
9
8
14
12
21
22
19
14
7
-1
-1
8
2
15
15
19
26
27
25
29
18
13
22
20
30
29
34
30
34
27
21
30
19
21
28
26
21
26
11
10
11
7
10
14
16
14
23
9
8
4
-5
-6
1
1
2
-2
-7
-4
-4
-2
-4
0
-1
-5
-3
-7
-15
-18
-18
-17
-6
-13
-15
-20
-24
-26
-28
-29
-33
-32
-32
-23
-20
-12
-21
-24
-31
-28
-25
-26
-22
-28
-23
-25
-16
-12
-13
-15
-29
-29
-31
-35
-28
-29
-29
-27
-28
-23
-15
-12
-6
-10
-11
-3
-7
8
12
5
10
-2
-6
7
9
18
22
14
8
9
0
6
7
-1
6
1
4
10
9
15
17
19
18
22
26
26
33
29
23
31
16
20
26
26
35
36
27
20
12
-1
8
14
24
31
37
39
37
39
34
26
22
13
6
15
17
21
28
21
21
12
9
1
2
5
9
11
16
23
6
16
4
0
12
-5
4
2
-7
-5
-11
-10
-6
-8
-3
-5
-10
-8
-20
-23
-24
-31
-26
-24
-27
-15
-15
-13
-15
-14
-20
-28
-27
-28
-30
-28
-34
-31
-38
-40
-39
-35
-30
-40
-36
-46
-45
-44
-35
-36
-27
-30
-30
-25
-29
-23
-27
-24
-26
-22
-17
-13
-13
-10
-13
-21
-22
-17
-21
-11
-4
-5
1
-9
-16
-13
-14
-14
-6
3
1
11
9
11
12
7
12
4
16
6
15
23
14
31
24
18
25
14
20
20
12
18
12
12
21
24
37
33
33
33
23
24
23
27
32
28
30
33
31
36
29
35
27
24
23
15
23
14
20
24
13
28
26
23
33
24
21
13
9
7
18
17
17
27
11
13
7
2
10
1
2
1
0
1
0
-1
-1
-4
-14
-3
-12
-9
-1
-15
-3
-16
-17
-16
-24
-16
-25
-18
-21
-19
-19
-25
-29
-27
-30
-28
-17
-26
-19
-22
-30
-21
-23
-23
-14
-29
-19
-20
-26
-16
-23
-20
-26
-26
-19
-17
-7
-13
-13
-15
-31
-29
-28
-28
-13
-8
-3
9
0
1
-2
-13
-11
-17
-16
-11
0
0
9
9
-6
6
-11
-9
2
-1
8
9
11
13
14
12
11
14
14
5
13
16
9
17
13
16
16
18
14
19
20
13
17
14
16
8
18
11
13
27
11
22
25
16
24
19
16
20
25
17
21
30
11
25
15
14
18
1
13
10
15
14
16
16
11
5
6
6
10
13
7
19
13
6
11
-5
-8
-3
-15
-4
-2
-8
2
-5
0
0
-12
-14
-25
-18
-13
-15
-2
-8
-11
-11
-14
-4
-6
-6
-12
-9
-15
-15
-15
-16
-10
-21
-10
-13
-14
-7
-16
-13
-8
-16
-8
-10
-13
-4
-10
-6
-6
-4
-3
-7
-9
-6
-9
-13
-6
-16
-6
-8
-6
3
0
6
-2
2
2
-4
1
5
4
2
5
3
4
15
7
13
8
1
9
7
7
15
11
8
14
15
20
10
10
2
1
2
7
13
14
18
13
17
22
20
15
15
8
4
5
9
9
11
12
15
17
17
18
15
9
6
6
4
4
8
9
15
10
19
12
8
8
3
2
11
8
2
20
-4
3
-1
-9
-1
-12
-4
-4
-3
1
-1
0
-3
-12
-5
-7
-13
-6
-8
-6
-4
-1
4
-5
-7
-10
-17
-14
-11
-10
-6
-5
-13
-13
-5
-17
-11
-5
-11
-5
-2
-4
4
1
-8
-4
-15
-15
-12
-13
-6
-6
-7
-8
-7
-8
-4
3
-7
3
-4
-9
-3
-14
-6
-7
-6
0
6
7
5
5
7
2
-2
-4
0
1
6
14
2
15
-3
-4
6
2
10
12
15
8
17
4
6
13
0
4
13
11
16
21
11
14
14
7
10
10
6
12
7
11
17
14
12
12
15
18
15
20
20
8
19
3
16
23
8
20
6
14
14
11
16
17
12
7
11
10
11
6
7
6
0
1
11
4
10
6
9
9
3
11
1
1
-1
-4
-3
-3
-2
-2
0
-4
-2
3
-5
6
-9
-4
-5
-10
-3
-4
-4
-4
-7
-7
4
-6
-5
-1
-13
-10
-6
-4
-11
-9
-8
-15
