SAMPLES:	12682
BITSPERSAMPLE:	16
CHANNELS:	1
SAMPLERATE:	16000
NORMALIZED:	FALSE
3
1
12
4
-11
11
8
8
3
-1
3
-2
7
9
-4
-4
8
4
1
6
14
5
3
-1
-4
3
-1
-2
7
0
7
4
5
5
-2
8
-8
4
2
5
1
-5
1
5
10
-11
-9
-7
-6
3
-10
-1
3
5
6
-3
-1
-8
5
14
0
-6
-3
-15
-5
-5
-1
-3
-11
4
1
8
3
-13
8
3
-4
-2
-11
-4
-1
4
-3
10
12
-3
5
-1
-3
-5
-13
-13
-2
-5
2
2
-7
-4
-14
1
3
6
7
-2
-2
-11
1
-12
-14
3
-10
-8
-5
-19
-14
-7
-9
-7
-13
-7
-5
-9
-3
-1
4
0
-9
-13
-8
-6
-9
3
0
-2
-6
-12
-8
-8
-8
-9
-10
1
5
0
4
8
7
4
10
-6
-1
0
8
7
-7
0
-3
0
-3
4
5
5
3
3
8
-15
2
5
-2
9
6
-2
1
9
-7
-4
0
-3
3
-5
-14
-4
-1
-7
-7
-10
-4
-4
2
0
-12
1
-6
-13
-7
-5
-1
-10
-6
-11
-14
-2
-3
10
-2
-13
-7
-16
-2
-2
-4
-5
-10
-12
-8
4
-3
-2
2
-2
9
6
2
1
-1
-1
1
-1
-6
-5
-4
2
0
2
7
-1
0
-5
3
3
4
10
-2
6
7
5
8
7
9
-4
-19
-11
-9
-5
5
-2
-4
8
15
11
5
9
-1
-3
-3
-6
4
-9
-13
-8
-1
8
19
-4
-8
-1
-2
-4
0
13
-14
-7
8
-2
-2
4
-13
-16
1
0
-10
-10
-3
-1
6
-8
-2
-3
-4
1
-10
-10
-10
-13
-5
-8
-5
-1
-9
-4
-5
-2
-8
-2
-3
-1
-3
-16
-4
-4
-3
-1
3
5
1
0
-9
-6
0
-2
2
11
8
-6
-4
-7
-4
3
1
6
17
20
4
0
1
1
6
-1
-7
-3
9
3
3
1
8
4
-6
-5
2
7
1
2
14
-8
-5
-4
-4
11
-1
3
11
14
-9
-12
-3
-1
-5
12
11
6
3
-4
10
-1
6
9
10
15
17
16
5
4
0
8
9
10
17
7
1
20
26
8
15
3
6
10
15
9
-8
5
10
12
1
14
6
2
7
7
11
-3
-10
-2
0
-9
-6
-9
1
-1
-1
-1
0
5
-1
10
-5
-7
-3
-4
3
0
2
1
5
4
-10
11
9
-3
7
4
3
6
11
9
14
7
5
3
9
26
18
12
16
6
-1
-4
0
6
3
6
-8
2
2
2
16
8
4
2
3
-7
-9
-1
9
1
-2
3
-8
-10
-10
-16
0
1
-7
-3
-2
-9
1
2
-8
2
-1
11
15
11
11
6
1
0
2
-1
4
1
0
-6
4
12
7
6
17
7
9
22
17
18
7
13
13
15
4
-4
3
-2
4
-7
8
7
3
3
6
12
2
11
6
3
5
-2
4
9
9
12
-3
0
-4
-14
5
-2
-12
-2
-3
7
7
5
4
8
9
-4
-3
-10
9
-1
-1
7
-5
-3
-3
-4
-10
6
5
-4
-1
-10
-13
-3
-7
4
2
2
0
1
5
5
-10
-15
9
-2
-10
-1
-1
-6
-5
-8
-1
2
1
-1
-9
-2
6
9
-3
6
-1
7
6
-1
2
-10
6
-7
-12
-6
-8
-11
-4
1
-3
9
3
2
8
3
-10
-6
-4
-12
-6
-9
-9
-16
-8
-5
-11
-1
1
-4
-4
0
-3
-7
-4
-9
1
-1
-2
-2
-11
-6
-9
2
-10
-4
-6
7
14
-2
6
3
-5
-7
3
10
3
-6
1
4
1
-1
-3
2
5
-8
2
1
-4
-2
0
6
10
-1
-4
-7
-10
-5
-15
-13
-17
-1
-2
-10
-11
-7
-4
-2
-5
-8
-9
-8
-4
-9
-5
-9
-11
-7
5
2
-14
-11
-14
-7
-10
-9
6
7
5
-6
-9
-6
9
9
5
2
0
-7
-2
1
-9
-2
2
-10
-3
-1
-5
-3
-14
-6
-10
-2
-8
-11
1
10
-3
-5
-13
-21
-10
-5
-16
-8
-4
-24
-13
-17
-6
2
-2
-4
-6
-7
-12
-8
-12
-11
3
-7
-4
8
2
-8
-11
-3
-3
3
1
-3
1
-6
-6
0
-1
-6
-4
1
-1
-5
-10
-13
4
-4
-6
11
0
-4
0
-12
-2
7
-7
-4
4
1
0
4
-4
-9
-4
-4
6
6
-2
4
7
-2
7
9
8
2
8
13
13
16
14
18
6
1
5
3
-4
6
-5
-9
-1
-2
3
0
8
12
4
16
11
6
4
6
-9
-14
-2
2
3
-6
-10
-10
-6
-8
-3
-10
2
-5
0
17
4
13
-2
1
5
1
4
8
12
-3
-4
-10
-10
5
-2
-4
5
2
8
9
5
4
-10
-22
1
3
-3
-3
-13
4
11
-3
3
-4
-6
-21
-26
-19
-18
0
-16
-2
6
-9
-9
-10
-5
-5
-3
-4
-2
-6
-8
-8
-11
-15
-8
0
-1
0
-8
-3
-8
4
0
5
11
0
0
0
-1
2
0
-16
-6
-1
-12
-11
-9
-2
-5
3
15
13
-2
-2
2
-1
1
-5
-1
-6
-14
0
2
-4
1
-3
0
-3
-2
3
4
16
10
12
11
10
12
13
13
15
15
6
7
11
2
3
14
4
-6
1
11
15
15
19
21
10
5
4
14
12
14
7
-10
-10
-4
4
1
-9
-4
7
-1
-4
-2
0
-4
-15
-4
-11
-2
-2
-11
-1
-9
5
-3
0
-3
-10
-9
-11
-8
-7
-5
0
-1
-10
-8
-8
-3
11
-1
-8
-4
-7
3
5
-1
0
-1
-3
4
-3
0
4
-1
6
-3
-3
-1
-2
-6
-1
1
-6
2
10
-2
-4
3
5
3
0
11
4
9
3
-2
-1
-6
0
4
7
1
-1
-2
-2
12
-2
-2
8
3
4
-2
-1
-8
-5
-7
1
7
6
5
-2
17
4
-5
-7
-4
-7
3
2
-3
7
-5
0
-2
7
12
16
18
10
4
2
2
1
-4
4
18
2
3
12
19
13
8
12
12
18
11
9
8
17
19
12
12
8
11
23
13
9
-3
5
9
5
6
-1
9
-1
9
16
-3
2
1
6
11
0
-3
-3
2
-3
0
-14
1
-2
-12
1
1
-11
-10
1
-4
0
3
2
-6
-3
1
2
-1
10
5
-10
1
0
-1
-4
-5
-5
-12
-4
-4
0
-10
7
12
-8
-13
1
-1
-3
-2
-2
5
-4
1
-10
-7
2
1
-4
-5
-4
-6
-2
0
-6
6
0
-9
-10
-2
7
0
2
2
-2
2
8
4
1
5
-7
-2
10
6
0
7
21
10
16
18
7
11
5
-4
-5
5
24
18
11
8
-1
3
5
11
9
2
1
5
6
6
12
9
4
8
6
0
-7
4
13
7
-1
3
0
-1
8
0
-5
4
1
-1
-3
-4
-11
-11
0
3
7
2
-11
-7
-6
-17
-8
-11
-2
-4
-19
-13
-13
11
3
-5
3
-14
-2
4
-2
3
7
3
5
7
1
2
2
1
1
-8
3
10
-7
-4
2
-3
5
7
5
1
6
-2
-2
-2
-2
16
-7
-1
6
-2
-5
-8
-7
-1
-4
0
14
0
5
5
9
5
14
12
-2
1
-11
-3
7
6
6
7
13
14
7
2
4
5
-2
6
5
5
2
10
7
10
14
0
4
11
-1
-7
-9
-6
-6
-14
3
2
5
-3
-12
7
0
9
0
4
20
3
6
8
14
-3
-9
-6
-7
7
1
3
0
-2
-14
-19
0
3
6
-5
3
-11
-12
-1
-6
-3
-1
1
-12
-1
-7
2
6
-4
6
-7
-7
-6
-6
-2
-5
-2
12
1
0
1
-3
2
1
11
10
12
21
-2
0
2
-7
-18
-12
1
2
-1
-12
0
9
10
4
7
10
2
-4
-3
-3
5
-3
-1
9
7
3
7
-2
-4
5
9
15
10
7
0
1
-11
-5
3
-2
7
1
9
7
5
8
-3
0
20
15
16
14
24
20
-9
9
10
7
7
0
-20
-24
-19
-22
-16
-8
-7
-11
13
-3
3
18
11
22
20
26
16
4
6
-8
-20
-29
-30
-14
-34
-25
-28
-38
-17
-37
-15
-7
-2
-4
7
36
42
49
37
56
47
28
13
12
3
-15
-31
-34
-44
-53
-43
-35
-35
-32
-12
-17
-11
2
15
29
31
34
41
22
25
30
25
13
9
11
-12
-25
-30
-36
-37
-26
-39
-28
-21
-19
-8
-8
13
20
23
30
29
38
39
32
26
18
6
-6
3
-10
-20
-22
-43
-52
-41
-31
-34
-22
-15
1
23
27
36
40
52
49
39
37
32
21
6
-2
-11
-27
-30
-23
-20
-19
-21
-16
-30
-14
10
7
17
17
34
41
37
47
71
78
80
77
56
55
44
15
0
-11
-35
-44
-62
-66
-52
-57
-50
-42
-41
-14
-4
9
26
20
38
35
25
31
13
-1
-8
-20
-21
-36
-58
-60
-77
-76
-77
-73
-74
-62
-48
-38
-18
-25
3
7
17
6
-7
-9
-20
-24
-25
-29
-36
-26
-12
-1
14
15
33
37
20
21
8
1
-5
-5
-15
-27
-20
-21
-11
2
10
28
34
39
43
39
41
40
32
38
26
23
13
11
23
22
27
24
33
34
19
9
4
-10
-31
-40
-38
-32
20
67
99
165
240
305
324
329
291
204
83
-85
-232
-388
-527
-605
-648
-613
-529
-384
-191
-1
180
348
480
534
535
499
399
245
103
-30
-155
-252
-301
-317
-316
-306
-257
-207
-179
-148
-121
-97
-78
-40
10
77
160
242
344
426
470
468
426
346
204
30
-146
-342
-508
-627
-681
-659
-596
-452
-263
-60
144
324
463
533
540
467
350
190
-20
-226
-411
-576
-683
-702
-644
-532
-356
-127
118
365
580
758
871
907
892
823
701
534
355
161
-15
-188
-307
-372
-418
-351
-212
-23
197
495
823
1087
1304
1429
1432
1261
869
326
-292
-1006
-1735
-2317
-2679
-2864
-2838
-2473
-1818
-1048
-211
684
1533
2154
2472
2607
2515
2097
1453
787
110
-602
-1227
-1633
-1825
-1932
-1928
-1740
-1437
-1176
-941
-660
-380
-204
-70
141
415
658
911
1286
1657
1886
2023
2079
1960
1579
1005
329
-403
-1184
-1922
-2423
-2661
-2699
-2484
-1962
-1243
-471
285
1040
1658
2046
2217
2217
2074
1749
1319
921
553
193
-144
-374
-539
-733
-940
-1129
-1301
-1516
-1706
-1783
-1722
-1551
-1225
-689
-17
720
1483
2197
2767
3097
3161
2963
2467
1738
853
-98
-1022
-1835
-2431
-2795
-2897
-2723
-2324
-1773
-1110
-413
239
797
1240
1549
1713
1736
1652
1481
1241
947
621
296
-64
-450
-825
-1196
-1563
-1889
-2134
-2265
-2280
-2138
-1819
-1347
-738
-42
696
1382
1961
2375
2554
2498
2199
1720
1069
310
-436
-1098
-1643
-2013
-2163
-2080
-1801
-1394
-857
-223
401
912
1359
1736
1957
2008
1960
1872
1684
1403
1129
913
631
327
78
-122
-321
-534
-652
-620
-489
-288
71
593
1111
1559
1931
2197
2179
1703
912
-30
-1201
-2562
-3793
-4610
-5123
-5335
-4961
-3953
-2597
-1143
455
2097
3402
4122
4426
4410
3826
2701
1410
181
-1062
-2253
-3044
-3362
-3418
-3305
-2899
-2214
-1537
-1074
-634
-193
7
14
81
306
526
766
1224
1896
2478
2909
3283
3496
3298
2617
1703
659
-608
-1989
-3126
-3877
-4298
-4378
-3928
-2950
-1725
-431
910
2251
3325
3958
4230
4223
3874
3153
2258
1417
572
-326
-1078
-1646
-2099
-2540
-2904
-3134
-3346
-3576
-3705
-3583
-3275
-2800
-2041
-934
343
1668
3036
4354
5385
5924
6027
5675
4805
3421
1770
21
-1751
-3384
-4658
-5403
-5625
-5349
-4591
-3394
-1924
-389
1126
2534
3644
4363
4711
4704
4382
3816
3064
2240
1426
654
-6
-518
-858
-1064
-1182
-1173
-1069
-903
-681
-438
-149
149
420
703
1044
1403
1673
1907
2152
2303
2242
1992
1652
1087
108
-1128
-2374
-3632
-5032
-6297
-7009
-7260
-7240
-6712
-5393
-3548
-1652
299
2465
4468
5769
6458
6837
6660
5608
3981
2309
605
-1354
-3190
-4465
-5254
-5819
-6045
-5585
-4741
-3916
-3049
-1988
-928
-158
474
1197
1878
2308
2728
3341
3907
4235
4418
4484
4229
3487
2410
1190
-275
-1990
-3617
-4899
-5834
-6413
-6437
-5806
-4693
-3367
-1844
-77
1636
3010
4022
4753
5098
4912
4353
3663
2798
1697
522
-507
-1394
-2227
-2897
-3291
-3498
-3614
-3514
-3108
-2505
-1780
-840
304
1482
2669
3913
5097
6002
6556
6850
6810
6291
5424
4385
3155
1704
251
-915
-1865
-2695
-3135
-3114
-2880
-2477
-1675
-484
695
1772
2989
4177
4872
5049
5038
4668
3394
1408
-609
-2678
-5182
-7636
-9168
-9931
-10499
-10428
-9002
-6690
-4458
-2182
694
3533
5298
6257
7204
7646
6786
5163
3768
2403
460
-1511
-2712
-3439
-4338
-5133
-5171
-4825
-4824
-4932
-4665
-4250
-4114
-3948
-3245
-2213
-1203
11
1713
3577
5189
6557
7736
8344
8084
7141
5785
3943
1508
-1081
-3367
-5354
-7062
-8152
-8340
-7830
-6975
-5748
-3938
-1874
-53
1494
3011
4287
4899
5033
5080
4943
4263
3227
2298
1408
262
-974
-1907
-2659
-3493
-4159
-4318
-4077
-3682
-2901
-1617
-92
1482
3234
5089
6621
7689
8412
8697
8298
7365
6213
4760
2880
983
-549
-1816
-2882
-3448
-3360
-2990
-2445
-1427
45
1431
2574
3768
4790
5153
4989
4728
4061
2485
348
-1642
-3645
-6072
-8213
-9336
-9973
-10596
-10443
-8976
-6958
-5132
-3009
-305
2069
3477
4598
5850
6348
5710
4793
4059
2970
1412
119
-683
-1626
-2762
-3524
-3853
-4313
-4914
-5246
-5445
-5810
-6072
-5780
-5110
-4374
-3305
-1613
336
2204
4122
6122
7630
8303
8411
8092
7094
5322
3247
1109
-1102
-3246
-4946
-6015
-6572
-6677
-6314
-5446
-4222
-2805
-1374
24
1327
2417
3193
3710
4070
4165
3920
3421
2816
2149
1340
462
-396
-1213
-1912
-2402
-2622
-2536
-2060
-1247
-213
1039
2556
4167
5541
6655
7534
8001
7923
7413
6637
5589
4234
2780
1456
282
-606
-1094
-1272
-1156
-648
124
799
1301
1818
2091
1476
32
-1552
-3344
-5918
-8673
-10539
-11698
-12783
-13160
-11845
-9343
-6804
-3972
-221
3522
6054
7816
9522
10385
9633
8024
6455
4522
1938
-373
-1869
-3143
-4441
-5085
-4965
-4844
-4887
-4677
-4474
-4891
-5611
-5924
-6069
-6449
-6463
-5489
-4015
-2482
-355
2597
5391
7303
8825
10141
10443
9423
7897
6212
3849
979
-1474
-3143
-4491
-5576
-5820
-5292
-4593
-3777
-2538
-1175
-207
463
1098
1586
1752
1827
1999
2044
1934
1939
2104
2117
1901
1685
1388
808
114
-336
-590
-880
-979
-542
352
1454
2769
4378
5995
7227
8085
8652
8797
8339
7268
5777
4089
2378
807
-494
-1353
-1650
-1612
-1438
-948
-172
332
58
-887
-2118
-3912
-6527
-9214
-11285
-12999
-14547
-15091
-13941
-11666
-8967
-5583
-1324
2845
6124
8856
11190
12340
11888
10477
8657
6254
3331
595
-1580
-3482
-5093
-5951
-6106
-6045
-5946
-5734
-5637
-5975
-6505
-6882
-7251
-7698
-7725
-6983
-5682
-3958
-1581
1332
4160
6543
8574
10203
10895
10559
9531
7959
5908
3586
1458
-292
-1736
-2792
-3325
-3379
-3115
-2671
-2174
-1813
-1621
-1521
-1474
-1460
-1378
-1168
-871
-393
360
1326
2349
3219
3851
4165
4131
3832
3295
2543
1685
874
245
25
329
1113
2158
3351
4735
6084
7155
7945
8454
8386
7635
6576
5539
4422
3147
2093
1446
814
109
-266
-386
-941
-2247
-3798
-5417
-7642
-10261
-12427
-14036
-15526
-16497
-16064
-14306
-11920
-8967
-5081
-785
3001
6370
9573
11968
12876
12663
11933
10431
8049
5488
3172
737
-1787
-3658
-4757
-5698
-6619
-7135
-7411
-8031
-8799
-9093
-9199
-9589
-9804
-9210
-7996
-6560
-4508
-1704
1210
3747
6192
8598
10333
11093
11167
10670
9341
7515
5746
4034
2177
471
-717
-1564
-2252
-2528
-2428
-2489
-2790
-2956
-2929
-3027
-3181
-3060
-2734
-2455
-1979
-1030
192
1277
2248
3224
3950
4333
4540
4600
4325
3805
3311
2992
2811
2881
3278
3828
4421
5111
5899
6530
6852
6837
6501
5840
4997
4131
3263
2477
1861
1382
960
681
490
-40
-1205
-2726
-4461
-6703
-9369
-11792
-13747
-15481
-16716
-16730
-15408
-13364
-10762
-7304
-3307
464
3836
6973
9533
10928
11198
10864
9977
8405
6510
4653
2790
920
-633
-1748
-2660
-3545
-4368
-5248
-6343
-7490
-8463
-9304
-10074
-10545
-10422
-9675
-8351
-6398
-3954
-1403
1082
3465
5547
7151
8206
8714
8591
7984
7235
6498
5685
4843
4182
3646
3093
2537
2085
1542
644
-526
-1724
-2863
-3942
-4848
-5453
-5704
-5572
-4967
-3913
-2527
-953
574
1871
2952
3897
4597
4893
4845
4749
4643
4502
4585
4983
5508
5957
6445
7023
7486
7668
7529
7045
6176
5116
4101
3157
2266
1628
1300
1036
847
936
1001
416
-907
-2498
-4436
-7102
-10011
-12509
-14701
-16689
-17932
-17709
-16265
-14239
-11447
-7767
-3826
-213
3201
6382
8732
9932
10322
10233
9538
8382
7170
5924
4553
3265
2296
1477
524
-590
-1810
-3418
-5411
-7377
-9151
-10867
-12455
-13402
-13438
-12752
-11375
-9130
-6267
-3288
-374
2472
5068
7062
8306
8957
9056
8710
8125
7466
6819
6214
5667
5173
4768
4387
3888
3095
1972
636
-866
-2431
-3923
-5214
-6251
-6929
-7085
-6696
-5820
-4575
-3068
-1537
-80
1299
2559
3584
4288
4776
5154
5430
5731
6171
6725
7305
7823
8295
8708
8952
8899
8543
7793
6694
5428
4123
2915
1823
975
468
217
149
279
495
440
-256
-1519
-3114
-5225
-7984
-10833
-13308
-15491
-17293
-18146
-17577
-15949
-13721
-10705
-6872
-2935
623
3831
6653
8620
9418
9482
9132
8246
6996
5752
4628
3583
2698
2126
1713
1089
292
-663
-2085
-3967
-5952
-7792
-9649
-11454
-12551
-12687
-12189
-11061
-9059
-6413
-3669
-1088
1452
3802
5473
6455
7008
7135
6931
6597
6327
6188
6077
6096
6219
6224
6111
5850
5167
3978
2454
775
-999
-2835
-4455
-5634
-6449
-6831
-6649
-5954
-4904
-3722
-2520
-1371
-364
521
1298
1853
2341
2952
3635
4418
5436
6743
8098
9207
10171
11056
11510
11389
10856
9959
8607
6896
5243
3836
2498
1411
841
537
311
259
311
-3
-1113
-2705
-4472
-6952
-10023
-12807
-15108
-17186
-18802
-19120
-17975
-16137
-13776
-10373
-6382
-2695
599
3703
6380
7970
8587
8864
8767
8104
7325
6715
6100
5474
4953
4629
4131
3184
2043
537
-1665
-4157
-6545
-8884
-11176
-13036
-13953
-13992
-13446
-12037
-9782
-7218
-4636
-2156
262
2328
3773
4760
5413
5774
6059
6372
6712
7229
7801
8324
8681
8773
8648
8051
6766
5058
3126
936
-1295
-3376
-5045
-6272
-7093
-7325
-6995
-6295
-5340
-4314
-3344
-2426
-1630
-920
-318
228
935
1821
2802
4071
5634
7267
8790
10115
11276
12088
12312
12038
11398
10286
8827
7265
5804
4563
3506
2820
2544
2430
2387
2355
2123
1414
3
-2046
-4510
-7552
-10942
-14080
-16788
-18980
-20411
-20690
-19621
-17644
-15040
-11646
-7843
-4162
-837
2120
4694
6474
7399
7955
8255
8197
8037
7941
7904
7777
7498
7232
6740
5697
4238
2380
-62
-2875
-5709
-8272
-10600
-12623
-13756
-13907
-13421
-12310
-10451
-8148
-5900
-3943
-2074
-379
807
1596
2258
2920
3607
4403
5476
6792
8079
9241
10174
10692
10682
10121
8916
7145
4981
2656
405
-1702
-3414
-4605
-5390
-5735
-5686
-5359
-4902
-4503
-4232
-4054
-3964
-3841
-3567
-3153
-2419
-1259
270
2100
4184
6468
8702
10476
11838
12833
13257
13019
12249
11227
9953
8444
7067
6099
5393
4882
4689
4733
4710
4463
3968
3036
1342
-1136
-3996
-7203
-10807
-14242
-17059
-19256
-20849
-21445
-20727
-19087
-16958
-14210
-10933
-7714
-4820
-2096
493
2589
4068
5352
6593
7557
8435
9423
10283
10822
11060
11064
10603
9403
7688
5544
2754
-509
-3685
-6533
-9135
-11351
-12766
-13260
-13114
-12421
-11092
-9412
-7790
-6396
-5200
-4099
-3195
-2429
-1632
-723
517
2183
4104
6212
8463
10517
12045
12928
13227
12927
11733
9804
7603
5229
2858
764
-898
-2082
-2948
-3500
-3729
-3906
-4122
-4356
-4830
-5561
-6250
-6659
-6771
-6641
-5944
-4497
-2632
-532
1990
4800
7337
9289
10789
11937
12429
12220
11765
11143
10274
9397
8784
8528
8469
8513
8726
8882
8639
8068
7109
5471
3049
-36
-3422
-7078
-10964
-14515
-17364
-19650
-21268
-21945
-21571
-20352
-18720
-16646
-14097
-11497
-9029
-6597
-4147
-1762
333
2320
4477
6556
8518
10408
11992
13169
13843
13931
13450
12232
10369
8089
5252
2091
-985
-3794
-6286
-8465
-10083
-10945
-11324
-11401
-11012
-10374
-9771
-9281
-8855
-8301
-7638
-6883
-5820
-4399
-2526
-186
2375
5064
7749
10119
11946
13039
13479
13401
12558
11074
9364
7600
5892
4300
2967
1986
1109
170
-740
-1715
-2825
-4115
-5581
-7025
-8284
-9160
-9456
-9221
-8367
-6803
-4795
-2510
22
2617
5010
6854
8189
9295
9983
10210
10313
10407
10479
10526
10708
11172
11683
12033
12281
12243
11716
10703
9196
7095
4288
901
-2704
-6449
-10326
-13813
-16649
-18975
-20773
-21828
-21899
-21290
-20388
-18981
-17005
-14912
-12784
-10424
-7723
-4939
-2363
327
3203
5947
8483
10841
12847
14290
15067
15299
14963
13879
12267
10214
7644
4800
2003
-583
-3007
-5275
-7066
-8297
-9288
-9997
-10269
-10378
-10489
-10675
-10749
-10527
-10193
-9590
-8575
-7150
-5216
-2853
-215
2635
5419
7895
9917
11325
12253
12690
12458
11737
10794
9734
8666
7619
6706
5867
4841
3632
2321
788
-975
-2922
-5010
-7050
-8807
-9989
-10499
-10465
-9750
-8347
-6528
-4415
-2048
412
2641
4355
5738
7019
8013
8741
9436
10146
10811
11406
12174
13120
13903
14412
14635
14379
13551
12240
10377
7833
4539
831
-2989
-6973
-10750
-13960
-16687
-18966
-20658
-21513
-21550
-21173
-20476
-19320
-17892
-16350
-14566
-12406
-9921
-7361
-4731
-1810
1311
4404
7446
10221
12485
14154
15164
15595
15391
14487
13049
11064
8680
6215
3840
1596
-523
-2496
-4183
-5562
-6795
-7831
-8736
-9658
-10615
-11555
-12219
-12465
-12358
-11815
-10731
-9082
-6879
-4300
-1447
1508
4206
6490
8352
9756
10731
11249
11345
11195
10902
10522
10191
9829
9302
8532
7404
5958
4220
2181
-52
-2425
-4795
-6843
-8434
-9451
-9790
-9582
-8874
-7707
-6211
-4477
-2681
-962
592
1922
3107
4336
5584
6821
8091
9389
10758
12136
13538
14855
15843
16334
16310
15709
14486
12645
10038
6804
3119
-902
-4899
-8601
-11959
-14907
-17360
-19282
-20562
-21230
-21380
-21099
-20536
-19648
-18413
-16839
-14756
-12259
-9586
-6715
-3611
-280
3094
6270
9173
11601
13324
14413
15029
15101
14623
13578
12055
10315
8440
6521
4642
2747
866
-1028
-2913
-4652
-6282
-7920
-9542
-11142
-12499
-13458
-13909
-13789
-13130
-11944
-10232
-8124
-5715
-2988
-293
2134
4290
6168
7783
9116
10158
11032
11650
11976
12164
12143
11853
11251
10154
8599
6716
4578
2311
-46
-2339
-4346
-6061
-7418
-8234
-8548
-8450
-8028
-7384
-6409
-5191
-3925
-2578
-1120
438
2029
3627
5348
7124
8759
10344
11921
13315
14499
15426
15980
16082
15614
14581
12840
10225
7100
3567
-400
-4307
-7870
-11109
-13916
-16188
-17815
-18858
-19518
-19800
-19767
-19566
-19108
-18335
-17164
-15463
-13404
-10995
-8100
-4896
-1499
1982
5262
8165
10469
12142
13340
13935
14000
13708
12929
11740
10419
9031
7537
5914
4196
2442
488
-1557
-3437
-5322
-7277
-9143
-10865
-12276
-13189
-13535
-13302
-12601
-11437
-9867
-8093
-6045
-3775
-1613
424
2388
4281
6131
7888
9539
11009
12124
12858
13190
13078
12597
11653
10171
8378
6390
4251
2117
113
-1700
-3361
-4857
-5989
-6771
-7299
-7477
-7377
-7053
-6421
-5476
-4229
-2696
-953
965
2912
4760
6583
8309
9849
11221
12437
13547
14524
15199
15569
15590
15004
13558
11198
8215
4748
827
-3153
-6728
-9919
-12751
-14978
-16531
-17514
-18198
-18689
-18966
-19133
-19142
-18804
-18003
-16632
-14707
-12327
-9404
-6048
-2460
1156
4457
7236
9398
10969
12050
12718
13053
13112
12827
12153
11308
10300
8986
7307
5276
3017
585
-1882
-4171
-6239
-8156
-9849
-11268
-12307
-12852
-12949
-12708
-12176
-11364
-10258
-8813
-7055
-4975
-2700
-382
1977
4345
6680
8884
10782
12197
13089
13467
13399
12987
12181
11030
9593
7893
6009
4093
2244
407
-1520
-3441
-5130
-6546
-7624
-8185
-8253
-7956
-7287
-6261
-4806
-3070
-1169
833
2679
4394
6058
7646
9244
10813
12304
13754
15026
16026
16715
16912
16305
14594
11761
8236
4214
-120
-4150
-7518
-10380
-12750
-14502
-15669
-16458
-17258
-18062
-18926
-19813
-20353
-20280
-19363
-17401
-14619
-11330
-7615
-3681
166
3584
6264
8203
9365
9931
10378
10890
11587
12426
13063
13211
12885
12027
10459
8095
5153
1951
-1396
-4531
-6916
-8575
-9756
-10570
-11208
-11741
-12117
-12310
-12386
-12319
-11923
-11068
-9759
-7784
-5027
-1948
1101
4009
6662
8905
10668
11983
12838
13169
13148
12973
12608
12152
11491
10274
8532
6457
4082
1482
-1142
-3585
-5758
-7496
-8492
-8693
-8312
-7472
-6426
-5491
-4527
-3314
-1939
-548
1023
2876
4858
6992
9536
12378
14965
17118
18715
19517
19535
18688
16758
13630
9636
5234
674
-3401
-6365
-8613
-10686
-12543
-14182
-15876
-17682
-19387
-20920
-22253
-23062
-22874
-21491
-18802
-15063
-11035
-7133
-3387
-18
2750
4989
6823
8154
9023
9891
11093
12591
14123
15213
15301
14246
12298
9537
6213
2860
-202
-3015
-5414
-7045
-7940
-8585
-9356
-10453
-11942
-13542
-14768
-15313
-14908
-13372
-10906
-7906
-4561
-960
2385
4905
6558
7586
8139
8546
9234
10331
11689
13071
14061
14388
13930
12540
10124
6836
3248
-114
-3056
-5286
-6528
-7031
-7088
-6905
-6688
-6521
-6465
-6516
-6516
-6038
-4669
-2419
361
3529
6780
9530
11619
13296
14671
15714
16519
17231
17888
18363
18459
17544
15015
11198
6356
596
-4969
-9289
-12500
-15008
-16749
-17683
-18308
-19021
-19731
-20478
-21357
-21954
-21797
-20469
-17542
-13389
-8826
-4264
14
3663
6439
8450
9857
10641
10993
11412
12129
13144
14294
14847
14150
12163
9180
5520
1532
-2208
-5108
-7205
-8756
-9607
-9873
-9997
-10575
-11803
-13264
-14678
-15675
-15630
-14261
-11588
-7884
-3843
86
3732
6673
8575
9580
10080
10448
10849
11509
12598
13767
14473
14366
13191
10956
7887
4365
910
-2168
-4632
-6313
-7424
-8136
-8375
-8320
-8333
-8434
-8394
-8019
-7229
-5667
-3050
185
3548
6829
9693
11940
13707
15151
16278
17188
18121
19041
19791
20295
19948
17689
13375
7925
1737
-4553
-9341
-12187
-14097
-15639
-16698
-17637
-19049
-20709
-22131
-23359
-24073
-23427
-21191
-17407
-12282
-6907
-2447
979
3625
5585
7157
8809
10546
11991
13266
14572
15598
16151
15948
14261
10935
6762
2622
-1112
-4212
-6297
-7497
-8673
-10123
-11422
-12616
-14074
-15711
-16987
-17478
-16884
-14801
-11374
-7379
-3288
392
3000
4777
6454
8065
9442
10849
12489
14009
15130
15867
15879
14746
12668
9869
6547
3365
805
-1262
-3209
-5059
-6647
-8121
-9613
-10745
-11181
-11106
-10627
-9512
-7621
-5093
-2185
909
3778
6226
8450
10400
12124
14077
16283
18236
19921
21434
22402
22462
21498
19024
14342
8242
2162
-3679
-8678
-11439
-12655
-14204
-16254
-18363
-20698
-23233
-25002
-25425
-24749
-22769
-19305
-14920
-10015
-5073
-1311
891
2477
4232
6400
9202
12476
15347
16899
17083
16230
14596
12639
10457
7676
4397
1291
-1299
-3596
-5839
-7975
-10023
-12420
-14874
-16277
-16405
-15868
-15053
-13962
-12610
-11108
-9135
-6522
-3577
-369
2898
5695
8151
10682
12688
13596
13754
13504
12828
12001
11442
10895
9893
8399
6222
3275
168
-2582
-5138
-7477
-9175
-10157
-10684
-10830
-10458
-9706
-8875
-7908
-6557
-4599
-1955
1305
4858
8092
10821
13153
14795
15903
17055
18187
18980
19663
20416
20744
20333
19011
15691
9598
2528
-3936
-9987
-14226
-15244
-15196
-16338
-18195
-20248
-22717
-24735
-24981
-23499
-20888
-17058
-12317
-7567
-2845
1322
3646
4750
6165
8215
11101
14750
17853
19009
17801
14926
11448
8239
5986
4515
2647
-166
-3289
-6364
-9610
-12811
-15044
-16218
-17074
-17012
-15352
-13267
-11782
-10767
-10469
-10456
-9102
-5991
-1925
3005
8260
11840
13174
13698
13709
12680
11648
11398
11236
11075
11092
10370
8363
5473
1846
-2245
-5672
-7530
-8240
-8490
-8516
-8622
-9232
-10157
-10801
-10622
-9527
-7631
-4752
-1304
2193
5697
8814
10894
12350
13929
15385
16625
18199
19837
20720
20953
20913
20258
18806
16320
11442
4468
-2233
-8167
-13317
-15699
-15700
-16689
-19446
-22322
-24666
-26205
-25661
-22635
-18585
-14563
-10554
-6837
-3289
572
3771
5909
8275
11221
14324
17668
20287
20500
18022
13793
9326
6069
4621
4340
3496
684
-3870
-9068
-13896
-17589
-19407
-19036
-17876
-17078
-15739
-13775
-12586
-11921
-10653
-8867
-6422
-2421
2722
7440
11177
13590
13931
13107
13044
13667
14140
14615
14582
13083
10353
7177
3856
758
-1729
-3763
-5525
-6903
-8005
-9355
-11042
-12581
-13437
-13358
-12337
-10292
-7439
-4690
-2641
-853
1099
3425
6338
9669
12963
15827
17875
18881
19148
19152
18995
18822
19060
19303
18732
17226
13744
6801
-1526
-8220
-13685
-17383
-17355
-15966
-17224
-20770
-24162
-26620
-27462
-25024
-19647
-13895
-8971
-4926
-2153
345
3383
5862
8144
11600
15502
18851
21490
22236
19932
15249
10151
6353
4450
4211
4079
1793
-3212
-9573
-15475
-19506
-21244
-20669
-18278
-16228
-15562
-14944
-13964
-13238
-11974
-9225
-5193
-403
4608
8967
11872
13345
13716
13390
13631
14922
15806
15536
14212
11448
7875
4687
1951
-244
-1548
-2738
-4539
-6544
-8400
-10212
-11919
-12778
-12357
-11000
-9080
-7113
-5671
-4684
-3815
-2676
-638
2500
6323
10021
12641
14154
15152
15606
15688
16260
17339
18132
18679
19192
18805
17061
14247
9032
1101
-5964
-10562
-14286
-15989
-15041
-15565
-19706
-24386
-26951
-27250
-24837
-19373
-13172
-8848
-6131
-4055
-1848
1827
6234
9723
13002
16347
18585
19913
20453
18946
15372
11161
7731
5731
4808
3841
1144
-4174
-10763
-16424
-19814
-20654
-19713
-17686
-15746
-15462
-15916
-15069
-13194
-10986
-7755
-3468
851
4554
7652
10015
11470
12475
13298
14038
15105
15798
14879
12563
9720
6763
4294
2623
1357
169
-1430
-3726
-6252
-8355
-9744
-10489
-10645
-10023
-8832
-7692
-6920
-6389
-5872
-4873
-3105
-672
2411
5782
8558
10240
11390
12562
13640
14577
15667
16784
17326
17294
17178
16729
15502
13648
10262
4025
-3137
-8481
-12695
-15858
-16161
-15611
-18083
-22501
-25396
-25979
-24496
-20300
-14278
-9410
-6611
-4400
-2058
1162
5802
9979
12672
15105
17187
18253
18773
18491
16413
12882
9213
6377
4432
2798
468
-3622
-9028
-13987
-17203
-18407
-18323
-17666
-16431
-15688
-16034
-15273
-12445
-9434
-6751
-3228
670
3620
5982
8553
10495
11604
12844
13718
13863
13943
13233
10882
8123
5872
4042
2714
1590
278
-1393
-3522
-5805
-7555
-8357
-8533
-8707
-8651
-8056
-7438
-6822
-5980
-5009
-3685
-1847
265
2485
4800
7038
8711
9857
11205
12889
14313
15305
16063
16520
16556
16155
15859
15537
14219
11595
6733
-526
-6992
-11167
-14526
-15866
-14852
-15784
-20339
-24892
-26559
-25625
-22421
-16631
-10576
-7402
-5988
-3941
-911
3668
9016
12775
15062
16736
17492
17768
17860
17046
14813
11593
8496
6059
3764
1022
-2829
-7857
-12725
-16251
-17958
-18176
-18116
-17767
-16859
-16504
-16045
-13582
-10019
-7239
-4672
-1185
2252
4392
6537
9403
11396
12740
14423
15164
14606
13665
11758
9026
7077
6111
4974
3218
1298
-863
-3515
-5705
-6807
-7466
-7986
-8420
-8920
-9045
-8504
-7697
-6856
-5886
-4579
-2819
-797
1484
3798
5906
7602
8795
10313
12449
14047
14991
16056
16580
16537
16867
17358
17312
16389
14035
9220
1895
-4986
-9439
-12870
-14577
-13798
-14791
-19788
-25092
-27892
-27821
-24642
-18896
-13046
-9811
-8846
-7564
-4521
712
7196
12264
15075
16631
17237
17475
18018
18254
17248
14690
11460
8813
6332
3170
-633
-5181
-10158
-14149
-16234
-17060
-17812
-18343
-18099
-18037
-17877
-15684
-12178
-9458
-7106
-3985
-704
1939
4535
7619
10294
12089
13690
14991
15346
14916
13823
12013
10176
8811
7548
5894
3726
1339
-1094
-3500
-5385
-6456
-7202
-8243
-9240
-9675
-9790
-9781
-9418
-8749
-7785
-6190
-4009
-1650
747
3041
4951
6705
8807
11218
13286
14840
16021
16840
17457
18005
18494
18832
18352
16623
13909
9420
2624
-4076
-8835
-12737
-15361
-15729
-16844
-21181
-25811
-27604
-27044
-24552
-19547
-14200
-11514
-10403
-8190
-4307
1058
7131
11803
14295
15637
16378
17050
18145
18730
17682
15283
12404
9513
6802
3953
384
-3879
-8187
-11808
-14293
-15729
-16857
-17791
-17886
-17453
-16898
-15416
-12863
-10659
-8935
-6190
-2497
715
3278
5990
8445
10064
11670
13576
14712
14491
13571
12209
10563
9557
9131
7942
5573
2944
322
-2292
-4031
-4681
-5405
-6819
-8238
-9235
-9857
-9883
-9316
-8590
-7780
-6570
-4751
-2515
-354
1794
4133
6206
8037
10376
12860
14382
15322
16511
17527
18157
19106
19856
19129
17183
13599
7015
-112
-4647
-8289
-11507
-12073
-12805
-17670
-23866
-27107
-27465
-25783
-21544
-16473
-13891
-13600
-12653
-9641
-4304
2537
8062
11031
12596
13401
14238
16133
18100
18604
17283
14573
11558
9043
6698
3796
387
-3494
-7624
-11020
-13173
-15005
-16763
-17078
-16633
-16852
-16237
-13911
-12108
-11222
-8939
-5364
-2570
-146
3175
6250
8295
10411
12498
13472
13596
13336
12489
11416
10806
10444
9437
7585
5419
3180
874
-1176
-2574
-3644
-5122
-6833
-7963
-8609
-9160
-9294
-8910
-8413
-7636
-6167
-4467
-2949
-1154
1095
3161
5259
8036
10710
12375
13647
15106
16326
17298
18537
19864
20122
18981
16570
11653
4685
-1087
-5018
-8525
-10482
-11236
-14478
-20610
-25607
-27222
-26290
-23439
-19106
-15616
-14757
-14584
-12392
-7674
-1371
4631
8587
10603
11730
12848
14667
16895
18358
18051
15949
13154
10732
8496
5982
3167
-214
-4160
-7935
-10868
-13292
-15310
-16101
-15862
-15702
-15401
-14334
-13080
-12107
-10620
-7787
-4414
-1717
728
3493
5979
8038
10045
11870
12868
12723
12002
11388
10759
10243
9953
8901
6812
4622
2519
396
-1219
-2185
-3238
-4891
-6592
-7759
-8660
-9348
-9398
-9018
-8359
-7284
-5953
-4426
-2725
-913
1265
3699
6098
8608
10852
12317
13532
15038
16590
17958
19403
20509
20192
18325
14713
8540
1796
-2564
-5700
-8519
-9622
-11380
-16970
-23524
-26881
-26931
-24896
-21147
-17235
-15711
-16059
-15110
-11383
-5422
1351
6370
8798
10192
11415
13149
15994
18646
19332
17836
15172
12566
10482
8489
6149
3199
-686
-5096
-8860
-11500
-13728
-15517
-15777
-15502
-16115
-16180
-14937
-13916
-12778
-9997
-6494
-3835
-1687
716
3193
5671
8475
11177
12847
13301
12847
12081
11633
11464
11315
10745
9009
6449
4139
2051
231
-910
-1978
-3768
-5832
-7426
-8566
-9340
-9543
-9375
-9151
-8494
-7247
-5734
-3988
-2048
-115
1952
4310
6694
8885
10770
12373
13908
15582
17244
18553
19596
19991
19112
17391
14333
8620
2378
-1734
-5245
-8562
-9745
-11436
-16988
-23171
-25954
-26125
-24848
-21410
-17662
-16718
-17106
-15518
-11610
-6010
362
4967
7137
8640
10344
12597
15716
18363
18878
17296
14790
12562
10845
9186
7100
4321
575
-3887
-7752
-10349
-12660
-14568
-14729
-14413
-15313
-15805
-14822
-14107
-13558
-10992
-7255
-4857
-3047
-360
2125
4194
7078
10066
11707
12250
12307
12007
11737
11880
12091
11502
9790
7480
5202
3180
1476
170
-1062
-2902
-5217
-7076
-8351
-9416
-9905
-9806
-9844
-9607
-8429
-6937
-5503
-3565
-1211
883
3150
5883
8284
10155
12146
14157
15923
17649
19042
19832
19949
19401
18244
15880
11126
4916
-239
-4353
-8056
-9962
-11087
-15074
-20945
-24622
-25498
-24655
-21934
-18507
-16852
-16780
-15810
-12591
-7478
-1519
3278
5745
7286
9199
11435
14278
17148
18143
16912
14684
12562
11070
9853
8145
5730
2456
-1683
-5784
-8813
-10900
-12725
-13617
-13335
-13652
-14662
-14547
-14071
-14077
-12363
-8932
-6280
-4121
-1350
820
2387
5031
8104
9967
11126
12127
12116
11656
11971
12276
11727
10539
8447
5880
3925
2369
754
-606
-2225
-4729
-7122
-8624
-9621
-10191
-10135
-10060
-9985
-9035
-7567
-6153
-4141
-1616
565
2822
5667
8239
10182
12106
14072
15607
16895
18166
18903
19002
18819
18399
17242
13996
8053
1784
-2901
-6827
-9391
-9861
-11612
-17015
-22754
-25447
-25331
-23526
-20356
-17347
-16597
-16880
-15176
-10825
-5144
225
3797
5911
7791
9879
12606
15778
17781
17620
15955
13990
12534
11314
9761
7762
5006
1101
-3388
-7158
-9765
-11898
-13495
-13525
-13250
-14411
-15747
-15773
-15225
-14181
-11452
-7933
-5489
-3903
-1830
764
3657
7028
9996
11429
11860
12208
12387
12697
13443
13706
12510
10182
7765
5752
4044
2519
986
-958
-3474
-6144
-8250
-9447
-10139
-10678
-10970
-11088
-10803
-9745
-8280
-6529
-4155
-1673
356
2740
5776
8431
10549
12835
15126
16662
17608
18544
19323
19518
19327
19066
17842
14041
7909
2078
-2310
-6145
-8604
-9436
-12011
-17637
-22619
-24592
-24529
-23006
-20206
-17964
-17580
-17361
-15115
-10859
-5757
-935
2553
4990
7343
9773
12451
15144
16684
16572
15374
13932
12870
11818
10128
8044
5483
1655
-2833
-6281
-8429
-10434
-12036
-12084
-12202
-14109
-15825
-15569
-14795
-13872
-11254
-8018
-6394
-5368
-3057
-218
2435
5655
8655
9781
10062
11034
11842
12164
12877
13162
11831
9798
8263
6909
5417
3983
2227
-196
-2893
-5313
-7184
-8417
-9257
-10034
-10649
-11011
-10907
-9944
-8418
-6700
-4645
-2374
-312
1913
4792
7721
10121
12306
14285
15481
16177
17298
18630
19368
19580
19302
17745
13663
7746
2775
-880
-4450
-6671
-7489
-10532
-16393
-20989
-22585
-22730
-21603
-18946
-17109
-17518
-17611
-15337
-11487
-6646
-1729
1683
3863
5882
8016
10576
13404
15287
15504
14518
13290
12375
11470
10194
8539
6107
2306
-1984
-4930
-6712
-8908
-10693
-10818
-11495
-13851
-15102
-14411
-13862
-13236
-10945
-8375
-7268
-6140
-3787
-1141
1733
5029
7462
8642
9590
10416
10890
11640
12627
12845
11961
10474
8880
7321
5798
4206
2379
288
-2209
-4790
-6587
-7591
-8501
-9425
-10166
-10761
-10863
-10103
-8704
-6897
-4845
-2919
-1128
1077
4000
6895
9234
11262
12912
14022
15001
16141
17300
18250
18639
18466
18013
16489
12453
6789
1926
-1947
-5388
-7028
-7717
-10974
-16515
-20635
-22267
-22378
-20773
-18110
-16857
-17537
-17492
-15126
-11066
-6022
-1072
2189
3877
5453
7619
10348
13012
14794
15110
13955
12421
11700
11228
9993
8273
5930
2300
-1646
-4311
-6230
-8516
-10157
-10581
-11651
-13433
-13933
-13523
-13564
-12959
-10809
-8653
-7481
-6155
-3726
-1005
1536
4373
6821
7920
8342
9195
10347
11327
12250
12644
11543
9590
8275
7226
5550
3877
2426
107
-2751
-4699
-5823
-7079
-8408
-9338
-10218
-10928
-10584
-9358
-8181
-7057
-5521
-3694
-1795
607
3883
6911
8644
10058
12051
13685
14646
16042
17500
17797
17548
17868
17964
16997
14793
10347
4274
-623
-3874
-6464
-7545
-8190
-11627
-17065
-20659
-21667
-21391
-19850
-17433
-16251
-16727
-16349
-13656
-9440
-4644
-301
2549
4301
5786
7621
10241
12924
14563
14746
13687
12275
11344
10655
9664
8251
6085
2603
-1527
-4719
-6813
-8718
-9797
-9697
-10539
-12787
-14239
-14516
-14606
-13430
-10638
-8475
-7472
-5996
-3889
-1889
836
4138
6064
6936
8298
9412
9745
10713
12000
12007
11049
10058
8708
6740
5008
3726
2168
146
-2019
-4282
-6410
-7857
-8665
-9304
-9928
-10229
-10075
-9793
-9038
-7149
-4877
-3194
-1496
909
3372
5376
7626
10235
12116
13236
14612
16028
16717
17151
17851
18186
17785
17089
15542
11496
5755
1231
-2055
-5175
-6651
-7049
-10132
-15805
-20204
-21937
-22060
-20721
-18160
-16727
-17443
-17751
-15627
-11684
-6670
-1735
1308
2799
4463
6744
9408
12297
14533
15088
14032
12925
12725
12494
11393
9806
7669
4091
-60
-2863
-4645
-6871
-8800
-9505
-10805
-13436
-15101
-15067
-14978
-14464
-12264
-9994
-9228
-8424
-6216
-3478
-596
2704
5569
6979
7693
8829
10112
11260
12554
13292
12443
10741
9428
8228
6642
5163
3707
1344
-1770
-4278
-5903
-7317
-8510
-9479
-10529
-11354
-11337
-10559
-9395
-7941
-6509
-5238
-3707
-1448
1388
4323
7104
9550
11560
13100
14260
15517
16917
17842
18232
18636
18667
17774
16643
15303
12144
6917
2014
-1622
-5130
-7584
-8325
-10476
-15390
-19882
-22005
-22609
-21803
-19502
-17758
-17963
-18152
-16264
-12640
-7847
-2733
861
2701
4251
6265
8930
12066
14639
15695
15152
13856
12912
12467
11853
10680
8662
5329
1070
-2578
-5039
-7165
-8805
-9390
-10584
-13317
-15392
-15811
-15851
-15053
-12661
-10578
-10039
-9213
-6796
-3723
-407
3127
5524
6267
6890
8115
9639
11421
12852
13098
12164
10612
9072
8017
7134
5831
3999
1481
-1547
-4128
-5717
-6738
-7687
-8672
-9884
-11148
-11576
-10933
-9813
-8419
-6694
-5189
-3861
-1891
730
3537
6443
9072
10904
12342
13855
15272
16563
17827
18472
18464
18548
18513
17849
16701
14304
9444
3668
-488
-3521
-6242
-7590
-8924
-13266
-19047
-22406
-23202
-22812
-21203
-19195
-18723
-19380
-18569
-15162
-10231
-5113
-974
1556
3254
5237
7979
11422
14560
16210
16208
15153
14024
13608
13248
12033
10190
7471
3346
-980
-3784
-5651
-7809
-9315
-9992
-12083
-15199
-16412
-16103
-15865
-14506
-12030
-10741
-10349
-8709
-5851
-2904
308
3522
5418
6309
7616
9201
10678
12345
13498
13503
12817
11687
10261
8939
7479
5576
3428
1004
-1597
-3938
-5794
-7313
-8658
-9852
-10927
-11637
-11557
-10813
-9937
-8717
-7099
-5644
-3949
-1226
1912
4642
7313
9892
11717
13103
14742
16238
17314
18294
18907
18909
18713
18378
17546
16272
14026
9701
4127
-483
-3904
-6739
-8309
-9595
-13312
-18637
-22201
-23429
-23333
-22001
-20144
-19468
-19988
-19431
-16280
-11445
-6331
-1884
1018
2653
4373
7085
10668
14129
16224
16575
15591
14286
13753
13557
12698
11244
8920
4867
169
-3095
-5113
-7084
-8532
-9351
-11448
-14838
-16810
-16731
-16199
-15088
-13078
-11787
-11438
-9990
-6931
-3576
-299
2882
5017
6075
7404
9406
11387
13036
14223
14400
13283
11707
10607
9754
8532
6800
4522
1527
-1703
-4145
-5519
-6638
-7987
-9399
-10972
-12330
-12473
-11489
-10234
-8850
-7358
-6061
-4573
-2186
865
3787
6372
8869
11136
12962
14715
16569
18088
19058
19470
19432
19196
18698
17858
16811
15297
12314
7378
1925
-2216
-5379
-8051
-9575
-11369
-15676
-20874
-23841
-24376
-23625
-21984
-20277
-20056
-20608
-19154
-15013
-9814
-4660
-564
1553
2826
5158
8726
12592
15835
17506
17144
15615
14576
14446
14205
13281
11369
7842
3078
-1069
-3666
-5612
-7649
-9313
-11025
-13972
-16799
-17519
-16946
-16343
-14921
-12926
-12071
-11657
-9531
-6045
-2685
786
4111
5847
6562
8186
10455
12338
13989
15090
14722
13125
11692
10869
9977
8704
7066
4601
1258
-1932
-4191
-5803
-7346
-8751
-10079
-11667
-12895
-12797
-11834
-10927
-9623
-7827
-6491
-5309
-2918
370
3341
6181
9213
11651
13412
15362
17466
19030
19840
20010
19655
19039
18275
17479
16582
15091
12791
9825
5830
677
-4104
-7482
-10310
-12799
-14496
-16814
-20836
-24274
-25020
-24203
-22937
-20962
-19204
-18750
-17894
-14633
-9755
-4685
-17
3430
5349
7155
9869
12965
15749
17667
18010
16706
14970
13831
12978
11576
9382
6456
2613
-1826
-5484
-7673
-9420
-11353
-12779
-13923
-15895
-17675
-17544
-16238
-14917
-12971
-10557
-9097
-7957
-5267
-1598
1707
4833
7544
8883
9517
10945
12751
13914
14623
14778
13497
11419
9913
8836
7507
5896
3843
972
-2332
-5183
-7032
-8169
-9259
-10452
-11621
-12648
-13082
-12387
-10733
-8857
-7081
-5230
-3389
-1533
1028
4223
7170
9807
12332
14335
15811
17254
18614
19396
19492
19209
18604
17414
15871
14454
12914
10899
8558
5911
2359
-2409
-7159
-10459
-12858
-14945
-16167
-17480
-20303
-23261
-24133
-23152
-21427
-19234
-17029
-15691
-14526
-11750
-7284
-2403
2024
5298
7033
8300
10288
12806
15137
16583
16521
14910
12679
11124
10397
9347
7251
4297
512
-3697
-6998
-8655
-9664
-11117
-12592
-13730
-15113
-16166
-15664
-14043
-12477
-10801
-8754
-7107
-5622
-3105
293
3595
6533
8789
9781
10008
10569
11581
12418
12839
12714
11489
9405
7542
6196
4921
3502
1752
-700
-3515
-5875
-7348
-8053
-8425
-8864
-9547
-10299
-10553
-9773
-8082
-6055
-4146
-2515
-1145
238
2221
4882
7518
9699
11370
12458
13169
14049
15269
16340
16749
16426
15489
14104
12593
11192
9773
8175
6362
4396
2451
632
-1430
-4486
-8286
-11475
-13613
-15042
-15293
-14902
-15942
-18345
-19715
-19076
-17225
-14570
-11616
-9736
-9215
-8182
-5356
-1573
2167
5245
6943
7493
8106
9372
10876
12045
12310
11203
9178
7471
6421
5340
3946
2268
-106
-3267
-6179
-8006
-9202
-10250
-10781
-10707
-11025
-11820
-11825
-10689
-9274
-7685
-5591
-3875
-3042
-1813
709
3451
5803
7929
9100
8894
8610
9099
9467
9510
9614
9136
7413
5477
4256
3129
1823
871
-154
-1949
-3729
-4719
-5191
-5506
-5665
-5937
-6491
-6813
-6390
-5306
-3991
-2687
-1601
-844
-127
1066
2876
4778
6297
7537
8466
8863
9256
10250
11230
11593
11748
11628
10893
9944
9287
8593
7480
6241
5001
3689
2590
1841
1095
-21
-2121
-5510
-8898
-10952
-11987
-12073
-11245
-11331
-13515
-15891
-16306
-15001
-12827
-10149
-8232
-8155
-8345
-6670
-3341
431
3706
5448
5641
5683
6543
8104
9776
10626
9914
7954
5955
4810
4394
4054
3270
1532
-1325
-4524
-6758
-7594
-7942
-8374
-8598
-9008
-10188
-10986
-10254
-8865
-7629
-6053
-4389
-3542
-2751
-753
1924
4362
6485
7874
8157
8160
8743
9439
9766
9819
9325
8063
6673
5741
4943
3895
2657
1276
-306
-1991
-3370
-4196
-4787
-5486
-6167
-6665
-7051
-7137
-6623
-5780
-5085
-4339
-3392
-2472
-1341
350
2238
3763
5108
6385
7313
8097
9118
10223
10933
11199
11293
11254
11026
10646
10083
9108
7672
6052
4630
3487
2466
1561
636
-558
-2178
-4609
-7668
-10152
-11468
-11952
-11734
-11316
-12053
-13939
-15075
-14262
-12194
-9764
-7470
-6315
-6317
-5709
-3290
149
3442
5828
6604
6231
6147
6985
8274
9341
9481
8163
5908
4030
3120
2596
1861
675
-1388
-4225
-6692
-7943
-8312
-8454
-8549
-8683
-9225
-9904
-9694
-8327
-6555
-4709
-2837
-1498
-738
519
2737
5112
7119
8624
9202
8920
8875
9481
9916
9828
9383
8246
6361
4622
3451
2285
942
-348
-1796
-3594
-5232
-6177
-6689
-7026
-7124
-7182
-7541
-7807
-7342
-6371
-5254
-4018
-2780
-1866
-1078
225
1987
3663
5043
6208
7001
7446
7995
8783
9371
9529
9451
9207
8729
8186
7771
7231
6217
4955
3797
2701
1694
1031
632
27
-878
-1764
-2441
-2919
-3332
-4150
-5596
-7107
-8073
-8335
-7632
-6280
-5824
-6878
-8007
-7976
-7043
-5475
-3550
-2434
-2846
-3487
-2716
-838
1074
2464
2888
2207
1342
1344
2176
3031
3256
2737
1656
614
220
363
495
301
-361
-1588
-2886
-3479
-3377
-3134
-2901
-2609
-2752
-3445
-3671
-3003
-2127
-1281
-265
331
243
429
1518
2861
3855
4567
4669
4094
3771
4236
4895
5208
5040
4245
3010
1940
1305
1028
783
96
-1028
-2252
-3364
-4114
-4263
-4140
-4342
-4833
-5337
-5693
-5530
-4651
-3592
-2919
-2439
-1973
-1607
-842
751
2411
3502
4344
4975
5262
5740
6697
7715
8225
8180
7785
7350
7153
7097
6997
6691
5982
4814
3772
3151
2479
1788
1350
644
-502
-1184
-1245
-1266
-1094
-861
-1794
-4098
-6074
-6703
-6562
-5741
-4382
-4361
-6306
-8089
-8262
-7283
-5749
-4105
-3575
-4562
-5528
-4865
-2875
-726
904
1322
447
-414
-13
1468
3038
3954
3830
2644
1288
1043
1767
2296
2301
1798
256
-1840
-2925
-2797
-2603
-2669
-2597
-3064
-4444
-5313
-4706
-3574
-2631
-1658
-1029
-1246
-1361
-234
1642
3221
4238
4562
4077
3549
3985
5096
5810
5784
5106
3695
2121
1480
1636
1453
552
-734
-2374
-4134
-5072
-4940
-4766
-5230
-5888
-6449
-6861
-6456
-5022
-3481
-2502
-1860
-1270
-608
547
2439
4348
5530
6128
6560
6964
7504
8352
9126
9183
8431
7483
6709
6009
5430
5001
4276
2992
1743
942
304
-205
-430
-718
-1357
-1912
-1986
-1800
-1416
-701
-34
234
433
584
39
-976
-1579
-1833
-1993
-1643
-1154
-1862
-3650
-4939
-5342
-5320
-4824
-4205
-4598
-5925
-6636
-6164
-5090
-3826
-2855
-2811
-3348
-3379
-2476
-1134
133
995
1047
615
668
1533
2566
3256
3523
3104
2004
986
742
832
732
720
677
-20
-1070
-1608
-1638
-1576
-1347
-991
-1187
-1871
-2012
-1409
-657
94
730
636
-11
-214
312
978
1554
2032
1965
1322
894
1145
1560
1793
1836
1422
425
-551
-909
-903
-931
-1016
-1322
-2031
-2657
-2649
-2272
-1891
-1425
-986
-842
-789
-283
608
1483
2296
3006
3399
3495
3760
4309
4906
5280
5330
5203
5006
4759
4585
4527
4275
3789
3352
3105
2876
2645
2435
2074
1457
848
614
542
461
563
657
427
161
311
531
23
-1278
-2669
-3825
-4610
-4437
-3690
-4008
-5704
-7482
-8423
-8378
-7457
-6315
-6117
-7005
-7677
-7153
-5642
-3554
-1633
-959
-1191
-945
132
1616
3270
4529
4657
3839
3364
3738
4298
4640
4660
3973
2425
850
-50
-482
-958
-1390
-1675
-2401
-3594
-4414
-4550
-4464
-4140
-3474
-3076
-3295
-3244
-2274
-994
262
1513
2219
2194
2361
3147
3944
4522
4995
5071
4539
3996
3776
3436
2910
2384
1608
426
-720
-1577
-2301
-2907
-3344
-3845
-4437
-4796
-4697
-4292
-3770
-3101
-2391
-1762
-1128
-332
735
1875
2871
3791
4614
5199
5608
6070
6551
6761
6628
6300
5859
5328
4717
4042
3267
2343
1431
771
385
124
-230
-686
-1104
-1482
-1731
-1592
-1164
-835
-571
-218
201
697
1405
2110
1960
711
-628
-1418
-1758
-1375
-587
-1003
-3002
-5028
-5998
-6033
-5362
-4481
-4671
-6279
-7660
-7497
-6272
-4588
-2910
-2333
-2967
-3306
-2459
-966
695
2210
2771
2237
1833
2449
3466
4287
4946
4927
3779
2316
1701
1720
1593
1434
1310
406
-1244
-2360
-2557
-2597
-2620
-2432
-2672
-3583
-4102
-3504
-2471
-1558
-699
-350
-738
-829
41
1109
1885
2631
2989
2609
2255
2646
3222
3304
3178
2924
2072
985
547
525
174
-449
-1102
-2000
-2927
-3254
-3010
-2788
-2778
-2782
-2826
-2868
-2456
-1418
-354
364
864
1210
1537
2152
3208
4237
4725
4722
4573
4539
4662
4934
5089
4752
3933
3077
2605
2466
2439
2430
2294
1793
1061
555
366
303
441
744
711
302
31
50
346
1016
1732
1518
49
-1600
-2658
-3123
-2758
-1878
-1976
-3733
-5827
-6834
-6693
-5788
-4607
-4249
-5299
-6596
-6609
-5159
-3033
-1111
-190
-522
-1147
-800
635
2359
3677
4049
3251
2108
1834
2508
3202
3394
2951
1651
-167
-1372
-1435
-1196
-1307
-1580
-2132
-3223
-4096
-3925
-3195
-2606
-2115
-1827
-2091
-2333
-1686
-391
765
1519
1829
1589
1288
1750
2785
3530
3671
3283
2485
1770
1682
2011
2113
1596
627
-414
-1275
-1606
-1482
-1506
-2003
-2798
-3544
-3905
-3657
-2932
-2203
-1873
-1833
-1721
-1322
-447
797
1892
2484
2761
3025
3450
4064
4736
5239
5314
4974
4545
4213
3979
3821
3619
3183
2422
1468
658
156
-56
-49
-70
-331
-674
-804
-661
-194
492
1028
1355
1652
1957
2284
2741
3301
3657
3751
3834
3592
2506
1056
-115
-1146
-1897
-1960
-2248
-3721
-5696
-7144
-7869
-7926
-7381
-7058
-7746
-8769
-8821
-7766
-6136
-4331
-3093
-2892
-2873
-2052
-503
1200
2716
3592
3482
3078
3338
4125
4705
4944
4818
3954
2554
1537
1163
758
126
-289
-823
-1905
-2992
-3482
-3714
-3922
-3740
-3394
-3524
-3821
-3502
-2696
-1813
-796
119
400
456
1070
2079
2946
3688
4167
4054
3692
3720
4011
4007
3692
3175
2346
1364
683
372
-30
-741
-1541
-2362
-3083
-3350
-3170
-2987
-3004
-3067
-3029
-2819
-2259
-1331
-410
279
901
1608
2327
3047
3771
4360
4681
4775
4830
4970
5075
5033
4837
4511
3964
3254
2623
2134
1662
1246
950
628
211
-218
-447
-520
-430
-110
152
91
-64
8
174
404
819
1128
1108
1089
1324
1387
748
-282
-1265
-2205
-2729
-2461
-2274
-3161
-4676
-5923
-6625
-6669
-6065
-5529
-5865
-6702
-6955
-6297
-5063
-3596
-2483
-2285
-2489
-2129
-1007
469
1864
2693
2592
1997
1911
2619
3527
4128
4179
3459
2112
1108
976
1156
1068
768
157
-925
-1869
-2125
-1992
-1950
-1970
-2047
-2417
-2806
-2539
-1678
-847
-262
123
140
14
403
1331
2210
2667
2733
2497
2159
2077
2373
2698
2639
2195
1565
871
369
227
137
-188
-703
-1301
-1910
-2269
-2228
-1951
-1745
-1694
-1630
-1589
-1492
-1025
-178
641
1186
1561
1854
2116
2528
3210
3822
3972
3761
3512
3346
3270
3311
3265
2862
2159
1518
1104
799
630
556
294
-132
-444
-609
-699
-603
-308
-72
28
98
227
399
696
1132
1468
1574
1538
1410
1361
1492
1475
932
5
-987
-1866
-2267
-2198
-2301
-3059
-4278
-5370
-5890
-5771
-5204
-4847
-5152
-5726
-5876
-5344
-4150
-2730
-1827
-1603
-1604
-1239
-320
943
2146
2818
2769
2479
2576
3056
3598
3920
3834
3208
2282
1618
1338
1148
827
469
-99
-928
-1610
-1921
-1985
-2020
-1986
-2064
-2396
-2625
-2395
-1824
-1197
-620
-293
-293
-278
145
828
1397
1784
1923
1779
1586
1682
2001
2148
1993
1641
1088
484
128
26
-76
-349
-806
-1359
-1824
-1999
-1856
-1656
-1628
-1722
-1814
-1805
-1457
-798
-176
257
511
753
1091
1541
2116
2654
2910
2916
2916
2999
3108
3247
3327
3201
2875
2492
2189
1957
1789
1713
1519
1099
664
361
197
213
390
514
414
178
14
5
186
549
909
1011
866
698
669
835
1089
1302
1153
456
-443
-1182
-1663
-1733
-1592
-1834
-2633
-3719
-4654
-5048
-4821
-4312
-4076
-4479
-5102
-5291
-4847
-3754
-2482
-1723
-1597
-1714
-1521
-698
518
1572
2122
2072
1806
1828
2298
2959
3331
3169
2497
1674
1036
799
767
592
189
-506
-1317
-1913
-2210
-2317
-2341
-2435
-2679
-2999
-3156
-2921
-2414
-1819
-1281
-1021
-1034
-868
-336
344
1033
1525
1614
1471
1511
1859
2299
2548
2453
2046
1491
1108
1033
1038
935
565
-67
-660
-982
-1057
-998
-958
-1092
-1367
-1568
-1515
-1161
-667
-206
127
324
556
927
1463
2073
2605
2910
3025
3072
3153
3348
3626
3798
3715
3427
3061
2716
2460
2352
2281
2056
1620
1151
696
374
290
309
269
103
-93
-209
-187
-1
262
369
325
240
180
217
390
566
658
606
304
-180
-655
-1012
-1396
-1778
-2098
-2569
-3221
-3733
-4012
-4241
-4373
-4389
-4441
-4598
-4630
-4438
-4171
-3752
-3159
-2685
-2365
-1959
-1470
-970
-411
202
590
724
878
1129
1364
1557
1774
1853
1697
1389
1087
843
589
371
235
21
-433
-895
-1193
-1413
-1518
-1454
-1385
-1566
-1770
-1706
-1505
-1255
-861
-497
-409
-333
-31
375
782
1182
1472
1511
1499
1674
1912
2061
2153
2117
1874
1644
1567
1522
1386
1151
867
528
218
70
78
31
-83
-123
-133
-173
-101
151
412
590
738
936
1089
1249
1548
1892
2130
2300
2376
2340
2339
2396
2451
2465
2389
2190
1947
1728
1621
1571
1439
1211
899
548
249
80
26
-22
-198
-436
-626
-738
-762
-707
-666
-734
-849
-928
-896
-796
-720
-666
-712
-830
-884
-868
-795
-712
-793
-1068
-1395
-1709
-1830
-1744
-1753
-1944
-2281
-2715
-2960
-2888
-2700
-2607
-2747
-3010
-3151
-3015
-2618
-2128
-1822
-1802
-1827
-1719
-1359
-805
-343
-93
-38
-90
-20
279
642
850
838
698
476
307
331
453
510
520
488
311
99
20
-16
-7
112
177
57
-130
-172
-48
155
393
587
612
524
521
660
857
1066
1242
1300
1276
1228
1299
1481
1604
1633
1555
1360
1119
1066
1152
1188
1131
1002
791
587
503
510
431
247
138
14
-71
-3
109
98
78
168
282
389
571
793
908
1012
1228
1440
1573
1667
1751
1807
1826
1902
1960
1872
1663
1427
1272
1186
1117
985
696
310
-45
-235
-290
-384
-606
-967
-1343
-1577
-1572
-1423
-1342
-1442
-1657
-1807
-1753
-1501
-1190
-989
-1008
-1144
-1178
-1021
-736
-424
-332
-532
-807
-977
-979
-841
-732
-817
-1121
-1485
-1728
-1795
-1730
-1642
-1661
-1871
-2074
-2151
-2162
-2050
-1848
-1725
-1683
-1672
-1621
-1470
-1222
-903
-602
-448
-405
-375
-262
3
335
595
693
647
534
526
648
839
981
910
703
513
401
399
470
528
432
267
171
151
188
229
292
300
279
330
447
583
737
889
1011
1129
1213
1319
1437
1546
1654
1694
1654
1602
1585
1562
1491
1384
1243
1074
913
844
793
636
474
334
199
132
172
203
200
211
222
244
317
480
609
662
734
829
829
860
991
1073
1077
1066
1040
991
942
964
994
910
771
581
398
272
201
141
23
-155
-416
-640
-770
-850
-896
-959
-1095
-1242
-1371
-1445
-1423
-1384
-1371
-1446
-1564
-1600
-1565
-1466
-1305
-1230
-1299
-1374
-1325
-1183
-1000
-873
-882
-1000
-1094
-1016
-831
-713
-752
-954
-1206
-1353
-1269
-1107
-1042
-1158
-1402
-1588
-1586
-1373
-1113
-971
-1013
-1125
-1132
-941
-612
-286
-119
-109
-151
-143
6
254
510
660
669
565
508
594
746
907
1001
945
755
574
557
672
813
924
901
752
588
539
602
714
793
752
614
492
506
599
726
858
890
811
745
781
871
981
1101
1147
1125
1084
1069
1128
1215
1246
1206
1143
1077
1009
966
929
872
762
669
620
528
434
375
308
236
172
107
64
49
41
7
-47
-73
-75
-68
-22
32
44
-4
-28
-46
-63
-48
-31
-66
-183
-313
-384
-439
-475
-483
-541
-675
-831
-910
-940
-962
-965
-993
-1039
-1104
-1090
-1013
-978
-957
-920
-871
-831
-771
-698
-615
-555
-486
-366
-305
-288
-243
-214
-189
-136
-61
-57
-107
-123
-146
-168
-153
-108
-202
-363
-453
-514
-574
-563
-517
-588
-689
-724
-713
-673
-627
-583
-577
-582
-493
-357
-206
-31
130
257
357
477
609
745
875
954
981
997
1026
1053
1062
1067
981
839
696
585
535
474
366
212
47
-86
-148
-156
-201
-281
-367
-444
-490
-457
-356
-291
-268
-242
-183
-90
68
255
380
420
431
455
488
591
722
793
785
705
595
484
409
376
328
258
170
78
-27
-117
-120
-77
-71
-92
-139
-183
-203
-165
-51
24
21
-12
-13
-11
43
160
263
256
188
119
56
69
151
248
250
181
92
-25
-89
-82
-55
-64
-136
-230
-305
-319
-281
-203
-192
-224
-263
-317
-305
-234
-166
-141
-162
-221
-261
-212
-169
-141
-111
-120
-149
-172
-150
-129
-119
-103
-89
-118
-162
-159
-166
-216
-227
-250
-318
-352
-340
-338
-353
-359
-366
-391
-375
-289
-217
-173
-139
-117
-91
-21
80
149
195
192
166
178
220
274
294
272
194
122
79
77
76
31
-28
-118
-192
-196
-203
-213
-219
-257
-291
-281
-242
-187
-164
-169
-156
-123
-35
46
75
81
90
112
144
220
267
265
263
275
288
312
344
363
353
334
334
312
290
289
299
304
281
233
179
126
107
130
151
127
86
48
0
29
88
98
82
38
25
39
84
127
138
98
67
70
91
130
141
143
98
72
49
25
-4
-73
-124
-169
-216
-230
-240
-272
-337
-405
-440
-446
-436
-429
-413
-410
-408
-384
-359
-296
-226
-155
-88
-22
5
23
82
155
180
179
193
187
182
193
204
181
128
83
50
20
-8
-36
-76
-109
-127
-152
-141
-125
-116
-112
-127
-129
-113
-85
-57
-16
15
26
41
75
101
114
143
151
151
146
178
189
162
168
178
180
184
196
203
162
124
126
114
121
159
173
118
63
25
-3
-14
-18
-14
-44
-78
-67
-31
18
22
22
4
-19
-6
18
31
20
38
44
26
27
41
12
-19
-36
-70
-108
-127
-131
-136
-170
-197
-197
-208
-221
-226
-237
-264
-277
-259
-206
-166
-121
-91
-82
-64
-36
34
74
98
111
106
99
110
134
126
96
68
35
-1
-30
-33
-61
-99
-132
-157
-167
-188
-175
-167
-164
-164
-165
-144
-122
-84
-38
11
38
80
126
173
239
284
331
365
392
413
427
446
444
435
427
415
403
367
334
276
229
183
146
138
120
95
16
-50
-80
-112
-120
-113
-119
-177
-206
-193
-196
-175
-147
-135
-158
-166
-128
-77
-31
5
27
1
-11
21
67
114
140
115
59
17
-4
18
41
32
-23
-83
-114
-114
-89
-88
-135
-182
-225
-257
-222
-193
-181
-187
-207
-190
-185
-152
-96
-75
-85
-85
-78
-83
-63
-59
-51
-66
-103
-99
-114
-114
-106
-128
-152
-152
-146
-129
-82
-56
-57
-68
-65
-33
-16
8
29
20
-4
-11
19
27
35
11
-15
-36
-53
-11
14
48
83
100
85
69
79
107
166
223
252
242
198
178
195
243
284
282
230
161
104
104
156
174
147
86
28
-12
-20
18
46
48
26
-20
-37
-5
49
80
78
71
31
19
47
90
116
126
130
100
75
74
82
83
89
69
46
25
-1
12
32
50
51
7
-28
-22
4
37
43
6
-42
-57
-45
-21
9
-12
-49
-79
-78
-68
-54
-33
-58
-88
-92
-67
-45
-42
-35
-63
-84
-73
-78
-87
-107
-133
-169
-196
-197
-201
-195
-191
-179
-161
-165
-154
-136
-130
-117
-63
-33
-18
-8
8
26
47
66
80
71
68
65
66
73
60
44
27
9
-18
-16
-38
-61
-73
-80
-95
-104
-104
-97
-103
-87
-73
-74
-65
-62
-31
-23
3
26
22
22
32
49
58
79
98
99
87
99
117
130
154
177
180
172
183
194
211
223
220
225
207
206
198
203
220
218
204
193
157
137
143
133
123
91
52
20
7
-15
-24
-29
-52
-88
-106
-96
-91
-96
-83
-79
-88
-59
-34
-9
11
10
16
-15
-11
20
21
32
21
-20
-52
-63
-51
-56
-85
-115
-168
-205
-200
-168
-151
-173
-212
-250
-272
-255
-221
-192
-170
-175
-176
-169
-155
-109
-56
-26
-17
-16
-18
-35
-10
19
34
31
14
-2
-29
-33
-20
-14
-44
-69
-81
-115
-115
-84
-86
-89
-94
-109
-111
-96
-71
-55
-40
-33
-7
9
16
40
60
90
117
147
159
159
165
182
188
214
219
205
189
153
145
152
165
162
136
99
44
28
39
58
74
54
36
12
18
60
108
127
121
104
102
129
157
179
190
169
147
122
125
146
150
123
82
28
-11
-19
-23
-15
-44
-74
-112
-124
-137
-137
-123
-140
-150
-165
-144
-117
-86
-65
-48
-30
-31
-11
2
14
24
23
25
19
11
3
-17
-9
-16
-34
-72
-111
-132
-158
-159
-152
-150
-173
-196
-198
-212
-202
-188
-192
-192
-175
-141
-114
-82
-61
-51
-22
2
28
45
62
84
97
106
115
136
126
117
109
84
84
80
68
55
45
19
-8
-31
-55
-55
-57
-69
-84
-98
-105
-107
-84
-61
-53
-37
-33
-23
1
17
71
86
92
107
114
125
142
154
136
128
120
112
106
101
86
73
59
42
24
-5
-23
-29
-41
-46
-42
-43
-55
-51
-37
-6
7
20
22
26
40
43
70
77
76
88
85
86
81
67
45
26
14
-9
0
-21
-38
-46
-68
-59
-61
-54
-38
-49
-42
-38
-28
-3
22
42
63
75
88
101
128
143
142
141
131
131
127
107
105
74
44
26
-14
-36
-59
-71
-88
-117
-143
-170
-183
-179
-178
-169
-156
-163
-165
-154
-133
-109
-97
-71
-49
-50
-35
-4
9
22
22
13
5
9
32
29
9
-4
-17
-29
-45
-70
-72
-92
-95
-92
-107
-113
-108
-105
-99
-89
-70
-49
-42
-30
-11
4
22
37
52
66
72
86
94
86
96
93
79
60
42
41
11
0
-14
-24
-38
-41
-44
-79
-91
-96
-88
-70
-55
-34
-23
-18
14
41
75
97
115
134
134
163
191
206
220
215
195
188
184
181
176
155
133
112
93
83
77
64
45
28
15
11
6
9
16
16
16
37
38
44
50
58
59
56
74
52
58
52
48
41
12
-6
-24
-34
-51
-62
-80
-112
-133
-148
-171
-161
-160
-163
-162
-170
-161
-153
-135
-114
-119
-116
-107
-103
-71
-35
-21
-16
-24
-40
-15
3
-8
-4
-27
-52
-56
-50
-48
-47
-60
-84
-107
-122
-120
-129
-118
-120
-128
-129
-131
-127
-109
-84
-77
-52
-64
-47
-27
-10
14
38
52
61
74
68
90
93
114
112
103
109
99
96
97
93
90
82
67
57
41
27
37
51
42
42
28
24
25
25
45
53
61
55
66
68
87
110
105
105
101
109
104
109
112
103
109
98
85
68
64
66
62
50
28
17
14
-4
-4
-6
-10
-10
-23
-25
-43
-36
-27
-29
-28
-37
-39
-38
-32
-30
-30
-51
-62
-66
-63
-49
-59
-59
-72
-84
-89
-88
-83
-80
-84
-88
-79
-81
-70
-60
-72
-81
-68
-62
-44
-24
-34
-40
-45
-32
-20
-16
-11
-8
-14
-11
-3
-10
-6
1
-1
-7
-11
-6
8
10
7
7
4
20
30
37
45
46
47
53
57
54
70
74
70
63
67
75
73
77
73
59
52
52
47
46
42
30
23
16
21
28
19
8
0
6
9
19
19
14
25
42
43
32
40
43
55
61
58
56
48
36
40
27
36
31
8
1
-25
-28
-26
-31
-48
-55
-76
-80
-88
-90
-81
-79
-73
-84
-82
-78
-68
-46
-47
-38
-33
-34
-34
-32
-20
-5
-12
-11
-32
-53
-44
-37
-45
-58
-61
-83
-82
-77
-90
-93
-88
-94
-93
-75
-72
-65
-41
-40
-29
-12
-1
12
27
41
48
66
77
83
96
86
84
83
77
76
70
62
55
54
45
37
20
11
10
4
20
10
1
11
3
16
30
37
41
46
45
53
62
79
92
79
79
80
66
71
81
71
62
45
29
25
25
23
15
-3
-26
-32
-38
-28
-18
-15
-26
-39
-35
-29
-16
-8
-2
0
3
10
21
18
38
48
41
30
25
23
32
48
38
36
13
4
-13
-12
-25
-26
-30
-50
-53
-66
-64
-69
-71
-70
-93
-93
-94
-99
-84
-73
-61
-55
-55
-53
-50
-35
-30
-24
-8
-11
-4
10
13
19
31
20
20
16
2
8
-1
-3
-8
-13
-6
-18
-36
-38
-42
-42
-35
-47
-51
-59
-57
-46
-31
-21
-22
-29
-27
-21
-2
14
14
11
17
16
32
40
33
40
33
41
29
36
39
41
34
27
18
16
25
19
30
26
25
23
26
28
36
33
27
31
37
51
59
66
64
59
60
61
63
68
67
63
63
63
67
62
55
38
37
36
44
36
19
19
5
10
11
1
2
2
-6
-3
-5
-4
-7
-3
-9
-9
-1
-5
-5
0
-2
4
4
-3
-8
-9
-8
-10
-13
-18
-22
-25
-30
-41
-37
-34
-47
-56
-64
-74
-69
-71
-73
-73
-74
-79
-84
-84
-67
-69
-71
-79
-84
-67
-52
-34
-37
-42
-47
-38
-31
-18
-11
-3
-15
-13
-9
-6
14
4
2
-3
-12
-14
-9
-9
4
-5
-7
-18
-26
-10
-21
2
-3
-1
2
-7
5
23
40
44
48
43
50
67
73
84
85
89
90
82
90
86
86
85
68
65
55
43
38
28
19
12
-2
-15
-25
-23
-20
-42
-26
-34
-39
-23
-45
-23
-23
-6
-4
0
9
12
28
31
31
31
37
36
38
34
32
26
28
23
9
1
-19
-18
-21
-27
-34
-44
-44
-45
-39
-48
-55
-49
-45
-47
-33
-36
-27
-7
-11
-3
-2
-3
6
1
-3
2
5
4
10
2
-7
-5
-29
-31
-31
-39
-41
-44
-44
-50
-34
-37
-40
-36
-39
-37
-24
-11
-7
7
19
25
30
42
35
57
55
62
61
58
65
65
78
59
58
47
40
34
26
26
15
23
10
2
-1
0
-7
-9
-4
-14
-4
0
-4
14
13
18
24
25
29
21
37
35
36
45
45
39
39
35
33
27
25
11
2
-3
-3
-8
-13
-12
-24
-25
-35
-42
-38
-41
-41
-28
-31
-30
-27
-21
-21
-20
-11
-14
-7
4
0
9
8
10
10
-2
4
-3
0
-2
-22
-6
-25
-28
-28
-34
-29
-49
-44
-61
-51
-49
-49
-50
-54
-38
-39
-32
-33
-27
-29
-15
-13
-7
6
-1
13
17
14
14
17
8
12
18
13
8
4
1
-2
1
-10
-20
-20
-29
-19
-26
-31
-21
-26
-18
-22
-27
-13
-15
-11
-12
-1
8
16
22
22
23
25
32
22
30
36
30
31
38
27
37
37
25
30
16
15
8
18
16
20
23
1
16
22
23
16
15
12
11
21
21
24
39
36
19
26
16
17
22
22
17
18
15
8
19
15
3
5
-1
-6
5
1
7
16
14
20
11
14
14
16
25
30
35
35
30
36
35
41
45
35
27
8
13
23
20
26
10
1
-5
-13
-18
-16
-15
-26
-22
-36
-32
-31
-26
-25
-32
-32
-49
-39
-29
-27
-32
-26
-33
-32
-26
-38
-38
-27
-38
-41
-33
-44
-32
-34
-39
-46
-41
-42
-53
-36
-40
-42
-24
-41
-31
-22
-25
-21
-26
-18
-24
-9
-9
-8
-2
4
1
-5
-4
-9
-3
-3
-5
-3
-6
-2
-5
4
2
-5
-4
-8
-3
-1
4
1
17
23
17
17
20
27
29
31
29
36
36
38
49
46
50
39
39
35
36
32
33
39
30
28
23
20
21
17
11
22
17
18
4
7
14
15
18
12
12
3
8
13
21
25
8
7
7
-3
2
-1
-5
1
-9
-13
-15
-8
-12
-20
-24
-37
-29
-36
-27
-30
-29
-20
-25
-8
-20
-27
-20
-21
-20
-11
-21
-8
2
-5
-5
-3
-6
-5
-11
-26
-13
-25
-24
-23
-23
-16
-30
-34
-40
-39
-32
-41
-39
-37
-39
-30
-26
-25
-24
-19
-22
-10
-9
-9
-6
0
11
11
13
1
6
1
15
10
8
12
-6
13
3
1
1
-5
-8
-5
-5
-12
9
0
2
20
9
11
6
12
21
26
30
28
37
45
45
43
44
40
36
36
37
29
37
26
27
34
19
13
3
6
1
-5
-4
-14
0
0
-5
-4
-8
-4
-6
2
0
-2
12
9
13
22
13
16
20
17
22
20
18
14
15
16
11
10
-4
-2
1
-2
-4
-12
-10
-7
-15
-14
-18
-15
-16
-16
-14
-15
-2
-13
-8
-2
-5
-4
-3
-12
-10
-4
-14
-3
-1
-13
-12
-11
-21
-10
-17
-33
-17
-34
-24
-25
-23
-22
-18
-18
-32
-16
-20
-17
-7
-9
-12
-9
-4
-2
6
6
-2
0
9
0
6
5
-8
2
-4
-10
-4
-6
-14
-10
-14
-14
-13
-19
-20
-27
-19
-18
-14
-10
-11
-12
-5
-6
2
0
0
-1
11
8
10
12
6
19
13
15
13
11
11
14
-3
7
0
-1
11
-6
3
-3
-11
5
-4
-3
-3
-10
-5
-1
4
1
4
-2
5
10
11
-3
7
12
7
14
-1
1
10
15
5
0
2
2
9
-1
-4
-2
0
2
-7
-1
0
0
11
1
-2
10
7
0
5
3
3
14
4
4
8
11
6
4
-1
-8
0
-7
-11
-4
-8
-11
-9
-13
-10
-13
-15
-13
-21
-22
-12
-17
-4
-4
-11
-2
-9
-6
0
-7
1
-2
-11
2
2
10
4
-6
-6
2
-3
-11
-6
-6
-1
2
-11
-10
-8
0
-7
-5
-6
-12
0
-1
-3
2
2
2
3
-3
3
0
9
7
-1
8
10
4
3
-1
4
5
-4
0
-7
11
6
-1
9
-4
3
3
2
3
5
9
4
17
21
19
12
18
16
14
25
22
21
25
23
23
34
28
17
22
24
11
17
20
14
26
19
14
10
17
8
7
16
4
11
10
4
10
16
7
9
5
2
1
1
12
-4
4
3
6
4
-9
-4
-9
-6
-5
-14
-5
-11
-11
-17
-12
-13
-20
-18
-29
-23
-17
-20
-21
-17
-18
-25
-25
-26
-34
-22
-25
-22
-18
-28
-18
-16
-23
-25
-27
-26
-18
-26
-20
-16
-11
-14
-17
-15
-20
-13
-20
-23
-10
-10
-16
-8
-7
-13
-13
-14
-16
-12
-20
-17
-9
-5
-8
-12
-5
-4
-12
-6
-9
-5
5
-6
3
11
15
14
0
14
18
8
19
15
19
31
16
24
27
25
18
19
15
11
23
24
18
21
17
14
15
14
12
11
16
16
16
19
19
18
26
12
21
24
12
28
24
35
25
19
32
28
31
16
17
25
22
25
19
17
23
16
15
7
14
10
3
7
10
5
12
3
4
7
0
-3
2
4
-11
7
5
-5
3
-10
-8
0
-11
-11
-21
-14
-12
-20
-15
-30
-24
-20
-24
-25
-38
-32
-32
-21
-22
-40
-32
-24
-27
-28
-31
-25
-22
-17
-21
-25
-20
-21
-19
-20
-17
-31
-22
-13
-23
-12
-18
-28
-16
-22
-28
-25
-18
-21
-17
-17
-16
-11
-21
-6
-11
-6
-7
-16
2
3
-1
6
12
13
8
12
6
18
22
11
14
12
25
18
10
20
17
21
12
13
19
21
15
10
18
10
17
20
14
16
19
25
19
21
19
16
17
17
14
19
20
20
26
23
17
18
10
12
15
10
10
4
13
20
14
6
11
5
0
0
-3
4
-1
-3
4
3
2
-2
-9
-4
1
-8
-13
-13
-13
-4
-10
-18
-5
-17
-19
-11
-21
-12
-19
-20
-18
-24
-20
-26
-22
-23
-18
-16
-16
-21
-25
-17
-23
-24
-28
-32
-23
-20
-11
-19
-19
-13
-22
-19
-23
-25
-23
-30
-15
-8
-9
-8
-13
-3
-10
-11
-11
-13
-8
-8
-4
-1
4
2
3
3
2
2
-3
-5
7
5
-1
0
2
5
6
1
4
7
4
4
4
7
-4
5
7
1
12
9
16
15
19
13
15
20
7
12
6
18
21
27
22
19
29
18
22
16
12
10
10
20
16
24
22
21
25
18
12
13
14
7
18
13
22
18
17
22
14
20
8
8
12
16
11
8
8
7
11
5
6
9
3
1
4
3
2
1
-3
-7
-2
-3
-1
4
2
6
1
3
-1
-4
-10
-4
-3
-5
-1
-4
8
2
3
-10
-5
-10
-22
-8
-19
-14
-5
-14
-5
-12
-14
-17
-15
-21
-24
-21
-25
-15
-14
-9
-18
-8
-12
-15
-13
-17
-16
-17
-12
-11
-9
-14
-12
-1
-9
-6
-13
-17
-2
-13
-8
-17
-18
-6
-3
-11
-9
-9
-7
4
-8
-12
-8
-10
-2
-3
-9
-2
10
9
4
3
3
9
3
5
-1
5
10
13
12
12
14
16
18
7
13
9
8
13
13
13
12
17
18
18
20
13
18
11
16
18
6
13
11
20
23
17
14
15
19
12
11
1
2
10
10
8
1
15
9
11
10
-10
-3
-4
-7
-2
-7
-5
3
1
-2
-4
0
-8
-7
-10
-13
-4
-10
-3
