SAMPLES:	12595
BITSPERSAMPLE:	16
CHANNELS:	1
SAMPLERATE:	16000
NORMALIZED:	FALSE
0
-4
-8
-7
-11
-7
0
-5
1
-3
-12
0
-2
-7
-14
-11
-8
-15
-8
-17
-13
-2
4
14
0
-9
-4
0
2
3
-2
1
-2
-7
7
5
-7
-4
0
0
-1
-1
1
-1
8
15
8
7
12
13
6
2
11
11
20
19
17
22
9
2
0
7
-3
3
7
-1
8
7
14
11
7
5
2
-5
-6
1
-7
4
-2
-2
-3
3
10
4
10
11
9
11
7
-5
11
2
-4
10
4
6
9
12
4
4
-4
-14
-15
-9
3
-7
-1
-1
1
9
11
-1
4
1
-5
2
-10
-8
6
-4
-3
12
9
7
2
-2
-11
-4
0
-1
2
0
1
-2
4
8
13
8
3
5
5
2
-2
3
-13
4
-5
-1
8
3
11
-2
5
-1
0
4
1
8
9
4
0
-8
-4
8
-2
1
-3
2
8
-2
-1
-13
-8
-4
-11
-4
-14
-19
-17
-14
-1
-17
-14
0
-5
-11
3
2
-6
1
0
-5
5
-7
1
7
1
7
-7
5
5
-9
-6
1
5
11
3
7
6
-5
0
1
-13
-5
1
-3
2
6
3
-3
-7
2
10
-4
-8
-3
3
5
8
13
5
2
2
-4
3
9
6
3
10
0
5
2
4
7
-6
-4
0
4
-13
-12
-6
8
7
1
3
18
3
-9
12
10
20
10
5
11
9
5
7
14
9
8
8
13
6
0
1
-7
3
0
-12
-7
0
-11
-19
-11
-8
-13
-22
-13
-10
-21
-12
-9
2
3
1
-12
-8
20
10
3
1
1
10
-2
-7
0
-1
-7
-9
3
-7
-6
3
-7
-10
-7
-5
-19
-7
-8
-5
-3
3
2
-10
-3
-8
5
2
-4
11
5
-8
-2
-1
0
-11
-14
2
-8
-5
-5
-4
-1
-2
10
2
-5
5
4
2
7
0
-3
-2
-4
8
14
4
3
-2
-1
-2
6
3
1
8
2
16
3
8
8
-14
-9
-5
4
1
-2
-5
4
-10
8
4
-1
4
-10
-7
2
-1
-8
-1
-10
3
5
4
6
8
6
6
0
7
2
-13
-5
1
-3
-13
-12
-15
-5
-6
-6
-11
-2
-2
-16
5
3
-10
-5
-6
1
4
7
6
8
5
-5
-3
-4
8
2
-6
5
2
5
-3
-15
-2
-5
-13
-4
-4
-9
-4
-7
-13
4
8
-1
-2
2
0
-9
4
7
12
10
2
1
-1
-11
-4
4
3
8
-1
1
0
8
1
0
1
2
-4
-1
10
8
6
-2
-2
-4
10
2
21
15
-6
8
11
0
4
9
10
8
5
13
11
1
-1
3
-3
-3
2
4
0
-4
3
-8
-4
-1
-3
4
-1
0
3
-8
-7
-5
-6
-4
-6
-9
4
-9
-7
-2
-5
3
-2
-2
-16
-1
2
-8
-4
2
4
-2
-2
1
-6
11
4
-6
-2
-3
8
-7
-4
-12
0
2
-9
1
-2
-4
1
8
-7
0
2
-4
-6
-24
-10
-6
-6
-1
-5
-6
-6
3
-3
-7
7
11
14
-3
-7
9
5
3
6
-2
3
-1
5
3
9
17
15
15
5
7
8
8
8
7
4
1
0
-2
6
-10
2
11
1
-2
-15
-14
-9
-4
16
7
-5
13
5
13
-3
-4
2
1
3
3
16
12
14
6
5
-9
-2
-2
-1
13
3
16
9
9
10
-11
-5
-7
-4
-11
-11
4
0
12
-6
-1
-3
-24
-19
-23
-15
-15
-13
-11
8
16
-9
-9
-7
-11
-18
-17
-9
-6
12
11
11
11
-10
-28
-27
-43
-33
-21
8
33
50
56
30
8
-22
-49
-46
-27
-14
21
39
41
42
25
-6
-47
-68
-50
-38
-7
30
42
46
51
29
-6
-27
-41
-32
-23
4
29
46
64
43
25
0
-8
-17
-38
-17
24
37
43
61
66
46
16
-23
-40
-34
-22
-6
13
32
44
30
13
-7
-29
-37
-46
-39
-30
3
26
20
17
15
-3
-22
-36
-45
-22
-9
-2
22
35
19
12
-5
-21
-25
-29
-24
-16
6
17
26
15
2
-6
-5
-15
-25
-25
-12
17
14
20
22
2
-18
-16
-17
-20
-10
-10
-8
3
8
-2
-3
-5
-16
-6
-5
-1
-1
15
9
8
1
-11
-3
-8
-2
6
10
-6
-5
-6
-19
-20
-20
-18
-5
-3
0
5
16
5
-3
-1
-2
-11
1
4
2
11
5
12
-12
-3
-5
-9
-6
-8
8
4
11
12
7
-2
2
-17
-22
-11
-7
-5
11
17
13
13
9
-5
2
3
-13
5
-3
8
13
10
21
4
-4
7
-10
-20
-13
-12
-9
1
2
1
1
0
4
2
2
-8
-5
6
5
1
5
17
-4
-3
-9
-18
-11
-11
-3
5
6
5
8
2
-1
1
-9
-9
-7
-17
-10
-4
4
6
0
0
-11
-4
-2
-3
-2
-1
3
5
-3
1
10
19
2
-1
-1
-3
6
5
1
7
16
-3
5
2
-7
-12
1
4
-7
10
5
9
4
18
5
0
9
0
4
4
-1
8
12
-5
-5
-11
0
-10
-22
-12
5
-7
-11
2
-3
8
-1
2
-1
0
5
-13
-13
-9
-8
-13
-10
1
7
0
-12
-12
-8
-5
-9
-4
-2
2
6
-4
3
16
7
5
-2
9
5
7
26
20
26
16
6
2
4
-3
2
17
17
15
9
-1
1
-15
-16
-16
-16
10
15
17
22
5
3
-9
-25
-29
-27
-12
8
21
19
19
22
10
-33
-37
-8
-8
2
18
36
39
25
24
1
-16
-22
-32
-26
-6
15
19
31
35
37
7
-34
-40
-46
-32
-16
5
41
32
38
45
13
-23
-30
-29
-31
-15
7
32
37
46
26
4
-13
-41
-44
-40
-19
-1
14
34
41
27
13
0
-27
-39
-34
-21
-3
19
21
28
37
6
-6
-20
-31
-30
-38
-15
3
27
32
29
33
13
3
-16
-19
-17
1
11
18
17
20
14
-2
-11
-20
-32
-22
-12
4
10
25
27
12
21
17
6
12
12
-6
0
-8
-2
7
2
20
24
7
9
2
1
-15
-11
-3
-15
2
-1
13
19
8
-1
-11
-19
-16
-4
0
2
14
31
31
17
6
-9
-16
-19
-15
1
-9
18
27
16
23
1
-14
-28
-27
-35
-21
-13
5
14
13
16
0
6
-3
-8
-20
-14
-13
-3
15
2
7
9
0
-3
-13
-17
-8
-11
-5
15
25
21
2
-14
-3
-7
-18
-3
-1
3
4
9
11
3
6
-1
-5
-5
-8
-5
1
16
10
15
13
0
0
-5
1
-4
5
9
6
17
8
6
-1
-6
-12
-4
-14
-7
-3
-2
15
0
7
6
8
4
-12
-3
-3
1
4
7
8
-6
6
11
-6
-5
0
-6
-5
13
10
6
11
7
-2
-11
-7
-9
-1
1
8
14
13
9
4
-9
-16
-19
-16
-8
-9
-3
-6
-12
-11
-8
-22
-19
-24
-20
-27
-4
9
-3
1
-4
0
-17
-14
-12
-17
-11
-2
1
-4
-3
-12
-7
-13
-26
-19
-12
1
9
9
19
19
-4
-1
-11
-27
-18
-15
-3
4
9
12
22
32
5
4
4
-5
16
10
15
25
13
12
6
-4
-15
-10
-11
-6
5
0
3
1
8
7
12
11
7
16
9
17
16
19
28
19
6
5
6
11
6
-1
-3
1
7
-13
-18
-22
-26
-23
-26
-8
-4
-10
-2
-2
2
-9
-5
-4
4
11
7
26
21
8
1
-9
-6
-9
-21
-15
-14
-9
-9
-8
-15
-32
-26
-20
-16
-20
-26
-22
-6
-3
7
15
18
36
40
37
45
34
22
15
8
-14
-29
-37
-34
-15
-15
0
23
29
33
44
45
37
24
0
-1
-4
-13
-8
4
13
9
9
0
-6
-12
-27
-43
-41
-61
-47
-36
-34
-23
-28
-7
-25
-20
-16
-29
-33
-29
-23
-18
-14
-10
1
2
8
15
25
36
25
22
18
1
-3
-16
-19
-27
-21
-13
8
11
13
19
21
13
-3
1
-15
-17
-20
-24
-31
-17
-18
-18
-8
3
7
6
13
5
10
0
-8
-13
-28
-39
-43
-47
-49
-26
-8
-6
13
23
31
32
35
32
12
12
19
13
12
24
15
3
3
-4
-11
-32
-35
-31
-25
-19
-18
0
24
34
36
37
35
43
30
18
10
14
9
1
13
1
2
21
14
19
42
35
52
42
35
32
10
2
-13
-29
-40
-52
-47
-44
-42
-27
-22
-3
0
0
-10
-14
-17
-36
-25
-22
-13
4
20
31
34
28
14
-9
-44
-73
-69
-75
-68
-25
7
37
56
67
62
39
17
-3
-35
-62
-80
-73
-76
-87
-77
-76
-74
-88
-89
-85
-92
-83
-77
-68
-47
-47
-49
-71
-98
-125
-144
-147
-165
-157
-123
-82
-37
14
60
115
147
158
152
127
97
56
22
-1
-3
-8
7
24
36
50
76
99
108
128
147
189
224
251
297
332
357
370
366
366
365
388
413
428
452
466
468
455
417
387
354
315
306
287
292
297
297
313
317
317
331
361
368
405
384
301
129
-167
-561
-1076
-1633
-2174
-2636
-2937
-2975
-2766
-2315
-1671
-881
-53
699
1317
1711
1867
1787
1545
1161
730
287
-123
-460
-722
-890
-1033
-1123
-1188
-1244
-1261
-1229
-1141
-967
-725
-408
-38
348
748
1089
1369
1548
1618
1577
1411
1157
838
462
53
-319
-663
-922
-1101
-1180
-1154
-1066
-884
-670
-425
-187
29
223
369
497
591
681
750
805
854
846
795
673
468
194
-136
-486
-807
-1062
-1193
-1192
-1044
-724
-294
205
730
1227
1628
1912
2072
2122
2082
1973
1834
1695
1587
1491
1403
1323
1253
1209
1191
1241
1379
1581
1821
2014
2074
1904
1350
364
-980
-2606
-4351
-5918
-7051
-7597
-7481
-6607
-5086
-3140
-971
1137
2942
4216
4880
4985
4574
3751
2713
1631
572
-364
-1072
-1575
-1964
-2306
-2623
-2958
-3302
-3610
-3807
-3852
-3731
-3352
-2712
-1799
-659
608
1900
3110
4146
4862
5228
5171
4633
3678
2377
886
-615
-1968
-3032
-3675
-3885
-3650
-3046
-2233
-1323
-479
206
692
993
1177
1298
1435
1637
1913
2231
2556
2790
2806
2529
1929
1030
-122
-1414
-2688
-3789
-4599
-4992
-4882
-4283
-3301
-2041
-647
719
1899
2838
3462
3728
3676
3390
2959
2425
1876
1359
855
327
-195
-715
-1257
-1826
-2344
-2774
-3047
-3074
-2779
-2133
-1226
-112
1094
2272
3223
3877
4141
3952
3365
2448
1372
282
-694
-1402
-1770
-1799
-1488
-892
-134
658
1352
1841
2093
2084
1888
1611
1302
1078
991
1077
1293
1579
1917
2229
2474
2613
2628
2484
2162
1670
927
-118
-1519
-3140
-4876
-6607
-8015
-8899
-9161
-8758
-7656
-5895
-3689
-1251
1211
3415
5104
6152
6590
6407
5630
4423
2936
1268
-376
-1777
-2870
-3650
-4159
-4412
-4476
-4400
-4185
-3860
-3482
-3124
-2721
-2238
-1603
-796
159
1249
2414
3572
4612
5449
5872
5747
5040
3778
2084
161
-1728
-3359
-4551
-5123
-5047
-4339
-3155
-1701
-193
1120
2133
2761
3029
2985
2682
2272
1887
1607
1466
1496
1570
1554
1369
931
175
-944
-2326
-3853
-5359
-6616
-7292
-7233
-6424
-4834
-2589
62
2833
5449
7612
9018
9515
9136
7954
6140
3991
1782
-289
-2039
-3308
-4014
-4245
-4085
-3636
-3024
-2390
-1799
-1191
-550
169
953
1876
2913
3897
4794
5551
6035
6147
5863
5139
4061
2743
1393
244
-543
-853
-662
0
940
1916
2622
2717
1844
-25
-2633
-5762
-8880
-11409
-13023
-13537
-12718
-10521
-7215
-3222
942
4794
7772
9540
10117
9594
8014
5676
2973
270
-2066
-3733
-4540
-4633
-4286
-3720
-3134
-2730
-2626
-2889
-3476
-4368
-5370
-6112
-6281
-5703
-4358
-2287
340
3262
6148
8666
10478
11199
10651
8927
6305
3137
-193
-3193
-5572
-7133
-7694
-7219
-5924
-4210
-2371
-708
512
1167
1356
1215
811
352
103
254
809
1771
2990
4146
4978
5281
4908
3742
1807
-706
-3483
-6198
-8402
-9723
-9980
-9081
-7125
-4303
-955
2513
5724
8270
9839
10351
9907
8597
6667
4439
2204
173
-1425
-2412
-2867
-2937
-2760
-2432
-2088
-1794
-1514
-1231
-960
-588
59
1064
2338
3772
5209
6389
7142
7411
7163
6374
5003
3152
1096
-792
-2188
-2861
-2641
-1636
-110
1726
3664
5306
6011
5334
3284
-6
-4252
-8662
-12371
-15132
-16800
-16898
-15207
-12043
-7768
-2773
2225
6285
9029
10593
10942
9932
7876
5224
2236
-626
-2676
-3581
-3618
-3198
-2510
-1822
-1440
-1464
-1881
-2884
-4573
-6668
-8641
-9959
-10335
-9603
-7790
-5005
-1461
2583
6761
10554
13286
14475
14082
12304
9442
5892
2167
-1329
-4321
-6412
-7265
-6980
-5940
-4508
-2995
-1809
-1100
-776
-826
-1273
-1921
-2395
-2434
-1896
-700
1002
2820
4459
5753
6498
6421
5408
3590
1054
-1863
-4585
-6683
-7919
-8215
-7473
-5816
-3453
-617
2329
4942
6825
7811
7928
7286
6019
4400
2678
1078
-187
-909
-989
-528
234
1055
1756
2177
2224
1970
1514
959
414
46
30
413
1157
2167
3311
4320
4967
5154
4911
4305
3395
2439
1706
1281
1195
1532
2232
2915
3020
2294
770
-1723
-5060
-8547
-11756
-14607
-16732
-17470
-16661
-14536
-11184
-6762
-1923
2536
6427
9640
11668
12224
11527
9853
7357
4471
1904
-37
-1510
-2498
-2893
-2875
-2728
-2639
-2767
-3396
-4725
-6553
-8487
-10138
-11241
-11544
-10728
-8664
-5524
-1549
3001
7531
11260
13783
14998
14790
13127
10378
7087
3513
18
-2757
-4509
-5377
-5487
-4902
-3954
-3099
-2430
-1961
-1935
-2404
-3094
-3802
-4450
-4721
-4320
-3405
-2034
-198
1887
3858
5480
6624
7012
6432
5137
3430
1390
-720
-2418
-3525
-4117
-4014
-3099
-1684
-172
1380
2813
3730
4022
3868
3321
2384
1308
446
-44
-147
149
810
1673
2535
3295
3913
4280
4232
3765
3109
2410
1716
1180
986
1067
1222
1606
2391
3331
4153
4925
5614
5886
5722
5393
4758
3237
845
-1959
-5212
-8734
-11762
-13900
-15432
-16313
-16048
-14542
-12196
-9217
-5616
-1996
972
3381
5536
7106
7792
7846
7396
6404
5158
4221
3693
3140
2422
1689
895
-77
-1167
-2290
-3683
-5597
-7758
-9662
-10993
-11735
-11741
-10790
-8943
-6412
-3171
679
4516
7695
9987
11413
11786
11126
9849
8169
6025
3714
1842
610
-217
-656
-695
-674
-924
-1352
-1859
-2696
-3915
-5220
-6367
-7259
-7675
-7390
-6498
-5195
-3515
-1453
726
2707
4308
5336
5645
5306
4564
3562
2441
1416
657
283
409
1040
1979
2946
3744
4257
4338
3952
3202
2156
883
-427
-1485
-2134
-2320
-2046
-1346
-331
808
1860
2779
3457
3753
3738
3580
3366
3077
2903
3044
3514
4228
5222
6435
7519
8175
8434
8266
7347
5377
2495
-1080
-5362
-9878
-13745
-16724
-18928
-20067
-19776
-18188
-15630
-12143
-7977
-3885
-485
2372
4775
6386
7212
7563
7493
6941
6301
6090
6223
6285
6194
5927
5284
4148
2669
889
-1420
-4335
-7479
-10380
-12763
-14362
-14942
-14428
-12899
-10440
-7158
-3235
798
4360
7172
9111
10053
10048
9417
8440
7146
5733
4695
4180
4039
4124
4345
4402
3889
2844
1502
-276
-2547
-4989
-7273
-9293
-10803
-11394
-11021
-9954
-8329
-6138
-3718
-1401
705
2477
3645
4109
4166
4037
3791
3603
3686
4030
4488
5161
6116
7007
7578
7747
7402
6447
4992
3331
1607
-134
-1742
-2874
-3431
-3443
-2936
-2038
-1027
-175
520
1058
1460
1668
1659
1701
1920
2400
3297
4720
6490
8209
9749
11105
11950
11716
10223
7614
3844
-1029
-6120
-10705
-14836
-18349
-20644
-21389
-20870
-19202
-16263
-12563
-9019
-5862
-2812
-177
1599
2761
3611
4053
4149
4591
5798
7218
8481
9735
10730
11061
10671
9737
8035
5140
1318
-2833
-6856
-10518
-13380
-15063
-15665
-15222
-13681
-11032
-7710
-4373
-1339
1132
2793
3639
3989
4154
4048
3768
3803
4311
5217
6464
8034
9444
10146
10139
9449
7973
5692
2917
-84
-3268
-6180
-8291
-9498
-9952
-9671
-8671
-7449
-6303
-5099
-4058
-3563
-3575
-3712
-3874
-4006
-3644
-2506
-760
1374
3990
6970
9747
12043
13861
14936
14899
13876
12261
10139
7556
4923
2644
802
-655
-1604
-1967
-2085
-2223
-2405
-2527
-2797
-3331
-3748
-3839
-3611
-3077
-1893
-4
2152
4399
6788
9007
10353
10472
9653
7773
4581
792
-2853
-6349
-9635
-12095
-13325
-13636
-13246
-11958
-10074
-8407
-7159
-5986
-5107
-4798
-4781
-4691
-4454
-4125
-3114
-1157
1256
3797
6383
8724
10373
11214
11309
10500
8623
5802
2537
-694
-3692
-6089
-7673
-8411
-8450
-7901
-6666
-5113
-3699
-2656
-2027
-1852
-2173
-2617
-2844
-2858
-2641
-1901
-480
1359
3440
5679
7666
9007
9524
9366
8548
6967
5013
2932
810
-1115
-2548
-3386
-3880
-4039
-3900
-3803
-3907
-4192
-4620
-5309
-6132
-6728
-6998
-6848
-6102
-4643
-2622
-294
2311
4952
7301
9114
10374
11077
11073
10568
9825
9002
8204
7520
7068
6791
6523
6196
5777
5183
4240
2921
1468
-33
-1483
-2653
-3225
-3185
-2775
-1880
-555
792
1699
1922
1525
190
-2058
-4505
-6816
-8970
-10729
-11625
-11523
-10682
-9079
-6743
-4171
-1995
-392
782
1203
889
155
-778
-1779
-2686
-2875
-2227
-1032
554
2345
4036
5234
5892
5962
5271
3756
1544
-912
-3272
-5265
-6515
-6909
-6497
-5470
-3991
-2168
-439
871
1552
1475
719
-626
-2048
-3159
-3832
-3832
-3100
-1646
264
2453
4678
6473
7501
7594
6808
5259
3221
1165
-686
-2174
-3090
-3320
-2888
-2020
-878
219
840
770
90
-1070
-2641
-4311
-5775
-6887
-7434
-7147
-5868
-3794
-1280
1465
4061
6178
7720
8717
9142
8898
8248
7522
6926
6593
6724
7334
8130
8815
9329
9544
9173
8118
6590
4721
2548
490
-1066
-1978
-2398
-2302
-1741
-1131
-914
-1224
-2046
-3681
-6046
-8549
-10918
-12976
-14387
-14777
-14026
-12396
-10009
-7000
-3880
-1175
947
2408
3065
2935
2269
1399
571
-11
-22
649
1762
3113
4503
5690
6411
6413
5701
4318
2256
-254
-2772
-4895
-6458
-7322
-7283
-6421
-5058
-3444
-1728
-325
431
477
-81
-1106
-2441
-3611
-4238
-4268
-3593
-2138
-46
2311
4541
6451
7755
8169
7721
6590
4961
3064
1230
-218
-1154
-1506
-1359
-823
-171
283
389
-57
-1043
-2529
-4325
-6088
-7596
-8610
-8932
-8405
-7072
-5139
-2664
49
2587
4763
6414
7562
8189
8466
8649
8732
8879
9197
9750
10411
11012
11495
11535
11030
10068
8725
7117
5350
3710
2267
1058
280
-80
-291
-778
-1754
-3274
-5523
-8208
-10830
-13291
-15461
-17070
-17818
-17640
-16461
-14267
-11446
-8438
-5655
-3245
-1322
49
1016
1525
1724
1838
2137
2932
4271
5958
7660
9045
9915
10149
9702
8612
6864
4435
1464
-1536
-4159
-6121
-7224
-7492
-7084
-6377
-5463
-4392
-3514
-2987
-3004
-3525
-4433
-5460
-6067
-6037
-5291
-3899
-1943
336
2681
4914
6718
7851
8126
7566
6440
5059
3765
2811
2259
2127
2283
2653
3089
3391
3378
2748
1460
-397
-2609
-4832
-6769
-8178
-8958
-9061
-8467
-7240
-5470
-3428
-1387
423
1846
2928
3782
4585
5443
6356
7380
8547
9862
11269
12607
13757
14404
14442
13926
12953
11705
10251
8800
7368
5968
4716
3567
2347
722
-1411
-4113
-7405
-10857
-14161
-17083
-19372
-20916
-21555
-21239
-19941
-17819
-15262
-12589
-10086
-7922
-6097
-4423
-2773
-1213
414
2206
4186
6386
8690
10961
12760
13815
14046
13449
12084
10127
7813
5245
2576
133
-1829
-3255
-4114
-4545
-4792
-5180
-5738
-6453
-7342
-8309
-9312
-10156
-10714
-10760
-10044
-8495
-6259
-3600
-821
1729
3855
5487
6581
7124
7177
6890
6499
6232
6367
6873
7588
8296
8692
8590
7880
6602
4748
2374
-369
-3198
-5822
-7916
-9213
-9693
-9524
-8847
-7874
-6790
-5699
-4678
-3719
-2915
-2146
-1201
10
1623
3708
6165
8739
11235
13541
15435
16786
17625
17956
17703
16952
15983
14899
13700
12539
11287
9632
7302
4315
768
-3432
-7885
-12146
-16139
-19708
-22442
-24120
-24853
-24630
-23507
-21844
-19943
-17890
-15707
-13579
-11436
-9100
-6653
-4050
-1083
2207
5649
9063
12205
14747
16390
17176
17124
16246
14691
12721
10378
7784
5330
3106
1103
-642
-2117
-3473
-4916
-6410
-7862
-9378
-10853
-12118
-13083
-13636
-13645
-12963
-11635
-9758
-7483
-5025
-2612
-387
1606
3326
4754
5898
6859
7748
8627
9594
10645
11646
12419
12816
12656
11850
10493
8566
6125
3360
479
-2322
-4871
-6932
-8400
-9380
-9913
-10014
-9817
-9444
-8843
-7974
-6963
-5819
-4386
-2676
-687
1576
4157
6873
9495
11980
14140
15955
17462
18634
19423
19849
19888
19495
18663
17424
15645
13030
9565
5452
720
-4299
-8950
-13108
-16797
-19809
-22043
-23615
-24597
-24899
-24630
-24160
-23450
-22280
-20702
-18590
-15664
-12135
-8342
-4362
-324
3538
7027
10112
12624
14290
15217
15692
15788
15600
15309
14759
13678
12058
10035
7652
4959
2156
-614
-3405
-6168
-8598
-10571
-12066
-13127
-13887
-14405
-14742
-14834
-14490
-13634
-12307
-10599
-8570
-6269
-3706
-879
2115
4986
7486
9573
11182
12395
13385
14204
14777
14977
14724
14104
13149
11806
10087
7872
5077
1918
-1365
-4499
-7157
-9238
-10731
-11715
-12158
-11994
-11294
-10121
-8678
-7224
-5813
-4252
-2457
-294
2358
5343
8426
11361
14100
16718
19008
20829
22124
22707
22497
21628
20291
18404
15765
12282
8116
3340
-1738
-6392
-10445
-14116
-17361
-20111
-22492
-24413
-25642
-26120
-26102
-25729
-24780
-23215
-20957
-17729
-13735
-9470
-5202
-1100
2767
6312
9557
12452
14722
16245
17244
17867
18126
18121
17570
16155
13831
10819
7440
3971
740
-2112
-4726
-7180
-9243
-10959
-12404
-13598
-14694
-15836
-16947
-17657
-17633
-16752
-14935
-12229
-9103
-5870
-2532
712
3675
6265
8420
10085
11283
12298
13377
14475
15498
16317
16559
15931
14520
12414
9633
6359
2887
-523
-3774
-6521
-8433
-9625
-10258
-10408
-10309
-10156
-9861
-9343
-8580
-7493
-5926
-3871
-1405
1492
4811
8241
11520
14577
17085
18926
20236
21088
21498
21491
21066
19955
17765
14482
10371
5585
511
-4196
-8361
-12108
-15356
-18110
-20490
-22513
-24076
-25139
-25839
-26073
-25544
-24143
-21745
-18262
-14073
-9645
-5261
-1236
2325
5448
8138
10397
12185
13643
14968
16191
17359
18312
18533
17610
15508
12280
8335
4234
419
-2879
-5603
-7732
-9334
-10594
-11604
-12496
-13672
-15122
-16551
-17702
-18109
-17317
-15288
-12338
-8834
-5093
-1443
1862
4866
7499
9491
10932
12079
13007
13959
15056
16120
16748
16514
15343
13273
10431
7228
4014
842
-2095
-4575
-6526
-7877
-8646
-8991
-9206
-9532
-9813
-9798
-9328
-8047
-5866
-3074
102
3471
6771
9787
12467
14833
16666
17868
18787
19653
20371
20990
21300
20594
18321
14344
9116
3127
-2899
-8026
-12000
-15127
-17496
-19185
-20605
-21917
-23017
-23966
-24953
-25743
-25730
-24527
-21994
-17929
-12752
-7413
-2366
2050
5536
8258
10446
12211
13545
14587
15687
16825
17882
18709
18662
17152
14153
9968
5133
485
-3317
-6106
-8085
-9523
-10669
-11840
-13080
-14376
-15853
-17379
-18549
-18999
-18353
-16150
-12528
-8170
-3702
324
3464
5691
7334
8720
9913
11107
12550
14033
15467
16862
17708
17426
15802
12886
9006
4727
851
-2197
-4522
-6119
-7120
-7950
-8709
-9173
-9546
-10001
-10247
-9987
-9059
-7316
-4439
-771
2964
6479
9583
12010
13944
15836
17650
19278
20837
22275
23273
23379
22239
19373
14452
8124
1374
-4903
-9716
-12767
-14678
-16163
-17761
-19736
-22088
-24445
-26253
-27339
-27644
-26650
-24079
-20132
-15001
-9312
-4057
84
3037
5163
6944
8762
11043
13597
15876
17855
19361
20016
19621
17970
14932
10664
5876
1485
-1936
-4219
-5418
-6197
-7525
-9516
-11937
-14612
-17166
-19005
-19766
-19532
-18127
-15289
-11460
-7312
-3234
204
2459
3890
5275
6920
8932
11426
14120
16260
17545
18167
17877
16419
14091
11096
7500
3931
1125
-883
-2540
-4011
-5506
-7538
-9850
-11624
-12629
-12924
-12273
-10670
-8526
-5888
-2627
904
4037
6713
9019
10801
12456
14580
17169
19789
22283
24455
25684
25564
23908
20322
14707
7918
1159
-4713
-8853
-11059
-12364
-13994
-16514
-19938
-23878
-27382
-29459
-29811
-28691
-26132
-22332
-17872
-13107
-8441
-4528
-1726
265
2205
4667
7852
11718
15545
18372
19744
19715
18572
16632
14149
11264
7935
4361
1018
-1710
-3795
-5460
-7114
-9273
-12080
-15007
-17279
-18485
-18410
-17160
-15259
-13309
-11307
-9101
-6716
-4072
-1181
1731
4377
6897
9524
11993
14061
15642
16377
16124
15205
14053
12834
11397
9739
7646
4853
1698
-1336
-4120
-6566
-8471
-9943
-11108
-11800
-11798
-11123
-9902
-8119
-5847
-3399
-701
2329
5431
8449
11304
13873
16075
17954
19704
21494
23179
24438
24714
23281
19641
13948
7233
761
-4532
-8027
-9995
-11712
-14113
-17331
-21083
-24706
-27222
-28013
-27265
-25391
-22480
-18732
-14669
-10558
-6637
-3511
-1187
1019
3783
7324
11304
15187
17940
18741
17887
16221
14234
12263
10517
8523
5748
2449
-801
-3781
-6481
-8734
-10752
-13098
-15399
-16875
-17415
-17259
-16402
-15064
-13840
-12539
-10235
-6872
-2968
1295
5346
8244
9963
11361
12690
13741
14761
15635
15765
15112
14233
13198
11556
9212
6266
2647
-1309
-4608
-6823
-8374
-9555
-10468
-11539
-12712
-13249
-12670
-11304
-9365
-6724
-3759
-792
2484
6139
9477
12144
14335
16134
17584
19213
21451
23742
25302
25929
24952
21549
16065
9377
2330
-4045
-8702
-11373
-13048
-14978
-17649
-21273
-25446
-28696
-29850
-28745
-25781
-21721
-17413
-13441
-9951
-6578
-3287
-245
2976
6566
10275
13969
17269
19431
19808
18454
16145
13666
11485
9884
8340
5847
2175
-2311
-7043
-11173
-14018
-15460
-16100
-16637
-17053
-17272
-17350
-16884
-15565
-13755
-11528
-8702
-5333
-1582
2283
5965
8906
10762
11942
12968
13876
14766
15676
16046
15365
13882
11949
9694
7287
4935
2475
-345
-3141
-5514
-7549
-9315
-10673
-11799
-12854
-13385
-12901
-11470
-9378
-6731
-3805
-959
1900
5045
8286
11317
14173
16695
18703
20438
22102
23514
24432
24775
24241
22395
18904
13769
7234
101
-6304
-11133
-14209
-15924
-17518
-20140
-23805
-27606
-30192
-30482
-28194
-23941
-19104
-14767
-11056
-7815
-4610
-917
3134
7180
11021
14525
17540
19636
20451
19875
17865
14994
12321
10320
8691
6821
3910
-519
-6019
-11319
-15200
-17343
-17948
-17573
-17353
-17861
-18402
-18283
-17361
-15311
-12147
-8535
-5083
-1685
1866
5074
7903
10609
12660
13820
14806
15742
16108
15931
15311
13859
11508
9096
6966
4717
2396
98
-2674
-5881
-8655
-10668
-12088
-12861
-12971
-12814
-12667
-12030
-10581
-8572
-6031
-2806
744
4203
7652
11049
14021
16459
18541
20311
21734
23071
24405
25388
25653
24827
22270
17607
11129
3739
-3244
-8845
-12475
-14468
-16200
-18987
-23090
-27654
-31211
-32296
-30224
-25714
-20433
-15802
-12305
-9670
-7021
-3393
1276
6315
11084
15202
18375
20314
21003
20624
19057
16578
14192
12423
10877
8898
5777
857
-5513
-11705
-16077
-18289
-18588
-17634
-17192
-18330
-19970
-20841
-20440
-18188
-14112
-9446
-5431
-2075
1032
3814
6543
9684
12584
14540
15990
17177
17568
17118
16243
14815
12591
10301
8602
6890
4596
1889
-1475
-5551
-9111
-11180
-12110
-12434
-12316
-12325
-12936
-13434
-12762
-10981
-8429
-4991
-1173
2252
5402
8567
11532
14183
16684
19143
21300
23045
24636
25881
26218
25523
23469
19365
13237
6034
-902
-6694
-10652
-12644
-14204
-17272
-21782
-26684
-30805
-32298
-30204
-25526
-20401
-16207
-13185
-10955
-8454
-4443
868
6128
10824
14687
17330
19025
19983
20106
19174
17238
15103
13418
11849
9759
6493
1555
-4523
-10262
-14254
-16139
-16660
-16603
-16971
-18767
-20802
-21151
-19862
-17433
-13752
-9822
-7066
-5027
-2312
990
4304
8116
11842
13944
15018
16113
16458
15905
15431
14833
13395
11676
10376
8711
5962
2793
-530
-4186
-7177
-8701
-9542
-10517
-11554
-12566
-13685
-14272
-13204
-10733
-7991
-5092
-1986
715
3063
5917
9376
12632
15517
18412
20755
22078
23241
24535
24946
24239
22351
18266
11859
4723
-1595
-6545
-9723
-11257
-13168
-17259
-22649
-27655
-31063
-31389
-28092
-22951
-18319
-15133
-13012
-11105
-8217
-3472
2430
7972
12497
15890
18027
19103
19609
19674
18905
17425
15916
14563
12558
9340
4917
-653
-6443
-10815
-13167
-14231
-14702
-15379
-17300
-20078
-21683
-21144
-18986
-15540
-11413
-7996
-5749
-3759
-1408
1396
4791
8365
11337
13556
15113
15861
15776
15062
14033
12996
11984
10936
9704
7798
4785
960
-2698
-5574
-7431
-8183
-8634
-9756
-11268
-12674
-13682
-13471
-11611
-8836
-6035
-3361
-777
1617
4068
7013
10167
13080
15781
18223
20291
22162
23814
24909
24977
23217
19272
13360
6384
-128
-5135
-8219
-9838
-11831
-15750
-21315
-27166
-31296
-32078
-29411
-24626
-19955
-16925
-15323
-13915
-11144
-6124
246
6536
11734
15154
17109
18342
19142
19785
20209
19925
19035
17719
15601
12109
7104
1211
-4511
-8972
-11545
-12702
-13591
-14849
-17142
-20294
-22471
-22350
-20322
-17126
-13424
-10217
-8013
-6165
-3638
-257
3787
8160
11864
14255
15734
16555
16569
16148
15787
15400
14644
13499
12028
9667
6271
2542
-1045
-4107
-6129
-7354
-8637
-10443
-12577
-14435
-15615
-15501
-13688
-10997
-8354
-5845
-3454
-1097
1592
4839
8464
11798
14657
17357
19599
21357
23285
25079
25955
25757
23827
19482
13089
5932
-530
-5511
-8587
-10280
-12691
-17274
-23104
-28565
-32090
-32192
-29135
-24620
-20649
-18372
-17121
-15379
-11875
-6164
626
6848
11747
14993
16807
17998
19062
20081
20760
20745
20154
18948
16615
12851
7684
1892
-3282
-7253
-9796
-11224
-12791
-15207
-18268
-21417
-23348
-22813
-20291
-17245
-14391
-11827
-9882
-8245
-5435
-1146
3354
7394
10812
13015
14202
15209
16087
16527
16689
16774
16284
14951
13222
10994
7833
4180
938
-1712
-3952
-5759
-7447
-9694
-12233
-13999
-14734
-14669
-13401
-11144
-9186
-7613
-5374
-2538
299
3660
7566
10744
13126
15664
18076
20093
22557
25147
26353
25676
22967
17696
10791
4559
-84
-3334
-5243
-7292
-11814
-18443
-24834
-29457
-31039
-29008
-25139
-21925
-20324
-19914
-19452
-17120
-11949
-5213
1326
6825
10620
12768
14378
16010
17601
19279
20527
20773
20176
18618
15589
11238
6353
1587
-2265
-4820
-6843
-9223
-11800
-14740
-18352
-20907
-21061
-19966
-18361
-15974
-13852
-12538
-10756
-7981
-4826
-1059
3352
6902
9052
11031
12840
13691
14420
15611
16193
15934
15494
14450
12382
9962
7555
4840
2058
-176
-2186
-4545
-6960
-9037
-10832
-12215
-12713
-12304
-11448
-10421
-9060
-7324
-5291
-2629
650
3991
7064
9879
12454
14760
17026
19590
22092
23858
24569
23604
20381
15296
9451
4171
164
-2688
-4780
-7548
-12483
-18715
-24257
-27817
-28518
-26440
-23278
-21026
-20293
-20009
-18884
-15929
-10556
-4076
1377
5486
8521
10467
12210
14404
16638
18335
19035
18868
18079
16285
13523
10114
6113
2120
-1034
-3411
-5700
-8440
-11239
-14010
-16973
-18685
-18154
-17047
-16218
-14863
-13468
-12366
-10389
-7242
-3998
-963
2243
4931
6688
8776
11316
12775
13460
14369
14729
14181
13739
13342
12044
10028
7967
5677
3114
946
-826
-2980
-5415
-7368
-8932
-10267
-10886
-10678
-10208
-9636
-8668
-7125
-5091
-2684
54
2822
5347
7761
10317
12997
15677
18355
20752
22410
22896
21923
19251
14722
9491
5057
1499
-1285
-3227
-5967
-11036
-17086
-22096
-25180
-25762
-23812
-21067
-19704
-19669
-19555
-18473
-15421
-9985
-4049
514
3840
6197
7861
9815
12376
14923
16664
17249
17005
16131
14568
12306
9387
6123
2952
225
-2077
-4464
-7270
-9990
-12516
-14914
-16095
-15703
-15273
-15277
-14710
-13629
-12372
-10258
-7122
-4186
-1757
792
3057
4861
7179
9756
11231
11957
12903
13494
13358
13311
13268
12163
10201
8244
6098
3771
1881
176
-1871
-4062
-5985
-7632
-9029
-9851
-10003
-9839
-9471
-8578
-7082
-5128
-2886
-510
1918
4172
6274
8707
11416
14001
16623
19095
20666
21222
20737
18699
14905
10176
5913
2311
-746
-2851
-5135
-9397
-14901
-19680
-22946
-24052
-22727
-20294
-18803
-18822
-19015
-18150
-15539
-10645
-4689
46
3212
5401
6865
8508
10972
13671
15697
16483
16312
15608
14169
12119
9776
6976
3922
1127
-1363
-3840
-6694
-9378
-11429
-13421
-14788
-14617
-14254
-14677
-14503
-13345
-12006
-10155
-7218
-4213
-2174
-263
2047
3800
5489
8062
9998
10649
11477
12408
12370
12021
12045
11480
9793
7996
6457
4377
2235
724
-1013
-3190
-4897
-6206
-7647
-8735
-8985
-8846
-8673
-7975
-6558
-5021
-3307
-1088
1178
3361
5740
8115
10434
12730
14884
16897
18718
20015
20469
19690
17264
13072
8101
3969
686
-1988
-3827
-6356
-11056
-16427
-20545
-23000
-23250
-21344
-19161
-18474
-18729
-18394
-16871
-13458
-7986
-2572
1197
3855
5637
6933
8980
11653
13951
15446
15948
15591
14553
12899
10818
8478
5903
3176
515
-1869
-4449
-7548
-9949
-11496
-13091
-13864
-13534
-13858
-14578
-14022
-12767
-11405
-9082
-6095
-4010
-2558
-415
1846
3682
6107
8522
9511
10139
11116
11597
11870
12365
12144
10845
9187
7436
5577
3821
2283
598
-1519
-3691
-5645
-7313
-8541
-9391
-9730
-9636
-9611
-9202
-7866
-6324
-4516
-1799
940
3173
5630
8123
10127
12283
14880
17065
18724
20408
21281
20373
18300
14976
10034
5407
2222
-672
-3167
-5270
-9064
-14540
-19143
-21748
-22703
-21812
-19678
-18501
-18859
-18904
-17555
-14695
-9876
-4371
-243
2393
4220
5835
8036
10843
13568
15540
16080
15529
14677
13600
12158
10489
8437
5595
2378
-565
-3460
-6596
-8782
-9911
-11404
-12680
-13047
-13878
-15141
-15056
-13795
-12225
-10023
-7364
-5359
-3913
-1852
633
2954
5547
8049
9502
10400
11396
12241
12927
13317
13040
12104
10628
8853
7122
5315
3248
1086
-1160
-3441
-5492
-7052
-8331
-9642
-10506
-10727
-10852
-10492
-9157
-7553
-5838
-3526
-972
1406
3834
6318
8630
10880
13240
15570
17685
19626
20811
20685
19363
16433
11942
7626
4306
1362
-882
-2872
-6460
-11678
-16570
-19926
-21632
-21454
-19963
-19112
-19643
-19972
-19027
-16592
-12227
-7137
-3184
-570
1368
3235
5611
8601
11635
13752
14449
14494
14431
13941
13213
12196
10308
7568
4519
1684
-1070
-3750
-5705
-7160
-8935
-10463
-11540
-13103
-14561
-14758
-13999
-12749
-10877
-8847
-7432
-6299
-4398
-1832
779
3720
6448
7956
8919
10119
11276
12344
13359
13699
13031
11757
10306
8630
6762
4981
3043
688
-1690
-3795
-5803
-7721
-9329
-10478
-11183
-11519
-11299
-10400
-9164
-7587
-5374
-2820
-367
2075
4580
6865
9186
11974
14778
17086
19197
20816
21264
20828
19584
16561
12039
7876
4305
847
-1512
-3163
-6600
-11686
-16091
-19369
-21495
-21360
-19664
-18791
-18972
-18763
-17788
-15814
-12041
-7459
-3972
-1433
935
2976
5145
7908
10455
12137
13050
13508
13684
13479
12693
11369
9451
6948
4388
2157
1
-2454
-4669
-6258
-8121
-10116
-11268
-12295
-13707
-14039
-13123
-12279
-11180
-9337
-7792
-6619
-4448
-1545
793
3011
5626
7353
8246
9878
11718
12648
13284
13828
13271
11915
10650
9145
7066
5006
3182
994
-1412
-3492
-5596
-7987
-9918
-11072
-11667
-11733
-11315
-10518
-9530
-8320
-6470
-3899
-1255
1269
3931
6513
8870
11430
14236
16542
18162
19551
20410
20186
19086
16840
12798
8240
4552
1429
-1022
-2756
-5430
-9983
-14813
-18397
-20490
-20810
-19497
-18173
-18214
-18604
-18053
-16363
-13121
-8741
-4823
-2012
75
1946
4186
6843
9510
11678
12871
13315
13545
13442
12826
11806
10251
8014
5462
3198
1127
-1386
-3720
-5340
-7284
-9395
-10684
-11815
-13156
-13527
-12910
-12214
-11156
-9585
-8268
-7056
-4872
-2234
-123
2226
4723
6254
7552
9563
11316
12374
13282
13514
12663
11531
10492
9074
7334
5740
3824
1370
-933
-2991
-5142
-7090
-8574
-9741
-10461
-10682
-10506
-9938
-9014
-7695
-5780
-3420
-1026
1324
3763
6072
8243
10784
13368
15257
16798
18176
18902
19123
18927
17260
13634
9371
5603
2212
-355
-1682
-3656
-7751
-12487
-16332
-19075
-20058
-19133
-17851
-17691
-18277
-18295
-17231
-14740
-10762
-6649
-3637
-1451
491
2513
4970
7687
10067
11646
12397
12768
12906
12596
11872
10632
8731
6569
4530
2518
190
-2274
-4308
-6097
-8063
-9670
-10807
-12085
-13181
-13304
-12514
-11370
-10091
-8780
-7523
-6137
-4183
-1728
775
3151
5230
6876
8306
9755
11186
12243
12607
12363
11683
10530
9063
7547
5896
3986
1874
-301
-2414
-4396
-6163
-7754
-9137
-10031
-10381
-10379
-9934
-8948
-7693
-6132
-4010
-1579
864
3209
5381
7372
9389
11595
13692
15489
17031
18060
18467
18498
17653
15138
11543
7949
4519
1556
-309
-1812
-4706
-8949
-13001
-16218
-18358
-18689
-17749
-17289
-17702
-18042
-17740
-16313
-13263
-9274
-5760
-3197
-1151
719
2712
5185
7962
10282
11716
12496
12851
12752
12321
11692
10640
8905
6864
4822
2409
-230
-2342
-3902
-5627
-7425
-8935
-10555
-12283
-13213
-12915
-11957
-10828
-9594
-8453
-7605
-6334
-4211
-1821
526
2917
4964
6271
7355
8750
10042
10707
11218
11469
10782
9407
8020
6502
4728
3169
1730
-88
-2169
-4063
-5868
-7542
-8586
-8936
-9149
-9284
-8923
-8127
-7077
-5578
-3506
-1185
897
2714
4649
6659
8508
10426
12530
14176
15199
16256
17271
17684
17559
16655
14013
10050
6431
3369
595
-1076
-2322
-5276
-9634
-13470
-16578
-18887
-19156
-17911
-17408
-17858
-17913
-17422
-16231
-13241
-9017
-5519
-3051
-878
941
2690
5169
8069
10360
11799
12662
12959
12769
12367
11777
10681
8962
6827
4562
2222
-111
-1954
-3311
-4985
-7054
-8814
-10503
-12280
-12939
-12161
-11356
-10836
-9775
-8613
-7843
-6284
-3675
-1508
72
1945
3527
4392
5762
7664
8825
9424
10074
10112
9244
8336
7587
6356
4820
3516
2092
129
-1834
-3440
-5024
-6528
-7543
-8019
-8423
-8795
-8591
-7838
-7108
-6065
-4207
-2124
-230
1886
4134
5984
7587
9500
11611
13285
14752
16335
17359
17626
17782
17563
15879
12677
9195
6074
2961
519
-698
-2606
-6549
-10955
-14609
-17530
-18785
-18023
-17010
-17219
-17980
-18198
-17598
-15382
-11306
-7247
-4523
-2485
-792
706
2984
6072
8949
10920
12063
12747
12953
12686
12389
11971
10766
8890
6910
4841
2291
-238
-1852
-3205
-5245
-7302
-8947
-10889
-12564
-12768
-12064
-11490
-10879
-10044
-9308
-8285
-6319
-3965
-2082
-415
1180
2380
3664
5602
7634
9049
9829
10172
10032
9452
8814
8200
7260
5846
4168
2345
338
-1711
-3467
-4960
-6361
-7467
-8217
-8923
-9577
-9716
-9196
-8345
-7089
-5201
-3239
-1532
445
2767
4916
6977
9246
11373
12996
14376
15792
16959
17756
18377
18612
17860
15534
11805
7850
4519
1774
-85
-1234
-3566
-7994
-12842
-16526
-18789
-19317
-18220
-17297
-17994
-19255
-19520
-18314
-15257
-10772
-6757
-4228
-2524
-900
1154
4152
7825
10902
12582
13286
13638
13682
13625
13728
13322
11678
9171
6571
4002
1429
-567
-1928
-3653
-6066
-8563
-10850
-12861
-14017
-13913
-13157
-12490
-11907
-11292
-10516
-9147
-6942
-4328
-1958
47
1836
3331
4778
6760
8932
10401
11183
11524
11217
10400
9619
8866
7684
6134
4468
2451
124
-1889
-3747
-5656
-7103
-8076
-9016
-9901
-10396
-10476
-10111
-9129
-7540
-5600
-3634
-1706
348
2733
5323
7877
10379
12657
14376
15714
16960
18064
19060
19735
19807
19237
17704
14632
10593
6879
3606
602
-1436
-3138
-6495
-11263
-15552
-18940
-21236
-21353
-20064
-19668
-20332
-20637
-20115
-18355
-14518
-9653
-5874
-3366
-1230
842
3427
7128
10985
13540
14663
15064
15044
14799
14750
14726
13681
11231
8228
5321
2458
-302
-2375
-3948
-6087
-8877
-11337
-13350
-15124
-15887
-15325
-14415
-13759
-12979
-11886
-10644
-8750
-5829
-2912
-683
1434
3525
5168
6970
9372
11373
12232
12545
12645
12065
11071
10392
9510
7757
5699
3718
1351
-1262
-3383
-5180
-7068
-8653
-9643
-10458
-11347
-11783
-11493
-10838
-9708
-7879
-5746
-3754
-1800
420
3044
5861
8682
11509
13907
15478
16641
17797
18672
19227
19791
20016
19276
17789
15735
12454
8261
4452
1154
-2068
-4741
-7097
-10422
-14598
-18241
-20822
-22314
-22306
-21395
-20890
-20756
-20076
-18576
-15975
-11953
-7588
-4176
-1563
958
3577
6448
9753
12827
14837
15732
16001
15997
15800
15181
13919
12020
9465
6455
3534
826
-1855
-4243
-6353
-8485
-10644
-12588
-14380
-15771
-16135
-15608
-14768
-13661
-12296
-11085
-9547
-6971
-4011
-1366
1213
3528
5130
6762
8982
11057
12428
13327
13558
12862
11951
11252
10317
9027
7526
5526
3002
470
-1911
-4129
-6031
-7577
-8868
-10017
-11019
-11708
-11849
-11422
-10476
-8908
-6956
-5028
-3057
-717
1902
4643
7570
10428
12744
14505
16067
17393
18425
19276
19867
19956
19455
18480
17054
14761
11261
7171
3145
-649
-3861
-6214
-8486
-11718
-15637
-19202
-21821
-23157
-22869
-21725
-21012
-20766
-20180
-18704
-15955
-11862
-7317
-3537
-785
1519
3937
6695
9893
13042
15130
15911
15975
15692
15140
14456
13581
11876
9084
5892
2874
-96
-2792
-4732
-6463
-8592
-10934
-13022
-14866
-16172
-16304
-15422
-14363
-13452
-12317
-11028
-9476
-6952
-3571
-475
1821
3799
5478
6840
8692
11119
13000
13758
13816
13240
12052
11005
10355
9359
7660
5535
3013
129
-2483
-4438
-6054
-7563
-8838
-9911
-10927
-11606
-11538
-10806
-9735
-8275
-6436
-4569
-2661
-247
2598
5428
8174
10763
12796
14278
15725
17211
18451
19271
19496
19097
18238
17122
15831
14117
11449
7533
3134
-873
-4284
-6851
-8627
-10761
-14093
-17754
-20766
-22755
-23177
-22052
-20691
-19886
-19151
-18034
-16137
-12836
-8422
-4328
-1156
1434
3604
5685
8388
11520
13997
15316
15644
15246
14426
13583
12788
11550
9425
6596
3500
460
-2254
-4305
-5817
-7410
-9373
-11444
-13299
-14698
-15133
-14454
-13147
-11902
-11016
-10236
-9036
-7029
-4172
-863
2007
3905
5089
6078
7351
9290
11470
12889
13168
12550
11309
9934
9047
8462
7422
5714
3538
900
-1732
-3641
-5017
-6268
-7297
-8235
-9317
-10152
-10312
-9814
-8805
-7370
-5776
-4207
-2600
-888
1118
3505
6064
8467
10574
12238
13387
14357
15320
16069
16542
16633
16022
14855
13578
12288
10841
9251
7095
3795
-144
-3803
-6948
-9375
-10772
-11968
-14075
-16842
-19237
-20713
-20937
-19622
-17546
-16029
-15282
-14422
-12853
-10219
-6357
-2194
1040
3058
4498
6087
8062
10422
12620
13721
13449
12453
11369
10452
9650
8645
7003
4418
1358
-1378
-3676
-5649
-6969
-7840
-9075
-10608
-11720
-12431
-12857
-12356
-10871
-9413
-8382
-7200
-5938
-4667
-2636
83
2452
4151
5472
6373
6994
7940
9330
10425
10734
10372
9529
8365
7221
6373
5649
4513
2822
1038
-699
-2390
-3578
-4197
-4961
-5935
-6594
-7035
-7357
-7001
-5925
-4853
-3906
-2807
-1694
-623
772
2628
4638
6452
7964
9208
10143
10762
11427
12276
12793
12811
12634
12047
10841
9723
9025
8060
6789
5566
3561
319
-2960
-5616
-7952
-9525
-10044
-10811
-12751
-14960
-16699
-17751
-17425
-15658
-13757
-12709
-12149
-11524
-10293
-7786
-4190
-654
1873
3336
4307
5412
6995
8990
10729
11451
10975
9939
8987
8175
7539
6851
5507
3238
678
-1546
-3408
-4742
-5448
-6017
-7053
-8422
-9569
-10376
-10674
-10127
-9001
-7980
-7269
-6562
-5678
-4406
-2481
-80
2056
3608
4739
5515
6221
7280
8688
9833
10323
10217
9615
8709
7848
7222
6538
5519
4098
2401
589
-1130
-2513
-3637
-4690
-5614
-6342
-6985
-7434
-7389
-6963
-6364
-5538
-4533
-3504
-2382
-1001
557
2232
3941
5435
6741
7994
9129
10184
11233
11998
12219
12150
11847
11089
10231
9640
8900
7731
6429
4640
1745
-1521
-4319
-6711
-8492
-9401
-10318
-12160
-14503
-16596
-17972
-18075
-16739
-14947
-13722
-13016
-12360
-11133
-8665
-5042
-1289
1674
3576
4703
5849
7555
9719
11719
12821
12721
11754
10640
9817
9206
8460
7102
4776
1892
-815
-3052
-4680
-5682
-6572
-7818
-9338
-10700
-11595
-11802
-11239
-10137
-8919
-7874
-6872
-5627
-3839
-1574
830
3075
4788
5939
6867
7935
9210
10518
11445
11656
11196
10390
9435
8462
7544
6417
4786
2788
736
-1270
-3015
-4395
-5613
-6827
-7936
-8810
-9445
-9675
-9390
-8740
-7904
-6820
-5548
-4196
-2655
-927
930
2832
4703
6420
7919
9217
10327
11278
12040
12602
12895
12803
12336
11539
10445
9103
7700
6384
5056
3653
2230
323
-2417
-5341
-7967
-10146
-11393
-11680
-12020
-13062
-14455
-15710
-16222
-15344
-13159
-10837
-9257
-8230
-7425
-6166
-3614
-98
3173
5426
6456
6678
7048
8117
9592
10768
10908
9776
7945
6353
5359
4675
3979
2647
325
-2316
-4425
-5939
-6817
-6990
-7197
-7855
-8631
-9094
-9133
-8527
-7144
-5546
-4218
-3169
-2216
-1194
299
2306
4399
6116
7077
7443
7602
7823
8228
8759
8957
8377
7185
5821
4451
3232
2405
1557
247
-1267
-2698
-4123
-5273
-5836
-6145
-6573
-6932
-7019
-7044
-6905
-6283
-5371
-4476
-3423
-2173
-993
141
1370
2659
3854
4947
6066
7063
7716
8162
8620
8932
8981
8966
8860
8443
7704
6995
6291
5327
4298
3466
2608
1707
1043
359
-909
-2803
-4636
-6240
-7532
-7956
-7767
-7989
-8851
-9807
-10618
-10922
-10135
-8474
-7002
-6232
-5706
-5145
-4271
-2457
44
2147
3359
3888
4067
4349
5102
6188
6925
6816
6058
5075
4169
3613
3340
2895
1898
404
-1153
-2482
-3507
-4035
-4101
-4216
-4606
-5134
-5680
-6118
-6038
-5230
-4054
-3021
-2302
-1836
-1498
-792
513
2055
3314
4002
4197
4202
4386
4973
5744
6120
5822
5019
4011
3125
2570
2314
1888
1012
-126
-1338
-2489
-3319
-3750
-4181
-4805
-5410
-5908
-6330
-6390
-5943
-5349
-4793
-4125
-3390
-2696
-1712
-349
1045
2369
3622
4659
5466
6371
7392
8250
8911
9339
9380
9119
8898
8700
8339
7804
7002
5846
4562
3366
2347
1562
897
137
-1036
-2848
-4949
-6812
-8114
-8581
-8273
-7837
-8109
-9112
-10128
-10517
-9948
-8229
-6071
-4704
-4292
-4089
-3503
-2042
419
2932
4398
4648
4372
4240
4676
5809
6861
6890
5831
4322
3003
2283
2135
2037
1334
-209
-2058
-3591
-4551
-4883
-4654
-4475
-4874
-5601
-6135
-6319
-6042
-4992
-3579
-2559
-1961
-1399
-782
97
1580
3342
4671
5354
5637
5654
5677
6069
6701
6909
6436
5538
4359
3107
2132
1464
673
-509
-1873
-3171
-4399
-5363
-5855
-6193
-6605
-6958
-7105
-7151
-6989
-6328
-5349
-4310
-3137
-1855
-699
379
1646
3090
4465
5707
6799
7602
8081
8468
8885
9141
9154
8907
8397
7675
6837
6003
5165
4222
3223
2293
1374
385
-541
-1289
-1944
-2438
-2566
-2737
-3563
-4778
-5829
-6618
-6791
-5899
-4762
-4554
-5169
-5891
-6321
-5992
-4390
-2383
-1437
-1462
-1731
-1888
-1271
450
2296
3002
2578
1747
1055
978
1748
2661
2655
1730
515
-452
-814
-552
-127
-211
-1077
-2209
-3061
-3471
-3345
-2668
-2016
-1951
-2266
-2547
-2671
-2434
-1514
-300
525
840
956
1031
1318
2226
3404
4166
4246
3871
3316
2861
2860
3252
3353
2758
1796
725
-305
-997
-1246
-1479
-2138
-2942
-3570
-4084
-4410
-4304
-4076
-4097
-4061
-3758
-3409
-2989
-2319
-1569
-934
-233
665
1459
2099
2793
3483
4095
4759
5404
5829
6004
6014
5932
5822
5699
5481
5128
4631
4032
3394
2818
2339
1839
1376
1037
640
144
-329
-732
-977
-972
-729
-597
-1103
-2203
-3388
-4164
-4279
-3624
-2736
-2661
-3603
-4858
-5707
-5684
-4590
-3057
-2331
-2713
-3404
-3780
-3364
-1925
-197
618
321
-343
-733
-433
689
1986
2483
2028
1253
708
755
1420
2168
2333
1739
760
-84
-468
-395
-23
283
102
-609
-1355
-1836
-2050
-1763
-1080
-587
-637
-905
-1103
-1119
-630
367
1246
1513
1444
1297
1175
1420
2105
2670
2692
2374
1983
1530
1276
1333
1303
855
150
-567
-1275
-1809
-1976
-1991
-2232
-2608
-2894
-3140
-3237
-2997
-2502
-2067
-1738
-1359
-941
-470
226
1114
1877
2440
2890
3266
3592
3951
4419
4804
4948
4905
4794
4626
4379
4161
3866
3445
2918
2411
2023
1583
1133
739
214
-489
-1008
-1219
-1356
-1398
-1355
-1636
-2508
-3429
-3907
-4097
-3820
-3033
-2700
-3293
-4107
-4610
-4717
-4091
-2743
-1775
-1869
-2350
-2576
-2425
-1563
-49
991
961
513
269
393
1063
2148
2715
2297
1501
965
775
955
1417
1549
973
26
-722
-1164
-1389
-1323
-1084
-1097
-1432
-1764
-1995
-2116
-1898
-1244
-536
-207
-160
-125
-93
214
1067
2042
2494
2477
2354
2144
2054
2399
2887
2804
2231
1662
1022
378
134
78
-357
-1093
-1731
-2401
-3134
-3526
-3592
-3704
-3786
-3579
-3375
-3318
-3074
-2545
-1936
-1230
-401
306
745
1108
1688
2430
3173
3811
4174
4107
3843
3727
3779
3873
3812
3514
2942
2221
1665
1403
1219
924
522
48
-428
-757
-753
-569
-463
-358
-193
-78
10
271
643
913
1228
1673
1799
1370
839
364
-149
-334
-53
-57
-810
-1789
-2706
-3498
-3684
-3195
-2882
-3260
-3854
-4321
-4558
-4086
-2971
-2112
-1900
-1948
-1927
-1576
-652
648
1653
1962
1900
1905
2189
2845
3651
4116
3969
3337
2666
2269
2043
1867
1718
1254
426
-373
-1030
-1662
-2161
-2381
-2581
-2955
-3214
-3242
-3299
-3165
-2618
-2026
-1647
-1285
-861
-499
-40
700
1472
1935
2168
2323
2361
2365
2523
2705
2604
2199
1692
1122
543
176
-10
-286
-786
-1322
-1847
-2375
-2684
-2682
-2595
-2591
-2468
-2293
-2153
-1908
-1387
-810
-343
202
748
1173
1514
1947
2393
2742
3029
3270
3320
3176
3031
2861
2606
2394
2214
1952
1598
1250
937
584
275
89
-51
-196
-257
-283
-351
-406
-387
-274
-124
43
265
444
565
732
956
1012
810
524
209
-115
-177
5
-80
-570
-1241
-1977
-2573
-2661
-2323
-2144
-2329
-2702
-3104
-3344
-3007
-2198
-1583
-1352
-1320
-1406
-1362
-860
-62
553
709
644
474
373
612
1088
1385
1294
977
547
159
-20
49
106
-43
-311
-653
-1030
-1311
-1333
-1212
-1158
-1179
-1245
-1330
-1325
-1097
-663
-258
26
233
351
456
722
1161
1524
1699
1737
1704
1600
1588
1727
1800
1641
1330
1035
680
413
303
164
-79
-390
-652
-874
-1047
-1092
-1083
-1119
-1116
-1023
-945
-907
-824
-699
-537
-284
1
251
423
544
651
832
1076
1280
1412
1485
1455
1365
1343
1350
1282
1194
1127
932
702
566
379
109
-82
-168
-289
-382
-392
-490
-624
-613
-459
-285
-74
133
225
276
464
789
1123
1414
1592
1650
1662
1741
1881
1997
1982
1783
1480
1201
955
793
646
257
-361
-1095
-1842
-2441
-2711
-2766
-2899
-3229
-3708
-4245
-4561
-4419
-3953
-3462
-3122
-2970
-2955
-2764
-2165
-1345
-550
50
380
509
707
1128
1652
2107
2392
2470
2382
2270
2234
2184
2067
1848
1517
1157
763
412
128
-165
-502
-820
-1118
-1437
-1686
-1773
-1772
-1763
-1700
-1612
-1556
-1394
-1002
-549
-124
265
559
754
988
1383
1802
2071
2259
2357
2287
2185
2201
2191
2047
1792
1472
1089
683
350
79
-220
-550
-855
-1187
-1471
-1639
-1712
-1750
-1785
-1805
-1806
-1781
-1589
-1231
-845
-505
-221
13
207
474
861
1254
1515
1646
1699
1664
1669
1755
1810
1702
1418
1076
711
406
216
91
-160
-548
-939
-1294
-1578
-1709
-1678
-1641
-1693
-1727
-1696
-1671
-1494
-1121
-738
-436
-118
224
479
825
1289
1725
2033
2305
2550
2627
2667
2773
2820
2719
2630
2450
2087
1699
1343
1008
681
382
-35
-657
-1318
-1919
-2351
-2570
-2712
-2919
-3227
-3556
-3802
-3779
-3433
-3051
-2752
-2487
-2276
-2008
-1460
-683
0
496
858
1056
1239
1640
2120
2411
2521
2457
2195
1902
1784
1770
1641
1372
997
475
-115
-532
-792
-1002
-1189
-1404
-1697
-2040
-2220
-2223
-2126
-1948
-1746
-1601
-1508
-1311
-959
-549
-102
319
623
795
947
1168
1439
1695
1872
1908
1803
1635
1469
1334
1223
1050
754
374
-45
-418
-712
-928
-1080
-1251
-1484
-1756
-1971
-2078
-2024
-1789
-1517
-1280
-1121
-1001
-841
-512
-5
537
972
1260
1400
1483
1703
2059
2417
2610
2571
2376
2102
1941
1893
1824
1619
1242
794
393
155
70
6
-172
-461
-767
-963
-993
-846
-633
-458
-361
-293
-165
60
373
738
1052
1267
1433
1558
1695
1896
2115
2221
2204
2045
1779
1505
1266
1038
729
303
-280
-935
-1506
-1962
-2306
-2597
-2906
-3297
-3677
-3933
-4024
-3929
-3738
-3524
-3329
-3091
-2746
-2337
-1820
-1283
-796
-360
34
395
806
1234
1575
1807
1922
1920
1832
1792
1771
1667
1483
1214
818
409
114
-102
-303
-544
-826
-1170
-1448
-1548
-1553
-1490
-1405
-1355
-1362
-1312
-1135
-917
-654
-341
-74
142
358
597
830
1061
1305
1491
1585
1611
1617
1604
1606
1614
1539
1388
1144
863
607
397
198
6
-194
-393
-509
-538
-538
-542
-577
-613
-620
-512
-284
-58
105
220
303
397
591
816
1024
1137
1189
1208
1254
1341
1431
1488
1460
1396
1307
1214
1136
1047
926
751
578
453
352
257
193
112
-9
-102
-214
-318
-353
-389
-435
-467
-473
-478
-499
-483
-472
-500
-497
-485
-509
-584
-636
-695
-761
-777
-755
-798
-913
-1044
-1218
-1358
-1386
-1321
-1304
-1364
-1457
-1591
-1684
-1612
-1428
-1239
-1148
-1160
-1204
-1230
-1111
-844
-564
-356
-260
-225
-189
-72
136
367
516
576
614
631
656
748
877
926
911
872
815
733
699
732
722
641
556
452
318
261
264
243
156
45
-89
-263
-362
-339
-333
-335
-343
-404
-477
-500
-433
-342
-230
-88
0
55
102
172
293
437
576
678
717
685
647
667
732
821
881
868
775
678
671
736
846
964
979
887
787
749
795
907
1041
1080
982
849
758
739
804
902
867
720
500
277
177
202
248
166
-13
-282
-535
-637
-619
-599
-647
-789
-1041
-1244
-1304
-1257
-1197
-1143
-1150
-1258
-1315
-1264
-1161
-1045
-891
-804
-802
-760
-679
-574
-439
-282
-193
-171
-169
-166
-122
-51
37
95
42
-43
-129
-207
-196
-145
-138
-182
-269
-363
-428
-444
-407
-362
-342
-349
-338
-307
-240
-158
-96
-71
-59
-44
-4
65
138
193
229
237
231
242
250
289
311
316
297
249
196
163
171
198
202
173
92
5
-44
-54
-6
47
79
60
68
112
173
261
360
421
444
520
624
712
813
903
924
902
937
977
974
990
981
918
862
854
847
798
738
659
537
441
378
301
207
115
1
-139
-239
-300
-374
-457
-519
-597
-645
-648
-642
-647
-629
-594
-590
-510
-440
-422
-395
-369
-357
-362
-326
-313
-331
-346
-350
-382
-418
-435
-492
-579
-655
-711
-774
-798
-792
-789
-790
-790
-773
-729
-657
-578
-526
-475
-443
-388
-274
-116
22
100
136
137
159
219
322
390
428
418
385
342
342
366
349
317
263
208
140
86
41
-19
-88
-98
-67
-37
-17
-26
-22
2
73
208
340
439
531
611
694
812
960
1083
1114
1118
1113
1102
1125
1160
1146
1047
912
770
655
584
518
452
339
171
37
-55
-87
-82
-72
-126
-232
-303
-337
-323
-256
-175
-179
-235
-268
-268
-239
-179
-139
-181
-286
-361
-406
-405
-363
-358
-417
-552
-707
-821
-875
-888
-859
-886
-940
-995
-1062
-1057
-1017
-954
-884
-853
-852
-837
-788
-708
-591
-464
-392
-388
-363
-318
-242
-131
-30
15
23
41
54
102
165
212
210
167
129
83
50
62
80
77
81
66
47
35
73
141
206
272
296
309
337
401
518
633
721
748
733
717
744
824
900
956
939
882
829
815
816
799
752
664
557
486
441
393
344
263
177
128
140
177
182
184
182
168
193
270
371
424
477
501
501
525
566
613
590
526
452
392
335
318
280
159
21
-102
-230
-335
-393
-471
-611
-765
-878
-960
-995
-1003
-1037
-1123
-1219
-1281
-1288
-1249
-1164
-1092
-1096
-1110
-1076
-1008
-896
-755
-657
-627
-607
-566
-490
-374
-249
-166
-155
-173
-177
-145
-77
-30
-36
-78
-125
-150
-96
-17
43
59
26
1
5
80
184
255
290
296
292
326
387
470
531
541
519
501
500
514
543
549
539
508
477
427
384
361
342
324
303
285
226
181
169
188
219
255
280
256
225
232
275
330
411
455
453
462
472
526
586
653
673
642
596
545
536
523
494
419
299
167
73
-22
-97
-162
-285
-434
-566
-657
-682
-669
-667
-680
-737
-775
-799
-752
-665
-600
-550
-537
-541
-555
-504
-415
-340
-316
-306
-337
-371
-364
-340
-281
-257
-259
-292
-330
-330
-305
-279
-265
-269
-308
-341
-331
-265
-223
-198
-198
-233
-221
-194
-133
-73
-18
13
33
76
108
160
245
307
346
395
430
451
480
502
519
545
580
600
557
488
440
417
403
415
403
339
268
214
185
183
179
167
140
95
66
53
73
92
132
151
146
157
158
154
184
240
279
297
278
264
237
221
218
204
178
131
80
15
-35
-87
-113
-154
-229
-277
-318
-368
-404
-399
-395
-418
-446
-463
-489
-484
-423
-358
-320
-315
-314
-338
-325
-246
-161
-99
-77
-85
-134
-152
-115
-67
-42
-55
-97
-158
-185
-151
-132
-136
-155
-211
-266
-290
-248
-191
-144
-116
-109
-117
-112
-72
-8
78
128
179
215
231
282
342
418
472
522
548
543
565
581
595
607
612
588
535
504
478
414
357
326
258
188
142
81
36
-3
-8
-17
-46
-62
-93
-96
-59
-29
-14
-12
-36
-58
-55
-34
12
20
7
-15
-53
-67
-70
-59
-83
-101
-137
-169
-180
-182
-192
-209
-230
-276
-290
-293
-284
-280
-275
-275
-257
-222
-208
-177
-141
-128
-108
-95
-68
-44
-17
1
-16
-37
-46
-47
-42
-42
-62
-105
-163
-204
-202
-205
-218
-236
-281
-326
-331
-303
-270
-246
-257
-288
-305
-264
-190
-105
-52
-31
-25
6
73
150
212
237
250
260
288
342
407
449
443
409
386
385
414
433
428
396
352
321
295
291
286
255
219
160
113
94
89
83
63
50
14
-4
1
-3
4
-10
-10
-30
-46
-28
-17
0
0
-9
-31
-48
-35
-32
-44
-36
-39
-50
-62
-57
-47
-44
-44
-34
-59
-75
-78
-82
-74
-60
-52
-73
-100
-114
-152
-184
-183
-169
-166
-167
-188
-220
-202
-189
-178
-142
-133
-146
-145
-147
-132
-113
-84
-60
-67
-84
-84
-85
-71
-61
-79
-66
-68
-68
-50
-36
-28
-32
-48
-51
-47
-28
-6
10
26
21
27
28
51
96
116
140
150
129
149
191
228
264
283
275
241
236
257
263
276
276
249
214
193
180
149
123
97
79
56
38
27
-13
-18
-31
-36
-24
-14
-26
-48
-31
-27
-1
29
36
26
27
40
44
78
98
77
53
38
19
26
35
32
16
-30
-70
-100
-98
-103
-124
-152
-198
-236
-254
-239
-225
-210
-203
-228
-240
-246
-233
-187
-161
-130
-114
-117
-106
-72
-36
-18
-9
-12
-14
-16
5
29
37
31
24
0
-19
-15
-11
-26
-50
-78
-88
-84
-101
-109
-113
-127
-115
-100
-82
-65
-55
-43
-23
10
59
102
130
150
159
181
206
231
252
250
235
212
172
165
154
145
126
72
17
-21
-40
-50
-32
-55
-91
-113
-136
-125
-111
-84
-60
-61
-53
-48
-33
-16
27
50
70
80
86
100
115
140
160
167
158
150
130
115
122
133
131
115
94
58
38
38
44
41
26
3
-21
-58
-57
-51
-49
-39
-62
-79
-87
-80
-84
-72
-71
-82
-78
-75
-68
-54
-44
-53
-70
-87
-87
-70
-56
-62
-58
-70
-85
-86
-63
-54
-52
-19
-32
-35
-19
-16
-13
-7
-1
9
10
4
-9
-23
-16
-11
-6
-15
-18
-24
-48
-43
-22
-6
-8
-1
-5
-33
-22
-21
-30
-7
-7
-27
-54
-64
-58
-55
-66
-71
-82
-102
-103
-101
-93
-85
-62
-66
-57
-52
-56
-39
-5
27
39
44
53
69
95
125
138
156
151
159
164
177
198
213
228
218
191
181
191
178
180
169
137
111
74
60
44
31
29
7
-21
-52
-70
-92
-75
-56
-53
-54
-71
-78
-78
-57
-38
-17
-10
-18
-15
-24
-15
15
26
25
19
-3
-6
-6
-1
7
-3
-20
-44
-61
-56
-34
-29
-26
-52
-80
-97
-87
-41
-25
-11
-23
-35
-53
-39
0
17
28
19
7
-3
18
41
51
46
19
1
-9
1
-15
-17
-30
-56
-82
-104
-103
-110
-104
-128
-151
-165
-161
-149
-145
-125
-106
-105
-98
-78
-56
-31
-15
1
21
41
53
76
92
118
129
131
148
144
146
152
146
149
150
134
136
124
100
84
76
52
52
40
13
-3
-28
-25
-33
-23
-11
-22
-30
-37
-38
-32
-14
-4
1
5
4
23
32
35
39
18
17
15
13
16
10
-4
-9
-29
-37
-27
-51
-50
-69
-81
-71
-72
-60
-65
-59
-60
-55
-38
-37
-31
-19
-3
-4
14
3
9
-3
5
0
-6
5
-19
-6
-39
-51
-63
-71
-63
-78
-82
-92
-89
-80
-80
-71
-65
-48
-43
-34
-14
0
26
30
52
68
80
93
93
97
119
130
114
113
110
98
101
96
87
76
50
39
23
13
9
7
-9
-26
-19
-18
-23
-17
-6
-8
-1
5
12
23
37
46
45
43
38
37
39
39
28
34
21
-2
-5
-1
-9
-31
-39
-52
-73
-66
-56
-56
-51
-68
-78
-74
-71
-60
-49
-47
-36
-31
-31
-21
-2
17
13
12
3
6
12
10
18
5
-2
-8
-26
-25
-31
-36
-32
-53
-66
-70
-81
-64
-53
-43
-38
-51
-50
-47
-25
-11
4
-1
8
32
46
58
58
70
74
81
92
92
94
99
81
80
70
73
73
51
43
21
11
0
-17
-20
-9
-25
-26
-24
-30
-36
-28
-22
-19
-9
-5
13
14
19
18
25
24
27
28
27
26
3
8
-6
-5
-6
-10
-22
-36
-51
-79
-86
-75
-60
-66
-62
-68
-73
-74
-71
-58
-41
-24
-32
-22
-3
4
10
26
43
36
16
19
11
8
13
10
-10
-28
-39
-58
-58
-64
-75
-104
-120
-132
-121
-108
-92
-74
-89
-88
-87
-66
-38
-17
17
34
34
50
82
101
123
131
146
160
160
168
178
177
177
168
161
150
135
127
121
105
87
77
50
38
28
31
22
7
1
-13
-22
-19
-13
-11
-12
-25
-30
-34
-35
-14
-17
-19
-26
-26
-14
-17
-22
-22
-11
-16
-25
-20
-15
-16
-10
-31
-43
-30
-40
-34
-22
-26
-41
-40
-45
-47
-31
-31
-21
-20
-29
-24
-28
-27
-25
-20
-4
-10
-20
-24
-20
-20
-13
-15
-14
-26
-34
-39
-48
-40
-36
-51
-54
-61
-66
-68
-70
-69
-72
-73
-79
-66
-58
-60
-42
-31
-27
-33
-29
-17
2
20
36
41
47
57
64
71
81
85
91
107
93
97
101
99
97
95
99
92
69
78
72
59
69
62
63
49
39
25
24
22
18
37
28
19
2
-7
-13
-5
-4
6
8
-10
-8
-20
-15
-13
-7
-15
-27
-26
-28
-17
-15
-13
-29
-38
-41
-38
-34
-26
-17
-30
-44
-63
-52
-43
-32
-31
-37
-53
-54
-61
-47
-31
-27
-26
-44
-43
-40
-24
-17
-8
-5
-5
0
-3
-10
2
2
14
9
5
10
2
20
11
-8
-9
-15
-24
-14
-9
-13
-14
-20
-34
-30
-17
-11
-13
-10
-1
0
15
20
30
44
47
59
55
72
83
78
92
95
108
115
108
100
98
96
86
81
79
69
53
49
38
22
15
3
-11
-21
-39
-35
-32
-29
-32
-41
-43
-39
-37
-31
-23
-28
-17
-18
-17
2
3
12
15
7
6
10
9
1
1
4
-2
-13
-25
-30
-38
-40
-44
-60
-74
-80
-76
-79
-72
-76
-70
-63
-66
-60
-47
-48
-48
-33
-31
-12
-11
0
0
4
3
2
10
7
2
0
2
-8
-4
-3
-6
-13
-28
-31
-27
-25
-30
-27
-21
-18
-13
-19
-8
6
16
23
28
28
39
54
53
67
66
67
76
64
69
69
54
45
41
38
35
34
11
0
-3
-12
-15
-25
-21
-26
-27
-27
-24
-28
-32
-16
-17
1
-11
1
18
9
13
20
26
43
50
36
43
51
40
40
34
35
43
26
15
14
13
1
2
-8
-26
-34
-30
-20
-19
-25
-35
-34
-32
-36
-33
-22
-32
-20
-16
-18
-17
-20
-19
-2
-13
-8
6
3
3
-6
-4
-4
8
13
-3
0
4
-8
-10
-8
-8
-2
1
-6
-1
0
-4
9
13
17
20
23
23
25
36
33
32
37
41
38
42
28
24
33
25
15
15
3
-7
5
-8
-20
-24
-38
-48
-47
-58
-60
-61
-67
-59
-71
-67
-74
-55
-53
-53
-51
-54
-49
-34
-15
-2
-3
7
-7
-3
15
8
24
33
33
29
24
24
25
25
30
18
18
9
-3
11
7
15
-2
-10
-11
-16
-15
-11
-1
-8
-5
-8
-10
9
6
12
29
14
18
22
30
41
58
48
36
41
34
40
46
38
30
39
24
28
17
8
17
4
11
-2
-9
4
-7
-8
-14
-12
-8
-10
-1
3
-6
-4
2
2
7
5
2
8
5
6
12
10
-2
-13
-12
-9
-26
-37
-31
-36
-36
-52
-52
-55
-53
-60
-61
-61
-66
-57
-56
-47
-40
-34
-29
-33
-25
-14
-3
4
2
6
10
18
20
33
32
20
19
20
12
16
7
9
12
-7
-1
-14
-18
-16
-14
-17
-18
-22
-20
-6
-14
-2
-2
-5
8
17
19
23
27
39
48
48
45
48
46
46
49
51
53
42
34
39
29
24
23
4
1
4
3
-4
-10
-17
-17
-15
-24
-20
-14
-19
-19
-18
-7
-7
-7
5
-6
10
15
8
17
14
11
25
20
13
21
13
8
9
-1
-5
1
-8
-10
-17
-25
-22
-18
-33
-22
-19
-28
-25
-29
-19
-17
-11
-6
-10
-8
-3
7
20
10
10
30
21
11
25
29
26
25
13
20
15
13
4
0
-4
-13
-18
-9
-14
-22
-21
-36
-28
-21
-24
-22
-22
-19
-14
-18
-6
-5
9
4
9
6
6
16
17
23
16
20
21
17
8
4
9
6
-4
-13
-21
-26
-14
-18
-39
-40
-50
-47
-44
-45
-41
-37
-38
-55
-37
-32
-33
-26
-20
-10
-18
-5
-2
2
7
7
13
13
18
13
29
33
17
24
26
21
26
21
19
28
26
25
25
18
24
29
30
19
12
21
23
29
29
31
30
22
14
18
15
15
20
18
17
8
-3
4
5
-5
0
-11
-12
-7
-17
-15
-6
-13
-1
-1
-13
-8
-7
-9
-5
6
1
2
2
10
15
11
12
-2
3
7
5
24
18
3
3
2
6
-4
-7
-2
-5
-4
-1
-15
-26
-15
-15
-7
-13
-22
-14
-30
-22
-23
-25
-20
-27
-22
-17
-29
-38
-32
-30
-18
-22
-31
-23
-26
-25
-16
-14
-14
-5
-9
-7
-9
-3
4
11
9
18
16
5
20
25
24
21
15
18
21
21
23
20
20
7
3
8
17
3
2
8
2
4
2
9
-1
4
12
15
15
5
6
20
26
23
28
29
23
20
26
24
17
30
24
29
25
10
17
4
6
-3
6
5
-6
7
-7
-7
-9
-10
-2
-14
-4
-1
1
-2
2
0
4
9
0
5
9
11
-1
9
0
-8
4
-1
-6
-4
-15
-34
-28
-27
-29
-25
-29
-33
-23
-41
-43
-41
-39
-24
-24
-16
-22
-25
-11
-11
-5
3
5
15
8
7
14
17
26
22
21
21
12
14
15
6
0
1
8
-1
-11
-5
-11
-17
-18
-28
-16
-26
-18
-4
-12
-13
-25
-13
-7
-8
5
4
16
7
1
15
20
29
27
24
24
20
29
28
21
20
19
31
20
17
11
10
15
2
8
-4
8
16
3
11
0
-3
3
2
9
6
6
0
4
4
7
3
-2
6
7
2
-8
-13
-13
-12
-12
-10
-16
-13
-21
-26
-31
-30
-38
-37
-21
-19
-20
-32
-24
-34
-21
-17
-23
-10
-13
-5
-1
-6
3
3
8
3
9
15
12
14
7
5
13
21
14
11
12
9
-3
3
-5
2
12
7
8
2
2
-6
-3
3
-2
4
14
15
10
11
10
12
17
11
22
19
23
25
12
21
20
24
23
11
18
14
8
9
7
8
10
10
7
0
-5
-2
-1
0
-6
-10
3
14
0
-5
-9
-3
9
-4
5
6
5
7
-1
4
12
11
3
7
12
-7
0
10
-6
3
-5
2
3
-7
-12
-12
-8
-15
-10
-14
-13
-8
-13
-21
-18
-24
-20
-9
-17
-18
-16
-22
-19
-16
-17
-16
-9
-5
-13
-15
-24
-9
-2
-16
-2
-1
-8
1
-4
-2
-3
-4
-1
7
11
9
6
8
7
4
10
4
12
17
5
16
8
7
16
10
7
12
11
7
0
11
1
9
14
-2
7
2
-1
2
-3
2
-5
-4
6
2
1
-9
-2
-8
-9
-7
-7
0
0
-5
-6
-4
-7
0
-6
-8
2
2
4
-1
-1
-3
10
11
3
10
3
1
12
7
8
4
7
19
8
3
-4
0
3
-2
4
-4
-2
1
-8
-13
-10
-12
-16
-2
-8
-12
-4
-15
-13
-2
-11
-1
-6
-3
6
4
4
2
12
6
6
17
9
13
16
12
10
11
7
11
14
11
-4
3
5
-6
3
-7
-4
-2
-1
-12
-8
-14
-13
-5
-6
-3
-9
-11
-12
2
6
-4
-2
-1
-4
1
1
12
5
2
-2
2
6
-3
4
-7
-1
3
-3
-4
-8
-9
-2
9
-8
-11
-5
-2
10
-7
-2
-2
4
14
1
7
13
16
14
10
0
8
20
13
15
14
11
11
2
-2
-4
3
-2
2
3
-4
-11
-17
-6
-11
-11
-7
-10
-14
-10
-9
-3
-2
-8
-6
6
8
2
4
0
8
5
4
17
19
10
12
1
8
2
-4
4
2
9
-2
3
0
-16
-14
-14
-2
-5
-18
-7
-10
-4
-10
-8
-7
-14
4
-10
-7
0
-5
4
0
-1
6
8
-6
3
4
4
4
1
0
2
10
-4
10
1
-2
4
1
2
-1
4
7
3
14
13
2
12
8
9
12
8
10
17
14
17
14
11
7
8
4
3
5
9
4
-5
-1
-5
-3
-6
-14
-9
-7
-14
-12
-20
-12
-17
-5
1
-14
-10
-7
-1
-6
-8
-7
0
2
17
9
5
7
-2
1
9
-5
-5
15
7
9
-6
-11
-5
-1
-13
-16
-5
-11
-11
-13
-23
-12
-12
-8
-14
-14
-14
-18
-8
-9
-12
-9
-3
0
2
5
-4
-12
-4
-3
-2
1
1
7
7
-1
-3
-9
-9
1
-4
-5
-5
-2
5
1
-6
-9
0
5
-2
-1
1
5
6
11
7
9
14
10
17
16
11
11
10
10
18
24
20
7
14
9
12
11
2
1
0
10
5
1
4
-3
0
-3
-12
-3
-4
-3
-10
-7
7
-2
-1
-7
-2
1
-5
0
-5
2
3
2
7
5
3
1
-1
1
2
3
-5
-2
-6
-2
4
4
-4
-9
-8
-6
-8
-13
-18
-9
-2
-3
-4
-8
-6
-10
-12
-19
-6
-2
1
-2
-6
4
0
-3
-7
-9
4
0
3
6
1
-4
-8
3
3
3
-1
-3
-5
-4
-3
-10
-3
-6
3
11
0
-9
-7
-3
-4
-5
3
5
11
9
2
7
7
-4
0
12
8
13
14
0
6
8
-2
5
2
3
8
-1
-10
-6
-8
-2
-3
-6
-9
-6
-6
-13
-10
-21
-11
-5
-4
-3
-9
-5
-2
-4
-10
-6
2
-1
-4
2
1
5
2
-12
4
4
-5
-4
-13
1
-4
0
-9
-6
-2
-14
-4
-6
-13
-7
-6
-10
-5
1
-6
-5
1
-4
-3
2
1
7
-1
1
3
3
7
5
4
17
2
-2
2
-5
15
2
6
7
-3
16
-1
-3
2
-1
14
8
3
12
6
6
11
13
6
12
19
19
20
9
6
20
11
8
20
14
24
12
-3
2
9
4
-4
5
3
-1
1
-12
-13
-5
-15
-10
-4
-3
-14
-18
-8
-15
-9
-10
-7
-1
-5
-1
-7
-7
-6
-7
-1
-1
1
6
-1
-1
-7
-9
0
-3
-1
-11
-4
0
-7
-9
-17
-8
-1
-8
-10
-18
-7
-5
-9
-10
-7
-4
-2
-4
-9
-5
-5
6
-5
-4
5
5
4
0
10
-4
7
-3
-3
15
4
5
-7
8
14
7
6
-6
5
9
9
0
2
8
10
18
8
4
7
3
2
16
12
6
11
4
11
12
-2
0
7
6
7
4
-7
-1
-7
-3
7
-6
-4
-1
-3
-6
-6
-13
-10
3
-5
0
6
-4
-3
-6
-2
-3
4
-5
7
11
5
1
-2
-1
1
11
-1
2
3
-4
5
-6
-10
2
0
2
-7
-7
-4
-14
-11
0
-9
-6
1
0
-3
-11
-2
0
-6
-2
-2
4
7
-1
2
11
-2
2
4
4
9
-6
8
7
-2
0
3
3
3
1
-7
-1
-1
-3
-2
0
-2
3
-1
-6
2
2
-7
-2
6
-5
5
1
-3
1
8
0
-3
-1
-6
1
-3
-1
-6
-8
3
-6
-4
-7
-17
-10
-2
-13
-12
-9
-1
-7
-11
-13
-4
0
-12
-2
-6
-1
-4
-1
0
-8
8
5
2
6
-2
-1
2
-1
-2
7
1
8
-3
3
3
-7
-5
-7
0
1
5
-5
-3
-3
-1
1
-8
2
4
-5
7
1
1
0
3
9
3
11
8
-5
5
8
3
4
8
6
14
8
-3
10
-2
5
-3
0
13
-2
6
6
1
5
-5
0
7
-1
0
-1
2
2
4
4
-3
-1
5
2
-5
-4
1
-8
2
3
-4
-4
-10
2
0
-9
-10
-8
-8
1
-7
-12
-3
-4
-8
-3
-10
-9
-4
0
-10
-7
5
-4
-3
0
0
-3
-7
-6
9
2
-4
-1
10
6
-5
3
3
0
2
8
3
-1
3
0
-1
4
3
3
3
2
-1
3
-1
-6
2
9
3
3
7
0
-2
3
2
7
-1
5
14
5
3
2
6
6
8
2
10
8
-2
10
6
-3
5
2
10
1
0
1
-4
1
-10
-5
1
5
-6
-10
-3
-6
-5
-11
-9
-7
-1
-10
-6
-7
-6
-10
-13
-3
-1
-13
-9
-7
-6
-2
-13
3
-12
-9
-3
-3
-1
-14
-11
-3
-1
-3
0
-11
-9
0
-1
4
-14
-6
-1
2
8
-13
0
3
4
1
-1
-5
1
6
1
0
2
2
1
2
