SAMPLES:	14175
BITSPERSAMPLE:	16
CHANNELS:	1
SAMPLERATE:	16000
NORMALIZED:	FALSE
7
5
7
8
0
-1
-1
-1
-2
12
3
5
16
8
7
6
5
-2
2
0
1
3
1
10
7
6
12
8
11
0
-6
-4
-3
17
8
3
12
11
21
17
20
28
19
10
18
14
6
14
10
-3
4
-8
-3
5
-15
-14
-7
2
-11
-9
3
0
-4
-1
1
7
7
1
-4
7
0
-4
0
7
11
-2
0
1
9
-6
-10
2
-1
8
-6
-4
2
5
7
1
8
-3
1
-3
6
-6
1
2
-5
-1
-19
-3
0
-4
8
9
-2
-4
-2
-7
-3
9
0
4
5
-5
2
2
-2
-5
-3
-9
-14
0
4
-1
-4
4
-4
-5
0
-9
-5
-17
-5
5
-8
-4
-4
3
4
2
1
7
7
7
13
6
1
9
1
5
13
-1
-2
3
8
1
-2
-5
1
9
-1
6
15
-1
7
8
11
2
6
11
7
8
-4
8
2
-3
-10
-2
-9
2
-2
-12
-3
-17
-4
-6
-11
-4
-13
-10
3
-5
-11
2
11
8
3
14
12
0
12
11
8
7
11
7
16
14
0
4
-3
-8
3
12
4
1
9
13
3
-2
-2
0
-6
-13
5
1
4
8
8
7
3
10
3
-10
-6
2
-7
-13
-5
-6
-3
-10
-17
-6
7
0
-7
-9
-10
9
5
5
21
-4
4
11
-6
5
7
9
12
0
2
8
12
18
8
9
8
10
15
8
13
10
0
17
5
-3
15
3
18
9
-4
16
2
10
2
-3
-7
-4
-2
2
-4
-12
-10
-1
4
-3
5
1
-3
-3
-3
4
2
-6
-1
3
11
5
4
12
14
9
16
22
8
18
11
11
12
5
9
14
-1
-3
-6
-1
5
0
14
3
4
8
1
1
0
-7
-5
1
8
11
4
-5
-9
5
1
-16
-11
-6
-9
-9
-4
-1
-8
-9
0
-12
-15
1
-3
-13
-10
-16
-16
-21
-24
-5
-11
-14
-21
-15
-17
-23
-18
-20
-12
-9
-8
-7
-5
4
-6
-4
6
-6
-5
1
11
7
4
4
3
-5
-3
3
-6
6
-3
11
17
0
15
2
3
-1
-3
4
-5
9
10
5
-6
-11
-4
-9
-2
-5
-4
6
-4
2
-1
-2
7
7
1
4
2
2
1
-9
0
6
-4
-4
0
-4
-10
-12
-10
-2
-10
-9
-1
-8
-8
-8
2
-2
4
0
3
8
-5
2
7
14
8
3
6
-6
0
-3
-14
-10
-14
-1
7
6
16
-9
-9
-1
-12
6
-3
-3
-11
-12
-8
-4
1
-2
2
-4
2
-8
1
-5
0
5
-9
-15
-4
-2
3
-1
-1
11
8
11
5
3
5
4
10
6
3
4
7
8
11
9
4
8
18
10
6
4
-4
6
0
16
11
3
9
4
6
0
4
-1
0
3
1
9
5
3
8
3
1
-6
-8
1
-11
-13
-5
2
-7
-8
-3
-10
-13
-5
6
3
2
1
-6
-6
-7
-2
-6
-13
-1
-2
-8
-3
-7
-6
-8
-8
1
-2
-5
2
-4
-6
-7
-3
-2
2
2
-2
1
-10
-10
-19
-6
-6
-10
-4
1
1
6
14
-4
9
8
1
-4
-6
0
-3
2
-10
-8
5
9
10
10
0
-4
8
-3
-21
0
6
2
7
10
19
-5
-9
2
8
1
-2
7
6
6
9
3
11
10
3
16
4
7
5
-2
-10
-5
9
-9
0
-4
7
0
-7
-12
-8
1
-7
-3
-11
-9
-5
-5
-9
0
3
-5
-7
-10
-4
-1
-4
-2
0
-2
-1
1
-3
3
-1
2
-18
-16
-2
-4
-8
-12
-11
-10
-7
3
11
1
-4
-3
-5
-7
-2
-12
-1
7
-6
4
-7
4
3
1
3
4
7
-1
2
-6
-4
-1
-2
-3
-1
14
0
-3
1
-1
-3
-4
9
3
1
10
10
17
14
7
15
22
17
6
7
4
10
8
17
11
13
20
6
12
19
23
32
26
9
14
20
23
12
17
7
-3
4
6
9
1
3
-7
-5
0
-4
-5
-16
-3
-1
3
4
1
5
5
13
11
4
19
15
14
9
15
29
19
21
5
5
9
-3
-3
-4
2
4
-6
-17
-18
-17
-9
-12
-28
-32
-28
-33
-38
-17
-26
-44
-32
-35
-35
-39
-47
-48
-45
-42
-45
-51
-59
-52
-55
-58
-69
-58
-41
-44
-55
-58
-41
-54
-45
-43
-38
-19
-10
-11
-12
-2
-4
6
17
7
1
29
16
20
38
39
36
27
29
33
43
21
22
25
28
24
35
41
22
28
33
24
21
36
19
-3
9
17
12
19
11
19
8
4
20
8
15
1
-2
-5
-5
7
-4
-4
5
11
12
29
36
43
39
34
46
53
67
71
58
63
66
63
69
69
64
58
62
52
52
48
40
36
32
32
22
30
24
8
6
8
3
-1
-1
2
-13
-17
-9
-11
-3
-2
0
-19
-19
-9
3
-1
-21
-17
-29
-18
-19
-24
-23
-51
-61
-72
-69
-67
-86
-83
-86
-101
-113
-115
-118
-114
-119
-121
-124
-118
-125
-127
-113
-119
-121
-123
-118
-119
-118
-116
-122
-123
-106
-115
-118
-111
-114
-101
-98
-91
-82
-81
-83
-77
-54
-52
-23
-5
1
26
24
48
63
68
86
99
129
134
156
172
174
199
224
223
240
259
270
282
281
282
284
286
297
296
283
281
279
285
280
277
266
270
266
264
253
243
234
205
194
176
170
152
131
122
118
112
101
94
84
81
74
85
80
70
67
71
73
81
77
75
89
97
100
111
117
114
118
113
85
55
13
-24
-80
-150
-210
-305
-398
-485
-577
-677
-764
-843
-932
-1004
-1065
-1120
-1160
-1173
-1182
-1178
-1137
-1098
-1054
-1002
-929
-844
-770
-671
-582
-484
-377
-305
-216
-122
-31
50
121
197
264
333
386
440
475
500
519
525
534
520
510
498
472
437
412
374
331
298
259
213
186
165
116
104
81
61
56
50
43
54
63
83
130
151
186
239
278
326
366
400
437
465
487
501
513
512
509
499
507
496
482
485
474
465
460
456
436
437
416
403
404
389
366
364
352
338
337
314
299
283
264
241
224
206
185
159
146
116
89
72
48
45
42
19
13
19
26
30
28
38
51
70
77
96
107
131
150
156
170
175
166
142
113
49
-27
-114
-222
-328
-455
-595
-736
-875
-999
-1136
-1256
-1359
-1460
-1523
-1586
-1621
-1637
-1634
-1616
-1586
-1537
-1478
-1409
-1330
-1243
-1135
-1039
-938
-812
-698
-585
-454
-329
-221
-99
-11
97
197
292
372
441
515
580
653
713
751
788
823
849
888
890
902
889
863
829
761
679
563
460
355
233
121
4
-89
-180
-263
-293
-332
-339
-339
-326
-261
-184
-89
2
104
230
336
468
598
697
784
868
927
963
965
945
891
834
781
710
670
604
555
534
518
508
463
447
415
381
374
362
359
350
353
366
400
437
464
480
494
523
562
596
617
609
601
610
605
621
603
575
536
521
533
541
549
556
594
637
714
769
782
776
732
664
538
344
70
-255
-579
-924
-1265
-1620
-1982
-2299
-2579
-2793
-2997
-3198
-3346
-3432
-3431
-3388
-3288
-3138
-2944
-2705
-2412
-2078
-1750
-1445
-1160
-872
-560
-263
13
246
446
631
820
985
1076
1151
1189
1224
1274
1297
1273
1217
1142
1065
1020
941
826
697
572
491
413
336
231
118
44
-35
-111
-200
-325
-456
-583
-680
-766
-853
-948
-1015
-999
-930
-798
-657
-488
-298
-84
188
418
616
767
900
1033
1151
1262
1298
1293
1262
1240
1199
1140
1044
898
792
721
690
650
598
573
558
588
645
672
691
717
769
836
936
1016
1077
1140
1216
1305
1353
1369
1339
1288
1248
1214
1161
1086
993
905
840
773
696
598
493
405
335
281
256
253
260
323
446
594
747
855
916
914
824
633
308
-147
-656
-1177
-1690
-2185
-2687
-3135
-3515
-3805
-4012
-4181
-4341
-4461
-4505
-4427
-4257
-4035
-3737
-3404
-2998
-2528
-2007
-1478
-1002
-570
-173
214
580
884
1104
1263
1377
1496
1604
1648
1624
1541
1451
1337
1200
1047
810
556
342
177
21
-135
-292
-428
-500
-546
-532
-572
-611
-592
-571
-490
-423
-383
-359
-331
-255
-169
-94
-65
-43
20
143
325
497
612
709
797
889
961
966
902
784
685
639
607
571
498
408
371
373
390
413
427
455
550
711
911
1107
1283
1461
1666
1882
2065
2170
2206
2241
2303
2360
2396
2336
2190
2071
1999
1934
1794
1527
1203
989
929
931
849
675
514
476
556
593
514
337
207
222
276
289
265
318
501
787
1031
1110
1049
932
775
438
-204
-1160
-2230
-3140
-3819
-4398
-5009
-5612
-6035
-6082
-5787
-5474
-5343
-5317
-5155
-4682
-3941
-3192
-2648
-2216
-1650
-837
48
777
1174
1399
1668
2044
2389
2460
2227
1865
1600
1423
1162
670
37
-504
-820
-932
-1089
-1432
-1817
-2029
-1947
-1705
-1575
-1597
-1660
-1505
-1037
-443
51
304
488
816
1352
1869
2114
2025
1763
1585
1578
1584
1390
989
622
486
581
708
639
375
101
7
64
97
-76
-368
-536
-429
-142
103
163
134
231
537
961
1263
1380
1407
1576
1975
2431
2696
2703
2635
2664
2864
3074
3062
2842
2573
2450
2482
2481
2299
1914
1543
1337
1283
1256
1069
789
536
443
479
507
382
133
-14
8
183
355
377
299
284
473
810
1087
1160
1077
996
997
1020
791
148
-866
-1941
-2764
-3357
-3969
-4754
-5593
-6176
-6301
-6055
-5875
-5990
-6226
-6184
-5635
-4851
-4161
-3778
-3498
-2967
-2064
-1050
-336
-12
177
612
1330
2019
2327
2187
1935
1883
2005
2024
1666
1034
487
301
379
343
4
-535
-924
-948
-830
-908
-1299
-1720
-1806
-1462
-945
-645
-612
-601
-273
318
803
902
632
354
375
695
981
935
671
541
774
1263
1640
1636
1344
1157
1309
1640
1801
1590
1141
799
774
909
883
540
114
-79
89
435
628
566
446
578
977
1437
1709
1756
1840
2166
2689
3161
3348
3256
3183
3278
3453
3536
3337
2982
2748
2728
2778
2660
2301
1852
1530
1396
1287
1043
667
299
124
49
-91
-321
-553
-606
-457
-285
-226
-249
-286
-291
-422
-900
-1701
-2572
-3191
-3551
-3882
-4366
-4845
-5122
-5085
-4885
-4903
-5198
-5515
-5471
-5031
-4476
-4068
-3783
-3395
-2740
-1924
-1321
-1042
-918
-600
34
713
1126
1202
1192
1341
1625
1765
1563
1095
742
755
984
1119
915
484
118
-18
-61
-302
-809
-1321
-1546
-1397
-1110
-956
-1000
-1062
-921
-618
-411
-439
-602
-697
-525
-161
144
243
248
371
708
1117
1416
1519
1536
1665
1954
2246
2310
2106
1739
1414
1231
1097
892
618
344
234
330
513
598
557
515
607
880
1225
1536
1788
2076
2442
2810
3069
3149
3105
3033
3065
3137
3124
3025
2874
2761
2689
2562
2348
2038
1746
1574
1506
1461
1366
1228
1076
874
615
365
130
24
40
109
152
165
184
89
-229
-900
-1944
-3028
-3859
-4350
-4709
-5158
-5528
-5703
-5603
-5373
-5315
-5495
-5704
-5618
-5154
-4552
-4039
-3592
-3118
-2520
-1927
-1469
-1158
-858
-373
274
882
1255
1472
1607
1683
1642
1431
1076
734
626
671
744
703
576
383
115
-178
-468
-759
-989
-1073
-1045
-961
-846
-694
-571
-500
-478
-437
-392
-326
-198
-68
36
111
168
212
275
372
577
826
1063
1359
1658
1858
1952
1939
1823
1633
1416
1228
1030
838
738
714
650
515
405
360
436
657
951
1212
1445
1773
2180
2563
2879
3119
3281
3400
3592
3870
4010
3956
3799
3583
3361
3154
2978
2724
2346
2026
1817
1612
1336
1025
761
521
368
318
173
-44
-107
49
265
410
449
431
401
386
174
-596
-1921
-3294
-4311
-4972
-5490
-6034
-6626
-7104
-7122
-6775
-6498
-6515
-6625
-6417
-5768
-4723
-3508
-2529
-1917
-1359
-652
107
703
1094
1348
1586
1969
2467
2708
2393
1767
1170
737
398
14
-510
-1054
-1301
-1139
-982
-1247
-1782
-2175
-2184
-1821
-1335
-1060
-1013
-806
-207
551
997
1025
859
751
894
1218
1396
1218
908
806
927
1018
955
713
388
325
590
897
937
662
402
343
434
556
475
191
-27
126
590
967
1062
980
928
1123
1640
2179
2476
2588
2802
3270
3796
4175
4303
4183
4013
4032
4206
4163
3858
3475
3161
2971
2786
2458
1942
1358
971
887
843
715
546
435
402
449
612
746
757
793
859
886
915
859
505
-445
-1956
-3486
-4673
-5505
-6126
-6808
-7580
-8184
-8231
-7807
-7509
-7550
-7709
-7489
-6557
-5024
-3344
-2097
-1331
-608
409
1493
2295
2727
2928
3182
3669
4190
4113
3239
2027
935
98
-648
-1460
-2338
-3092
-3355
-3159
-3111
-3517
-4057
-4197
-3742
-2860
-1825
-1061
-558
136
1235
2346
2981
3178
3232
3383
3811
4373
4477
3814
2824
1983
1415
861
159
-665
-1529
-1951
-1749
-1515
-1784
-2471
-3017
-3051
-2654
-1984
-1496
-1395
-1170
-422
626
1349
1584
1693
1972
2692
3825
4794
5128
5003
5016
5320
5553
5522
5240
4814
4572
4706
4868
4475
3532
2613
2016
1680
1407
998
405
-111
-197
116
318
189
50
86
341
778
1277
1703
1975
2212
2596
2834
2835
2632
1910
417
-1754
-3808
-5304
-6473
-7441
-8323
-9262
-9933
-9895
-9261
-8802
-8841
-8706
-7846
-6256
-4081
-1875
-412
344
1155
2383
3439
4030
4346
4390
4397
4500
4428
3569
1763
-159
-1721
-3035
-4072
-4925
-5669
-6159
-6085
-5442
-4976
-4965
-4789
-4025
-2571
-631
1293
2660
3412
4222
5394
6313
6539
6184
5561
5158
5149
5172
4360
2340
-103
-2161
-3602
-4487
-5193
-5857
-6254
-5920
-4704
-3461
-2859
-2695
-2520
-1733
-230
1515
2831
3241
3376
3756
4144
4216
3750
2959
2386
2520
3332
3863
3438
2587
1916
1819
2268
2790
3038
2991
3289
4285
5207
5419
5005
4259
3743
3734
4072
4023
3109
2147
1739
1663
1672
1369
568
-247
-184
977
1989
2109
1662
1145
1111
1409
1077
-909
-4404
-7291
-8173
-8050
-7860
-8336
-9532
-10084
-9076
-6905
-5406
-5496
-5669
-4589
-2161
977
3357
3848
3014
2480
2929
3434
3043
1890
531
-394
-567
-774
-2275
-4859
-7125
-8206
-7992
-7146
-6432
-5880
-4928
-2962
-324
1629
2338
2673
3556
5390
7533
8683
8245
6678
5316
4761
4107
2521
81
-2314
-3499
-3496
-3388
-4313
-6285
-7729
-7594
-6241
-4445
-3472
-3152
-2077
99
3052
5190
5462
4886
4432
4798
5644
5405
3767
1324
-714
-1438
-1710
-2474
-3787
-4927
-4818
-3323
-1222
389
1053
1716
3142
5245
7343
8557
8794
8600
8781
9328
9123
7881
6043
4158
2944
2331
1628
287
-1322
-2222
-2144
-1499
-999
-840
-594
238
2129
4245
5381
5783
5964
6250
6560
5764
3097
-1527
-6276
-8604
-9498
-10399
-11365
-12714
-13544
-12639
-10135
-7708
-7135
-7060
-5385
-2290
1587
4973
6240
5610
4773
4566
4508
3864
2197
120
-1277
-1792
-2247
-3748
-6131
-8331
-9713
-9656
-8459
-7271
-5981
-4004
-1230
1937
4313
5242
5310
5657
6832
8204
8688
7599
5353
3202
1795
676
-1064
-3466
-5692
-6687
-5879
-4537
-4187
-4452
-4528
-3834
-1862
573
2091
2186
2010
2947
4156
4699
4405
2762
739
-247
-358
-511
-1618
-3374
-4673
-4988
-4074
-2684
-1967
-1484
-479
1278
3513
5261
6156
6399
6496
7228
8225
8470
7800
6604
5539
4787
3990
2884
1335
-205
-949
-855
-620
-729
-1187
-1384
-669
896
2526
3652
4330
5231
6930
8581
9477
9574
8730
7568
6211
3723
-584
-7047
-12915
-15471
-16524
-16661
-15838
-15402
-14320
-11449
-7076
-2996
-1464
-501
2045
5190
8682
11451
11439
8971
5859
3321
1306
-1273
-4493
-7201
-8869
-9334
-8890
-8970
-9889
-10500
-10107
-8168
-5263
-2501
415
3492
6571
9656
11307
10598
8748
7120
5980
4999
3616
1206
-1822
-4315
-5526
-5986
-6957
-8082
-8309
-7226
-4551
-1288
864
1758
2104
2746
4114
5153
5028
3908
2661
2248
2417
2162
563
-2060
-4334
-5486
-5374
-4765
-4702
-4889
-4658
-3309
-1073
568
1558
2315
2936
4280
6228
7560
7621
6902
6291
6033
5912
5418
4468
3323
2432
2398
2546
2043
978
-432
-1017
-630
-280
261
614
992
2275
4180
6037
6940
7407
7983
8125
8670
9280
8528
6544
3251
-1097
-7248
-13950
-17218
-18780
-19679
-17805
-14841
-11612
-7677
-3058
1601
3648
4147
5795
7640
9406
11001
10902
8634
4840
479
-3421
-6651
-10058
-12922
-13834
-13164
-11366
-9045
-7130
-5702
-4728
-3138
-392
2101
4474
6995
8881
10561
11707
10568
7372
3978
826
-1909
-3793
-5283
-6652
-7771
-7672
-6145
-4887
-4135
-3169
-2074
-294
2285
4742
6437
6941
6491
5769
4952
3339
755
-2081
-4433
-5352
-5011
-4312
-3941
-4193
-4128
-3257
-2130
-1038
-585
-664
-149
1239
2749
3543
3545
2791
1784
1779
2466
2945
3296
3697
4435
5563
6591
7082
6610
5231
3918
3061
2514
1817
511
-703
-1231
-1463
-1268
-617
-153
469
2084
4458
6754
8809
9826
9671
9566
9245
8342
6322
2459
-2822
-10189
-16617
-18484
-19311
-19538
-17343
-14506
-10669
-5357
767
5790
7034
6947
7924
8872
9909
10238
8349
4803
579
-3716
-7218
-9903
-12976
-15549
-15664
-13581
-10092
-6253
-2907
-243
1375
3287
5791
7122
7775
8294
8308
8567
8529
6398
2586
-1005
-4040
-6556
-7898
-8457
-8797
-8285
-6009
-2690
-110
1684
3130
3893
5014
6655
7295
6701
5393
3685
1592
-580
-2377
-4772
-7722
-8600
-7162
-5111
-2861
-865
483
1141
2127
3654
3614
2246
844
-584
-894
-455
-639
-1110
-1820
-1998
-941
933
3286
4879
5935
7473
8905
9864
9825
8471
5937
2965
1132
-360
-2172
-3321
-4361
-4901
-4150
-2664
-1019
246
2436
5248
7453
9977
11605
11941
11710
10425
9181
7619
5118
2023
-2686
-8620
-15857
-21708
-22753
-22569
-21487
-17322
-12261
-6310
828
7888
12817
13515
12689
12094
10795
9422
7209
3657
-746
-5717
-10141
-13395
-15385
-16930
-17883
-16232
-12287
-7214
-1481
3643
7286
9189
10150
10624
9775
8214
6311
4177
3184
2254
-330
-3173
-5176
-7009
-8268
-8203
-7579
-6668
-4457
-853
2924
5933
7786
8190
7831
7486
6382
4222
1798
-565
-2873
-4822
-5698
-5975
-7196
-7959
-6544
-4364
-1707
1509
3983
5175
5582
6038
5699
3638
861
-2519
-5657
-6717
-6473
-5759
-4306
-2586
-526
2399
5814
8562
10056
10851
11294
11368
10837
9398
6766
2801
-1113
-3743
-5962
-7678
-7967
-7472
-5936
-2721
744
3692
6484
8741
10357
11512
12224
12127
10753
8990
7422
5703
4098
1776
-2196
-7584
-14899
-21973
-24410
-23665
-22520
-18835
-12574
-5897
1685
9935
16190
17832
15695
13115
10592
7568
4438
527
-3960
-8340
-12475
-15297
-16477
-17178
-17671
-16214
-12014
-6317
61
6228
10724
13027
13540
12782
10722
7554
3808
-48
-2497
-3032
-3768
-5289
-5896
-5939
-6323
-5695
-4280
-3482
-2182
473
3850
7043
9134
9509
8264
6710
5026
2534
-332
-3535
-6258
-7969
-8604
-7282
-6191
-5568
-3275
-700
2474
5901
7638
8417
7663
6061
4601
1649
-1920
-5728
-9794
-11716
-11562
-10099
-7127
-3391
684
5167
9954
13940
16125
16398
15017
12938
10304
6923
3522
-548
-4803
-7339
-8822
-9479
-8686
-7050
-4738
-1240
3214
7241
10110
12426
13854
14091
13853
12497
9833
7505
5792
3421
26
-4616
-12093
-20772
-25300
-25976
-25832
-22810
-16651
-9709
-1339
8789
17739
21787
20957
17959
13748
9249
5016
-218
-6035
-11079
-15334
-17963
-17943
-17135
-17420
-16842
-13458
-8010
-1373
5737
11795
15208
16167
16091
14668
11287
6532
675
-4634
-7452
-8894
-10086
-9816
-8275
-7158
-5837
-3661
-1861
-450
1725
4788
7811
9906
10761
10424
9049
6572
2613
-1849
-5527
-8661
-10509
-10151
-8956
-7417
-4766
-1594
1628
4905
7351
8025
7666
7159
5719
3532
1128
-2463
-6878
-10201
-11702
-11805
-10637
-7927
-4324
-166
5225
10855
15070
17250
17357
15858
13429
10432
6791
2813
-1068
-4749
-7418
-8511
-8652
-7986
-6525
-4115
-573
3115
6725
10106
12427
14366
15633
15021
13565
11726
8989
6010
2592
-2636
-10933
-20543
-26342
-28035
-28667
-26519
-20671
-13524
-4867
6078
16754
22997
23676
21607
18409
13908
8481
2241
-4550
-10970
-16453
-19990
-20607
-19813
-19547
-18604
-15132
-9726
-3227
3971
10574
15019
17114
17929
17386
14700
10266
4312
-2035
-6298
-8954
-11729
-12934
-11658
-10106
-8264
-5051
-1998
25
2409
5672
8642
10543
11282
10557
8871
6778
3569
-422
-3976
-7065
-9326
-9688
-8504
-7257
-5641
-2799
209
3345
6406
7683
7648
7251
6047
3957
1360
-1740
-5713
-9237
-10739
-10916
-9986
-7535
-4335
-739
3586
8276
12236
14763
15675
14771
12709
10471
7918
4716
1021
-2751
-5733
-7081
-7263
-6981
-5780
-3708
-1166
1997
5747
9359
11787
13600
15211
15643
15152
13846
10892
5994
-1877
-12666
-22057
-26825
-29631
-31056
-28048
-21889
-14266
-3661
8766
18241
22075
22567
21995
19764
15691
9988
3179
-3613
-10212
-15845
-19086
-20523
-21858
-22688
-21073
-16895
-11527
-5179
2221
9157
13875
16791
18500
17972
15225
10762
5289
631
-3399
-7961
-11467
-12514
-12400
-11781
-9890
-7554
-5653
-3054
891
5523
9591
11787
12444
12352
11212
8997
5768
1482
-3060
-6899
-8989
-9332
-8949
-8066
-6997
-5017
-1255
2427
5043
6995
7797
7556
6889
5925
3684
-366
-4590
-7788
-9855
-10502
-9795
-7844
-4966
-1218
3526
8244
12017
14249
14483
13762
12641
10548
8054
5440
2045
-1150
-2957
-4063
-4851
-4844
-4190
-3104
-1057
2339
5681
8032
10487
12855
14544
15742
15244
11891
5319
-4640
-14751
-21000
-25261
-29132
-29418
-25788
-19999
-11045
579
10760
16030
17745
18803
18725
16787
13101
7816
2145
-3507
-8835
-12630
-15414
-18610
-21659
-22594
-20533
-16606
-11578
-5135
1766
7546
12303
16254
18052
17347
14608
10297
6382
3115
-1446
-6274
-9091
-10659
-11779
-11412
-10210
-9647
-8429
-5052
-373
4314
7992
10199
11448
12343
12243
10161
6928
2997
-1646
-5394
-7547
-8761
-9591
-9785
-8194
-5275
-1938
1437
3908
5617
6668
6730
6378
5135
2364
-1254
-4288
-5875
-7000
-7491
-6696
-5308
-2874
968
5079
8535
10981
12223
12414
12278
11630
9779
7424
4611
1676
11
-1022
-2016
-2343
-2114
-1295
648
3364
5726
7663
9873
11750
12117
10065
4052
-5046
-12221
-16223
-19959
-21792
-20276
-17933
-13665
-5758
2893
8795
11033
11472
11584
10980
9546
7377
4385
600
-3586
-6634
-8064
-9853
-12875
-15519
-16295
-15380
-13212
-9514
-4766
-651
2537
5994
8962
10209
10263
9162
7470
6432
4912
2072
-416
-2204
-4423
-6404
-7664
-9182
-10350
-9680
-7048
-3277
233
2909
5403
7915
9828
10069
8818
6807
3945
1538
213
-1279
-2995
-4786
-5728
-4750
-3346
-2335
-1516
-878
55
936
1852
2483
1308
-895
-2337
-2989
-3400
-3540
-3145
-2391
-1009
1359
4213
6958
8723
9037
8798
8852
8669
7593
6250
4745
2936
1880
1760
1802
1752
2043
3018
4291
6381
8898
10201
10728
10229
5890
-2806
-11193
-16343
-20841
-23924
-22765
-19714
-15408
-7472
2668
10959
14726
14824
13876
12744
10556
7020
3313
-397
-4715
-8043
-9041
-9753
-12135
-14772
-15713
-14920
-12998
-9887
-5588
-1368
2003
5338
8127
9359
9245
7721
5687
4637
3585
1170
-1093
-2001
-2792
-3900
-4897
-6319
-7970
-8765
-7672
-4602
-1309
1159
3500
6286
9092
10497
10080
8272
4998
1222
-1624
-3380
-4937
-6556
-6869
-5376
-2696
687
3402
4616
4917
4634
4018
3253
1663
-1317
-4437
-6165
-6661
-6335
-5466
-4425
-2989
-783
2336
5907
8660
10000
10425
10824
11147
10499
9116
7357
5041
2734
1514
1204
855
763
1345
2609
4879
7449
9083
9706
8305
2145
-6547
-11709
-14987
-19544
-20925
-18573
-15915
-10835
-1985
6718
11210
11484
10744
10343
9040
6632
4020
1512
-1401
-3921
-4611
-4778
-6534
-9721
-12413
-13354
-13234
-12284
-9600
-6086
-3141
-32
3387
5539
6159
5872
4782
4451
5375
4954
3044
2084
1573
260
-1172
-3151
-6722
-10450
-11829
-10578
-8078
-5141
-2172
924
4863
8790
10786
10720
9427
6913
3594
1395
407
-1738
-4139
-4431
-3744
-2641
-764
294
145
-200
-389
-71
874
1138
-111
-1242
-1178
-805
-381
-46
-36
187
1309
3575
5902
7078
7242
7075
6773
6342
6175
5620
4011
2953
3201
4106
5551
6879
7674
8363
9321
9868
9350
6727
-1464
-12307
-17646
-20408
-24185
-23809
-20653
-17764
-11230
-437
9960
15488
15812
14788
14013
12482
9926
6406
1927
-3241
-7558
-9190
-9283
-10988
-14498
-16573
-15591
-13228
-10217
-5800
-1525
1275
4663
8536
10175
9786
7847
4535
2802
2849
1358
-1130
-2199
-2777
-3574
-3385
-3437
-5720
-8368
-8880
-7593
-5006
-1771
479
2427
5367
7839
8944
8803
7054
3867
271
-1482
-1853
-3333
-4324
-3630
-2664
-866
1484
2758
2944
2467
1696
1460
1479
137
-2087
-3316
-3694
-3694
-3044
-1758
-498
617
3238
6923
9561
11143
11458
10808
10475
9747
8223
6290
4078
2311
1687
2732
4055
4826
6256
7461
8056
6172
-2062
-11087
-14933
-18342
-20718
-18169
-15521
-13304
-6803
2640
10657
13571
11937
10252
8764
6381
4731
3340
599
-3039
-5567
-5928
-6308
-8782
-12156
-14342
-14755
-13823
-10863
-6245
-2594
7
3377
6614
7895
7630
6072
3692
2754
2725
1385
-90
-653
-1195
-1649
-2295
-4306
-7428
-9381
-9135
-7342
-4304
-1876
-484
2187
5329
7019
7368
5975
3617
1591
383
518
486
-814
-1739
-1295
-90
1449
2292
1821
902
-58
-189
768
215
-2320
-4541
-5761
-5740
-4519
-3101
-1749
-149
2491
6434
10282
12653
13276
12454
11276
10693
9535
7472
5531
3426
1870
1895
2441
2510
2734
3766
4668
5386
4108
-3318
-10904
-12756
-15189
-17012
-14363
-12666
-11143
-5355
3167
10209
11950
10282
8891
7279
5638
4708
3178
141
-3440
-5464
-5146
-5045
-7447
-10646
-12501
-12924
-11862
-9167
-5790
-3687
-2249
1013
4102
5214
6004
5709
4599
5423
6727
5765
4235
3437
1711
-462
-2299
-5408
-9109
-11481
-12003
-10294
-7527
-5340
-3165
92
3526
5931
7283
7207
6148
4979
4157
4486
4147
1813
151
-504
-1219
-1163
-1399
-2637
-3590
-3888
-3266
-1870
-1605
-3038
-4266
-4369
-3523
-1834
92
1635
3049
5572
9064
11817
13203
12698
10839
9544
8448
7045
5895
4600
3460
3320
4257
5476
6118
6071
5500
3881
-1691
-9372
-13179
-16135
-19290
-17677
-15138
-13456
-8772
-2054
4819
8976
9327
9397
9490
8630
8085
7530
5775
2407
-1191
-3132
-4910
-8347
-12111
-14931
-16572
-16673
-14928
-11211
-7431
-4976
-1759
1984
4407
6399
7693
8120
9318
10461
9738
8110
6709
4255
919
-1723
-5108
-9560
-12337
-12518
-11243
-9263
-6795
-4626
-2687
120
2899
4672
5893
6562
6579
6638
7700
7898
5848
3816
1683
-911
-1599
-1703
-3196
-4162
-4265
-4153
-2631
-881
-1260
-2732
-3311
-2841
-1890
-546
1001
1680
2406
5199
8333
9763
10306
10444
10074
10074
10764
10824
9781
8637
7423
6397
6286
5535
3149
1207
-1379
-7969
-13516
-15073
-18217
-19466
-15899
-13401
-10229
-4406
1537
6928
9338
9670
9871
8588
7570
6784
4732
2779
60
-2847
-4126
-5984
-8843
-11066
-12812
-13464
-13059
-11800
-9114
-7008
-5386
-2460
-530
636
2877
4016
4984
7354
8424
7770
7447
7364
5861
3683
1976
-1134
-4897
-6561
-6788
-6713
-6655
-6565
-6086
-5100
-3112
-812
877
2240
3438
4646
6235
7768
7611
6003
4879
3654
2444
2407
1842
232
-1142
-2310
-3188
-3505
-4201
-5721
-6782
-6535
-5320
-3260
-414
2148
3741
5660
7983
9186
9968
10321
9642
9676
10084
9908
9811
9114
7708
6362
5490
4841
3065
1086
-479
-3969
-8672
-11670
-13655
-15558
-15133
-12833
-10831
-7903
-3406
1211
4461
5969
6964
7168
6637
6641
5844
3887
1901
-504
-2605
-4098
-6153
-8199
-9589
-10246
-10262
-10112
-9323
-8388
-7918
-6697
-5120
-4040
-2313
-201
1590
3949
6463
7679
7577
6972
6157
4657
2961
1504
-877
-3267
-4068
-3989
-3709
-3788
-4429
-5125
-5230
-3934
-2087
-643
1037
2649
4030
5876
7282
7223
6273
5081
3906
3352
3274
2544
1335
276
-1056
-2283
-3071
-4155
-5589
-6490
-6072
-4575
-2364
282
2650
4726
6847
9018
10678
11193
11076
10582
9959
9637
8913
7721
6549
5340
4379
3962
3399
2080
1014
-86
-2921
-6125
-8630
-11145
-12415
-11829
-10447
-8775
-6873
-4185
-937
1379
2537
3175
3325
3082
3264
3698
3233
2060
683
-574
-1765
-3539
-5373
-6756
-7855
-8596
-8544
-8046
-8206
-8095
-7074
-6519
-5737
-4129
-2820
-1132
1484
3772
4913
5596
6103
5649
5086
4706
2901
515
-1106
-2365
-3122
-3554
-4266
-5112
-5421
-4820
-3465
-1900
-582
627
1761
3166
4693
5464
5570
5124
4339
3828
3557
3198
2326
1256
514
-250
-760
-953
-1638
-2452
-2606
-2432
-1983
-850
140
958
2437
3746
5029
6600
7236
7376
7577
7698
7591
6586
5717
5061
3947
3633
3489
2274
891
363
538
790
987
208
-998
-1699
-2584
-2474
-2577
-4120
-4997
-5485
-5249
-4396
-4203
-3792
-3848
-3931
-2827
-2186
-2060
-1881
-1880
-1564
-1142
-935
-1027
-1442
-1714
-1701
-1907
-2477
-2814
-3263
-3610
-3142
-3108
-3635
-4091
-4591
-4270
-3348
-2543
-1763
-1426
-882
196
1318
2280
2217
1782
1857
2047
2377
2436
1764
702
34
-136
-221
-423
-1026
-1493
-1272
-365
727
1117
1039
884
741
1158
1860
2025
1793
1674
1966
2487
2786
2570
1712
837
508
540
854
1213
1252
1273
1945
2798
2962
2966
2753
2415
2827
3471
4002
4376
4364
4649
5192
5344
4974
4384
4037
3730
3924
4605
4580
3881
3112
2354
1253
-298
-1880
-3939
-6217
-7333
-7554
-7753
-7950
-8038
-7776
-7095
-5960
-4719
-4125
-3490
-2466
-1735
-792
114
-45
-399
-208
-179
-333
-650
-1372
-1908
-2376
-2825
-3227
-4219
-5103
-5570
-5796
-5185
-4610
-4559
-4053
-3206
-2531
-1651
-535
52
682
1976
3042
3756
4056
3723
3192
2766
2618
2139
1334
928
572
382
560
296
-298
-698
-954
-798
-322
56
344
699
1281
1913
2286
2372
2308
2167
2191
2517
2711
2656
2542
2462
2383
2197
1897
1416
1138
1247
1378
1894
2381
2471
2969
3441
3514
3563
3516
3500
3556
3732
4085
4099
4089
4514
4690
4571
4292
3455
2376
1319
276
-890
-2500
-3846
-4675
-5259
-5333
-5191
-5298
-5516
-5399
-5062
-4803
-4667
-4564
-4228
-3747
-3178
-2356
-1765
-1769
-1859
-1741
-1868
-2280
-2317
-2283
-2391
-2245
-2065
-1943
-2091
-2519
-2699
-2869
-3243
-3440
-3475
-3315
-2814
-2044
-1175
-536
-94
312
641
930
1127
1196
1247
1445
1760
2101
2275
2161
2058
1863
1564
1340
970
510
122
44
162
258
504
606
789
1257
1409
1543
1782
1666
1477
1657
1988
2056
2243
2468
2293
2239
2179
1955
1739
1493
1478
1485
1740
2192
2319
2570
2661
2438
2389
2209
2145
2190
2206
2402
2556
2716
2687
2401
2109
1559
1100
1073
998
967
1150
1202
1051
880
458
-237
-880
-1798
-2728
-3167
-3653
-4093
-4180
-4205
-4258
-4377
-4382
-4331
-4292
-3996
-3445
-2858
-2404
-1950
-1406
-942
-629
-474
-547
-863
-1193
-1367
-1594
-1879
-2145
-2406
-2542
-2540
-2450
-2451
-2570
-2669
-2655
-2313
-1925
-1592
-1047
-557
-161
394
983
1243
1242
1246
1175
1078
1051
1065
1004
885
967
1068
965
754
363
-33
-100
41
244
481
710
1066
1606
2208
2580
2645
2645
2501
2471
2731
2695
2435
2242
2029
1941
1833
1632
1378
967
761
836
914
1009
1098
1212
1424
1682
1793
1806
1856
1782
1683
1784
1698
1365
1095
754
499
410
249
-25
-370
-406
-399
-514
-324
-340
-576
-623
-683
-858
-1223
-1446
-1287
-1245
-1209
-967
-913
-862
-609
-409
-413
-651
-994
-1242
-1412
-1603
-1680
-1669
-1626
-1594
-1586
-1581
-1830
-2155
-2301
-2393
-2334
-2052
-1805
-1527
-1271
-1137
-1000
-1058
-1187
-1340
-1516
-1418
-1310
-1188
-896
-686
-570
-358
-148
-143
-228
-460
-803
-818
-786
-809
-581
-408
-321
-227
-17
251
332
515
693
822
1244
1604
1932
2346
2470
2363
2329
2256
1927
1713
1656
1462
1208
871
758
829
680
800
903
612
733
951
956
1102
1045
927
836
671
658
545
376
522
446
344
609
473
448
753
568
551
695
512
507
599
564
544
575
520
436
363
174
17
-184
-421
-394
-447
-543
-275
-129
-95
107
22
-97
-80
-271
-543
-902
-1190
-1194
-1340
-1213
-867
-982
-839
-703
-837
-619
-722
-675
-394
-611
-331
-160
-339
-407
-1005
-1183
-1342
-1964
-1782
-1801
-1975
-1442
-1246
-1018
-527
-471
-168
189
19
419
819
737
1028
833
560
614
46
-112
-16
-491
-328
6
149
523
652
878
860
826
989
828
850
736
716
927
761
790
699
293
172
-46
-243
-366
-458
-172
-91
71
487
242
155
402
-41
-33
5
-613
-323
-275
-467
240
229
344
767
347
717
715
92
595
257
-94
483
127
135
318
-287
-57
-198
-1081
-676
-800
-1446
-577
-611
-749
306
-7
125
865
272
371
501
-76
244
243
3
394
-44
-214
76
-627
-468
-210
-716
-373
-516
-606
-115
-490
-333
-316
-951
-409
-341
-751
-173
-263
-549
17
136
120
446
321
438
889
914
1110
1080
737
802
450
143
41
-748
-951
-999
-1229
-892
-855
-469
-119
88
988
1170
1159
1551
1168
1027
1496
880
477
641
21
67
-14
-523
-265
-838
-1116
-504
-1162
-634
137
-704
759
975
30
1499
462
167
1043
-381
-124
-105
-1149
-453
-444
-1415
-594
-687
-1555
-362
-499
-979
217
-115
-273
943
408
298
1060
-28
-15
394
-362
88
35
-909
73
283
-662
873
63
-839
906
-669
-459
802
-1020
-66
183
-904
524
-259
-814
329
-1043
-1066
-171
-1048
-517
-194
-326
185
306
517
669
510
890
756
511
1376
706
1047
670
77
1388
-619
13
161
-1367
21
-918
-689
181
-585
10
441
-213
818
438
141
1449
357
1277
1040
780
1382
272
1449
259
-52
601
-685
-23
-274
-364
-249
-217
-254
-82
22
-39
419
-721
247
405
-591
380
-306
-209
198
-459
-141
-255
-677
-18
-668
-475
288
-400
-152
-174
352
-17
-150
143
-571
-311
-725
-539
-764
-627
-186
-520
422
-109
406
690
22
545
61
335
-137
-9
-452
-653
-162
-1020
-518
-805
-894
-823
-632
-620
-275
117
-44
772
152
926
982
-67
1582
-221
337
1079
-1381
1202
-28
-1480
1157
-1057
-901
1353
-1441
462
849
-1579
1781
-507
-568
1445
-1392
272
2
-725
289
-267
-59
314
-85
241
662
-55
1019
376
226
806
154
720
36
390
228
-233
398
-54
-731
276
-320
-787
127
-391
-36
-88
77
45
-20
241
-135
163
-255
-56
606
-785
325
643
-841
664
207
-794
296
57
-792
-256
-258
-132
-202
-233
424
-176
-6
-226
653
-397
-31
906
-1354
681
273
-693
482
-189
-505
-4
19
-924
843
-819
102
795
-1030
1162
110
-411
702
123
-390
335
223
-320
637
-367
403
545
-884
988
-431
-161
960
-1253
1162
568
-564
1575
-547
103
730
-1631
658
-686
-1624
795
-1292
-648
1243
-1381
229
1060
-1773
1306
357
-1174
1920
-371
-110
2011
-778
628
1532
-1562
792
334
-2133
1113
-1007
-1802
860
-1754
-632
202
-1241
119
42
-1089
825
-64
-1025
1920
-697
-147
2264
-1034
1238
1198
-816
932
98
-476
686
-574
-634
574
-999
-474
554
-1029
-261
472
-715
-23
696
-32
542
385
257
1349
-142
713
788
-390
874
72
-733
777
-210
-596
487
-478
472
-84
208
632
22
493
-18
477
-365
505
170
-472
203
-477
47
88
-768
172
-131
-800
711
-874
370
731
-1040
1059
87
-399
389
-301
-680
53
-984
-738
78
-1229
-219
346
-961
541
278
-735
1899
-629
423
1821
-1249
1525
326
-538
701
-943
-416
-440
-1260
-824
-761
-905
-738
-533
-595
-398
-67
-829
456
-16
-445
1409
-131
803
816
121
1066
-73
348
47
-228
-33
-653
365
-454
-778
594
-1098
220
250
-1531
1203
-909
-384
620
-914
891
-169
-30
1507
43
1018
1006
264
1373
-247
880
485
-67
489
-198
481
-11
-205
161
-496
-354
56
-807
188
-21
-153
320
452
275
251
252
285
111
165
73
145
191
-332
406
86
-416
223
-438
-880
327
-958
-898
912
-1515
293
837
-1121
1885
-635
302
1551
-1121
1378
61
-435
556
-321
-492
-18
-648
-583
-848
-923
-231
-983
-460
-644
-646
438
-601
148
514
-14
950
-226
970
465
170
712
-4
365
75
-260
-266
-364
-420
-485
-719
-347
-154
-474
-62
-35
84
-97
-379
707
-723
128
863
-1133
1002
609
-931
1439
-90
-912
1345
-757
-214
615
-587
463
222
-92
1002
276
125
567
81
398
-230
567
-609
253
374
-885
595
-797
109
-319
-759
847
-764
69
975
-442
595
1103
-325
663
529
-323
384
-483
-135
-768
-142
-446
-911
475
-1074
477
110
-371
1175
-698
786
624
-191
779
31
421
-359
-258
-73
-991
-537
-570
-1259
-521
-206
-878
38
80
-92
469
163
497
605
415
260
309
323
-23
221
-760
178
-427
-767
-136
-404
219
-754
457
331
-524
1398
-297
-356
1239
-903
310
84
-676
750
-1064
708
-56
-828
1304
-1226
477
657
-1207
1680
-882
-125
1934
-1458
1309
522
-923
1320
-736
2
-68
-571
144
-1072
349
-90
-880
1107
-577
-224
962
-830
1007
17
211
1100
-244
689
449
152
256
24
-40
193
-405
-51
-68
13
-271
-101
65
-422
612
-507
-20
1086
-786
534
771
-875
1105
-102
-923
741
-815
-567
-333
-667
-665
-487
-121
-781
465
-10
251
710
-97
661
612
-372
400
537
-1130
590
-356
-1404
605
-713
-1215
452
-828
-177
218
-706
962
-288
6
1072
-492
630
364
-450
766
-517
53
171
-600
436
-740
212
83
-670
842
-562
318
631
-925
986
-119
-799
999
-825
-21
655
-1101
419
-227
-649
206
-923
130
-147
-763
661
75
101
368
100
377
-139
235
120
-93
325
-73
446
439
-219
550
60
-375
601
-376
-137
258
-326
128
234
97
65
308
259
170
207
97
3
-134
-130
-150
113
-267
-26
88
-19
-1
-37
215
-262
322
344
137
549
392
243
487
391
48
42
11
-338
-246
105
-426
-275
43
-182
-122
198
-96
108
190
-42
386
223
254
185
251
127
37
-85
-405
-199
-415
-642
-162
-244
-372
-31
23
105
-109
84
120
-243
-66
-93
-436
-1
-400
-753
-137
-455
-735
-350
-468
-607
-293
-306
-369
67
131
5
275
253
480
233
26
322
-79
158
204
-36
158
178
229
204
169
317
81
-87
307
157
89
324
177
209
195
269
220
48
223
33
43
120
239
209
214
353
130
294
289
77
141
107
1
86
138
275
292
182
301
192
39
219
3
-86
188
-131
-156
28
-40
-81
-60
14
-139
-180
51
-167
-254
-52
-273
-312
-274
-245
-287
-497
-298
-524
-443
-323
-428
-154
-149
-72
19
-24
141
5
-159
-73
-234
-464
-442
-458
-504
-631
-576
-588
-685
-281
-401
-291
72
-116
11
303
192
320
271
141
269
159
133
143
-36
-91
65
101
117
299
365
375
555
597
707
738
622
641
497
378
352
164
31
27
-31
-185
-136
-99
-133
-85
-72
109
122
113
122
118
-41
153
67
-94
80
-54
-49
8
12
27
194
-30
192
257
105
238
-47
-109
-49
-254
-327
-364
-572
-546
-620
-685
-664
-706
-604
-729
-630
-524
-637
-507
-540
-472
-382
-367
-205
-280
-214
-210
-248
-109
-178
-17
21
104
236
152
323
277
317
272
395
486
447
547
446
486
449
488
550
677
759
741
856
928
918
838
1052
1056
1008
1226
1203
1015
1200
1188
1051
1355
1462
1400
1752
1737
1766
1980
1751
1746
1767
1617
1547
1367
927
363
-72
-589
-1016
-1112
-1565
-2044
-2655
-2809
-3240
-3576
-3589
-3926
-4047
-4130
-3982
-3904
-3799
-3813
-3727
-3298
-2967
-2377
-1667
-1315
-808
-381
81
742
1049
1341
1722
1927
2027
2196
2241
2245
2152
2136
2068
1927
1887
1573
1368
1100
843
737
424
125
-66
-526
-779
-1093
-1516
-1662
-1995
-2118
-2158
-2095
-1940
-2049
-1818
-1443
-1236
-795
-465
-62
273
568
973
1192
1478
1551
1752
1754
1776
1803
1528
1452
1145
1037
982
905
660
515
409
251
232
147
180
132
134
260
476
569
666
930
1107
1419
1648
1845
2075
2130
2111
2361
2538
2685
2837
2727
2825
2817
2765
2778
2740
2684
2459
2470
2345
2028
1723
799
-97
-400
-1121
-1695
-1960
-3002
-3999
-4626
-5234
-5420
-5741
-6032
-6181
-6472
-6406
-6015
-5705
-5491
-5113
-4660
-3917
-3078
-2383
-1700
-1284
-810
-202
574
1348
1844
2141
2441
2683
2808
3110
3099
3003
2892
2794
2529
2216
1869
1287
964
694
418
154
-159
-593
-936
-1052
-1157
-1316
-1430
-1509
-1627
-1593
-1596
-1628
-1615
-1804
-1607
-1417
-1325
-964
-913
-805
-367
-84
314
778
800
987
1324
1460
1709
1805
1721
1656
1577
1589
1629
1442
1161
852
647
528
508
380
166
128
-51
214
549
607
907
1008
1259
1667
2029
2400
2548
2588
2857
3105
3288
3506
3348
3209
3140
3092
3182
3036
2750
2531
2337
2299
2193
1968
1720
1393
1333
1263
1193
779
-198
-1152
-1529
-1954
-2407
-2624
-3585
-4648
-5313
-5618
-5725
-5826
-6113
-6563
-6800
-6694
-6179
-5810
-5592
-5388
-5105
-4266
-3464
-2647
-1977
-1647
-1262
-615
307
1149
1626
1716
1997
2279
2472
2928
3142
2890
2697
2597
2450
2410
2189
1828
1644
1421
1184
1041
782
382
41
-42
-107
-193
-557
-805
-886
-1178
-980
-918
-1007
-1186
-1336
-1237
-1152
-1026
-923
-784
-636
-443
-238
-11
58
65
247
486
669
764
727
641
568
619
784
783
734
578
448
481
532
593
549
642
688
938
1300
1386
1358
1426
1490
1691
1868
2104
2154
1957
1896
1899
2023
2021
2026
1924
1816
1806
1806
1781
1757
1666
1647
1781
1740
1705
1525
1352
1318
1268
1312
1320
1141
975
937
937
845
180
-639
-1028
-1608
-1988
-2070
-2732
-3742
-4543
-4974
-4944
-5013
-5263
-5558
-6086
-6296
-5871
-5314
-4985
-4814
-4737
-4239
-3524
-2806
-1960
-1527
-1269
-809
-15
881
1584
1842
2020
2349
2545
3136
3610
3569
3403
3044
2968
3000
2910
2748
2502
2180
1781
1512
1195
783
367
30
-144
-391
-747
-981
-1306
-1624
-1635
-1491
-1462
-1609
-1701
-1664
-1626
-1462
-1229
-948
-678
-480
-175
19
137
247
378
672
860
896
897
749
549
565
546
626
443
221
167
29
29
-27
-5
-49
-118
44
309
404
363
334
383
502
753
1033
1169
1098
992
1110
1250
1498
1617
1581
1562
1411
1402
1473
1488
1443
1461
1542
1550
1512
1386
1305
1255
1286
1435
1528
1378
1221
1215
1248
1458
1444
1424
1430
1373
1390
1357
1233
500
-281
-509
-782
-947
-1086
-1734
-2694
-3413
-3646
-3558
-3590
-3847
-4255
-4787
-4991
-4779
-4460
-4265
-4340
-4243
-3852
-3269
-2707
-2240
-1923
-1645
-1087
-417
443
912
961
1088
1302
1668
2097
2492
2616
2446
2380
2429
2476
2403
2224
1986
1721
1434
1122
872
449
-18
-314
-408
-570
-828
-1081
-1323
-1599
-1588
-1431
-1333
-1347
-1415
-1308
-1355
-1214
-896
-761
-523
-478
-444
-306
-282
-171
72
383
561
608
569
633
504
565
770
763
721
504
426
290
188
225
217
105
62
46
71
171
119
231
428
576
795
1082
1173
1159
1194
1261
1396
1533
1629
1617
1556
1524
1598
1638
1752
1827
1710
1648
1586
1525
1470
1417
1381
1364
1253
1172
1141
913
853
901
849
961
1088
995
983
1016
1055
1262
1464
1549
1478
1152
474
22
-152
-544
-744
-1055
-1881
-2702
-3324
-3633
-3822
-4056
-4339
-4749
-5180
-5289
-5112
-4919
-4762
-4668
-4466
-4108
-3591
-2985
-2530
-2180
-1761
-1326
-586
172
508
781
1047
1200
1468
2039
2386
2438
2418
2245
2177
2229
2234
2229
2119
1793
1411
1067
878
592
395
309
73
-250
-520
-748
-932
-1037
-1064
-991
-1065
-1085
-1073
-1094
-1042
-900
-663
-363
-48
85
247
373
387
620
965
1200
1317
1328
1231
1169
1060
1126
1145
939
789
571
452
269
46
-113
-277
-367
-360
-232
-203
-324
-419
-336
-182
115
416
563
619
632
740
974
1208
1391
1532
1560
1572
1560
1557
1527
1553
1539
1486
1483
1308
1101
921
780
745
798
782
652
448
239
138
88
151
155
67
39
54
223
447
580
637
753
1025
1239
1434
1429
1030
483
206
129
-86
-223
-696
-1624
-2221
-2578
-2722
-2849
-3216
-3643
-4141
-4371
-4333
-4237
-4282
-4337
-4357
-4165
-3647
-3157
-2787
-2547
-2301
-1886
-1280
-602
-34
229
459
731
1046
1433
1791
1902
1906
1995
2049
2132
2198
2087
1900
1861
1753
1600
1475
1205
833
598
483
377
242
68
-141
-383
-392
-424
-510
-533
-636
-733
-749
-668
-634
-563
-464
-396
-303
-211
-113
-64
-36
120
251
310
453
494
484
518
462
444
404
274
206
118
89
11
-103
-97
-165
-151
27
120
186
257
364
461
609
873
1064
1176
1305
1420
1496
1541
1629
1602
1573
1574
1576
1516
1457
1364
1172
1115
1049
909
805
687
478
344
280
229
141
101
78
82
123
88
52
48
88
208
359
517
595
649
832
1033
1205
1366
1508
1509
1480
1504
1291
939
667
272
-129
-367
-821
-1482
-2120
-2717
-3140
-3460
-3705
-4048
-4484
-4802
-4965
-4942
-4872
-4738
-4662
-4499
-4204
-3776
-3231
-2845
-2473
-2064
-1577
-933
-340
133
548
818
1008
1445
1893
2205
2442
2492
2399
2363
2444
2428
2408
2338
2086
1874
1670
1457
1212
992
701
366
225
26
-172
-358
-568
-700
-822
-858
-846
-852
-903
-881
-863
-816
-667
-549
-363
-201
-95
25
178
299
458
602
701
793
785
786
766
707
664
651
533
464
413
316
308
294
344
420
512
589
683
776
810
895
992
1109
1160
1221
1247
1232
1186
1187
1217
1156
1124
1042
955
854
800
723
652
614
562
494
403
368
270
234
275
257
237
255
240
227
249
285
269
255
289
329
371
436
462
480
596
674
808
889
872
926
895
887
795
483
213
-158
-534
-747
-1059
-1541
-2082
-2583
-3010
-3351
-3598
-3841
-4137
-4418
-4536
-4498
-4405
-4271
-4121
-3942
-3620
-3200
-2717
-2221
-1825
-1453
-1039
-524
-1
439
811
1066
1247
1520
1795
2030
2208
2244
2247
2208
2178
2150
2113
2013
1813
1645
1437
1205
1017
814
610
422
258
137
-9
-205
-340
-443
-517
-534
-562
-592
-695
-790
-781
-691
-590
-461
-320
-263
-192
-87
-28
155
283
327
533
615
625
694
710
693
710
743
801
802
725
677
647
613
572
590
605
560
487
510
481
394
407
442
509
528
549
512
441
369
346
410
426
370
313
253
248
280
333
416
424
395
417
427
392
436
445
481
500
476
487
421
391
370
334
360
334
234
282
335
261
334
335
301
378
408
480
449
394
347
320
353
355
341
198
29
-182
-365
-525
-718
-934
-1208
-1463
-1699
-1960
-2132
-2273
-2491
-2607
-2661
-2708
-2681
-2608
-2517
-2430
-2291
-2033
-1779
-1484
-1204
-985
-749
-522
-316
-56
193
336
491
652
766
868
954
991
974
972
1003
1007
984
937
837
732
666
577
429
268
109
-88
-216
-301
-410
-567
-706
-761
-813
-813
-755
-729
-743
-696
-589
-422
-272
-116
21
109
302
459
589
736
793
845
917
966
1035
1087
1079
1032
997
971
898
807
750
682
612
528
452
383
307
279
290
280
266
227
158
163
145
172
208
205
246
266
351
400
453
544
596
664
737
806
858
883
938
941
961
984
934
963
932
868
831
725
630
561
489
438
374
252
174
115
1
-15
-52
-189
-203
-263
-321
-292
-370
-366
-361
-440
-316
-299
-307
-195
-245
-262
-209
-268
-276
-287
-385
-445
-520
-581
-666
-774
-874
-989
-1123
-1208
-1267
-1398
-1514
-1604
-1688
-1734
-1749
-1779
-1830
-1797
-1766
-1664
-1556
-1483
-1398
-1316
-1183
-1011
-845
-674
-549
-502
-345
-226
-116
32
106
188
267
302
364
355
291
291
211
229
262
186
157
78
35
47
70
135
144
178
246
266
381
485
502
584
635
690
834
878
943
992
962
1096
1065
1125
1243
1146
1207
1140
1087
1115
994
982
914
802
745
619
531
421
337
162
61
-5
-208
-180
-260
-361
-291
-367
-344
-284
-218
-122
-81
105
168
306
501
474
751
764
817
1086
914
1093
1144
941
1122
959
856
980
742
723
769
565
526
489
223
291
207
-95
107
-174
-357
-160
-629
-525
-436
-905
-578
-771
-982
-576
-1028
-894
-683
-1090
-728
-861
-921
-613
-872
-691
-620
-700
-491
-612
-454
-392
-435
-261
-446
-333
-256
-416
-182
-257
-269
-75
-375
-159
-159
-370
-73
-352
-278
-193
-527
-292
-487
-541
-363
-703
-436
-566
-737
-458
-780
-585
-546
-765
-496
-717
-682
-597
-808
-658
-673
-693
-586
-577
-563
-497
-375
-415
-228
-24
-171
154
185
127
511
371
648
846
670
984
908
887
1053
1116
1078
1122
1169
926
1231
1147
900
1262
838
780
954
500
759
504
168
397
2
15
73
-266
-220
-293
-427
-393
-268
-339
-365
-200
-357
-198
63
-200
173
237
39
556
328
353
808
403
594
992
434
849
881
311
989
552
369
923
193
512
524
8
441
114
10
152
-89
-132
-131
-288
-369
-201
-515
-441
-373
-721
-495
-714
-587
-610
-699
-449
-701
-379
-493
-631
-121
-657
-327
-47
-655
46
-170
-572
147
-340
-325
213
-475
-43
44
-395
52
-121
-150
107
-21
-95
223
7
-212
277
-252
-142
212
-561
57
-144
-678
120
-663
-327
-272
-690
-170
-628
-379
-497
-510
-363
-542
-201
-485
-302
-194
-457
-27
-394
-94
26
-405
341
-123
-57
398
-235
459
207
49
635
122
408
486
289
644
464
575
553
571
466
524
672
178
792
211
130
623
-145
309
339
-353
233
12
-389
220
-205
-221
115
-400
0
-68
-304
115
-361
109
-209
-77
230
-405
430
-113
71
598
-211
594
286
23
723
-6
323
418
-41
403
171
86
252
78
124
27
228
247
-162
581
-100
-25
777
-621
650
304
-649
1029
-495
2
716
-767
436
40
-511
473
-279
-259
330
-359
-103
277
-432
86
117
-477
265
-214
-212
67
-296
-99
-229
-125
-294
-185
43
-468
72
-162
-463
381
-531
-15
197
-574
320
-373
-191
217
-631
177
-363
-340
34
-743
51
-495
-501
-15
-773
-92
-313
-663
59
-542
-391
119
-654
-108
35
-662
267
-229
-306
418
-478
195
199
-270
489
-17
213
416
-23
436
287
137
425
187
198
344
28
157
356
-248
366
6
-193
495
-511
368
-57
-315
440
-533
342
-19
-224
391
-292
306
107
-106
390
-75
129
276
-16
243
226
-31
281
170
84
374
13
400
248
192
336
267
278
249
363
104
412
184
196
310
17
370
108
219
294
151
118
141
297
-53
353
82
-116
327
-157
60
82
-226
-56
-101
-191
-186
-56
-422
-40
-284
-457
155
-589
-180
-11
-694
184
-507
-366
208
-805
124
-184
-676
270
-517
-358
216
-686
35
-17
-534
352
-374
-108
153
-284
101
-36
35
-189
70
-43
-333
289
-315
-153
334
-576
131
5
-504
291
-204
-229
241
-410
-5
-9
-335
103
-152
-166
-7
-37
-123
110
-3
28
155
88
124
90
382
-138
372
255
-343
887
-382
42
845
-926
733
173
-692
985
-634
96
451
-567
548
-194
-63
341
-321
355
-93
1
175
-107
318
-203
288
137
-151
332
122
-121
323
70
-112
430
-159
-14
432
-307
257
350
-384
539
92
-206
603
26
37
386
125
22
364
27
25
363
-282
301
72
-373
586
-368
-199
449
-650
228
18
-404
182
-324
-97
-191
-80
-211
-230
30
-484
70
-185
-415
253
-404
-205
267
-557
99
-5
-359
350
-370
140
92
-388
522
-205
-88
407
-408
353
28
-281
553
-610
189
283
-855
784
-638
-294
529
-1107
533
-289
-641
564
-766
119
11
-541
350
-354
10
16
-224
146
-212
16
72
-131
123
-96
80
78
-94
163
4
-7
247
-123
80
311
-312
293
67
-298
436
-173
-5
182
-86
-64
167
-111
-77
231
-411
278
-103
-130
305
-442
318
-200
-65
240
-416
499
-460
225
244
-562
782
-528
209
544
-619
741
-10
-305
743
-214
-64
659
-398
298
348
-227
464
-41
120
184
22
168
-52
301
-126
186
256
-406
563
-188
-120
523
-397
191
218
-363
308
-6
-204
312
-188
12
146
-47
-26
63
117
-226
140
170
-338
306
-39
-273
355
-241
-42
214
-298
60
39
-250
148
-82
-304
213
-252
-257
204
-350
-174
104
-287
-115
248
-463
151
118
-486
553
-261
-98
451
-412
322
-55
-69
315
-371
369
-164
-151
403
-554
328
-20
-448
438
-528
99
-8
-455
230
-473
12
-130
-326
82
-380
-72
-71
-318
120
-262
-94
130
-440
233
-137
-268
435
-474
66
340
-629
532
-91
-296
613
-406
271
199
-95
265
16
184
-38
344
-91
103
341
-292
477
-90
39
418
-290
531
-45
16
338
-151
358
-100
331
-32
-70
438
-407
389
3
-246
461
-316
184
128
-147
161
-143
154
-128
35
133
-308
370
-205
-33
390
-403
357
119
-251
580
-231
189
340
-292
438
3
-75
283
-42
-11
160
-33
-134
156
-109
-267
299
-327
-150
291
-570
121
14
-531
275
-304
-288
169
-408
-154
142
-494
37
-64
-449
116
-234
-279
74
-75
-218
170
-137
-158
302
-272
119
292
-381
496
-63
-278
716
-541
138
490
-775
691
-211
-429
801
-840
308
119
-710
644
-548
77
61
-289
193
-293
206
-292
99
5
-328
352
-261
-12
223
-344
221
-38
-208
388
-207
68
259
-237
295
50
-156
353
-211
68
214
-245
284
-126
19
99
-140
183
-140
132
98
-117
274
-32
-19
310
-228
218
89
-200
336
-274
156
37
-180
248
-296
115
74
-220
285
-147
46
141
-187
224
-41
51
107
-40
182
-8
189
4
118
147
-41
334
-157
277
165
-173
449
-181
167
147
-202
347
-204
95
142
-269
257
-134
-98
172
-211
-22
-32
-52
-182
17
-97
-329
211
-407
-50
58
-511
253
-270
-320
325
-468
7
21
-276
53
-125
30
-143
205
-256
48
166
-389
368
-142
-127
363
-293
14
224
-274
39
169
-323
141
42
-236
195
-192
57
39
-217
251
-162
13
117
-205
147
-123
2
78
-146
3
75
-253
144
39
-316
353
-223
-89
321
-405
270
75
-333
423
-197
-69
283
-170
41
212
-133
31
255
-183
107
219
-213
197
130
-190
244
56
-77
270
-4
-10
277
-116
142
192
-157
299
-116
69
173
-96
187
-74
163
-65
116
66
-129
321
-248
173
82
-252
396
-294
84
196
-413
381
-195
-116
360
-439
215
104
-503
556
-324
-178
446
-619
310
29
-372
317
-223
-73
100
-185
28
-1
-69
7
-26
-13
-14
-109
117
-114
33
17
-144
85
-165
54
-108
-118
87
-241
100
-133
-101
142
-249
106
8
-182
160
17
-136
259
-83
-67
248
-244
261
-43
-118
385
-384
340
13
-175
265
-159
149
-124
175
-42
-154
330
-405
169
87
-456
392
-318
-115
180
-370
57
-12
-189
-13
2
-132
-138
155
-125
-139
358
-345
52
403
-596
608
-97
-313
794
-695
373
304
-577
623
-219
-107
381
-291
157
97
-18
-24
128
-17
-75
255
-228
136
99
-224
268
-172
-19
183
-225
107
0
-2
136
-91
188
-39
68
149
-163
278
-19
-5
188
-100
168
-40
39
96
-85
195
-108
71
93
-87
160
-87
77
23
-59
151
-153
164
-25
-192
273
-266
61
120
-330
291
-176
-130
212
-298
129
-79
-117
59
-194
172
-285
123
-97
-241
330
-542
293
-37
-368
438
-445
143
124
-305
255
-68
-82
163
-102
8
77
-20
41
-30
146
-195
140
21
-249
317
-260
-29
227
-356
195
-46
-229
188
-168
-56
53
-135
3
-55
-147
4
-141
-99
-27
-163
8
-81
-147
-38
-52
-65
-56
54
-104
85
-20
19
120
-26
201
-68
76
280
-177
292
72
-136
385
-184
104
147
-43
118
-11
139
-156
210
89
-288
448
-205
-70
375
-387
280
82
-280
326
-186
25
137
-216
266
-165
18
182
-267
348
-146
-27
295
-366
363
-145
-113
421
-447
358
-23
-320
558
-379
75
336
-368
315
21
-96
230
-89
93
-20
34
90
-115
188
-176
52
96
-335
295
-180
-124
289
-321
70
129
-315
233
-83
-172
218
-221
-23
112
-232
-45
139
-396
111
95
-474
304
-178
-200
206
-276
89
-102
6
66
-166
227
-218
84
189
-346
387
-182
-112
331
-413
301
-12
-296
422
-314
33
213
-306
217
-89
-89
126
-67
-58
112
-29
-116
137
-205
62
43
-242
244
-231
0
111
-321
295
-194
-77
276
-364
253
30
-247
303
-145
-24
224
-166
152
137
-127
193
36
20
146
42
62
108
124
-22
145
60
-18
171
-148
114
32
-125
142
-134
36
-43
43
-139
21
147
-324
333
-144
-133
378
-407
176
167
-343
294
-87
-118
189
-138
-10
107
-154
111
3
-135
230
-116
29
196
-205
141
97
-195
205
-21
-97
173
-139
54
35
-116
124
-129
25
0
-75
51
-109
-17
53
-138
-9
62
-148
37
-9
-99
12
-21
-81
-75
49
-175
-18
62
-285
157
-68
-231
276
-249
-59
302
-410
253
144
-369
360
-98
-126
314
-204
-7
233
-255
100
163
-265
210
32
-247
291
-126
-130
286
-263
29
155
-242
65
-19
-78
-45
-8
-5
-185
195
-130
-208
370
-386
73
263
-450
411
-95
-182
351
-271
97
146
-197
164
-5
-64
97
-46
15
23
64
-27
11
147
-83
66
102
-128
154
2
-95
215
-126
44
72
-145
117
-48
-9
10
-4
71
-85
114
-38
12
159
-138
144
69
-92
193
-25
-24
226
-126
56
168
-92
107
76
-80
72
97
-112
46
94
-143
139
-52
-100
156
-199
62
9
-106
83
-132
40
-25
-58
43
-108
0
-3
-76
21
-70
-58
56
-164
37
6
-146
97
-140
-5
20
-153
66
-63
-65
64
-97
-7
28
-70
57
1
-20
78
-45
13
51
-68
66
-12
-57
68
-37
-38
21
-22
-14
-55
49
-55
-4
68
-88
58
-21
-36
52
-21
-18
18
-15
-65
55
-58
-72
98
-154
31
53
-121
133
-49
0
76
-78
108
-22
26
93
-38
76
-6
19
52
-26
32
1
-7
-6
5
29
-45
12
-3
-15
-1
-8
-1
-6
-15
4
-14
-2
33
-73
66
30
-84
85
5
-50
81
-18
-7
83
-44
12
88
-72
34
88
-109
57
43
-89
104
-54
-22
113
-89
40
49
-5
26
6
7
52
0
-10
73
-37
5
31
-42
26
1
-8
31
-48
9
-1
-41
20
-41
-25
10
-73
-30
40
-96
-28
10
-110
39
-70
-53
31
-84
-7
10
-64
11
2
-43
31
8
-7
33
56
-47
94
29
-62
136
-71
36
87
-113
102
-21
-54
45
-61
0
-5
-43
18
-37
-13
-8
-52
22
-57
-30
21
-102
13
-16
-112
29
-62
-54
-3
-27
-32
-3
8
-18
-8
49
-13
8
82
-33
57
23
-32
88
-25
22
52
-35
53
2
-7
54
-22
13
47
-52
58
12
-43
80
-31
-20
56
-26
-6
45
1
3
24
48
-25
8
93
-66
9
71
-72
46
60
-56
33
20
-7
11
28
-12
17
45
-25
47
27
3
49
18
-11
58
6
-24
73
2
-11
59
-22
-22
61
-77
21
38
-103
80
-56
-59
105
-128
20
34
-116
65
-25
-55
25
-20
-53
6
-15
-73
45
-58
-54
42
-75
-8
11
-36
4
-23
-18
23
-15
-3
-10
16
-11
-4
26
-28
28
12
-28
35
-11
-6
33
-31
45
-14
16
5
-16
20
-29
32
-51
-6
21
-70
43
-28
-34
7
-17
-29
-33
28
-78
47
-13
-52
44
-65
17
-10
0
-2
-23
42
-45
30
14
-36
34
17
-9
54
17
42
32
-5
81
-25
47
49
-26
60
5
-12
57
-14
19
34
-24
15
9
2
10
36
4
20
48
-18
44
47
-34
24
13
1
-2
12
-7
-4
1
-42
26
-15
-19
59
-35
17
69
-46
66
27
-22
68
-12
-5
57
-16
-22
24
-32
-11
-10
-36
-12
1
-18
-29
13
-27
-27
8
-34
-3
-10
-45
0
-27
-26
5
-68
14
-47
-33
9
-74
19
-30
-35
5
-11
6
-1
6
19
4
11
27
-1
21
39
-10
10
38
-13
8
30
-28
20
8
-18
1
0
0
0
-13
1
10
-32
14
-15
-20
2
-32
2
-18
-20
-2
-28
-13
1
-10
-25
13
7
-10
51
-32
25
26
-42
60
-11
2
36
-17
20
6
-4
12
11
4
28
37
7
46
16
23
44
-23
50
17
-24
48
-7
-17
13
-18
-15
-7
-7
-24
-11
0
-15
9
-7
-19
19
-10
-32
37
-22
1
27
-36
26
-1
-29
20
-11
8
12
1
15
16
2
41
1
-1
56
-1
6
38
4
3
35
-18
13
5
-23
6
-18
-15
-9
-27
33
-39
-17
24
-45
2
-17
-8
-1
7
-32
-5
7
-55
34
-39
-36
36
-46
-2
-15
-41
5
-19
-42
0
-12
-22
-11
-3
-19
-13
-9
-32
37
-37
-20
52
-66
45
-4
-54
65
-48
-7
33
-21
1
32
-9
-25
40
-12
1
21
-8
21
-8
0
-5
-7
-6
-31
37
-16
-16
15
-23
18
-5
-23
23
-9
-10
28
-31
9
33
-29
26
15
-42
51
-9
-29
60
-12
11
21
13
8
8
28
-14
42
9
-7
59
-15
2
57
-50
31
41
-41
61
-3
-25
48
-21
-7
22
-32
18
-6
-3
27
-3
21
4
-9
14
0
17
16
10
13
10
9
-23
21
-6
9
-1
-25
33
-21
-5
12
-17
-9
-1
-19
-13
7
-34
8
-19
-32
-5
-24
-5
-18
-24
2
-12
-25
18
-14
-30
20
-19
-22
30
-30
1
19
-35
12
-1
-30
12
-9
-24
2
-16
-15
1
-13
-25
-5
-2
-17
-7
5
-8
-2
20
-29
13
13
-11
21
-7
12
-9
14
6
-13
25
-9
0
27
1
9
24
4
21
6
-2
9
-1
15
5
-13
7
-15
-3
-13
-20
9
-22
6
-7
-17
6
-6
9
-9
16
1
3
37
-9
8
17
11
-5
14
7
-4
23
-2
21
14
-4
16
11
4
14
22
8
18
27
20
-10
25
-4
2
14
-21
14
-16
-7
2
-26
9
-15
-31
26
-29
-24
16
-23
-8
-3
-17
-12
-12
-17
-13
0
-26
-2
-7
-11
-5
4
-6
-21
17
-12
-6
11
-4
8
4
-1
3
12
6
1
23
5
9
12
2
11
5
2
20
-12
3
21
-24
23
-7
-6
10
-26
18
-9
-13
-2
-21
8
-36
-8
4
-34
26
-23
-11
17
-12
14
6
0
7
13
21
-3
5
4
-10
10
5
3
8
3
4
-1
11
6
-1
20
4
6
6
-5
9
0
5
-9
-19
7
-21
-9
-23
-10
4
-26
6
-15
-19
11
-12
-15
10
-11
10
2
-10
13
-9
10
-8
-11
17
-6
4
9
0
0
5
-1
2
5
6
14
-13
14
21
-16
13
2
-23
24
-13
-11
19
-16
-2
9
-13
-2
12
-27
9
1
-25
14
-14
-12
2
-19
-11
-10
-7
-4
-25
-4
-3
-14
0
-6
3
5
-2
-9
7
8
-6
12
0
-2
-2
9
-6
-14
30
-23
9
9
-17
22
-25
21
5
-1
16
-23
28
-1
-10
16
-10
4
5
-10
8
-10
-6
2
-9
2
-1
0
12
-2
2
28
-14
16
21
-2
17
12
13
25
-3
7
