SAMPLES:	13785
BITSPERSAMPLE:	16
CHANNELS:	1
SAMPLERATE:	16000
NORMALIZED:	FALSE
-14
-12
-20
-10
1
-4
-4
9
7
-2
5
2
-9
-5
2
14
1
2
-4
-11
-3
-5
-1
-4
-1
2
6
-6
-6
2
-2
2
-4
-5
5
6
8
5
-3
0
-9
-1
-10
2
-5
-15
-2
-4
-13
-8
2
3
4
7
10
4
5
2
1
9
10
14
15
14
17
11
11
13
-1
-3
0
-8
-3
-12
-8
-5
2
-3
-6
-2
-10
-4
-10
-5
-13
0
0
0
9
2
4
2
-1
-1
7
5
1
0
-12
-11
-3
0
0
5
8
-1
13
-6
-6
6
-2
-5
-3
-2
-9
2
-2
-4
-2
-3
-16
-8
-3
12
1
6
15
3
0
-10
4
7
11
-10
1
2
-5
2
1
-10
-6
1
-1
4
-9
-4
-4
0
4
-3
6
11
6
3
2
7
7
-9
6
-4
-2
0
-6
10
-3
8
10
1
12
9
8
5
-2
-13
-10
-1
-3
3
3
-2
-3
4
1
-11
-1
7
-2
-17
-6
4
-7
-11
-12
-13
-10
-6
-8
-5
-11
-7
-2
-5
8
-10
-5
-9
0
7
-10
1
-8
-12
-9
-2
4
10
-1
2
8
7
10
-13
-12
8
2
-3
7
-3
-4
3
2
-9
-16
-3
-10
-3
-10
-7
-18
-8
6
4
-2
-7
-4
-16
2
-9
-15
-3
-5
-12
-5
8
5
-2
-6
-8
-6
2
-3
-1
0
-12
-10
-13
6
6
3
4
0
6
0
0
3
0
-9
1
6
3
-4
12
9
0
13
-2
3
0
-8
-15
-5
-1
-4
-2
-18
-21
-18
-10
-5
4
1
-7
-22
-6
2
1
-5
4
1
-1
9
-4
1
-12
1
-6
-9
-2
7
7
2
-4
-5
6
-3
-7
5
7
3
2
-7
11
3
13
15
3
1
-10
-9
-5
2
1
10
7
1
5
9
13
1
4
2
-2
7
13
20
14
8
6
9
15
9
6
9
7
-3
-7
5
15
6
2
-1
4
10
7
3
2
9
2
19
11
7
5
-10
-1
0
-1
-4
-10
-10
-4
-1
-1
-15
-14
-9
2
-8
-12
3
-8
-9
-2
-5
-1
1
-9
4
0
-6
8
-8
-18
-17
2
0
-10
-1
-8
-2
-7
2
7
6
2
-4
0
0
0
1
4
-3
-3
-8
-9
-1
0
0
-8
3
-1
-13
2
7
-5
-20
-5
2
-6
-1
-7
2
17
10
0
10
10
-10
8
8
5
-3
2
3
1
15
4
5
13
2
0
6
7
16
5
1
6
1
9
-3
1
10
-2
0
0
-5
-4
9
7
-6
10
14
13
15
1
-8
0
8
4
4
0
-6
-10
-3
-1
-9
-13
-14
-14
-11
1
-7
-9
-16
-11
1
1
1
3
2
-10
-8
1
-11
-13
0
-14
-14
-7
-2
-14
-14
-8
-12
0
3
6
7
6
12
13
13
12
0
-4
-2
4
7
1
1
0
12
8
14
10
-5
4
-3
7
1
-5
2
-2
-12
4
18
6
0
0
-5
2
3
-4
15
11
1
1
1
-5
-7
8
5
-12
-27
-4
10
-2
7
4
-4
-3
7
26
15
6
-6
-3
6
6
9
16
6
-5
3
-7
2
-3
-7
9
2
-1
-12
-11
-1
2
-5
-15
1
4
-2
5
18
1
2
7
2
0
-2
2
3
5
2
3
-1
1
2
5
-4
3
-6
-9
-16
-13
-2
-8
-6
-19
-12
-1
4
0
-13
-12
-9
-19
-23
-24
-19
-13
-11
-15
-7
-11
-8
1
1
10
14
7
-10
2
-10
-1
-5
-13
-2
-10
-16
-18
-10
-14
-10
-2
-2
-5
-9
-13
1
15
13
19
22
27
26
30
32
33
25
13
14
24
28
31
24
9
14
20
19
23
19
17
21
25
19
25
27
31
19
16
13
3
22
16
18
13
12
9
12
13
17
16
14
16
22
16
12
10
3
6
15
11
1
-2
-12
-11
-22
-14
-9
-20
-13
-35
-30
-31
-28
-26
-39
-36
-33
-33
-25
-18
-24
-31
-42
-25
-27
-42
-29
-35
-33
-35
-40
-43
-42
-34
-26
-29
-39
-38
-49
-39
-38
-45
-41
-41
-40
-40
-43
-45
-44
-44
-34
-32
-37
-30
-32
-40
-29
-41
-47
-26
-37
-31
-35
-40
-24
-21
-24
-18
-21
-20
-22
-21
0
0
-11
-5
-7
-3
11
11
13
11
9
15
33
33
28
37
28
29
40
42
51
47
49
57
57
68
55
51
76
70
76
68
78
86
73
71
78
85
90
84
77
80
84
85
90
86
71
82
79
70
70
79
74
72
72
58
69
65
61
54
49
57
50
50
46
46
41
44
37
36
35
30
26
32
16
-1
23
21
4
8
14
5
-4
-2
-3
-11
-18
-15
-17
-25
-30
-34
-32
-46
-49
-49
-48
-51
-63
-50
-67
-66
-67
-84
-91
-95
-87
-104
-110
-119
-124
-126
-135
-156
-171
-178
-188
-199
-200
-225
-243
-243
-264
-282
-295
-296
-305
-307
-308
-308
-307
-306
-299
-292
-280
-274
-260
-237
-228
-200
-177
-161
-132
-107
-73
-56
-13
27
51
83
106
129
169
193
230
271
291
311
337
367
393
397
394
398
411
421
415
416
421
409
413
409
395
393
368
354
342
325
312
287
269
262
245
225
211
187
178
163
141
133
114
105
97
89
74
67
54
46
41
45
45
33
41
48
54
55
60
72
78
73
85
97
98
112
134
147
147
165
176
185
185
180
182
174
177
178
171
173
159
142
114
87
46
-11
-71
-138
-219
-313
-401
-484
-567
-658
-746
-835
-915
-982
-1045
-1124
-1170
-1207
-1254
-1279
-1291
-1292
-1268
-1242
-1200
-1146
-1092
-1030
-974
-887
-823
-752
-670
-597
-502
-418
-334
-233
-143
-42
48
113
191
251
307
365
412
457
488
523
549
579
613
630
649
673
687
679
674
666
653
642
628
616
602
585
576
564
557
543
532
526
521
522
503
509
519
521
513
509
509
495
502
495
497
483
461
463
446
428
410
404
397
392
393
389
404
413
423
435
445
446
439
436
421
410
399
380
387
377
379
391
392
404
395
381
362
360
359
327
307
291
278
260
250
241
224
215
185
159
124
68
6
-83
-172
-277
-384
-507
-648
-768
-927
-1078
-1203
-1344
-1460
-1569
-1673
-1758
-1828
-1883
-1929
-1966
-1984
-1975
-1957
-1931
-1888
-1835
-1777
-1704
-1620
-1518
-1408
-1292
-1188
-1080
-962
-838
-708
-579
-442
-313
-204
-57
67
177
286
377
480
554
645
725
771
822
853
861
869
873
862
843
830
814
812
842
858
854
823
767
719
676
610
493
366
329
401
509
633
782
945
1107
1200
1177
1066
934
787
639
519
432
411
465
579
703
802
873
924
915
855
760
626
501
384
320
312
370
477
595
702
784
846
879
869
805
691
559
460
407
383
378
401
493
573
641
654
630
613
562
496
392
314
268
278
312
351
395
425
432
407
314
169
-14
-253
-516
-811
-1100
-1384
-1645
-1890
-2075
-2242
-2375
-2480
-2558
-2604
-2678
-2774
-2873
-2964
-3030
-3038
-3038
-2973
-2839
-2665
-2455
-2226
-1967
-1693
-1416
-1157
-936
-761
-592
-417
-230
-30
186
401
607
773
903
1017
1103
1135
1083
993
890
815
747
665
607
578
592
610
634
626
629
663
662
596
484
374
282
263
249
229
230
267
323
401
516
614
659
543
357
295
437
665
684
421
125
216
841
1566
1928
1859
1716
1853
2192
2347
2132
1694
1340
1299
1404
1425
1307
1127
990
946
920
970
1110
1172
1132
981
907
1025
1228
1317
1244
1149
1175
1344
1510
1542
1477
1446
1487
1530
1472
1371
1311
1298
1177
846
379
-77
-394
-651
-975
-1417
-1892
-2354
-2835
-3359
-3854
-4259
-4514
-4718
-4968
-5250
-5494
-5604
-5590
-5485
-5310
-5079
-4803
-4505
-4193
-3790
-3292
-2792
-2324
-1862
-1332
-667
-4
510
801
994
1297
1726
2141
2384
2380
2186
2049
2039
2167
2290
2199
1915
1535
1248
1131
1100
954
613
160
-178
-287
-280
-327
-479
-657
-755
-727
-607
-485
-404
-382
-361
-254
-7
299
542
654
674
813
1173
1624
1925
1960
1853
1806
1885
2029
2070
1988
1848
1760
1769
1781
1750
1684
1645
1600
1559
1515
1487
1520
1523
1470
1396
1444
1604
1785
1875
1873
1862
1908
2042
2151
2223
2140
1897
1630
1515
1668
1904
1916
1597
1122
845
872
1029
1113
1005
797
673
706
777
645
171
-551
-1200
-1568
-1781
-2160
-2879
-3824
-4650
-5042
-5039
-4955
-5261
-6001
-6793
-7140
-6893
-6382
-6088
-6201
-6400
-6289
-5628
-4612
-3671
-3091
-2836
-2646
-2253
-1539
-693
-46
224
309
538
1084
1830
2367
2535
2454
2381
2460
2668
2870
2904
2738
2423
2120
1977
1949
1915
1737
1310
732
217
-84
-194
-294
-542
-892
-1153
-1247
-1263
-1288
-1263
-1114
-840
-562
-373
-231
7
414
916
1411
1741
1906
1953
2013
2134
2328
2524
2601
2517
2338
2253
2310
2504
2671
2657
2466
2241
2213
2388
2578
2556
2391
2251
2261
2424
2565
2656
2695
2710
2663
2581
2578
2688
2828
2852
2710
2436
2143
1983
1980
2030
1959
1654
1255
992
921
996
1086
916
368
-515
-1486
-2135
-2366
-2579
-3234
-4418
-5656
-6371
-6348
-6054
-6223
-7039
-8098
-8636
-8348
-7600
-7041
-7063
-7398
-7490
-6845
-5564
-4301
-3633
-3560
-3478
-2872
-1724
-430
438
664
561
689
1319
2204
2897
3057
2828
2623
2694
3041
3426
3643
3553
3145
2592
2187
2090
2121
1967
1390
518
-208
-541
-520
-460
-707
-1324
-2020
-2369
-2210
-1769
-1422
-1438
-1638
-1616
-1113
-205
657
1090
1081
1029
1348
2078
2809
3116
2979
2716
2726
3032
3331
3367
3088
2767
2613
2663
2807
2871
2788
2529
2292
2261
2488
2784
2862
2681
2536
2675
3006
3292
3350
3220
3098
3034
3046
3091
3058
2906
2699
2513
2344
2154
1968
1875
1810
1629
1266
917
779
575
-7
-994
-1959
-2552
-3085
-3872
-4824
-5735
-6389
-6670
-6855
-7352
-8233
-8937
-9014
-8689
-8466
-8498
-8485
-8129
-7435
-6497
-5506
-4867
-4511
-3952
-3003
-1909
-1079
-466
114
649
1199
1805
2374
2685
2722
2731
2925
3221
3454
3488
3419
3371
3323
3175
2826
2397
2080
1860
1570
1082
445
-75
-373
-550
-847
-1445
-2098
-2404
-2280
-2040
-1978
-2036
-2062
-1866
-1386
-785
-263
47
302
713
1327
1993
2499
2783
2870
2927
3137
3453
3623
3463
3125
2913
2957
3123
3126
2931
2584
2345
2398
2597
2712
2617
2440
2407
2573
2807
3038
3134
3076
3000
3055
3256
3425
3515
3553
3432
3209
3081
3156
3204
2934
2558
2332
2188
2037
1838
1520
783
-458
-1563
-2173
-2706
-3662
-4866
-5880
-6725
-7282
-7545
-7957
-8752
-9678
-10042
-9833
-9629
-9551
-9305
-8735
-8069
-7352
-6452
-5556
-4805
-4070
-3183
-2194
-1271
-394
584
1490
2074
2513
2931
3295
3565
3734
3818
3862
3891
3923
3916
3786
3543
3202
2726
2192
1764
1446
1138
674
118
-390
-842
-1209
-1594
-2077
-2630
-3001
-2926
-2641
-2585
-2655
-2578
-2276
-1793
-1253
-734
-344
38
683
1483
2155
2621
3011
3330
3480
3565
3708
3844
3817
3761
3787
3703
3512
3354
3203
2958
2648
2525
2596
2567
2441
2483
2606
2690
2782
2908
2971
2923
3060
3386
3518
3440
3535
3772
3915
3840
3667
3561
3403
3317
3355
3227
2961
2699
2267
1370
52
-1089
-1911
-3012
-4365
-5396
-6247
-7096
-7737
-8259
-8956
-9955
-10677
-10737
-10730
-10845
-10643
-10046
-9297
-8612
-7738
-6707
-5840
-4986
-3971
-2887
-1851
-803
330
1436
2318
3022
3640
4009
4240
4417
4440
4518
4716
4815
4610
4252
4074
3887
3323
2587
2062
1592
1010
492
82
-427
-1188
-1848
-2234
-2784
-3472
-3883
-4011
-4018
-3947
-3672
-3216
-2851
-2477
-1986
-1450
-869
-252
450
1243
1990
2699
3361
3788
3995
4118
4154
4161
4062
3900
3892
3896
3793
3599
3387
3179
2863
2535
2342
2286
2324
2534
2755
2872
2958
3176
3507
3626
3555
3586
3798
4117
4508
4801
4975
5117
5251
5270
5097
4906
4746
4428
4080
3726
3015
1873
647
-499
-2206
-4733
-6766
-7562
-8238
-9575
-10880
-11598
-12099
-12730
-13131
-13296
-13833
-13942
-12619
-10712
-9403
-8422
-6839
-4907
-3517
-2326
-811
538
1554
2783
4382
5666
6325
6736
6942
6585
6058
5809
5471
4846
4188
3657
3211
2746
2215
1260
-378
-1737
-2217
-2586
-3257
-3836
-3968
-3906
-4089
-4276
-4358
-4759
-5065
-4619
-3800
-2984
-1901
-438
966
1682
2090
2760
3371
3869
4257
4598
5024
5336
5514
5365
4511
3309
2251
1394
773
270
-179
-357
-414
-504
-538
-639
-687
-644
-526
52
1151
2490
3878
4996
5791
6367
6789
7289
7682
7871
8214
8777
9362
9666
9620
9286
8349
7033
6145
5479
4411
3358
2410
828
-2049
-5593
-8248
-10458
-13082
-14623
-14943
-15488
-15804
-14961
-13390
-12707
-12907
-12229
-11107
-10056
-7682
-4059
-1184
68
1130
2965
4584
5414
6080
6351
5922
5934
6696
6967
5944
3924
1597
-883
-3132
-4264
-4920
-5967
-6525
-6237
-5798
-5534
-5408
-5298
-5341
-5024
-3543
-1368
529
2210
3940
5051
5554
5957
5769
4648
3370
2836
2945
3006
2825
2086
712
-648
-1720
-2294
-2514
-2528
-2089
-1534
-834
230
752
504
-4
-629
-806
-322
572
1518
1952
2116
2471
2674
2603
2571
2789
3320
4071
5106
6281
6903
6978
7090
7123
6904
6723
6884
7150
7091
7061
7254
6874
6004
5282
4464
3559
2792
2399
2433
1874
809
99
-1788
-6100
-10755
-13348
-14652
-15686
-15102
-13715
-13607
-13414
-11305
-8202
-6673
-6404
-4742
-2222
441
4100
7283
7982
6421
4468
3284
2553
1971
1030
-431
-2030
-3405
-4364
-5606
-7560
-9834
-11620
-11841
-10335
-7649
-4992
-3074
-895
1485
3236
4659
6090
7346
8159
9029
10250
10557
9216
7238
5118
2438
-154
-2112
-3878
-5465
-6971
-8094
-8326
-8546
-8481
-7401
-5918
-3867
-1099
1907
4621
6738
8394
9293
9338
8848
7814
6389
4755
2922
677
-1877
-3898
-5322
-6594
-7084
-6413
-5415
-4097
-1782
774
2923
4851
6727
8627
10149
11385
12718
13577
13403
12588
11519
9988
7950
5736
3743
2435
1303
226
-372
-1142
-1909
-2365
-2342
-1582
-1245
-1012
-80
521
-718
-4884
-8540
-9826
-11511
-11627
-9835
-9431
-9694
-8784
-5759
-2925
-3019
-3288
-2415
-1337
699
3487
5422
4578
1765
-536
-1698
-2314
-3353
-4682
-5836
-6853
-7116
-6632
-6145
-6754
-8295
-8650
-7329
-4743
-1498
1074
3270
5362
6874
7822
8021
7552
6764
6048
5722
5520
4476
2366
97
-2336
-4326
-5425
-6476
-6422
-5743
-5408
-4026
-2654
-1627
-555
-187
1138
3030
4238
5546
6286
6700
6565
5306
4148
2345
-150
-1678
-2409
-2924
-3602
-4385
-4654
-4525
-4012
-2633
-752
825
2705
5122
7331
9349
10583
10801
10647
9987
9545
9656
9192
8095
6806
5255
3548
2079
693
-497
-1368
-2146
-1849
-578
410
1780
3339
4429
5408
5882
5875
4377
-155
-6659
-11412
-13338
-14718
-14479
-12954
-13017
-12860
-10246
-5743
-2079
-1273
-453
1324
3313
6236
8569
8805
5776
463
-3488
-5487
-6912
-8486
-10312
-11524
-11857
-11235
-9578
-7937
-7562
-7701
-5984
-2546
1607
5772
8561
10671
12249
12239
11159
9153
6273
3377
1000
-629
-1913
-3715
-5857
-7185
-7922
-8511
-8177
-6972
-4953
-2180
704
3387
5412
6639
6702
6200
6268
5714
4607
3910
3323
3041
2208
922
-471
-2871
-4780
-5329
-5113
-4459
-4202
-3844
-3003
-2122
-805
787
2009
2674
3836
5898
8026
9942
10788
10796
10585
9826
9361
8862
7593
6157
4617
3633
3001
1830
486
-1138
-2181
-1433
-160
1030
2749
4321
5661
7399
8816
7962
1636
-8117
-13938
-16522
-17982
-15628
-12960
-12704
-11806
-8078
-1886
2041
2020
1555
1748
3420
6753
9628
9839
5581
-1293
-6908
-10017
-11714
-13314
-14696
-15254
-14056
-10965
-6905
-3169
-1902
-2253
-1743
182
4128
8293
10324
11314
12011
11335
8848
5495
1495
-3133
-6785
-8495
-8347
-7493
-6806
-5481
-4110
-3177
-2333
-1085
1596
4133
6076
8708
10433
10094
7869
5090
1911
-2449
-5070
-5790
-5941
-4057
-1798
-284
918
942
402
-131
-269
-269
-774
-363
615
604
192
-221
-1034
-1834
-1454
217
2657
5526
8175
10518
12200
12564
12006
10640
8520
6195
4085
2534
1211
54
-597
-804
-856
-876
30
1658
3096
5362
8141
9935
11153
11529
10523
6236
-4075
-14227
-18701
-22009
-23187
-19536
-16145
-13995
-9536
-2300
4316
6371
5580
5256
5993
7795
9375
9544
7438
1956
-4783
-9805
-13143
-15829
-18247
-19327
-17628
-14107
-9681
-3824
1289
3500
4320
4937
6302
9012
10496
10266
10733
10571
7659
3783
50
-4588
-9557
-12896
-13249
-11495
-9226
-5733
-1203
2316
4719
6597
7573
7809
7394
6341
6145
6367
4645
2268
90
-3338
-6260
-7790
-8758
-7750
-4771
-1366
2037
5049
6291
5503
4544
2911
-445
-3338
-4915
-5749
-5432
-4353
-3364
-2582
-1560
247
2949
5881
8450
10823
12884
14270
14722
13864
11654
8056
3708
280
-1898
-3796
-5009
-4731
-3775
-2447
-467
1285
3165
5446
7362
9640
11934
13084
13635
13556
11787
5942
-5523
-16971
-23156
-26854
-28270
-25048
-20496
-16099
-8725
1494
10157
13555
12763
11443
11057
10988
10183
8281
4635
-1709
-8552
-13421
-17056
-20201
-22357
-22443
-19374
-13980
-7509
32
7004
11083
12703
12689
11490
10502
9131
6830
5221
3412
-150
-3900
-6419
-8463
-10843
-12785
-12716
-10251
-6248
-954
4993
9294
11352
12482
12563
11017
7521
2981
-358
-2607
-4447
-5055
-5798
-7654
-8300
-7350
-5991
-3359
371
3365
6108
9346
10669
9311
7192
3398
-2305
-7004
-10150
-12172
-12165
-10249
-6828
-2480
1903
6148
10050
13207
15187
15821
15372
14188
12487
10162
7344
3861
-956
-5358
-7528
-8774
-8878
-6690
-4051
-1515
2414
6890
10180
12440
14094
14786
15108
15670
15073
12040
5855
-5047
-17362
-24529
-28074
-31051
-30159
-25445
-19522
-10739
1338
12188
17178
17398
16616
15682
14374
11690
6781
1222
-4747
-11101
-15861
-18892
-21299
-23070
-22702
-18707
-12626
-6324
890
8371
13750
16357
16595
14736
11879
8611
4822
1602
-1013
-4881
-8992
-10417
-10188
-10247
-10256
-9943
-8097
-4019
1023
6643
11190
12787
12969
12703
11482
8295
2906
-2167
-6200
-9058
-8977
-8067
-8252
-7386
-5146
-2929
-62
4063
6901
7383
8603
9791
7963
5222
2058
-3517
-8784
-11414
-13148
-13758
-11579
-7661
-2867
3015
8812
13039
15597
16996
16718
14916
12656
9493
5491
2461
312
-2435
-5060
-6311
-7000
-6991
-4577
-1204
1345
4712
8919
12092
14857
17270
17264
15754
14584
12122
6561
-3354
-16193
-25345
-29149
-30987
-29809
-25532
-20792
-13921
-2265
10854
18927
20315
18674
17126
15927
13488
8960
2779
-4895
-12311
-16843
-19068
-20708
-22276
-23267
-20719
-13885
-6844
-366
6807
12284
15227
16609
15664
12879
9102
4293
541
-1162
-3839
-8297
-10889
-10413
-9395
-8775
-7620
-5885
-3347
1028
6599
11234
13311
12957
11599
9658
7140
3155
-3086
-8120
-9855
-10228
-9216
-6926
-5174
-4179
-2166
1511
4870
6896
7587
7074
6915
6601
4606
1395
-3151
-8163
-11399
-12537
-12180
-10463
-7620
-3547
1940
7907
12899
15767
16083
14864
13322
11204
8012
4506
1468
-1186
-2852
-2947
-2704
-2797
-2415
-919
1422
4196
7507
10040
10903
12085
13939
14626
14548
13718
9495
279
-11584
-20712
-25379
-28767
-30111
-26882
-21788
-15400
-4670
8285
17280
19716
18900
17907
16327
13513
8866
2762
-3859
-10691
-15709
-18188
-20151
-21831
-22321
-20558
-15506
-8905
-2748
3717
10366
14919
16665
16008
13151
9379
5231
1193
-1192
-3376
-7343
-10400
-9951
-8011
-7085
-6867
-6121
-4084
-383
4773
9731
11939
11024
9073
8266
7573
3793
-2084
-6689
-9358
-9796
-7539
-4606
-3601
-3608
-1471
2351
5460
7375
7201
5391
4561
4631
3748
1358
-2773
-7832
-11296
-11681
-10460
-9332
-7647
-4284
540
6222
11775
15116
15342
14159
12879
10885
8127
5024
1504
-1322
-2091
-1801
-1522
-860
-267
434
2780
6169
8272
9305
10884
12515
13937
15737
15572
10708
901
-11710
-20947
-24845
-28372
-30437
-27285
-21593
-14170
-2390
10698
18128
18788
17691
17462
16482
13194
7624
1372
-4559
-10260
-14173
-16401
-19122
-21915
-22995
-20511
-14488
-8548
-3507
2976
9523
13880
16180
15826
12540
8124
3749
340
-1405
-3721
-7802
-10400
-9420
-7179
-6197
-6457
-6486
-4994
-1503
3935
9377
11792
11036
9385
8279
7448
4334
-1760
-6716
-8411
-8272
-6544
-3714
-2169
-2191
-564
3369
6400
7350
6450
4225
3228
3446
2383
-266
-4217
-8631
-11058
-10751
-9329
-8061
-6564
-3536
1148
6495
11152
13627
13604
12354
11276
10240
8141
5234
2501
267
-579
155
955
1009
1270
2754
4994
7371
9504
10686
11714
13419
14191
11085
1940
-10051
-18087
-21976
-24971
-25046
-21894
-18439
-12063
-129
11393
16220
15560
13592
12729
12451
10568
6538
1536
-4036
-8795
-11025
-12338
-15058
-18649
-20403
-17919
-12570
-7749
-3216
2069
6714
10180
12337
11984
9390
5863
2429
683
160
-2221
-6298
-8169
-7077
-5993
-6001
-6312
-6662
-6028
-2921
1984
5935
7678
8178
8425
8898
8058
4417
-109
-3695
-5532
-5188
-4243
-3870
-3865
-3160
-1136
1246
3665
4684
3328
2888
3985
3927
2895
894
-2742
-6326
-7846
-7665
-7214
-6458
-4778
-2059
1653
5924
9229
10158
9385
8375
7442
6280
4922
3417
2343
2732
3827
4289
4791
5197
4805
5480
7778
9273
9623
10726
11820
10220
4394
-5462
-14873
-19933
-23484
-25530
-22630
-17851
-12903
-3642
8749
16907
17654
15257
13803
12348
9387
5541
1385
-3235
-7673
-9816
-9736
-10619
-13462
-16131
-16017
-12611
-8857
-5881
-1523
3330
6677
9181
10262
8790
5554
1762
-730
-1031
-1614
-4218
-6333
-5593
-3741
-3059
-3430
-4282
-5195
-5128
-2651
1580
4402
5085
5781
7044
7815
6699
3000
-1389
-4051
-4942
-4897
-3788
-2513
-2231
-1386
1200
3999
5000
3640
1943
1596
1236
350
-379
-2106
-4860
-6427
-5888
-4656
-4073
-3428
-1488
1776
5737
9155
10902
10842
9517
7780
6001
3793
1127
-1194
-1871
-720
1419
4396
7124
8420
9918
12366
13883
14265
14283
12465
6241
-4181
-13768
-18890
-22835
-26677
-25635
-20790
-16019
-8114
4551
15211
18529
17371
16258
15523
12899
8087
3512
-764
-6223
-10458
-11310
-11322
-13041
-15339
-15293
-12241
-8779
-5969
-1958
3023
6785
8777
9484
8751
6334
2724
-491
-1617
-2094
-4482
-6925
-6229
-4064
-3172
-3073
-3159
-3478
-3354
-1836
971
3143
3478
3482
4430
5341
4408
1261
-2127
-3833
-4296
-4420
-3873
-3092
-2764
-1693
1102
4102
5468
4964
3807
3448
3091
1526
-428
-2814
-6013
-8033
-7835
-6979
-6390
-5286
-2779
1082
5624
9625
12010
12894
12413
10777
8724
6075
2629
-345
-1834
-2349
-2168
-744
1436
3290
5534
8876
11727
13429
15004
14584
8511
-1883
-10684
-15891
-20649
-24132
-23012
-19875
-16356
-8440
3038
11421
13785
13122
12943
13003
11382
8527
5787
2072
-3033
-6623
-7607
-8864
-11827
-14541
-14732
-12459
-9533
-6227
-1686
3084
6376
8155
9019
8655
6454
3084
973
935
37
-2855
-4730
-4331
-3798
-4270
-4805
-5003
-5344
-5005
-2334
1693
4087
4558
5424
7076
7675
5727
1820
-1382
-2980
-4486
-5105
-4342
-4690
-5587
-4035
-751
1718
2635
2556
2723
3693
4269
3663
2205
-440
-3906
-5933
-6018
-6124
-6626
-5929
-3003
1253
5239
8729
11445
12216
11559
10677
9194
6808
4085
2050
1368
1607
2217
3071
4392
6334
8087
9590
11591
11689
5813
-4703
-12943
-17060
-20969
-22909
-19941
-16381
-13016
-4664
7280
15273
16103
13816
12456
10582
6563
2766
-168
-4427
-8997
-10720
-10104
-10142
-11533
-12229
-10546
-7801
-5596
-2510
1987
5562
7331
8144
7761
5926
3492
1131
-604
-1380
-2221
-3897
-4690
-3470
-2317
-2623
-3196
-3222
-3013
-2234
-183
2219
3348
3360
3500
3915
3668
1929
-558
-1983
-1971
-1617
-1066
-27
243
-626
-1151
-705
-262
-388
-462
1
630
819
742
494
-1042
-3803
-5790
-6380
-6327
-5506
-3250
124
3450
6430
9405
11600
11954
10907
9234
6907
4377
2586
1650
1361
1240
1206
2165
3811
5467
7575
9876
11787
12690
10079
2207
-7243
-13590
-18106
-21940
-21707
-18595
-16112
-10499
352
9965
13698
13632
12865
11519
8683
5855
3971
709
-4260
-7731
-8658
-9515
-11799
-13788
-14128
-13420
-11599
-7802
-2355
2665
5952
8283
9736
9539
8061
5897
3412
1421
157
-1204
-2801
-3619
-3734
-4458
-5508
-5632
-5299
-4973
-3467
-491
2219
3520
4410
5701
6329
5290
3527
2380
1535
217
-577
-294
-824
-2548
-3603
-3532
-3237
-2648
-1364
150
1704
3111
3698
3620
2663
-168
-3787
-6197
-7414
-7885
-6656
-3497
-105
2859
6212
9672
11956
12452
11443
9845
8192
6146
4794
4717
4024
2919
3137
4327
5781
7441
9171
10139
6853
-2294
-10941
-14702
-18550
-22006
-19516
-15598
-13407
-6758
4407
12471
14011
12582
11862
10441
7180
4679
3143
-543
-5825
-8768
-9318
-10704
-13473
-15231
-14977
-13687
-11387
-6929
-854
3979
6462
8118
8686
7355
5593
3626
1602
954
758
-223
-870
-997
-1958
-4005
-5920
-6859
-7445
-7331
-4574
-280
2650
4828
6790
7185
6442
5083
2765
910
293
-546
-995
82
351
-1119
-2348
-3268
-4079
-3725
-2187
-298
1283
2508
3878
5135
4946
2524
-1268
-4780
-7088
-7687
-6292
-3816
-1535
1020
4832
8944
11494
12016
11324
9867
8301
7489
7024
6134
4957
4129
4395
5536
6523
7117
7887
7955
4001
-4377
-11616
-15090
-18240
-19447
-15573
-12006
-10140
-3720
5949
11710
11942
10275
8946
6923
4551
3745
2959
-527
-4893
-6813
-7289
-9162
-12030
-13760
-13983
-13395
-11168
-6410
-1105
2277
4082
5669
6253
5282
4153
2940
1660
1546
2019
2011
1740
837
-912
-2784
-4555
-6459
-8197
-8628
-6735
-3605
-987
1479
3471
4137
4836
5477
5005
4546
4113
3290
3218
3439
2687
990
-1311
-3558
-4593
-4374
-3842
-3111
-2089
-1193
215
2188
2442
446
-1791
-3309
-3738
-2972
-1452
465
1867
3212
5913
8485
8960
8069
6949
6054
5573
5660
6089
5439
4045
3802
4440
5043
5334
5833
7012
7444
6059
1370
-6475
-11992
-14862
-17492
-16154
-13096
-12046
-8212
-420
6799
10171
9931
9018
7582
5317
4823
5041
2534
-1616
-4417
-5766
-7167
-9525
-12012
-13596
-14525
-13553
-9706
-4757
-764
1312
2889
4731
5143
5001
4917
3731
2974
3605
3976
3359
1959
-358
-2800
-4614
-6535
-8168
-8809
-8437
-6196
-2963
-183
1867
2838
3852
5103
5559
5883
6043
5407
4771
4591
3873
1785
-1024
-3662
-5164
-4929
-4148
-3386
-2214
-1074
-87
1189
1801
326
-2001
-3150
-3247
-2349
-429
1575
3070
4635
6942
8770
9269
8829
7507
6163
5823
6065
6236
6409
6290
5790
6266
7487
7819
7656
7000
3641
-3397
-9710
-12582
-15964
-17763
-15065
-12991
-10926
-5450
1260
6280
7839
8160
8991
8413
7935
8324
6958
3856
201
-3106
-5572
-8689
-12308
-14432
-15445
-15399
-13293
-10241
-7041
-4181
-1969
491
2295
3434
4764
5548
7051
9417
10336
9474
7166
4132
641
-3353
-6746
-10113
-13248
-13903
-11531
-7714
-4734
-2558
-585
889
2814
4724
6066
7041
7135
7700
8709
8280
6239
2756
-1310
-4372
-5906
-5986
-5333
-4545
-3375
-1913
-268
963
602
-1343
-3124
-3635
-3163
-1711
189
1979
3415
4781
6738
7927
7692
7127
6635
6995
7608
7864
8366
7626
5931
5152
4935
4252
3426
3400
3346
2837
617
-4638
-8851
-11608
-14503
-13323
-10510
-9468
-6782
-2157
3090
6766
7614
7968
7235
5493
5404
5739
4339
1764
-734
-2667
-4582
-6810
-8600
-10344
-12132
-11980
-10398
-8462
-6085
-4900
-3867
-2360
-1777
-130
1857
2959
5201
7610
9204
9660
8499
6625
3812
716
-2155
-5176
-7601
-8769
-8006
-6803
-6379
-5776
-5739
-5334
-3504
-1342
1135
3318
5439
7819
9450
10133
8966
6276
3468
832
-622
-1217
-2169
-3117
-3759
-4084
-4104
-4152
-5075
-6531
-6995
-6226
-3863
-697
1815
4125
5848
7476
9415
10279
10306
9504
8563
8497
8256
7940
7177
5716
4602
3640
3538
3784
3168
2742
2468
1103
-2540
-6294
-8670
-11749
-12597
-10540
-9261
-7513
-4431
-618
2692
4091
5148
5599
5074
5257
5804
5687
4339
2046
-185
-2396
-4916
-7056
-8616
-10354
-11178
-10587
-9873
-8515
-7358
-6760
-5357
-4428
-3060
-737
984
3551
6358
8136
8941
8225
7127
5471
3045
1091
-1013
-3331
-4506
-4472
-4570
-5059
-5634
-6791
-7149
-6059
-4493
-2343
-91
2278
4611
6333
7668
7524
5957
4369
2915
2082
1775
1187
255
-808
-1971
-3188
-4142
-5470
-7170
-7866
-7180
-5153
-2633
-240
2119
3715
5212
6993
7899
8146
7968
7720
8068
8359
8394
8087
7172
6324
5871
5458
4845
4199
3704
3383
3077
1631
-1545
-5325
-8414
-10183
-10471
-9598
-8812
-8011
-6015
-3081
-233
1373
1967
2593
3151
4109
5792
6554
5525
3962
2483
559
-1663
-3709
-5680
-7372
-8118
-7928
-7589
-7468
-7625
-7862
-7529
-6834
-5705
-4148
-2334
540
3546
5909
7689
7685
6731
5854
4670
3517
1966
390
-497
-962
-1077
-1979
-3704
-5267
-6727
-7098
-6211
-5145
-3608
-1433
796
3085
4795
5089
4745
4058
3240
3233
3286
3023
2630
1714
809
-268
-1754
-3458
-5374
-6610
-6685
-5719
-4206
-2720
-977
717
2391
4354
5594
6156
6610
6815
6914
7067
7151
6717
5975
5277
4532
4075
3909
3723
3645
3847
3838
3670
3448
2002
205
-1476
-3671
-4648
-5804
-7412
-7395
-7563
-7191
-5883
-4972
-3438
-2396
-1361
664
1906
3080
3911
3578
3158
2223
892
-102
-1308
-2792
-3881
-4524
-4731
-4874
-5501
-5877
-6113
-6366
-5620
-4669
-3669
-2217
-1183
154
1441
1898
2266
2453
2541
2486
2648
3022
2780
2689
2304
1436
723
-579
-1577
-2275
-3041
-2897
-2484
-2080
-1728
-1424
-870
-755
-570
-117
50
566
1412
2337
3057
3309
3176
2614
1935
948
-201
-1142
-2080
-2596
-2662
-2436
-1891
-1456
-906
-161
602
1515
2362
3168
3851
4510
5208
5589
5721
5486
5150
5023
4885
4886
4658
4533
5065
5647
6324
6565
5843
4485
2831
1296
-908
-3408
-5224
-7322
-8478
-8193
-8492
-8487
-7918
-7501
-6175
-4375
-2615
-989
185
1570
2862
3578
3910
3376
2368
1615
714
-124
-883
-2034
-2998
-3745
-4434
-4884
-5463
-5784
-5585
-5334
-4499
-3482
-2992
-2085
-931
136
1390
2318
2977
3337
3497
3715
3421
2894
2179
1373
1077
529
-18
-205
-804
-1115
-1110
-1512
-1850
-2184
-2445
-2152
-1725
-1320
-721
-3
527
1095
1884
1995
1577
1481
1225
763
839
1008
744
534
416
90
-250
-524
-741
-818
-602
51
902
1656
2329
3027
3608
3864
3970
4093
4008
3919
4224
4736
5033
5137
5352
5412
5154
4772
4066
2959
1854
822
-223
-1084
-1994
-3226
-4193
-4873
-5707
-6137
-6266
-6458
-6395
-5948
-5162
-4362
-3632
-2679
-1802
-1199
-500
82
349
600
919
1264
1313
1149
1015
451
-244
-930
-2020
-3046
-3893
-4506
-4603
-4429
-3993
-3387
-2777
-2085
-1453
-827
-355
87
721
1253
2022
2622
2782
3123
2949
2369
2022
1329
653
361
-19
-241
-302
-495
-560
-537
-675
-753
-866
-970
-826
-625
-265
6
242
697
723
904
1165
881
1100
1157
1070
1515
1461
1508
1850
1749
1798
1804
1678
1739
1634
1654
1816
1811
1943
2225
2586
3059
3268
3363
3552
3405
3195
3001
2421
2010
1655
1267
1330
1136
839
955
862
620
395
-14
-444
-852
-1192
-1521
-2055
-2803
-3500
-4039
-4604
-5043
-5210
-5063
-4654
-4151
-3396
-2705
-2164
-1491
-1048
-732
-511
-383
-62
199
328
365
209
-6
-393
-932
-1511
-2178
-2678
-2991
-3055
-2786
-2411
-1942
-1471
-1023
-473
-10
278
425
398
342
273
260
335
183
31
87
29
-56
-135
-278
-245
-161
-119
69
270
498
828
1038
1204
1288
1158
1198
1293
1145
1179
1369
1453
1637
1825
1900
1759
1483
1333
1081
875
851
633
413
505
654
748
895
1032
1190
1539
2137
2710
3067
3186
3180
3141
2906
2446
2065
1652
1173
938
747
423
136
-79
-171
-301
-518
-551
-656
-737
-489
-314
-164
-16
-50
-132
-353
-660
-907
-1274
-1800
-2147
-2281
-2351
-2317
-2202
-2006
-1857
-1735
-1452
-1419
-1463
-1293
-1473
-1657
-1642
-1819
-1729
-1551
-1598
-1552
-1570
-1527
-1271
-1126
-1054
-1045
-950
-604
-341
-253
-292
-471
-745
-899
-901
-1013
-1222
-1282
-1118
-965
-743
-458
-378
-308
-90
153
377
504
615
682
786
1058
1110
999
933
932
1132
1291
1428
1537
1453
1665
1885
1819
1773
1474
1213
1240
1139
991
832
609
631
766
825
865
687
367
226
248
241
184
172
268
396
685
1087
1106
999
964
849
929
940
881
895
834
950
1047
995
920
654
369
133
-275
-674
-940
-1094
-1161
-1113
-1057
-1088
-1062
-1028
-983
-1051
-1125
-1063
-915
-509
-143
15
323
413
328
398
235
-30
-275
-470
-436
-369
-334
-398
-601
-875
-1255
-1651
-2049
-2454
-2718
-2752
-2564
-2228
-1906
-1590
-1177
-857
-512
-142
46
337
636
852
1090
1154
1152
968
595
384
37
-355
-510
-692
-729
-624
-542
-346
-220
-82
306
630
820
1026
1167
1284
1454
1533
1488
1259
1010
983
857
742
668
473
521
465
411
522
290
187
226
145
40
-152
-234
-230
-123
188
382
469
640
835
1084
1314
1312
1111
934
760
480
360
138
-224
-320
-462
-613
-678
-836
-946
-902
-742
-465
-146
-36
109
385
481
623
553
376
330
138
209
181
-96
-97
-214
-310
-363
-666
-718
-867
-966
-734
-809
-823
-747
-887
-820
-900
-1004
-902
-907
-730
-408
-168
66
366
694
932
975
1062
1040
711
564
485
237
30
-384
-693
-808
-1083
-1169
-1229
-1258
-1182
-973
-327
168
453
906
1091
1179
1165
929
747
405
252
294
176
203
158
74
126
-112
-352
-536
-851
-871
-781
-656
-469
-360
-178
-19
86
284
270
117
195
343
502
611
557
510
444
308
248
-12
-461
-781
-942
-993
-1008
-940
-889
-778
-469
-203
-7
92
106
186
266
434
581
642
818
925
1114
1326
1098
852
613
246
76
-143
-418
-639
-808
-643
-657
-908
-872
-1049
-1136
-847
-685
-479
-275
-42
364
687
954
1059
1053
1159
1228
1240
1235
1103
876
681
462
182
-13
-241
-494
-579
-631
-578
-492
-516
-334
-110
91
299
294
351
450
500
600
621
492
369
383
429
404
414
342
221
251
143
-43
-109
-195
-208
-231
-375
-393
-415
-567
-584
-639
-753
-773
-773
-569
-342
-182
152
167
87
183
148
177
-8
-328
-289
-341
-309
-195
-544
-679
-720
-913
-912
-1053
-1137
-954
-764
-345
40
135
448
615
677
840
605
492
372
49
30
-109
-236
-283
-574
-604
-534
-644
-595
-561
-470
-364
-176
92
48
251
526
677
930
925
936
937
845
929
767
498
425
194
164
124
-112
-33
-99
-194
13
-12
-15
25
-54
154
102
56
299
115
160
360
273
451
357
330
489
331
549
489
407
612
418
582
557
291
414
147
-15
-59
-355
-478
-770
-779
-668
-873
-582
-394
-417
-87
41
194
351
306
421
442
312
365
250
59
-6
-317
-409
-468
-824
-785
-894
-1116
-898
-977
-711
-414
-449
-25
-39
-23
259
101
194
125
-85
6
-208
-271
-219
-341
-217
-144
-138
-36
-95
-110
-41
-130
-222
-142
-98
-117
81
274
259
403
392
325
365
176
151
-15
-71
195
102
231
364
174
372
209
-18
77
-258
-241
-162
-256
-49
-123
-24
71
-44
116
135
48
-27
-43
9
-43
141
350
380
532
695
828
865
873
816
688
600
389
157
-92
-326
-510
-698
-814
-929
-909
-760
-684
-366
-111
139
518
523
768
926
755
787
538
366
251
-66
-189
-490
-708
-757
-957
-813
-788
-793
-508
-354
-106
53
203
322
199
262
125
-56
-53
-312
-297
-169
-222
-14
-49
-26
164
-99
-14
-45
-262
-11
-150
-111
118
-61
128
192
131
224
-41
-125
-178
-300
-63
3
78
277
264
412
475
376
315
217
197
78
15
28
23
8
-37
25
-45
-125
-148
-298
-283
-303
-351
-229
-201
22
199
329
555
537
666
713
683
773
447
270
194
-28
-65
-357
-544
-670
-873
-687
-700
-734
-519
-473
-183
130
328
668
747
830
961
814
707
521
150
-69
-237
-327
-424
-570
-605
-634
-465
-276
-195
-43
-49
82
219
205
248
123
38
-27
-128
-184
-326
-328
-276
-273
-259
-249
-169
-207
-151
-8
-8
88
-3
16
119
-100
-15
-67
-194
-119
-254
-178
-165
-271
-206
-189
-112
-46
5
-33
55
164
201
283
102
146
213
40
159
38
-76
29
-69
69
50
-44
75
-27
62
120
84
211
256
373
502
629
662
703
667
424
349
129
-71
-217
-444
-428
-574
-609
-495
-689
-526
-389
-354
-181
-147
187
378
565
862
771
883
755
444
378
-50
-305
-506
-727
-630
-741
-632
-406
-436
-162
-42
-47
159
56
65
100
20
148
6
-79
-43
-245
-222
-282
-501
-444
-460
-367
-184
-128
133
172
350
497
280
349
112
-114
-50
-249
-154
-231
-283
10
-265
-169
-64
-268
91
-80
17
351
147
454
384
336
511
105
58
-142
-371
-289
-398
-276
-196
-60
98
122
346
330
363
432
324
438
397
380
488
321
359
274
36
117
11
-169
-122
-278
-253
-99
-333
-168
-131
-282
26
-188
-111
102
-96
316
315
291
693
543
560
546
352
338
102
-145
-272
-405
-523
-474
-474
-435
-164
-241
-34
106
-27
220
107
332
386
141
345
25
33
-59
-321
-188
-589
-441
-445
-592
-109
-335
-31
100
-152
262
-67
-60
-29
-403
-157
-391
-366
-323
-625
-411
-599
-468
-219
-348
-60
-3
245
389
249
545
337
284
245
-101
0
-285
-533
-327
-498
-446
-209
-379
-50
74
73
639
494
628
965
641
929
643
346
556
2
41
-58
-389
-140
-399
-307
-4
-125
55
91
119
214
129
223
183
158
178
-5
81
47
-44
89
-37
49
167
106
228
284
290
371
279
198
147
1
69
-46
-223
-71
-197
-220
-102
-179
-76
-118
-191
-117
-122
-95
-59
-7
92
135
116
222
137
20
73
-81
-87
-165
-267
-201
-393
-293
-380
-600
-441
-648
-513
-409
-555
-194
-274
-136
136
29
312
240
196
412
199
240
47
-53
101
-201
-30
-193
-352
-189
-481
-259
-321
-245
45
-7
532
582
716
961
668
738
508
393
281
-24
56
-69
-78
-60
-187
-31
-94
-95
60
-96
68
63
45
324
246
277
227
176
162
88
42
-184
-54
-76
-96
154
126
278
288
228
281
139
53
78
-149
-125
18
-231
59
-20
-282
6
-359
-326
-267
-471
-198
-271
-67
156
84
274
223
173
132
51
43
-184
-113
-229
-425
-166
-505
-474
-403
-764
-421
-618
-595
-288
-591
-122
-36
-135
244
44
77
153
74
58
-31
26
-34
-7
-54
-73
-73
-283
-223
-325
-439
-252
-306
-125
68
66
388
420
429
478
405
489
234
288
193
-3
242
-123
91
108
-215
334
-42
114
297
-77
440
97
252
418
114
543
109
169
166
-220
88
-151
77
218
116
546
413
450
568
340
393
328
248
242
271
145
127
158
-241
-46
-335
-547
-81
-612
-250
-89
-478
191
-230
5
415
-57
287
127
71
100
-66
-120
-268
-236
-475
-290
-495
-653
-335
-749
-412
-346
-472
34
-243
-23
142
-147
-84
-202
-245
-361
-375
-287
-315
-211
-365
-167
-103
-273
54
-94
-27
110
-71
253
121
91
285
186
246
33
111
18
-85
-36
-168
124
-77
9
192
17
275
26
113
296
40
318
224
295
386
196
323
213
257
64
-43
84
-102
147
68
89
345
18
352
243
78
452
4
285
408
107
516
290
347
479
84
290
97
-119
-91
-287
-129
-153
-243
-147
-44
29
-96
49
62
-78
-5
-68
85
89
-62
-36
-87
-226
-341
-380
-506
-452
-492
-528
-291
-312
-342
-106
-152
-64
68
-157
-19
-195
-386
-176
-351
-306
-253
-395
-259
-272
-362
-253
-265
-212
-19
20
106
244
309
202
167
249
57
95
-96
-204
32
-316
-175
-84
-251
31
-122
31
311
129
235
394
297
336
382
315
421
308
200
318
74
-64
28
-57
48
86
39
245
218
121
176
205
186
187
259
215
318
248
144
258
90
203
161
-5
222
56
67
147
27
211
97
113
155
24
95
-80
-32
-25
-179
-107
-164
-103
-78
-156
-59
-31
-130
-101
-77
-199
-204
-271
-375
-230
-350
-395
-255
-361
-271
-290
-402
-254
-325
-337
-184
-285
-180
-131
-239
-91
-98
-129
-130
-136
-122
-150
-149
-187
-89
-109
-101
37
-42
-24
-54
-164
-76
-140
-209
-71
-112
-91
35
5
101
120
150
292
258
303
286
220
239
230
239
208
226
200
139
163
103
112
173
147
188
277
343
425
453
455
497
459
404
316
250
205
165
161
244
314
245
339
373
342
467
482
566
640
613
743
801
769
791
758
702
678
567
491
422
230
116
90
-23
-154
-300
-509
-692
-929
-1157
-1257
-1432
-1564
-1609
-1749
-1731
-1755
-1806
-1731
-1686
-1542
-1364
-1219
-1009
-816
-634
-393
-188
33
208
262
376
433
429
421
455
518
472
522
487
417
365
220
244
165
127
84
-28
-9
-175
-186
-145
-226
-177
-279
-312
-274
-317
-280
-259
-151
6
114
208
325
405
407
492
592
656
727
723
761
854
830
894
936
857
831
722
706
716
614
647
648
652
749
740
678
651
616
652
759
857
919
936
1013
1089
1180
1301
1320
1412
1436
1290
1231
903
582
339
-85
-167
-407
-896
-1268
-1783
-2124
-2352
-2673
-2768
-2934
-3269
-3302
-3312
-3366
-3276
-3271
-3058
-2716
-2455
-2059
-1719
-1465
-1098
-670
-214
254
562
797
1094
1190
1403
1635
1651
1722
1694
1659
1586
1459
1336
1198
1189
1116
1049
954
686
575
416
262
290
118
-5
-163
-434
-469
-512
-521
-458
-442
-389
-406
-395
-314
-232
-193
-64
124
168
240
209
89
144
70
75
189
15
-100
-194
-351
-278
-280
-339
-267
-289
-301
-208
-264
-228
-220
-253
-22
23
75
178
95
281
415
555
868
892
923
1024
1040
1135
1217
1220
1232
1205
1128
1131
1071
972
958
903
888
913
847
764
711
615
682
780
810
928
863
776
842
868
998
1129
1108
1173
1216
1093
1093
866
408
249
-167
-440
-524
-1164
-1575
-2000
-2496
-2510
-2719
-2889
-3064
-3484
-3576
-3570
-3616
-3505
-3441
-3381
-3100
-2753
-2438
-2046
-1807
-1564
-987
-506
-24
418
532
852
1130
1419
1875
1929
1951
1960
1854
1880
1833
1675
1493
1390
1256
1148
1001
647
403
198
73
51
-101
-291
-593
-812
-865
-796
-741
-824
-846
-931
-962
-861
-774
-644
-582
-524
-341
-226
-184
-108
-88
15
105
139
244
182
60
57
64
174
244
202
164
107
87
197
282
298
302
270
361
426
490
590
614
729
843
1022
1179
1196
1246
1263
1324
1431
1440
1389
1272
1151
1101
1107
1070
1012
920
771
705
663
654
633
553
557
546
487
481
488
506
568
603
666
737
707
748
866
968
1148
1242
1211
1118
786
491
359
45
-187
-553
-1170
-1662
-2204
-2563
-2774
-3107
-3366
-3697
-3980
-4034
-4075
-4055
-3976
-3883
-3689
-3357
-3055
-2754
-2422
-2175
-1718
-1172
-723
-292
-65
167
541
843
1234
1551
1624
1749
1808
1893
2018
1958
1859
1777
1698
1619
1467
1183
909
681
484
481
421
175
-60
-332
-408
-347
-387
-382
-460
-637
-649
-593
-542
-434
-444
-378
-181
-82
53
101
67
198
342
529
703
613
528
471
426
583
604
465
305
117
109
183
234
207
97
60
107
253
379
362
367
381
510
729
853
919
864
876
1023
1182
1268
1199
1094
1034
1056
1137
1123
975
805
705
687
712
668
495
309
225
269
381
363
267
138
69
234
368
501
525
408
496
575
733
880
874
872
881
926
937
825
471
229
93
-131
-248
-610
-1180
-1655
-2112
-2309
-2395
-2732
-3112
-3538
-3888
-3909
-3892
-3868
-3809
-3900
-3804
-3520
-3228
-2803
-2468
-2176
-1703
-1228
-783
-364
-130
143
503
842
1279
1528
1588
1688
1791
1959
2130
2189
2095
1980
1851
1774
1701
1505
1307
1093
971
855
708
513
205
22
-83
-61
-9
-123
-227
-383
-423
-327
-292
-236
-263
-322
-271
-226
-183
-123
-99
-45
65
132
147
102
-5
-10
78
117
148
74
-93
-170
-195
-100
-48
-116
-172
-256
-221
-99
-6
141
194
231
380
504
696
795
836
949
1042
1150
1258
1292
1298
1254
1244
1279
1190
1111
982
836
814
733
642
533
344
224
174
159
103
-10
-145
-212
-128
-31
49
30
11
93
215
440
647
761
828
914
1126
1366
1513
1620
1654
1653
1652
1571
1341
1031
702
370
188
-86
-665
-1243
-1769
-2196
-2382
-2616
-2967
-3365
-3797
-3973
-3933
-3861
-3773
-3799
-3764
-3578
-3327
-2932
-2581
-2341
-1952
-1517
-1049
-607
-329
-69
205
541
965
1271
1367
1374
1419
1504
1644
1766
1742
1639
1502
1427
1382
1277
1115
918
775
666
529
361
142
-121
-265
-290
-326
-368
-530
-665
-676
-651
-517
-444
-454
-459
-440
-295
-136
-46
33
49
110
240
300
341
326
275
270
335
367
312
246
144
58
122
125
69
51
-32
-13
110
227
344
442
525
651
832
986
1104
1149
1172
1247
1265
1322
1316
1211
1181
1050
987
956
777
698
613
491
488
432
321
239
158
143
181
171
111
41
5
10
94
227
277
314
335
346
453
597
743
862
960
1020
1083
1162
1236
1302
1357
1368
1341
1251
1040
731
456
223
-34
-249
-621
-1176
-1703
-2177
-2517
-2725
-3035
-3382
-3755
-4078
-4197
-4200
-4137
-4056
-3990
-3861
-3604
-3288
-2929
-2544
-2186
-1731
-1258
-833
-387
-83
202
553
883
1254
1507
1586
1673
1765
1844
1932
1944
1875
1758
1613
1486
1353
1175
1000
839
693
588
432
224
71
-86
-175
-162
-256
-328
-381
-497
-477
-450
-434
-368
-343
-297
-199
-140
-42
78
168
347
468
554
662
643
698
753
729
774
692
565
550
469
400
356
244
178
138
116
138
130
116
125
171
270
325
386
428
444
479
561
584
579
600
562
569
589
591
561
508
466
441
465
428
371
339
264
271
295
287
267
185
164
167
204
235
215
219
202
247
335
382
418
447
503
567
649
724
757
835
881
894
987
963
961
944
884
890
780
671
442
154
-39
-359
-624
-854
-1257
-1598
-1913
-2251
-2474
-2674
-2905
-3061
-3237
-3363
-3354
-3355
-3256
-3128
-3014
-2764
-2517
-2235
-1880
-1600
-1291
-963
-689
-346
-27
211
450
631
795
995
1111
1185
1249
1215
1203
1227
1173
1138
1062
951
901
786
680
590
451
358
277
171
87
-12
-128
-144
-133
-119
-99
-114
-92
-32
50
172
296
388
475
550
642
743
815
850
863
880
849
805
730
625
548
437
351
257
72
-27
-152
-250
-238
-302
-329
-368
-434
-407
-351
-265
-194
-159
-97
-34
73
224
315
378
426
447
530
606
651
689
683
675
689
705
727
722
707
705
715
705
652
615
593
609
650
656
591
509
459
441
462
488
457
378
330
323
351
436
457
429
407
361
372
450
479
522
521
525
561
531
503
467
433
393
301
139
-88
-325
-584
-756
-897
-1136
-1392
-1713
-1992
-2174
-2315
-2363
-2438
-2597
-2669
-2686
-2616
-2485
-2375
-2260
-2156
-2011
-1812
-1594
-1383
-1229
-1075
-856
-629
-399
-213
-128
-59
60
211
380
510
583
581
557
599
635
653
630
564
512
485
422
362
333
272
272
339
358
363
317
283
336
406
495
571
578
568
583
660
745
800
832
813
802
826
836
831
796
700
610
517
398
274
143
2
-125
-205
-290
-374
-431
-477
-520
-485
-437
-429
-380
-355
-294
-200
-118
-22
44
122
199
310
440
521
584
645
714
834
967
1030
1055
1056
1036
1039
1048
1025
991
907
787
738
680
608
564
482
427
384
307
230
145
68
45
17
14
-31
-116
-142
-164
-138
-72
-74
-78
-54
-21
24
93
127
141
162
145
145
140
105
71
46
33
21
-35
-87
-131
-175
-172
-210
-291
-396
-520
-622
-675
-745
-831
-943
-1100
-1217
-1318
-1389
-1442
-1528
-1602
-1627
-1654
-1666
-1669
-1680
-1653
-1598
-1541
-1451
-1397
-1323
-1236
-1153
-985
-855
-730
-612
-523
-410
-284
-161
-59
54
117
194
270
307
365
396
458
519
579
638
666
691
748
838
904
982
1009
1012
1038
1041
1037
1032
972
926
881
795
734
635
543
435
340
297
194
140
31
-64
-95
-180
-200
-239
-314
-324
-345
-335
-277
-255
-181
-117
-74
12
97
188
276
344
407
490
560
649
725
782
851
895
935
970
992
992
978
963
928
897
861
779
711
647
533
480
406
294
220
120
88
57
-24
-63
-131
-192
-204
-250
-268
-275
-336
-358
-362
-363
-345
-325
-327
-298
-279
-250
-190
-187
-175
-127
-136
-121
-100
-126
-100
-130
-144
-103
-119
-91
-95
-107
-63
-67
-60
-22
-66
-89
-113
-175
-202
-252
-300
-372
-447
-518
-581
-628
-705
-751
-796
-847
-839
-857
-879
-877
-911
-895
-885
-886
-867
-876
-848
-811
-768
-692
-649
-609
-530
-436
-351
-276
-209
-156
-92
-13
51
108
151
146
190
233
276
330
344
366
366
379
437
473
496
513
468
464
436
415
419
385
399
376
359
364
329
322
335
331
372
352
336
325
275
296
279
300
313
254
275
273
299
376
376
420
459
463
538
553
584
605
553
557
547
549
538
502
477
445
429
404
361
355
339
297
278
218
154
120
62
41
-2
-76
-125
-224
-223
-233
-283
-225
-286
-296
-235
-297
-224
-245
-289
-231
-298
-272
-245
-314
-264
-286
-293
-202
-231
-178
-147
-136
-62
-61
-33
-9
-30
-12
-11
1
-9
-34
-36
-99
-76
-89
-135
-67
-125
-136
-108
-212
-206
-218
-312
-264
-346
-376
-351
-468
-406
-437
-467
-403
-461
-417
-391
-428
-366
-377
-376
-332
-334
-303
-293
-276
-279
-235
-181
-183
-64
-56
-48
60
13
67
115
67
149
107
58
109
41
79
105
57
137
84
93
153
152
221
260
295
313
360
382
380
406
369
376
392
302
314
274
209
254
216
214
241
148
154
149
61
136
88
52
104
-6
57
84
28
159
145
152
279
220
282
356
293
419
417
383
438
335
305
294
216
241
196
131
128
75
45
44
14
-14
-10
-71
-101
-93
-196
-220
-250
-326
-276
-343
-368
-330
-408
-375
-335
-369
-275
-265
-286
-180
-207
-158
-108
-178
-117
-117
-127
-36
-96
-80
-49
-124
-51
-77
-74
-38
-106
-103
-139
-171
-163
-213
-228
-236
-258
-228
-274
-252
-258
-232
-173
-180
-101
-120
-122
-81
-97
-39
-48
-53
-9
-90
-56
-51
-87
-5
-52
11
23
10
72
11
71
67
51
115
23
13
-4
-87
-17
-68
-64
-25
-90
-16
-11
-10
64
55
75
125
121
161
186
167
178
202
214
267
239
238
265
241
322
306
292
308
254
288
268
205
222
152
134
129
91
117
85
80
79
84
126
104
150
111
102
149
62
156
118
73
163
-6
83
58
-52
119
-37
6
71
-100
37
-47
-106
-13
-155
-101
-110
-217
-143
-219
-218
-144
-213
-176
-155
-201
-138
-119
-189
-135
-138
-189
-108
-154
-181
-95
-190
-165
-103
-221
-118
-147
-218
-88
-180
-170
-124
-241
-185
-186
-282
-196
-244
-297
-161
-257
-220
-98
-215
-71
-47
-122
58
-42
-28
80
-40
87
100
21
115
5
20
108
38
119
96
41
104
97
111
142
116
113
148
102
87
97
32
61
88
56
94
63
28
68
52
89
97
27
54
28
42
83
26
45
25
7
81
49
96
121
91
175
155
174
247
187
226
245
175
264
207
167
221
119
175
213
127
198
124
86
163
64
85
89
-4
17
8
-29
18
-49
-62
-40
-64
-45
-23
-38
-52
-1
-65
-48
-23
-109
-40
-83
-158
-67
-171
-185
-106
-218
-115
-140
-219
-96
-185
-169
-119
-220
-163
-151
-220
-165
-175
-233
-164
-210
-214
-135
-196
-139
-101
-157
-70
-59
-75
40
17
32
85
-3
59
68
27
117
84
78
105
23
56
65
30
57
36
-19
5
-23
-93
-25
-76
-85
-23
-100
-46
-37
-113
-2
-24
-26
83
-23
71
110
36
151
91
77
148
62
102
138
75
140
99
78
113
49
73
86
65
88
69
41
50
64
64
74
86
67
92
86
54
81
47
68
95
61
88
76
29
79
48
51
85
26
57
46
18
56
19
29
51
5
28
-10
-4
9
-14
13
-14
2
-2
-34
7
-30
-10
36
-17
6
-1
-15
24
-12
-4
11
-26
-2
-26
-39
-41
-67
-80
-69
-79
-89
-74
-137
-130
-101
-153
-102
-124
-153
-91
-159
-120
-107
-156
-102
-132
-124
-98
-129
-119
-119
-108
-102
-96
-96
-112
-67
-107
-65
-41
-88
15
-63
-44
32
-69
53
24
-16
111
-21
71
70
-10
110
-12
46
75
-48
57
-14
-29
55
-39
23
4
-4
36
7
34
2
34
-11
15
51
-28
53
-5
-5
90
-32
62
56
-35
132
0
63
118
-17
117
51
18
117
21
54
102
36
87
94
54
99
112
50
144
95
60
165
21
107
127
-13
145
41
7
144
-28
98
104
-40
116
-8
25
118
-20
56
18
-38
27
-34
-31
5
-25
-20
0
-20
-28
3
-36
22
32
-8
49
-5
1
44
-4
29
19
-5
25
-15
-9
1
-19
1
0
-10
-4
-22
-48
-40
-63
-76
-58
-113
-102
-105
-145
-94
-138
-110
-89
-141
-88
-130
-130
-90
-143
-105
-108
-114
-75
-111
-79
-92
-72
-38
-38
8
-19
16
28
20
75
26
63
52
18
72
-4
38
39
-8
74
-9
7
32
-41
45
17
-25
25
-52
-31
-16
-80
-5
-42
-53
-17
-86
-46
-38
-78
-26
-7
-18
42
-8
-5
70
9
69
71
30
108
37
43
93
30
97
57
14
80
16
49
28
1
24
-3
15
-5
29
15
10
50
11
62
57
22
102
72
106
130
65
113
94
91
129
74
85
75
52
70
55
37
36
29
7
20
-7
-37
2
-51
-25
-5
-62
3
-65
-55
1
-89
10
-28
-63
22
-91
-24
-8
-93
22
-60
-71
-6
-127
-50
-58
-110
-13
-68
-65
-4
-83
-60
-29
-83
-18
-24
-84
-17
-77
-93
-7
-78
-32
-17
-110
-4
-32
-53
38
-46
-3
33
-36
34
8
-24
30
-11
-9
29
-28
5
6
-37
25
-17
-19
8
-55
-8
-20
-44
-3
-61
-21
1
-38
14
-33
-21
21
-34
39
11
12
63
-26
50
26
0
58
-20
31
29
1
53
10
39
33
2
30
3
30
13
-8
-9
-34
5
-40
-16
-8
-55
25
-35
-10
11
-61
36
1
7
62
-25
36
16
-10
49
-10
34
14
9
42
2
60
14
38
70
-6
92
10
21
95
-34
91
40
-15
98
-35
27
71
-34
58
16
-8
62
-22
-7
22
-9
22
19
-31
-21
12
-44
13
18
-43
66
-14
-11
55
-70
22
21
-38
66
-28
-42
34
-64
3
23
-61
34
-8
-56
46
-38
-12
51
-43
54
25
-33
64
-9
28
69
10
61
34
26
57
49
65
32
39
15
28
49
-19
43
-6
-14
42
-76
9
-20
-73
27
-94
-42
-31
-125
-17
-103
-86
-52
-147
-68
-129
-126
-90
-141
-74
-115
-82
-79
-105
-23
-91
-22
-21
-56
48
-43
3
34
-51
64
14
3
53
-16
34
16
4
10
8
34
-29
37
-18
-39
54
-87
12
-3
-96
73
-80
-54
51
-131
46
6
-88
72
-69
-10
77
-37
47
39
-19
73
42
7
92
44
33
117
22
60
111
-8
124
91
21
148
11
56
124
-16
118
65
-5
123
-14
46
102
-28
80
42
28
110
5
38
61
-4
65
22
2
41
-1
3
7
-19
-12
-8
-36
-3
-31
-47
-32
-41
-28
-33
-48
-35
-32
-37
-21
-33
-31
-8
12
1
2
18
-4
32
29
-9
24
-4
-21
17
-48
-22
0
-68
-22
-36
-91
-11
-84
-84
-23
-128
-30
-64
-128
-5
-106
-64
-15
-116
-4
-50
-63
15
-60
-15
-9
-25
26
-7
10
-13
-24
44
-25
15
9
-17
67
-13
35
39
-17
81
16
31
74
-7
71
61
15
89
30
24
83
28
27
86
15
36
71
-20
90
48
-12
104
-25
16
75
-73
66
-5
-53
96
-72
-3
22
-101
46
-3
-59
27
-42
-32
24
-39
-16
37
-24
8
38
-56
59
36
-20
120
-33
56
87
-59
128
-9
-5
122
-71
71
20
-49
91
-57
33
39
-55
69
-47
-5
12
-74
53
-69
-43
-14
-109
-6
-87
-68
-41
-107
-38
-79
-76
-62
-80
-44
-55
-23
-59
-51
-31
-66
15
-44
-42
35
-77
18
0
-83
67
-64
-17
37
-85
32
-40
-60
18
-66
-22
-15
-48
-38
-27
-28
-40
-6
-51
0
19
-57
42
-3
-27
58
-43
17
35
-40
72
8
8
59
-30
31
39
10
48
17
30
55
33
21
28
37
31
63
38
9
62
-2
31
43
-16
71
7
9
67
-26
59
30
-13
84
1
35
72
-13
80
39
13
102
-11
63
52
4
102
-19
36
41
-46
87
-19
-19
72
-70
47
10
-79
77
-52
-15
52
-68
37
-8
-43
48
-46
-16
10
-49
-6
-10
-42
-4
-17
-53
-5
-32
-44
-7
-54
-40
-9
-56
-11
-24
-48
-1
-29
-14
-13
-47
2
-12
-11
-7
-56
-3
-33
-32
-11
-64
-15
-46
-58
-11
-86
-42
-31
-79
4
-70
-59
-1
-88
-6
-18
-52
19
-30
3
17
-5
27
16
12
24
43
30
35
38
4
57
31
5
61
-7
34
54
-6
59
4
18
46
-3
47
-4
33
23
-13
47
-56
18
6
-50
85
-74
9
46
-85
87
-30
-32
95
-73
55
29
-51
92
-22
7
56
-24
23
30
1
31
40
11
45
31
-15
69
29
29
76
-22
59
31
-21
103
-15
33
75
-32
65
-6
-26
54
-27
16
8
-50
18
-44
-29
-3
-52
-20
-24
-51
-21
-24
-47
16
-29
-39
15
-59
-5
5
-56
26
-23
-27
30
-47
-4
22
-43
28
-12
-15
29
-38
-5
-8
-22
14
1
-25
-2
-7
-13
-1
-7
-11
1
-14
2
-8
-17
-17
-20
-7
-35
-9
-11
-44
-8
-24
-22
10
-52
-6
-1
-44
25
-27
-25
21
-46
7
1
-52
0
-27
-27
-2
-32
-27
10
-26
-14
26
-26
11
40
-16
42
20
-14
60
1
7
69
-1
29
57
-19
51
24
-22
55
-3
5
50
-29
15
32
-29
29
-5
-28
19
-20
2
16
-40
-8
5
-20
21
1
-7
29
11
11
22
0
14
26
38
17
37
31
7
72
23
51
63
8
84
40
13
55
-5
32
44
-34
28
17
-17
39
-4
-5
28
-30
2
10
-42
23
-14
-36
27
-50
-12
13
-62
22
-6
-43
28
-54
-18
4
-56
2
-26
-41
3
-60
-42
-11
-67
-6
-26
-43
3
-27
-2
14
-24
30
8
-5
29
-28
14
9
-31
16
-16
-13
3
-20
12
10
-1
12
1
-6
4
-7
-30
-7
-27
-30
1
-55
-23
-3
-47
10
-29
-33
19
-42
21
-17
-49
36
-38
8
24
-53
32
2
-6
41
-20
21
22
15
34
13
28
7
46
24
10
44
-25
33
30
-32
57
-12
-20
68
-46
26
31
-53
68
-1
-20
47
-51
10
28
-37
28
15
-29
34
25
-21
45
-5
-17
67
-34
-1
44
-57
39
9
-50
60
-31
1
79
-57
56
25
-56
65
-33
-20
39
-52
-3
2
-57
3
-30
-34
9
-22
-10
0
-19
-5
0
-17
5
0
-11
5
-11
-20
-15
-4
-25
-11
-13
-37
-8
-16
-26
-9
-18
-18
13
-25
-3
-8
-34
15
-10
-19
0
-7
-11
14
2
-7
43
2
7
56
-29
34
41
-26
59
-3
-3
57
-36
17
32
-51
26
-4
-41
30
-24
-28
35
-18
-9
25
-27
21
39
-28
37
8
-22
52
-23
3
43
-31
25
19
-23
43
22
-3
37
19
6
41
9
5
51
-1
22
25
-30
54
4
-10
58
-28
19
25
-46
23
1
-17
37
-21
-13
1
-13
-4
-1
-10
-13
7
-27
-5
-9
-49
28
-17
-20
31
-53
23
10
-28
46
-16
11
29
-20
30
15
0
29
7
1
7
-8
-20
9
-11
-9
8
-35
-2
4
-21
17
-13
-6
28
-29
-4
-5
-61
12
-27
-52
12
-68
-21
3
-42
13
-8
-19
46
-12
13
38
-18
45
13
-9
47
-4
2
42
-11
13
28
-13
27
22
-10
37
3
-5
44
-18
14
30
-33
34
0
-37
50
-25
-9
43
-56
31
10
-45
50
-28
-6
38
-51
20
5
-42
24
-15
-28
32
-24
-20
25
-35
4
9
-48
7
-9
-43
24
-39
-25
28
-50
20
9
-38
32
-10
0
26
-29
0
9
-4
10
-11
-1
8
12
13
0
7
3
25
21
-11
14
4
-7
19
-21
-18
18
-31
6
11
-29
10
-12
-19
22
-12
2
27
-7
25
20
-10
26
6
4
34
12
1
20
-7
2
20
6
13
26
10
7
19
-8
12
16
-1
20
1
-8
21
-3
4
27
-17
11
9
-20
20
-7
-20
21
-9
-9
8
-28
16
12
-19
17
-12
-17
26
-29
-4
20
-38
26
-12
-33
