-5
-7
-4
-4
-4
-2
-4
-5
-9
-4
-2
-6
-2
0
-4
0
3
5
5
-3
5
1
0
0
-1
8
3
2
1
4
5
5
4
3
1
4
6
6
10
10
9
5
2
-1
0
0
2
5
2
4
4
0
1
2
0
-4
1
4
0
2
-1
-3
-2
-3
-3
-1
-2
-5
-4
-4
-1
1
-3
-5
-2
-6
-4
-4
-3
-2
-5
-2
0
1
0
-1
-3
-6
-3
0
2
1
1
1
1
0
-1
0
-5
-10
-7
-2
-4
-7
-4
-4
-3
-6
-4
-3
-2
1
6
5
3
3
0
4
1
-2
-3
-2
-1
-1
0
-1
1
-2
-2
2
3
-2
-2
-3
1
0
1
5
2
4
1
-2
-1
1
2
9
7
5
1
-1
8
7
4
4
3
3
0
-1
-2
-1
1
-1
-2
2
1
-1
0
5
4
-1
0
3
1
2
-2
3
5
-1
2
5
6
7
2
6
6
1
1
-1
-1
-3
-4
-5
-5
-4
-1
-2
-1
-1
0
1
-1
4
1
-2
-3
-1
3
1
2
-8
-6
-5
-4
-2
-2
-2
-4
-3
-5
-7
-4
-5
-2
-3
-4
-3
-7
-5
0
-2
-1
3
6
4
4
2
4
1
-2
-3
-8
-2
-5
-9
-5
-3
-2
-2
-3
0
1
1
3
3
1
5
6
4
2
1
2
5
5
3
5
2
3
1
1
-4
-1
-6
-5
-2
-2
-3
-5
-4
-4
3
-1
0
0
1
7
2
4
3
6
3
2
5
4
6
6
5
1
-1
0
-3
-1
-6
-5
-8
-4
-4
-6
-4
0
-1
0
4
-1
5
2
2
2
-1
-2
4
0
-4
-3
-8
-8
-3
-9
-6
-3
-9
-5
-2
-5
-2
0
0
1
0
3
6
3
0
1
5
2
1
5
7
5
0
1
-2
0
1
0
0
1
2
-4
3
3
2
4
3
7
3
5
4
3
-2
-2
2
0
2
1
-1
0
3
4
2
1
0
0
3
6
1
3
4
3
-1
5
0
-4
-1
-4
-2
-2
-3
-5
-3
-5
-4
-4
-4
-3
-1
1
-1
1
0
-2
0
4
7
5
4
1
-2
1
0
0
4
0
-1
-2
-4
-2
0
-3
-4
-3
-6
-2
-4
-1
-4
-8
-7
-3
-5
-5
-5
0
-3
-6
-1
-5
-4
-3
-2
3
-1
-3
-1
1
-1
-3
-1
-3
0
0
-1
0
-2
1
2
2
0
1
3
1
4
2
1
5
2
4
6
3
0
5
5
2
2
3
1
4
0
-2
1
-2
1
2
1
3
4
1
2
1
5
2
-3
-3
-3
-2
-6
-6
-3
-1
-7
-3
-4
-6
-5
-2
-1
0
-3
1
1
-4
-4
-5
-5
-4
-1
-7
-2
1
0
5
1
1
3
1
0
0
-1
-1
0
1
5
1
3
8
6
7
6
8
9
7
4
10
12
6
3
8
6
3
4
-2
-2
-1
2
1
1
0
0
-4
-5
-3
-2
-2
-2
-3
-4
-3
2
-2
-6
-9
-9
-3
-4
-5
0
-1
-4
-3
-4
-5
-4
-1
-4
-4
-7
-9
-5
-3
-6
-8
-8
-10
-6
-3
0
3
0
-1
-3
-1
-1
0
-1
-2
2
1
-1
1
-2
0
3
2
3
1
2
4
5
4
1
-3
0
0
0
2
0
4
0
1
3
3
6
4
7
5
1
0
6
5
-3
0
4
3
4
6
3
4
-1
-7
-7
-5
-3
0
3
-3
0
-2
-5
1
3
-1
4
2
0
-1
-2
1
-3
0
-3
1
-2
-2
-1
-4
-5
-1
2
-3
-3
2
2
3
4
1
-4
-2
0
1
-1
-5
-3
-4
-4
3
4
3
-2
1
4
-2
-1
-2
2
-4
-5
0
0
-2
-7
-5
-1
-1
0
-1
-4
-2
-2
2
3
6
6
3
7
3
1
0
2
4
1
1
1
-3
-2
-2
0
-4
-2
3
2
2
3
5
9
7
4
8
10
3
1
3
3
2
2
3
-4
-3
-2
-5
1
-2
-4
-4
0
0
-1
4
5
3
7
2
-1
1
-1
0
0
-1
1
3
0
0
2
1
1
-4
-3
2
-6
-6
0
0
0
-1
-2
-4
-2
6
1
-2
-7
-3
-1
0
-1
-1
-1
-7
-2
-1
-1
-2
-3
-4
0
6
7
2
-3
-6
-7
-8
-9
-6
-8
-6
-7
-2
2
2
-3
-7
1
5
5
2
5
2
-4
-4
1
-2
-1
4
12
13
12
6
6
10
9
13
10
10
6
4
3
-1
0
1
-3
-9
-7
-5
-14
-10
1
10
3
1
4
-4
3
2
1
-2
-4
-1
-1
-1
-2
1
1
6
4
6
5
5
5
8
7
0
-3
4
0
-11
-20
-28
-23
-17
-16
-9
-5
-8
-18
-17
-2
-2
-1
14
21
4
-7
8
19
13
13
15
7
-3
-3
3
6
13
16
8
11
18
12
-1
-6
-3
-13
-16
-2
9
14
0
-18
-19
-4
12
3
-17
-34
-88
-108
-11
100
110
55
19
-2
-25
2
54
64
31
-24
-56
-35
-9
-14
7
53
29
-40
-44
2
11
7
11
-7
-38
-24
13
5
-6
11
1
-20
6
35
-40
-121
-74
19
31
23
62
48
6
10
47
55
37
21
13
13
-12
-40
-18
28
21
-6
-23
-34
-29
5
42
18
-25
-47
-46
-24
20
21
-34
-52
-12
8
0
7
13
-17
-37
-17
7
-4
12
50
36
12
8
6
20
63
61
7
-9
14
9
9
27
6
-45
-72
-68
-52
-56
-75
-50
8
27
-19
-40
-11
-20
-42
14
91
64
-3
-10
23
15
22
52
36
14
-6
-35
7
82
58
-15
-34
-11
48
129
134
66
19
-1
-20
-22
-27
-148
-348
-382
-203
2
107
127
50
-83
-112
15
179
202
126
39
-53
-93
10
187
210
57
-74
-80
-6
59
125
157
26
-142
-92
71
93
54
21
-50
-54
61
100
-52
-215
-283
-286
-187
-29
23
-38
-59
-11
77
188
190
82
46
65
34
42
123
86
-96
-123
57
90
-16
53
119
-88
-198
3
84
-44
-28
20
-157
-226
4
144
73
-34
-131
-151
-42
37
-10
-85
-79
-31
3
86
135
60
6
8
28
160
220
-12
-197
47
250
31
-45
128
13
-152
-53
-1
-57
-65
-56
-125
-99
116
100
-171
-76
204
-4
-269
-1
222
-63
-166
66
-7
-108
108
175
27
3
61
16
-82
38
192
7
-78
92
63
-32
-22
-11
120
141
-89
-252
-140
49
20
26
124
-125
-352
-95
110
54
45
19
-182
-254
127
330
36
38
142
-173
-180
247
369
64
-173
-61
-89
-164
245
335
-206
-215
75
-117
-93
339
310
-238
-329
62
79
11
149
-89
-277
-58
-95
-168
29
27
-162
-235
-49
348
296
-97
-16
200
-15
-155
250
492
-4
-358
-155
37
160
63
-37
151
-133
-390
157
305
-55
24
-35
-272
0
263
-32
-260
-3
-15
-231
71
269
-67
-268
-141
65
48
-136
60
355
193
-210
-398
-87
421
472
61
-293
-178
215
110
-274
-43
403
64
-602
-202
597
176
-502
-157
233
13
-72
106
-14
-87
151
-168
-382
274
322
-280
-90
229
-22
-211
-80
234
129
-217
-144
78
99
130
218
-65
-276
243
437
-291
-184
288
-284
-353
377
250
-305
-270
-165
96
483
101
-466
158
437
-448
-263
497
-39
-415
191
107
-192
196
77
-323
236
228
-514
-72
442
51
-144
-258
-14
619
-38
-344
333
-183
-524
424
350
-404
73
222
-499
-165
581
-95
-314
442
22
-503
-9
415
214
-299
-333
169
348
188
-401
-593
698
550
-914
-118
612
-229
-52
201
-339
-18
161
-177
98
223
-149
-132
390
124
-436
87
333
-26
85
-210
-533
153
408
-65
-212
43
121
-232
-12
350
113
86
-171
-468
160
415
-146
-249
23
116
-151
-226
126
156
-30
-254
-64
275
-129
-76
451
-49
-384
140
138
199
89
-467
-192
531
332
-609
-205
710
0
-670
170
238
-15
242
-426
-643
188
695
133
-487
-154
325
-80
-86
107
-213
258
186
-450
-167
224
126
-64
-96
160
-52
-309
375
591
-5
-543
-405
447
410
-86
127
-78
-385
-11
-61
-105
350
161
-362
-367
256
264
-323
70
312
-266
-6
398
-34
-129
-130
-122
176
40
-39
227
-202
-619
118
579
-105
-215
315
200
-222
-210
243
476
-105
-503
102
336
-93
-81
29
-222
-227
-179
79
773
167
-973
-357
344
207
439
136
-392
-98
-132
-159
403
270
-107
-76
-447
-492
611
639
-508
-363
331
-225
-388
561
729
-145
-593
-183
20
438
613
-246
-635
-57
-76
-66
425
-20
-143
179
-550
-572
835
736
-461
-354
58
-264
19
503
155
-167
-445
-405
688
655
-666
-258
377
-217
64
252
-235
350
276
-701
-237
662
329
-353
-162
223
-95
-167
39
-338
60
466
-427
-141
490
-324
-364
300
344
29
-275
56
332
-344
-368
334
350
-48
-242
-177
139
583
-5
-865
68
952
-180
-296
312
37
-29
-364
-332
621
694
-381
-631
-236
316
345
-325
-243
29
-174
-102
309
225
-212
-278
-73
70
213
358
98
-283
-483
-359
178
318
341
211
-435
-343
446
262
-192
-62
132
355
-261
-287
679
113
-867
-308
184
141
475
145
-483
-204
-54
-353
-65
506
356
-174
-455
-354
109
87
-9
48
29
165
-81
-202
234
226
-305
38
459
-102
-51
457
-84
-473
173
231
247
269
-346
-332
-203
-90
339
-213
-372
423
-264
-462
460
-146
-303
333
-91
-208
361
20
-118
209
-250
-335
188
47
-88
239
-162
-190
359
-90
-222
370
44
-97
432
147
-111
-12
-87
199
188
-112
60
-80
-317
-27
204
132
-195
-335
-26
-83
8
437
167
-291
-374
16
334
97
-54
-60
-170
105
145
-112
57
-118
-212
291
96
-158
114
26
-297
-154
303
286
-143
-160
229
-107
-182
58
187
276
-166
-241
11
24
5
-9
-295
-176
11
161
243
-426
-357
138
-69
-143
282
338
0
-216
-70
63
102
23
-135
173
310
-79
-90
176
150
-15
-202
-170
116
58
-278
-229
-77
-281
-341
-124
102
158
-104
-206
-105
-196
-131
62
64
167
100
-105
-190
-238
71
354
245
-38
-76
159
129
86
236
206
48
105
142
310
463
71
-257
-108
120
376
645
492
-58
-124
357
442
393
701
639
162
26
160
582
966
374
-123
260
405
415
584
425
-42
-297
-205
-23
119
135
-437
-1197
-1100
-803
-838
-876
-1031
-1412
-1779
-1706
-1301
-1279
-1519
-1509
-1494
-1424
-1185
-873
-715
-803
-840
-471
-139
13
188
232
122
227
543
803
1048
951
547
425
839
909
735
975
879
485
542
664
774
932
729
564
689
814
996
1014
917
885
944
1241
1288
1483
1736
1514
1518
1713
1800
2194
2400
2263
2254
1946
1319
391
-78
168
76
-363
-675
-1326
-2254
-2913
-3175
-3247
-3052
-2498
-2677
-3484
-3597
-3216
-3004
-2734
-2279
-1907
-1620
-1125
-743
-726
-463
6
269
527
976
1520
1696
1408
1127
1083
1182
1489
1823
1566
1096
863
458
-90
-319
-280
-290
-426
-633
-893
-1221
-1417
-1535
-1589
-1341
-1021
-906
-999
-1227
-1253
-926
-414
-71
183
553
653
514
686
1067
1289
1565
1720
1650
1751
1908
1863
1778
1749
1759
1876
1891
1861
2024
2003
1813
1832
1977
2285
2683
3045
3263
3207
2889
2443
1282
-135
-416
-253
-331
-611
-1352
-2624
-3930
-5021
-5269
-4592
-3938
-3752
-4389
-5120
-5171
-4618
-3830
-3115
-2353
-1663
-1290
-803
10
388
803
1366
1553
2020
2791
3277
3269
2857
2309
2016
2017
2372
2498
1725
804
-221
-1459
-1899
-1668
-1842
-2244
-2631
-3144
-3536
-3712
-3639
-3404
-2983
-2301
-1711
-1398
-1094
-721
-148
538
1295
2323
3108
3344
3408
3393
3422
3662
4007
4259
4166
3942
3647
3124
2899
3075
3008
2895
3058
3149
3139
3230
3381
3682
3650
1788
-860
-1772
-1836
-2008
-1735
-1851
-3259
-5555
-7574
-8013
-7100
-5830
-4864
-5121
-6110
-6284
-5542
-4325
-2873
-1514
-749
-394
561
1932
2809
3409
3785
3602
3626
4524
5553
5638
4679
3338
2159
1557
1852
2142
1433
212
-1608
-3893
-4994
-4743
-4692
-5227
-5545
-5663
-5923
-6077
-5724
-5085
-4416
-3126
-1495
-300
633
1408
1839
2336
3663
5329
6502
6999
6834
6152
5329
5141
5427
5422
4935
4129
2927
1625
1056
936
775
498
486
715
877
1216
1592
1869
2402
2094
-517
-2465
-2265
-2083
-2099
-1558
-1466
-3241
-5903
-7082
-6487
-5278
-3602
-2843
-3778
-4464
-4134
-3306
-2048
-491
903
1047
918
2231
3303
3484
3883
3789
2916
2801
3532
4006
3502
2164
661
-753
-1287
-839
-690
-1246
-2194
-3988
-5778
-6033
-5596
-5814
-5932
-5441
-5020
-4748
-4053
-3118
-2613
-1700
87
1647
3024
4348
4766
4591
4811
5769
7009
7467
7194
6536
5020
3552
3182
3204
2801
2003
725
-629
-1313
-1404
-1227
-1174
-961
-449
170
1124
2300
3322
4069
3176
62
-1537
-831
-482
-180
676
473
-2324
-5907
-7214
-6326
-4573
-2805
-2455
-3894
-4912
-4899
-4241
-2613
-646
564
474
699
1963
2849
2976
3298
3409
2676
2664
3712
4266
3440
1759
183
-913
-1034
-492
-675
-1426
-2271
-4167
-5973
-5538
-4801
-5412
-5765
-5031
-4503
-4382
-3227
-1981
-1802
-1099
896
2544
3567
4797
5220
4499
4513
5724
6563
6629
6510
5571
3580
1957
1809
2007
1327
479
-506
-1945
-2697
-2521
-2320
-1959
-1386
-650
17
1035
2618
3738
4547
5694
5080
2003
785
1125
624
746
1768
1239
-2311
-5847
-6725
-6402
-5456
-3742
-3622
-5166
-5876
-6012
-5422
-3472
-1429
-444
-601
116
1936
2689
3063
3943
3763
2793
3129
4528
5055
4066
2339
684
-462
-733
-390
-642
-1273
-2251
-4429
-5817
-5101
-4711
-5660
-5716
-4955
-4775
-4124
-2663
-1663
-1439
-539
1176
2407
3668
5084
5207
4486
4927
5732
5814
5842
5759
4661
2784
1641
1511
1192
291
-401
-1399
-2556
-2474
-2128
-2103
-1573
-822
-228
587
2097
3857
5114
6194
7215
4936
991
791
1165
598
1566
2599
475
-4463
-7865
-8155
-7231
-5811
-3966
-4449
-6151
-6559
-6887
-5831
-3100
-942
-294
-64
1690
3333
3124
3584
4820
4123
3329
4655
5837
5446
3745
1492
39
-751
-994
-812
-1038
-1778
-3677
-6205
-6605
-5429
-5726
-6044
-4918
-4576
-4615
-3479
-2010
-1296
-443
1383
2723
3473
4982
5776
4867
4740
5746
5892
5473
5499
5005
3109
1297
783
490
-194
-574
-1101
-2302
-2689
-2343
-2312
-1818
-616
527
1339
2758
4574
6092
7307
7528
4947
1449
561
324
104
1600
2566
-361
-5652
-8846
-9315
-8282
-6206
-4384
-4703
-6277
-7093
-6981
-5253
-2264
-302
145
1040
2935
3927
4077
4863
5386
4424
3803
4965
6092
5286
2985
780
-654
-1511
-1867
-1885
-1885
-2691
-5003
-7027
-6617
-5512
-5781
-5814
-4455
-4020
-4254
-2572
-967
-725
472
2569
3538
4190
5605
5799
4718
4799
5716
5353
4817
5134
4227
2002
375
-190
-602
-1149
-1231
-1567
-2571
-2898
-2604
-2379
-1400
251
1442
2496
4176
5865
7093
8317
8777
6177
2594
1893
1659
457
1136
2077
-1121
-6872
-9909
-10054
-9580
-7865
-5809
-6130
-7723
-8147
-7736
-5842
-2431
-221
566
1814
3798
4581
4590
5843
7001
6089
5071
6043
6742
5337
2933
938
-331
-1472
-2443
-2792
-2987
-4055
-6197
-7798
-7488
-6608
-6557
-6098
-4879
-4409
-4040
-2689
-1272
-174
1536
3454
4406
5105
5875
5647
5130
5772
6463
5823
4932
4486
3358
1441
271
-109
-845
-1315
-1429
-2232
-2812
-2582
-2339
-1866
-561
1205
2590
4012
5694
7181
8168
8210
5949
2683
1775
1280
164
558
1347
-1109
-6550
-10135
-10393
-9677
-8594
-6527
-5804
-7334
-8622
-8189
-5280
-1544
410
1300
2655
4258
4884
5149
6694
8046
6958
5483
6143
6634
5044
2648
677
-621
-1911
-3037
-3389
-3792
-5250
-7427
-8695
-7986
-6769
-6671
-6040
-4673
-4614
-4208
-2173
-458
589
2207
3878
4764
5769
6853
6291
5076
5659
6470
5854
5307
4937
3153
535
-940
-1105
-1229
-1572
-1725
-2516
-3643
-3723
-3224
-2319
-652
1115
2328
3706
5682
7371
8437
9035
7995
4593
2417
2491
1599
557
857
-393
-4884
-9030
-9863
-9342
-9184
-7925
-6456
-6994
-8114
-7828
-5851
-2521
193
1356
2583
4268
5272
5400
6383
7957
7708
6228
5840
6015
4725
2318
294
-1135
-2423
-3873
-4871
-5185
-6111
-8103
-9455
-8810
-7513
-6972
-6359
-4825
-3902
-3708
-1855
444
1711
3440
5181
5651
6274
7746
7736
6238
5974
6482
5756
4792
4652
3450
633
-1634
-2301
-2435
-2525
-2207
-2521
-3611
-4196
-3908
-2813
-961
1413
3284
4553
6245
8323
9561
9521
7468
3912
2300
2020
1320
1518
1767
-1218
-6963
-10572
-10393
-9323
-8716
-7126
-6136
-7605
-8957
-8110
-5080
-1498
700
2132
3904
5317
5404
5488
7056
8296
7194
5955
6560
6269
3778
1037
-842
-2196
-3702
-4751
-4814
-5225
-7089
-9227
-10033
-9265
-7907
-6864
-5404
-3823
-3473
-2950
-864
1004
2334
4488
6156
6421
6912
7912
7421
5962
6058
6384
5048
4065
4166
2806
31
-1935
-2873
-3373
-3171
-2469
-2504
-3216
-3575
-3520
-2990
-877
2259
4259
5688
7824
9654
10091
8915
5893
3060
2069
1308
962
1752
1163
-3638
-9869
-12029
-10626
-9560
-8382
-5903
-5624
-8221
-9592
-7269
-2973
-141
1502
3857
5976
6356
5789
6380
8187
8352
6610
6423
7302
5709
2051
-788
-1995
-3356
-5304
-5646
-5007
-6359
-9000
-10246
-9872
-9064
-7954
-5971
-3833
-2891
-2384
-939
573
1935
4062
6101
7080
7742
8339
7540
5848
5416
5820
5189
4219
3838
2622
277
-1703
-2932
-3830
-4128
-3647
-3142
-3212
-3204
-3187
-3169
-2000
404
2914
4913
6970
8819
10017
10826
10701
7880
3924
2545
1738
100
180
409
-3563
-9862
-12728
-12275
-11577
-10262
-7587
-6551
-8186
-9227
-7697
-3922
-164
2065
4149
6587
7673
7293
7594
9056
9381
7922
7151
7449
6154
2682
-631
-2458
-3883
-5893
-7064
-6800
-7446
-9644
-11115
-10664
-9642
-8669
-6746
-4197
-2453
-1669
-295
1568
2786
4464
6741
8036
8433
8934
8299
6207
5230
5467
4917
3781
3254
2201
-208
-2381
-3505
-4205
-4628
-4060
-3202
-3309
-3491
-3261
-2867
-1668
619
3133
5098
7068
8945
10287
11454
11983
9572
5002
2832
2038
118
-557
23
-2840
-9325
-13333
-13226
-12444
-11567
-9074
-7196
-8066
-9192
-8145
-4584
-481
2061
4161
6824
8488
8303
8205
9361
9921
8706
7498
7499
6565
3211
-656
-2937
-4242
-6081
-7581
-7692
-8094
-9935
-11477
-11158
-9963
-8763
-6835
-4291
-2242
-985
486
2194
3552
5248
7207
8439
9003
9446
8761
6619
5154
4878
4161
3016
2481
1527
-807
-3194
-4594
-5268
-5409
-4724
-3591
-3150
-3353
-3385
-2938
-1540
833
3484
5646
7343
8979
10237
11397
12891
12686
8601
4279
2838
935
-1639
-1693
-1799
-6276
-12224
-14518
-13996
-13457
-12255
-9730
-8273
-8730
-8858
-6748
-2466
1317
3265
5575
8569
9797
9222
9331
10569
10604
8722
7293
6970
5182
1189
-2330
-3907
-5152
-7485
-9114
-9000
-9549
-11279
-11801
-10586
-9307
-7987
-5693
-2817
-590
754
2252
3823
5179
6851
8661
9612
9652
9180
7709
5626
4405
4018
3162
1882
772
-718
-2959
-4987
-5814
-5801
-5299
-4155
-3101
-3029
-3172
-2645
-1390
709
3529
6173
7798
9034
10331
11491
12929
13680
10910
5915
3084
1091
-1940
-2924
-2159
-4829
-11172
-15243
-15274
-14779
-14108
-11325
-8630
-8679
-9259
-7578
-3490
787
3313
5533
8493
10456
10479
10387
11453
11804
9923
7802
7193
6024
2595
-1301
-3738
-5347
-7709
-9741
-9856
-9988
-11476
-12365
-11636
-10329
-8759
-6534
-3569
-734
880
2310
4210
5415
6525
8499
9855
9835
9534
8817
6563
4082
3372
2936
1387
200
-609
-2592
-5017
-6333
-6560
-6078
-5069
-3730
-2968
-3020
-2665
-1750
-243
2514
5496
7231
8364
9869
11202
12044
13245
14221
11579
5745
2320
551
-2997
-4638
-3375
-5269
-11345
-15663
-16297
-16066
-15085
-11870
-8638
-7854
-7773
-6432
-3066
1506
4581
6615
9441
11652
11845
11497
11954
11980
10038
7319
5961
4892
2144
-1735
-4944
-6896
-9190
-11553
-11697
-10866
-11422
-12190
-11631
-10186
-8320
-5787
-2547
354
2240
3947
5440
6468
8073
9790
10207
9871
9780
8606
5767
3658
2881
1562
-277
-1227
-2114
-4073
-6127
-7166
-7135
-6407
-5129
-3737
-2875
-2532
-1986
-758
1285
4100
6603
8043
9259
10742
11755
12479
13718
14277
11224
5475
1833
-510
-4213
-5938
-4742
-6245
-11893
-16530
-17434
-16551
-15358
-12541
-8866
-7292
-7451
-6287
-2013
3052
5689
7393
10279
12457
12587
12343
12746
12584
10194
6800
5196
4478
1887
-2384
-5785
-7577
-9971
-12605
-12495
-11052
-11690
-12861
-11773
-9554
-7638
-5300
-1902
963
2484
4342
6420
7726
8925
10105
10094
9509
9344
8152
5584
3571
2395
614
-1153
-1991
-2996
-4784
-6559
-7314
-7067
-6326
-5115
-3512
-2407
-2073
-1219
530
2471
4610
6977
8688
10001
11373
12171
12826
13745
13920
10693
4828
1067
-1470
-5873
-7639
-5049
-6356
-12772
-16886
-17149
-17120
-16313
-12010
-7342
-6327
-6868
-5174
-880
3667
6379
8445
11462
13180
12705
12442
13043
12630
9543
5886
4686
3997
832
-3430
-6324
-8407
-11336
-13619
-12631
-11045
-12101
-12755
-11001
-9209
-7513
-4502
-1085
1334
3200
5337
7178
8402
9450
10040
9693
9258
9148
7953
5463
3257
1717
-193
-1968
-2846
-3660
-5079
-6693
-7316
-6909
-6283
-5231
-3528
-2260
-1640
-441
1373
3020
4823
7081
8649
9569
10880
11940
12331
12875
13606
11772
5579
272
-1880
-5748
-8969
-6555
-5293
-10917
-16432
-17204
-16882
-16573
-13162
-7946
-5533
-5437
-4405
-950
3773
6696
7983
10620
13579
13848
12728
12802
12697
9727
5579
4027
3788
1229
-3134
-6594
-8686
-11158
-13802
-13671
-11623
-11660
-12481
-10947
-8666
-6987
-4695
-1631
1347
3611
5527
7546
8965
9375
9410
9460
9282
8834
7937
6020
3372
1195
-410
-1939
-3059
-3844
-5007
-6418
-7034
-6720
-6228
-5353
-3686
-2276
-1499
-93
1815
3145
4449
6575
8422
9272
10451
11689
12102
12324
12775
11945
6707
420
-2092
-4981
-8941
-7719
-5225
-9604
-15761
-17297
-16844
-16467
-13701
-8553
-5457
-5015
-4156
-1402
3205
6956
8146
9910
13012
13894
12738
12343
12190
9960
5955
3548
3048
1252
-2636
-6577
-9039
-10738
-13005
-13995
-12166
-11180
-11870
-10789
-8301
-6269
-4103
-1516
1178
3837
5737
7371
9008
9607
9387
9276
9106
8468
7669
6180
3495
975
-464
-1797
-3417
-4314
-4855
-5971
-6828
-6636
-6025
-5267
-3927
-2446
-1147
262
1817
3102
4225
5999
7946
8940
9760
11082
11682
11558
11532
12030
10200
3183
-2391
-3537
-6617
-9425
-6860
-5766
-11264
-17105
-18136
-16414
-14761
-11510
-6667
-4046
-3778
-3201
-150
5029
7949
8402
10768
13591
13675
12156
11171
10642
8264
4415
2348
1934
-100
-4538
-8583
-9966
-10984
-13435
-13697
-11267
-10427
-10644
-9071
-6771
-5072
-3257
-519
2626
5213
7040
8247
8661
8550
8698
8980
8759
8096
7061
4762
1654
-221
-1030
-2377
-3953
-4637
-5045
-6027
-6505
-5948
-5367
-4443
-2771
-1298
-1
1497
2796
3549
4514
6519
8390
9139
9758
10742
10878
10310
10262
10805
7828
662
-2870
-4034
-7654
-8622
-5947
-6957
-12619
-16777
-16897
-15076
-13037
-9459
-5509
-3707
-2976
-1967
1338
6055
7688
8241
11103
13278
12868
11295
10198
9452
6827
3232
1765
1186
-1463
-5801
-8881
-9643
-11125
-13492
-12850
-10442
-9697
-9306
-7755
-5990
-4629
-2925
-18
3408
5938
7219
7763
7791
7723
8177
8567
8348
7801
6389
3517
891
-88
-1031
-2726
-3848
-3955
-4432
-5548
-5583
-5065
-4829
-3683
-1909
-569
709
1951
2607
3302
4821
6758
7976
8519
9250
9674
9214
9127
9779
9873
6603
580
-2388
-4012
-7588
-8329
-5812
-6938
-12417
-15845
-15281
-13970
-12838
-9300
-5002
-3329
-2812
-1364
1908
5523
6775
7833
10885
12612
11802
10527
9939
8992
5788
2486
1541
717
-2167
-5619
-7777
-9093
-11298
-13241
-11932
-9588
-9184
-8588
-6734
-5566
-4915
-2753
612
3463
5398
6692
7260
7119
7151
7890
8346
7845
6936
5517
3316
1331
125
-1145
-2690
-3598
-3662
-3967
-4647
-4687
-4616
-4387
-2973
-1234
-144
911
1892
2480
3289
4599
6372
7562
7723
7851
8146
8224
8542
8826
9148
7854
1906
-2643
-3539
-6181
-8146
-6452
-5934
-10083
-14479
-15268
-13737
-12428
-9959
-5836
-3230
-2094
-1690
15
4296
6575
6958
9533
11945
11851
10494
9369
8675
6397
2926
1283
882
-842
-3898
-7073
-8860
-10193
-12253
-11943
-9455
-8488
-8312
-7324
-6394
-5186
-3033
-468
2153
4482
5867
6160
6465
7198
7710
7797
7481
6906
5875
4339
2427
694
-511
-1911
-3043
-3212
-3033
-3563
-4286
-4298
-3854
-2900
-1760
-569
701
1556
2184
3005
4103
5459
6259
6597
7066
7587
7799
8066
8669
9757
9102
2853
-1863
-2085
-5283
-8468
-6135
-4237
-8902
-14479
-15034
-13250
-13009
-11185
-5997
-2876
-2685
-2930
-787
4186
6184
5940
8964
11999
11628
10110
9316
9085
6826
2901
1371
1557
-34
-3532
-6996
-8413
-9411
-12163
-12450
-9549
-8589
-8978
-7904
-6370
-5212
-3933
-1591
1610
4000
5343
6129
6694
7351
7753
7883
7671
7207
6613
5216
3060
1364
250
-1542
-3064
-3034
-2678
-3274
-4118
-4079
-4056
-3958
-2578
-982
-21
904
1812
2309
2842
4016
5111
5799
6445
7018
7513
8063
8617
9035
10364
8785
2207
-1410
-2075
-5725
-8361
-5958
-5009
-10151
-15142
-14856
-13072
-13177
-10830
-5785
-3130
-3041
-2931
536
5158
5845
6270
9629
11978
11417
9967
9472
9083
6203
2461
1475
1375
-891
-4626
-7320
-8206
-10160
-12951
-12238
-9680
-9265
-9116
-7445
-6115
-5546
-3775
-800
1987
4407
6230
7082
7704
8308
8289
8033
7717
7464
7093
5529
3038
1007
-695
-2680
-3630
-3030
-2790
-3635
-4394
-4725
-4817
-4077
-2413
-1026
-1
1122
1910
2259
2626
3781
4948
5680
6867
8246
9138
9439
9697
10057
10619
7418
886
-1085
-2175
-6923
-8644
-5845
-6858
-13209
-16510
-14486
-13271
-13635
-9911
-4908
-3557
-3465
-1763
2665
6202
6237
7647
11279
12565
11523
10533
10218
9034
5373
2318
1814
727
-2305
-5830
-8210
-9464
-11877
-13938
-12187
-9987
-10077
-9500
-7579
-6368
-5436
-2950
552
3386
5430
7210
8336
8713
8690
8715
8760
8485
8190
7257
4925
1982
-247
-1782
-3006
-3252
-3011
-3608
-4843
-5610
-5805
-5423
-3894
-2062
-1201
-660
484
1500
1929
2896
4669
6010
6863
7956
9244
10204
10245
10099
10832
11826
7933
750
-1239
-2934
-8522
-10078
-6498
-7608
-14411
-17175
-15043
-14436
-14566
-10327
-4986
-2945
-2476
-933
3502
6889
6517
8328
12608
13910
12489
11259
10795
9033
5121
2161
1406
-23
-3261
-6853
-9109
-10552
-13436
-15285
-13168
-11089
-10842
-9354
-7245
-6466
-5382
-2168
1576
4476
7278
9235
9616
9513
9595
9728
9606
9195
8549
7095
4180
922
-1079
-2363
-3645
-4281
-4295
-4889
-6001
-6566
-6486
-5555
-3871
-2508
-1656
-297
1101
1750
2658
4171
5732
6933
7937
9135
10286
10874
10952
10993
11816
12038
6312
-733
-2041
-4576
-9853
-10004
-6833
-9700
-16709
-18383
-15469
-14945
-14562
-9147
-4051
-2718
-2188
186
5077
7728
7511
10319
14211
14580
12872
11475
10783
8627
4437
1746
909
-1335
-4970
-8477
-10527
-12050
-15014
-16093
-13590
-11600
-10802
-9105
-7012
-5658
-4046
-544
3520
6618
8938
10368
10632
10487
10581
10680
10174
9146
8020
5881
2716
-176
-2001
-3616
-5238
-5678
-5548
-6234
-7092
-6929
-6629
-5850
-3938
-2050
-962
-1
1612
2772
3770
5352
6822
7993
8770
9519
10518
11246
11244
10954
10692
10640
7942
666
-3471
-4224
-8946
-12678
-10158
-9242
-14629
-18361
-16302
-14374
-14626
-11366
-5314
-1735
-385
679
4128
8563
9400
9852
13334
15378
13729
11583
10809
9734
5926
1261
-1065
-2406
-5025
-8701
-11282
-12286
-14546
-17080
-15708
-12198
-10567
-9463
-6847
-4453
-2596
233
3812
6865
9069
10815
11438
11598
11883
11156
9594
8015
6736
5080
2365
-597
-2767
-4563
-6425
-7271
-7061
-7027
-7387
-7345
-6406
-5113
-3676
-2120
-785
530
2345
4326
5533
6597
7598
7973
8275
9355
10775
11066
10580
10338
9914
9189
8776
4234
-2868
-5173
-7692
-12987
-12985
-9013
-11027
-16780
-17311
-14622
-14354
-13194
-6971
-1206
418
857
2974
7481
10101
9553
11481
14897
14249
11780
11028
10262
6835
1251
-2281
-2984
-4607
-7798
-10516
-12209
-14115
-16823
-16902
-12897
-9992
-9201
-6746
-3609
-1829
236
3478
6896
9216
10572
11853
12362
11796
10639
9312
7789
5946
4143
2371
-401
-3388
-5074
-6720
-8132
-8049
-7581
-7343
-6759
-5781
-4601
-3455
-2145
-267
1451
3007
5208
6583
6652
7170
7669
7991
8964
9925
10020
9514
9101
8553
7876
7692
7018
1418
-5330
-6620
-9220
-13946
-12553
-8895
-11406
-16067
-15562
-12955
-12748
-10991
-4528
599
1480
1990
4514
8650
9977
9237
11942
14372
12564
10538
9843
7935
3685
-1062
-3294
-4095
-6224
-8831
-11084
-12781
-14301
-15877
-14694
-10924
-8687
-7429
-4458
-1519
36
2107
5460
8059
9594
11079
11956
11774
10750
9257
7804
6122
3876
2025
211
-2517
-4998
-6367
-7508
-8438
-8406
-7543
-6705
-5717
-3980
-2678
-1735
-155
1620
3161
4678
6350
7314
7209
7182
7661
8037
8178
8195
8152
8037
7523
7079
6937
5985
4795
982
-5163
-7048
-8494
-12557
-12358
-8695
-9525
-13725
-14095
-11661
-11074
-9685
-4061
769
1830
2425
4257
7605
9733
9185
10467
12526
11233
9011
7975
6446
3035
-1160
-3688
-4804
-6543
-8717
-10624
-11925
-12699
-13818
-13372
-10082
-7668
-6509
-3379
-226
1084
2926
5709
7521
8332
9684
10695
10304
9412
8239
6680
4587
2147
348
-924
-2907
-4915
-5905
-6971
-8012
-7815
-6732
-5383
-4004
-2497
-1347
-410
959
2235
3484
4811
6104
7005
6784
6807
7309
6698
6365
6970
7065
6750
6772
6526
5961
4906
4092
2536
-3066
-6670
-7046
-10354
-11959
-8778
-7531
-10762
-12904
-11567
-10020
-9220
-5672
-394
1969
2492
3282
5757
8740
8478
8351
10662
10593
8439
7183
5967
3700
-147
-3500
-4728
-5865
-7359
-8811
-10389
-11235
-12120
-12746
-10510
-7098
-5263
-3149
-405
1239
2606
4393
6045
7170
8357
9375
9344
8714
7670
6033
3898
1563
-38
-1001
-2492
-4140
-5085
-5976
-6954
-6889
-5859
-4427
-3202
-1994
-489
579
1331
2252
3463
4459
5276
6017
6276
6230
6023
5433
5253
5740
5473
5268
5780
5694
5169
4773
4450
4270
728
-4837
-5734
-6875
-10615
-9807
-6361
-7430
-11397
-12116
-9972
-9211
-8191
-3560
734
1807
1917
3193
6394
8081
6949
8075
10146
8882
6975
6223
5072
2199
-1547
-3782
-4580
-5354
-6942
-9045
-9988
-10244
-11579
-11205
-7477
-4949
-4384
-2146
655
1563
2453
4410
5828
6607
7692
8211
8005
7598
5943
3601
1904
577
-510
-1287
-2255
-3547
-4762
-5764
-6133
-5147
-3798
-2994
-1652
227
920
838
1724
2809
3083
3691
4968
5844
5561
4783
4445
4085
3879
4138
4945
5764
5595
5002
5166
5039
4477
4285
384
-4118
-4762
-7197
-9779
-7714
-5692
-8353
-11853
-11348
-9361
-9322
-7394
-2127
309
128
1023
3505
6662
6866
6286
8488
9055
7477
7131
6643
4620
1403
-1749
-3157
-3673
-5086
-7099
-8544
-9121
-10103
-10869
-8916
-6466
-5960
-4340
-1125
359
807
2314
3815
4313
5217
7059
7936
7448
6206
4648
3457
1906
432
102
-380
-1972
-3346
-3841
-4204
-4451
-4166
-3094
-1566
-320
356
585
1117
1521
1504
2548
4074
4669
4454
3988
3742
3508
3002
3377
4504
4955
4942
5156
5894
6358
5583
5772
5129
-391
-3958
-4092
-7087
-9047
-6714
-6001
-9566
-12145
-11099
-10053
-9897
-6767
-2514
-1083
-247
1054
3426
6256
6440
6703
8677
8961
8090
7600
6630
4677
1685
-1037
-2351
-3434
-4852
-6478
-8240
-9109
-9707
-10353
-9129
-6939
-5684
-4003
-1900
-831
3
1550
2793
3607
5489
7097
7129
6836
6435
5375
3758
2250
1535
1088
26
-1271
-2014
-2565
-3632
-4359
-3483
-2147
-1683
-831
167
157
-10
263
1285
2397
2948
3568
3848
3373
3113
3218
3515
4215
4726
5380
6278
6642
7076
7175
6558
6327
2694
-2698
-3631
-5471
-9120
-8412
-6262
-8377
-12336
-12870
-11141
-10795
-9671
-5188
-1880
-939
145
2030
5573
7209
6329
8112
10296
9480
8444
8108
6759
3704
404
-1373
-2277
-3792
-5868
-7809
-8902
-9678
-11087
-10758
-8267
-7010
-6120
-3604
-1694
-1165
25
1876
3100
4584
6692
7726
7832
7565
6492
5154
3794
2524
1957
1574
370
-1077
-2114
-3335
-4468
-4250
-3133
-2403
-1674
-787
-732
-956
-636
43
938
1779
2790
3536
3376
3185
3417
3525
4009
4969
5942
7026
7536
7562
7796
7348
6897
5390
231
-3083
-4137
-7940
-9730
-7474
-7393
-11102
-13526
-12476
-11433
-11275
-7960
-3178
-1415
-634
908
3990
7135
7022
7567
10281
10427
9160
8914
8108
5759
2228
-523
-1809
-3246
-5070
-6986
-8758
-9837
-11042
-11748
-10104
-8261
-7420
-5432
-3058
-1978
-944
1089
2838
4002
6173
8259
8495
8283
8037
6785
5150
3737
2920
2471
1248
-529
-1868
-2935
-4436
-5234
-4324
-3296
-2977
-2071
-1099
-1268
-1307
-732
69
1206
2302
3235
3736
3682
3661
3736
3997
4882
5848
6593
7206
7311
7433
7368
6427
6484
5671
361
-3782
-4755
-7753
-10479
-9030
-7503
-10375
-13683
-12687
-10787
-10740
-8307
-3778
-1210
64
1239
4158
7783
7871
7512
9753
10637
9600
8794
7942
6049
2547
-680
-2184
-3494
-5294
-7423
-9301
-9843
-10615
-11904
-10790
-8587
-7582
-6047
-3534
-1678
-568
1210
3271
4786
6761
8475
8815
8994
8738
7152
5490
4241
3048
1935
761
-645
-2211
-3741
-5097
-5660
-4915
-3916
-3225
-2123
-1432
-1740
-1625
-625
602
1767
2763
3696
4200
4124
4073
4263
4620
5085
5831
6771
7181
6939
6827
6626
5898
6233
5811
799
-3867
-5007
-8067
-11441
-9685
-7193
-9838
-13508
-12586
-10444
-10711
-9120
-4324
-902
202
1139
4480
8522
8300
7316
9667
10922
9576
8481
8161
6892
3225
-707
-2445
-3695
-5788
-7948
-9298
-9468
-10643
-12457
-11439
-9086
-8058
-6592
-3592
-1209
-133
1521
3718
5212
6786
8422
9252
9772
9508
7898
6243
4617
2728
1369
304
-1114
-2737
-4087
-5233
-5976
-5744
-4865
-3972
-2906
-1993
-1657
-1110
-230
714
1884
3126
4222
4808
4802
4865
4959
4763
5145
6052
6442
6545
6665
6548
6222
5509
5445
5458
1049
-4299
-5281
-7603
-11546
-10354
-7153
-9017
-12999
-12470
-10001
-10472
-9531
-4362
-480
617
1720
4717
8569
8602
7192
9387
10898
9366
8433
8352
6845
3065
-869
-2844
-4338
-6184
-7909
-9325
-9875
-10840
-12457
-11875
-9416
-7749
-6152
-3395
-624
650
1823
4190
5977
7142
8654
9717
10006
9474
7935
6219
4223
2155
917
-207
-1658
-3103
-4336
-5454
-6304
-6056
-5046
-4386
-3288
-1776
-1313
-1011
129
1299
2228
3440
4691
5205
5092
4921
4878
4898
5029
5384
5896
6010
5591
5476
5502
5089
4725
5103
2623
-3357
-5777
-6753
-10633
-11198
-7400
-7169
-11210
-12361
-9998
-9720
-9983
-5558
-501
1116
2100
4359
7663
8767
7099
8107
10450
9565
8142
7933
6759
3554
-554
-3209
-4460
-6095
-7832
-9037
-9613
-10185
-11793
-12061
-9542
-7499
-6277
-3536
-219
1327
1959
4035
6129
6791
7907
9615
10126
9369
7856
5920
3884
1829
333
-640
-1641
-2827
-4265
-5387
-5878
-5933
-5441
-4464
-2913
-1218
-590
-348
786
1765
2185
3210
4654
5265
4931
4696
4871
4693
4222
4363
4985
5347
5079
4914
5367
5176
4134
4416
3728
-1488
-5158
-5580
-8636
-10986
-8327
-6460
-9533
-11990
-10299
-9268
-9801
-6720
-1564
898
1976
3425
6054
8438
7592
7396
9542
9521
7855
7207
6540
4400
753
-2553
-4169
-5612
-7205
-8468
-9283
-9327
-10413
-11585
-9777
-7370
-6149
-3974
-728
1359
1806
3268
5557
6352
7143
8757
9333
8721
7517
5796
4074
1974
97
-676
-1458
-2611
-3569
-4274
-5033
-5578
-5195
-4176
-2902
-1147
-95
16
729
1462
1726
2468
3728
4493
4286
4134
4316
4134
3651
3536
4006
4547
4520
4438
5100
5246
4382
4044
4852
3132
-2301
-4855
-5234
-8761
-10461
-7244
-6275
-9840
-11636
-9730
-8576
-8787
-5831
-992
1211
1759
3282
6457
8236
6810
6744
8827
8706
7137
6578
5959
3785
-37
-3001
-4062
-5284
-6870
-7941
-8194
-8473
-9935
-10536
-8743
-6822
-5468
-2973
-110
1048
1760
3410
4792
5592
6885
8024
8155
7829
6674
4868
3215
1448
75
-369
-702
-1605
-2766
-3652
-4434
-4959
-4511
-3062
-1564
-665
-237
116
437
574
1195
2259
2965
3306
3449
3458
3524
3452
3209
3544
4329
4799
5010
5571
5992
5420
4652
5245
5140
356
-3933
-4175
-6860
-10558
-8764
-5951
-8485
-12085
-11041
-8895
-9599
-8295
-3142
305
1105
1984
4780
7952
7355
6301
8536
9514
8027
7281
7026
5688
2328
-1334
-3012
-4219
-5746
-7049
-7893
-8034
-9210
-11036
-10233
-7954
-6570
-4656
-1818
-30
431
1457
3323
4596
5788
7333
8006
7961
7311
5868
4564
3201
1828
1257
892
-17
-1334
-2473
-3444
-4408
-4457
-3533
-2616
-1719
-1009
-984
-967
-682
-247
481
1421
2424
2914
3105
3552
3636
3365
3627
4320
5186
5940
6324
6558
6320
5497
5073
5683
3854
-1532
-4089
-4972
-9007
-10761
-7670
-7039
-11065
-12706
-10202
-9366
-9920
-6429
-1476
286
852
2866
6506
8166
6707
7383
9637
9213
7973
7746
7256
5053
1097
-1606
-2619
-4161
-5884
-7225
-7897
-8537
-10518
-11354
-9295
-7518
-6573
-4347
-1791
-739
-353
1466
3749
4833
6175
7832
8424
8134
7203
6047
4985
3540
2569
2250
1442
128
-1507
-3003
-3984
-4637
-4605
-3713
-2859
-2236
-2035
-2176
-1893
-1396
-786
252
1609
2701
2986
3151
3708
3874
3842
4674
5937
6724
7028
7099
7112
6648
5670
5780
5435
743
-3594
-4391
-7361
-10968
-9630
-7465
-10185
-13259
-11610
-9720
-10544
-8667
-3505
-595
420
2066
5087
7903
7495
7157
9520
10384
9006
8294
8154
6679
3114
-123
-1533
-3208
-5284
-6771
-7843
-8546
-10124
-11712
-10700
-8836
-7989
-6277
-3644
-2107
-1525
143
2684
4128
5500
7530
8567
8729
8520
7626
6594
5397
4186
3474
2715
1318
-565
-2193
-3407
-4618
-5223
-4712
-4125
-3748
-3202
-3062
-3031
-2590
-1960
-1016
470
2009
2641
3103
3996
4282
4250
4997
6177
6897
7202
7386
7508
7121
6205
5773
6033
3688
-1700
-4340
-5505
-9372
-11295
-8750
-8244
-11866
-13101
-10600
-9811
-10250
-6901
-2226
-346
685
3135
6595
8060
7191
8079
10041
9836
8812
8625
8191
5983
2418
7
-1420
-3496
-5444
-6811
-7763
-8737
-10520
-11349
-10112
-9043
-8260
-6151
-3656
-2651
-1697
768
2859
3959
5852
7949
8550
8587
8757
8224
6904
5739
4982
3873
2528
1137
-633
-2324
-3678
-4799
-5287
-4941
-4447
-4131
-4022
-3976
-3715
-3318
-2359
-897
647
2083
3020
3748
4527
4993
5556
6554
7365
7889
8333
8414
8159
7610
7158
6208
2230
-2346
-4071
-6378
-9822
-9788
-8050
-10214
-13773
-13202
-11091
-11571
-10612
-5919
-2707
-1797
292
3539
6037
6754
7125
9137
10645
10235
9787
9592
8508
6052
3324
1690
32
-2445
-4364
-5853
-7302
-8782
-10538
-11110
-10451
-9987
-8979
-6868
-5277
-4595
-3127
-693
1178
2860
5576
7466
7856
8638
9271
8611
7611
7150
6526
5390
4109
2730
830
-1265
-2814
-3868
-4485
-4623
-4496
-4562
-4792
-4849
-4652
-4401
-3763
-2314
-457
1075
2160
3251
4070
4593
5579
6914
7915
8703
9438
9623
9334
9059
8189
4475
-189
-2076
-4149
-7563
-8111
-6675
-8872
-13238
-13851
-12194
-12597
-12368
-8175
-4732
-4168
-2568
644
3296
4260
5096
7428
9565
10117
10240
10409
9594
7434
5211
4081
3044
1222
-670
-2500
-4462
-6557
-8504
-9436
-9676
-10010
-9630
-8166
-7280
-6989
-5811
-4116
-2869
-1168
2001
4645
5606
6739
8141
8237
7661
7835
8174
7665
6585
5481
4158
2341
330
-1329
-2199
-2844
-3620
-3889
-4157
-4893
-5273
-5346
-5464
-4809
-3080
-1563
-615
818
2233
2726
3446
5097
6510
7671
8976
9919
10401
10631
9107
5067
1929
206
-2599
-4655
-3837
-3691
-7226
-10680
-11484
-12041
-13058
-11710
-8462
-6749
-6004
-4430
-2233
-677
272
1855
3812
5771
7651
9043
9414
8754
7359
5613
4742
4685
4455
3604
1937
-253
-2577
-4589
-5876
-6625
-7108
-7215
-7099
-7234
-7339
-7008
-6726
-6484
-5130
-2501
-247
1390
3153
4440
4752
5048
6058
6895
7205
7390
7294
6651
5612
4317
2805
1464
477
-172
-784
-1427
-2200
-3277
-4230
-4874
-5024
-4532
-3731
-2881
-1904
-891
-96
525
1442
2730
4080
5543
7126
8193
8710
8218
5908
3483
1948
242
-1193
-883
-472
-2320
-4779
-6198
-7559
-9067
-8842
-7234
-6437
-5847
-4718
-3635
-3031
-2526
-1751
-868
280
1990
3985
5182
5443
4978
4022
3258
3024
3570
4077
3656
2746
1612
240
-989
-1987
-2744
-3161
-3608
-3958
-4029
-4127
-4438
-4951
-4983
-4140
-3192
-2094
-491
808
1483
1960
2690
3450
3740
4052
4752
5119
4969
4538
3871
3111
2070
1236
960
501
-234
-846
-1429
-2061
-2388
-2549
-2810
-2839
-2561
-2320
-2120
-1446
-800
-633
-158
631
1122
1464
1906
2360
2760
3050
3145
2966
2389
1677
1165
775
454
190
15
-275
-650
-832
-1060
-1533
-1945
-2124
-2127
-1975
-1676
-1241
-925
-839
-831
-664
-557
-802
-763
-290
36
368
961
1130
716
368
149
-108
-235
-139
-140
-241
-307
-574
-1083
-1520
-1785
-1990
-1850
-1296
-782
-481
-151
145
223
378
673
948
1311
1762
2119
2151
1890
1563
1175
796
735
865
593
30
-280
-571
-1193
-1540
-1369
-1491
-1914
-1932
-1773
-1828
-1732
-1410
-1084
-675
-202
261
701
1069
1258
1333
1659
1987
1922
1766
1902
1965
1610
1353
1269
965
588
488
476
307
115
28
40
74
100
-21
-176
-62
-21
70
421
556
310
55
57
1
-75
88
301
398
523
610
325
-156
-534
-822
-948
-777
-623
-978
-1522
-1937
-2310
-2484
-2364
-2025
-1781
-1722
-1560
-1233
-994
-780
-376
38
494
981
1311
1444
1547
1692
1615
1602
1705
1493
1036
658
444
19
-428
-681
-938
-1182
-1441
-1671
-1894
-2043
-2069
-1973
-1588
-1151
-889
-566
-128
195
403
693
1109
1463
1588
1821
2089
1945
1537
1298
1341
1194
854
672
537
165
-270
-262
56
124
-149
-14
471
503
384
732
1142
891
706
1114
1367
1254
1162
1181
1206
1197
1141
1164
1087
537
-131
-462
-645
-981
-1334
-1580
-1998
-2488
-2804
-2876
-2814
-2666
-2437
-2285
-2017
-1647
-1273
-884
-435
96
550
919
1218
1580
1852
1902
1972
1963
1739
1364
1098
709
113
-265
-523
-879
-1135
-1205
-1530
-1991
-2216
-2351
-2324
-2072
-1759
-1386
-1078
-802
-515
-177
274
648
887
1223
1615
1720
1693
1593
1294
1060
999
907
699
608
421
-160
-597
-574
-461
-519
-438
-161
-86
-144
58
459
609
685
1003
1498
1939
2233
2556
2769
2804
2776
2784
2782
2514
1886
1243
820
224
-447
-831
-1253
-1997
-2673
-2948
-3135
-3463
-3541
-3290
-3027
-2703
-2214
-1715
-1305
-853
-433
-6
588
1185
1500
1701
1991
2034
1875
1744
1623
1285
736
376
73
-427
-825
-983
-1332
-1869
-2247
-2535
-2758
-2822
-2568
-2172
-1848
-1496
-1274
-994
-508
-154
149
555
985
1315
1544
1604
1542
1410
1170
995
905
965
847
429
60
-229
-476
-623
-598
-496
-357
-251
-107
176
326
214
114
411
968
1314
1540
1888
2051
1985
2176
2565
2852
3154
3327
3260
2953
2433
1796
903
-29
-771
-1370
-1815
-2226
-2572
-2809
-3068
-3313
-3460
-3630
-3545
-2975
-2362
-1763
-1036
-318
122
410
883
1211
1276
1432
1800
1991
1948
1912
1663
1078
320
-155
-493
-867
-1082
-1305
-1634
-1959
-2089
-2266
-2471
-2457
-2263
-1923
-1473
-984
-613
-331
-124
3
244
506
630
865
1178
1310
1306
1268
1092
654
293
246
279
219
200
194
142
51
-111
-201
-204
-186
-144
92
492
671
619
668
846
1053
1352
1695
2072
2439
2697
2851
2883
2823
2709
2436
2081
1811
1362
538
-318
-973
-1561
-2111
-2362
-2420
-2683
-2962
-2969
-2935
-2970
-2850
-2522
-2029
-1311
-444
274
566
679
809
820
944
1318
1615
1603
1401
1137
788
323
-164
-615
-1058
-1378
-1449
-1353
-1356
-1621
-1877
-1964
-1955
-1752
-1413
-1049
-688
-414
-195
28
138
101
125
292
530
761
924
900
609
265
87
-28
-55
64
200
298
401
490
404
177
-12
53
279
483
817
1160
1237
1161
1210
1353
1485
1653
1963
2360
2631
2746
2754
2730
2486
2020
1656
1279
568
-309
-964
-1460
-1892
-2201
-2398
-2586
-2851
-3106
-3208
-3122
-2941
-2604
-1955
-1141
-384
163
455
619
649
724
1058
1516
1760
1692
1500
1207
802
325
-88
-473
-890
-1133
-1154
-1150
-1386
-1797
-2079
-2196
-2084
-1717
-1290
-977
-798
-683
-552
-371
-140
89
270
546
861
1015
1043
911
601
331
249
290
395
515
586
594
604
610
523
396
321
391
631
872
1062
1261
1299
1190
1172
1320
1497
1700
2068
2427
2598
2678
2680
2378
1819
1206
642
72
-625
-1252
-1739
-2203
-2647
-2951
-3056
-3169
-3411
-3535
-3349
-3061
-2665
-1954
-1057
-246
292
675
989
1060
1021
1240
1660
1965
1968
1780
1515
1028
419
3
-345
-760
-1018
-1122
-1172
-1353
-1746
-2169
-2463
-2508
-2264
-1762
-1238
-896
-721
-619
-511
-312
46
435
785
1207
1611
1730
1566
1277
944
675
649
853
1059
1070
950
840
681
499
321
225
214
284
572
927
1090
1086
1060
1036
1097
1362
1784
2244
2636
2896
2920
2691
2128
1242
409
-202
-704
-1181
-1648
-2105
-2667
-3292
-3698
-3866
-4050
-4194
-4092
-3686
-3052
-2312
-1487
-725
-131
393
965
1466
1753
1964
2161
2339
2524
2598
2434
1981
1334
609
21
-318
-585
-879
-1165
-1403
-1754
-2198
-2505
-2737
-2917
-2864
-2409
-1785
-1276
-877
-590
-388
-172
251
811
1346
1803
2116
2303
2378
2322
2099
1775
1549
1545
1621
1648
1567
1273
850
475
164
-67
-150
-190
-308
-311
-123
-45
-44
63
185
308
644
1201
1636
1791
1693
1544
1395
1056
638
223
-358
-1085
-1500
-1490
-1493
-1686
-1956
-2233
-2522
-2599
-2368
-2065
-1909
-1899
-1742
-1300
-697
-87
420
705
688
585
656
876
1055
1156
1123
931
649
330
89
-118
-335
-556
-767
-939
-1099
-1226
-1310
-1421
-1558
-1596
-1499
-1231
-845
-465
-165
45
294
614
890
1153
1461
1667
1761
1892
2010
1929
1653
1426
1311
1220
1183
1097
817
428
88
-152
-296
-317
-296
-340
-346
-183
42
265
535
858
1136
1299
1478
1656
1652
1474
1343
1239
957
468
-96
-603
-1061
-1404
-1587
-1738
-2059
-2439
-2545
-2359
-2095
-1908
-1804
-1870
-2077
-2050
-1615
-1038
-544
-142
103
206
339
575
782
838
800
768
788
870
918
857
663
306
-81
-320
-422
-539
-681
-812
-968
-1116
-1213
-1261
-1288
-1273
-1160
-910
-549
-171
174
462
691
918
1241
1557
1776
1983
2120
2135
2110
2053
1887
1629
1356
1098
915
771
590
414
250
118
53
91
165
258
442
613
703
709
628
470
370
368
292
115
-166
-543
-864
-1036
-1138
-1336
-1547
-1698
-1790
-1755
-1594
-1433
-1415
-1504
-1534
-1358
-1110
-900
-747
-670
-563
-394
-142
83
100
54
89
180
320
420
381
281
196
113
87
73
-25
-187
-293
-238
-199
-287
-399
-517
-619
-631
-506
-368
-331
-344
-243
1
270
537
768
974
1158
1332
1524
1681
1739
1729
1678
1595
1506
1361
1141
889
704
601
479
310
132
-29
-99
-45
98
326
525
576
562
595
583
473
403
414
355
181
10
-190
-483
-806
-1051
-1190
-1325
-1425
-1425
-1353
-1333
-1415
-1502
-1565
-1579
-1478
-1231
-952
-803
-778
-734
-614
-477
-319
-136
-28
14
112
287
428
432
337
265
225
165
152
155
70
-77
-160
-189
-270
-397
-539
-663
-694
-602
-458
-342
-273
-261
-251
-106
152
385
602
852
1064
1231
1390
1503
1549
1584
1607
1554
1434
1286
1078
853
684
570
431
206
-11
-140
-209
-232
-158
-50
37
146
274
419
512
461
334
275
307
354
434
506
420
169
-79
-254
-416
-552
-647
-712
-785
-897
-1025
-1163
-1279
-1387
-1438
-1379
-1302
-1290
-1286
-1183
-1027
-891
-711
-503
-337
-166
27
205
344
412
408
389
365
333
298
226
98
-52
-164
-264
-375
-466
-597
-775
-833
-765
-695
-626
-564
-507
-411
-249
-2
247
433
586
761
994
1240
1443
1592
1657
1618
1551
1516
1446
1332
1162
964
804
612
385
213
71
-119
-319
-379
-276
-170
-73
79
191
228
272
357
462
513
513
549
569
507
403
309
181
-7
-161
-275
-416
-578
-710
-818
-935
-1038
-1118
-1139
-1161
-1187
-1182
-1138
-1102
-1058
-905
-713
-533
-377
-229
-112
-39
18
71
139
147
113
89
31
-69
-152
-189
-233
-281
-316
-378
-518
-659
-692
-695
-681
-584
-442
-308
-192
-82
4
60
147
277
437
635
843
1030
1176
1268
1296
1224
1097
981
877
789
718
622
464
261
71
-62
-188
-293
-289
-219
-137
-40
36
52
57
126
266
427
586
707
801
849
852
837
798
713
594
534
523
469
344
146
-138
-488
-765
-879
-912
-974
-1032
-1023
-1024
-1039
-1007
-941
-900
-878
-755
-529
-321
-207
-137
-89
-78
-32
42
80
37
-37
-54
-31
16
40
-7
-124
-252
-349
-413
-476
-551
-614
-630
-593
-553
-534
-520
-502
-439
-328
-177
-35
66
190
354
537
696
800
843
843
864
902
903
821
690
548
433
337
253
190
105
28
29
54
49
30
39
46
63
147
253
350
451
518
534
533
485
407
372
357
361
403
444
420
338
228
85
-53
-173
-263
-300
-314
-347
-387
-417
-461
-512
-526
-526
-536
-530
-490
-396
-287
-199
-176
-196
-226
-227
-204
-161
-127
-159
-192
-215
-239
-269
-351
-477
-604
-684
-678
-597
-548
-551
-556
-552
-524
-451
-326
-202
-111
6
168
311
396
434
445
454
459
499
569
578
529
476
432
350
233
119
32
-28
-25
32
51
36
13
-4
-5
18
70
152
231
293
361
438
484
476
456
471
480
483
522
549
501
438
403
352
264
178
121
54
10
-7
-56
-146
-240
-314
-373
-410
-411
-371
-313
-246
-152
-57
-1
3
-14
3
1
-37
-54
-31
-22
-34
-56
-124
-249
-391
-492
-534
-511
-486
-502
-519
-523
-548
-590
-582
-534
-498
-438
-291
-117
9
75
126
170
170
179
228
266
242
192
159
109
28
-45
-89
-104
-95
-54
-7
32
49
26
19
57
80
99
156
216
227
225
215
176
133
104
118
156
186
218
232
240
250
258
273
251
209
192
184
192
236
261
250
229
199
188
181
170
157
154
183
244
301
330
313
252
193
138
73
16
-33
-72
-102
-136
-194
-300
-422
-513
-560
-562
-542
-516
-493
-471
-468
-466
-428
-366
-302
-211
-69
53
133
190
205
186
160
154
161
142
95
37
-37
-120
-214
-307
-396
-460
-488
-467
-414
-379
-374
-375
-344
-285
-227
-166
-102
-26
52
131
216
264
253
231
209
182
157
136
148
168
172
194
208
187
144
98
70
56
80
138
190
229
270
291
268
238
223
230
286
366
439
499
533
524
482
418
347
277
224
204
201
211
173
81
-12
-120
-212
-267
-283
-267
-249
-245
-252
-277
-314
-353
-357
-289
-201
-135
-61
17
54
78
106
120
88
31
4
-1
-28
-78
-147
-235
-323
-394
-416
-424
-461
-501
-513
-476
-415
-362
-318
-283
-266
-252
-206
-155
-125
-98
-68
-42
-19
-13
-32
-46
-36
-29
-18
2
30
39
40
55
65
89
109
128
158
191
217
228
243
267
276
276
298
314
317
337
357
365
353
326
285
268
284
307
328
333
292
221
149
98
68
35
-4
-22
-47
-78
-93
-95
-141
-190
-160
-110
-69
-15
54
78
81
111
146
148
126
98
64
27
-18
-61
-116
-176
-231
-250
-241
-255
-292
-332
-377
-392
-381
-375
-363
-354
-343
-316
-289
-268
-261
-254
-253
-253
-221
-183
-145
-115
-80
-35
-14
-1
17
28
36
62
113
174
204
226
225
198
179
167
150
151
162
169
182
211
223
201
170
145
144
149
176
216
251
268
263
255
239
213
188
172
142
123
133
136
118
80
25
-20
-56
-63
-38
-14
2
15
40
64
75
72
72
51
23
23
36
22
-12
-39
-76
-113
-138
-159
-197
-241
-273
-280
-264
-243
-253
-273
-289
-297
-287
-261
-245
-249
-259
-261
-269
-278
-269
-259
-231
-179
-120
-63
-20
15
50
77
96
114
136
160
182
212
218
189
134
61
-8
-50
-66
-68
-46
-17
-10
-17
-7
8
15
46
84
126
179
239
285
310
319
311
298
281
272
272
263
226
182
140
96
67
55
52
42
27
27
32
31
28
26
39
54
65
77
76
60
42
18
-3
-9
-25
-48
-70
-98
-134
-173
-181
-160
-141
-137
-131
-152
-188
-208
-224
-221
-220
-217
-198
-183
-184
-214
-242
-259
-264
-244
-194
-138
-81
-22
14
28
18
5
12
33
47
59
77
82
79
66
52
27
0
1
20
35
63
94
111
105
92
87
75
71
68
61
49
54
75
98
103
78
40
6
-10
-12
5
15
26
69
121
173
208
209
198
188
209
256
296
316
324
311
257
191
127
64
-4
-48
-58
-58
-68
-109
-170
-229
-272
-296
-293
-261
-241
-239
-215
-171
-138
-138
-123
-105
-92
-72
-58
-46
-48
-48
-25
5
14
13
4
-9
-19
-35
-43
-58
-73
-90
-112
-129
-143
-156
-171
-167
-155
-152
-135
-87
-50
-31
2
49
68
81
112
135
152
158
163
162
148
138
134
121
104
83
60
47
35
41
41
29
27
41
55
62
70
71
78
85
111
152
186
206
211
202
171
120
80
56
42
35
43
55
39
10
-34
-79
-125
-159
-148
-118
-92
-71
-46
-43
-64
-98
-118
-136
-148
-139
-119
-96
-83
-60
-49
-61
-83
-106
-121
-125
-101
-66
-38
-22
-18
-21
-28
-42
-60
-72
-76
-74
-56
-25
1
14
15
17
20
20
16
19
25
35
42
54
65
52
22
-4
-26
-31
-28
-17
2
18
39
57
69
71
65
66
81
110
138
165
186
191
190
189
179
162
135
113
94
73
65
41
11
-6
-26
-47
-59
-71
-88
-109
-108
-98
-88
-76
-62
-51
-42
-28
-20
-17
-14
-14
-16
-6
-2
-21
-39
-56
-61
-67
-71
-71
-79
-89
-93
-81
-67
-53
-47
-41
-27
-9
3
14
14
4
0
1
3
6
18
41
57
61
50
15
-21
-58
-78
-77
-74
-69
-50
-36
-30
-31
-42
-56
-58
-44
-27
4
40
69
86
99
106
98
79
70
72
76
80
93
111
112
99
82
66
47
15
-17
-36
-39
-37
-21
-1
0
-13
-22
-16
-4
9
17
26
34
37
36
36
39
36
37
36
27
12
-4
-17
-35
-52
-72
-88
-97
-90
-80
-82
-79
-76
-69
-59
-50
-39
-30
-16
10
32
58
78
86
93
87
74
52
32
10
-11
-23
-22
-25
-45
-67
-87
-99
-109
-101
-89
-85
-77
-55
-18
4
24
33
41
38
33
37
43
49
52
55
56
47
25
6
-3
-13
-20
-15
-7
-2
-7
-13
-11
-10
-5
2
17
31
33
36
46
51
43
36
39
37
32
31
34
31
23
12
-6
-25
-39
-50
-54
-49
-52
-48
-48
-43
-36
-37
-43
-43
-33
-18
6
28
44
55
67
87
102
117
127
122
120
117
103
88
67
51
27
9
-4
-21
-41
-60
-74
-91
-101
-97
-97
-92
-75
-59
-43
-31
-23
-19
-23
-23
-15
-6
1
8
15
18
19
22
17
0
-23
-36
-43
-38
-29
-30
-39
-48
-43
-38
-36
-40
-49
-60
-67
-53
-39
-25
-19
-11
-8
-5
-3
1
2
-4
4
21
42
53
62
58
49
39
38
42
39
35
37
39
38
39
31
24
11
14
28
42
52
65
75
77
77
80
77
68
59
54
48
32
23
18
19
17
20
14
5
-11
-16
-16
-14
-9
-3
-1
-1
-5
-9
-16
-29
-36
-35
-31
-28
-25
-29
-41
-59
-65
-67
-72
-74
-73
-69
-62
-59
-57
-60
-59
-61
-58
-52
-49
-49
-46
-38
-38
-36
-33
-30
-23
-17
-11
-12
-13
-18
-21
-17
-10
-14
-17
-15
-11
-7
1
10
5
5
15
28
43
49
54
50
46
45
52
62
66
67
69
79
82
82
76
70
58
54
51
48
33
22
25
30
30
26
22
16
6
7
14
19
27
39
51
53
49
45
34
27
19
18
19
12
4
-4
-17
-35
-52
-61
-65
-68
-57
-49
-45
-49
-50
-47
-38
-29
-23
-19
-19
-28
-33
-35
-37
-38
-44
-42
-48
-52
-52
-61
-70
-74
-70
-62
-55
-40
-33
-36
-37
-32
-22
-18
-11
0
9
23
34
42
40
29
28
31
42
56
61
60
55
49
43
31
18
4
-5
-4
-1
5
3
2
-4
-8
-3
-6
-1
3
13
33
51
74
85
93
98
94
93
94
91
89
85
86
79
62
47
23
6
-16
-37
-54
-70
-78
-83
-82
-83
-86
-85
-80
-70
-61
-54
-43
-34
-30
-25
-19
-16
-16
-12
-5
0
2
-1
-9
-19
-27
-29
-29
-26
-22
-22
-19
-17
-15
-25
-38
-38
-36
-30
-18
-7
-3
0
12
25
35
35
26
20
22
32
38
38
34
23
17
14
14
3
-8
-11
-7
-2
6
15
19
19
14
19
19
24
27
35
44
48
59
66
69
65
64
60
56
49
40
26
24
19
12
-1
-16
-28
-44
-44
-36
-35
-40
-41
-41
-39
-36
-35
-33
-35
-35
-28
-23
-18
-18
-21
-22
-21
-18
-21
-29
-37
-47
-52
-52
-48
-48
-54
-54
-50
-39
-29
-22
-15
-14
-9
5
17
27
30
33
42
45
46
46
36
28
21
23
17
11
4
-7
-11
-18
-21
-26
-26
-21
-14
-10
-1
0
3
8
12
26
33
41
46
52
60
64
67
67
70
67
61
64
59
57
51
45
36
22
7
-3
-12
-23
-28
-34
-39
-43
-44
-45
-44
-49
-48
-48
-45
-38
-33
-28
-24
-22
-16
-7
-5
-4
-8
-16
-15
-11
-11
-11
-13
-13
-14
-20
-22
-29
-42
-48
-45
-41
-36
-34
-28
-22
-19
-13
-8
-7
-4
0
6
13
17
17
20
16
11
6
2
0
3
3
8
7
6
11
10
10
10
12
16
18
16
18
19
20
24
27
30
37
38
41
39
35
31
25
26
31
31
30
30
27
15
7
3
-3
-7
-14
-13
-18
-23
-21
-20
-22
-24
-23
-20
-16
-16
-16
-16
-16
-9
-4
1
5
4
3
3
1
-3
-1
2
4
1
-8
-15
-23
-23
-18
-15
-19
-18
-18
-12
-8
-6
-3
-4
-4
0
3
-2
-4
-6
-8
-8
-13
-10
-12
-14
-15
-14
-16
-19
-18
-15
-11
-10
-5
6
4
1
-1
-4
-4
-4
4
16
21
24
24
18
7
1
4
9
17
18
25
28
27
27
18
7
-6
-9
-1
6
7
5
-2
-10
-9
-6
-7
-6
-7
-3
6
12
16
19
15
18
17
14
13
3
-3
-6
-7
-3
-5
-10
-17
-20
-21
-15
-11
-10
-11
-8
-4
1
-1
-1
-3
-7
-1
1
-1
-8
-17
-22
-25
-27
-32
-32
-37
-36
-33
-31
-30
-31
-30
-25
-20
-11
-2
4
9
12
15
17
19
19
20
22
21
26
25
24
19
13
13
12
15
14
12
7
9
9
9
4
1
-4
-6
-7
-4
-1
-3
-3
-3
0
0
4
5
15
21
29
37
38
46
43
44
42
33
23
12
9
5
5
2
-7
-12
-20
-24
-27
-32
-34
-37
-32
-26
-21
-17
-10
-13
-15
-18
-17
-15
-19
-17
-17
-12
-12
-11
-13
-17
-22
-24
-21
-24
-24
-24
-21
-19
-14
-16
-18
-21
-21
-18
-15
-10
-8
-5
-3
2
4
4
4
6
12
15
18
18
17
18
19
21
22
19
17
17
16
14
10
8
1
-3
-8
-9
-3
-3
5
9
13
17
18
24
23
26
27
31
29
26
24
22
21
21
17
12
6
0
4
-1
2
0
-4
-5
-7
-6
-4
-8
-7
-11
-11
-7
-6
-5
-10
-9
-15
-16
-16
-21
-23
-29
-29
-23
-24
-18
-21
-26
-24
-25
-18
-17
-15
-17
-17
-16
-14
-13
-17
-21
-19
-17
-14
-8
-10
-5
-5
0
5
0
2
2
5
8
7
8
9
12
13
14
10
4
0
-1
-1
0
3
5
9
8
15
15
17
22
23
26
27
31
30
29
24
25
23
18
17
15
13
10
6
5
-1
-6
-7
-6
-6
-5
-3
-7
-6
-6
-4
-1
-3
-3
-5
-4
0
-1
-2
-8
-10
-10
-9
-10
-11
-10
-16
-16
-16
-18
-20
-19
-18
-16
-17
-16
-17
-22
-28
-27
-26
-18
-14
-10
-9
-9
-6
-1
4
5
9
9
13
18
19
21
16
16
13
8
5
0
-1
-7
-7
-6
-5
-4
-6
-4
-5
-8
-5
-3
-2
2
5
13
18
18
23
19
21
21
23
26
25
25
21
22
22
21
16
9
6
1
-1
-7
-9
-14
-14
-12
-13
-15
-23
-18
-18
-18
-17
-17
-16
-13
-8
-5
-5
-6
-3
-3
-4
-6
-8
-8
-11
-8
-8
-12
-13
-18
-16
-18
-17
-11
-13
-12
-11
-7
-3
-4
2
3
3
6
8
13
10
9
10
14
16
18
20
15
11
8
9
6
2
0
-3
-1
-2
2
-2
-6
-8
-6
-3
-1
2
7
11
15
18
20
23
22
24
25
23
27
26
26
23
20
19
13
11
4
-2
-5
-4
-5
-9
-15
-19
-20
-18
-13
-14
-13
-16
-12
-11
-11
-10
-10
-10
-10
-9
-7
-10
-11
-9
-12
-8
-12
-10
-10
-12
-6
-8
-4
-7
-8
-7
-11
-7
-7
-3
-5
-7
-5
-6
-3
-1
0
1
4
9
15
13
12
11
9
12
12
9
6
2
5
4
0
-3
-7
-6
-5
-2
1
1
6
6
8
7
11
14
18
18
22
25
28
29
27
24
18
16
15
11
7
3
5
3
-1
-3
-9
-12
-15
-13
-11
-13
-14
-13
-13
-11
-9
-7
-6
-7
-5
-3
-6
-5
-8
-7
-9
-7
-3
-5
0
-2
2
-1
-2
3
-2
-3
-7
-10
-8
-10
-6
-6
-7
-5
-4
-1
-5
-5
-1
3
8
8
9
10
14
16
15
12
12
13
13
12
7
1
-1
-2
-1
-1
-2
0
0
-1
0
-1
4
2
5
8
10
14
13
16
13
10
11
9
12
8
10
9
8
8
4
2
-4
-7
-6
-5
-4
-6
-7
-9
-10
-5
-10
-10
-13
-12
-7
-7
-7
-8
-7
-5
-1
-2
-4
-6
-5
-1
-2
1
2
4
6
5
4
1
-3
-6
-8
-8
-6
-1
2
-2
-1
-3
-2
2
1
0
0
1
6
6
6
6
4
7
7
10
7
7
8
6
8
5
7
4
1
5
5
7
7
6
9
10
11
8
9
3
6
3
3
4
1
5
1
1
-2
-3
-2
-4
-5
-7
-5
0
0
-1
-3
-4
0
0
2
2
-3
1
2
2
1
-3
-1
0
-2
0
-2
1
-4
-4
-8
-11
-8
-11
-6
-8
-6
-3
-3
-2
-3
-3
-3
-2
-1
2
0
3
5
7
5
4
6
3
6
7
7
5
4
3
5
2
1
1
-1
3
3
6
6
3
7
5
6
6
2
6
3
5
5
3
5
4
2
0
-2
-1
-1
-1
1
-2
-4
-4
-4
-4
-8
-6
-4
-4
-5
-4
-3
-2
-2
-2
-1
-4
-1
-2
0
-2
-2
-3
-4
-2
-1
0
-1
-3
-2
-5
-6
-6
-10
-7
-10
-8
-6
-9
-4
-6
-2
0
2
9
8
10
12
13
15
14
14
10
7
5
7
6
8
6
5
6
4
5
1
-1
1
1
3
3
4
4
7
11
13
10
9
9
9
12
9
11
10
7
10
10
9
7
3
2
-2
-3
-5
-4
-8
-8
-7
-7
-7
-10
-9
-12
-10
-11
-8
-8
-8
-5
-4
-1
-2
-2
-1
-2
1
3
4
2
1
2
-2
-3
-6
-9
-8
-8
-7
-7
-11
-11
-9
-10
-7
-8
-6
-3
-3
3
2
6
8
10
12
9
11
7
8
9
9
8
6
5
6
4
5
4
2
3
3
4
3
3
0
3
0
2
2
3
3
4
8
6
8
4
6
4
2
6
2
2
2
2
2
0
0
-4
-1
-7
-4
-6
-9
-5
-7
-2
-4
-5
-6
-7
-6
-5
-5
-3
-2
2
1
3
1
1
2
1
1
2
-2
-2
0
-3
0
-3
-2
-4
-5
-3
-1
-1
0
1
1
2
4
5
5
6
6
10
9
9
9
7
7
6
6
2
5
1
5
1
0
2
-3
0
-5
0
-2
-1
-3
0
-1
0
1
1
1
0
3
2
5
3
2
4
0
2
1
-3
-3
-5
-5
-4
-4
-4
-5
-8
-7
-6
-10
-7
-9
-9
-7
-7
-3
-4
-2
-2
-1
-3
-5
-2
-4
-4
-1
-2
3
3
3
6
3
5
7
7
4
5
2
3
2
-2
-1
-1
-2
0
0
2
1
1
0
5
3
7
7
4
7
3
8
7
6
7
5
10
8
7
5
3
6
1
2
1
-2
0
-2
-1
1
0
1
2
-2
1
0
-1
0
-2
-4
-3
-5
-6
-7
-10
-9
-8
-6
-7
-6
-3
-2
0
-2
-2
-4
-5
-2
-3
-2
-3
-3
-2
-3
-4
-5
-4
-6
-4
-2
-3
0
-2
-1
-2
-4
-2
-2
0
1
4
2
3
2
2
4
2
4
2
3
2
3
4
4
7
7
8
9
7
9
6
7
6
5
5
3
4
2
1
-1
-2
-1
-3
-1
-3
-1
-1
1
1
1
-1
2
1
2
-1
0
0
1
0
-1
-2
-5
-2
-8
-5
-10
-8
-8
-6
-6
-7
-8
-7
-5
-6
-7
-9
-7
-7
-6
-6
-6
-4
-5
-4
-4
-7
-4
-5
-2
-4
-3
-2
-2
0
-2
0
2
-1
4
0
-2
-2
-5
0
-3
-3
0
-4
2
-1
1
1
-2
5
3
6
5
4
5
6
5
6
3
4
4
2
4
0
2
2
0
3
0
1
2
0
0
-1
-3
-1
0
-1
0
-1
1
1
1
1
-1
1
-2
0
-4
-4
-4
-6
-2
-6
-3
-7
-3
-5
-5
-5
-7
-4
-6
-4
-4
-5
-4
-4
-5
-5
-4
-6
-2
-3
-3
-1
-3
0
0
-4
-1
-4
-1
-1
-2
-1
-3
0
-2
0
-1
-2
0
-3
-2
-3
-4
-4
-1
-1
5
4
5
7
4
6
1
2
-1
4
3
3
6
3
6
3
2
3
-2
-1
0
-3
-3
-4
-3
-1
-2
0
-3
-1
-1
1
1
0
3
1
0
1
0
2
1
-3
-1
-2
0
0
-2
-4
-3
-3
-1
-1
-5
-4
-4
-3
-4
-5
-7
-6
-4
-1
-1
-4
-1
-1
1
-1
-1
-3
-3
-3
-3
-1
-1
1
1
1
-1
1
-2
-1
-2
-6
-1
-3
0
1
-2
0
1
3
3
1
0
-1
2
1
3
1
0
3
1
0
-1
-4
-1
-1
1
1
2
0
3
1
0
1
-2
0
-1
-1
0
1
0
3
1
3
2
3
0
0
-1
-2
0
-1
1
1
1
1
2
-1
-2
-3
-4
-2
-4
-3
-1
-2
0
-1
-1
-1
-3
-3
-3
-2
-1
1
1
1
2
1
1
-2
-2
-3
1
-1
0
-1
-3
-2
-2
-4
-5
-5
-7
-3
-6
-5
-3
-6
1
0
-1
-1
-2
1
-1
0
-1
-1
-1
-2
-1
-3
-4
-1
-1
1
-1
0
0
1
0
-1
-2
-3
0
-1
-2
-2
-4
-1
-3
-2
-2
-2
-1
-1
-2
-2
-1
-1
2
1
2
0
1
1
1
-1
0
0
2
2
0
-1
-4
0
-4
-1
-3
-5
-2
-4
-1
-2
-1
0
-2
0
-3
-1
-2
-2
1
-1
0
0
-1
1
-3
-2
-2
-3
-1
-2
-1
-1
-1
0
1
1
0
0
-2
-2
-3
-3
-4
-1
-1
0
0
0
-2
-1
-2
-1
-1
-2
0
-1
1
1
0
1
0
2
1
0
-1
-1
-1
1
1
2
0
2
-1
-2
-1
-3
1
-2
2
-2
1
1
-1
1
-2
1
0
0
-2
-3
-2
0
0
1
0
0
1
-1
0
-3
-1
-1
0
-1
-2
-3
-2
-2
-1
-1
0
-1
0
0
-2
-1
-2
0
-2
-2
-2
0
-2
-2
-2
0
1
-3
0
-4
0
-2
-2
-1
-3
0
-1
0
-1
-1
0
0
1
2
-2
1
-1
2
-1
-1
1
-3
1
-1
-1
0
-2
1
0
2
1
0
2
-3
0
-3
0
0
-1
2
0
1
1
-1
0
-2
0
0
1
0
1
2
1
3
2
2
-1
0
-1
-1
-1
-1
0
0
1
-1
-3
-4
-3
-4
-1
-2
-1
0
-1
1
-1
0
-1
0
0
2
0
0
2
-1
1
0
1
1
-1
-1
-3
-1
-1
-3
0
-3
1
0
-1
1
-2
0
-1
-1
-2
-1
-2
-1
-1
0
2
0
1
1
1
1
1
1
2
2
2
1
2
0
1
0
-1
1
-2
0
-1
0
-2
0
-2
0
0
-1
0
-1
1
1
2
0
2
0
1
2
1
1
1
1
2
1
1
0
-1
-1
-2
0
-1
-1
-2
-1
-1
-2
0
-2
0
1
0
-1
-1
0
0
0
-1
-1
0
-1
0
-2
-1
0
0
2
1
3
2
1
2
0
0
-1
-1
0
0
-1
0
-1
1
-1
0
-1
-1
1
-1
2
1
1
3
-1
2
0
2
1
-1
3
0
2
1
0
0
2
0
1
0
-1
2
0
2
1
4
2
3
0
1
1
0
-1
-1
-1
1
0
1
1
1
2
1
3
0
2
-1
-1
1
-1
0
-1
-1
1
-1
1
0
0
2
1
2
1
1
2
0
0
0
0
0
-1
1
0
0
0
-2
0
0
1
-1
-1
1
1
2
0
-1
1
-1
0
-1
-1
2
0
1
1
-1
3
0
2
1
-1
3
0
3
1
1
1
1
2
1
-2
-3
-1
1
-2
-1
-2
1
4
1
2
-1
4
2
2
0
0
3
3
1
2
-2
2
0
1
-1
-1
1
0
1
0
2
0
2
1
0
0
0
0
0
-1
-1
0
0
1
-1
0
1
2
2
1
3
1
3
2
1
2
1
2
-1
0
0
0
0
-1
1
-1
0
1
-2
2
-1
1
2
0
0
1
0
2
0
1
1
1
3
1
1
0
0
2
2
2
2
1
3
1
2
2
0
2
-1
0
-1
-2
0
0
0
2
2
1
2
1
1
1
-1
3
1
1
1
-1
2
1
0
-1
-1
1
2
2
1
0
2
4
1
4
-1
2
-1
-1
-2
-3
0
-1
1
-1
0
0
0
1
0
0
0
2
2
3
0
2
1
2
2
-2
-1
-3
0
-1
0
1
-1
4
0
2
1
0
2
0
0
1
-1
1
-2
-1
-1
0
0
-2
2
-1
3
1
0
3
1
2
1
0
2
0
0
-1
-1
1
3
1
2
-1
1
1
0
1
-1
1
0
3
-1
1
-1
1
2
-1
0
-3
-1
-1
0
2
-1
2
1
1
0
1
2
2
1
1
1
-1
2
0
0
-2
-2
2
-1
0
1
1
2
2
0
3
-1
1
-1
-1
1
-1
1
-1
1
1
1
-1
-1
1
0
2
1
0
3
0
1
1
0
1
2
-1
2
-3
1
-1
-2
1
-2
2
-2
2
-1
1
1
1
2
1
0
1
-1
3
1
1
-2
-2
0
-1
-2
-1
0
2
1
1
3
1
3
-2
0
-1
0
1
-2
-1
-1
2
-1
1
-2
0
1
0
2
-3
0
0
0
2
0
0
2
-1
0
0
-1
0
1
0
1
-1
2
2
0
1
-2
2
1
0
0
-3
2
0
2
-1
-2
0
-1
0
-3
0
-1
0
2
2
1
0
1
0
1
-2
-1
-1
-1
0
-1
1
-1
3
2
0
1
0
2
1
-1
2
0
2
2
-1
-2
-2
-2
2
-2
-2
0
-2
3
0
2
2
0
3
2
-1
-1
1
1
1
-1
0
1
1
1
-2
-1
-2
3
0
0
1
-1
5
1
1
-1
-1
1
-1
0
-4
-2
0
0
2
0
2
1
1
1
-1
1
-1
2
0
0
2
1
2
-1
0
-1
0
0
-2
-1
-1
-1
1
-1
0
0
-2
1
-1
1
2
1
1
1
1
1
1
-1
-1
-1
-1
1
0
0
3
0
3
1
0
1
-3
1
-2
-2
-2
-1
0
-1
0
0
2
0
0
0
0
1
1
1
-1
1
1
0
-1
1
-1
1
-1
0
1
-1
3
0
2
0
0
1
-2
-2
0
-1
-1
0
-1
0
0
0
1
0
-1
-1
0
1
1
-2
2
-2
2
1
1
0
-1
1
-2
0
-2
2
-1
0
1
-1
1
-2
0
0
0
2
0
0
2
1
1
-1
-1
2
-2
0
-1
0
1
0
1
1
-1
2
0
1
0
0
3
-1
1
-1
-1
-1
-1
0
0
-2
-1
1
-1
2
-2
1
2
0
2
-1
2
1
2
-1
-2
0
1
0
-2
-2
0
2
0
1
-2
1
1
-1
0
-1
0
0
-1
1
1
2
-1
1
-1
1
-1
-1
1
0
-1
0
2
0
1
-1
-1
0
0
1
-1
-2
2
2
1
0
0
1
-2
0
-3
0
0
0
2
-1
3
2
3
-1
0
0
-1
-2
-2
-1
0
-2
0
2
0
2
0
0
0
2
1
-1
-1
0
1
-2
-1
-1
-2
0
1
-2
4
1
2
3
1
1
-1
-1
-1
-1
0
1
-1
1
1
2
-1
0
1
-2
2
-2
-1
1
0
1
-1
-1
1
1
1
0
1
0
0
