9
6
3
6
5
-3
-1
2
-2
-4
-1
-1
-2
-3
-5
-5
-3
-8
-9
-5
-2
-5
-5
-2
-5
-7
-7
-7
-3
-2
0
-2
-3
3
0
-4
-2
4
2
5
8
4
7
6
9
4
1
2
3
8
7
5
4
3
3
4
4
2
1
0
-1
1
4
5
-4
1
4
4
8
5
4
1
1
-1
-5
1
1
-7
-3
-3
-4
-2
-2
-5
2
1
0
2
-5
-4
-1
-3
-6
-9
-6
-4
0
-2
-3
0
4
1
0
1
0
1
-4
-1
-2
1
4
-1
-4
-8
-3
-2
-6
-3
-2
-5
-2
2
3
1
-3
3
-2
-1
1
-3
-4
-2
1
0
5
1
2
-1
-3
3
0
0
-1
-4
2
0
-1
1
1
5
-2
-3
-2
-3
-1
0
1
1
0
-3
-4
-3
4
2
0
4
5
5
4
4
9
6
7
5
4
3
-3
-3
1
2
3
4
2
-1
0
0
1
-1
-1
-5
-5
-2
0
1
-1
1
-2
-1
-6
-1
3
-6
0
-4
-3
-9
-9
-6
-9
-7
-5
-3
-6
-7
-6
-8
-8
-4
-5
-11
-7
-7
-1
1
-2
1
1
4
6
6
3
4
2
4
3
5
6
5
1
1
2
7
7
4
9
3
6
5
3
4
6
9
5
4
3
3
4
1
-4
-5
-7
-3
-3
-1
-1
-4
-3
-8
-9
-5
-2
-2
-3
-5
-4
-4
-5
-4
-9
-2
2
-4
-5
-3
-4
-3
0
-2
0
6
7
3
3
8
-1
0
2
5
6
4
5
6
6
12
6
5
4
4
6
4
6
2
-2
0
2
1
-5
-8
-7
-3
-2
-1
-5
-7
-6
-4
-7
-10
-9
-6
-6
-7
-7
-4
-4
-5
-5
-4
-1
1
-4
-7
1
-1
-4
-4
-6
-5
-7
-6
-9
-7
-3
-3
2
-5
-3
-3
-5
0
0
5
2
1
9
10
1
0
4
4
6
6
7
8
6
3
9
10
6
3
4
3
5
8
6
2
5
5
3
5
3
4
-1
2
3
5
0
-3
-2
-2
1
-3
-2
-7
-3
-2
-1
-3
-2
-2
-5
-6
-7
-4
-11
-7
-3
-7
-6
-3
0
-3
-1
4
1
0
4
2
3
4
0
3
1
0
2
-1
-1
4
6
4
2
0
-2
-1
-1
4
2
4
5
3
7
-2
-3
3
3
0
-5
-2
-3
0
0
-2
-3
-2
-2
-6
2
3
0
0
-3
-4
-3
-2
-4
-3
-9
-3
-5
-9
-2
-6
-3
-5
-10
-2
-2
-3
-7
-6
-4
1
3
-2
2
2
0
0
3
3
8
4
-3
4
1
-2
0
-5
-1
-2
-4
-3
-4
0
1
0
0
-1
-1
2
-1
1
2
8
9
8
11
9
13
13
7
4
6
4
2
2
4
4
0
-2
3
-2
-3
0
-1
-1
0
0
1
0
-1
-2
-4
-5
-8
-10
-7
-6
-5
-1
-4
-4
-1
-1
-6
-5
1
0
-2
-2
-4
-2
-1
0
2
-2
-1
-1
1
-1
-5
-1
1
3
4
4
5
2
1
1
0
1
4
5
7
2
4
4
5
2
3
1
2
1
5
5
-1
-5
-3
-2
-6
-3
-7
0
3
-2
4
2
2
-1
0
2
-3
-4
-3
1
0
-3
0
-1
-5
-4
-3
1
2
4
3
5
2
3
3
3
0
-4
-5
-4
-3
-4
3
-2
-7
-1
-1
-8
-2
1
-3
-4
-2
-4
-6
-2
-1
4
4
3
1
3
4
4
0
-3
-2
3
9
0
4
0
4
5
0
4
1
1
2
4
0
-6
-2
1
2
-3
-9
-2
3
6
7
2
-7
-6
3
0
0
4
3
-1
-7
-6
4
10
16
12
3
-1
-2
2
8
6
-2
-2
-1
-1
0
-7
-7
-1
2
2
-1
0
-1
0
0
-5
-1
0
2
-4
-12
-9
2
4
-3
-5
-4
-4
-3
9
12
6
-2
-15
-20
-12
5
7
-4
-6
-1
-5
-10
-7
11
16
7
6
7
11
1
1
7
4
6
3
-3
-11
-5
9
18
14
2
-3
-7
-5
-6
0
-3
-5
-7
-10
-10
-11
6
9
2
-7
2
0
-10
-5
4
-27
-48
6
55
-25
-210
-127
181
272
7
-228
-72
200
169
-90
-146
40
132
1
-99
-11
95
47
-44
-27
58
67
-6
-52
-22
39
42
-10
-48
-28
16
24
10
-1
-5
-2
-1
5
4
-10
-22
0
15
-7
-34
-23
3
9
12
10
6
-1
-9
-17
-25
-12
40
58
-9
-80
-45
58
70
-23
-68
4
61
13
-45
-22
29
28
-17
-27
-10
4
2
2
7
7
6
-5
1
2
15
5
-11
-5
16
11
-28
-16
24
20
-23
-31
28
46
-13
-45
-6
46
30
-12
-22
-7
-12
-11
9
8
-6
-16
-4
-5
-11
11
16
-18
-48
-20
39
14
-49
-33
20
46
-22
-60
7
63
15
-39
-16
38
37
-36
-50
16
72
19
-60
-47
23
73
33
-42
-48
13
57
37
-10
-59
-16
62
58
-24
-56
-10
23
54
31
-37
-54
0
35
68
-3
-93
-60
72
126
-40
-133
-34
88
84
-35
-72
-13
36
-2
-18
29
-14
-58
12
72
-29
-83
13
115
18
-119
-49
98
99
-81
-114
41
123
9
-109
-42
68
81
-14
-64
-20
66
55
-63
-38
9
87
13
-87
-34
93
84
-52
-95
-27
116
62
-85
-127
21
91
23
-64
-52
35
11
-40
4
8
0
6
-35
-27
12
-13
9
20
-9
-28
-47
38
61
34
-75
-67
52
88
-36
-88
49
75
-22
-44
22
15
5
7
-1
28
18
-58
32
56
-24
-50
55
67
-38
-48
9
91
50
-86
-77
89
49
8
-12
-70
-28
91
50
-49
-34
-15
47
0
-27
17
46
-62
-37
23
19
12
-62
2
63
-6
-113
-10
53
71
-47
-75
-36
34
80
-29
-69
-33
112
29
-26
-99
-18
118
29
-34
-45
-21
-15
64
53
-43
-61
-51
93
92
-45
-90
-81
34
183
126
-266
-217
175
246
-37
-288
-61
256
126
-166
-152
47
199
29
-172
-18
46
-25
-67
147
128
-173
-282
65
413
81
-304
-361
224
346
14
-281
-202
199
155
38
-142
-114
48
188
12
-193
-41
115
178
-43
-217
-49
239
139
-233
-179
147
327
-97
-340
13
342
162
-153
-267
-78
379
166
-260
-246
123
322
141
-299
-440
232
570
102
-565
-497
392
506
10
-462
-212
298
210
-153
-243
103
69
46
-40
-74
-63
55
62
22
41
-253
-50
170
67
-55
-117
-81
83
227
-2
-83
-231
5
324
217
-293
-367
228
307
-30
-322
-113
256
249
-62
-187
-82
133
243
102
-298
-80
153
92
-161
-101
28
171
161
-341
-52
205
323
-192
-387
145
382
-104
-489
-102
385
222
-377
-202
340
221
-228
-244
143
323
-38
-335
-142
311
103
-250
-88
-35
168
253
-183
-232
-8
275
365
-296
-447
140
200
37
-365
-221
392
225
-208
-163
235
-21
-72
372
15
-504
175
115
-97
146
-170
0
-121
-72
470
278
-373
-541
9
692
441
-516
-572
-84
453
371
-378
-326
100
115
177
-17
-353
180
327
-128
63
-347
-349
519
662
-358
-1104
136
793
808
-721
-1021
468
747
183
-610
-165
134
209
-88
-76
122
-79
34
94
-243
207
339
-143
-598
150
722
-126
-566
25
159
-164
340
-109
-181
227
153
-505
23
299
198
-102
-410
-121
236
316
-452
246
-265
-152
491
105
-312
-235
231
-55
52
74
-183
183
-28
-449
50
537
134
-207
24
-346
267
204
-89
-199
-80
219
133
182
-387
-300
-118
713
535
-526
-456
-60
297
307
-110
-622
553
307
-529
-284
56
469
559
-491
-698
177
431
583
-764
-380
323
20
260
-334
-166
129
28
272
-240
167
271
-377
-472
183
972
-218
-1314
233
1435
-178
-1052
-440
445
1276
-288
-787
108
401
-62
-605
227
621
221
-427
-946
-300
1202
408
-464
-511
158
807
65
-1145
-354
1249
326
-621
-659
-109
840
-272
-259
616
-284
-276
296
557
-390
-599
-647
1015
981
-645
-663
-796
690
1037
-1
-938
-382
521
584
155
-563
-654
147
557
644
-233
-1146
-210
452
781
298
-475
-862
198
687
408
-408
-915
523
482
48
-69
-972
-26
1131
451
-916
-257
417
-316
482
220
-355
-130
-147
7
346
618
-672
-372
-129
223
929
-647
-167
565
-193
-815
266
297
-168
404
-369
-501
349
367
-76
-481
62
842
-351
-832
203
368
290
-77
-631
-17
667
338
-440
-332
566
41
-491
-127
738
-79
-306
164
-688
760
255
-563
52
23
138
-147
-66
-247
434
509
-387
-187
-818
200
1045
-22
-1059
-410
1203
177
-797
-215
644
315
-239
-710
480
627
-565
-564
-463
794
757
-17
-1038
-297
1520
-119
-786
231
127
829
-672
-1320
651
155
62
312
232
-394
-545
371
413
141
193
-509
-772
117
664
659
-636
-1367
-57
1996
1199
-1274
-1831
-468
1971
1572
-1086
-1460
-426
403
1006
500
-266
-616
-765
-36
1694
453
-1297
-1440
66
2022
916
-1210
-1008
-29
144
963
283
-86
-885
-419
192
72
1135
-358
-750
-65
143
696
280
-853
-455
490
175
192
40
-359
-12
-256
-493
750
861
237
-907
-934
624
780
93
-235
-903
16
683
-61
212
-189
-352
-50
792
-16
-484
-474
217
990
-354
-613
-536
272
1433
-528
-429
101
-823
301
942
652
-995
-1450
-185
1825
1465
-1309
-1467
187
838
795
-152
-1111
-255
527
40
673
472
-1183
-575
583
306
953
-222
-1133
-424
69
777
979
-419
-1643
-113
686
863
172
-767
-682
-177
803
595
169
-422
-1275
-23
995
554
55
-901
-894
442
1002
664
-515
-1175
-164
1454
708
-865
-505
-1021
375
2270
266
-1686
-840
-38
784
1173
-92
-560
-774
-759
906
943
33
-1153
-924
807
834
194
-1089
-791
716
486
311
145
-431
-287
-513
408
756
377
-157
-662
-115
269
711
-225
-622
384
462
7
-139
-264
-820
36
934
61
-159
-650
-510
675
619
-816
-506
765
182
-565
122
11
-315
392
346
17
306
-396
-951
830
465
399
-474
-1000
718
310
488
-336
-617
-108
818
743
-747
-940
-45
377
506
151
-566
41
132
111
-697
-200
543
-94
245
-171
-550
-217
277
578
387
-419
-447
123
-169
413
509
-830
-525
340
860
738
-338
-1201
-110
1392
939
-1063
-1595
87
1007
624
-270
-275
-61
-38
-71
276
523
41
-1188
-965
1277
1360
-514
-1106
-488
688
1082
-27
-725
-467
345
171
-201
93
222
-34
14
-147
101
107
-580
-188
-11
444
7
-543
41
420
376
-411
-1000
330
996
-401
-683
-412
125
928
505
-363
-440
246
326
-520
-65
320
116
-109
-234
341
737
100
-585
-700
289
1213
-163
-843
-440
-328
841
491
-57
-387
-644
67
182
473
-328
-666
-57
484
142
168
-168
-512
399
-45
201
194
-474
-54
344
104
469
420
-463
71
246
0
-183
-125
251
111
231
-37
-60
65
311
61
-457
212
-224
-450
232
38
-193
250
77
-346
-191
-87
353
-148
-700
-530
278
530
-77
-266
-244
337
266
266
-345
-932
-70
242
571
582
-82
-425
-342
422
740
-119
-230
-324
-224
556
74
31
-101
-117
632
150
150
-283
-392
-13
470
172
-618
486
304
-196
-119
55
-236
80
203
-103
-122
-530
135
371
415
312
-506
-586
-36
391
501
-436
-340
374
105
632
468
-414
-513
19
587
347
-285
-420
-216
-90
410
299
-187
-274
46
-205
-255
-130
-518
-225
233
151
-701
-161
159
-224
58
110
-387
-380
65
-45
61
9
-12
-29
266
78
-171
-228
-33
170
-31
100
137
-482
-305
389
370
145
-316
-720
-118
474
139
-325
-396
335
395
117
34
188
-101
-259
449
707
446
116
-8
238
836
1092
317
-106
384
568
719
143
219
769
458
436
133
338
254
-118
-88
317
516
-59
-640
-709
73
272
-621
-946
-145
-135
-145
-516
-1256
-596
-140
-175
-475
-662
-593
-830
-623
-345
-250
-489
-843
-657
-412
-301
-584
-681
-484
-335
-428
-569
-838
-713
-518
-600
-437
-272
-96
-591
-620
-232
-161
0
-161
-179
30
352
156
-5
426
826
797
541
641
1187
1448
1136
1038
871
1102
1287
1901
1821
855
831
1048
1840
1943
992
319
809
1873
1568
919
649
297
448
1689
1310
548
473
527
705
1140
1353
360
178
110
510
859
338
235
268
791
280
-798
-2047
-2580
-1081
41
299
-1584
-4205
-4693
-3142
-959
-1058
-3198
-4714
-4251
-2774
-2624
-3877
-4893
-3798
-1759
-1166
-2106
-3590
-3913
-2853
-1036
88
-113
-865
-1592
-1177
179
1455
1621
1084
1010
1440
2090
1995
1617
1519
2176
3030
2922
2170
1289
1253
1870
2420
2787
2521
1790
1179
901
882
1445
2337
2291
1394
-179
132
1394
1562
1987
1590
1284
1719
2015
1608
1365
1645
1855
2686
3544
2927
1306
1188
2384
3500
3162
2054
1808
2232
3228
2592
119
-3207
-4229
-640
3255
3549
-2263
-9126
-9329
-3428
1932
-175
-7175
-10504
-7117
-2084
-2170
-7108
-10595
-7723
-1826
613
-2389
-7380
-8278
-4346
666
2519
551
-2015
-2388
-103
2549
3273
2388
1596
2526
3807
3773
2530
1074
1312
2796
4140
3809
1601
-645
-1184
27
1457
1719
93
-1789
-2479
-2179
-1639
-1442
-1091
-809
-973
-1651
-2121
-1789
-621
672
1113
1127
850
877
1306
1756
2558
3541
4074
3959
3446
3071
3422
4174
4698
4949
4826
4251
3583
2776
2988
3897
4014
3649
3104
2251
1584
2026
2525
2439
2863
2389
-264
-4178
-6976
-3976
2188
4346
-1008
-10043
-12215
-5694
1384
260
-7586
-11907
-8213
-1523
-1271
-7649
-12227
-9277
-1361
2633
-471
-6864
-9224
-5261
530
3499
2080
-604
-1484
75
2420
3339
2799
2114
2581
3930
4598
3844
1771
30
23
2313
4324
3303
-71
-3443
-3486
-867
1146
379
-2093
-3633
-3676
-2999
-2498
-1812
-1524
-1664
-1988
-1897
-1041
-446
-235
-29
1077
2515
3003
2107
1290
2038
3932
5881
6278
5080
3653
3452
4718
5978
6430
5822
4787
4071
4162
4516
4377
3842
3424
3420
3729
3653
2480
1645
1735
2543
3282
3025
706
-3294
-7277
-6122
-957
3159
1764
-6974
-12854
-10687
-3176
1004
-3686
-10236
-11481
-6333
-2277
-4366
-9553
-11168
-5850
90
1350
-3351
-8135
-7575
-2807
2546
3897
1878
-523
-919
772
2804
3965
3705
3187
3041
3342
3957
3164
1421
272
717
2546
3073
1024
-2384
-4246
-3043
-599
176
-1387
-3591
-4868
-4389
-3316
-2304
-1638
-1897
-2387
-2386
-1738
-654
76
319
997
1997
2750
2691
2250
2724
4077
5501
6156
5901
5192
4848
5080
5621
6258
6356
5909
5149
4427
4377
4485
4636
4446
3844
3504
3184
3399
3019
2444
2591
2861
3588
1877
-1716
-6092
-7354
-2277
2291
2950
-4031
-11975
-12345
-6445
299
-1291
-7886
-11949
-9335
-3956
-3601
-7575
-11173
-8063
-1847
1160
-1382
-7138
-8458
-4952
956
4297
3124
344
-1625
-475
2030
4078
4331
3274
2874
2945
3714
3213
1659
395
543
2382
2785
958
-2558
-4703
-3997
-1571
-106
-1409
-3695
-5566
-5473
-4148
-2672
-1757
-1867
-2286
-2603
-2246
-1271
45
853
1589
2306
2791
2962
2666
3048
4257
5963
6942
6778
5761
4831
5090
6186
7352
7448
6530
5254
4537
4815
5330
5499
5177
4686
4025
3621
3586
3675
3736
3833
3434
3620
2589
-166
-3814
-7497
-4271
678
3539
-247
-10193
-14039
-10540
-2319
398
-5250
-11383
-12430
-7528
-4775
-6454
-10431
-10239
-4969
-1017
-916
-6098
-9286
-7262
-1831
3430
3990
1435
-1448
-1623
632
3428
5142
4643
3811
2818
2938
3399
2596
1691
1066
1937
2895
1633
-1507
-4390
-4689
-2522
-626
-1131
-3038
-5302
-6363
-5682
-4050
-1828
-1168
-2141
-3343
-3372
-2060
-193
1024
1678
2349
2581
2910
2871
3413
4807
6212
7336
7422
6753
5785
5296
6048
7536
8471
8107
6393
4734
4341
5034
6059
6044
5481
4382
3478
3198
3404
3779
3860
3754
3264
3189
852
-2204
-7268
-8126
-2091
2795
3571
-5875
-15065
-14984
-7394
946
-1180
-8781
-13880
-11334
-6041
-5150
-7951
-10938
-7360
-2367
61
-2856
-8120
-8400
-4375
2200
5380
3959
661
-1696
-609
2148
5334
6370
5304
3514
1963
2629
3075
2705
1599
1016
2123
2259
-131
-4019
-5881
-4391
-1412
-510
-2529
-5204
-7092
-6797
-5356
-3019
-1163
-1411
-3015
-4122
-3211
-1015
1064
1762
2366
2731
2936
2928
2902
4256
5943
7319
7555
6956
6041
5321
5538
6664
8016
8194
7041
5192
4050
4191
5113
5902
5692
4937
3816
3141
3031
3565
3822
4055
4069
4250
3110
-545
-4745
-8272
-4463
1774
4417
-76
-10966
-15417
-11254
-2596
985
-4576
-11131
-12762
-8480
-5727
-7045
-9923
-9260
-4200
-1075
-1653
-6552
-9138
-6603
-1239
3913
4490
2101
-932
-1812
149
3263
5981
6034
4523
2405
1621
2433
2671
2159
1283
1708
2461
1168
-2398
-5664
-5748
-2848
-328
-1199
-4221
-6848
-7486
-6190
-4178
-2109
-1253
-2088
-3635
-4007
-2623
-118
1682
2552
3024
2962
2869
2630
3634
5709
7443
8026
7361
6461
5810
5848
6557
7838
8536
8017
6369
4558
4237
4909
6022
6189
5481
4507
3493
3241
3424
3925
4439
4579
4388
3431
369
-3053
-6755
-6042
-476
2983
1798
-6990
-14168
-13093
-6450
-373
-2716
-9007
-12476
-10366
-6913
-6998
-9007
-9723
-5836
-2251
-1740
-4884
-8570
-7384
-3154
2135
4309
2852
188
-1510
-392
2138
4962
5899
5073
3385
1792
2010
2236
2307
1847
1651
2141
1382
-1090
-4449
-5765
-4309
-1536
-586
-2740
-5704
-7780
-7237
-5009
-2445
-981
-1643
-3268
-4155
-3167
-817
1553
2595
2796
2641
2739
3114
3655
5093
6531
7671
7946
7268
6321
5582
5957
7345
8751
8677
6943
4814
3870
4774
5917
6161
5352
4431
3996
3641
3505
3405
3777
4545
5128
4974
1526
-3286
-7869
-7553
-284
4983
3816
-6327
-15732
-14485
-5991
1404
-1386
-9565
-13735
-10615
-5659
-6085
-9687
-11488
-6950
-1281
-293
-4257
-9710
-9387
-4278
2148
5268
3434
-221
-2620
-1461
1788
5253
6318
4890
2958
1576
2233
2685
2151
1426
1326
2553
2499
-276
-4258
-6269
-4685
-1509
32
-1709
-5090
-7965
-8031
-5581
-2401
-252
-1093
-3419
-4819
-3670
-885
1469
2412
2472
2514
2670
3018
3280
4423
6179
7581
8229
7445
6110
5125
5434
7193
9044
9241
7456
5082
3541
4311
6056
7019
6542
4708
3395
3172
3856
4234
4181
4302
4716
5574
2251
-2742
-7940
-8524
-810
4419
4475
-4969
-15260
-15157
-8195
174
-580
-7762
-12959
-11915
-7343
-6730
-8703
-10832
-7121
-1926
-739
-3529
-9254
-9252
-4901
1509
5480
4211
861
-2392
-1806
1237
5351
6999
5469
3415
1440
2096
2513
2192
1771
1623
2653
2414
-160
-4009
-6103
-5058
-1811
69
-1489
-4804
-8069
-8300
-5741
-2549
-438
-1152
-3192
-4470
-3756
-1374
1082
2354
2837
2715
2524
2605
2895
4215
6085
7673
8188
7281
5813
4934
5344
7057
8893
8976
7472
5205
3933
4525
5763
6794
6440
5466
4414
3453
3268
3365
4558
5443
6189
5198
341
-4129
-8477
-6076
601
3952
2051
-7904
-14539
-13050
-6337
-1037
-3600
-8989
-11786
-9475
-7384
-8459
-10500
-10243
-4536
-775
-931
-5384
-9754
-7995
-3113
2857
5086
3636
655
-1497
-694
1816
5404
6433
5684
3725
2013
2305
1868
1709
1364
1975
3070
2129
-988
-5029
-6784
-5370
-1905
-80
-1658
-5510
-9150
-8863
-5768
-2041
-490
-1838
-3735
-4451
-3292
-1153
853
2115
2996
3269
3166
2775
2710
4041
6298
8487
8956
7452
5460
4620
5740
7752
9299
8975
7304
5249
4182
4792
5836
6818
6617
5670
4654
3629
3502
3593
4275
4713
5614
4663
570
-4548
-9338
-5750
1265
5080
776
-10522
-15547
-11674
-3645
-829
-5869
-11088
-11214
-7254
-6368
-9061
-11617
-9537
-3089
1
-1053
-6107
-9174
-6794
-1771
3618
5189
3547
520
-1160
-206
2627
5710
6158
5238
3090
2092
2436
1728
1073
392
1441
2763
1699
-2041
-6060
-7384
-5246
-1822
-792
-2561
-6433
-9256
-8601
-5322
-1569
-465
-2194
-4080
-4071
-2143
105
1204
1870
2862
3816
4116
3467
3010
4107
6564
8715
9124
7499
5367
4638
5808
8026
9189
8600
6662
4805
4236
4866
6065
6654
6441
5500
4501
3672
3312
4112
4667
5452
4190
614
-2712
-6148
-4394
-691
1283
-233
-7072
-11263
-10334
-5795
-3195
-5897
-9893
-10604
-7346
-5909
-7620
-10708
-10514
-5169
-1342
-829
-4431
-7559
-6362
-2680
1713
3540
3094
1248
371
871
2352
4320
4561
4473
3681
2996
3008
1769
768
61
487
1521
1325
-994
-4341
-6540
-6407
-3922
-2470
-2783
-5197
-8019
-8202
-6219
-3202
-1582
-2192
-3321
-3315
-1973
-50
1011
1363
2201
3403
4561
4670
3990
3867
5132
7309
8800
8274
6351
5070
5287
7032
8376
8202
6938
5285
4723
4852
5387
6030
5963
5692
5053
4577
4147
4170
4302
5205
5636
1599
-1919
-5960
-4488
1343
2178
-211
-7918
-11376
-8215
-4127
-2749
-6769
-10503
-10542
-6895
-5371
-7659
-10114
-10730
-5683
-2052
-1896
-4238
-7749
-5981
-2509
1183
2712
1898
997
450
1323
2338
4188
4374
3822
3550
2583
3324
2419
1005
149
156
1409
1049
-1069
-4008
-5351
-5743
-4430
-3468
-3949
-4811
-7264
-7869
-6671
-4108
-1944
-2395
-3622
-3668
-2054
-129
1185
1298
1864
2831
3871
4693
4528
4610
5210
6298
7577
8016
7038
5610
5284
6397
7937
7951
6565
5121
4533
5059
5606
5511
5246
4864
4735
4926
4801
4639
4275
4000
5729
4871
413
-4699
-7761
-1507
5071
4743
-3461
-13549
-13278
-5134
1271
-1431
-9193
-13549
-10309
-4713
-4483
-7903
-11250
-9344
-3281
-827
-2136
-6482
-8434
-5111
16
3762
3515
1091
-919
-358
1523
3949
5621
4451
3029
1839
2167
3311
2095
416
-646
372
1645
337
-3198
-5915
-5722
-4625
-3389
-3844
-5048
-6425
-8209
-7649
-5455
-2657
-1747
-3273
-4465
-3360
-861
791
1262
1380
2465
3435
3946
4317
4563
5130
5909
6731
7335
7312
6223
5252
5475
6797
8046
7344
5639
4445
4332
4972
5491
5448
5219
4915
4494
4513
4816
5336
5702
4819
5281
4400
1538
-2838
-7123
-3099
3294
6356
500
-10910
-14886
-8845
266
1249
-6137
-13061
-11994
-5891
-4032
-7243
-11436
-9916
-3203
-116
-1710
-6944
-9013
-5599
-565
3416
3591
1912
-56
-603
82
2153
4973
5495
4464
1978
903
1718
1492
691
-554
9
1221
472
-3025
-6554
-6958
-5471
-3443
-3460
-4615
-6197
-8277
-8466
-6590
-3039
-675
-1385
-3514
-4010
-1945
759
2289
2539
3115
3916
4423
4594
4565
5101
6168
7306
7914
7546
6167
4952
4933
6307
7889
7738
6078
4372
3744
4107
4881
5415
5496
5231
4660
4687
4867
5247
5351
5006
5922
3771
586
-4883
-6927
-717
4357
5236
-3503
-12725
-12778
-5865
726
-1448
-8647
-12716
-9840
-5263
-5203
-8108
-10916
-7986
-2755
-644
-1945
-6936
-7919
-4925
265
4586
4445
2072
-679
-748
1039
3791
5446
4747
3494
1546
1803
1965
657
-523
-1403
24
760
-799
-4431
-7347
-7471
-5746
-3916
-4026
-4906
-6931
-8609
-8084
-5523
-2078
-787
-1700
-2853
-2424
-406
1598
2446
2888
3934
4912
5440
5153
4831
5198
6204
7646
8378
7589
5843
4513
4610
6057
7332
7051
5475
3912
3636
4029
4481
4866
4916
5039
4862
5023
5138
5667
5766
5629
3493
-42
-2876
-4599
-834
2787
2917
-2531
-9972
-10665
-5748
-763
-2060
-8037
-11839
-9516
-5020
-4649
-7789
-10263
-8067
-3060
-993
-2098
-5553
-6959
-4273
-138
3581
4143
2485
355
-313
1248
3408
4883
4283
3140
1990
1626
2191
925
-869
-2335
-1682
-129
-952
-3996
-7242
-7982
-6892
-5233
-5128
-5890
-6778
-8148
-8142
-6563
-3444
-1368
-1721
-2550
-1835
195
1841
2379
2423
3722
5288
6233
5987
5357
5492
6130
7042
7746
7808
6666
5242
4692
5459
6590
6609
5471
4223
3738
3903
4236
4367
4455
4863
4879
4920
5314
5882
6246
6799
4480
622
-3765
-6027
-662
4069
4758
-2167
-10721
-11042
-5071
286
-1835
-8168
-11601
-8461
-4673
-4841
-7692
-9837
-7351
-3117
-1192
-1712
-4776
-6177
-4703
-1237
2986
4686
3565
940
-690
-68
2532
4767
4745
3184
1145
1121
2085
1084
-1215
-3447
-2498
-162
-181
-3706
-7906
-8854
-6821
-4891
-5221
-6471
-7439
-7956
-7831
-6492
-4045
-1920
-1734
-2042
-1352
547
1899
1871
2271
4087
6123
6562
5616
4902
5403
6300
6968
7260
7053
6311
5261
4580
4965
5656
5716
4856
4133
3934
3910
3568
3534
3850
4781
5482
5420
5032
5019
6303
7986
7719
1871
-3763
-7249
-2193
5723
5826
-713
-10648
-11445
-4866
336
-1912
-8619
-11945
-8848
-4027
-4262
-7681
-10144
-8655
-3640
-919
-1073
-3434
-6125
-4830
-1758
2417
5020
4654
2511
226
52
2152
4753
5121
3408
1749
1450
2898
1962
-1303
-4043
-3998
-852
169
-2210
-6870
-9681
-8848
-6354
-5025
-5962
-7557
-8729
-8395
-6839
-4508
-2821
-2462
-2185
-1068
876
1928
1686
1534
3175
5927
7458
6846
5311
4789
5287
6360
7208
7434
6490
5144
4343
4540
5159
5051
4320
3703
3940
4151
3622
2888
2944
4080
5288
5850
5561
5354
5935
7264
8730
5241
-760
-6585
-5712
2802
7486
4035
-7391
-13261
-8321
86
1377
-6427
-12993
-12093
-4950
-1766
-5047
-9868
-10848
-6010
-1225
-55
-2070
-5250
-5340
-2687
1331
4489
5234
3939
1293
-137
758
3915
5771
4255
1481
71
1965
3099
338
-4365
-6880
-4061
-458
-504
-4785
-9344
-10512
-8743
-6510
-5756
-6287
-7666
-8415
-7580
-5046
-2430
-1541
-1947
-1201
1035
3107
3132
2119
2666
5000
7457
8033
6962
5416
4634
4884
5998
7348
7299
5882
4040
3350
4057
4554
4151
3201
3134
3628
3890
3647
3022
3317
4095
5533
6573
6623
6802
6953
8366
6327
705
-6004
-6965
1429
8098
5783
-6506
-14750
-10027
204
3581
-4839
-14068
-14167
-6353
-974
-3302
-8693
-10681
-6796
-1956
-39
-1360
-4235
-4530
-2430
1397
4919
5993
4716
1446
-732
375
4190
7057
5340
900
-1775
222
2936
1219
-3998
-7766
-5865
-1969
-1320
-5019
-9479
-10792
-9146
-7036
-5909
-6104
-7529
-8582
-7554
-3759
-410
-145
-1894
-1909
1137
4288
4894
3417
3232
5006
7147
7845
7075
5809
4722
4543
5588
6926
6717
4967
3092
2794
3658
4148
3710
2714
2398
2924
3222
3806
3847
4032
4467
4954
6037
6872
7604
8734
9038
5287
-857
-7735
-6029
2652
8718
4883
-8698
-15317
-9652
1212
2696
-6840
-16025
-14196
-4769
-2
-2885
-9569
-10715
-6061
-1094
1202
-788
-3459
-3736
-1130
3528
6759
7157
4496
1258
-196
1749
5449
7001
4711
122
-1955
18
1913
-438
-5787
-8796
-6522
-3139
-3310
-6837
-10297
-10891
-9485
-7967
-6364
-5755
-6745
-8099
-6873
-2555
1224
915
-1333
-885
2369
5540
5456
4076
4271
5750
7113
7382
6833
5896
4633
3931
4952
6160
5871
4020
2140
2071
2825
3383
3224
2542
2228
2215
2984
3945
4708
4763
4726
5410
6958
8618
9059
10031
7252
2397
-4773
-8567
-1741
6132
9370
-740
-13793
-15412
-6016
3539
363
-11032
-17783
-11718
-2257
1276
-3796
-10578
-9621
-4264
1281
2354
-970
-2932
-2330
1730
6316
8279
6888
3069
-191
-312
3485
7228
7364
2770
-2612
-3511
-799
588
-2507
-7964
-9721
-6940
-4151
-4861
-8365
-11319
-11579
-9675
-6786
-4332
-4811
-7351
-8347
-4772
1247
4145
1781
-933
-10
3940
7128
6709
5466
4767
5447
6788
7351
6720
4743
3024
3223
5212
6079
4745
1977
255
1098
2749
4002
3432
1878
899
1723
3947
5648
5565
4585
4934
6653
9207
9976
10630
8493
3176
-4042
-8834
-3537
4874
8968
1205
-10856
-15416
-9455
-496
-100
-6760
-14599
-13653
-6849
-773
-422
-5912
-8853
-7101
-1353
2664
2273
-146
-1456
898
4981
8704
8684
4819
269
-1497
1983
6669
7915
4095
-1656
-4616
-3745
-2000
-2692
-5662
-8715
-9066
-7472
-6265
-6799
-9304
-11316
-10871
-7598
-3938
-3129
-5622
-7428
-4870
633
4780
3945
1035
48
2221
5818
7528
7117
5525
4485
4981
6161
6187
4575
2632
2232
3717
4675
3980
1793
-161
-176
1381
3334
3798
2378
847
1022
3376
5787
6387
5842
5757
6685
8674
9944
11130
11163
5848
-1153
-8041
-6280
2321
6871
3559
-7998
-14274
-10808
-2932
-493
-6419
-14018
-14996
-7865
-1425
214
-4492
-8564
-6955
-2359
2375
3140
1373
258
1430
4814
8258
9349
6500
2360
-386
1139
5117
6668
4382
-664
-4199
-4423
-3433
-3908
-6383
-9184
-10083
-8914
-7688
-7266
-8565
-10521
-10709
-8506
-4537
-2484
-3809
-5868
-4644
202
4777
5269
2404
691
1789
5020
7353
7122
5570
4066
4240
5524
5743
4173
1956
1216
2546
3950
3603
1689
-314
-839
328
2236
3288
2643
1283
1124
2927
5522
6725
6685
6482
7103
8487
9846
10926
12033
9542
2949
-4567
-8591
-2721
3713
4924
-2782
-12821
-13189
-6730
-588
-3714
-12453
-17362
-12414
-3519
1098
-1234
-6834
-7477
-3751
1284
4123
3163
1794
1611
3893
7647
10062
9187
5185
1268
-5
2798
5454
4994
995
-3903
-5470
-4618
-4008
-6012
-9690
-11891
-11007
-8725
-7219
-7379
-9176
-10213
-9274
-5959
-2327
-1747
-3506
-4321
-1225
3960
6847
4979
1819
1142
3552
6829
7396
5863
3729
2953
4321
5460
4693
2092
-98
225
2225
3435
2444
281
-1396
-828
1151
3036
3391
1929
1058
2297
5249
7504
7747
7007
7180
8294
10162
11425
12490
10249
3552
-4064
-9110
-4358
2118
3979
-2326
-12220
-13441
-8427
-2525
-4544
-11985
-16548
-13042
-4729
304
70
-4349
-5683
-3327
889
4572
4776
4022
3369
4655
7847
10476
10356
6557
2004
-369
1601
4294
4225
640
-4313
-6105
-5725
-5262
-7044
-10302
-12285
-11836
-9764
-7844
-7017
-7914
-8746
-8334
-5645
-2272
-1158
-2159
-2860
-499
3572
6361
5520
3170
1803
2626
5109
6333
5761
3613
2219
2951
4406
4152
1900
-562
-952
662
2140
2335
903
-655
-805
956
3073
3712
2607
1794
3162
5737
7888
8294
7772
7903
8477
10162
11163
12173
10195
3951
-3659
-9875
-6646
-757
2822
-1632
-10471
-12815
-10423
-5493
-6509
-10588
-13173
-11363
-5886
-1494
1044
-360
-2108
-2500
-125
3993
6138
6478
5449
5509
7266
9522
10126
7291
2734
-938
-441
1699
2338
-99
-4331
-6675
-7588
-7717
-8549
-10165
-11653
-12160
-10912
-8231
-5968
-5728
-6677
-6760
-4461
-1559
-238
-843
-1103
788
3938
6322
5982
4038
2134
1877
3462
4849
4871
3287
1829
1894
2787
2991
1739
-227
-1350
-802
658
1839
1554
392
-173
939
2745
3773
3521
3040
3896
5586
7748
8924
9372
8979
8890
9723
10688
11879
8667
2386
-6221
-11217
-7355
-1478
1846
-3924
-11625
-13126
-8891
-4413
-7450
-12991
-15188
-10068
-2590
1388
1448
-944
-1157
432
3032
5243
6090
6308
6455
7221
8814
10464
9802
6472
1528
-1722
-1083
848
1018
-2246
-6301
-7984
-7470
-7293
-9016
-11682
-13089
-12077
-9633
-6837
-5218
-4785
-5083
-4452
-2339
-311
236
-884
-601
1930
5380
6922
5469
3067
1540
1924
3126
3722
2964
1569
825
1565
2627
2511
858
-1052
-1577
-647
860
1622
1406
768
1035
2415
3925
4294
3621
3417
4646
6833
8668
9268
9240
8759
9104
9632
10926
10183
4727
-3363
-11721
-10620
-4781
694
-1276
-10028
-13619
-12037
-5676
-4788
-9331
-13603
-13190
-6071
698
4078
2377
-491
-607
2145
6148
8140
7951
6543
5881
7159
9687
11184
8638
3149
-2064
-3143
-825
739
-1091
-5348
-8585
-8881
-7561
-7371
-8834
-11576
-12458
-10912
-7470
-4125
-3167
-3550
-4183
-2541
86
1660
729
-951
-122
2978
6280
6345
3909
1013
3
1153
2581
2813
1193
-493
-553
1232
2590
1946
-285
-1897
-1631
-77
1421
1965
1435
894
1672
3567
5185
4989
3720
3521
5398
7848
9670
9618
9241
8961
9367
9954
10079
6849
-162
-7500
-11882
-7825
-3523
-2042
-6777
-12222
-10852
-7121
-3828
-7710
-12515
-13375
-8325
-879
2771
3165
1345
1338
3094
5439
7049
7030
6391
5757
6467
8336
9962
9422
5406
274
-2981
-2854
-1299
-1779
-4837
-7783
-8566
-7065
-6305
-7749
-10063
-11789
-10757
-8253
-4828
-2412
-1820
-2092
-1923
159
1917
1910
-192
-1052
801
3888
5757
4535
2422
405
-72
601
1111
795
-601
-1230
-187
1605
2202
1070
-677
-1419
-856
427
1509
1773
1494
1611
3077
4838
5561
4840
3785
4230
5942
7754
8926
8627
8316
8041
8463
8933
8738
7111
1358
-5691
-12510
-11771
-6197
-2492
-3882
-10741
-11985
-8765
-4423
-5252
-10585
-12751
-9754
-2260
3360
5221
3823
2455
3270
5235
6999
7068
6379
5877
5959
7064
8475
8805
6331
1206
-3490
-4996
-3860
-2845
-4514
-7298
-8787
-8075
-6408
-6678
-8216
-10457
-10599
-8506
-5074
-1544
-249
-285
-1050
21
1905
2603
947
-1167
-411
2415
5224
4892
2641
330
-818
-314
315
447
-567
-1621
-1022
933
2396
2008
215
-1081
-1058
16
1375
2047
2023
1856
3054
4944
5965
5224
3899
4104
5550
7261
7987
8283
8223
7783
7956
7900
8195
7298
2217
-4059
-11741
-13744
-8908
-4251
-1946
-7879
-11936
-10346
-5784
-2906
-7061
-11119
-10985
-4985
2064
6041
5836
3684
3146
4244
6566
7379
6665
5828
5094
5585
6850
7826
7194
3065
-2401
-5635
-5616
-3536
-3586
-5887
-8210
-8736
-6713
-5421
-5713
-7909
-9490
-8868
-6100
-2225
238
1050
-147
-295
980
2485
2086
-595
-1658
-44
3269
4621
3231
801
-918
-989
-248
393
-254
-1682
-2137
-488
1823
2659
1486
-240
-952
-528
646
1767
2157
1988
2525
4182
5945
5868
4562
3762
4588
6402
7252
7888
7490
7682
7405
7587
7635
7046
5169
-481
-6569
-12885
-12021
-8049
-4689
-5173
-9792
-9505
-7316
-4156
-5067
-8465
-9490
-7380
-2158
2336
4897
4953
4471
4879
5795
6625
6299
5771
5315
4859
5221
6122
6531
4935
758
-3121
-4953
-5108
-4697
-5929
-6915
-7699
-7120
-5902
-5643
-5848
-7294
-7428
-6768
-4449
-1789
80
993
516
1249
1928
2313
746
-981
-666
1096
3038
2800
1924
656
51
-146
-190
-38
-833
-1447
-1085
424
1858
1975
1246
396
-94
5
713
1548
1767
1941
2889
4553
5642
5247
4714
4636
5358
5918
6307
7234
7500
7886
7672
7672
7646
6123
2307
-3654
-10282
-13020
-10085
-5735
-3323
-6646
-9305
-8305
-5460
-3861
-6636
-9332
-9272
-5525
-262
3938
5445
5171
4736
4936
5763
5825
5638
5352
4788
4602
5216
6487
6498
3552
-1081
-4454
-5577
-5096
-5116
-6012
-6805
-7133
-6109
-5269
-5117
-6252
-7449
-7373
-6042
-3485
-1122
705
1095
1020
1337
1804
1432
-242
-1117
-306
1755
2954
2713
1901
867
205
-207
-285
-512
-1114
-1322
-415
944
1723
1484
643
-56
-565
-305
443
1228
1542
2050
3201
4596
5428
5203
5082
5011
5552
6218
7025
7840
7934
7736
7614
7314
7250
4646
-610
-7262
-13035
-11557
-7970
-4115
-5185
-9261
-9333
-7726
-4232
-4842
-7496
-9062
-7568
-2637
2116
5352
5708
5452
5345
5825
6755
6791
6628
5586
4345
4752
5779
6937
5349
969
-2981
-5622
-5522
-5226
-6012
-6977
-8068
-7266
-6095
-5192
-5527
-6756
-7125
-6617
-4303
-2252
-231
595
1039
2014
2394
2675
1120
57
0
1157
2641
2714
2354
1429
994
613
266
-243
-1003
-1401
-1189
-180
825
1231
945
263
-130
-77
144
620
781
1586
2809
4259
5451
5560
5505
5419
5849
6391
6777
7195
7395
7854
7900
7494
6207
1997
-3319
-9600
-12073
-10214
-7629
-5769
-7951
-8522
-7471
-5226
-4367
-6578
-7972
-7867
-4599
-784
2573
4660
5593
6322
6513
6852
6714
6207
5413
4282
4033
4965
5991
5748
2865
-785
-3388
-4823
-5386
-6638
-7415
-7566
-6883
-5748
-5240
-4889
-5571
-5946
-6225
-5209
-3413
-1686
25
684
2006
2687
3070
2291
697
74
259
1459
2026
2077
1751
1454
1200
603
-67
-925
-1392
-1402
-885
-12
658
934
784
373
252
266
358
468
643
1649
3185
4675
5432
5364
5226
5462
5967
6299
6442
6501
6719
7342
7468
7261
4739
-5
-5844
-10675
-10564
-8624
-6242
-6886
-8567
-7780
-5847
-3525
-4658
-6833
-8068
-6578
-2971
544
3316
4443
5274
5786
6589
7272
6999
5911
4179
3033
3757
5299
6226
4848
1435
-1308
-3122
-3856
-5036
-6717
-7404
-7173
-5700
-4633
-4106
-4404
-5083
-5526
-5535
-4172
-2732
-1062
-402
440
1813
2836
3131
1599
414
-138
528
1321
1662
1664
1270
1093
909
841
139
-825
-1657
-1596
-864
24
630
755
475
124
199
444
564
213
405
1409
3167
4574
5155
5442
5405
5737
6070
6554
6929
6621
6604
6601
7065
5935
1706
-3948
-9589
-10393
-8340
-6070
-5986
-8626
-8682
-6981
-4240
-4024
-6357
-7928
-7569
-4257
-634
2624
4238
4628
4898
5415
6962
7764
7198
5281
3232
3266
4980
6686
6164
2951
-376
-2253
-2728
-3489
-5400
-7119
-7671
-6618
-5192
-4112
-3860
-4646
-5651
-6262
-5060
-3101
-1451
-841
-608
912
2543
3529
2562
999
245
460
1464
1973
2233
1803
1377
1117
1155
1013
111
-907
-1579
-1163
-304
515
778
431
47
-49
283
522
345
115
691
2111
3745
4715
4852
5013
5334
6008
6498
6725
6665
6488
6284
6101
5084
1740
-3316
-8379
-9492
-7512
-5177
-5582
-8144
-8603
-6915
-4322
-4469
-6526
-7935
-7225
-4407
-1351
1480
3156
3905
3926
4379
5746
6939
6941
5275
3543
3569
5216
6886
6399
3542
605
-1105
-1283
-2022
-3944
-5904
-6718
-5796
-4858
-4118
-4179
-4562
-5326
-6253
-5732
-4235
-2212
-1370
-1333
-400
1235
2725
2378
1003
255
620
1665
2308
2620
2600
2270
1764
1398
1312
932
91
-783
-761
-56
535
485
57
-108
-106
-74
-280
-392
-247
433
1559
2775
3633
3965
4183
4585
5257
5705
6096
6318
6604
6665
5954
3778
-92
-4723
-7409
-6899
-4752
-3751
-5732
-7306
-6850
-4564
-3920
-6410
-8817
-8958
-5998
-3026
-1012
258
1655
2840
3091
3471
4265
5470
5393
4137
3652
5076
7445
8207
6154
3410
1782
1527
1164
-811
-2874
-4187
-3902
-3209
-3135
-3587
-4563
-5435
-6458
-6854
-6476
-5318
-4222
-3620
-2759
-1323
381
880
46
-819
-379
1160
2360
2699
2737
3239
3859
3740
2979
1977
1350
1021
868
1096
1417
1518
983
324
9
34
-196
-1003
-1661
-1411
-191
1137
1785
1846
1980
2451
3101
3579
3935
4384
5045
5632
5909
4808
2227
-1551
-4511
-4774
-3237
-1598
-2557
-4197
-4626
-2936
-1657
-3668
-7172
-9398
-7563
-4213
-1981
-1607
-1531
-244
1150
1745
1430
1327
1678
2011
2252
3175
5028
6747
6627
4888
3121
2710
3140
2524
877
-846
-889
127
712
25
-1791
-3262
-4378
-4851
-5200
-5401
-5347
-5250
-4590
-3672
-2535
-1994
-2245
-2576
-2350
-1099
256
1127
1426
1742
2537
3405
3699
2969
1921
1291
1589
2349
2867
2803
2270
1760
1562
1549
1170
191
-1012
-1492
-1076
-259
34
-207
-448
-319
147
365
477
511
909
1666
2383
2979
3129
3160
2865
1944
376
-1188
-1680
-951
183
315
-348
-960
-617
21
-585
-2577
-4846
-5332
-3988
-2131
-1303
-1627
-1881
-1452
-648
-423
-963
-1627
-1591
-714
505
1639
2503
2983
3181
2910
2491
2158
1816
1582
1238
1172
1396
1712
1716
1167
290
-691
-1335
-1813
-2127
-2405
-2731
-2808
-2865
-2706
-2493
-2430
-2506
-2695
-2411
-1710
-809
-291
-65
262
813
1529
1751
1521
1012
844
1301
1910
2071
1489
845
797
1085
927
20
-803
-949
-533
-125
-226
-264
-297
-207
-137
-168
127
424
728
803
863
1168
1542
1759
1659
1510
1565
1927
2355
2461
2198
1610
1082
577
-44
-678
-1189
-1161
-941
-790
-870
-974
-1038
-1390
-2115
-3054
-3496
-3292
-2485
-1678
-1176
-866
-579
41
533
726
466
196
403
1041
1952
2529
2613
2317
1909
1650
1341
814
94
-577
-791
-685
-441
-404
-700
-1186
-1678
-1906
-2118
-2346
-2689
-2806
-2451
-1816
-1113
-701
-427
-252
-44
97
102
83
186
617
1093
1476
1382
980
447
88
45
-89
-212
-362
-138
335
455
208
-205
-340
-50
198
405
596
700
939
1173
1490
1722
1578
1228
1050
1295
1777
2115
2130
1989
1857
1854
1921
1813
1513
1083
599
116
-556
-1295
-1864
-2019
-1840
-1657
-1757
-2017
-2013
-1808
-1637
-2010
-2544
-2590
-1927
-807
-95
143
174
381
856
1136
1052
675
393
553
1007
1450
1478
1154
679
258
-68
-412
-757
-1094
-1271
-1315
-1167
-890
-688
-662
-887
-1138
-1244
-1338
-1411
-1579
-1549
-1231
-814
-402
-250
-139
-37
151
217
1
-271
-358
-3
481
715
593
285
162
182
178
53
-36
203
707
1229
1468
1432
1337
1263
1138
923
794
1024
1429
1725
1663
1441
1388
1362
1283
1055
837
921
1205
1503
1493
1264
1093
1039
1031
830
513
66
-645
-1742
-2764
-3150
-2580
-1758
-1258
-1148
-967
-366
-126
-538
-1658
-2343
-2123
-1150
-119
427
811
954
1052
727
232
-237
-608
-653
-514
14
625
963
879
334
-218
-622
-839
-965
-1118
-1104
-890
-380
88
254
49
-510
-1102
-1658
-2101
-2234
-2057
-1544
-925
-474
-211
-299
-559
-978
-1350
-1419
-1039
-302
439
985
1197
1278
1111
810
393
48
63
424
1141
1868
2287
2200
1793
1287
1003
842
715
750
932
1392
1800
1999
1921
1604
1320
1169
1208
1321
1335
1329
1284
1250
1178
1148
1329
1676
1882
1422
391
-893
-1714
-1980
-1946
-1837
-1837
-1531
-1076
-628
-703
-1547
-2610
-3296
-3042
-2212
-1404
-1011
-920
-690
-372
-106
-224
-558
-753
-589
58
777
1321
1474
1330
1222
1196
1211
950
431
-80
-277
-60
196
252
-72
-469
-822
-1173
-1680
-2433
-3096
-3410
-3149
-2567
-1929
-1530
-1344
-1261
-1206
-1131
-1132
-1004
-616
67
796
1369
1552
1418
1167
942
1021
1159
1259
1310
1420
1735
1975
1892
1471
946
651
664
833
1012
1168
1290
1356
1350
1352
1367
1304
1148
995
1173
1615
2109
2326
2195
2065
2073
2363
2568
2430
2015
1468
912
-92
-1404
-2478
-2652
-2061
-1776
-2077
-2589
-2449
-2063
-2329
-3590
-4966
-5058
-3830
-2087
-1208
-1057
-986
-459
318
497
155
-316
-129
752
1847
2644
2729
2377
1889
1540
1328
918
279
-419
-788
-588
-247
-200
-719
-1589
-2327
-2895
-3314
-3699
-3858
-3623
-3048
-2225
-1414
-792
-676
-916
-1202
-1128
-583
74
656
1048
1482
1918
2145
1884
1206
576
407
773
1271
1697
1893
1968
1954
1757
1444
1038
710
587
767
1161
1491
1618
1544
1480
1448
1408
1328
1197
1261
1568
2053
2455
2548
2430
2286
2247
2203
2049
1787
1544
1404
1309
1016
106
-1281
-2613
-3079
-2809
-2554
-2712
-3096
-2855
-2345
-2084
-2562
-3310
-3478
-3020
-2118
-1420
-872
-448
-89
210
372
486
433
317
299
457
823
1051
1032
746
268
-193
-629
-974
-1335
-1602
-1722
-1590
-1432
-1431
-1619
-1984
-2365
-2746
-2877
-2774
-2452
-2114
-1635
-945
-329
-48
-310
-550
-453
-30
398
572
723
1009
1414
1616
1437
1013
743
795
1040
1363
1579
1790
1820
1675
1553
1518
1591
1450
1208
1141
1451
1872
2000
1763
1503
1500
1645
1755
1634
1554
1646
1930
2237
2311
2211
2008
1852
1718
1563
1382
1203
1042
873
736
572
114
-877
-2097
-2839
-2679
-2173
-2028
-2338
-2414
-1925
-1466
-1571
-2237
-2629
-2455
-1862
-1252
-814
-480
-403
-441
-535
-490
-476
-644
-871
-961
-648
-212
-12
-287
-823
-1146
-1118
-913
-972
-1200
-1365
-1245
-968
-870
-1035
-1476
-1916
-2145
-2010
-1716
-1508
-1459
-1360
-1012
-578
-306
-351
-469
-375
39
557
899
995
1049
1207
1357
1301
1078
997
1205
1579
1896
2097
2198
2177
2013
1793
1689
1617
1552
1481
1539
1833
2034
2022
1692
1356
1210
1217
1296
1297
1335
1365
1483
1563
1589
1492
1216
976
852
971
1154
1222
1150
1045
1035
1023
851
421
-99
-525
-898
-1362
-1881
-2162
-2068
-1873
-1926
-2209
-2391
-2372
-2363
-2539
-2724
-2645
-2257
-1831
-1574
-1477
-1416
-1287
-1185
-1113
-1036
-850
-590
-434
-406
-416
-341
-313
-523
-876
-1108
-1043
-918
-994
-1210
-1409
-1528
-1699
-1957
-2108
-2008
-1804
-1611
-1483
-1214
-784
-432
-245
-170
54
428
785
980
1117
1354
1687
1985
2087
2094
2104
2117
2115
2057
2103
2243
2342
2259
1999
1764
1605
1525
1395
1313
1333
1429
1443
1268
1061
926
965
1074
1186
1316
1442
1553
1600
1570
1542
1499
1457
1379
1322
1371
1433
1400
1140
824
564
382
168
-123
-361
-550
-703
-899
-1054
-1282
-1695
-2264
-2709
-2755
-2581
-2424
-2432
-2391
-2178
-1839
-1571
-1539
-1680
-1849
-1803
-1565
-1301
-1251
-1322
-1284
-1063
-818
-857
-1111
-1414
-1537
-1477
-1358
-1236
-1211
-1203
-1131
-972
-841
-979
-1342
-1711
-1711
-1340
-887
-553
-390
-134
162
399
431
396
467
761
1207
1623
1975
2063
2037
1871
1731
1684
1569
1473
1365
1434
1641
1769
1744
1581
1434
1297
1117
872
709
688
776
947
1119
1349
1487
1485
1396
1286
1269
1323
1399
1490
1591
1666
1693
1561
1303
991
766
637
530
417
302
261
178
53
-176
-425
-667
-865
-934
-906
-793
-751
-705
-619
-507
-529
-836
-1257
-1598
-1726
-1772
-1904
-2048
-2034
-1827
-1655
-1761
-2057
-2272
-2252
-2153
-2104
-2082
-1950
-1727
-1528
-1391
-1309
-1239
-1222
-1178
-1062
-780
-486
-307
-200
-118
109
267
209
-102
-460
-490
-216
154
322
339
455
717
976
941
715
491
483
695
930
1060
976
781
646
664
782
838
768
743
921
1293
1623
1726
1619
1529
1592
1718
1701
1438
1135
1021
1148
1298
1304
1210
1194
1245
1235
1113
921
764
646
587
575
555
460
270
127
88
74
10
-104
-159
-119
-94
-169
-343
-524
-595
-614
-643
-733
-818
-827
-762
-705
-710
-745
-815
-870
-944
-1004
-1097
-1260
-1477
-1655
-1666
-1524
-1364
-1334
-1380
-1388
-1296
-1182
-1180
-1256
-1245
-1074
-788
-555
-418
-309
-200
-96
-38
7
70
102
104
113
200
270
206
19
-188
-239
-241
-223
-227
-148
70
256
380
346
303
274
268
303
353
443
504
569
667
790
874
850
806
838
957
1135
1229
1264
1236
1202
1228
1235
1120
791
419
183
203
313
377
384
402
529
659
703
573
348
158
120
217
318
345
219
64
-68
-122
-138
-229
-320
-407
-389
-334
-329
-393
-548
-673
-745
-741
-748
-799
-832
-759
-596
-479
-452
-461
-398
-301
-240
-242
-252
-168
-52
62
115
133
122
41
-91
-234
-279
-256
-221
-219
-209
-152
-123
-202
-419
-648
-737
-656
-505
-391
-344
-305
-236
-169
-129
-156
-219
-266
-242
-112
44
111
56
-26
4
121
189
124
-18
-57
46
178
222
139
46
-8
-14
-11
-29
-28
-17
46
140
251
303
284
253
270
360
442
468
399
305
225
185
168
115
70
68
150
261
279
211
106
44
32
-26
-82
-125
-103
-42
-2
45
38
2
-42
-27
58
162
242
302
366
411
413
373
335
302
275
260
290
361
428
441
375
285
221
210
220
173
87
19
35
85
63
-20
-121
-151
-149
-159
-194
-213
-174
-131
-73
-33
21
58
30
-13
-38
10
51
46
-19
-66
-71
-102
-182
-333
-434
-491
-523
-575
-657
-695
-735
-771
-809
-818
-787
-765
-750
-731
-666
-602
-570
-555
-528
-460
-395
-342
-300
-252
-204
-148
-85
-36
10
28
51
87
134
180
192
148
43
-72
-164
-205
-207
-163
-35
120
286
374
408
414
396
396
401
479
583
692
754
765
747
715
692
667
641
649
699
775
835
831
823
769
681
564
473
450
418
369
303
297
332
347
312
240
219
205
189
151
148
217
298
347
327
293
240
182
85
8
-42
-94
-137
-205
-238
-280
-352
-457
-557
-620
-646
-677
-730
-796
-852
-843
-826
-816
-838
-841
-806
-776
-752
-738
-697
-656
-645
-651
-625
-577
-550
-548
-554
-531
-491
-489
-496
-514
-489
-434
-391
-360
-329
-269
-202
-150
-149
-112
-57
26
99
149
227
300
376
418
433
422
392
382
405
455
491
491
509
556
625
643
598
543
531
580
605
594
567
575
623
631
591
520
508
551
590
622
618
644
671
688
672
599
523
441
392
374
359
331
257
176
109
69
14
-89
-203
-293
-298
-266
-256
-287
-357
-390
-400
-425
-469
-520
-531
-511
-493
-469
-448
-437
-474
-540
-591
-580
-528
-501
-480
-479
-442
-397
-367
-362
-396
-419
-414
-377
-349
-343
-347
-322
-294
-267
-250
-225
-198
-205
-223
-240
-228
-205
-177
-146
-107
-59
-20
17
49
76
98
125
152
188
222
257
296
334
385
401
405
404
439
495
523
531
536
577
611
592
528
465
428
419
420
431
448
437
387
336
302
278
232
179
176
206
233
204
162
131
119
93
44
16
9
2
-25
-54
-65
-73
-100
-152
-208
-265
-317
-365
-412
-438
-468
-471
-471
-485
-500
-524
-508
-487
-461
-433
-388
-322
-280
-272
-286
-261
-224
-186
-161
-138
-94
-68
-55
-64
-69
-76
-104
-133
-160
-156
-143
-125
-128
-148
-153
-151
-120
-125
-127
-129
-92
-15
42
89
100
137
189
260
315
335
353
386
439
472
469
432
409
414
451
473
464
448
431
434
421
378
316
253
217
195
192
175
141
100
64
43
16
-13
-56
-81
-78
-59
-46
-55
-69
-65
-46
-26
-33
-77
-111
-131
-121
-116
-134
-167
-213
-248
-277
-302
-327
-353
-373
-360
-342
-338
-354
-388
-402
-392
-355
-310
-280
-250
-217
-158
-87
-44
-30
-25
-2
23
36
27
10
3
-3
-13
-36
-58
-70
-62
-60
-62
-82
-92
-90
-103
-88
-66
-14
26
36
48
66
115
155
185
219
281
353
411
450
465
479
491
493
489
482
470
462
443
424
378
312
245
183
149
96
45
-9
-29
-18
-15
-20
-61
-83
-85
-66
-55
-70
-70
-48
4
42
45
10
-38
-69
-87
-106
-139
-165
-174
-164
-154
-173
-203
-263
-322
-367
-384
-381
-399
-412
-423
-415
-410
-411
-398
-369
-321
-284
-248
-211
-179
-153
-131
-106
-89
-77
-82
-81
-66
-46
-31
-24
1
37
67
61
32
2
-2
22
46
69
68
78
109
147
171
161
160
184
225
259
277
307
352
395
410
424
452
483
477
437
416
418
429
399
353
331
327
313
261
212
183
165
138
93
70
65
64
43
17
5
1
-9
-37
-71
-97
-108
-121
-136
-148
-145
-143
-152
-181
-214
-236
-249
-246
-242
-239
-251
-274
-304
-320
-333
-348
-363
-377
-358
-328
-299
-297
-312
-314
-305
-278
-256
-248
-244
-240
-219
-193
-163
-146
-149
-150
-136
-99
-59
-35
-35
-33
-23
-1
9
4
-4
1
21
44
62
70
85
98
132
166
200
223
242
274
311
347
353
350
340
338
338
329
318
299
274
266
263
264
253
229
213
197
196
187
177
159
140
136
139
140
119
98
76
60
47
20
1
-17
-25
-28
-28
-25
-34
-53
-88
-109
-133
-158
-197
-239
-252
-242
-223
-231
-239
-243
-231
-225
-238
-241
-237
-209
-196
-193
-192
-190
-182
-192
-206
-227
-219
-192
-160
-132
-117
-98
-86
-73
-63
-63
-65
-72
-62
-28
9
24
15
6
5
14
18
19
26
43
69
92
113
130
145
156
153
156
171
200
223
218
219
226
239
241
221
209
206
217
236
241
241
219
201
192
192
187
167
155
150
161
158
140
111
84
65
47
24
-7
-42
-68
-70
-67
-65
-90
-116
-124
-119
-129
-161
-186
-189
-180
-184
-192
-200
-212
-219
-227
-208
-184
-174
-185
-195
-180
-171
-178
-210
-222
-212
-184
-172
-178
-175
-168
-153
-150
-153
-146
-120
-92
-76
-74
-68
-54
-42
-36
-30
-6
24
50
60
68
83
102
115
119
125
132
144
143
141
135
138
145
144
140
133
142
148
146
138
138
155
166
168
160
160
168
182
190
186
179
171
170
171
161
145
120
109
104
97
76
45
24
14
8
-6
-21
-45
-62
-80
-96
-106
-121
-121
-124
-122
-116
-113
-111
-108
-104
-90
-71
-61
-55
-54
-54
-62
-83
-95
-101
-102
-106
-115
-125
-140
-156
-164
-160
-156
-165
-175
-175
-159
-140
-121
-107
-96
-89
-79
-60
-36
-6
18
46
75
102
116
119
119
121
133
143
152
156
163
164
160
143
124
108
93
81
64
52
49
56
70
76
73
64
63
65
67
72
78
91
103
112
114
107
95
77
57
47
39
32
17
-5
-24
-41
-51
-65
-81
-100
-118
-130
-143
-156
-167
-168
-156
-145
-132
-132
-131
-134
-124
-108
-94
-82
-78
-60
-49
-49
-63
-81
-83
-79
-73
-74
-80
-83
-78
-80
-90
-105
-117
-118
-115
-112
-105
-99
-89
-75
-62
-44
-35
-26
-10
7
32
54
75
102
123
145
164
175
183
179
171
167
163
171
179
182
171
159
158
160
158
142
133
140
159
160
141
118
110
115
111
100
89
94
103
104
108
109
107
85
61
46
44
38
20
0
-11
-16
-31
-55
-80
-107
-125
-140
-145
-147
-153
-163
-169
-162
-152
-149
-153
-153
-144
-128
-114
-107
-103
-99
-91
-89
-83
-76
-74
-77
-90
-100
-103
-110
-125
-140
-141
-129
-114
-114
-116
-117
-108
-92
-87
-86
-86
-70
-43
-20
-7
3
22
48
66
74
80
91
110
122
132
141
150
150
146
145
151
154
143
135
132
141
141
131
117
108
105
94
83
76
74
78
82
81
76
75
80
86
77
61
50
52
62
56
45
33
20
12
3
1
-9
-27
-49
-61
-61
-62
-79
-108
-126
-127
-122
-116
-118
-118
-105
-94
-82
-86
-89
-92
-90
-85
-86
-80
-81
-78
-82
-88
-89
-91
-91
-93
-92
-91
-86
-81
-81
-82
-85
-85
-85
-79
-70
-58
-41
-30
-19
-9
1
12
19
34
54
73
85
89
101
118
127
126
123
127
136
143
139
135
131
128
123
116
110
102
101
98
95
93
97
99
91
73
63
67
70
65
55
53
63
67
65
60
50
38
23
13
12
6
-2
-19
-29
-30
-37
-45
-58
-65
-65
-63
-62
-70
-75
-80
-81
-84
-84
-85
-87
-85
-93
-95
-98
-95
-95
-98
-99
-103
-99
-96
-92
-89
-86
-82
-76
-77
-83
-91
-95
-93
-91
-90
-88
-82
-73
-66
-55
-43
-30
-16
-2
11
22
28
32
43
57
67
71
74
83
88
94
97
106
111
109
107
106
107
99
91
85
89
98
98
90
80
74
72
71
68
62
58
53
49
49
48
46
40
33
36
38
41
26
9
0
3
7
1
-12
-20
-22
-25
-37
-53
-60
-53
-45
-43
-49
-55
-56
-58
-61
-71
-78
-81
-82
-81
-81
-83
-87
-91
-94
-88
-78
-67
-63
-61
-52
-43
-38
-47
-57
-59
-54
-49
-48
-42
-37
-29
-18
-8
-5
-13
-17
-10
5
14
16
20
37
61
74
72
67
66
69
76
80
80
82
86
90
90
85
73
64
60
55
50
46
46
47
52
53
53
53
50
43
40
44
52
57
57
57
58
56
48
42
34
29
21
11
6
4
4
-5
-16
-24
-34
-45
-54
-62
-65
-63
-66
-68
-71
-76
-79
-80
-77
-74
-74
-71
-67
-62
-61
-62
-57
-47
-43
-44
-50
-55
-55
-56
-56
-59
-63
-64
-60
-50
-48
-52
-58
-56
-40
-28
-23
-24
-18
-6
5
12
14
20
28
38
47
52
58
58
63
65
68
68
60
57
55
60
65
64
61
58
61
64
64
57
46
40
42
43
38
30
25
25
34
38
45
47
49
49
48
50
44
39
28
18
15
14
11
3
-7
-15
-18
-22
-28
-36
-42
-45
-48
-53
-55
-57
-57
-59
-62
-62
-61
-60
-61
-64
-60
-53
-45
-43
-43
-41
-38
-33
-33
-31
-27
-21
-21
-22
-25
-24
-20
-13
-6
-2
3
6
8
8
7
7
10
17
23
28
30
28
25
22
21
20
22
23
22
20
21
25
29
29
31
34
38
42
44
48
50
48
45
42
43
41
40
38
38
42
42
37
29
25
22
21
16
11
9
10
8
0
-7
-13
-16
-19
-27
-32
-35
-36
-38
-41
-45
-48
-53
-56
-61
-62
-64
-68
-66
-65
-62
-65
-70
-74
-75
-75
-76
-74
-68
-60
-53
-50
-47
-44
-41
-40
-39
-33
-23
-10
-3
1
6
13
19
24
26
26
31
38
41
41
41
44
44
43
38
36
36
35
35
39
44
46
47
47
48
51
52
54
58
62
63
65
64
59
59
60
63
63
60
60
63
65
61
52
47
45
48
44
39
35
32
29
23
14
4
-5
-8
-7
-6
-8
-15
-19
-20
-21
-22
-25
-31
-35
-37
-39
-40
-43
-50
-57
-58
-58
-59
-61
-63
-64
-66
-67
-68
-66
-68
-72
-74
-74
-70
-66
-62
-61
-59
-55
-48
-41
-33
-26
-20
-12
-8
-5
-3
-3
-2
0
4
9
10
10
6
5
6
7
7
6
7
11
15
17
14
14
22
31
33
31
30
35
40
43
41
40
43
46
50
52
53
51
47
49
52
54
47
35
25
25
25
20
13
6
4
2
0
-1
-3
-6
-8
-6
-2
0
0
-3
-6
-7
-8
-12
-16
-22
-22
-18
-18
-21
-27
-32
-33
-36
-40
-45
-46
-45
-44
-47
-48
-44
-41
-39
-41
-38
-31
-22
-16
-13
-7
-3
1
2
1
6
8
9
9
9
13
15
17
17
16
15
13
10
7
4
4
8
14
19
21
21
22
23
24
26
28
33
36
38
39
42
43
43
42
41
42
43
43
40
37
34
30
26
17
9
4
1
-1
-7
-10
-12
-14
-14
-19
-24
-28
-27
-26
-25
-22
-18
-15
-10
-10
-14
-17
-19
-17
-17
-19
-21
-21
-21
-23
-21
-20
-20
-24
-27
-29
-31
-33
-37
-37
-37
-36
-31
-29
-29
-29
-32
-32
-30
-27
-26
-26
-25
-21
-16
-11
-9
-8
-7
-4
2
8
14
17
19
21
24
25
23
20
20
20
21
23
25
24
24
22
21
23
26
28
28
27
29
37
42
45
43
42
41
42
43
40
38
36
36
38
36
32
24
20
16
13
10
4
-1
-7
-9
-12
-15
-19
-25
-29
-31
-31
-31
-31
-27
-27
-25
-25
-25
-26
-24
-20
-20
-20
-19
-20
-18
-18
-21
-27
-31
-31
-31
-29
-29
-31
-31
-31
-31
-33
-33
-30
-28
-26
-25
-21
-16
-13
-14
-15
-12
-7
-3
-1
1
6
11
14
15
15
19
22
23
23
22
26
26
25
23
22
24
25
28
30
31
34
33
35
38
38
39
37
36
36
38
38
34
31
29
28
26
21
18
16
15
13
10
6
0
-3
-6
-9
-12
-15
-19
-20
-20
-19
-18
-20
-21
-22
-20
-19
-20
-23
-24
-22
-19
-18
-21
-24
-23
-23
-25
-28
-30
-30
-28
-26
-25
-24
-25
-23
-25
-26
-26
-27
-29
-31
-32
-31
-27
-22
-17
-13
-9
-7
-5
-5
-5
-4
-1
1
3
6
7
8
8
9
12
16
20
22
26
28
28
27
26
27
31
34
37
38
38
39
38
37
36
36
34
32
33
33
32
28
26
26
25
27
23
18
15
16
17
14
10
6
4
3
2
2
1
0
-1
-1
-1
-2
-6
-11
-14
-14
-12
-13
-16
-18
-19
-19
-21
-23
-25
-24
-21
-19
-19
-19
-20
-22
-22
-23
-27
-29
-31
-31
-31
-30
-31
-33
-31
-29
-25
-24
-24
-23
-21
-19
-16
-14
-13
-12
-9
-5
-3
-2
2
3
5
7
11
13
14
13
12
11
14
14
13
10
8
11
13
15
16
18
18
17
18
20
20
21
23
26
28
29
29
29
26
25
24
23
23
21
20
19
15
15
15
12
6
3
1
0
-4
-4
-6
-10
-10
-9
-10
-13
-17
-18
-17
-16
-15
-13
-12
-13
-15
-15
-16
-17
-18
-20
-20
-19
-17
-18
-21
-21
-21
-24
-26
-27
-27
-26
-25
-24
-21
-21
-21
-21
-20
-19
-17
-13
-10
-6
-4
0
2
4
5
7
10
11
12
13
16
16
17
20
22
24
24
24
25
25
26
27
26
25
25
25
24
22
21
23
25
24
23
22
23
23
25
23
20
20
22
21
20
22
19
16
13
11
9
8
4
2
1
0
-4
-5
-7
-11
-13
-13
-13
-15
-15
-15
-17
-18
-19
-18
-18
-19
-21
-22
-22
-21
-21
-20
-22
-22
-19
-19
-19
-19
-20
-20
-19
-18
-19
-21
-22
-23
-22
-24
-24
-25
-23
-23
-21
-18
-17
-16
-13
-10
-7
-6
-3
-1
0
2
3
4
9
12
12
14
16
17
16
17
16
16
15
16
17
16
15
17
18
17
16
19
18
16
17
21
21
21
22
24
22
22
22
20
17
17
18
16
13
12
12
12
7
3
0
-3
-6
-6
-7
-11
-12
-10
-11
-12
-11
-9
-10
-9
-8
-7
-7
-9
-9
-8
-7
-8
-7
-8
-10
-12
-9
-8
-9
-9
-10
-13
-15
-14
-15
-16
-16
-14
-13
-12
-10
-11
-12
-13
-11
-8
-7
-8
-8
-4
-2
1
3
4
5
8
11
11
11
11
11
11
12
12
12
12
12
12
12
12
10
9
9
9
10
11
10
9
11
11
9
9
8
8
9
11
11
10
9
9
8
6
4
2
2
2
1
1
0
-3
-3
-4
-8
-11
-12
-11
-13
-12
-13
-15
-16
-15
-15
-16
-16
-16
-16
-14
-12
-9
-7
-9
-8
-9
-8
-9
-7
-7
-7
-6
-3
-4
-5
-6
-5
-6
-5
-5
-4
-3
-1
-1
0
0
-1
-2
0
0
1
3
4
6
8
9
9
9
10
10
11
13
12
11
13
14
14
14
14
14
12
13
13
12
12
11
10
10
9
9
8
6
5
4
5
4
3
3
3
0
0
1
-1
-1
0
-1
-1
0
-3
-4
-6
-7
-8
-7
-9
-10
-9
-10
-13
-14
-12
-14
-15
-14
-13
-14
-14
-12
-12
-14
-12
-11
-12
-11
-11
-10
-11
-10
-9
-7
-4
-5
-3
-2
-3
-3
0
0
-1
2
4
3
4
5
5
3
5
5
5
5
7
7
6
5
6
7
5
5
5
7
8
10
12
12
12
13
14
13
11
12
12
11
12
13
12
9
8
8
7
5
4
4
3
3
1
0
-3
-5
-5
-5
-6
-8
-8
-6
-8
-9
-7
-9
-10
-9
-8
-8
-8
-7
-7
-6
-6
-7
-9
-10
-12
-13
-12
-13
-14
-12
-13
-14
-13
-12
-14
-14
-11
-9
-8
-9
-8
-8
-6
-4
-2
-2
0
1
4
7
7
7
8
8
9
8
9
8
8
9
8
8
10
9
9
11
11
12
10
11
12
11
11
11
12
12
12
13
13
13
13
13
12
11
10
10
10
8
9
8
6
6
5
2
1
0
-1
-3
-4
-4
-5
-7
-8
-10
-9
-10
-10
-8
-8
-10
-9
-8
-9
-10
-11
-10
-13
-12
-11
-11
-13
-14
-13
-14
-14
-14
-13
-15
-14
-13
-12
-13
-13
-12
-11
-12
-12
-9
-10
-10
-8
-6
-6
-4
-2
-1
-2
-1
0
0
2
3
4
5
5
7
8
7
6
7
8
9
9
11
11
11
13
13
13
11
12
12
11
13
12
12
13
12
12
13
12
12
11
12
10
11
11
9
8
8
8
6
6
6
6
6
5
5
3
3
2
1
0
-2
-3
-3
-4
-4
-4
-5
-7
-8
-9
-10
-11
-11
-11
-12
-12
-11
-11
-13
-12
-11
-11
-10
-8
-8
-9
-9
-7
-9
-9
-8
-8
-9
-7
-6
-6
-6
-6
-6
-6
-5
-5
-4
-4
-4
-3
-2
-4
-2
-1
1
0
1
4
4
4
6
7
7
7
8
9
7
8
8
9
8
8
10
10
10
9
9
9
7
7
8
6
5
6
7
6
6
6
6
5
3
4
3
2
1
1
2
1
1
2
1
-1
-1
0
-1
-3
-1
-1
-4
-5
-3
-4
-8
-8
-6
-7
-9
-7
-5
-7
-8
-7
-8
-11
-11
-9
-9
-9
-9
-6
-5
-7
-6
-4
-4
-6
-4
-3
-4
-4
-2
-1
-1
0
1
1
0
1
3
3
2
3
4
3
5
5
4
3
4
5
6
7
8
7
7
7
9
8
9
9
8
9
9
10
9
7
7
7
7
5
8
7
6
7
6
4
2
4
3
1
2
3
1
0
-1
-1
-2
-3
-2
-2
-2
-3
-4
-3
-5
-5
-4
-3
-5
-4
-4
-4
-5
-4
-3
-6
-4
-4
-4
-5
-4
-5
-7
-5
-5
-5
-5
-4
-6
-6
-4
-3
-5
-3
-3
-4
-3
-2
-1
-2
-1
-1
-1
1
1
-1
1
1
1
1
2
2
1
3
3
3
4
3
2
1
4
3
2
3
1
1
2
3
1
2
3
3
2
4
3
0
2
2
2
1
3
2
2
1
2
2
0
0
1
2
-1
-2
1
-1
-4
-3
-1
-4
-3
-2
-1
-4
-4
-2
-2
-3
-2
0
-4
-3
-3
-1
-3
-2
-2
-3
-1
0
0
0
1
-1
-1
0
1
0
0
1
2
0
1
3
1
0
1
3
2
0
4
5
2
1
5
4
1
2
5
4
3
6
5
4
2
5
5
3
2
3
3
1
3
4
5
2
3
3
3
2
2
2
1
0
0
2
1
-1
0
0
-1
-2
2
1
0
-1
0
-1
-3
-4
-2
-3
-4
-2
-2
-2
-4
-3
-2
-4
-5
-4
-2
-4
-5
-2
-3
-5
-2
-1
-3
-4
-2
-1
-3
-2
-3
-2
-3
-3
-2
-1
-2
-4
0
0
-2
-2
0
-1
-2
-1
0
0
-1
2
1
2
1
4
2
3
2
1
4
2
1
1
2
0
1
4
2
2
3
3
1
2
4
3
0
2
3
2
2
1
2
2
3
2
3
2
1
1
2
2
-1
1
1
0
-1
0
0
-1
0
0
0
-2
0
0
-1
0
0
-1
0
0
-2
1
-2
-1
0
0
-2
-1
0
-3
-2
-1
-1
-3
-2
-1
-2
-2
-1
0
-1
0
-1
0
-2
0
-1
0
0
1
2
-1
2
0
1
0
0
0
-1
0
-1
0
-1
-1
-1
1
-1
0
1
0
1
1
2
1
2
1
1
2
0
0
-1
3
-1
1
1
1
-1
1
1
-2
0
1
0
-1
1
1
0
0
0
0
1
-1
-1
1
-1
0
1
1
-1
-2
1
-2
-1
-1
1
-2
-3
0
-1
-1
-3
-1
-1
-3
0
0
-2
0
0
1
0
0
0
0
1
-1
0
1
0
-1
-1
0
-2
-1
0
-2
-1
-1
-1
-2
1
0
-1
1
0
0
1
1
2
0
2
2
1
0
1
2
-1
0
2
-1
0
0
1
0
0
1
0
0
0
1
0
1
1
0
2
2
2
2
2
2
2
2
2
0
1
1
0
0
0
1
-1
-1
-1
0
0
-1
0
0
1
0
1
1
0
0
1
0
1
1
2
2
1
0
1
1
-1
1
0
0
0
-2
-1
-1
0
-2
0
0
-1
-2
1
0
-1
0
3
0
-1
3
1
0
0
2
0
0
0
0
0
-2
-1
-1
-1
-2
-1
0
-1
-2
0
-1
-2
-1
-1
0
-1
0
1
1
0
-1
1
0
0
0
2
1
-2
0
0
0
-3
-1
0
-2
-2
-1
0
-2
-1
0
0
-2
-1
1
-1
-1
0
1
-1
-1
2
1
-1
0
1
-1
-1
-1
0
-2
0
1
-1
-2
-1
0
-1
0
0
-1
0
1
0
-1
0
1
-1
-1
2
1
0
1
1
1
0
2
-1
0
-1
0
0
-2
-1
2
0
-1
2
1
0
1
2
0
0
2
1
1
1
1
-1
1
0
0
1
1
0
0
0
-1
0
0
-1
0
0
-1
1
1
0
0
2
1
-1
1
0
1
1
0
1
1
0
1
1
0
0
2
0
-1
0
0
-1
-1
0
-1
-1
0
-1
0
0
-1
0
0
-1
-1
1
-1
-2
1
-1
0
1
1
-2
1
1
-2
0
0
-1
-1
-1
-1
-1
-1
-2
0
0
-1
-1
1
-1
0
0
1
-2
0
1
-1
0
0
0
-1
-1
0
0
0
-2
0
0
-2
0
-1
-1
-1
-1
-1
1
-1
-1
1
0
-3
1
-1
-1
-1
-1
0
-1
0
1
1
-1
0
0
-1
1
-1
-1
0
-2
-1
1
0
-2
0
0
-1
0
0
1
0
0
2
0
-1
2
0
-1
1
1
0
0
-1
0
0
-1
0
-1
-1
1
0
0
0
1
-1
-1
0
0
-1
0
0
0
-1
1
1
0
0
1
1
-2
-1
1
1
-1
-1
3
-1
-3
1
1
-2
0
0
-1
1
0
0
1
-1
0
1
0
-2
0
2
-1
0
3
-1
0
0
-1
-2
1
0
-2
0
-1
-2
-2
0
-1
-1
1
1
-1
-1
1
0
-2
0
1
-1
-1
0
0
-1
-2
1
-1
-2
1
1
-3
0
1
-3
-1
1
-2
0
2
-1
-1
1
0
-1
0
1
-1
-2
1
0
-2
0
1
-1
0
1
-1
0
-1
-1
0
-2
-2
2
0
-2
1
1
-1
-1
1
-1
0
0
0
0
0
1
0
-2
0
0
-1
0
-1
1
0
-1
-1
1
-1
-1
1
-1
0
0
0
1
-1
0
3
1
-1
2
1
-2
0
1
-1
0
1
0
0
0
0
-1
0
-1
1
0
0
0
0
1
-2
1
1
0
1
1
0
0
1
-1
0
1
-1
-1
2
0
-1
1
1
-2
-1
1
0
-1
1
0
-1
-1
2
0
-1
0
1
-1
-1
2
0
0
1
1
-1
1
-1
-2
1
1
-2
0
1
-1
0
0
-1
-1
0
-1
0
1
-1
2
0
-1
0
2
0
-1
2
0
-1
-1
1
-1
0
0
-1
-1
0
-2
0
0
-2
-1
1
0
-2
1
0
-1
0
0
1
0
0
0
0
0
0
0
1
1
-2
0
0
-2
-1
0
-2
-2
0
0
0
0
0
1
1
-1
0
1
0
0
1
1
-1
-1
1
1
-1
2
0
0
0
0
0
0
0
-2
3
-1
-2
1
2
-2
-1
2
0
-1
2
1
1
-1
2
1
0
1
1
1
1
-1
1
1
-1
0
1
1
-2
1
0
1
-1
0
0
1
-1
0
2
0
-1
2
1
0
-1
3
1
-1
0
2
0
0
1
1
-1
0
1
1
0
-2
1
1
-1
0
2
0
-1
2
0
-1
1
2
0
0
1
-1
-1
1
0
-2
1
1
0
0
1
-2
0
1
-1
0
0
0
0
0
-2
1
3
0
0
3
0
-1
1
1
-2
0
3
-2
-2
1
-1
-1
1
2
-1
1
2
0
-1
-1
0
-1
0
1
2
0
1
1
-1
1
2
-1
1
1
0
-1
0
-1
-2
1
1
-1
1
1
0
0
0
2
0
-1
1
0
-2
-1
2
1
-1
2
2
0
-1
3
1
-1
2
0
-1
-2
-2
-3
0
0
1
4
2
-1
1
1
-2
0
1
1
2
1
-1
-1
-2
-1
2
2
2
3
2
0
0
-1
-3
-2
0
0
0
2
1
-1
-1
2
1
1
6
3
0
0
1
-5
-3
-1
1
1
2
4
1
0
0
1
0
1
1
0
1
-1
-2
-2
0
0
1
3
3
2
2
3
1
-1
-1
-1
-2
-1
1
0
1
1
1
0
2
-1
0
2
3
0
1
1
-3
-4
-2
-1
-1
4
5
4
2
1
-2
-2
-2
-2
0
2
2
0
-1
-2
-4
-2
2
3
3
6
3
-2
-3
-4
-5
-2
2
3
4
1
1
-1
-3
-1
1
2
4
3
0
0
-4
-6
-4
-1
1
3
4
4
2
-1
-1
-1
-3
0
3
-1
0
1
-3
-4
-1
1
1
2
4
4
1
0
1
-5
-4
-1
-2
-2
3
2
1
2
1
0
0
0
1
3
0
1
0
-3
-5
-3
-3
-1
3
6
5
4
2
-2
-6
-2
-2
-2
1
3
0
-1
-1
-3
-4
0
5
5
7
6
1
-5
-4
-6
-7
-1
3
3
4
4
-3
-2
0
-1
1
5
4
2
-1
-4
-7
-6
-3
1
4
7
6
5
2
-1
-2
-1
-2
1
2
0
1
-2
-4
-2
0
0
5
4
3
4
2
-2
-3
-4
-3
-2
-2
0
2
1
2
3
1
0
2
1
2
1
1
-1
-2
-4
-4
-4
-3
2
4
4
5
4
0
-1
-3
-4
-2
0
0
1
1
-2
-3
-1
-1
1
5
6
4
4
-1
-6
-7
-5
-5
-1
4
3
2
1
-1
-1
-1
2
3
3
3
1
-3
-6
-5
-6
-2
2
4
5
5
3
0
-1
-2
-1
0
0
0
-1
-2
-2
-3
-1
1
3
4
4
3
3
-1
-2
-2
-4
-3
-2
-2
0
2
2
1
3
3
1
1
2
0
-1
0
-2
-4
-3
-3
-2
0
3
4
4
3
3
2
-2
-3
0
-2
-2
1
0
-2
0
0
-1
1
4
3
3
4
0
-2
-3
-5
-5
-1
1
2
3
2
1
0
-1
2
2
0
2
2
-3
-3
-4
-5
-2
2
1
4
6
2
1
2
-2
-3
0
-1
-2
-1
0
-2
-2
-1
2
2
4
4
3
2
0
-3
-2
-2
-3
-1
1
0
1
1
3
2
1
1
3
-1
0
1
-1
-3
-1
-1
-2
0
1
1
3
3
3
1
1
-1
-2
-2
-2
-1
-1
0
1
1
0
0
0
2
1
4
3
0
-1
-3
-3
-5
-1
2
2
