SAMPLES:	9818
BITSPERSAMPLE:	16
CHANNELS:	1
SAMPLERATE:	16000
NORMALIZED:	FALSE
-17
-12
-6
-14
-15
-2
-10
-16
-1
-3
-2
-2
-20
8
-4
-8
-7
4
6
-6
7
0
-3
-7
-4
-3
0
-2
-4
3
-5
-10
-3
-10
-6
-9
-5
-6
-9
-13
-9
4
10
3
-6
-2
-5
5
3
-2
1
4
1
3
-4
2
-2
6
-4
-2
7
-7
6
-5
10
10
4
12
11
9
3
5
1
2
1
2
-1
-13
-9
-15
-15
-11
-12
-1
9
6
8
10
-1
4
3
-7
0
-4
-8
-12
-6
13
1
1
-7
-6
11
11
4
4
5
5
8
-7
-4
-1
0
-1
-1
5
-5
-9
-12
-6
3
-5
-4
-1
-1
-6
-16
-9
-6
-10
1
-1
-6
1
5
-8
-13
-6
-7
-9
-6
-8
4
-10
-3
-6
-9
0
-13
1
3
-3
-8
-2
7
2
4
2
5
13
10
15
8
5
12
16
11
17
16
10
16
15
30
28
17
25
30
17
24
22
22
29
14
21
22
15
22
15
20
12
9
18
14
21
19
14
13
5
-5
16
4
-3
6
9
19
21
22
21
24
17
21
11
14
15
8
9
2
6
2
6
10
10
5
13
3
-11
-3
-6
1
6
-10
-8
9
-2
-2
-6
-10
2
-8
-10
-8
-11
-6
-5
-9
-13
-10
7
-7
11
-3
-5
7
-11
-8
-3
8
-10
-8
-6
-6
-6
-10
-13
-3
-15
-18
0
-12
-16
-17
-16
-16
-10
-12
-19
-21
-11
-10
-3
-14
-12
-11
-8
-1
-6
5
-2
-2
3
0
9
3
3
4
2
-3
-12
0
0
0
2
10
3
-9
-9
-7
-5
-2
-1
-7
-1
-7
6
1
1
0
-15
-5
-14
-9
-16
-12
-4
-2
2
-16
-7
-5
-12
-9
-3
-1
2
-2
-7
-2
-8
-8
-16
-13
-10
-20
-14
-14
-13
-10
-6
-7
-4
0
-2
-5
-10
-7
-11
-14
-8
0
-3
2
3
0
0
5
14
2
2
5
11
8
-1
-6
-10
4
7
11
7
-1
2
0
-4
13
3
-3
-12
-13
-13
-9
2
2
5
1
-4
-10
-2
-1
-2
3
9
9
7
4
2
4
12
0
5
12
10
6
1
5
-5
-1
-1
15
-1
1
16
23
15
3
13
8
27
24
1
2
4
-6
-7
-10
-11
-5
-3
-14
-12
-3
-7
-5
3
-2
12
16
2
9
0
6
3
-14
-4
-8
1
7
3
3
-4
-2
3
13
3
-5
-1
-10
6
-2
-3
13
5
13
1
6
8
8
7
-1
-4
-2
-1
-22
-8
-10
-20
-12
-23
-25
-17
-10
-11
-15
-16
-15
-4
-1
1
1
-2
-1
-1
-11
-5
-5
-14
0
-2
-14
-18
-17
-20
-13
-11
-19
-27
-14
-6
-11
-1
4
2
2
4
2
-10
-3
1
-18
-15
-10
-13
-10
-21
-18
-11
-19
-13
-8
-12
-11
-8
-8
2
10
3
5
9
2
1
8
0
-11
9
-1
-14
-2
-12
-8
-10
-19
-7
-4
-5
-3
-4
-6
-1
-4
6
3
2
12
22
24
10
7
1
-2
2
0
12
-3
-1
2
-6
5
6
3
-1
12
12
0
7
19
27
27
18
23
28
25
14
26
30
15
8
-5
-4
14
14
7
6
11
1
7
23
10
16
25
33
25
29
30
26
24
20
31
20
14
0
-9
-2
-7
3
-6
-8
0
-7
-3
3
7
9
20
9
9
19
18
21
19
27
6
0
9
3
16
7
-3
-8
-13
-19
-17
-13
-4
-6
-8
-2
-3
14
8
5
6
20
21
3
10
12
12
-1
-24
-27
-24
-16
-25
-15
-8
-9
-19
-18
-13
-16
-2
-18
-15
2
5
21
29
20
-9
-11
6
7
19
12
-13
-23
-19
-8
-6
-10
-16
-31
-35
-24
-7
7
6
4
9
2
13
31
27
25
17
8
12
16
5
-4
-24
-30
-6
-17
-29
-24
-31
-25
4
16
8
4
14
15
8
10
23
32
26
25
16
11
5
-12
-24
-23
-19
-6
-1
-2
3
-13
-4
20
-1
-42
-53
-1
46
90
118
76
4
-23
5
49
67
35
-3
-19
-6
21
30
-6
-34
-50
-42
10
79
100
31
-21
-20
50
101
84
37
-19
-37
-11
39
70
40
-15
-85
-75
-14
13
16
-36
-71
-57
-10
34
52
31
17
-4
-11
13
30
25
13
17
34
24
-9
-50
-71
-49
-27
-12
-21
-32
-24
-3
22
27
18
-29
-73
-42
12
67
95
55
17
-2
-8
0
-34
-76
-91
-92
-17
66
96
38
-50
-87
-79
-7
56
59
9
-28
-11
62
124
126
37
-79
-144
-127
-46
23
47
-20
-68
-93
-71
7
23
0
-47
-73
-82
-32
22
26
38
36
27
1
-13
-50
-75
-34
-2
11
18
-9
-23
19
24
32
17
-36
-68
-53
0
54
101
76
25
5
0
14
30
1
-19
-29
-17
20
47
3
-70
-70
-26
28
65
38
-32
-64
-66
-5
77
86
48
-12
-47
-11
50
72
44
-25
-96
-75
-36
25
105
100
16
-54
-75
-91
-27
7
12
57
75
43
20
8
-18
-3
22
32
26
1
-32
-39
-4
41
47
30
-6
-44
-51
-19
16
37
44
10
-17
20
78
61
23
-7
-60
-62
-6
26
43
56
16
-41
-30
-16
-30
-11
5
-7
-3
21
18
-5
3
-18
-32
20
26
16
13
-51
-96
-4
24
35
81
-8
-124
-110
-46
27
152
103
-61
-99
-109
-99
56
158
75
29
-12
-95
-32
25
-56
-37
36
41
84
78
-38
-91
-54
-21
42
75
4
-84
-91
38
151
133
43
-103
-172
-91
28
89
120
55
-98
-114
9
53
51
30
-66
-53
73
32
-43
-6
-59
-67
110
158
34
-45
-151
-168
50
202
100
-54
-142
-139
42
181
171
50
-180
-276
-117
118
287
193
-118
-237
-143
-42
164
233
0
-117
-92
-105
60
154
-92
-174
-64
-7
177
227
-78
-225
-158
-103
132
304
95
-91
-207
-250
77
317
163
41
-138
-353
-139
86
85
187
63
-193
-43
76
-63
39
64
-191
-55
139
0
126
229
-137
-219
-63
-122
60
213
-43
-116
4
-46
47
195
46
-169
-231
-123
71
281
292
3
-275
-222
-103
-51
166
212
-37
-134
-41
-44
25
119
-94
-161
114
139
53
66
-155
-326
-20
159
60
128
71
-143
-34
181
61
-135
-218
-173
87
375
285
-15
-204
-405
-392
130
490
269
-33
-278
-404
-69
353
284
108
2
-380
-391
285
528
182
53
-282
-619
53
596
145
12
-34
-557
-235
516
363
155
68
-623
-492
569
501
47
163
-369
-592
233
359
113
346
-33
-655
-365
195
234
48
110
71
-252
-164
-43
-444
-221
487
333
82
202
-373
-735
48
417
358
550
-228
-991
-77
563
241
311
-125
-920
-571
89
418
702
298
-438
-473
186
765
540
6
-598
-1190
-230
989
444
473
756
-1046
-1488
388
401
-56
613
-278
-716
723
82
-883
437
20
-958
633
870
-304
38
-552
-1235
378
876
134
504
-127
-1079
-75
451
-57
80
-288
-645
229
578
514
329
-770
-852
206
284
684
1143
-595
-1495
-272
24
480
1735
840
-959
-1249
-1023
-117
1296
1159
91
-416
-1034
-1159
214
1163
794
189
-509
-716
-30
257
59
245
-36
-691
-319
489
747
530
-490
-1432
-867
410
1138
1099
279
-682
-1036
-742
82
1032
1322
128
-1317
-823
260
442
799
380
-1004
-717
384
471
544
422
-453
-922
-545
419
1302
911
-453
-1124
-618
29
372
751
636
-266
-924
-583
398
592
-108
-10
202
-508
-290
403
4
45
303
-227
-99
58
-493
-58
450
-105
11
426
-100
-369
20
-4
-143
73
49
147
416
26
-289
-23
-422
-732
336
1044
689
281
-500
-1268
-740
359
927
1074
503
-575
-1255
-1032
155
1151
1047
381
-593
-1204
-368
568
495
352
-118
-787
-309
468
388
331
6
-1207
-1071
955
1361
-3
-210
-521
-1341
-171
1109
669
517
-13
-1023
-372
198
-115
349
191
-619
-8
593
204
55
-291
-970
-653
644
1497
963
-254
-935
-1107
-730
799
1597
321
-112
160
-1306
-1181
1173
905
-248
206
-455
-747
530
313
67
431
-849
-689
1003
287
-188
545
-979
-1481
997
1353
14
154
-325
-1366
-524
749
899
545
-42
-682
-941
-225
748
337
-196
456
291
-580
-308
33
-187
-29
252
534
868
202
-760
-393
-122
-383
651
1019
-604
-707
477
-57
-446
539
299
-881
-354
974
668
-372
-374
-381
-372
642
689
-157
13
-294
-821
191
293
-410
301
351
-479
-171
308
398
93
-700
-237
625
-25
-301
215
-85
24
437
-304
-470
157
-266
-256
955
448
-751
156
140
-1027
378
1195
-339
-230
231
-409
94
79
-610
271
484
-58
413
159
-598
-582
-306
194
468
532
461
-737
-1263
-93
49
-284
662
900
-36
-605
-744
-520
1
256
500
1053
738
-576
-838
-472
-643
134
1147
684
252
67
-613
-462
-249
-655
103
1145
865
149
-303
-420
-400
-599
-239
849
1237
326
-823
-725
72
-206
-433
597
394
-777
-41
540
-324
2
277
-802
-296
828
278
337
687
-430
-504
418
61
24
458
-251
-416
227
6
135
445
-513
-732
169
170
-107
7
42
205
166
-15
-4
-376
-414
300
312
55
578
310
-796
-675
104
141
116
294
88
-84
18
-45
-11
77
-134
-149
118
409
569
276
-183
-559
-797
-221
406
121
254
353
-689
-850
-46
-156
118
842
126
-445
275
299
-390
-178
292
-9
24
714
405
-396
-164
-252
-493
741
1150
-22
-205
-318
-991
-89
831
145
83
341
-701
-911
289
178
-503
198
376
-310
252
498
-655
-608
7
-491
-71
941
158
-875
-501
-273
-445
208
772
220
-347
-293
106
557
389
-119
239
569
-70
-58
573
120
-485
-55
186
-75
-49
-278
-778
-603
-47
201
161
-72
-424
-560
-229
14
-114
266
603
-85
-408
143
253
-83
-319
-156
489
375
-281
56
128
-617
-193
643
197
-54
415
-105
-678
117
510
-37
-42
82
10
314
322
11
98
99
-6
225
451
535
240
-298
-194
208
235
209
48
-190
-148
-114
-135
40
171
149
130
42
51
273
243
-89
-119
52
25
59
99
-115
-228
-254
-170
103
104
5
126
34
-154
16
278
405
139
-248
82
443
93
-61
191
222
106
-124
-280
21
284
61
-217
-148
-13
-93
-187
-184
-209
-163
-82
-9
59
-18
-112
-164
-262
-184
100
132
-102
-266
-225
-100
-158
-234
-73
30
-59
-228
-422
-425
-335
-441
-546
-226
176
42
-92
152
90
-8
337
526
685
915
634
350
439
349
263
292
-56
-430
-517
-765
-1203
-1417
-1519
-1752
-1915
-2015
-2054
-1886
-1838
-1980
-1812
-1527
-1458
-1234
-831
-504
-240
-188
-113
338
765
1016
1239
1413
1612
1762
1855
1994
1892
1663
1725
1761
1549
1477
1436
1051
626
474
375
284
260
44
-172
-91
-54
-118
63
313
467
586
713
1063
1430
1552
1637
1930
2303
2546
2737
2883
2881
2810
2799
2784
2833
2963
2839
2546
2381
2334
2388
2390
2327
2326
1929
726
-1007
-2934
-4475
-5098
-5047
-4606
-4532
-5645
-7371
-8909
-9838
-9367
-7832
-6482
-5569
-5181
-5321
-5193
-4376
-3007
-1139
560
1606
2142
2217
2205
2508
2926
3570
4498
5053
4979
4546
3737
2665
1922
1689
1565
1319
992
348
-609
-1612
-2458
-2858
-2872
-2902
-3104
-3375
-3848
-4410
-4400
-3611
-2720
-1977
-1054
-464
-478
-79
890
1604
2386
3484
4171
4470
4717
4700
4576
4503
4287
4078
3871
3331
2543
1737
743
-311
-999
-1263
-1529
-1939
-2224
-2551
-3072
-3235
-2878
-2412
-1766
-844
10
664
1334
1898
2480
3514
4513
5027
5596
6237
6407
6307
6405
6476
6270
6006
5771
5331
4832
4494
3985
3343
2831
2204
1393
428
-1053
-2933
-4934
-7179
-9103
-9921
-9954
-9926
-10040
-10603
-11709
-12674
-12646
-11348
-9322
-7165
-5273
-4102
-3420
-2376
-902
694
2678
4665
5827
6198
6132
5859
5697
5712
5748
5689
5417
4789
3638
2126
714
-393
-1288
-2063
-2541
-2806
-3387
-4196
-4768
-5282
-5729
-5661
-5187
-4610
-4122
-3787
-3289
-2586
-1676
-352
967
2074
3080
3697
4172
4872
5350
5702
6136
6282
6077
5667
5040
4291
3427
2388
1450
628
-290
-1296
-2269
-3206
-4102
-4647
-4781
-4727
-4417
-4011
-3713
-3255
-2559
-1716
-506
963
2426
3754
4804
5756
6586
7266
8056
8781
9313
9770
9758
9310
8768
7977
7254
6707
5767
4819
4032
2855
1807
1150
288
-639
-1434
-2832
-5043
-7478
-9802
-11969
-13160
-12608
-11596
-11339
-11431
-11995
-12910
-12723
-11052
-8426
-5263
-2583
-1010
-191
542
1726
3411
5466
7431
8399
8287
7627
6484
5286
4638
4177
3642
3077
1992
312
-1544
-3476
-5091
-5915
-6231
-6411
-6346
-6019
-5944
-6172
-6140
-5857
-5473
-4438
-2740
-1128
152
1018
1486
2130
3176
4529
6134
7304
7693
7557
6871
5996
5546
5417
5281
4889
3873
2314
617
-916
-2059
-2853
-3424
-3898
-4398
-5124
-5979
-6443
-6311
-5774
-4843
-3577
-2421
-1492
-578
384
1484
2838
4426
5992
7274
8334
9037
9240
9351
9462
9379
9365
9223
8557
7619
6552
5277
4051
3056
2134
1260
424
-475
-1308
-1893
-2334
-2743
-3131
-3515
-3841
-3944
-4245
-5248
-6620
-8150
-9693
-10087
-8889
-7265
-6092
-5686
-6204
-7053
-7167
-5958
-3600
-961
1058
1965
1833
1439
1422
1903
3026
4234
4616
4102
2905
1224
-179
-895
-1151
-1106
-1195
-1772
-2689
-3760
-4694
-5194
-5058
-4419
-3718
-2961
-2047
-1402
-1092
-687
-262
209
1000
2006
2883
3409
3618
3638
3632
3794
4099
4280
4203
3847
3164
2340
1592
955
568
308
-46
-426
-936
-1686
-2392
-2911
-3192
-3110
-2775
-2495
-2476
-2569
-2589
-2397
-1847
-879
138
964
1758
2465
2980
3534
4262
4925
5526
6168
6595
6662
6502
6167
5800
5513
5237
4926
4441
3638
2707
1889
1101
507
185
-193
-716
-1268
-1566
-1540
-1407
-1000
-420
-147
24
195
177
440
995
1326
1405
555
-1525
-3617
-5414
-6711
-6366
-5146
-4745
-5214
-6435
-8198
-9263
-8831
-7131
-4938
-3122
-2122
-2079
-2442
-2174
-1251
92
1850
3105
3309
2909
2081
1163
669
685
1107
1479
1369
708
-452
-1598
-2377
-2895
-2783
-2223
-2000
-1650
-1092
-1196
-1357
-930
-562
-47
986
1894
2305
2268
1978
1793
1942
2600
3430
3696
3452
2850
1744
811
573
670
897
968
502
-296
-1194
-2048
-2438
-2376
-2115
-1722
-1617
-1917
-2334
-2683
-2671
-2080
-1077
115
1099
1569
1927
2324
2715
3412
4342
5215
5957
6352
6223
5826
5410
5054
4823
4660
4475
3993
3193
2358
1471
692
303
-30
-480
-755
-1097
-1485
-1358
-851
-340
154
584
771
917
1300
1776
2186
2564
2807
2740
2486
1659
-283
-2687
-5024
-7242
-8233
-7675
-7146
-7365
-8143
-9688
-11194
-11248
-9739
-7282
-4574
-2556
-1722
-1633
-1389
-405
1313
3608
5711
6548
6248
5286
3925
2904
2672
2817
2901
2553
1465
-201
-1939
-3341
-4313
-4703
-4492
-4164
-3871
-3278
-2859
-2762
-2283
-1537
-684
614
1930
2768
3189
3209
3067
3154
3544
4061
4453
4318
3571
2517
1369
350
-131
-61
-95
-417
-932
-1854
-2861
-3301
-3250
-2923
-2275
-1709
-1640
-1891
-2091
-1965
-1388
-335
950
2008
2663
2972
3100
3309
3739
4339
5045
5679
5916
5767
5384
4803
4175
3697
3407
2994
2417
1766
950
99
-472
-796
-1041
-1043
-1117
-1488
-1753
-1807
-1720
-1143
-224
522
1161
1698
2002
2258
2706
3070
3175
3459
3748
3614
3325
2562
287
-2620
-5220
-7951
-9460
-8798
-7896
-7905
-8479
-9861
-11487
-11679
-9858
-6799
-3592
-1075
122
57
145
1235
3005
5339
7502
8285
7676
6278
4519
3083
2445
2274
1873
1059
-108
-1900
-3927
-5251
-6118
-6613
-6026
-5050
-4589
-3937
-3138
-2847
-2280
-978
446
1872
3351
4348
4539
4310
4075
3959
4146
4421
4267
3622
2449
964
-196
-961
-1477
-1532
-1477
-1860
-2261
-2516
-2848
-2819
-2325
-1812
-1223
-501
-124
-9
190
302
415
830
1504
2074
2493
2821
2804
2597
2669
2919
3176
3619
3970
3900
3595
3202
2748
2381
2176
2112
1900
1438
931
264
-422
-699
-610
-414
-205
-137
-321
-454
-219
318
1040
1776
2204
2353
2499
2707
3022
3418
3569
3317
2832
2306
1983
1940
1961
1891
1139
-1162
-4326
-7197
-9718
-11056
-10163
-8584
-8059
-8167
-8892
-10237
-10330
-8214
-5099
-1875
918
2210
2182
2296
3041
4199
5896
7535
7890
6860
5063
2867
821
-445
-1009
-1357
-1828
-2752
-4299
-6004
-7120
-7553
-7407
-6310
-4819
-3914
-2970
-1737
-956
-71
1578
3064
4149
5327
6059
5865
5440
5246
4884
4508
4415
3848
2487
1108
-316
-1800
-2541
-2741
-2936
-2934
-3003
-3359
-3442
-3154
-2659
-1771
-708
140
803
1312
1509
1474
1614
1972
2279
2614
2938
2825
2336
1925
1702
1687
1884
2169
2376
2221
1827
1587
1379
1296
1575
1838
1880
1804
1501
1109
956
935
995
1192
1267
1146
977
795
670
852
1249
1596
1943
2204
2050
1603
1393
1367
1423
1807
2150
1988
1575
1012
352
207
569
974
1222
367
-2132
-5110
-7785
-9888
-10047
-8236
-6630
-6140
-6489
-7739
-8961
-8455
-6029
-2852
146
2219
2770
2332
2045
2427
3477
4899
5908
5772
4473
2478
416
-1228
-2086
-2252
-2234
-2413
-3035
-4223
-5474
-6131
-6213
-5517
-3877
-2391
-1513
-428
567
1006
1894
3393
4399
5066
5756
5842
5191
4585
4198
3643
3125
2658
1715
301
-1076
-2348
-3360
-3757
-3761
-3569
-3274
-3163
-3156
-2969
-2519
-1744
-738
369
1409
1996
2254
2429
2320
2166
2417
2656
2570
2513
2328
1838
1443
1332
1237
1076
1157
1365
1337
1300
1343
1257
1195
1310
1487
1623
1714
1718
1689
1526
1346
1356
1362
1457
1636
1663
1608
1658
1738
1951
2286
2381
2257
2083
1786
1427
1169
1005
738
333
37
-135
-322
-358
-63
311
538
715
590
-628
-2809
-4943
-6871
-8287
-7875
-6300
-5581
-5655
-6170
-7543
-8424
-7360
-5079
-2521
-142
1175
1145
756
867
1622
2981
4467
5060
4517
3278
1601
59
-692
-843
-919
-1020
-1302
-2145
-3408
-4351
-4738
-4749
-4094
-2762
-1769
-1287
-490
246
590
1441
2675
3403
3859
4375
4506
4026
3599
3386
2936
2404
1931
1185
107
-1052
-2095
-2857
-3301
-3294
-2915
-2626
-2491
-2271
-2120
-1853
-1067
-82
881
1770
2269
2370
2260
2024
1906
2098
2310
2243
2019
1688
1107
539
442
478
362
538
861
902
927
1080
1206
1406
1755
2184
2539
2580
2489
2479
2343
2166
2230
2281
2152
1937
1614
1205
920
1003
1222
1179
1008
872
571
283
382
515
397
322
334
227
243
627
930
1080
1509
1856
1732
1691
1019
-1273
-3897
-6081
-8146
-8644
-7093
-5888
-5928
-6355
-7525
-8936
-8384
-5797
-3035
-601
1286
1551
928
1169
2190
3401
4943
5985
5465
4034
2548
971
-446
-1143
-1404
-1746
-2109
-2592
-3697
-4967
-5591
-5710
-5216
-3720
-2150
-1370
-508
460
885
1667
3167
4226
4793
5312
5229
4476
3855
3488
2927
2322
1725
700
-672
-1935
-3111
-4030
-4389
-4311
-3900
-3395
-3099
-2908
-2568
-1951
-911
395
1602
2499
2916
2946
2833
2673
2590
2689
2696
2377
1888
1306
689
243
66
44
14
118
442
750
917
1085
1337
1594
1923
2402
2834
2916
2778
2668
2453
2262
2351
2522
2481
2214
1712
1051
689
707
935
1275
1436
1272
933
697
684
791
1043
1202
972
740
754
747
937
1516
1961
2002
1946
1685
441
-1865
-4354
-6760
-8814
-9016
-7555
-6616
-6644
-7202
-8557
-9590
-8524
-5742
-2716
-167
1281
1336
1008
1520
2814
4422
5867
6287
5427
3953
2364
823
-271
-916
-1469
-1965
-2421
-3153
-4297
-5390
-5953
-6025
-5427
-3978
-2591
-1859
-1090
-163
493
1558
3182
4267
4663
4864
4706
4181
3855
3768
3376
2646
1805
632
-700
-1768
-2675
-3355
-3556
-3553
-3355
-2940
-2703
-2476
-1908
-1175
-262
857
1838
2532
2877
2916
2864
2767
2613
2521
2342
1884
1418
1043
681
396
314
369
313
340
603
894
1221
1583
1851
2159
2472
2620
2873
3120
2992
2841
2775
2439
2143
2104
1892
1547
1276
1000
726
674
906
1023
784
481
213
-47
52
458
733
766
672
569
527
792
1283
1465
1404
1464
1452
1415
1509
579
-1894
-4676
-7221
-9193
-9127
-7438
-6437
-6616
-7342
-8626
-9401
-7983
-4952
-2048
95
1297
1363
1198
1996
3328
4511
5475
5697
4868
3610
2349
872
-641
-1714
-2311
-2631
-2742
-3073
-4066
-5241
-5913
-5956
-5068
-3289
-1834
-1171
-534
104
679
1941
3594
4575
4903
4869
4535
4029
3602
3380
2986
2185
1193
120
-1117
-2310
-3191
-3716
-3925
-3800
-3234
-2681
-2378
-1907
-1318
-701
344
1650
2615
3203
3504
3472
3217
2914
2718
2527
2146
1708
1289
685
63
-323
-503
-448
-214
116
534
939
1197
1462
1823
2254
2647
3013
3401
3464
3142
2846
2663
2406
2364
2457
2265
1811
1238
761
513
511
842
1136
891
575
395
54
175
800
943
719
649
448
286
721
1305
1479
1600
1799
1664
1519
1147
-714
-3529
-6018
-8325
-9471
-8294
-6710
-6598
-7169
-8095
-9311
-8986
-6441
-3376
-1059
586
1235
1080
1526
2818
3992
4868
5520
5216
4053
2894
1513
-329
-1750
-2471
-2893
-2987
-3040
-3848
-5298
-6280
-6563
-6097
-4440
-2545
-1648
-1017
12
741
1674
3451
4744
4943
5068
5144
4619
4086
3923
3376
2401
1565
626
-542
-1620
-2656
-3556
-3903
-3774
-3339
-2644
-2048
-1749
-1403
-758
211
1424
2557
3355
3693
3675
3504
3216
2957
2838
2596
2064
1546
1108
474
-126
-338
-404
-504
-339
178
630
892
1204
1527
1821
2099
2468
2976
3266
3192
3059
2893
2441
2130
2189
2186
1967
1639
1160
572
272
431
681
884
997
703
258
158
249
311
557
793
801
890
1111
1255
1307
1407
1433
1408
1446
765
-1398
-4200
-6868
-9289
-9977
-8358
-6726
-6455
-6842
-7941
-9259
-8755
-6097
-2996
-469
1358
2004
1848
2200
3164
3974
4681
5144
4656
3551
2310
642
-1297
-2657
-3203
-3298
-3161
-3250
-4082
-5342
-6193
-6189
-5226
-3411
-1619
-549
319
1298
2089
3056
4376
5189
5304
5453
5520
5015
4240
3517
2577
1532
821
221
-656
-1834
-3078
-4072
-4480
-4170
-3335
-2439
-1836
-1444
-1078
-555
340
1525
2568
3219
3612
3689
3340
2866
2503
2144
1758
1441
1176
756
156
-389
-644
-627
-448
10
630
1029
1197
1403
1678
1837
2097
2598
2988
3088
2998
2734
2248
1769
1528
1538
1599
1538
1249
704
164
52
412
922
1452
1679
1423
1116
1052
1181
1470
1705
1695
1531
1337
1180
1124
1270
1428
1338
1278
790
-1155
-3966
-6559
-8977
-10214
-9052
-7234
-6607
-6814
-7679
-8949
-8915
-6621
-3384
-628
1253
1994
1781
1841
2753
3744
4518
5050
4724
3676
2431
840
-1035
-2531
-3352
-3599
-3346
-3155
-3702
-4860
-5697
-5892
-5387
-3686
-1577
-488
210
1314
2066
2777
4154
5206
5370
5388
5387
4979
4247
3515
2714
1741
927
295
-588
-1714
-2941
-4021
-4490
-4312
-3640
-2704
-1976
-1608
-1199
-663
47
1153
2330
3247
3769
3868
3651
3097
2367
1949
1715
1357
1084
823
265
-404
-834
-845
-593
-251
356
959
1275
1510
1778
2043
2381
2681
2996
3366
3277
2950
2821
2492
2055
1933
1884
1607
1199
814
478
192
309
820
1003
932
925
554
191
480
844
839
799
653
333
309
693
1064
1186
1278
1235
1022
842
-212
-2732
-5428
-7780
-9685
-9413
-7348
-6205
-6339
-6924
-8183
-8915
-7369
-4266
-1349
714
1924
2148
2091
2782
3846
4462
4854
4922
4205
3138
1894
130
-1779
-3055
-3516
-3347
-2945
-2988
-3860
-5024
-5645
-5489
-4263
-2160
-516
397
1467
2336
2799
3762
4856
5165
5186
5378
5231
4467
3468
2414
1222
178
-349
-814
-1760
-3004
-4282
-5178
-5265
-4531
-3348
-2233
-1552
-1169
-759
-102
986
2243
3264
3927
4184
4029
3589
2870
2176
1731
1290
1030
1017
699
-71
-759
-1142
-1236
-923
-126
800
1325
1568
1813
2036
2236
2566
3038
3454
3529
3307
3053
2643
2049
1806
1943
2024
1953
1632
966
235
-135
70
601
1061
1198
833
245
15
78
155
335
440
290
322
661
917
1156
1379
1395
1433
1411
280
-2158
-4840
-7477
-9398
-8947
-6869
-5785
-5914
-6613
-8141
-8995
-7418
-4392
-1641
439
1574
1690
1789
2550
3501
4107
4558
4645
4027
3190
2138
312
-1747
-2982
-3423
-3305
-2808
-2836
-3906
-5204
-5936
-5845
-4590
-2526
-929
-10
1073
1992
2489
3408
4424
4626
4649
5027
5033
4370
3382
2218
914
-128
-586
-895
-1663
-2810
-3943
-4830
-4991
-4208
-3041
-1958
-1032
-367
157
847
1774
2703
3458
4087
4522
4511
4070
3315
2383
1622
1141
859
775
530
-191
-865
-1161
-1218
-934
-162
759
1349
1743
2127
2421
2516
2695
3064
3361
3459
3387
3165
2637
1979
1576
1439
1329
1194
956
533
150
87
281
499
597
487
213
56
278
664
846
813
677
427
409
775
1092
1323
1473
1305
1120
861
-493
-2963
-5486
-7855
-9547
-9103
-7263
-6330
-6433
-6875
-7875
-8303
-6584
-3651
-1113
816
2046
2354
2536
3226
3924
4229
4351
4265
3715
2810
1572
-300
-2485
-3974
-4439
-4227
-3653
-3466
-4193
-5133
-5621
-5424
-4133
-2153
-628
444
1690
2730
3330
4106
4848
4886
4715
4897
4863
4176
3153
1896
463
-706
-1264
-1549
-2097
-2916
-3742
-4375
-4567
-4008
-2950
-1903
-868
141
891
1508
2167
2792
3325
3826
4251
4330
3829
2882
1816
877
234
-16
16
-108
-537
-1014
-1278
-1331
-1090
-340
632
1509
2224
2725
3001
3036
2936
3110
3478
3505
3391
3251
2662
1859
1459
1322
1146
1048
949
644
323
333
537
588
668
792
658
641
1041
1265
1083
910
767
555
739
1361
1696
1671
1669
1441
1023
793
-329
-2879
-5471
-7709
-9520
-9281
-7451
-6568
-6653
-6885
-7698
-8083
-6516
-3841
-1497
313
1666
2296
2580
3257
3884
3870
3784
3779
3254
2431
1378
-521
-2767
-4216
-4667
-4490
-3982
-3747
-4307
-5256
-5704
-5342
-4195
-2423
-747
491
1809
3003
3664
4332
4859
4751
4631
4831
4748
4094
3001
1558
87
-984
-1480
-1735
-2235
-3028
-3909
-4537
-4446
-3722
-2664
-1424
-367
436
1272
2008
2549
3144
3563
3828
4182
4216
3662
2793
1762
744
68
-119
-38
-199
-624
-959
-1171
-1248
-836
41
990
1794
2509
3145
3378
3302
3390
3548
3615
3910
4098
3660
2936
2068
1157
665
548
496
364
64
-179
-198
-124
199
595
620
686
1021
1261
1526
1625
1289
949
768
850
1315
1790
2035
1851
1266
590
-783
-3147
-5353
-7374
-9250
-9323
-7981
-7258
-7072
-7168
-7972
-8305
-6926
-4376
-1764
393
1857
2451
2629
3200
3933
4171
4256
4172
3458
2469
1268
-447
-2338
-3813
-4470
-4397
-4100
-3932
-4280
-5121
-5556
-5208
-4212
-2427
-518
762
1977
3208
3868
4436
5013
5054
4872
4827
4635
4071
3043
1723
468
-670
-1486
-1853
-2354
-3263
-4049
-4443
-4613
-4153
-2962
-1816
-888
217
1206
1733
2334
3048
3444
3862
4400
4387
3863
3109
1976
884
279
-49
-300
-456
-726
-1109
-1300
-1200
-885
-333
464
1343
2126
2762
3117
3175
3201
3231
3395
3652
3651
3342
2938
2362
1749
1490
1381
1177
993
769
471
234
122
237
324
310
535
618
485
728
864
632
790
1062
972
1182
1554
1476
1353
1528
1588
1407
1304
687
-1449
-4185
-6437
-8753
-10011
-8940
-7628
-7289
-6935
-7110
-8029
-7781
-5956
-3663
-1298
882
2398
2982
3287
3780
3889
3764
4023
3949
3298
2626
1220
-1092
-3135
-4516
-5185
-4835
-4166
-4073
-4526
-5168
-5540
-5277
-4017
-2082
-440
1064
2743
3793
4310
4945
5147
4804
4792
5023
4848
4251
3274
1827
172
-1083
-1816
-2470
-3135
-3744
-4351
-4695
-4472
-3850
-2989
-1901
-815
378
1656
2691
3476
4020
4331
4598
4877
4836
4316
3428
2232
996
107
-384
-839
-1333
-1646
-1903
-2030
-1819
-1295
-640
142
1040
2013
2913
3460
3808
4047
4112
4164
4360
4304
3873
3382
2734
2050
1614
1229
742
238
-213
-468
-544
-536
-367
-243
-300
-264
-158
-157
-118
-9
137
431
836
1294
1771
2039
2091
2050
2056
2160
2124
1970
1462
-344
-3201
-5845
-8370
-10283
-10033
-8651
-7979
-7631
-7618
-8402
-8696
-7334
-4861
-2230
263
2376
3527
3984
4528
4772
4560
4560
4656
4423
3890
2701
543
-1988
-4109
-5178
-5162
-4678
-4368
-4671
-5391
-5891
-5809
-4886
-3079
-1313
133
1995
3639
4405
5079
5507
5140
4862
5219
5534
5330
4572
3195
1391
-233
-1218
-1689
-2165
-2884
-3746
-4688
-5391
-5464
-4792
-3666
-2302
-678
801
1775
2492
3091
3574
4175
4949
5509
5551
4957
3770
2435
1230
165
-512
-905
-1448
-1970
-2193
-2370
-2398
-1933
-1149
-191
972
2075
2871
3438
3690
3775
4026
4282
4339
4372
4261
3667
2858
2135
1353
501
-56
-241
-430
-611
-518
-505
-742
-757
-522
-351
-65
515
984
1073
1203
1523
1614
1882
2535
2837
2817
2917
2684
2060
1326
-371
-3105
-5745
-8139
-9926
-9828
-8688
-8176
-8062
-8180
-8793
-8782
-7098
-4562
-2157
112
1964
2979
3648
4417
4799
4600
4468
4378
3898
3157
2010
-14
-2464
-4267
-5129
-5199
-4727
-4395
-4720
-5342
-5662
-5465
-4455
-2724
-1064
416
2125
3502
4258
4907
5150
4715
4440
4669
4780
4544
3982
2841
1275
-82
-920
-1533
-2226
-2985
-3776
-4474
-4738
-4360
-3533
-2570
-1566
-463
599
1440
2230
3041
3551
3968
4567
4818
4488
3872
2988
1827
849
301
-130
-690
-1171
-1503
-1824
-1972
-1715
-1217
-571
286
1228
2193
2848
3044
3188
3407
3454
3606
3965
3923
3460
2984
2499
1878
1324
982
577
123
-15
99
57
69
202
-17
-195
25
168
226
434
513
476
581
728
867
997
1156
1248
1326
1742
1975
1661
1429
770
-1317
-3642
-5421
-7523
-8963
-8465
-7619
-7509
-7311
-7262
-7829
-7753
-6137
-3994
-2088
-127
1502
2171
2693
3593
3949
3805
3909
3785
3182
2566
1625
-86
-2028
-3376
-4015
-4167
-3817
-3557
-4072
-4647
-4707
-4622
-3855
-2303
-1183
-250
1264
2536
3243
4041
4537
4276
4048
4320
4575
4267
3605
2766
1469
140
-543
-1077
-1986
-2875
-3528
-3989
-4052
-3532
-2808
-2285
-1641
-658
323
1374
2522
3216
3533
3964
4284
4394
4364
3850
2913
2005
1142
399
-13
-474
-1119
-1612
-1811
-1788
-1665
-1249
-565
35
678
1586
2366
2755
3036
3347
3609
3731
3847
3914
3520
2895
2520
2171
1710
1428
1147
720
508
469
473
393
119
-173
-436
-648
-558
-400
-478
-462
-362
-284
133
772
1194
1625
2060
2179
2237
2382
2324
1954
1545
801
-1072
-3571
-5840
-8259
-10049
-9766
-8787
-8452
-8009
-7860
-8545
-8554
-7041
-4929
-2788
-525
1498
2785
3693
4664
5059
4759
4640
4540
4060
3607
2779
894
-1378
-3162
-4344
-4832
-4633
-4470
-4837
-5347
-5572
-5471
-4843
-3557
-2300
-1023
850
2620
3823
4878
5365
5035
4781
5046
5363
5329
4900
3978
2544
974
-140
-966
-2019
-3028
-3664
-4190
-4428
-3958
-3318
-2866
-2122
-1049
22
1194
2445
3329
3816
4227
4616
4710
4474
3979
3163
2234
1423
780
149
-567
-1303
-1833
-1945
-1799
-1504
-1029
-536
-125
505
1497
2424
2969
3397
3747
3721
3668
3971
4034
3585
3206
2747
1943
1370
1032
454
-91
-358
-548
-643
-519
-374
-438
-553
-480
-311
-85
336
739
986
1286
1658
1864
1996
2096
1858
1483
1451
1443
1162
892
273
-1461
-3903
-6046
-8019
-9624
-9601
-8514
-7976
-7630
-7212
-7525
-7785
-6697
-4765
-2759
-532
1540
2781
3343
3782
4039
3852
3782
3987
3810
3174
2286
721
-1383
-2966
-3812
-4159
-3970
-3648
-3782
-4250
-4560
-4656
-4429
-3501
-2183
-913
694
2355
3300
3884
4274
4136
3985
4326
4724
4813
4548
3824
2678
1402
381
-400
-1186
-1885
-2422
-2865
-3132
-3157
-2994
-2704
-2180
-1332
-250
797
1688
2326
2650
2982
3396
3762
3986
3867
3316
2580
1865
1218
774
354
-137
-518
-846
-1062
-997
-840
-604
-220
265
854
1400
1856
2250
2468
2582
2834
3015
3063
3117
3026
2750
2445
2150
1844
1529
1267
1164
1086
953
845
642
287
-59
-258
-331
-384
-453
-492
-574
-621
-339
149
534
798
936
850
718
703
828
1010
1034
902
604
-275
-2044
-4145
-6098
-7932
-8857
-8300
-7415
-7134
-7058
-7228
-7722
-7459
-5936
-3908
-1967
-178
1295
2182
2761
3363
3702
3653
3698
3796
3555
2942
1882
289
-1498
-2805
-3314
-3327
-3290
-3419
-3877
-4481
-4880
-4875
-4230
-3137
-2023
-705
935
2229
3016
3801
4248
4281
4619
5246
5565
5424
4934
4011
2791
1682
835
51
-809
-1586
-2226
-2794
-3138
-3185
-2967
-2616
-2050
-1167
-279
470
1233
1898
2376
2895
3425
3681
3624
3397
2973
2373
1738
1173
640
74
-310
-441
-588
-748
-770
-731
-653
-311
268
806
1253
1642
1860
1996
2199
2370
2478
2554
2525
2369
2170
1921
1683
1491
1290
1149
1083
1016
941
865
742
527
226
-36
-153
-255
-398
-455
-502
-619
-626
-367
-135
-88
-25
66
89
132
334
572
634
553
496
106
-1035
-2626
-4229
-5846
-6983
-6930
-6301
-6017
-5961
-6010
-6429
-6574
-5744
-4361
-2947
-1523
-165
818
1422
1946
2353
2438
2447
2672
2896
2749
2238
1465
305
-858
-1469
-1659
-1822
-2060
-2392
-2842
-3338
-3611
-3469
-3066
-2551
-1709
-394
859
1758
2495
2906
2941
3131
3764
4391
4663
4649
4230
3461
2635
1977
1388
679
-79
-752
-1303
-1854
-2281
-2381
-2364
-2215
-1602
-814
-317
124
637
1007
1416
1978
2460
2652
2563
2373
2131
1776
1400
1135
861
545
410
425
283
-16
-198
-216
-147
154
688
1014
1065
1073
1077
1108
1248
1468
1698
1889
1902
1920
1937
1711
1433
1349
1341
1402
1632
1786
1676
1359
971
607
291
105
12
-126
-352
-564
-819
-1052
-1192
-1249
-1111
-831
-608
-396
-148
-77
-19
232
504
691
800
779
321
-871
-2367
-3805
-5302
-6168
-5932
-5476
-5327
-5296
-5643
-6344
-6525
-5828
-4662
-3372
-2062
-919
-134
467
1114
1546
1778
2114
2468
2826
3028
2717
1919
952
-30
-604
-646
-644
-833
-1260
-1887
-2505
-2924
-3034
-2767
-2321
-1628
-593
361
1073
1603
1844
1965
2288
2872
3559
4004
4115
3967
3498
2839
2294
1771
1080
457
-27
-471
-881
-1206
-1408
-1564
-1631
-1416
-1025
-745
-478
-161
59
305
657
944
1035
1077
1161
1226
1325
1384
1265
1034
831
741
764
878
928
897
911
982
1080
1215
1275
1156
1055
1025
1066
1142
1175
1140
1007
909
957
1059
1023
916
807
651
578
742
944
927
803
617
338
97
9
-51
-170
-288
-369
-390
-336
-206
-121
-118
-121
-76
25
125
219
246
130
41
100
154
180
228
144
-56
-295
-745
-1554
-2589
-3693
-4622
-4990
-4757
-4335
-4030
-3998
-4291
-4591
-4514
-3992
-3155
-2199
-1308
-519
144
692
1026
1141
1150
1214
1418
1666
1825
1656
1066
331
-242
-647
-764
-699
-734
-908
-1066
-1212
-1401
-1407
-1261
-1005
-486
301
1058
1537
1736
1609
1364
1251
1299
1564
1788
1774
1717
1631
1345
1006
666
227
-133
-213
-62
108
193
119
-58
-217
-212
-9
243
426
542
636
672
620
511
347
107
-7
84
199
265
193
-62
-303
-358
-265
46
413
632
879
1171
1361
1525
1649
1627
1546
1625
1896
2150
2256
2234
2016
1582
1148
890
682
382
61
-246
-640
-1113
-1435
-1629
-1820
-1846
-1672
-1512
-1403
-1284
-1149
-982
-669
-198
317
772
1115
1345
1416
1339
1220
1104
977
883
836
725
422
-27
-441
-843
-1194
-1421
-1568
-1704
-1842
-1872
-1767
-1603
-1430
-1169
-869
-622
-371
-23
324
539
724
953
1089
1113
1092
923
483
-66
-477
-779
-1000
-1040
-1078
-1250
-1510
-1703
-1807
-1869
-1799
-1607
-1411
-1228
-911
-629
-463
-309
-169
-73
84
305
445
461
325
110
-90
-192
-219
-220
-246
-295
-349
-373
-330
-304
-318
-262
-122
77
357
670
914
1011
988
943
913
822
826
886
820
769
732
582
393
235
24
-144
-189
-201
-217
-197
-175
-172
-146
-37
82
189
429
672
813
950
1018
905
787
816
850
863
889
818
602
350
175
28
-148
-256
-301
-425
-501
-496
-537
-568
-510
-375
-195
16
204
323
418
492
625
781
830
758
653
571
521
545
595
554
363
141
-9
-133
-198
-208
-198
-222
-230
-172
-122
-98
-83
-63
13
110
267
410
396
300
172
64
27
96
177
113
-38
-142
-253
-352
-350
-341
-412
-486
-506
-532
-519
-450
-340
-204
-70
71
208
318
381
449
485
524
567
560
490
346
124
-175
-495
-841
-1180
-1457
-1648
-1753
-1797
-1827
-1862
-1881
-1818
-1642
-1378
-1120
-872
-617
-415
-273
-126
20
83
141
224
236
196
162
75
-101
-251
-324
-398
-432
-369
-332
-349
-282
-109
39
164
325
472
546
642
787
805
735
687
608
534
564
548
436
325
157
-40
-187
-271
-315
-311
-264
-225
-202
-180
-133
-81
-10
138
322
554
773
890
961
985
952
945
942
896
837
769
673
557
416
234
126
65
63
185
299
365
403
386
361
442
577
746
917
1006
1013
954
926
907
871
845
803
725
656
571
435
283
150
39
38
51
-10
-70
-147
-249
-268
-194
-146
-70
-25
-33
-57
-57
-29
18
87
149
182
132
33
-85
-245
-394
-467
-457
-384
-341
-337
-394
-539
-644
-606
-461
-257
-40
106
123
-33
-328
-649
-951
-1193
-1258
-1257
-1377
-1530
-1739
-2048
-2324
-2437
-2412
-2287
-2055
-1741
-1470
-1290
-1121
-957
-816
-685
-445
-133
149
390
549
562
411
288
272
298
373
489
528
418
259
77
-138
-306
-334
-249
-133
14
124
112
37
-62
-106
-40
123
322
534
713
803
849
908
903
823
843
915
940
980
1008
927
746
636
577
501
434
376
302
206
152
117
23
-108
-199
-207
-99
114
365
562
691
750
753
787
841
921
1076
1265
1401
1509
1565
1473
1304
1128
962
854
818
817
768
681
584
486
378
284
188
109
86
115
209
282
265
166
52
-96
-207
-208
-168
-149
-151
-200
-307
-397
-453
-448
-384
-313
-196
-77
-36
-47
-122
-250
-354
-401
-375
-290
-205
-185
-289
-497
-735
-940
-1016
-1008
-929
-837
-812
-809
-870
-965
-1131
-1311
-1454
-1545
-1571
-1518
-1471
-1510
-1577
-1652
-1663
-1638
-1568
-1429
-1282
-1153
-963
-745
-586
-448
-338
-277
-217
-106
16
95
170
171
92
18
-44
-76
-73
-50
-31
-20
-40
-68
-113
-155
-161
-103
54
241
410
522
572
570
553
565
678
831
988
1145
1227
1197
1098
996
883
805
803
842
887
909
865
775
660
518
435
420
437
473
559
625
608
607
608
575
597
688
775
825
865
865
830
832
863
876
918
955
971
1001
993
989
962
875
771
654
572
539
485
433
354
245
115
26
5
-40
-98
-115
-101
-141
-134
-127
-188
-266
-297
-322
-362
-388
-418
-487
-548
-531
-518
-541
-561
-578
-612
-616
-579
-563
-598
-652
-688
-727
-713
-679
-656
-679
-706
-711
-780
-855
-943
-1054
-1146
-1155
-1096
-1051
-1025
-1025
-1087
-1116
-1095
-1024
-940
-870
-789
-730
-652
-600
-576
-587
-628
-664
-666
-628
-594
-574
-567
-618
-700
-749
-800
-805
-781
-721
-607
-481
-360
-232
-168
-157
-55
78
215
376
528
574
584
599
587
579
566
594
602
547
524
494
432
387
359
350
402
490
596
699
750
791
838
892
973
1059
1126
1200
1253
1262
1308
1328
1293
1259
1211
1114
1044
1008
957
905
811
689
567
433
344
295
250
244
277
307
357
410
423
429
435
507
634
731
792
819
767
657
561
447
343
247
175
123
53
-15
-78
-185
-306
-398
-484
-531
-496
-448
-422
-386
-382
-426
-468
-478
-505
-512
-465
-432
-446
-486
-549
-665
-784
-868
-952
-974
-943
-900
-859
-856
-900
-968
-985
-976
-899
-745
-569
-404
-304
-250
-283
-384
-431
-454
-471
-456
-437
-456
-523
-595
-686
-790
-854
-807
-727
-618
-460
-345
-298
-295
-263
-232
-158
-52
70
176
221
211
148
37
-107
-193
-219
-204
-154
-108
-97
-174
-284
-338
-364
-362
-279
-164
-54
59
163
240
270
301
365
429
531
677
784
853
880
895
892
869
875
875
819
751
700
647
596
538
493
446
424
429
444
479
525
563
596
633
657
675
683
667
671
695
688
653
575
471
383
322
284
262
262
242
238
230
183
114
49
2
-34
10
70
108
133
121
74
-2
-71
-133
-189
-221
-234
-232
-225
-248
-284
-314
-347
-343
-311
-299
-309
-318
-334
-342
-333
-307
-292
-294
-308
-320
-332
-335
-326
-333
-347
-374
-379
-395
-413
-419
-450
-520
-582
-613
-643
-658
-659
-654
-641
-602
-560
-515
-451
-387
-324
-205
-85
3
68
101
124
132
149
178
185
184
149
80
6
-64
-125
-163
-179
-169
-147
-158
-169
-188
-200
-168
-104
-37
42
123
184
247
280
290
298
279
285
307
339
377
355
328
287
238
235
249
260
259
255
210
172
150
128
130
158
189
202
210
185
142
96
49
33
20
41
91
114
136
139
144
139
118
87
80
91
110
149
199
191
175
164
121
107
92
100
102
111
133
147
122
89
47
-18
-65
-91
-104
-132
-155
-215
-264
-298
-317
-275
-216
-141
-65
6
68
99
128
172
197
203
265
296
279
254
191
87
-33
-93
-142
-167
-184
-207
-227
-251
-261
-266
-268
-277
-265
-209
-169
-112
-49
-18
-32
-50
-46
-63
-72
-86
-91
-102
-112
-84
-83
-100
-120
-133
-141
-141
-105
-78
-56
-26
19
35
17
14
-12
-26
4
56
103
145
158
154
148
126
117
120
143
151
156
140
101
59
12
-25
-30
-16
13
51
48
41
24
4
-8
-6
-2
11
23
39
58
39
18
-21
-68
-82
-74
-59
-39
-23
-20
-16
-24
-45
-31
-8
13
59
88
103
106
88
76
75
79
104
101
118
137
139
133
100
79
40
18
12
4
-10
-35
-69
-111
-124
-120
-99
-77
-82
-85
-85
-63
-29
-24
-5
-27
-66
-88
-113
-125
-104
-75
-69
-65
-69
-73
-91
-115
-108
-94
-66
2
41
53
48
42
5
-22
-3
15
37
61
92
68
44
11
-25
-56
-79
-90
-91
-64
-36
-19
-29
-37
-50
-59
-37
-14
34
79
103
136
141
127
106
76
43
18
-3
-13
-28
-73
-129
-176
-211
-227
-204
-188
-163
-159
-130
-105
-80
-33
8
27
41
73
98
118
138
150
138
123
113
93
52
24
-11
-57
-86
-84
-74
-91
-107
-127
-158
-167
-128
-84
-31
19
58
86
99
121
134
143
149
139
135
145
139
122
101
86
68
50
36
13
0
-4
8
29
77
112
136
146
160
175
187
184
194
190
178
176
175
180
153
129
85
36
11
9
-12
-26
-33
-35
-37
-36
-15
5
17
47
75
90
98
117
121
107
88
65
52
35
13
-37
-71
-92
-126
-165
-198
-222
-240
-236
-246
-259
-253
-247
-260
-251
-205
-163
-115
-71
-12
18
45
83
96
107
133
148
141
126
114
63
12
-22
-52
-80
-114
-141
-169
-182
-178
-150
-134
-125
-121
-123
-102
-84
-82
-75
-79
-96
-95
-95
-101
-114
-149
-165
-172
-154
-138
-133
-149
-151
-125
-118
-62
-1
44
89
103
112
110
86
68
44
42
47
47
42
18
-21
-71
-96
-104
-99
-68
-37
-12
14
23
27
39
57
87
133
178
234
279
286
281
287
267
259
258
271
283
278
272
244
200
159
97
60
33
15
28
10
15
6
-7
-14
-25
-24
-27
-1
29
70
104
138
136
114
118
86
88
97
104
106
95
86
23
-20
-63
-89
-98
-113
-108
-124
-117
-117
-126
-135
-152
-126
-101
-57
-5
22
50
56
48
30
16
3
-7
-21
-12
-22
-42
-63
-99
-132
-149
-149
-151
-144
-121
-105
-102
-91
-77
-71
-81
-82
-62
-47
-28
2
9
17
6
5
-20
-49
-52
-69
-66
-77
-66
-69
-85
-99
-121
-138
-141
-118
-106
-90
-64
-48
-32
-23
-9
32
50
72
92
96
121
103
91
92
77
65
50
29
6
-18
-23
-32
-17
1
8
15
13
28
43
52
61
82
87
99
103
93
91
65
61
52
44
43
39
32
30
29
43
55
66
99
108
119
123
143
137
142
146
137
129
109
108
78
60
30
-8
-21
-27
-39
-36
-42
-59
-61
-82
-89
-105
-99
-92
-86
-67
-48
-27
-21
-19
-22
1
40
80
103
110
105
95
66
37
-1
-42
-61
-83
-91
-107
-116
-130
-156
-167
-168
-164
-147
-133
-125
-112
-80
-61
-40
-38
-33
-39
-43
-44
-49
-42
-60
-63
-67
-60
-54
-49
-62
-83
-94
-100
-89
-89
-70
-52
-56
-53
-57
-55
-56
-58
-44
-29
-17
-5
4
1
0
5
26
27
41
47
50
58
42
28
9
10
22
38
45
51
57
58
59
72
83
88
82
80
78
79
83
87
84
60
52
27
19
24
15
25
26
23
51
64
59
63
62
83
110
136
165
173
169
157
133
107
96
85
80
67
52
41
26
10
-22
-45
-78
-95
-79
-79
-57
-45
-41
-36
-28
-11
12
26
46
69
73
74
69
57
56
42
24
11
5
7
-6
-17
-34
-33
-44
-55
-63
-79
-80
-84
-100
-93
-80
-80
-73
-72
-76
-79
-72
-66
-61
-52
-36
-28
-11
-11
-15
-31
-51
-62
-63
-53
-49
-51
-55
-60
-79
-87
-100
-101
-88
-77
-71
-70
-61
-56
-34
-37
-37
-23
-19
-5
-16
-31
-48
-59
-63
-67
-65
-65
-62
-70
-59
-41
-19
-1
28
55
71
88
96
119
119
118
124
117
127
133
120
104
92
81
70
52
46
30
26
24
21
14
3
6
-10
-1
-1
1
21
36
55
67
78
87
92
83
84
96
99
105
93
75
72
65
63
53
51
50
48
47
37
37
32
40
46
41
50
57
64
61
47
42
34
34
29
29
27
4
12
-1
-2
-5
-27
-23
-23
-13
-14
-10
-15
-16
-15
-28
-10
-26
-34
-42
-53
-66
-84
-92
-118
-119
-136
-138
-141
-148
-140
-145
-142
-131
-123
-114
-95
-84
-74
-62
-49
-39
-27
-44
-47
-57
-56
-41
-44
-37
-39
-45
-60
-78
-95
-120
-117
-120
-105
-90
-82
-79
-93
-87
-87
-77
-49
-23
3
18
39
60
70
79
84
69
67
65
71
75
59
60
40
20
13
-2
9
4
9
21
24
47
46
45
53
65
86
97
109
119
124
107
97
103
100
102
100
103
104
100
97
86
80
76
74
74
82
92
85
82
83
81
80
75
76
73
69
51
47
50
43
48
28
19
13
3
8
15
9
10
3
2
1
3
8
6
9
19
28
19
25
8
-4
-11
-10
0
-16
-18
-28
-42
-43
-69
-81
-92
-112
-104
-125
-114
-110
-119
-108
-115
-95
-79
-67
-43
-38
-25
-23
-29
-32
-38
-53
-65
-72
-90
-85
-95
-96
-107
-110
-107
-114
-117
-118
-102
-95
-73
-54
-46
-35
-33
-29
-18
-22
-23
-27
-21
-17
-11
-17
-22
-12
-22
-21
-27
-9
-8
3
0
9
20
23
49
41
53
59
61
74
80
81
79
73
79
78
76
66
46
42
22
10
4
-12
-13
-29
-32
-33
-28
-22
-14
-7
-3
21
23
45
68
88
120
132
149
163
156
152
143
116
102
86
70
60
38
34
25
5
1
-13
-13
-13
-11
9
24
27
39
43
50
50
48
58
53
68
64
60
56
38
21
-12
-30
-40
-52
-64
-72
-81
-91
-108
-106
-106
-99
-92
-75
-54
-44
-25
-24
-12
-23
-23
-29
-40
-34
-46
-43
-70
-83
-93
-125
-128
-148
-143
-150
-156
-135
-129
-107
-98
-79
-59
-39
-15
11
25
29
40
33
17
4
-2
-4
-17
-31
-32
-44
-56
-60
-75
-79
-79
-73
-56
-42
-27
-18
-13
-7
17
18
37
57
68
85
75
68
70
55
47
32
28
19
11
4
-8
-15
-28
-10
-7
6
22
38
48
52
56
64
79
90
106
105
109
116
110
96
89
87
87
74
68
56
30
11
-8
-9
-13
-10
6
16
26
30
43
46
60
72
90
103
107
129
119
115
109
90
82
50
32
17
-3
-25
-46
-59
-60
-74
-84
-84
-80
-60
-53
-49
-39
-22
-16
-9
-11
2
3
1
3
-3
-13
-30
-33
-45
-54
-75
-83
-86
-94
-92
-108
-105
-107
-98
-94
-89
-78
-71
-60
-55
-51
-43
-47
-47
-39
-40
-50
-50
-51
-61
-76
-92
-87
-99
-108
-98
-100
-84
-87
-83
-67
-67
-48
-37
-6
17
35
44
53
50
52
45
39
45
35
31
19
15
2
-12
-46
-50
-52
-54
-44
-46
-29
-14
-3
8
14
23
45
66
76
97
119
119
124
119
115
115
98
88
79
60
47
37
23
17
14
6
14
17
32
50
57
59
69
83
88
102
99
116
113
112
112
102
81
65
55
37
40
22
10
-3
-22
-25
-43
-41
-34
-35
-32
-26
-10
-5
6
6
13
22
13
22
12
0
-2
-18
-24
-33
-48
-48
-59
-80
-90
-95
-106
-107
-104
-98
-82
-87
-58
-45
-43
-24
-13
5
20
33
36
45
41
26
14
-21
-30
-49
-72
-83
-104
-105
-118
-127
-132
-130
-119
-99
-91
-76
-59
-42
-28
-27
-7
5
19
24
24
39
28
21
2
-4
-9
-27
-24
-29
-23
-38
-32
-29
-24
-21
-25
-2
6
15
24
26
40
46
39
51
58
66
67
66
72
67
61
53
51
51
37
47
41
31
44
29
42
39
42
64
66
70
73
84
88
94
93
103
104
99
90
93
88
73
65
49
38
29
23
17
9
-5
4
6
8
16
14
26
31
40
43
50
46
49
54
43
41
30
29
22
-2
-12
-23
-28
-27
-42
-45
-51
-54
-53
-61
-58
-58
-54
-54
-43
-40
-30
-24
-31
-24
-26
-25
-26
-32
-39
-35
-58
-53
-60
-64
-66
-83
-70
-79
-76
-81
-79
-62
-64
-53
-41
-43
-31
-33
-24
-21
-24
-23
-35
-35
-45
-35
-44
-50
-46
-55
-43
-53
-52
-44
-46
-37
-24
-21
-13
-10
1
3
5
10
19
33
38
40
42
37
38
26
15
15
9
8
1
2
4
-10
-23
-21
-16
-7
1
7
24
30
38
44
43
50
45
57
58
60
67
64
67
55
50
44
34
37
26
17
17
20
20
14
8
16
25
28
29
40
41
39
51
45
38
33
27
32
25
14
23
11
21
15
2
8
-1
4
4
7
5
4
0
6
7
8
-1
1
12
10
10
0
-3
-6
-12
-28
-23
-34
-43
-39
-50
-50
-53
-56
-47
-50
-41
-40
-47
-37
-35
-36
-35
-32
-14
-9
-11
-7
-9
-6
-18
-20
-17
-28
-28
-33
-40
-42
-49
-45
-45
-45
-45
-42
-26
-29
-15
-15
-5
3
1
8
3
8
4
1
0
8
2
-4
-1
1
3
-2
1
-3
7
3
12
20
17
35
41
46
48
56
61
62
52
57
57
53
45
38
30
31
24
11
21
11
20
18
9
24
27
31
29
35
51
56
52
60
50
66
51
49
48
37
47
31
31
26
22
13
7
-12
-11
-15
-19
-11
-17
-18
-21
-13
-13
-1
3
6
17
17
24
21
12
0
3
1
-11
-5
-14
-16
-27
-35
-38
-42
-46
-37
-32
-31
-20
-19
-17
-20
-23
-17
-5
-16
-5
5
0
-1
-12
-24
-25
-35
-37
-30
-38
-43
-43
-48
-52
-58
-58
-54
-51
-36
-39
-29
-32
-21
-13
-20
-8
-11
0
6
0
2
2
-3
-9
-11
-23
-34
-31
-40
-36
-45
-43
-35
-28
-19
-24
-6
1
13
23
31
45
45
45
49
45
42
33
26
24
16
4
5
-3
-9
-3
-12
-12
-9
-1
4
15
17
25
35
32
44
41
43
33
39
43
41
33
33
40
22
18
10
13
12
7
6
16
13
17
20
5
10
8
14
20
16
27
25
34
29
24
22
9
12
5
5
-7
-12
-13
-18
-33
-36
-39
-49
-38
-44
-39
-35
-32
-21
-12
-8
-8
-2
2
11
13
0
3
-2
-5
-18
-30
-30
-37
-38
-47
-43
-41
-31
-32
-33
-24
-20
-11
-10
-11
-11
4
10
0
6
3
6
-7
-2
-4
-6
-4
-11
-7
-14
-12
-14
-23
-24
-20
-17
-11
-8
-9
-1
-2
5
8
6
18
17
30
31
33
33
33
34
17
22
18
8
2
-1
1
-7
-9
-15
-6
-1
0
4
16
28
43
37
46
44
32
37
36
33
29
25
29
28
6
9
-2
-1
-10
-7
-1
-3
10
0
7
12
3
15
15
15
30
28
37
26
22
29
17
15
16
16
15
12
13
9
-1
-4
-15
-9
-17
-17
-19
-17
-7
-10
-6
-14
-5
1
2
10
14
19
29
25
25
25
14
9
1
-4
-21
-22
-30
-37
-42
-47
-38
-42
-36
-26
-15
-16
-3
0
0
14
-1
16
19
11
9
12
14
5
-12
-16
-9
-14
-30
-30
-26
-30
-22
-26
-17
-7
-20
-8
-3
1
5
4
17
25
24
16
22
11
11
13
3
4
9
10
5
-2
-7
-5
-10
-18
-17
-18
-4
-10
-9
-4
4
10
2
8
9
23
24
25
28
22
24
19
12
6
-11
-5
-2
-15
-16
-28
-16
-13
-25
-14
-9
-8
3
1
6
6
8
20
12
7
13
11
16
8
-5
2
-4
-6
-18
-19
-24
-24
-25
-26
-21
-22
-9
-16
-12
-7
-11
-11
-14
-10
1
-2
-4
7
6
9
3
-8
2
-7
-11
-9
-15
-7
-18
-22
-16
-16
-19
-17
-14
-8
5
1
0
4
9
18
11
15
22
18
24
16
14
14
-1
-9
-6
1
-11
-9
-8
0
-1
-5
-2
3
5
11
15
18
23
27
31
24
21
25
25
12
16
10
16
10
3
11
11
5
5
8
9
7
2
18
14
15
19
18
20
18
14
13
16
20
18
21
28
20
21
13
15
9
7
2
1
4
-7
-1
-2
-6
-7
1
-7
3
4
9
19
11
25
22
24
18
4
11
6
-4
1
-9
-16
-14
-11
-25
-32
-25
-18
-11
-18
-14
-4
-2
-1
-9
-12
-11
-6
-3
-9
-14
-7
-9
-21
-24
-29
-24
-28
-32
-27
-18
-24
-29
-24
-23
-17
-22
-19
-15
-11
-14
-12
-17
-12
-13
-24
-5
-6
-9
-10
0
-1
-9
-11
-17
-9
-15
-25
-11
-12
-14
-8
-14
-8
-4
-5
4
3
16
22
16
8
14
9
9
1
-6
8
-4
-2
2
4
-5
6
10
7
9
10
18
15
22
16
21
14
12
18
13
10
16
16
16
15
4
23
8
16
13
14
19
12
10
7
11
9
8
4
8
7
13
8
21
17
13
21
18
12
4
18
13
6
1
10
1
-4
-6
-9
-4
-11
-2
6
-3
3
9
16
9
2
18
5
4
6
5
9
-1
-8
-5
-3
-16
-9
-11
-8
-3
-5
-7
-15
0
-5
-5
3
3
-1
1
2
-2
-12
-9
-7
-7
-7
-15
5
-5
-17
-7
-11
-14
-28
-26
-17
-17
-20
-18
-7
-9
-9
-11
-7
-6
-7
-2
0
1
0
