3
2
3
6
4
2
1
1
2
-2
4
-1
1
2
-2
3
2
2
3
1
0
-1
3
2
2
0
-2
0
-4
-1
-5
-3
0
0
2
-1
-1
-5
-6
-5
0
-5
-7
0
-2
-1
0
-3
-3
3
0
-2
-3
-10
-3
-1
-3
2
-5
-2
-2
-2
-5
-10
-6
-4
-1
2
3
-5
-1
0
-4
-1
0
0
-1
2
1
3
6
3
6
5
2
5
1
-1
0
-1
-2
3
-2
5
1
-1
2
3
2
-2
1
-1
-1
-1
-4
-4
2
0
-1
0
3
0
-2
3
-2
-3
0
1
-1
2
4
1
2
4
-1
1
0
4
2
1
0
2
3
4
3
1
2
-4
0
1
-3
-1
-3
-6
-3
-1
-4
-6
-2
-2
-4
-3
-1
-6
-5
-1
-3
-4
-2
3
3
1
2
0
0
1
3
5
6
5
5
7
12
7
4
2
3
1
2
3
2
3
3
1
-3
-2
2
3
6
6
1
5
1
4
5
-2
0
0
2
0
1
3
3
2
2
-2
-2
-1
4
0
-5
-4
-3
0
1
1
-2
0
-2
0
0
-3
-1
-3
-3
0
-1
2
-2
-5
-2
-7
-2
-4
-7
-3
-2
-3
-5
-2
0
2
-2
-3
-3
-5
-6
-6
-5
-4
-4
-5
-3
-1
-1
4
-2
0
0
-4
-4
-3
-3
-6
-5
-4
-4
-4
-2
0
-1
0
4
3
-2
5
6
3
7
9
4
2
2
2
7
3
1
4
9
7
3
4
5
5
1
4
2
3
1
-2
-1
0
0
-2
-2
-4
-1
-1
-2
-2
-6
0
-1
-2
3
-1
0
1
-4
0
4
0
-2
-1
3
1
-2
0
-1
-4
-1
6
0
-3
0
0
2
0
3
5
4
2
1
-1
1
2
0
0
1
1
2
2
1
-3
-4
4
1
-3
0
0
-4
0
0
2
2
2
0
1
5
0
-1
-1
2
3
3
4
-4
-5
0
-3
2
-1
0
-4
-4
1
-3
3
0
0
1
0
1
1
-4
-2
0
1
-3
0
1
0
4
-2
-1
-2
-4
2
2
-1
-2
-1
4
5
-3
2
1
-2
0
0
1
-2
-1
-4
-2
1
-4
-2
3
1
0
-5
-4
-2
-2
-2
0
-4
-2
1
-2
2
2
5
7
4
3
0
-4
0
2
0
2
-3
-2
-2
-4
-2
-1
2
3
1
2
-2
-1
3
5
6
0
-2
-2
-2
-2
-4
-4
-5
-3
-6
-1
-1
0
-3
0
1
0
3
-1
-2
-2
1
0
1
2
-1
-2
-4
1
0
-2
1
-2
-1
-1
1
2
-2
0
0
-4
-3
1
2
0
3
1
-1
3
-3
-3
2
1
-4
-7
0
-5
-5
0
0
5
5
7
3
-1
3
-2
4
2
-2
1
2
0
6
6
7
4
5
0
0
5
0
2
-2
-1
-2
0
4
2
-1
5
1
1
6
3
1
-2
-1
1
3
4
2
3
1
5
4
0
-2
0
5
3
-1
-1
-3
-4
2
0
-2
0
-1
-2
1
-2
-3
-1
1
2
-3
0
4
-2
4
-1
-1
-1
-6
-2
-3
-1
-3
-1
-3
-7
-9
-9
-2
-4
1
-2
-4
3
0
0
3
-1
2
2
0
-4
-1
4
-1
-1
0
0
-4
0
0
0
-2
0
4
1
-3
-2
-1
2
3
1
4
-4
-4
1
0
3
1
0
0
1
-1
-4
-1
0
-4
-5
1
0
-2
-5
2
1
1
3
0
4
-3
4
5
1
3
1
0
2
2
-1
1
-3
3
2
-1
0
0
4
0
2
3
-4
-3
1
-1
-2
-3
1
-4
-3
-4
-2
-1
-3
-1
-1
0
-1
-1
-1
-6
-3
-1
2
1
-4
-1
0
-2
-5
2
0
0
4
2
5
5
3
5
0
0
2
0
4
0
0
5
3
5
7
5
6
8
2
1
6
3
-1
-2
-2
2
0
1
-3
-3
2
2
2
0
2
5
3
0
0
-1
-3
1
0
-3
0
1
0
-2
-1
-1
0
-3
-4
1
-2
-1
-4
-2
1
-3
-1
1
-2
-6
-3
-1
0
-1
2
-5
-4
0
-4
-6
-5
-5
-4
0
0
0
-2
-1
0
2
1
-1
-5
-4
-3
-2
-4
-2
2
-8
-6
-6
-3
-1
-2
-2
-2
1
2
0
-1
4
4
3
2
4
3
5
3
1
0
3
2
-4
-1
-2
-6
0
2
-1
1
6
1
4
9
5
6
4
1
-1
-2
-2
-6
-7
0
2
1
-1
-2
1
0
4
5
7
9
6
3
5
-2
-3
-1
-2
3
1
-1
-3
-4
-13
-13
-14
-11
-9
-12
-9
-5
-3
1
11
9
11
11
7
8
6
1
-3
-6
-8
-12
-7
-9
-9
-5
-3
6
5
-1
2
0
2
6
-2
0
13
10
7
6
9
3
0
4
-1
1
-5
-3
7
7
5
-3
2
7
13
8
3
11
12
13
8
7
7
-3
-9
-11
-17
-22
-20
-16
-8
-9
-15
-11
-7
-7
-4
-3
-3
-5
4
8
14
10
3
-2
-3
-4
-14
-19
-27
-32
-30
-26
-25
-28
-29
-23
-15
-11
-12
-9
-1
-4
-8
-2
-2
-4
-3
3
2
5
3
5
13
1
-8
-11
-14
-2
-2
-10
-4
3
10
10
2
4
6
10
10
13
15
16
33
40
39
37
38
41
44
38
44
48
45
41
34
37
31
26
23
12
4
3
3
4
-4
-17
-28
-34
-22
-14
-18
-19
-6
15
29
28
21
22
25
24
9
5
10
9
3
-3
-15
-14
1
-2
-9
-10
-7
5
12
10
-4
-18
-22
-23
-25
-27
-26
-21
-11
-3
0
1
-2
-10
-30
-41
-33
-21
-25
-38
-45
-30
-8
-3
-11
-18
6
21
25
31
34
36
28
20
9
1
-8
-8
1
19
24
23
29
35
48
47
39
34
45
63
69
61
47
48
54
49
28
0
-1
14
18
-3
-19
-30
-26
-12
-9
-8
-17
-21
-4
27
47
20
-5
-5
5
41
60
39
-15
-46
-17
5
-102
-311
-383
-279
-225
-367
-516
-406
-153
-84
-252
-355
-180
94
194
101
89
262
485
586
521
406
309
230
110
-83
-325
-529
-655
-678
-639
-587
-475
-247
49
320
525
709
946
1185
1316
1316
1283
1340
1480
1549
1470
1294
1157
1085
976
672
147
-441
-916
-1199
-1463
-1833
-2185
-2261
-2095
-1962
-1935
-1776
-1299
-792
-543
-403
-22
598
1080
1248
1291
1398
1488
1435
1209
855
381
-130
-554
-930
-1367
-1797
-2038
-2106
-2102
-2017
-1730
-1279
-908
-610
-208
289
618
730
910
1210
1348
1154
1012
1101
1149
856
387
74
-108
-295
-447
-441
-511
-653
-495
165
850
1014
978
1343
2005
2312
2201
2200
2506
2761
2684
2624
2764
2858
2636
2201
1563
607
-589
-1795
-2808
-4005
-5290
-6256
-6455
-5983
-5244
-4438
-3592
-2498
-1176
370
1591
2200
2462
2923
3702
4178
4010
3526
3216
2918
2208
1058
-202
-1291
-2363
-3448
-4354
-4958
-5112
-4844
-4189
-3494
-2912
-2245
-1040
462
1478
1761
1803
2260
2777
2867
2483
2087
1695
1220
749
399
-13
-768
-1504
-1774
-1664
-1669
-1742
-1458
-748
-9
583
1256
2034
2613
2940
3153
3327
3266
3056
2902
2805
2530
2133
1973
2032
2038
1771
1552
1479
1510
1460
1321
940
123
-934
-1796
-2327
-3152
-4550
-6136
-6875
-6398
-5370
-4687
-4456
-3798
-2100
178
1814
2346
2463
3085
4125
4530
3960
3134
2832
2703
1701
-91
-1348
-1472
-1669
-2971
-4738
-5376
-4870
-4472
-4225
-3534
-2408
-1775
-1407
-188
1789
2732
2085
1599
2256
3184
2827
1777
1175
949
418
-197
-476
-812
-1356
-1829
-1464
-920
-899
-966
-415
464
898
898
1176
2015
2501
2369
2167
2260
2575
2539
2197
1979
1795
1374
1007
1237
1547
1179
-260
-745
412
1621
1342
408
847
2410
3112
2257
1805
1919
1675
308
-1231
-2265
-3294
-4690
-5263
-4977
-4915
-5092
-4638
-3099
-1674
-1246
-1016
-38
736
1048
1181
1623
1977
1725
1463
1783
1754
802
-238
-702
-950
-1851
-3221
-3745
-3482
-3410
-3522
-3352
-2509
-1634
-1139
-731
-77
203
195
298
436
268
-322
-509
138
629
498
378
890
1514
1588
1160
1104
1285
1068
716
520
588
451
259
309
687
699
538
595
867
1088
997
1014
1383
1829
2010
2233
2643
3057
3356
3453
3867
4239
4252
4114
4068
4218
4017
3787
3489
3515
2711
1541
375
-488
-1298
-3082
-5546
-8445
-9966
-9920
-8543
-8097
-8570
-8018
-5375
-1729
138
426
885
2398
3694
3979
3899
3881
3930
3265
2490
1895
1037
-48
-1459
-2603
-3733
-4614
-5215
-5227
-5088
-4932
-4205
-3152
-1742
-645
425
1411
2080
1987
1499
991
445
-107
-766
-870
-538
-30
329
772
1099
1262
1020
606
353
131
-74
-266
-240
-184
-36
93
374
600
659
736
1080
1575
1875
2019
2216
2690
3113
3284
3332
3390
3308
3065
2848
2699
2649
2445
2225
2199
2075
2049
2180
2587
2789
2752
2470
2651
2911
2405
1487
211
-603
-2002
-4391
-7372
-9006
-9017
-8449
-8570
-9260
-8215
-5586
-2549
-736
-1
940
2501
3901
4488
4568
4223
3929
3441
2534
1648
506
-577
-1695
-2945
-3972
-4595
-4948
-5367
-5501
-5354
-4454
-3665
-2964
-1795
-379
653
640
398
663
1458
1287
664
320
773
1363
1386
1183
1046
898
386
125
-198
-437
-837
-948
-580
-289
-280
-233
260
674
930
999
1383
1985
2323
2500
2651
2885
2989
2968
2793
2707
2644
2563
2568
2496
2302
1969
1841
2075
2680
2954
3028
3184
3652
4174
4394
4538
4704
5022
5162
5259
4631
3089
1202
-433
-2039
-5070
-8850
-11295
-11174
-10440
-10986
-11553
-10208
-6648
-3790
-2386
-1507
103
1967
3036
3612
3814
4010
3540
2998
2462
1701
635
-828
-2053
-3205
-4172
-5071
-5725
-6080
-6375
-5851
-4969
-3632
-2623
-1635
-523
288
595
521
1153
1379
1275
509
592
1162
1335
844
439
489
250
-84
-507
-392
-611
-900
-708
-59
256
164
290
919
1645
1860
2097
2583
3078
3478
3690
3804
3812
3678
3624
3697
3546
3210
3041
3082
3344
3224
2654
2217
2202
2517
2619
2562
2817
3559
4254
4754
5211
5338
5355
5255
5661
5752
4520
2323
321
-1187
-3698
-7459
-11384
-13133
-13367
-13357
-13631
-13170
-10852
-7544
-4751
-2905
-1264
747
2716
3979
4440
4979
5298
5147
4472
3349
2231
577
-1306
-3068
-4356
-5564
-6646
-7395
-7607
-7028
-6540
-5863
-5026
-3869
-2443
-1466
-691
306
1659
2351
2536
2371
2600
2928
2598
2304
1931
1475
726
358
313
350
-184
-605
-164
147
183
36
334
854
1207
1396
1968
2569
2844
3316
3786
4276
4343
4084
4083
4269
4092
3711
3384
3361
3748
3699
3217
2785
2746
2908
2949
2551
2671
3069
3358
3588
3787
4108
4257
4320
4369
4604
3683
2242
719
-723
-2640
-5683
-9047
-11446
-12508
-12728
-12445
-12238
-11479
-9519
-6612
-3693
-1812
-912
563
2399
3777
4135
3964
3839
3674
2957
1864
897
-612
-2357
-4128
-5402
-6123
-6962
-7614
-7744
-7127
-6434
-5463
-4471
-3265
-2046
-1279
-97
1051
2191
2609
3044
3435
3981
3930
3407
3085
2500
1942
1085
663
307
-12
-534
-556
-292
-212
-86
67
523
912
1282
1871
2692
3268
3696
4246
4854
5357
5422
5465
5650
5590
5132
4680
4462
4269
3643
2787
2479
2563
2386
1894
1622
2057
2634
2880
2908
3129
3376
3602
3859
4212
4420
3743
2581
1006
-777
-3226
-6584
-9971
-12128
-12818
-12929
-13107
-12861
-11082
-8093
-5553
-3633
-2141
-401
1222
2095
2788
3436
3756
3271
2623
1852
1129
-317
-2435
-4020
-5268
-6187
-7219
-7780
-7748
-7271
-6780
-5786
-4288
-3221
-2284
-1162
562
1871
2363
2768
3824
4528
4309
3874
3806
3745
2813
1647
1124
902
202
-519
-613
-227
-132
-314
-107
470
822
911
1201
1906
2663
3178
3652
4372
4977
5213
5260
5494
5713
5442
4847
4610
4907
4646
3648
2589
2393
2593
2396
1835
1622
1956
2232
2755
3148
3377
3294
3339
4158
4913
4841
3746
2673
1248
-676
-3350
-6390
-9028
-11768
-13565
-14069
-13371
-12486
-11382
-9472
-6699
-3978
-2353
-985
551
1822
2608
2728
3074
3133
2600
1615
794
11
-1344
-2886
-4487
-5394
-6359
-7087
-7511
-7587
-7341
-6745
-5402
-3987
-2850
-2184
-780
1056
2616
3319
3756
4531
5146
5221
4777
4404
3610
2619
1580
1028
610
-124
-733
-830
-366
-154
20
217
705
1239
1692
2398
3122
3770
4242
4758
5347
5755
5805
5653
5646
5612
5417
5155
4709
4296
3662
3247
3076
2811
2269
1767
1798
2206
2500
2425
2562
2944
3249
3606
4134
4721
4745
3431
1969
631
-825
-3431
-7300
-11054
-13075
-13390
-13658
-13963
-14020
-12251
-9145
-6379
-4195
-2571
-913
675
2016
2960
3656
3658
2962
2532
1869
1075
-169
-1831
-3415
-5062
-6438
-7195
-7624
-8251
-8501
-7807
-6363
-4729
-3934
-2974
-1192
861
2494
3423
4211
5069
5709
5614
5446
4971
4098
2888
1774
1128
633
-247
-1033
-1068
-777
-419
-178
320
1016
1516
2007
2859
3773
4252
4484
4823
5418
5615
5249
4994
5020
5083
5009
4849
4737
4529
4142
4024
3853
3323
2636
2418
2622
2950
2805
2686
3154
3522
3782
3840
4028
4386
4167
2899
1130
-529
-2175
-4546
-8422
-12641
-14249
-13986
-13002
-13472
-13784
-11851
-8075
-4739
-2951
-1394
-36
1737
2569
3340
4118
3862
2946
1919
1550
938
-356
-2251
-3810
-5121
-6861
-7903
-8382
-8454
-8656
-8368
-6554
-4385
-3042
-2451
-641
1725
3247
3411
3663
4854
5323
4748
3945
4014
3724
2584
1392
1161
1076
97
-780
-712
39
213
205
734
1734
2218
2430
3119
4013
4404
4135
4233
4883
5229
4795
4345
4540
4911
4922
4652
4853
5186
4965
4251
3610
3426
3067
2535
2289
2555
2817
2821
3046
3756
4351
4373
4558
5078
4553
2707
-41
-1661
-3289
-6586
-11097
-13905
-14231
-13547
-13466
-13851
-12218
-9715
-6964
-4605
-2436
-749
567
1553
2938
4287
4108
3448
2835
2382
1763
358
-1191
-2473
-4071
-5926
-7350
-8468
-9062
-9212
-9114
-8158
-6772
-5107
-3286
-1812
-328
1463
2990
3905
4421
4812
5197
5090
4504
4205
3766
2839
1760
1093
885
482
-236
-475
-97
258
615
1019
1616
2184
2677
3374
4030
4170
4021
4083
4357
4592
4433
4191
4343
4547
4811
5034
5254
5393
5218
4773
4437
4197
3651
3258
3097
3196
3519
3543
3718
3686
3539
3551
4081
4263
3361
1911
-33
-1679
-4462
-7674
-10972
-13234
-14429
-14524
-13820
-13136
-11729
-9610
-6337
-3484
-1848
-827
629
2523
3626
3853
3664
3528
3195
2372
1466
276
-1086
-2840
-4474
-6047
-7723
-9059
-9817
-9793
-9614
-8941
-7652
-5685
-4043
-2396
-75
2213
3666
4121
4907
5948
6340
5396
4554
4209
3639
2534
1323
876
451
-218
-799
-587
-302
-190
17
689
1560
2023
2452
3129
3929
4278
4317
4421
4714
4801
4578
4482
4693
4936
4977
5112
5468
5730
5501
5050
4873
4848
4527
3901
3777
3687
3690
2974
2793
3368
4080
4456
4392
4531
3692
2210
-513
-2423
-4899
-9127
-13594
-15946
-14893
-13491
-13903
-14414
-11996
-7608
-4428
-2899
-2051
-69
1793
2539
3572
4089
4076
2943
2260
2039
1468
-406
-2488
-3499
-4913
-6762
-8903
-9747
-9622
-9823
-9964
-8954
-6927
-5283
-4035
-2080
981
3197
3698
4220
5715
6980
6478
5005
4424
4390
3304
1723
995
888
222
-1064
-1408
-604
-200
-550
-327
849
2023
2607
3065
4060
4709
4579
4512
4946
5222
4659
3942
4147
4994
5292
5169
5374
6032
6326
6031
5653
5660
5216
4660
4573
4724
4770
3858
3492
3843
4230
4179
4304
4283
3010
1328
-417
-1244
-4491
-10289
-14123
-14407
-12683
-13536
-15634
-15051
-10758
-6841
-5129
-3672
-2331
-261
568
1686
3537
3608
2538
1645
2091
2131
796
-1410
-2367
-2823
-4873
-6586
-7875
-8126
-8652
-9680
-9564
-8785
-8205
-7598
-5357
-2421
199
1302
2553
5149
6948
7096
5976
5291
4938
4213
2868
2118
1587
601
-251
-589
-289
-527
-1168
-1085
-3
906
1360
2053
3246
4402
4642
4665
5084
5410
4992
4205
3947
4220
4675
4726
4978
5546
6049
6519
6751
6700
6246
5828
5488
5399
5015
4269
4343
4975
5528
5850
5841
6073
5359
3043
-61
-2522
-5105
-9113
-13574
-16726
-16350
-14810
-14025
-13680
-12310
-8949
-5168
-2328
-1240
-496
406
1909
3549
3946
3596
2852
2456
1975
1079
-449
-2088
-3629
-5604
-7290
-8688
-9341
-9779
-9943
-9833
-8988
-8059
-6986
-5241
-3215
-1157
180
1581
3346
5277
6136
6233
5812
5226
4613
3656
2786
1644
404
-545
-691
-701
-786
-1030
-994
-245
502
1218
1922
2843
3729
4370
4636
4914
5306
5285
4963
4548
4369
4480
4631
4926
5334
5723
5865
6264
6882
7269
6942
6321
6099
6192
6228
5672
5557
5717
6164
6376
6459
5890
4161
1483
-1771
-4231
-7628
-11790
-15553
-17055
-16207
-15012
-14263
-13124
-10069
-6652
-3591
-1587
-334
1049
2012
3057
3970
4104
3371
2572
1991
1220
32
-1885
-3425
-5194
-7402
-9188
-10197
-10406
-10688
-10803
-10096
-8208
-6805
-5566
-3980
-1854
236
1383
2504
4012
5432
5646
5598
5276
4922
3929
2447
1485
611
-444
-1395
-1501
-1242
-921
-859
-409
637
1453
2147
2911
3754
4388
4668
4917
5335
5600
5352
5011
4717
4530
4554
4857
5181
5237
5106
5430
6265
7026
7027
6857
6932
7085
7471
7141
6742
5950
5855
6311
6873
5981
3843
1989
-94
-2310
-6634
-11271
-14692
-16137
-16094
-15805
-15462
-14353
-11597
-7716
-4035
-1712
-825
727
2595
4272
4879
4296
4052
3635
3009
1822
680
-818
-2496
-4675
-6921
-8391
-9948
-11011
-11720
-11717
-11236
-10469
-9542
-7956
-5612
-3350
-984
704
2483
4272
5817
6591
6623
6109
5299
4531
3206
2010
628
-594
-1458
-1914
-1864
-1571
-1188
-798
-1
852
1928
2904
3555
4128
4614
5062
5427
5503
5162
4923
4614
4649
4890
4836
4605
4690
5164
5862
6404
6518
7060
7864
8157
8461
8628
8572
8168
7208
6892
7203
7037
5194
3270
1221
-974
-4532
-9923
-13452
-15356
-15819
-16632
-17146
-16208
-13415
-9388
-5889
-2468
-875
564
2476
4523
6163
5617
4666
4193
4317
3593
2039
443
-1163
-2594
-4974
-7012
-8993
-10893
-12159
-12957
-12885
-13021
-12844
-11589
-8520
-5244
-2833
-872
1256
4211
6105
6864
6803
6567
5960
5225
4317
3228
1792
-244
-1308
-1672
-1744
-2245
-2554
-2098
-994
85
819
1858
2743
3695
4349
4839
5242
5284
5231
5134
5126
4920
4754
4835
5088
5334
5113
5097
5591
6352
7116
7417
7726
8260
8730
8968
8882
8768
8733
8834
8056
6139
4171
1638
-784
-5107
-10364
-13845
-15232
-15198
-16087
-16776
-15973
-12354
-8533
-5535
-3006
-1416
845
2651
4336
5639
5703
5092
4604
4439
3734
2578
679
-921
-2223
-4272
-6361
-8786
-10611
-11751
-12194
-12502
-12707
-12697
-11528
-8626
-5674
-3295
-1900
-73
2321
4535
5392
5430
5144
4774
4453
3751
2997
1670
171
-931
-1214
-1396
-1900
-2253
-2019
-927
82
972
1878
2803
3707
4386
4896
5062
5084
4965
5057
5234
5176
5028
4972
5261
5649
5873
5535
5196
5525
6098
7023
7348
7434
7977
8577
9429
9906
10376
9829
8768
6256
2875
-619
-5364
-9418
-13017
-14987
-15863
-16552
-16544
-15041
-11423
-7836
-4948
-3429
-1875
736
2884
4511
4902
4880
5007
5146
5187
4647
3623
1844
246
-1236
-2895
-4994
-7607
-9675
-11011
-11662
-11938
-11890
-11611
-10824
-8902
-6330
-3901
-2508
-1301
363
2151
2959
3033
3300
3722
3873
3274
2807
2104
1160
-148
-966
-1368
-2131
-2853
-2980
-1922
-834
33
775
2005
3322
4156
4612
4702
4697
4451
4436
4638
4913
4925
4879
5232
5658
6114
6175
6048
5935
5809
5892
6159
6413
6430
6740
7305
8533
9663
10087
9416
8207
6400
3850
-295
-6027
-10275
-12609
-13101
-14285
-16051
-16184
-13402
-9317
-6394
-4732
-3722
-1860
258
2124
3809
4405
4374
4442
4914
5558
5103
3510
1787
515
-825
-2525
-4895
-7206
-8894
-10157
-10755
-10878
-10866
-10379
-9623
-8383
-6294
-4373
-2874
-1659
-377
982
2101
2310
2766
3356
3334
2804
1957
1449
939
-103
-1363
-1942
-2519
-3166
-3415
-3031
-1942
-889
-40
1321
2801
3853
4579
4996
5323
5360
5182
5141
5379
5606
5743
6076
6312
6494
6631
6504
6195
5484
4911
4832
5206
5314
5466
5961
7259
8790
9999
10100
8983
7287
4525
1306
-3637
-8064
-11142
-12127
-12732
-14291
-14742
-12940
-9055
-6039
-4777
-4223
-2989
-983
600
2030
2894
3269
3707
4135
4962
5035
3993
2554
1287
49
-1472
-3388
-5450
-7156
-8579
-9534
-9795
-9798
-9553
-9187
-8641
-7458
-5792
-4193
-3027
-2039
-789
697
1799
2473
3201
3717
3460
2472
1576
1086
357
-877
-1957
-2371
-2624
-3108
-3249
-2679
-1714
-962
-210
991
2205
3051
3566
4379
5234
5602
5573
5740
6166
6307
6168
6191
6709
6926
6229
5331
4992
5391
5583
5327
5140
5945
6943
7562
8023
8427
9599
9780
8766
6197
2994
-993
-5083
-8453
-10751
-11885
-13477
-14577
-14043
-11490
-8414
-6465
-5673
-4692
-3058
-1191
522
1910
2740
3349
3914
4721
5300
4895
3755
2685
1753
561
-1018
-2872
-4427
-5907
-7396
-8603
-8986
-9009
-9118
-9564
-10034
-8949
-6893
-4962
-3881
-2997
-1426
643
2299
3091
4018
4133
3498
2471
1771
1429
442
-1030
-1861
-1745
-1948
-2351
-2435
-1779
-1101
-990
-557
553
1612
2094
2651
3625
4715
5237
5295
5757
6231
6443
6370
6299
6206
5930
5684
5700
5550
4973
4774
5392
6693
7402
7378
7317
8141
9066
9848
9791
8531
6256
2656
-1380
-4771
-7526
-10104
-12444
-14638
-15183
-13852
-11871
-10119
-8723
-7482
-5331
-3274
-1672
-66
1439
2691
3729
4355
4947
5543
5163
4605
4016
3235
2329
866
-893
-2632
-4653
-6768
-8164
-9138
-9747
-10403
-11331
-11037
-9776
-7809
-6123
-4731
-3456
-1492
422
1997
3410
3909
4113
3650
3259
2899
2251
943
-114
-645
-1005
-1298
-1824
-1778
-1419
-1264
-1046
-389
488
1261
1720
2298
3248
3969
4269
4571
4887
5154
5309
5227
5277
5300
5046
5091
5133
4990
5105
5588
6633
7478
7835
7891
8490
9095
9601
10158
9979
8874
6426
3399
663
-2663
-6520
-10173
-12479
-13575
-14439
-14821
-14196
-11984
-10134
-8470
-6888
-4973
-2754
-1279
272
1787
3104
3782
4158
4871
5376
5444
4795
4296
3804
2744
1088
-926
-2604
-4544
-6648
-8283
-9092
-9638
-10684
-11807
-11033
-8899
-7032
-6321
-5379
-3230
-564
1067
1811
3195
4129
4078
3322
3158
3406
2731
1137
254
415
102
-888
-1470
-1031
-472
-808
-871
194
1344
1730
1841
2536
3520
3809
3487
3769
4356
4292
3848
3878
4501
4866
4366
3950
4500
5378
5993
6584
7402
8223
8447
8299
8540
9374
9823
9753
8943
7784
5898
3059
-688
-4538
-7633
-10325
-12211
-14066
-15102
-15141
-13869
-11955
-9971
-8326
-6996
-5192
-3135
-1118
487
1442
2415
3327
4177
4907
5472
5737
5404
4862
4052
3249
1709
-198
-2229
-4161
-5898
-7344
-8285
-9102
-10174
-10915
-10312
-8789
-7363
-6724
-5888
-4125
-1984
-410
1064
2472
3382
3538
3310
3647
3991
3384
2228
1524
1293
985
297
-180
-46
20
-98
260
954
1590
1752
1701
2020
2524
2601
2538
2688
2845
2852
2943
3208
3750
3934
3859
4107
4654
5452
6115
6908
7637
8119
8239
8532
9275
9831
10100
9980
9258
8244
5846
2663
-973
-4509
-7602
-10087
-11992
-13669
-14499
-14772
-13573
-11718
-10091
-8767
-7714
-6337
-4429
-2658
-1144
124
1229
2367
3715
4767
5587
5950
5600
5128
4281
3181
1934
246
-1398
-3018
-4482
-5654
-6259
-6815
-7444
-8399
-9729
-9410
-8643
-7573
-7133
-6411
-4720
-2142
-47
1284
2668
3298
3799
3560
3611
3768
3360
2248
1717
1617
1622
1417
890
1156
1476
1359
1241
1460
1727
1719
1416
1308
1819
1953
1812
1796
1944
2490
2710
2878
3280
3774
3853
4120
4773
5851
6796
6972
7208
7936
8842
9299
9277
9159
9191
9131
8425
7240
5312
2507
-780
-4102
-6763
-9025
-10832
-12211
-12918
-12971
-12617
-11603
-10070
-8580
-7704
-7239
-6267
-4523
-2670
-1424
-391
970
2317
3403
3962
4433
4643
4121
3141
2285
1674
811
-306
-1369
-2081
-2901
-3994
-4988
-5735
-6601
-7575
-8251
-8043
-7358
-6763
-6113
-4882
-3185
-1604
-300
756
1809
2319
2481
2561
2831
2941
2728
2416
2485
2692
2582
2351
2052
1928
1673
1349
1072
1071
1100
1034
1120
1238
1499
1657
1816
2046
2163
2296
2475
2981
3715
4332
4633
5065
5640
6270
6710
6979
7265
7545
7555
7242
7133
6961
6660
5880
5064
4287
3305
1927
191
-1847
-3980
-5981
-7319
-8019
-8764
-9711
-10343
-9713
-8549
-7624
-7330
-6853
-5935
-5039
-4340
-3752
-2797
-1891
-1358
-837
-79
799
1191
1179
1112
1038
737
86
-379
-654
-894
-1569
-2186
-2450
-2525
-2992
-3885
-4494
-4675
-4440
-4480
-4415
-4188
-3535
-2819
-1941
-818
122
737
838
1094
1560
2063
2223
2359
2515
2477
2263
1936
1869
1774
1362
905
849
1202
1551
1776
1836
2123
2391
2496
2602
2715
2914
3160
3532
4078
4671
4974
5102
5214
5390
5567
5540
5439
5364
5192
5004
4721
4391
4002
3550
2980
2539
2255
2013
2033
1898
1623
1220
347
-771
-2369
-3841
-4933
-5503
-5921
-6587
-6876
-6765
-5828
-5050
-4705
-4847
-5261
-5388
-5454
-5282
-5151
-4974
-4570
-3898
-2883
-2033
-1314
-857
-578
-521
-786
-926
-988
-827
-679
-512
-327
-101
-19
-260
-836
-1746
-2729
-3515
-3902
-3973
-3766
-3357
-2599
-1604
-574
228
643
789
762
737
845
1026
1235
1411
1736
1954
2026
1979
1896
1847
1744
1761
1878
2226
2604
3031
3596
4034
4176
4179
4304
4454
4398
4302
4196
4232
4270
4275
4129
3871
3624
3321
3174
3002
2996
2946
2849
2561
2248
2021
1799
1606
1451
1484
1525
1706
2141
2573
2673
2369
1544
509
-674
-1714
-2525
-2965
-3519
-4310
-5132
-5611
-5581
-5687
-6199
-7133
-8003
-8460
-8430
-8215
-7762
-7217
-6711
-5939
-4834
-3725
-2760
-2071
-1406
-668
-167
155
512
1007
1413
1436
1143
997
882
456
-93
-883
-1486
-1802
-1989
-1941
-1814
-1636
-1523
-1064
-706
-314
-184
-142
193
675
1321
1694
1899
1810
1884
1892
1845
1758
1749
1998
2412
3118
3819
4604
5191
5448
5439
5082
4506
3865
3524
3250
3056
3011
3139
3522
3652
3372
2715
2257
1899
1455
836
459
648
1108
1620
1932
2102
2115
2133
2059
2017
1957
1928
2120
2644
3384
4047
4336
4102
3326
2008
432
-1366
-3075
-4520
-5766
-6923
-7770
-8272
-8432
-8352
-8331
-8510
-8781
-8915
-8804
-8331
-7660
-6823
-6044
-5071
-3893
-2784
-1842
-1236
-831
-507
-242
-94
35
448
914
1358
1615
1711
1535
996
486
-223
-785
-1148
-1270
-1241
-1066
-828
-543
-134
118
282
317
323
413
609
1078
1568
1915
2306
2695
2904
2896
2932
2936
3162
3450
3731
4183
4595
4861
4807
4717
4582
4272
3860
3404
2880
2383
2132
2055
1986
1787
1424
1105
1137
1334
1398
1386
1509
1695
1906
2305
2659
2876
2920
2811
2731
2812
2812
2650
2628
2654
2728
2711
2487
1919
738
-862
-2601
-4061
-5070
-5749
-6518
-7445
-8090
-8389
-8110
-7628
-7594
-8011
-8556
-8716
-8370
-7795
-7220
-6656
-5894
-4925
-3770
-2668
-1707
-956
-615
-240
201
757
1320
1690
1980
2245
2477
2438
2119
1493
703
-231
-1064
-1398
-1335
-1227
-1177
-1081
-681
-81
288
491
689
875
1084
1449
2082
2798
3190
3213
3265
3446
3515
3353
3085
3101
3379
3684
3942
4258
4399
4255
3860
3429
3092
2611
2002
1568
1607
1827
2018
2116
2289
2342
2122
1879
1880
2157
2340
2347
2455
2758
2935
2785
2415
2004
1635
1206
706
471
505
786
977
1117
1165
1030
591
-303
-1320
-2755
-4259
-5499
-6062
-6184
-6423
-7096
-7880
-8074
-7858
-7644
-7779
-8208
-8554
-8391
-7694
-6573
-5522
-4715
-4140
-3404
-2448
-1476
-842
-545
-321
-98
251
841
1582
2112
2323
2320
2268
2218
2003
1372
559
-200
-667
-664
-160
285
461
426
586
1127
1804
2191
2116
1894
1889
2352
2911
3414
3497
3234
2887
2739
2768
2834
2780
2608
2763
3221
3805
4063
3949
3657
3339
3038
2884
2935
2855
2708
2604
2770
3177
3156
2668
2107
1710
1383
1193
1166
1188
1181
991
862
944
971
704
202
-143
-181
-77
15
327
775
1146
1221
952
437
-724
-2382
-4065
-5136
-5674
-5873
-6233
-6722
-7179
-7488
-7331
-6967
-6892
-7340
-7984
-8347
-7808
-6789
-5824
-5148
-4651
-4024
-3187
-2317
-1477
-880
-653
-576
-180
688
1840
2603
2831
2866
2780
2849
2843
2705
2224
1528
762
452
845
1376
1611
1280
1011
1122
1501
1886
2026
1894
1602
1603
1993
2674
3147
2935
2440
2146
2303
2640
2880
2939
3034
3346
3808
4322
4605
4566
4168
3580
3249
3069
2790
2404
2040
1791
1784
1851
1555
1168
678
223
-115
-208
19
253
273
122
179
431
701
716
568
418
275
154
401
814
1084
1179
1024
762
17
-1366
-3133
-4502
-5049
-5191
-5469
-6229
-7044
-7651
-7826
-7532
-7493
-7875
-8663
-9163
-8831
-7806
-6616
-5797
-5152
-4575
-3749
-2729
-1643
-594
69
484
956
1787
2984
4048
4566
4566
4480
4404
4410
4400
4111
3488
2489
1577
1304
1597
1763
1300
507
62
199
544
780
864
816
888
1194
1962
2858
3267
3043
2595
2587
3041
3505
3645
3751
3887
4003
4228
4426
4440
4050
3192
2330
1797
1572
1376
1074
787
644
531
240
37
-223
-545
-901
-1080
-668
86
597
622
615
611
571
420
140
182
339
500
770
1269
1928
2075
1716
929
-287
-2180
-4242
-5396
-5408
-4852
-5275
-6661
-7899
-8306
-7900
-7644
-7990
-8948
-9903
-9962
-8751
-6785
-5311
-4706
-4566
-4007
-2742
-1576
-554
235
814
1386
2172
3646
5281
6299
6202
5619
5307
5382
5526
5172
4471
3356
1870
1084
1118
1583
1435
332
-719
-850
45
657
968
727
687
1012
1626
2684
3180
3050
2350
2104
2524
3241
3496
3173
3076
3041
3121
3264
3436
3404
2620
1599
1042
1302
1487
975
147
-384
-253
-74
89
147
-110
-744
-1180
-869
82
792
788
522
588
963
1283
1538
1614
1656
1491
1507
2079
2600
2353
1051
-815
-2840
-4527
-5445
-5428
-4824
-5412
-7325
-9308
-9803
-8811
-8075
-8549
-9739
-10203
-9660
-8213
-6512
-5223
-4530
-4461
-3988
-2449
-475
1049
1641
2021
2759
3937
5133
6119
6800
6702
6168
5682
5804
6056
5659
4743
3606
2533
1440
449
107
1
-488
-1483
-2005
-1452
-434
167
-46
4
415
1167
1925
2523
2936
2628
2114
2010
2785
3438
3382
2903
2635
2978
3114
3011
2553
1912
1286
774
774
1039
996
267
-396
-579
-488
-188
-187
-246
-255
-352
-294
185
877
1358
1586
1686
1982
2268
2282
2178
2107
2081
2295
2146
1791
1039
-791
-3157
-5018
-5395
-4835
-4315
-5331
-7391
-9161
-9824
-9161
-8648
-8788
-9511
-9896
-9119
-7429
-5576
-4559
-4181
-4125
-3331
-1663
63
1541
2177
2558
3094
4142
5519
6567
6969
6540
5969
5587
5732
5981
5666
5043
3967
2761
1345
284
-251
-771
-1330
-2242
-2506
-2164
-1442
-1034
-903
-549
-123
634
1182
1946
2487
2570
2484
2512
2976
3236
3094
2704
2744
2925
2924
2813
2338
1904
1447
1130
1087
1178
909
274
-326
-521
-253
-296
-378
-270
25
273
540
888
1537
2062
2011
2075
2173
2433
2566
2678
3076
3468
2946
1548
-107
-2354
-4335
-5471
-5521
-4353
-4278
-6302
-8899
-10074
-9420
-8370
-8461
-9681
-9966
-9301
-7714
-5952
-5132
-4767
-4889
-4357
-2500
-106
1669
2400
2500
2611
3646
4820
5879
6684
6567
6243
5828
5792
5977
5499
4467
3485
2787
2060
1079
-576
-2083
-2613
-2759
-2449
-2172
-2124
-2088
-2196
-1885
-984
223
1034
1565
1980
2623
3410
3704
3851
3739
3532
3473
3561
3707
3737
3307
2462
1882
1700
1769
1760
1561
1164
528
-48
-243
-157
-100
-82
-183
226
1033
1673
1870
1698
1661
1719
2301
2542
3119
3645
4085
4392
3325
2047
213
-1580
-3762
-5003
-5010
-4320
-3898
-6374
-9439
-11449
-11011
-9231
-8687
-9407
-10177
-9458
-8052
-6471
-5694
-5644
-5341
-4887
-3282
-959
1084
2407
2667
2592
3231
4396
5646
6438
6588
6202
5804
5752
5861
5782
4551
3469
2672
2317
1703
-231
-2491
-4020
-3888
-3157
-2211
-2069
-2388
-2655
-2734
-1782
-653
330
763
1305
2379
3745
4548
4350
3952
3675
3955
4511
4954
5137
4723
3841
2994
2455
2263
2011
1639
1308
1080
787
507
243
-327
-623
-594
72
1174
1770
1627
1214
1298
1820
2453
2863
3549
4132
4376
4282
3417
2453
1184
-998
-4146
-5404
-4449
-2338
-2022
-5991
-10721
-13328
-11855
-9375
-8656
-10052
-11130
-10058
-8537
-6621
-6163
-6183
-6080
-5600
-3353
-415
2094
2865
2437
1884
2633
4474
5852
6845
6862
6291
5786
5422
5749
5707
4517
2972
2101
2013
1728
7
-3350
-5329
-5200
-3754
-2281
-2287
-3051
-3985
-3987
-2887
-871
479
1016
1490
2424
4318
5286
4915
3827
3304
3832
5030
6126
6596
6104
4542
3429
3197
3515
3508
2903
2294
1993
1753
1386
787
-107
-759
-969
-261
1111
2015
1767
1150
857
1237
1692
2196
3368
4316
5166
4750
3542
1945
-236
-3320
-5438
-4496
-2624
-1084
-3765
-8643
-12098
-12715
-10988
-9935
-9843
-10609
-9979
-9265
-8000
-6950
-7323
-7394
-7129
-4891
-1526
1257
2172
1958
1435
1729
3358
4984
6457
7098
6816
6313
6231
6073
5673
4405
3188
2810
2727
2609
920
-2392
-5738
-6379
-4869
-2809
-2074
-3199
-4333
-4811
-3698
-2249
-928
-196
374
1600
3398
5217
5101
3900
2837
3433
5245
6716
7366
6779
5643
4481
4134
4380
4599
4360
3699
3230
3119
3103
2444
1190
94
-522
-129
989
1814
1776
932
383
442
1161
1711
2680
3418
4281
5413
4202
2403
90
-1721
-3780
-4627
-3577
-1892
-780
-4870
-10266
-14216
-13338
-9640
-8359
-9263
-10912
-10230
-9185
-7932
-7770
-8244
-7891
-6971
-3879
-540
1492
1521
237
-216
1477
4099
6049
6992
7037
6491
5829
5499
5575
5374
4128
3512
3313
3301
2583
-682
-5059
-7251
-5926
-3212
-1432
-2155
-4070
-5525
-5600
-3852
-1771
-390
295
927
2272
4256
4891
3651
2315
2488
4649
7050
8236
8010
6465
4586
3977
4695
5623
5886
5119
4313
3931
3654
3220
2304
1254
768
920
1650
2836
2631
993
-50
193
1543
2444
2635
3155
3491
3866
3884
2689
1081
-10
-1919
-4702
-4855
-3485
-1393
-2024
-7419
-12704
-14853
-12014
-8355
-7561
-9985
-11717
-11180
-10250
-8373
-8024
-7987
-7565
-6364
-3306
-536
705
281
-572
-240
2401
5378
6650
6701
5872
5164
5030
5281
5682
5218
3912
3262
3023
2645
1700
-1545
-5873
-7446
-5315
-1992
-601
-2337
-5264
-6849
-5939
-3144
-592
419
603
885
2082
4092
4855
3728
2469
3289
5980
8196
8568
7242
5288
3925
4301
5880
6944
6660
5270
4002
3526
3678
3584
2838
2138
1921
2268
2883
3477
2904
1133
136
885
2728
3693
3648
3717
3800
4066
3307
1882
594
-63
-1346
-4379
-4877
-3883
-2304
-3869
-9480
-13695
-14567
-11072
-8615
-8842
-11290
-12682
-11615
-10728
-8793
-8137
-7760
-7235
-6081
-3212
-951
23
-361
-493
701
3141
5406
6046
5988
5384
4768
4787
4966
5656
5401
4358
3353
2564
1930
616
-1695
-5224
-6444
-5285
-2787
-1466
-2911
-5146
-6801
-5767
-3349
-692
346
580
871
1702
3629
4363
4094
3279
3975
5978
7642
7773
6404
5144
4510
5321
6483
7086
6688
5385
4176
3647
3933
4065
3515
2781
2426
2654
2979
3025
2636
1893
1581
2002
2955
3937
4081
3880
3655
3585
3896
3482
2405
471
-1068
-3794
-5333
-4306
-3761
-3296
-7207
-11830
-14303
-13328
-10262
-9697
-10435
-12547
-11720
-10856
-9870
-8485
-8898
-7770
-6792
-4308
-1578
-320
-260
-652
175
1834
4311
5628
5754
5551
4798
4480
4776
4966
5037
4092
3089
2710
2245
1404
-443
-3175
-6678
-7281
-4472
-1367
-662
-3439
-6451
-7284
-4956
-2022
-62
812
1165
2084
3049
4319
4443
3450
2893
4704
7510
8814
7786
5466
4347
4446
5770
6945
7041
6027
4559
3755
3910
4479
3999
2921
2220
2653
3480
3532
3062
2323
1721
1899
3085
4015
4296
4124
4141
4331
4361
4329
2961
898
-674
-2255
-3563
-3212
-2900
-3649
-6146
-10315
-13072
-13153
-11256
-9745
-10302
-12314
-12639
-11385
-10390
-9330
-9251
-8855
-7383
-5299
-2692
-1369
-1413
-1487
-704
1084
3620
5276
5146
4739
4401
4400
4920
5056
4892
4248
3317
3126
2798
1830
177
-1944
-4563
-6208
-5041
-2688
-1207
-2458
-5060
-6748
-6036
-3474
-1246
277
950
1717
2426
3181
3763
3635
3384
4237
6386
7835
7587
5800
4282
4254
5359
6620
6944
6328
5195
4386
4151
4498
4503
3843
3335
3211
3604
3523
3223
3114
2936
2719
2821
3366
4119
4733
4318
3869
4025
4476
4360
2525
697
75
-1728
-4110
-5148
-4848
-3380
-4494
-9513
-14507
-15164
-11953
-8769
-8945
-11852
-12863
-12395
-10748
-8802
-8391
-8081
-7300
-5364
-2827
-905
-683
-1240
-1211
306
3356
5428
5769
5196
4043
3698
4552
5112
4985
4006
3430
3171
2558
1235
-355
-2125
-4548
-5518
-5029
-2583
-1013
-2280
-5198
-7393
-6341
-3632
-620
934
1678
1499
1406
2277
3062
3699
3691
4483
6060
7381
6954
5272
3870
4028
5600
6841
7395
6824
5599
4379
4033
4343
4791
4797
4134
3766
3599
3549
3592
3248
2807
2776
3223
3912
4183
4020
3622
3674
3746
4144
3441
1624
720
-568
-2663
-4775
-4887
-3910
-2911
-5624
-11206
-14343
-13687
-9451
-7608
-9560
-12342
-12656
-11044
-9251
-7957
-8471
-8141
-7129
-4943
-2366
-1498
-1779
-2308
-1658
900
3918
4830
4315
3618
3226
3687
4456
4706
4375
3546
3168
3255
2430
1098
-353
-1767
-2670
-3474
-4192
-3587
-2077
-1889
-3638
-5685
-5744
-3636
-1196
641
1489
1344
1111
1353
2239
3618
4468
4545
4734
5383
5783
5106
4119
4044
4943
5897
6640
6931
6087
4695
3774
4074
5081
5446
4812
3928
3821
3883
3376
2986
3000
3302
3436
3390
3509
3789
3295
2983
3574
4132
3789
1941
215
-503
-1091
-3759
-5264
-4504
-2927
-3291
-8712
-13477
-14267
-10681
-7395
-7876
-10775
-12747
-11505
-10085
-8219
-7669
-7915
-7272
-6098
-3817
-2149
-1973
-2403
-2194
-598
2350
4474
4536
3574
2937
2752
3663
4756
5144
5004
4013
3319
2584
1789
885
-176
-1241
-1514
-1633
-2958
-4235
-4125
-3399
-3461
-4053
-4504
-3519
-1785
-390
29
12
404
1165
2369
3489
4443
4059
3472
4015
5006
5402
4943
4722
5114
6005
6507
6624
6035
5036
4632
4885
5561
5852
5319
4241
3898
3874
3528
3093
3015
3401
3368
3138
3111
3041
2538
2514
2715
3238
3362
2304
1082
-107
-2127
-5077
-5254
-3270
-971
-2499
-8905
-13565
-13387
-8926
-6253
-7947
-11511
-12626
-10672
-9133
-8032
-8346
-8708
-8033
-6576
-3835
-2079
-2267
-3327
-3429
-1162
2387
4626
4064
2650
1977
2436
4311
5565
5672
4759
3545
3559
3519
2956
1940
769
-100
-166
79
-1434
-3629
-6147
-6135
-3121
-1443
-1803
-4098
-5400
-4584
-2385
-623
528
1366
1088
1613
2213
3161
3588
3253
3711
5052
6042
5742
5163
4738
5481
6153
6496
6891
6645
6023
5336
4985
4909
5198
5191
5012
4567
3166
2069
2020
2731
3207
2827
2429
2345
1843
1206
1607
2564
3373
2779
1150
-67
-668
-2853
-5559
-4929
-2263
487
-2651
-9761
-13752
-12125
-6734
-4846
-7397
-11459
-11726
-9464
-8233
-7999
-9369
-9143
-7708
-5542
-3226
-2860
-3613
-4329
-3597
-841
2484
3921
2855
1818
2074
3547
5170
5361
5196
4830
4972
5229
4678
3951
2849
1876
692
907
1514
1173
-1324
-5520
-6342
-4475
-1553
-1303
-3724
-5954
-6345
-4318
-2317
-204
-181
-777
-772
662
3269
3915
3243
2490
3830
5855
6878
6267
5112
5068
5703
7049
7922
7701
6656
5653
5237
5447
5686
5468
4849
3957
2836
1959
1804
1840
1547
896
922
1429
1480
912
231
480
1331
2345
2942
1920
454
-544
-737
-2279
-3918
-3179
-1610
-9
-3290
-9309
-12719
-10635
-5502
-4534
-7531
-11599
-11893
-10146
-8794
-8141
-9215
-9084
-8240
-6615
-4724
-3947
-4062
-4585
-3348
-170
2931
3892
2815
2339
2993
4963
7185
7784
7350
6190
5779
5752
5675
5676
4781
3231
1418
834
616
810
-26
-3920
-7401
-7359
-3731
-1249
-2819
-6643
-8555
-6881
-3657
-855
-414
-953
-1144
-169
2169
4334
4643
3557
3864
6078
8153
7863
6297
5619
6173
7523
8596
8584
7373
5745
4699
4647
5164
4918
3538
2295
1839
1521
548
-393
-476
-197
-87
-102
97
30
387
655
854
1546
2195
3094
2472
1325
586
87
-1782
-3531
-2492
-771
507
-3305
-9516
-12107
-9630
-5263
-5273
-8807
-12226
-11886
-10142
-9179
-9198
-10345
-10035
-8680
-6717
-4873
-4166
-4322
-4120
-2431
901
3884
4917
4483
4142
4710
6239
8284
8773
8234
7439
7118
6981
6174
5086
3722
2734
1929
1604
925
-84
-1390
-4699
-7704
-7351
-4656
-2526
-3277
-6433
-8404
-7441
-4846
-1994
-375
-214
38
586
2043
4064
4599
4316
5104
7143
8716
8345
6389
5120
5378
6444
7814
7857
6715
5032
3455
3055
3194
2804
1806
1272
1430
1399
175
-1634
-2361
-1883
-608
607
886
507
-174
3
622
1401
2319
2810
3559
3154
2685
1897
680
-2061
-5017
-3210
297
2897
-1244
-9937
-14521
-12231
-5645
-3920
-7367
-12177
-13137
-11013
-9767
-8968
-9853
-9627
-8033
-5718
-3231
-2677
-3633
-4499
-2645
1980
6126
7025
5180
3739
3990
5714
8000
8796
8705
8010
7244
6468
5395
4686
3788
3180
2337
1877
1253
131
-1532
-4993
-6855
-6069
-3907
-2668
-3807
-5898
-7373
-6395
-4248
-1443
187
208
298
546
2169
3669
4153
4068
4832
6326
6955
6569
5254
4570
4607
5440
6356
6133
5073
3618
2700
2623
2800
2408
1342
710
648
417
-289
-1346
-1758
-1601
-804
38
216
11
-314
44
730
1721
2157
2072
1907
2099
2327
2028
1685
661
-1227
-4112
-4156
-1655
581
-770
-7014
-11682
-11296
-6448
-3742
-5937
-9923
-11836
-10126
-8224
-7131
-7406
-7845
-7181
-5771
-3731
-2377
-2412
-2856
-2071
900
4156
5239
4063
2726
3377
5384
7733
8474
7467
6303
5869
6409
6445
5957
4867
3627
2772
2375
2319
1256
-253
-2784
-4618
-3716
-2342
-1917
-3437
-5091
-5824
-5187
-3599
-2216
-1207
-1517
-1418
-852
393
1547
1645
1778
2591
4202
4747
4447
3796
3667
4090
4542
5360
5424
4742
3615
2749
2685
3116
3243
2283
757
-238
-187
374
389
-346
-1326
-1816
-1244
-555
-259
-257
-418
-300
178
840
1165
1227
1252
1855
2406
2301
1749
773
0
-1873
-2439
-817
1051
688
-3971
-8571
-9612
-6108
-3295
-4511
-7807
-10258
-9055
-7622
-7146
-7433
-7877
-7266
-5917
-4103
-2864
-2477
-2782
-2287
-154
2626
4662
4801
3987
4183
5449
7106
8178
7979
7406
7348
7623
7253
6324
5195
4390
3908
3156
2655
1618
214
-2328
-4480
-3851
-2973
-2903
-4552
-6280
-6861
-6055
-5112
-4402
-3267
-3275
-2826
-2260
-913
438
485
535
1824
3833
4385
4066
3349
3552
4237
4638
4859
4609
4127
3478
2878
2563
2667
2280
1599
927
386
-136
-411
-624
-1012
-1442
-1750
-1257
-1143
-1204
-957
-539
9
502
896
1313
2064
2357
2580
3265
3415
3121
2723
1974
1847
185
-1804
-1042
563
1115
-2088
-6847
-9015
-6714
-3551
-4028
-6484
-9132
-8728
-7258
-6879
-6378
-6558
-6193
-5152
-3687
-2381
-1722
-1780
-1498
626
3049
4843
5032
4152
4429
5473
6730
7516
7541
7286
6902
6412
5532
5110
4476
3765
2934
1645
1198
480
-749
-3020
-4884
-4707
-3731
-3607
-4882
-6282
-7440
-6796
-5384
-4142
-3214
-3305
-3385
-2943
-1779
-546
226
575
1336
2277
2671
2820
2825
2707
2983
3739
4480
4592
3773
2851
2356
2574
3145
3285
2793
1955
1031
42
-183
323
751
658
-40
-586
-707
-347
345
846
1055
1326
1733
1854
1874
1958
2372
3093
3170
2509
2059
1988
1973
883
-1515
-2203
-239
1922
895
-3571
-7327
-6941
-3435
-1533
-2999
-6013
-7393
-6295
-5197
-4993
-5196
-5194
-4772
-3940
-2771
-1724
-1553
-2060
-1671
179
2562
3935
3281
2350
2741
3930
5164
5579
5294
4822
4597
4392
4164
3669
2783
2097
1319
817
582
-70
-1153
-2898
-4762
-5179
-4163
-3678
-4528
-5822
-6980
-6479
-5365
-4816
-4347
-4267
-3823
-3035
-1986
-1166
-675
-528
289
2123
2916
2908
2601
2895
3976
4823
5036
4695
4276
3923
4024
4239
4402
3993
2806
2008
1835
1669
1449
1083
582
320
-42
-182
-18
170
284
374
528
963
1716
1992
2063
1819
1835
2837
4233
4539
3442
2598
2442
2986
2112
515
587
1895
2977
562
-3629
-5992
-4747
-2054
-1835
-3703
-6365
-7264
-6977
-6683
-6132
-5963
-5697
-5654
-5323
-4491
-3902
-3615
-3432
-2198
-97
1700
2077
1024
648
1569
3488
5059
5369
4738
3698
3302
3335
3790
3771
2964
1722
526
309
87
-937
-2584
-4090
-4597
-4101
-3917
-4763
-6030
-6820
-6823
-5833
-4571
-3903
-3945
-4363
-3740
-2409
-829
349
921
1279
1826
2815
3421
4017
4137
4408
5177
5841
5952
4947
4075
3869
4312
4536
4300
3689
2729
1890
1032
579
736
1070
1141
810
231
-307
-802
-439
623
1734
2368
2261
2086
1854
2336
2872
3643
4479
4875
4791
3600
3120
3250
3824
3541
1229
-591
-296
1409
1456
-1396
-5087
-6528
-5130
-3696
-3985
-5745
-7395
-7921
-7941
-7538
-6795
-6479
-6756
-6703
-5642
-4475
-4057
-4508
-4342
-2538
-239
1197
881
163
245
1210
2610
3753
4083
3449
3111
2964
2843
2736
2387
2133
1668
1130
577
-103
-928
-1674
-2588
-3246
-2781
-2755
-3508
-3961
-4230
-4354
-3979
-3358
-2742
-2255
-2192
-1655
-633
218
862
1040
1369
2417
3228
3303
3657
4164
4341
4415
4485
4729
4836
4577
4254
4080
4016
4000
3574
2908
2620
2350
1973
1802
1645
1294
948
619
617
734
760
946
1141
1474
1887
1951
1747
1937
2421
2977
3434
3381
3184
3044
2513
2102
2327
2513
2067
200
-1864
-1822
-738
-504
-2209
-5096
-6647
-6167
-5280
-5626
-6801
-8168
-8663
-8269
-7981
-7528
-7681
-8160
-7930
-6914
-5552
-4627
-4456
-4330
-3318
-1848
-481
423
781
1307
2166
2951
3770
4270
4394
4475
4481
4506
4585
4459
3993
3344
2460
1956
1758
1350
501
-614
-1765
-2274
-2031
-2308
-2631
-3288
-3831
-3854
-3406
-2611
-2299
-2191
-2182
-1421
-698
112
815
1080
1783
2495
3219
3693
4242
4402
4482
4788
5136
5612
5437
5086
4650
4321
4226
3973
3458
2903
2594
2179
1639
999
377
101
172
357
271
-220
-563
-479
-55
418
680
643
611
951
1371
1774
1764
1512
1341
1583
2073
1873
1470
869
378
-223
-1528
-2448
-2271
-1370
-1702
-3828
-6400
-7432
-6469
-5411
-5493
-6750
-7897
-8146
-7729
-7169
-6782
-6541
-6292
-5533
-4431
-3617
-3388
-3329
-2599
-926
983
2086
2015
1682
2072
3269
4490
5203
5276
4839
4485
4243
4393
4628
4431
3615
2508
1985
1827
1488
393
-634
-1041
-1041
-1040
-1794
-2479
-2996
-3025
-2716
-2407
-2082
-2010
-1917
-1807
-1242
-632
61
738
1290
1919
2199
2416
2692
3198
3823
4320
4501
4369
4214
4027
3949
3889
3746
3575
3247
2760
2190
1491
983
877
711
247
-369
-848
-898
-804
-998
-1378
-1579
-1401
-1020
-717
-544
-485
-566
-621
-303
280
747
960
787
576
568
744
936
858
764
709
701
303
-932
-2181
-2237
-989
-382
-1737
-4027
-5288
-4550
-3395
-3445
-4641
-5607
-5519
-4989
-4612
-4538
-4463
-4424
-4153
-3285
-2340
-1726
-1724
-1715
-884
505
1732
1999
1810
1888
2452
3405
4040
4170
3855
3709
3735
3751
3896
3692
3319
2643
2061
1811
1518
1136
474
-246
-787
-968
-1433
-1900
-1998
-2201
-2550
-2826
-2570
-2153
-1876
-2026
-1942
-1370
-631
-50
44
412
949
1451
1852
2442
2955
3069
3104
3214
3558
3699
3558
3148
2900
2902
2771
2258
1537
1017
579
381
92
-476
-1189
-1720
-1798
-1774
-1913
-2258
-2545
-2567
-2202
-1787
-1609
-1471
-1340
-1041
-440
201
656
991
1403
1941
2406
2645
2760
2934
2980
3083
3228
3206
3081
2261
1121
316
337
692
425
-733
-2435
-3499
-3917
-3629
-3441
-3925
-4639
-5349
-5497
-5293
-4999
-4953
-4734
-4297
-3796
-3196
-2807
-2350
-1913
-1413
-503
708
1576
1833
1751
1931
2757
3663
4072
4053
3618
3202
3225
3254
3289
2832
1936
1186
1018
871
27
-898
-1749
-1631
-1662
-2129
-2481
-3066
-3259
-3338
-3010
-2574
-1937
-1803
-1983
-1596
-1179
-398
196
767
1355
1589
1722
2021
2494
2751
2934
3002
3227
3485
3176
2681
2351
2203
2197
2014
1664
1206
529
-79
-303
-409
-743
-1166
-1705
-1794
-1523
-1477
-1566
-1783
-1722
-1304
-563
119
606
659
618
1095
1858
2819
3371
3467
3446
3600
3591
3675
3958
4134
4094
3507
2921
2502
2169
1431
693
225
31
-312
-1510
-2642
-3422
-3646
-3842
-4294
-4703
-5043
-5362
-5825
-5928
-5673
-5214
-4937
-4930
-4628
-4071
-3543
-3106
-2662
-1925
-1067
-485
-139
256
733
1171
1661
2013
2386
2528
2273
2138
2231
2452
2331
1774
1180
1004
1002
650
199
-500
-1017
-1004
-1072
-1262
-1739
-2126
-2217
-2109
-1962
-1868
-1732
-1731
-1391
-1129
-791
-244
38
323
700
1312
1775
2026
2199
2548
2994
3156
3278
3231
3247
3381
3215
2959
2749
2575
2275
1882
1493
1104
754
396
120
-301
-726
-961
-1115
-1040
-916
-1053
-1254
-1250
-1027
-640
-240
81
390
709
996
1356
1653
2080
2614
2860
3053
3253
3415
3522
3543
3420
3348
3195
2741
2387
2034
1731
991
-179
-974
-1165
-1289
-2146
-3236
-4234
-4546
-4658
-5186
-5603
-5986
-6032
-6124
-6177
-5991
-5727
-5555
-5473
-4886
-4161
-3411
-2908
-2640
-2055
-1386
-621
146
798
1242
1500
1794
2261
2774
2856
2763
2801
2861
2950
2765
2370
1996
1564
1152
894
828
639
61
-753
-1170
-1123
-1058
-1171
-1473
-1626
-1518
-1305
-1198
-1012
-803
-561
-219
268
823
1071
1123
1214
1625
2120
2611
2751
2652
2637
2607
2687
2668
2618
2426
2230
2052
1810
1458
960
666
451
328
181
-111
-539
-1060
-1370
-1396
-1160
-944
-948
-1079
-1135
-984
-743
-374
77
421
761
1100
1351
1504
1642
1910
2352
2733
2772
2584
2467
2464
2495
2362
2106
1944
1649
1276
852
335
-229
-724
-1084
-1462
-1980
-2652
-3186
-3517
-3766
-4126
-4490
-4721
-4743
-4731
-4748
-4578
-4482
-4385
-4142
-3579
-2933
-2537
-2393
-2142
-1378
-570
-1
262
550
1027
1443
1782
2107
2386
2388
2288
2320
2394
2389
2077
1688
1517
1407
1137
544
154
31
-155
-533
-963
-1096
-1213
-1340
-1583
-1751
-1613
-1328
-1081
-1012
-932
-862
-618
-140
380
741
931
1219
1556
1825
2006
2145
2332
2518
2637
2633
2535
2345
2020
1764
1630
1572
1348
878
442
50
-260
-493
-683
-822
-942
-1060
-1296
-1445
-1472
-1390
-1112
-857
-576
-432
-317
-54
300
692
1062
1472
1787
2035
2164
2230
2437
2638
2788
2845
2750
2620
2399
2112
1844
1657
1456
1148
728
254
-105
-510
-1008
-1431
-1692
-1805
-2022
-2531
-3043
-3185
-2972
-2897
-3173
-3368
-3093
-2621
-2582
-2790
-2794
-2249
-1573
-1404
-1422
-1232
-832
-645
-625
-377
30
200
1
-78
184
414
351
54
-37
108
66
-136
-287
-269
-399
-622
-733
-711
-723
-977
-985
-835
-724
-846
-978
-821
-578
-396
-373
-156
103
247
264
423
816
1027
1010
995
1239
1469
1466
1326
1304
1422
1422
1342
1261
1201
1073
870
800
789
680
461
330
387
372
216
11
-13
65
81
91
182
332
332
204
167
432
773
939
976
1018
1196
1340
1387
1444
1622
1913
2115
2164
2026
1882
1798
1865
2042
2013
1853
1589
1355
1164
916
718
599
564
413
102
-298
-650
-761
-811
-857
-982
-1325
-1643
-1796
-1711
-1727
-1991
-2307
-2435
-2219
-2039
-2069
-2403
-2624
-2571
-2364
-2059
-1973
-2054
-2225
-2217
-2025
-1779
-1658
-1699
-1677
-1583
-1422
-1314
-1301
-1301
-1260
-1189
-998
-764
-686
-793
-878
-739
-401
-124
-123
-211
-171
59
309
430
434
482
562
691
886
988
972
870
891
1013
1168
1201
1122
1053
966
952
940
1040
1096
991
809
673
733
771
783
717
677
681
675
702
697
724
727
803
969
1127
1174
1115
1114
1248
1463
1613
1676
1665
1670
1668
1654
1643
1611
1603
1586
1527
1365
1169
995
868
765
686
614
486
297
20
-184
-267
-278
-325
-446
-588
-729
-795
-847
-865
-871
-917
-906
-850
-827
-862
-954
-990
-924
-790
-720
-768
-895
-988
-999
-1027
-1026
-1012
-1149
-1364
-1507
-1496
-1309
-1323
-1627
-2023
-2071
-1718
-1429
-1509
-1911
-2106
-1978
-1557
-1263
-1363
-1551
-1576
-1245
-820
-605
-665
-787
-669
-277
174
359
241
58
43
390
761
825
646
462
546
688
759
683
634
629
584
629
643
686
597
479
556
706
809
727
642
650
790
959
1039
1116
1130
1145
1184
1282
1407
1439
1452
1445
1471
1476
1431
1379
1319
1282
1197
1151
1082
985
824
604
497
460
472
398
233
30
-145
-232
-262
-208
-167
-235
-384
-485
-464
-431
-427
-432
-403
-337
-320
-377
-464
-498
-456
-361
-237
-195
-320
-503
-517
-355
-196
-170
-294
-428
-421
-289
-172
-154
-230
-300
-264
-142
-38
-67
-165
-208
-97
94
220
120
-217
-356
-157
118
100
-199
-420
-421
-319
-442
-651
-750
-718
-732
-922
-1021
-1067
-1198
-1351
-1277
-1066
-1061
-1294
-1508
-1374
-1067
-960
-1050
-1082
-874
-664
-647
-642
-522
-322
-171
-31
111
160
171
175
384
617
677
632
597
712
780
780
744
804
870
854
836
824
834
768
764
885
1007
965
788
703
752
876
913
892
891
849
765
686
678
696
679
650
628
584
436
255
170
212
242
151
47
-40
-105
-241
-376
-387
-307
-226
-242
-296
-357
-397
-388
-284
-111
9
16
7
76
150
215
245
314
430
517
581
586
586
547
542
600
709
774
693
598
511
459
401
347
318
278
201
68
-58
-169
-285
-362
-399
-440
-530
-609
-661
-736
-905
-1112
-1125
-987
-892
-1038
-1295
-1431
-1407
-1327
-1345
-1356
-1340
-1364
-1436
-1460
-1381
-1326
-1320
-1334
-1229
-1033
-950
-975
-988
-871
-662
-482
-341
-230
-154
-106
34
230
393
496
519
627
780
898
937
939
990
1053
1109
1158
1203
1145
1037
972
966
996
950
812
688
619
570
519
421
331
274
222
198
175
114
67
63
84
115
130
131
157
200
221
279
325
374
383
372
463
557
567
463
397
438
538
575
493
434
372
305
274
274
312
263
135
26
-4
3
-32
-82
-141
-156
-171
-183
-175
-206
-253
-267
-185
-97
-86
-139
-187
-152
-112
-94
-100
-123
-139
-198
-230
-232
-236
-279
-393
-467
-492
-462
-474
-539
-630
-687
-661
-641
-599
-612
-652
-676
-637
-521
-430
-420
-464
-428
-336
-212
-131
-101
-55
-9
38
96
188
243
237
221
271
344
332
267
230
224
225
191
124
67
15
-45
-88
-96
-100
-161
-252
-288
-279
-289
-312
-320
-292
-244
-243
-292
-315
-266
-171
-101
-92
-79
-75
-65
-16
31
95
143
152
147
156
175
171
177
210
281
313
295
254
218
212
227
254
284
304
268
204
163
154
176
202
234
228
192
160
150
187
214
252
243
261
289
285
305
308
315
297
321
366
400
391
333
325
341
366
366
320
307
322
326
305
262
220
171
170
163
136
95
27
12
-30
-63
-99
-125
-115
-104
-102
-163
-179
-183
-166
-124
-102
-88
-104
-107
-92
-59
-56
-84
-86
-43
31
9
-109
-194
-167
-74
-36
-125
-280
-334
-293
-256
-307
-440
-505
-501
-454
-458
-559
-678
-743
-708
-643
-600
-669
-783
-846
-798
-688
-664
-714
-758
-694
-592
-540
-571
-594
-526
-440
-360
-318
-303
-289
-272
-215
-122
-40
-41
-42
14
113
213
241
263
301
394
474
528
591
637
687
707
750
802
842
877
883
910
924
912
907
929
948
917
871
855
852
838
782
730
697
657
601
526
485
443
375
301
273
254
192
89
33
43
37
-7
-66
-87
-98
-119
-149
-166
-165
-183
-204
-214
-205
-213
-254
-286
-265
-238
-244
-269
-295
-306
-309
-303
-286
-272
-286
-295
-301
-293
-290
-298
-287
-254
-239
-278
-315
-325
-291
-260
-267
-286
-313
-317
-335
-336
-339
-331
-323
-340
-344
-362
-377
-411
-407
-393
-391
-392
-403
-402
-414
-411
-411
-381
-342
-319
-303
-294
-255
-227
-195
-175
-145
-96
-41
24
46
39
38
82
149
204
223
226
256
290
302
301
325
375
410
413
429
450
453
460
477
513
538
537
514
513
529
520
507
504
520
520
491
464
433
405
382
377
377
339
273
206
173
162
119
63
23
0
-57
-120
-156
-174
-173
-205
-233
-235
-230
-251
-293
-293
-266
-218
-189
-168
-152
-170
-173
-153
-101
-31
6
9
2
-1
-18
-22
20
46
48
21
0
-15
-59
-81
-96
-83
-76
-117
-170
-208
-214
-211
-223
-250
-253
-240
-220
-211
-241
-245
-202
-136
-93
-82
-71
-55
-29
0
31
79
86
86
84
107
123
75
29
32
77
73
8
-77
-106
-97
-106
-144
-199
-230
-238
-254
-270
-285
-297
-311
-307
-284
-252
-222
-214
-198
-165
-115
-60
-22
28
79
125
163
197
236
271
303
330
346
349
359
374
383
357
323
314
329
332
284
229
196
194
199
178
159
129
91
77
94
115
100
69
76
119
144
129
116
127
165
171
162
190
205
196
162
161
194
216
176
120
101
99
99
70
39
13
-35
-101
-123
-102
-100
-141
-205
-237
-229
-211
-222
-234
-239
-229
-217
-217
-202
-201
-216
-202
-160
-119
-110
-129
-154
-148
-125
-109
-91
-83
-93
-117
-150
-162
-161
-159
-150
-171
-190
-210
-222
-245
-267
-271
-255
-216
-203
-229
-273
-287
-253
-211
-187
-171
-162
-155
-146
-131
-122
-99
-69
-35
-8
-4
-4
-22
-15
18
43
63
67
67
44
45
66
89
117
122
133
150
169
179
183
198
237
278
294
310
328
335
351
383
421
450
456
444
462
487
493
485
458
461
473
457
427
386
360
337
310
278
237
201
171
149
102
40
-9
-37
-43
-60
-112
-172
-216
-230
-228
-232
-252
-290
-331
-349
-332
-316
-319
-341
-358
-345
-333
-328
-335
-346
-327
-286
-255
-259
-277
-288
-262
-220
-192
-179
-178
-177
-180
-171
-153
-131
-130
-120
-102
-82
-76
-94
-93
-83
-58
-40
-30
-22
-28
-26
-32
-13
1
13
18
13
18
21
33
38
46
43
42
49
43
50
51
48
47
47
54
44
33
21
34
55
60
55
40
47
59
66
92
119
141
134
142
177
194
206
222
256
285
291
282
275
297
309
318
313
304
286
258
252
244
222
169
132
112
97
60
7
-28
-54
-85
-126
-154
-179
-194
-215
-236
-245
-254
-263
-269
-267
-269
-269
-260
-233
-206
-204
-209
-207
-189
-159
-143
-127
-111
-119
-130
-128
-100
-76
-77
-100
-97
-62
-46
-61
-84
-76
-41
-7
-3
0
1
5
21
42
70
90
96
110
136
157
156
144
147
188
220
215
189
157
149
160
163
154
127
96
79
77
58
18
-22
-24
-5
-4
-33
-72
-93
-89
-68
-60
-47
-49
-56
-52
-34
-7
5
11
25
54
74
79
72
75
93
103
120
134
119
91
74
81
90
77
52
35
28
3
-27
-43
-46
-42
-65
-103
-119
-109
-99
-110
-132
-141
-132
-113
-104
-108
-115
-119
-105
-79
-55
-56
-66
-77
-65
-33
-16
-23
-49
-54
-44
-24
-24
-41
-63
-72
-59
-58
-64
-82
-99
-102
-94
-79
-79
-85
-101
-102
-77
-55
-54
-54
-49
-12
21
28
27
29
63
95
120
125
130
134
147
168
178
169
150
163
174
163
133
106
108
114
108
71
37
24
12
2
-8
-26
-58
-78
-66
-52
-63
-96
-110
-84
-50
-36
-54
-58
-34
-3
21
29
36
42
69
98
112
110
100
112
137
163
158
137
114
119
136
134
114
80
66
67
71
51
15
-6
0
14
-5
-32
-52
-52
-35
-29
-42
-71
-81
-64
-41
-31
-44
-62
-64
-48
-30
-30
-42
-48
-46
-38
-36
-49
-70
-79
-68
-49
-56
-89
-115
-118
-88
-79
-93
-109
-114
-102
-93
-95
-103
-102
-93
-74
-56
-53
-63
-71
-54
-26
-11
-18
-22
-16
-7
8
2
-8
-13
-4
14
10
-13
-32
-29
-13
-4
-24
-48
-49
-39
-33
-39
-48
-56
-58
-39
-28
-25
-45
-54
-30
9
28
0
-19
-1
34
58
58
54
48
67
84
98
102
102
107
118
143
149
139
131
145
165
171
170
166
167
176
180
173
164
159
168
182
177
156
127
117
130
139
127
95
62
51
54
54
34
10
-10
-26
-31
-44
-68
-86
-92
-83
-82
-110
-137
-157
-150
-137
-135
-136
-150
-162
-170
-165
-158
-158
-159
-154
-144
-143
-157
-169
-162
-142
-126
-123
-129
-129
-129
-119
-100
-96
-96
-84
-61
-36
-43
-54
-51
-21
20
31
26
25
35
50
63
79
82
74
76
97
109
93
72
56
72
90
84
60
37
30
25
24
21
16
2
-16
-14
1
1
-16
-35
-22
16
31
18
5
17
46
72
82
76
80
92
119
139
142
133
120
132
154
162
147
127
118
116
118
109
93
69
49
41
38
28
2
-22
-29
-27
-37
-58
-69
-75
-72
-76
-83
-87
-91
-90
-92
-90
-77
-81
-89
-92
-87
-84
-84
-86
-93
-88
-90
-96
-104
-108
-109
-113
-111
-117
-116
-120
-118
-113
-118
-111
-104
-90
-74
-71
-71
-61
-36
-13
6
12
23
45
59
76
90
106
116
119
122
137
152
152
142
132
134
136
134
116
99
97
96
87
66
50
37
35
33
25
9
4
0
2
2
-5
-4
-2
6
12
13
14
9
9
27
44
42
29
26
28
36
33
27
19
17
18
13
5
-13
-23
-26
-26
-25
-40
-56
-58
-54
-58
-75
-76
-67
-52
-51
-63
-70
-75
-71
-52
-25
-23
-44
-58
-51
-26
-25
-36
-45
-38
-23
-25
-38
-55
-64
-62
-51
-39
-46
-70
-89
-85
-65
-52
-64
-80
-75
-57
-44
-44
-46
-38
-26
-10
5
11
15
24
45
64
75
76
76
87
106
120
115
114
118
131
134
124
112
107
116
125
117
98
78
70
78
84
70
48
38
39
43
33
21
8
6
14
18
14
-2
-10
-6
1
6
2
-6
-7
-2
3
0
-7
-11
-6
-6
-3
-8
-16
-27
-30
-19
-26
-33
-44
-50
-49
-57
-58
-71
-78
-77
-73
-78
-89
-96
-98
-94
-90
-93
-94
-92
-88
-85
-80
-79
-78
-71
-65
-48
-43
-40
-45
-41
-20
-5
-4
-8
-1
8
13
17
19
25
30
33
35
34
33
36
37
44
44
36
36
40
48
46
40
41
42
45
47
50
49
47
42
45
58
62
55
45
49
57
62
57
48
48
54
58
55
47
39
39
37
41
38
26
28
24
19
17
12
10
2
-3
-3
-5
-9
-11
-21
-24
-26
-25
-28
-32
-35
-40
-41
-43
-42
-43
-47
-51
-46
-41
-38
-50
-61
-56
-43
-32
-39
-47
-52
-43
-38
-39
-41
-38
-38
-40
-37
-33
-39
-48
-46
-39
-30
-33
-43
-47
-44
-37
-38
-44
-40
-36
-29
-24
-27
-25
-24
-12
-3
3
9
10
22
32
37
45
49
57
67
68
74
77
79
88
91
87
82
75
76
81
87
78
58
47
47
49
48
40
30
22
19
19
14
7
0
2
7
17
13
3
3
7
17
20
19
22
27
30
23
28
34
34
33
34
34
28
22
17
22
19
9
1
-5
0
-3
-15
-26
-32
-27
-27
-29
-39
-45
-47
-45
-38
-41
-42
-49
-46
-38
-44
-45
-48
-42
-36
-40
-36
-46
-54
-55
-53
-51
-51
-60
-67
-70
-70
-71
-80
-78
-77
-78
-77
-84
-81
-79
-76
-64
-56
-50
-51
-51
-40
-25
-14
-7
-5
7
20
29
35
33
39
48
64
71
63
55
58
68
74
69
62
59
56
56
51
47
39
34
35
38
37
27
14
13
23
26
24
16
17
19
23
27
31
38
33
33
42
50
49
48
49
53
63
64
61
58
58
62
60
55
56
52
54
46
42
38
34
28
25
24
15
10
5
0
-3
-5
-12
-17
-17
-17
-20
-23
-31
-29
-31
-32
-31
-28
-25
-33
-35
-37
-36
-32
-31
-37
-41
-39
-38
-41
-47
-53
-55
-55
-54
-58
-66
-75
-79
-79
-77
-78
-81
-84
-89
-92
-91
-88
-83
-80
-79
-76
-70
-65
-61
-54
-46
-36
-27
-24
-12
-3
3
9
16
29
35
43
44
43
51
60
64
63
62
61
63
70
73
67
59
55
57
64
65
60
53
50
55
59
58
50
46
49
53
59
57
50
48
48
53
54
47
43
40
47
42
37
31
24
24
22
17
12
7
7
0
-7
-11
-16
-18
-16
-16
-16
-23
-35
-33
-29
-24
-25
-30
-25
-26
-25
-27
-31
-27
-24
-21
-20
-24
-28
-33
-30
-25
-25
-33
-38
-37
-34
-37
-45
-48
-49
-46
-43
-49
-52
-58
-59
-52
-45
-46
-54
-54
-48
-40
-41
-44
-40
-31
-24
-25
-25
-21
-19
-12
-5
1
0
1
4
14
23
22
22
23
33
39
41
43
43
48
55
60
63
56
56
62
70
73
64
61
63
67
66
61
56
54
52
44
46
43
37
29
24
25
22
14
4
1
5
5
-2
-11
-11
-10
-12
-13
-17
-16
-17
-15
-15
-17
-23
-26
-20
-15
-19
-25
-27
-24
-25
-29
-34
-32
-30
-33
-34
-40
-39
-38
-40
-39
-37
-39
-38
-38
-34
-31
-34
-30
-24
-19
-15
-18
-17
-11
-9
-2
2
3
2
-4
5
8
4
8
1
1
3
3
-3
-8
-4
-4
-6
-8
-8
-11
-13
-8
-8
-5
-6
-6
2
8
8
10
11
19
26
32
35
35
37
48
48
50
53
49
54
54
58
55
47
45
45
46
41
35
31
27
26
24
18
10
6
7
5
7
1
-3
-7
-5
-4
-2
-5
-9
-7
-7
-6
-7
-8
-10
-12
-9
-9
-15
-16
-22
-23
-24
-22
-27
-29
-32
-41
-41
-41
-41
-44
-46
-47
-49
-47
-48
-47
-43
-42
-43
-39
-36
-34
-30
-26
-23
-18
-13
-13
-12
-7
-3
0
4
6
8
4
5
7
10
12
7
7
5
2
8
5
0
-1
-5
1
1
0
-3
-7
-8
-6
-3
0
-3
-5
-3
-3
-2
3
1
2
4
8
9
8
7
6
9
13
19
19
17
14
13
20
21
17
24
23
26
26
22
24
25
28
29
29
29
28
26
27
27
29
30
25
24
26
25
21
18
19
19
17
17
12
12
8
11
11
6
6
3
2
1
2
2
3
1
-3
-5
-4
-2
-4
-3
-6
-8
-5
-10
-13
-10
-8
-10
-15
-15
-18
-20
-20
-21
-20
-20
-22
-26
-25
-28
-30
-27
-27
-27
-24
-25
-30
-30
-27
-26
-25
-25
-26
-25
-26
-25
-26
-25
-23
-25
-22
-24
-25
-23
-26
-29
-22
-20
-19
-22
-22
-19
-19
-17
-14
-16
-10
-9
-8
-3
-4
2
3
3
8
9
13
14
17
21
20
20
23
25
28
27
28
27
27
29
29
30
29
27
30
31
31
30
26
27
29
32
34
29
30
30
32
34
33
32
31
30
34
32
26
25
26
24
24
22
16
12
9
8
6
1
-3
-8
-8
-7
-14
-17
-21
-26
-19
-21
-26
-26
-28
-27
-25
-25
-25
-27
-26
-20
-20
-18
-21
-22
-16
-16
-15
-15
-18
-19
-16
-17
-17
-20
-23
-23
-26
-24
-26
-30
-31
-34
-33
-33
-40
-37
-37
-38
-36
-37
-36
-35
-35
-31
-30
-28
-23
-22
-13
-15
-15
-12
-9
1
4
4
7
5
8
12
15
18
17
22
22
22
24
19
19
23
27
30
27
25
24
26
28
28
29
31
30
30
33
31
33
33
36
36
37
37
35
36
36
34
34
33
33
33
30
27
25
21
19
19
17
12
9
4
5
0
-3
-5
-10
-9
-13
-14
-16
-21
-20
-20
-20
-20
-22
-25
-22
-22
-19
-19
-21
-18
-18
-16
-15
-16
-13
-13
-10
-8
-9
-11
-13
-11
-7
-9
-9
-11
-11
-13
-10
-13
-15
-17
-17
-15
-16
-17
-18
-20
-21
-20
-19
-18
-22
-19
-19
-18
-17
-17
-15
-13
-14
-11
-10
-9
-8
-7
-3
-5
-5
-2
-4
0
0
-2
0
-3
-2
1
-2
-1
-1
-1
-1
-3
-1
-3
-2
3
4
2
5
3
6
10
9
11
15
15
18
22
22
22
25
27
28
30
32
28
30
34
31
31
29
27
28
28
26
23
20
18
17
19
13
10
10
8
5
5
7
0
-1
5
1
0
0
0
2
1
1
4
3
3
5
5
6
2
5
8
6
8
8
6
5
2
7
4
1
3
5
2
-1
-2
-3
-5
-2
-2
-4
-7
-7
-6
-5
-5
-6
-6
-5
-4
-4
-2
-7
-8
-2
0
-2
-4
-5
-6
-5
-2
-2
-5
-7
-6
-6
-6
-7
-12
-8
-9
-12
-10
-10
-12
-13
-11
-8
-11
-12
-8
-9
-6
-4
-5
-5
-4
-1
3
1
2
4
7
11
7
9
12
9
11
16
14
11
13
15
13
14
14
12
12
13
15
13
10
9
12
16
12
10
11
9
9
16
13
11
11
11
15
12
12
12
10
13
14
13
14
8
10
15
12
12
11
7
9
9
12
9
5
8
8
9
8
6
5
6
7
10
9
6
6
8
9
9
7
8
10
8
9
10
9
9
9
9
9
8
9
9
8
9
10
7
8
8
9
8
6
7
8
9
8
9
6
5
7
8
9
5
6
6
6
7
6
3
3
4
6
5
1
3
1
2
4
3
0
1
0
2
3
1
0
2
0
2
3
0
1
2
3
4
2
2
2
1
4
1
1
3
-2
3
0
-3
-2
-2
-5
-2
-5
-7
-6
-10
-7
-9
-8
-10
-12
-11
-9
-13
-12
-11
-12
-10
-10
-12
-10
-13
-11
-6
-9
-8
-10
-8
-5
-8
-6
-4
-10
-2
-2
-3
-2
-5
-3
-1
-2
1
1
0
1
1
5
5
3
7
7
8
10
10
10
10
15
14
14
13
15
16
16
20
18
16
16
17
15
17
17
13
14
13
11
10
8
7
7
5
6
3
1
0
-1
-1
1
-4
0
-4
-4
-5
-4
-4
-4
-2
-1
-2
-5
-1
-4
-2
-3
-1
-2
-2
-4
-2
-3
-6
-5
-5
-7
-8
-8
-10
-10
-13
-10
-11
-13
-14
-14
-15
-14
-17
-15
-15
-18
-14
-16
-14
-16
-15
-15
-14
-14
-11
-14
-12
-9
-14
-9
-8
-12
-10
-8
-11
-9
-9
-8
-9
-9
-8
-8
-7
-9
-8
-6
-6
-8
-6
-6
-6
-8
-1
-3
-5
-2
1
1
0
2
2
1
3
7
5
6
4
6
8
4
6
6
7
5
5
6
3
0
3
2
-1
0
0
-2
-4
-4
-4
-5
-6
-7
-6
-7
-9
-9
-9
-9
-9
-10
-7
-13
-13
-9
-13
-13
-11
-12
-11
-11
-12
-14
-14
-12
-15
-12
-13
-14
-15
-13
-15
-17
-15
-14
-16
-15
-12
-16
-16
-15
-17
-13
-13
-14
-14
-12
-14
-13
-10
-13
-13
-10
-10
-11
-9
-10
-9
-9
-7
-7
-7
-9
-7
-6
-6
-7
-6
-5
-6
-4
-2
-5
-5
-2
-5
-2
-3
-1
-2
0
2
1
0
3
0
2
6
3
6
6
5
5
7
7
6
9
8
8
11
8
5
9
9
10
8
9
7
7
7
8
5
4
4
6
4
2
3
0
1
1
-1
2
-2
-5
-1
-3
-5
-4
-6
-4
-7
-6
-6
-8
-8
-7
-7
-8
-9
-9
-8
-8
-9
-9
-10
-11
-11
-8
-9
-9
-10
-9
-8
-11
-9
-9
-10
-9
-8
-8
-8
-10
-10
-9
-7
-9
-8
-6
-8
-9
-6
-8
-8
-7
-6
-5
-6
-7
-6
-7
-6
-5
-4
-5
-3
-4
-4
-3
-6
-5
0
-2
-2
0
-2
0
-2
2
1
3
3
4
4
5
5
4
7
6
8
9
10
7
10
10
11
11
11
12
12
11
11
12
10
13
11
12
11
10
12
11
11
12
9
10
10
7
10
10
8
10
8
6
7
7
7
6
8
6
4
8
4
4
6
7
4
6
7
3
4
4
4
4
4
4
3
4
3
1
4
2
0
4
4
0
1
3
-2
0
0
1
-1
-2
-2
-1
-4
-3
-3
-4
-2
-4
-4
-3
-5
-7
-3
-5
-6
-4
-4
-7
-5
-5
-5
-4
-7
-4
-3
-3
-5
-2
-2
-5
-2
-1
-3
-1
-1
0
0
-2
-1
1
0
2
2
-1
3
0
1
5
1
1
3
4
2
1
4
3
-1
5
3
1
4
2
3
3
0
1
1
2
2
1
4
-1
0
2
1
3
0
2
2
-1
2
1
0
1
1
3
1
1
1
0
1
1
2
1
0
1
1
0
0
1
-1
-1
1
1
-2
0
-2
-2
-2
-2
-4
-1
-3
-4
-4
-4
-7
-6
-2
-6
-6
-4
-6
-10
-5
-9
-8
-8
-9
-7
-8
-9
-9
-10
-10
-9
-8
-7
-11
-9
-8
-9
-9
-8
-9
-9
-6
-7
-7
-9
-8
-6
-8
-7
-6
-7
-6
-6
-6
-6
-6
-6
-5
-4
-5
-5
-2
-5
-5
-2
-3
-5
-2
-3
-3
-3
-2
-6
-3
-3
-2
-3
-3
-3
-4
-3
-3
-5
-1
-3
-3
0
-2
-6
-3
-3
-4
-4
-2
-3
-5
-3
-4
-3
-7
-5
-3
-5
-6
-2
-7
-7
-4
-6
-4
-6
-7
-5
-4
-9
-6
-4
-7
-8
-3
-6
-8
-5
-8
-6
-5
-8
-5
-4
-8
-5
-5
-6
-7
-4
-4
-6
-4
-3
-6
-4
-3
-4
-4
-5
-3
-2
-4
-3
-2
-3
-2
-1
-2
1
-2
-1
-1
0
-1
-1
1
0
0
1
1
0
1
0
1
3
0
2
4
1
2
4
1
3
2
4
6
3
3
5
4
4
6
5
6
4
8
6
6
6
6
8
7
7
8
7
5
7
9
6
5
9
6
6
7
6
6
4
7
7
3
5
5
3
5
3
4
4
2
3
2
3
3
1
1
2
-2
3
1
0
1
0
0
-1
0
1
-1
1
2
-2
2
0
-1
1
2
0
1
4
1
1
3
1
3
3
2
5
4
3
3
4
4
3
6
7
4
6
6
5
5
7
7
7
7
8
5
8
9
6
9
10
8
10
9
8
10
8
10
10
13
11
10
12
11
10
12
11
13
12
12
15
12
15
12
15
14
12
16
15
13
17
15
14
14
15
17
14
16
16
15
14
15
15
15
15
15
15
15
14
13
14
13
12
12
