SAMPLES:	9773
BITSPERSAMPLE:	16
CHANNELS:	1
SAMPLERATE:	16000
NORMALIZED:	FALSE
0
4
5
-11
-13
6
-6
-13
1
10
2
-1
1
10
10
5
7
-2
3
5
4
-3
3
6
0
-4
-9
-2
1
1
2
0
7
2
4
-1
-7
-4
-3
0
7
5
-4
-16
-8
-2
-10
-8
-2
5
2
1
-4
4
4
7
4
-6
-1
-4
5
8
-7
-3
-2
-2
8
1
5
7
4
2
-7
-6
-2
-3
-10
12
-4
-8
-5
0
-1
-14
-8
-23
-28
-13
-5
-12
-8
-9
-26
-17
-5
-3
1
-6
-11
-8
-9
0
-3
-15
-13
-13
-4
-3
1
14
8
3
6
5
1
8
2
-11
-3
-3
-10
-6
-12
-6
3
-10
-1
-7
-2
-2
3
3
2
13
10
0
-2
19
13
15
10
6
18
20
11
7
17
8
1
7
5
6
0
8
-11
2
10
3
10
-2
-15
-11
0
2
-13
-6
-1
-13
-11
-20
-1
1
-2
1
-6
0
10
10
7
17
9
2
14
-4
3
0
-12
-2
-7
-2
1
5
9
2
-2
-6
1
7
10
1
-11
-7
-16
-16
-1
2
8
7
4
2
-8
-1
8
-5
-3
-14
-8
2
6
7
5
9
-13
-13
-10
-3
8
-1
-5
-9
-19
-10
-11
-8
-1
-9
-18
-10
-2
4
-5
6
6
-1
-3
-12
-9
-13
-1
-6
0
-2
1
-3
1
4
-8
-1
8
0
1
17
2
3
1
-5
4
-3
2
4
3
4
-4
4
4
1
3
-10
-8
-6
0
9
-7
-14
-10
-6
-4
7
-1
0
-4
-14
-5
0
-8
2
0
-13
-15
-22
-11
-6
5
-10
-4
16
18
15
9
17
-1
3
4
8
20
14
19
10
13
1
2
2
0
1
-2
7
7
9
3
3
-3
-6
2
6
10
7
-13
-8
1
-12
-8
12
23
1
-1
9
-1
4
2
5
26
17
12
2
-7
-1
0
-1
-9
-1
3
-3
-6
-3
-3
0
2
3
1
-2
-5
-1
4
3
-12
-12
-4
-6
5
10
-2
-4
-5
-1
6
5
4
12
15
6
10
5
8
14
14
11
13
3
-3
7
16
6
-6
4
3
0
-2
2
2
-9
-5
-3
1
5
4
7
0
3
3
10
14
2
-8
8
8
2
12
4
0
3
3
0
3
0
-9
-8
-6
-2
3
-7
-2
-8
-2
2
-3
-5
6
0
-9
-2
-10
-4
2
6
-2
8
2
-2
0
-4
-9
-4
3
3
-3
-5
-3
-4
-1
-2
-5
-3
7
-2
-5
-5
-11
-5
-10
-12
-8
-20
-4
-2
-3
2
-10
0
4
-2
3
-1
-8
3
3
-8
3
13
15
9
0
7
15
16
11
18
22
14
12
20
8
10
11
-8
5
15
6
1
16
17
11
11
7
10
5
2
4
8
8
9
12
3
0
-11
-9
-2
-2
-4
-3
-1
-2
-8
-15
-9
-13
-12
-20
-12
-15
-20
-20
-18
-23
-18
-7
-15
-10
-10
-7
-12
-5
0
13
14
-2
6
18
21
16
7
-8
-3
10
1
2
-2
2
8
-1
1
-5
9
-2
4
15
2
6
3
6
5
18
16
9
14
16
16
6
0
8
3
5
6
-10
11
7
14
18
9
21
16
17
12
7
17
1
-1
2
-11
2
0
2
4
-4
3
-10
-15
-14
-15
-2
-11
-19
-21
-16
-10
-24
-12
-7
-29
-11
-4
-6
-1
7
1
-9
-3
-11
-7
-8
-11
0
-7
-7
8
5
1
-10
-1
3
9
5
-4
-4
-5
-1
-2
7
3
1
4
3
5
6
-1
0
9
13
7
11
13
9
6
4
-1
-4
2
-8
-1
-5
-1
9
-7
-7
-3
-8
-5
-8
-9
-9
-9
-5
-5
-1
0
5
-7
-2
5
-5
3
-3
3
4
11
20
2
9
1
-2
-8
-12
-21
-17
-12
-9
8
-3
-4
-3
-9
-14
-11
-1
-10
-12
-4
-12
-15
-11
-2
-11
-1
0
-10
5
10
5
3
9
8
13
4
0
-2
-3
13
-8
-7
5
-7
-6
2
7
7
13
-4
-10
6
7
8
10
6
-2
-7
11
18
10
11
0
-7
-11
-3
4
-3
-15
-18
-26
-3
5
-1
11
0
-10
-19
-8
1
5
17
15
15
10
2
4
-5
1
-1
4
7
-3
-7
-20
-13
-2
11
19
5
4
0
-9
-2
-4
8
17
7
12
-5
-22
-22
-20
-7
5
14
-16
-38
-38
-17
10
39
24
-30
-103
-146
-65
25
87
130
86
6
-47
-33
34
79
67
-2
-72
-101
-76
-23
30
53
25
12
-3
-22
-18
5
10
-1
6
12
-20
-16
-4
-3
2
12
1
-17
-9
5
24
39
62
19
-28
-45
-42
-24
16
17
-5
-18
-13
18
22
-3
-41
-64
-54
-27
-19
5
-26
-56
-42
-34
6
24
7
-37
-50
-24
38
102
119
80
8
-33
-13
48
76
67
4
-53
-61
-13
34
52
7
-67
-98
-107
-61
6
38
30
25
13
-7
18
48
30
44
38
15
37
35
-22
-61
-41
-29
-3
15
-7
-76
-88
-35
48
115
78
-1
-41
-21
35
101
103
21
-47
-51
-37
4
52
17
-55
-97
-90
-23
51
106
63
-19
-17
-4
58
149
130
17
-22
-19
12
134
62
-211
-375
-458
-408
-129
89
245
303
164
65
38
66
147
159
56
-26
-111
-188
-31
157
130
50
16
-107
-247
-160
25
63
31
58
10
-101
-75
74
227
146
-95
-197
-273
-236
55
235
118
20
-3
-36
-42
27
97
-116
-278
-67
37
48
280
293
7
-30
-60
-236
10
205
-47
-47
-14
-246
-19
210
-44
-41
76
-118
9
231
-26
-156
-149
-175
20
80
23
165
105
-2
51
-40
5
145
57
45
144
-8
-182
-63
110
114
-88
-224
-70
-42
-61
87
159
96
-41
-94
-70
-86
59
320
108
-312
-270
-49
78
174
126
-57
-289
-325
62
341
205
16
-277
-385
135
526
365
145
-154
-451
-232
106
194
301
115
-310
-353
-46
183
246
64
-295
-342
78
287
156
103
-129
-275
26
270
390
362
-250
-710
-313
221
391
346
-32
-506
-456
104
399
187
167
146
-469
-577
230
542
241
-46
-446
-355
301
293
87
354
20
-606
-417
127
396
225
-180
-349
-222
146
370
231
48
-147
-402
-162
428
382
-35
0
-77
-515
-128
562
197
-344
-207
-123
13
349
111
-162
10
-206
-311
458
609
-230
-519
-265
-70
286
549
298
-281
-549
-190
197
326
332
76
-453
-595
-98
170
115
121
-296
-566
147
406
-22
139
15
-278
252
350
26
253
-191
-817
-155
378
280
219
-180
-304
150
52
-4
328
-252
-509
188
8
-48
779
328
-522
-60
116
-77
496
251
-887
-879
-501
-588
72
844
546
227
204
-3
71
266
230
168
73
29
-118
-434
-92
407
48
10
306
-446
-780
210
280
-586
-254
457
184
237
611
-217
-770
-44
43
-28
695
385
-571
-498
-114
345
558
130
-76
-290
-523
-204
154
329
93
-310
237
569
-50
235
650
-606
-1261
141
489
-375
163
497
-513
-474
374
346
163
93
-212
-470
-197
304
74
-54
209
-330
-365
580
444
-63
191
-225
-730
136
671
20
-31
237
-390
-438
118
73
127
209
-82
-462
-742
26
1027
374
-343
100
6
-725
-275
670
260
-45
278
-458
-545
597
153
-481
140
-65
-125
479
-221
-738
223
413
-234
111
597
99
-289
-283
-105
468
353
-460
-413
-20
311
505
-223
-389
439
-224
-822
798
888
-748
-421
-105
-586
769
1235
-491
-849
-319
-80
1000
991
-493
-411
102
-990
-967
928
1184
-151
-613
-527
-192
432
424
212
-2
-239
170
155
-179
457
360
-877
-962
35
782
806
78
-614
-667
-80
278
-169
149
892
95
-833
-395
202
360
95
-403
-244
253
331
379
236
-441
-668
25
601
367
-122
-422
-450
-196
213
942
848
-934
-1307
310
313
-7
1312
556
-1588
-955
85
96
920
855
-166
-659
-1362
-264
1897
1081
-549
-1096
-1311
101
1176
452
441
-149
-1563
-559
1067
683
347
435
-430
-667
73
-57
-151
608
192
-997
-382
794
37
-804
145
746
116
-1
135
-350
-689
-36
980
438
-561
-18
-160
-969
413
1219
-359
-529
545
-148
-724
436
439
-702
-205
477
488
652
-342
-1047
-130
352
-35
15
566
-9
-854
36
225
-402
904
879
-1492
-849
1592
669
-756
101
-69
-818
188
811
181
-394
-711
-572
-231
451
1201
230
-988
-466
-285
-228
1030
941
-488
-773
-291
266
626
303
-177
-494
-516
-16
700
909
211
-819
-1003
-187
384
838
1066
78
-669
-969
-1125
648
1751
201
-666
-661
-401
604
118
-664
299
11
-1277
-308
1364
1003
-234
-763
-672
-441
253
1207
827
-115
-482
-946
-4
1598
651
-585
-507
-878
-464
918
1016
224
-615
-1416
-997
589
1367
665
-216
-643
-906
-372
679
837
348
-551
-1264
-177
1414
1013
-246
-643
-877
-949
263
1409
1106
-46
-1362
-765
612
212
549
779
-852
-459
526
-398
209
931
-859
-1315
366
716
295
359
-397
-1000
-494
113
847
674
-543
-606
-85
62
404
238
7
178
-82
83
516
-54
-466
-58
242
-66
-120
608
-121
-1432
-367
446
-49
644
776
-503
-626
196
218
117
520
-168
-807
349
657
-274
-391
-251
-353
-215
36
264
931
822
-1090
-1514
199
490
302
680
111
-153
-175
-649
241
882
-349
-532
194
114
585
699
-590
-735
-358
-760
203
1343
574
-344
-788
-956
-264
381
1003
1182
-483
-1374
40
480
-57
149
0
-232
281
378
-85
407
394
-1202
-1173
364
464
137
476
3
-1112
-780
327
251
512
1127
-61
-989
-140
275
-36
371
725
-150
-422
233
-115
-225
637
111
-906
-170
531
348
670
423
-501
-399
-120
-75
538
821
147
-789
-904
-25
305
51
436
267
-564
-292
-173
-586
395
591
-774
-456
589
329
223
333
-456
-856
-54
349
249
322
-54
-375
-41
104
-316
-122
751
194
-698
30
394
-207
-336
-145
-200
69
511
-31
-484
-130
-392
-637
-41
362
211
-189
-48
41
-401
-109
4
-315
414
645
-160
94
372
-424
-244
337
-4
341
1026
462
-451
-507
-290
-139
606
882
238
83
-115
-781
-756
-9
327
68
129
-10
-260
130
-95
-322
207
-103
-286
350
491
166
-234
-297
11
156
307
417
105
-355
-290
-132
-278
112
551
329
101
-18
-126
185
517
136
-111
151
198
261
174
-422
-514
159
424
-12
-97
-17
-564
-352
282
-274
-352
402
248
-422
-352
129
-17
-506
-450
-98
-9
42
439
346
-253
-181
-107
32
768
598
-115
109
321
25
212
567
386
47
-225
-550
-485
-144
5
40
-121
-512
-603
-183
155
201
98
-166
-28
305
180
290
364
-313
-520
-16
89
17
136
-175
-556
-444
-268
116
352
-34
-213
-362
-404
146
197
-192
-58
-126
-639
-482
11
-100
-193
-237
-609
-537
-257
-311
-268
-59
58
2
71
210
78
176
333
43
178
696
873
734
513
417
224
-18
77
415
746
713
249
-130
-246
-387
-235
383
738
733
800
842
721
686
868
829
720
1184
1563
1508
1564
1400
860
608
825
1054
1374
1912
1922
1697
1758
1723
1867
2054
1515
400
-759
-1917
-2858
-2733
-2037
-2165
-2992
-4306
-5880
-6550
-5962
-4923
-4209
-3963
-3987
-4211
-4209
-3316
-1829
-705
-116
264
517
1095
1946
2210
2026
2080
2322
2657
3158
3418
3079
2179
842
-238
-509
-334
-278
-681
-1371
-2098
-2706
-2731
-2655
-2830
-2646
-2379
-2355
-1965
-1144
-477
-139
180
714
1405
2125
2789
3244
3087
2630
2818
3279
3500
3763
3719
3181
2682
2198
1737
1703
1708
1311
731
56
-422
-475
-388
-359
-346
-358
-300
61
349
170
162
677
1411
2226
3124
4123
4905
5270
5668
6190
6748
7240
7089
5420
2471
-46
-1834
-2914
-2487
-1891
-2842
-5077
-7920
-10400
-11493
-11042
-9316
-7644
-7281
-7524
-7696
-7616
-6478
-4422
-2614
-1253
-132
643
1451
2427
3050
3324
3648
4156
4944
5763
6036
5568
4233
2408
1144
740
1106
1471
1006
-12
-1590
-3327
-4268
-4582
-4722
-4822
-5012
-5385
-5871
-5852
-5381
-4964
-4064
-2531
-1050
51
919
1622
2104
2699
3845
5308
6665
7537
7455
6577
5589
4852
4490
4426
4072
3158
1866
133
-1621
-2740
-3306
-3507
-3363
-3206
-3386
-3630
-3712
-3732
-3337
-2419
-1212
371
2030
3148
3705
3956
4228
4883
5877
6823
7683
8155
7891
7534
7387
7340
7661
8188
8445
8134
7343
5864
2718
-1292
-4631
-7480
-8957
-8185
-7383
-8502
-10893
-14007
-17213
-18367
-16540
-13047
-9815
-8044
-7465
-7479
-7047
-4806
-1352
1868
4573
6363
7000
7310
7836
8208
8151
8035
8030
8010
7862
7212
5652
3014
-157
-2688
-3891
-3946
-3805
-4136
-5093
-6853
-8603
-9104
-8811
-8433
-7455
-6627
-6676
-5871
-4144
-2698
-988
917
2403
3762
5261
6707
7598
7829
7933
8168
8434
8687
8824
8157
6285
4148
2377
996
270
-131
-1067
-2693
-4477
-6042
-7015
-7032
-6293
-5260
-4425
-4049
-3720
-3078
-2235
-1174
383
2371
4153
5879
7474
8169
8300
8436
8538
8746
9393
9895
9654
9147
8476
7542
6922
6696
6662
6548
5711
4318
2121
-1782
-6127
-9473
-12232
-13412
-12217
-11301
-12216
-14003
-16381
-18443
-18396
-15752
-11520
-7573
-5009
-3499
-2622
-1508
949
4323
7247
9401
10683
10735
10405
10070
9142
7895
6640
5573
4743
3712
2296
217
-2801
-6072
-8400
-9289
-8975
-8196
-7851
-7999
-8364
-8845
-8559
-6990
-5336
-4040
-2506
-1344
-535
1197
3355
4952
6374
7534
7946
8023
8299
8515
8214
7464
6606
5675
4777
3973
3004
1449
-550
-2215
-3429
-4276
-4496
-4487
-4872
-5712
-6659
-6956
-6257
-4843
-3055
-1444
-469
-63
260
1100
2481
4033
5694
7205
8112
8621
8908
8717
8402
8326
8165
7916
7773
7170
5885
4476
2982
1691
1311
1388
1334
1179
883
590
587
656
3
-2187
-5596
-8882
-11344
-12344
-10908
-8481
-7882
-9152
-11145
-13362
-13873
-11194
-6985
-3355
-1034
-168
-314
-111
1652
4377
6548
7794
8225
7587
6568
5992
5149
3561
1924
653
-195
-458
-668
-1830
-4134
-6802
-8697
-9062
-7928
-6102
-4765
-4324
-4301
-4375
-4034
-2742
-953
462
1420
2089
2629
3473
4472
5147
5526
5725
5760
5812
5721
5058
3909
2665
1660
1058
878
937
505
-730
-2145
-3340
-3899
-3428
-2564
-2149
-2233
-2658
-3223
-3256
-2373
-1106
112
1225
1899
2121
2326
2706
3238
4062
5131
6157
7019
7537
7509
6879
6007
5459
5190
4948
4879
4629
3695
2564
1546
499
-234
-634
-1151
-1673
-1922
-1820
-1397
-878
-183
571
907
1242
1555
527
-1782
-4249
-6845
-8916
-8924
-7137
-5454
-5022
-5999
-8106
-10032
-10093
-7908
-4672
-1722
185
544
-21
70
1361
3028
4408
5302
5202
4266
3360
2544
1454
252
-739
-1469
-1813
-1736
-1944
-3013
-4709
-6451
-7453
-7108
-5630
-3755
-2374
-1858
-1807
-1670
-973
292
1682
2661
2995
3077
3295
3615
4040
4578
4822
4525
4023
3563
2986
2211
1385
600
-20
-244
-59
116
-136
-851
-1653
-2093
-1949
-1168
-212
360
454
-32
-628
-707
-290
574
1546
2113
2314
2256
2018
1877
2060
2657
3429
4172
4980
5475
5244
4606
3962
3453
3226
3297
3427
3103
2275
1450
582
-252
-552
-595
-1017
-1596
-1836
-1884
-1665
-699
358
889
1569
2450
3189
4054
4585
3464
555
-2782
-5729
-7727
-7591
-5838
-4762
-5444
-7402
-10013
-12131
-12044
-9632
-6549
-4032
-2467
-1959
-1986
-1376
309
2120
3388
4373
4758
4358
3951
3584
2516
1144
274
-166
-319
-171
-296
-1535
-3481
-5131
-5949
-5611
-4265
-2785
-1830
-1533
-1562
-1406
-934
30
1256
2168
2740
3311
3811
4008
4184
4221
3889
3742
3747
3434
2873
2007
742
-448
-970
-819
-387
-128
-330
-1011
-1845
-2285
-2025
-1184
-255
372
487
1
-684
-922
-500
215
1140
2028
2256
2008
1757
1492
1532
2250
3263
4369
5207
5337
5068
4692
4294
4204
4424
4423
4038
3262
2135
931
34
-457
-680
-774
-1115
-1712
-2002
-2101
-2013
-1144
31
816
1705
2814
3516
4082
4537
3697
1110
-2142
-5146
-7531
-8402
-7404
-6133
-6308
-7842
-9909
-11889
-12492
-10708
-7516
-4546
-2426
-1155
-750
-305
1166
3057
4547
5664
6211
5846
5088
4369
3279
1802
527
-272
-644
-719
-925
-1811
-3392
-5117
-6303
-6376
-5330
-3747
-2347
-1445
-821
-329
253
1202
2262
3086
3650
4075
4377
4455
4325
3986
3352
2621
1965
1322
614
-180
-1069
-1961
-2456
-2426
-2085
-1714
-1569
-1649
-1593
-1362
-829
145
1047
1578
1833
1721
1276
1037
1080
1234
1552
1900
2042
2001
1838
1500
1353
1722
2378
3218
3984
4314
4262
3950
3636
3553
3679
3844
3670
3063
2133
990
66
-478
-891
-1178
-1374
-1702
-1998
-2070
-1974
-1628
-961
-227
604
1624
2534
3325
4150
4656
4604
3968
2178
-695
-3842
-6696
-8631
-8841
-7989
-7584
-8148
-9529
-11220
-12106
-11138
-8361
-4831
-1889
-108
744
1214
2058
3660
5384
6635
7257
7033
6104
4994
3665
2010
383
-845
-1533
-1864
-2156
-2868
-4207
-5878
-7097
-7232
-6217
-4429
-2604
-1234
-361
271
1051
2007
2938
3725
4184
4206
3981
3861
3573
2852
2191
1669
1010
422
-11
-573
-1333
-1949
-2127
-1963
-1497
-790
-245
-139
-187
21
421
920
1567
2003
1842
1380
865
298
12
166
538
919
1221
1375
1318
1168
1236
1620
2286
3304
4371
5021
5157
4889
4388
3990
3995
4079
3785
3175
2157
815
-376
-1227
-1900
-2452
-2770
-2894
-2893
-2589
-1892
-1106
-376
380
1230
2203
3251
4236
5130
5706
5781
5465
4137
1300
-2225
-5638
-8665
-10222
-9683
-8664
-8685
-9528
-10952
-12391
-12263
-9873
-6106
-2515
3
1471
2114
2639
3982
5768
6981
7569
7614
6700
5265
3904
2104
-184
-2082
-3180
-3738
-3893
-4005
-4809
-6306
-7566
-7944
-7300
-5523
-3109
-1172
133
1347
2342
3064
3860
4627
4953
4875
4700
4531
3892
2760
1791
893
-117
-627
-819
-1601
-2463
-2871
-3197
-3104
-2164
-988
-187
304
674
999
1358
1942
2715
3173
3033
2654
2146
1352
753
666
670
759
1161
1333
969
623
508
496
948
2049
3205
4010
4479
4447
3980
3611
3527
3502
3373
3075
2476
1532
535
-223
-749
-1225
-1455
-1358
-1486
-1629
-1147
-797
-702
195
1404
2110
3113
4486
5130
5487
6030
5744
4048
1318
-2097
-5819
-8919
-10310
-9937
-9248
-9311
-10113
-11643
-13137
-12881
-10474
-6916
-3146
-125
1500
2308
3302
4671
6153
7528
8293
7971
6964
5646
3847
1730
-246
-2101
-3511
-4034
-4198
-4725
-5649
-6819
-7968
-8237
-7208
-5218
-2976
-1171
224
1487
2535
3425
4331
4974
5028
4892
4827
4544
3993
3136
1937
738
-206
-795
-1116
-1581
-2302
-2999
-3446
-3257
-2232
-963
-37
530
881
1112
1532
2356
3170
3514
3421
2987
2168
1331
900
640
375
365
421
289
105
-31
-56
202
929
2051
3278
4167
4640
4760
4558
4384
4391
4316
4079
3655
2768
1676
803
69
-550
-918
-1153
-1539
-2028
-2256
-2065
-1544
-477
1042
2405
3400
4126
4451
4572
4903
5229
4971
3331
65
-3844
-7498
-10329
-11159
-10044
-9169
-9530
-10450
-11829
-12928
-12037
-8981
-5166
-1679
1026
2612
3388
4256
5508
6642
7325
7624
7297
6163
4601
2701
350
-1967
-3579
-4324
-4528
-4659
-5154
-6243
-7470
-7993
-7489
-6044
-3798
-1596
-196
990
2284
3139
3737
4639
5217
5133
5291
5548
4957
3838
2673
1254
74
-228
-135
-401
-1101
-1996
-2916
-3349
-2755
-1428
-212
596
1150
1341
1329
1684
2283
2605
2723
2733
2376
1642
843
86
-554
-758
-491
-101
125
75
-186
-330
93
1225
2756
4155
4976
5185
5077
4931
4924
5068
5120
4768
3976
2928
1858
814
-277
-1197
-1809
-2305
-2493
-2290
-2089
-1878
-1423
-761
143
1395
2615
3530
4278
4773
4808
4190
2372
-779
-4263
-7227
-9188
-9336
-8126
-7553
-8411
-9891
-11375
-11904
-10204
-6706
-3081
-420
1091
1716
2167
3254
4905
6238
6832
6675
5720
4265
2717
1001
-1004
-2834
-3924
-4309
-4385
-4521
-5116
-6210
-7059
-6817
-5641
-3818
-1571
87
921
2034
3563
4721
5802
6788
6751
5943
5360
4742
3551
2451
1611
484
-581
-1010
-1601
-2895
-3906
-4304
-4450
-3840
-2272
-962
-493
-116
375
772
1505
2635
3352
3363
3133
2859
2257
1487
958
399
-109
-32
402
635
617
342
-70
-75
614
1830
3117
4057
4442
4344
4142
4227
4429
4391
4188
3681
2708
1712
941
145
-614
-1191
-1601
-1801
-1841
-1636
-1124
-515
221
1166
2046
2750
3322
3857
4440
4942
5284
5115
3296
-252
-3989
-7346
-10056
-10623
-9365
-8779
-9465
-10526
-11896
-12789
-11602
-8407
-4775
-1725
499
1713
2263
3253
4813
6043
6941
7543
7210
6010
4495
2549
149
-1905
-3088
-3472
-3497
-3740
-4507
-5951
-7190
-7196
-6219
-4540
-2305
-678
-49
895
2312
3528
4806
5901
5988
5385
4811
4148
3255
2396
1572
624
-150
-562
-1156
-2108
-2968
-3577
-3678
-2803
-1462
-381
352
605
592
954
1762
2565
3183
3398
3110
2628
2045
1366
571
-308
-900
-1051
-828
-297
54
-171
-491
-403
24
1094
2736
4075
4728
4988
5051
4965
4893
4919
4835
4323
3620
2956
2062
1156
455
-344
-1001
-1291
-1489
-1463
-1123
-756
-183
523
1008
1430
1830
2293
3027
3762
4058
3346
795
-2976
-6377
-9087
-10423
-9601
-8213
-8148
-9036
-10241
-11434
-11258
-8870
-5330
-2110
354
1852
2412
3001
4222
5483
6467
7152
6974
5861
4373
2493
282
-1620
-2991
-3823
-3962
-4066
-4760
-5806
-6761
-7055
-6373
-4807
-2809
-1093
-82
835
2187
3550
4959
6453
7110
6721
6159
5456
4152
2940
2170
1107
202
113
-489
-2119
-3410
-4413
-5326
-4757
-2934
-1592
-831
-328
-418
-392
476
1765
2826
3389
3496
3191
2526
1884
1353
500
-237
-259
-84
153
568
474
-134
-240
328
1145
2296
3583
4250
4187
4249
4677
4819
4839
5045
4613
3534
2762
2029
936
218
-147
-680
-940
-1028
-1362
-1544
-1335
-742
423
1739
2655
3056
3035
3148
3473
3752
3895
2801
-343
-4025
-7034
-9559
-10435
-9255
-8460
-9062
-9911
-10745
-11349
-10325
-7426
-4184
-1539
608
2076
2719
3549
4972
5986
6514
6990
6656
5308
3834
2103
-144
-2013
-3017
-3601
-3983
-4299
-4964
-6091
-6862
-6562
-5630
-4280
-2320
-689
-8
1032
2737
3923
5054
6483
6850
6135
5516
4758
3417
2330
1805
1166
327
-324
-1251
-2982
-4497
-4894
-4665
-3858
-2314
-1159
-968
-925
-560
81
1216
2616
3561
3736
3381
2868
2173
1396
819
357
-71
-171
-73
-177
-400
-679
-862
-466
510
1634
2759
3629
3995
4149
4406
4834
5161
5232
5064
4518
3526
2489
1654
746
50
-179
-389
-740
-1069
-1498
-1817
-1489
-600
631
1940
2736
2865
2801
2798
2863
3141
3112
1727
-1201
-4555
-7616
-10008
-10636
-9573
-8772
-9033
-9567
-10320
-10845
-9779
-6939
-3532
-678
1382
2694
3393
4075
5235
6407
7028
7108
6623
5429
3768
1946
-43
-1971
-3218
-3731
-3988
-4368
-5073
-6029
-6797
-6717
-5660
-4015
-2201
-763
103
1138
2629
4125
5472
6554
6805
6307
5650
4899
4042
3111
2137
1346
716
-117
-1133
-2388
-3858
-4834
-4761
-3888
-2684
-1637
-1179
-1177
-1078
-405
751
1910
2721
3062
2844
2342
1928
1421
741
233
-73
-82
294
420
93
-226
-477
-407
554
1934
2957
3559
3783
3793
3925
4264
4640
4788
4482
3921
3256
2427
1647
895
120
-299
-360
-454
-483
-504
-700
-551
159
1027
1890
2585
2925
2973
2862
2782
2240
-41
-3174
-5653
-8239
-9991
-9161
-7985
-8524
-9157
-9445
-10104
-9754
-7268
-4049
-1654
138
1726
2594
3143
4367
5606
6089
6311
6223
5262
3824
2200
226
-1701
-3036
-3688
-4016
-4455
-5066
-5836
-6528
-6441
-5473
-4191
-2600
-964
-129
723
2432
3872
4939
6342
7083
6574
5950
5393
4173
2823
1956
1179
374
-204
-984
-2445
-4026
-5144
-5670
-5206
-3839
-2448
-1568
-1169
-1039
-771
-3
1270
2575
3464
3811
3549
2780
1842
1028
384
-26
-30
117
88
-140
-435
-700
-693
5
1175
2325
3340
4003
4107
4163
4521
4752
4915
5224
5057
4264
3488
2614
1482
686
405
231
-12
-219
-527
-1024
-1080
-308
712
1633
2463
2881
2763
2660
2899
2912
1689
-945
-3855
-6625
-9078
-9643
-8472
-8048
-8780
-9374
-9993
-10446
-9284
-6511
-3719
-1646
135
1601
2587
3667
4925
5667
5883
5995
5755
4889
3660
2006
-70
-1921
-3078
-3541
-3839
-4449
-5235
-6037
-6505
-6155
-5175
-3889
-2389
-1189
-321
1140
2915
3990
4879
5814
6011
5690
5659
5547
4519
3130
2022
760
-450
-927
-1441
-2625
-3645
-4285
-4932
-4983
-4042
-2845
-1940
-1073
-218
263
569
1269
2228
2913
3434
3757
3303
2145
1102
366
-207
-392
-161
-52
-362
-601
-452
-302
35
1104
2320
3222
4097
4743
4894
4956
5053
5135
5428
5490
4901
4031
2951
1709
765
343
207
-126
-683
-1052
-1274
-1367
-783
282
998
1549
2361
2971
3147
3418
3611
2310
-698
-3476
-5670
-8255
-9328
-7964
-7417
-8637
-9309
-9714
-10760
-10265
-7316
-4194
-2067
-145
1385
2019
2786
4300
5538
6019
6319
6118
5027
3710
2229
247
-1682
-2927
-3549
-3906
-4380
-5235
-6331
-7121
-7050
-6176
-4652
-2693
-1230
-497
751
2581
3813
4916
6347
6858
6340
6133
5973
4706
3139
2178
1104
-23
-330
-771
-2343
-3994
-5060
-5827
-5654
-4161
-2619
-1805
-1298
-902
-627
-58
1099
2376
3242
3690
3804
3316
2331
1377
711
348
291
503
683
324
-344
-608
-495
-27
1096
2420
3310
3854
4131
4218
4484
4735
4860
5192
5191
4488
3722
2847
1606
643
301
110
-110
-328
-645
-873
-886
-423
612
1552
2128
2706
3289
3478
3539
3725
2869
64
-3117
-5484
-8038
-9724
-8926
-8076
-9063
-9904
-10146
-10958
-10786
-8261
-5116
-2812
-797
1085
2162
2931
4374
5830
6396
6648
6766
5909
4350
2869
1035
-1225
-2772
-3429
-4030
-4651
-5196
-6070
-7015
-7140
-6448
-5303
-3668
-1919
-746
443
2320
3867
4767
5901
6760
6648
6465
6533
5837
4333
2861
1508
150
-874
-1501
-2280
-3441
-4509
-5076
-5166
-4691
-3611
-2504
-1704
-960
-248
407
1113
1912
2775
3455
3705
3603
3068
2032
994
371
25
-115
-6
39
-254
-554
-478
-157
319
1245
2409
3138
3633
4200
4419
4330
4464
4721
4675
4403
3919
2954
1760
833
236
-198
-397
-409
-586
-841
-713
-315
37
640
1500
2066
2508
3196
3596
3558
3446
2677
516
-2313
-4873
-7516
-9722
-9812
-8836
-8935
-9339
-9457
-10264
-10648
-8842
-5766
-2883
-378
1692
2918
3555
4502
5684
6381
6676
6781
6239
5001
3477
1527
-848
-2884
-3956
-4371
-4641
-4994
-5723
-6757
-7347
-6962
-5821
-4189
-2300
-765
469
2135
3798
4825
5780
6624
6691
6575
6579
5944
4583
3040
1459
157
-557
-1149
-1940
-2998
-4288
-5180
-5239
-4796
-4022
-2956
-2100
-1524
-636
443
1151
1696
2386
2864
3031
3225
3217
2403
1197
390
-113
-324
2
240
-49
-343
-516
-566
-94
717
1503
2375
3261
3933
4334
4375
4241
4192
4116
4069
3996
3407
2315
1247
347
-243
-358
-366
-451
-406
-295
-3
609
1237
1834
2454
2952
3366
3603
3585
3407
3019
2550
1812
-378
-3627
-6360
-9049
-11225
-10792
-9220
-9163
-9593
-9566
-9938
-9818
-7529
-4025
-1241
789
2713
4006
4578
5416
6276
6295
6140
6233
5672
4341
2633
261
-2458
-4430
-5188
-5218
-5259
-5580
-6102
-6802
-7055
-6246
-4942
-3376
-1409
273
1639
3505
5084
5626
6118
6666
6723
6676
6647
5904
4368
2625
865
-604
-1470
-2223
-3292
-4097
-4622
-5218
-5273
-4696
-4129
-3440
-2186
-820
276
1270
1924
2054
2328
3119
3731
3821
3521
2606
1216
268
121
210
276
273
-13
-441
-558
-314
71
679
1490
2315
3068
3715
4078
3932
3614
3638
3799
3661
3405
2804
1581
522
3
-229
-197
-107
-224
-278
-34
416
1083
1759
2344
2801
2945
2993
3169
3220
3017
2775
2484
1782
-259
-3448
-6156
-8597
-11011
-11215
-9512
-9049
-9542
-9215
-9165
-9461
-7965
-4687
-1700
547
2842
4563
5022
5426
6344
6492
6154
6395
6109
4534
2766
800
-1881
-4138
-5135
-5458
-5593
-5700
-6031
-6619
-6960
-6624
-5763
-4266
-2040
-9
1426
3230
4864
5201
5378
6166
6357
6073
6248
5973
4539
2823
1300
-242
-1498
-2189
-2818
-3787
-4568
-4862
-5014
-4835
-3884
-2861
-2151
-1161
-64
717
1454
2204
2688
3087
3387
3397
3097
2425
1570
834
338
64
-56
-177
-480
-801
-750
-391
-50
527
1440
2099
2550
3257
3780
3755
3687
3748
3699
3595
3436
3075
2376
1510
848
522
417
410
434
527
732
1009
1455
2003
2351
2548
2866
3188
3291
3231
3171
2857
2157
1634
1021
-1083
-4104
-6485
-9010
-11335
-11104
-9543
-9299
-9331
-8784
-8870
-8953
-7175
-4055
-1408
738
3008
4511
4886
5316
5846
5637
5326
5291
4734
3554
1954
-181
-2656
-4724
-5827
-6095
-6070
-6033
-6075
-6365
-6537
-6093
-5184
-3694
-1601
333
2039
3973
5282
5552
5888
6325
6395
6541
6675
6097
4731
2961
1226
-45
-884
-1730
-2789
-3885
-4978
-5952
-6124
-5393
-4618
-3817
-2523
-1299
-394
780
1848
2311
2816
3574
4019
4194
4303
3750
2512
1352
596
-40
-499
-506
-610
-1042
-1228
-1100
-967
-521
448
1517
2407
3157
3657
3689
3418
3413
3689
3727
3718
3648
2832
1753
1057
475
105
166
294
229
185
318
635
1068
1647
2258
2582
2789
3001
2995
2886
2729
2498
2266
1859
1319
558
-1481
-4591
-7095
-9238
-11151
-10950
-9242
-8575
-8552
-8035
-7837
-7779
-6234
-3320
-648
1430
3391
4758
5083
5262
5684
5628
5301
5222
4733
3387
1608
-462
-2788
-4755
-5699
-5794
-5761
-5761
-5793
-6156
-6337
-5768
-4755
-3268
-1244
571
1973
3536
4794
5212
5541
5953
5948
5755
5625
5009
3718
2256
710
-720
-1602
-2195
-3034
-3742
-4171
-4740
-4890
-4200
-3313
-2502
-1527
-569
182
878
1612
2264
2779
3136
3304
3240
2880
2311
1478
572
41
-277
-554
-499
-391
-605
-806
-818
-684
-235
526
1394
2180
2715
3036
3098
3002
3152
3392
3310
3277
3336
2814
2119
1797
1413
1008
993
1139
1261
1466
1634
1718
1830
1935
2034
2190
2320
2391
2359
2116
1771
1432
1205
1039
736
495
-217
-2391
-5054
-7105
-9194
-10558
-9754
-8344
-7851
-7557
-7206
-7307
-7120
-5593
-3141
-881
970
2830
4051
4318
4590
4844
4409
3921
3920
3553
2460
1146
-593
-2802
-4551
-5286
-5390
-5268
-5000
-4893
-5067
-4898
-4324
-3726
-2591
-864
590
2078
4075
5327
5415
5482
5459
5058
4984
5238
4919
3851
2563
1326
179
-733
-1395
-2239
-3407
-4381
-4734
-4630
-4166
-3352
-2584
-2054
-1509
-673
239
941
1657
2346
2753
3034
3266
3127
2550
1802
1177
731
368
166
-26
-508
-1042
-1217
-1135
-893
-371
363
1043
1578
2078
2530
2693
2686
2956
3240
3309
3416
3269
2674
2135
1712
1295
1074
861
472
325
503
706
1056
1412
1487
1404
1428
1721
2025
2083
2106
1954
1419
937
781
656
528
518
461
-4
-1504
-3809
-5981
-8044
-9503
-8973
-7407
-6538
-6049
-5809
-6273
-6542
-5612
-3671
-1548
245
1924
3245
3581
3604
3892
3681
3202
3364
3492
2817
1731
236
-1761
-3549
-4318
-4217
-3952
-3669
-3515
-3827
-4181
-4018
-3557
-2778
-1414
-11
1178
2584
3677
3909
3945
4087
4018
3979
4215
4274
3685
2731
1886
1056
100
-810
-1579
-2524
-3460
-3718
-3556
-3404
-3117
-2783
-2642
-2363
-1646
-852
-120
627
1316
1814
2266
2644
2666
2320
1835
1467
1246
1087
980
799
397
-32
-259
-318
-285
-170
63
493
952
1318
1740
1983
1944
2069
2437
2799
3076
3214
3079
2688
2269
2001
1847
1712
1711
1835
1989
2152
2261
2065
1651
1360
1150
1110
1348
1496
1232
800
363
-149
-490
-270
236
477
694
816
-295
-2589
-4582
-6283
-7936
-7981
-6473
-5605
-5641
-5657
-6096
-6935
-6765
-5062
-2996
-1281
502
1967
2334
2233
2485
2560
2458
2932
3509
3352
2618
1493
-209
-1971
-2837
-2935
-2847
-2569
-2426
-2953
-3618
-3805
-3800
-3476
-2375
-1060
-44
1114
2266
2741
2815
3086
3372
3503
3794
4102
3819
3100
2422
1819
1221
660
21
-881
-1968
-2829
-3221
-3379
-3368
-3143
-3024
-2958
-2563
-2031
-1507
-891
-251
376
1044
1694
2178
2329
2103
1817
1707
1696
1766
1910
1832
1413
951
592
289
185
340
619
945
1294
1538
1518
1400
1402
1467
1703
2222
2664
2777
2691
2449
2047
1728
1597
1563
1595
1643
1662
1567
1364
1222
984
717
729
825
821
849
860
678
495
421
403
622
971
1208
1375
1379
739
-843
-2777
-4545
-6213
-7207
-6885
-6151
-5986
-6100
-6357
-6904
-7099
-6310
-4689
-2870
-1157
472
1611
2100
2486
2847
2925
3167
3693
3905
3595
2911
1698
140
-1198
-1993
-2277
-2392
-2558
-2858
-3323
-3817
-4125
-4148
-3793
-2992
-2021
-813
581
1564
2046
2307
2433
2555
2934
3442
3779
3797
3398
2768
2058
1288
574
-150
-957
-1693
-2261
-2725
-3033
-3144
-3105
-2950
-2703
-2307
-1821
-1434
-999
-296
446
1101
1789
2254
2290
2148
2043
1975
1930
1962
2004
1876
1558
1258
1018
742
626
827
1085
1287
1536
1686
1557
1381
1434
1554
1718
2046
2348
2363
2209
1998
1699
1421
1244
1212
1299
1445
1609
1683
1624
1393
1098
897
901
1068
1274
1351
1241
962
570
324
274
309
474
824
1058
1072
923
138
-1526
-3430
-5052
-6431
-7116
-6699
-6074
-6016
-6104
-6184
-6576
-6632
-5701
-4212
-2666
-1063
494
1490
1869
2139
2450
2592
2891
3507
3831
3506
2764
1623
114
-1149
-1771
-1977
-2027
-2001
-2214
-2739
-3311
-3781
-3959
-3632
-2824
-1809
-698
412
1009
1107
1164
1281
1470
1910
2532
2857
2822
2598
2230
1847
1514
1174
753
269
-232
-700
-1073
-1361
-1629
-1848
-1925
-1872
-1719
-1466
-1184
-948
-684
-253
233
695
1114
1427
1557
1586
1671
1797
1942
2088
2184
2130
2010
1864
1630
1461
1424
1406
1382
1432
1483
1394
1261
1175
1103
1020
1027
1119
1159
1148
1186
1116
904
812
813
875
1113
1522
1851
1961
1889
1698
1431
1212
1145
1217
1234
1130
1017
800
557
464
496
492
579
838
1027
997
891
499
-677
-2258
-3626
-4854
-5806
-5890
-5488
-5432
-5655
-5899
-6321
-6647
-6361
-5408
-4198
-2986
-1666
-506
198
705
1226
1582
1953
2586
3175
3404
3256
2611
1575
567
-158
-546
-733
-836
-1134
-1698
-2306
-2887
-3461
-3766
-3622
-3249
-2622
-1664
-827
-425
-252
-114
16
373
1180
2073
2747
3203
3421
3365
3181
2992
2737
2393
1990
1575
1130
632
195
-239
-694
-1035
-1273
-1409
-1459
-1435
-1319
-1089
-922
-782
-552
-400
-306
-28
407
758
1089
1383
1551
1571
1573
1669
1735
1809
1962
2117
2129
2055
1985
1778
1577
1572
1664
1687
1619
1509
1280
972
785
757
713
693
672
629
660
699
700
760
887
872
798
797
662
388
180
135
185
319
490
625
644
598
601
669
795
916
1091
1299
1417
1378
1018
101
-1264
-2701
-3959
-4803
-5030
-4934
-4933
-5116
-5492
-5886
-6051
-5918
-5420
-4605
-3677
-2658
-1561
-571
163
607
859
1062
1336
1706
2143
2419
2328
1952
1410
819
346
30
-110
-171
-306
-466
-734
-1248
-1887
-2346
-2590
-2516
-2012
-1383
-913
-666
-657
-775
-789
-602
-186
433
1082
1732
2272
2528
2555
2396
2138
1960
1968
2061
2160
2090
1743
1274
731
215
-110
-289
-350
-350
-403
-495
-661
-962
-1238
-1332
-1290
-1026
-546
-83
280
490
528
519
531
630
881
1222
1541
1846
2049
2089
2014
1895
1805
1727
1721
1813
1876
1839
1777
1641
1424
1229
1103
1027
995
1024
1013
895
684
412
86
-140
-222
-227
-215
-293
-467
-697
-938
-1076
-1024
-864
-687
-467
-255
-115
-18
16
54
137
252
438
734
953
954
885
743
487
268
95
-213
-731
-1345
-2000
-2679
-3143
-3325
-3388
-3409
-3377
-3298
-3243
-3188
-3013
-2759
-2482
-2104
-1539
-898
-365
16
238
343
343
435
660
827
871
833
662
360
75
-145
-355
-537
-636
-638
-647
-711
-755
-804
-880
-849
-652
-399
-179
13
140
167
192
210
239
284
342
402
494
612
705
741
737
719
684
717
820
897
999
1137
1217
1229
1271
1285
1164
1065
1019
899
778
690
512
259
13
-231
-413
-458
-425
-352
-260
-156
-105
-58
7
127
296
520
851
1108
1269
1333
1301
1214
1113
1094
1122
1166
1155
1144
1059
847
589
346
145
41
78
145
244
223
28
-157
-326
-494
-466
-297
-188
-59
46
-11
-149
-238
-315
-344
-228
10
208
304
347
269
78
-94
-155
-181
-132
-6
38
19
-28
-159
-287
-295
-204
-85
22
135
162
54
-118
-321
-623
-984
-1252
-1437
-1580
-1614
-1610
-1713
-1817
-1896
-2000
-2018
-1895
-1716
-1561
-1357
-1071
-874
-745
-582
-452
-407
-290
-52
119
226
327
349
261
197
210
221
205
233
304
267
202
173
98
-43
-83
23
160
323
460
502
382
219
125
80
76
125
157
162
222
265
269
268
251
209
226
346
493
591
612
636
606
566
609
659
642
604
554
472
380
275
129
-61
-210
-260
-234
-170
-73
-27
-106
-191
-187
-140
-21
177
387
585
741
874
991
1059
1002
945
872
750
705
661
581
486
354
173
45
-3
-10
4
-1
-21
-14
-29
35
215
311
338
387
403
399
452
523
560
482
352
252
180
125
134
95
-43
-172
-304
-409
-469
-497
-560
-602
-608
-587
-528
-491
-489
-506
-514
-501
-432
-336
-272
-269
-309
-312
-302
-344
-400
-475
-624
-771
-832
-817
-806
-800
-786
-766
-755
-731
-680
-651
-635
-583
-440
-320
-212
-139
-182
-253
-303
-266
-181
-83
4
25
14
6
11
10
28
33
14
16
53
113
138
177
202
163
114
84
86
64
75
87
24
-61
-145
-225
-306
-290
-213
-155
-103
-50
-41
-64
-43
-14
30
137
296
458
638
815
898
882
847
810
775
767
807
839
790
684
520
284
29
-167
-314
-365
-341
-338
-388
-418
-432
-434
-340
-201
-107
-15
134
247
376
539
619
593
576
632
719
814
917
980
934
853
810
780
699
587
496
372
284
223
130
17
-136
-272
-381
-435
-448
-439
-427
-411
-403
-394
-355
-323
-270
-133
-18
24
81
91
46
29
99
145
133
94
16
-74
-122
-126
-103
-77
-97
-100
-58
-19
-40
-105
-239
-435
-590
-622
-616
-635
-687
-807
-958
-1049
-1006
-910
-872
-845
-839
-872
-842
-727
-566
-484
-422
-335
-243
-163
-115
-80
-129
-148
-86
23
116
144
74
-86
-208
-276
-258
-240
-245
-242
-261
-266
-244
-190
-153
-134
-86
45
183
300
403
465
471
483
547
588
627
678
671
585
515
464
361
276
266
234
149
106
44
-24
-56
-61
-35
-29
-29
-19
4
23
80
181
243
300
379
427
417
412
409
381
371
414
451
427
369
305
232
197
226
252
255
232
202
190
232
265
302
372
398
460
564
658
726
696
626
577
538
514
528
560
490
364
309
208
69
-21
-94
-162
-168
-76
15
18
-23
-77
-171
-209
-154
-84
-50
-28
-21
-24
-31
-60
-89
-135
-175
-183
-189
-256
-419
-667
-927
-1129
-1268
-1303
-1294
-1284
-1259
-1253
-1237
-1207
-1179
-1117
-1040
-914
-714
-525
-360
-221
-161
-159
-159
-155
-148
-147
-101
-45
-9
22
18
-30
-106
-134
-135
-98
-15
46
87
112
141
146
125
112
77
61
91
98
67
-15
-141
-299
-406
-416
-388
-332
-258
-193
-161
-101
-9
104
226
368
549
736
923
1067
1140
1123
1059
942
819
749
674
559
443
302
86
-126
-301
-418
-504
-486
-379
-291
-215
-114
-29
48
162
327
509
673
865
987
1074
1109
1103
1090
1089
1094
1100
1075
1006
930
818
706
587
487
405
353
324
290
240
132
16
-53
-77
-64
-33
17
24
-7
-40
-47
-37
-34
-18
-11
-18
-19
11
27
29
14
-11
-26
-29
-26
-22
-72
-201
-334
-537
-776
-1009
-1262
-1510
-1708
-1821
-1889
-1941
-1962
-1950
-1948
-1925
-1799
-1614
-1388
-1089
-760
-465
-210
-14
115
196
238
278
332
375
386
351
261
139
15
-129
-262
-347
-409
-441
-463
-478
-509
-520
-517
-471
-406
-321
-216
-127
-36
54
126
173
223
279
336
448
574
670
719
686
598
534
506
542
622
665
683
676
630
592
527
425
303
191
134
109
124
139
104
32
-39
-75
-83
-61
32
150
280
440
609
731
783
804
827
882
961
1100
1221
1241
1189
1072
935
766
624
536
439
400
418
455
411
334
266
171
147
214
343
423
461
474
417
319
225
142
84
27
6
-16
-63
-122
-231
-343
-438
-482
-474
-394
-277
-178
-118
-107
-117
-147
-169
-150
-132
-123
-128
-203
-375
-600
-883
-1233
-1529
-1732
-1863
-1895
-1867
-1799
-1769
-1745
-1701
-1643
-1512
-1307
-1022
-725
-409
-146
42
177
245
264
245
246
244
210
170
91
-51
-209
-359
-476
-561
-591
-579
-549
-500
-442
-378
-344
-296
-229
-139
-3
162
298
385
410
384
362
343
368
408
463
496
516
516
482
445
382
343
375
448
552
644
683
679
622
530
411
332
289
276
301
318
280
170
54
-54
-120
-100
-27
74
195
293
393
496
588
671
767
855
943
1047
1133
1159
1124
1086
1016
938
887
862
788
682
586
460
341
251
177
117
69
19
18
25
19
33
29
-11
-49
-52
-42
-6
29
70
139
185
218
234
239
230
207
207
188
135
82
16
-73
-179
-288
-398
-512
-599
-651
-722
-804
-922
-1115
-1312
-1486
-1613
-1665
-1663
-1645
-1588
-1519
-1424
-1315
-1198
-1091
-967
-818
-650
-445
-244
-84
9
45
30
14
-32
-73
-146
-245
-331
-415
-509
-610
-691
-748
-801
-798
-741
-677
-588
-508
-424
-341
-233
-83
60
199
324
403
442
481
509
505
508
520
531
538
538
534
519
501
485
467
463
498
530
557
595
596
589
578
570
569
534
500
452
379
349
314
299
297
288
278
259
295
348
420
515
609
701
782
866
929
947
962
967
971
986
965
932
854
749
640
524
460
399
307
227
160
84
36
15
4
-10
-14
12
51
95
147
179
194
216
246
268
271
258
217
178
146
155
156
148
110
47
-14
-111
-200
-308
-426
-536
-631
-689
-748
-785
-858
-939
-1034
-1148
-1211
-1275
-1304
-1310
-1293
-1279
-1265
-1253
-1233
-1214
-1162
-1081
-980
-834
-718
-620
-546
-490
-431
-392
-363
-332
-322
-314
-316
-341
-377
-443
-485
-525
-551
-549
-557
-522
-495
-451
-378
-332
-263
-169
-79
31
145
242
316
353
382
401
416
436
461
476
482
497
492
496
509
519
514
516
529
537
566
592
590
598
603
602
585
572
571
558
548
568
590
601
610
620
602
566
555
537
514
498
513
536
551
592
604
589
576
595
628
669
728
776
777
730
676
602
525
454
394
353
305
255
224
161
91
33
-24
-61
-92
-78
-75
-79
-67
-73
-86
-97
-105
-139
-184
-216
-238
-259
-282
-313
-353
-401
-442
-463
-494
-510
-534
-561
-573
-601
-653
-718
-786
-841
-883
-899
-892
-901
-921
-940
-961
-990
-1004
-981
-951
-910
-838
-779
-727
-677
-644
-620
-595
-541
-477
-431
-376
-324
-288
-274
-267
-273
-292
-293
-292
-254
-204
-165
-111
-94
-70
-64
-45
-14
9
61
118
176
253
307
340
359
354
368
398
415
436
442
429
400
363
363
363
352
369
399
447
503
567
603
624
651
673
716
756
794
836
841
829
807
771
726
665
615
576
552
555
565
571
559
542
538
541
555
567
569
572
567
560
553
526
487
467
408
366
328
287
252
187
136
73
29
-1
-7
1
14
-3
-47
-82
-127
-160
-194
-217
-238
-263
-279
-288
-295
-337
-388
-451
-499
-523
-531
-527
-522
-553
-593
-636
-682
-684
-681
-680
-680
-689
-686
-669
-667
-669
-679
-701
-702
-690
-659
-638
-630
-653
-665
-660
-668
-650
-657
-635
-622
-600
-550
-521
-478
-440
-393
-353
-312
-264
-217
-192
-157
-119
-94
-56
-15
24
37
48
74
108
144
171
201
228
250
275
302
330
343
362
388
417
444
464
480
469
460
461
452
444
427
423
411
397
404
409
430
450
465
484
488
491
499
506
514
519
529
522
521
503
487
487
474
488
496
491
494
494
484
466
445
426
399
364
351
316
265
227
178
131
97
87
65
49
33
20
-5
-43
-50
-63
-74
-64
-52
-43
-33
-40
-51
-89
-132
-159
-177
-188
-193
-209
-235
-250
-274
-300
-331
-367
-399
-413
-419
-423
-419
-436
-456
-483
-508
-510
-531
-517
-508
-495
-477
-479
-470
-483
-488
-491
-488
-467
-444
-416
-384
-375
-379
-368
-360
-339
-327
-311
-282
-259
-218
-190
-180
-178
-174
-158
-138
-124
-116
-102
-94
-78
-63
-58
-37
-17
9
32
73
116
154
182
203
215
235
270
303
323
331
322
301
278
257
223
194
172
151
138
129
151
158
168
171
171
167
163
163
173
190
215
261
301
319
333
348
334
338
335
342
353
356
364
345
306
266
228
201
182
182
178
172
172
167
168
152
142
142
136
144
166
185
190
179
174
156
154
149
123
98
51
18
0
-19
-18
-30
-36
-31
-32
-26
-36
-42
-44
-52
-59
-60
-77
-83
-89
-108
-117
-131
-139
-150
-170
-173
-170
-175
-171
-178
-201
-233
-234
-237
-238
-233
-253
-252
-252
-237
-204
-181
-152
-126
-124
-114
-92
-95
-92
-99
-126
-141
-168
-189
-213
-240
-256
-266
-286
-281
-267
-272
-257
-245
-220
-191
-148
-102
-73
-62
-48
-30
-33
-17
-11
-4
22
43
53
41
35
28
16
16
10
12
3
-7
-25
-38
-44
-41
-34
-41
-40
-43
-48
-52
-72
-88
-94
-79
-51
-11
4
26
34
32
51
46
67
79
97
117
128
146
154
163
143
138
133
130
134
130
138
144
131
125
111
94
98
91
93
95
94
106
107
105
106
101
113
131
154
163
163
160
155
153
165
164
177
176
176
185
189
198
182
177
165
161
158
167
183
179
179
161
138
102
77
55
32
11
3
1
-18
-31
-49
-57
-77
-87
-80
-80
-58
-44
-33
-40
-66
-74
-89
-116
-128
-155
-174
-188
-197
-191
-213
-232
-246
-254
-273
-258
-254
-248
-238
-234
-213
-215
-207
-205
-205
-224
-224
-233
-237
-225
-225
-209
-204
-190
-172
-150
-130
-117
-105
-98
-80
-75
-60
-54
-61
-65
-75
-79
-83
-77
-79
-67
-73
-74
-63
-74
-74
-78
-75
-80
-76
-64
-64
-61
-62
-40
-29
-8
27
47
75
78
96
106
107
122
130
153
172
181
195
183
165
162
144
144
139
142
157
172
181
179
172
175
176
200
213
208
215
216
221
213
207
205
191
180
185
196
204
206
204
206
199
195
198
193
191
186
195
186
175
161
140
117
84
60
41
29
29
28
26
16
8
11
8
1
-5
5
3
5
1
-6
-23
-36
-62
-77
-92
-113
-105
-129
-123
-122
-118
-117
-131
-135
-136
-131
-131
-132
-131
-142
-144
-152
-170
-169
-173
-157
-148
-148
-134
-134
-120
-121
-118
-124
-118
-114
-112
-113
-123
-118
-118
-115
-117
-107
-97
-82
-83
-83
-90
-100
-105
-114
-122
-139
-149
-159
-169
-165
-160
-153
-159
-167
-146
-134
-110
-91
-74
-50
-33
1
21
25
42
32
38
43
38
61
58
64
67
53
68
68
64
71
63
72
85
92
97
90
101
117
127
136
138
144
133
143
150
149
157
155
165
152
151
159
164
162
157
151
133
135
136
146
140
128
119
118
109
112
99
96
95
85
90
70
77
67
66
73
65
71
58
39
24
5
-13
-9
-12
-9
-5
-17
-5
-5
0
1
-4
0
2
5
-8
-13
-33
-46
-52
-68
-73
-78
-91
-93
-106
-117
-121
-150
-162
-169
-171
-160
-156
-153
-149
-153
-132
-130
-116
-111
-107
-94
-97
-90
-101
-105
-95
-87
-82
-68
-61
-53
-61
-83
-93
-111
-107
-110
-110
-109
-104
-101
-111
-115
-113
-106
-114
-118
-110
-101
-88
-71
-59
-54
-46
-29
-10
3
18
40
61
72
93
94
106
114
127
119
113
109
113
112
98
101
95
88
83
70
58
52
48
51
50
70
69
75
68
57
68
62
86
100
103
108
109
106
124
130
140
149
129
118
97
87
87
83
75
83
77
84
82
68
65
46
60
63
64
65
56
51
29
26
17
14
10
4
1
-17
-32
-32
-36
-39
-29
-28
-20
-18
-17
-12
-30
-40
-28
-38
-34
-37
-43
-50
-71
-81
-97
-113
-121
-114
-119
-115
-122
-125
-141
-147
-154
-152
-138
-131
-105
-111
-104
-103
-110
-99
-101
-94
-91
-83
-77
-82
-88
-94
-97
-105
-101
-105
-113
-106
-99
-90
-90
-77
-70
-62
-57
-52
-39
-46
-26
-23
-18
-6
1
6
8
3
6
16
11
32
26
27
30
27
34
27
49
58
68
80
88
102
97
95
77
67
66
63
68
53
61
61
57
58
55
61
84
93
102
100
95
108
97
91
89
100
107
117
127
113
108
108
104
116
116
131
143
130
139
132
122
119
108
98
89
86
88
86
74
74
75
70
67
61
59
52
49
45
36
39
35
28
18
3
-6
-18
-27
-22
-30
-28
-20
-18
-12
-25
-42
-51
-64
-68
-74
-91
-89
-93
-98
-110
-125
-121
-126
-123
-118
-122
-118
-114
-109
-106
-109
-100
-97
-99
-97
-109
-117
-132
-132
-135
-143
-137
-120
-112
-109
-101
-104
-95
-103
-89
-81
-74
-66
-62
-70
-65
-57
-62
-56
-58
-39
-40
-37
-36
-33
-25
-23
-20
-17
-14
-9
-6
-20
-1
-5
-4
5
-5
15
7
20
31
41
47
58
69
70
85
79
71
66
50
52
43
45
53
40
41
37
44
46
44
53
62
81
92
93
94
96
103
107
107
111
126
120
123
111
99
92
84
83
73
68
72
69
69
61
58
55
61
70
63
57
59
59
53
59
53
69
51
50
47
29
32
15
10
10
10
13
9
-16
-14
-18
-30
-23
-44
-36
-39
-46
-45
-65
-74
-75
-76
-76
-73
-76
-75
-75
-76
-76
-68
-70
-60
-62
-63
-58
-58
-55
-50
-56
-54
-56
-70
-70
-87
-95
-108
-125
-125
-124
-109
-99
-97
-91
-97
-93
-95
-92
-89
-86
-75
-77
-66
-57
-53
-50
-48
-27
-8
1
2
4
2
-2
-3
-2
1
6
8
2
-4
-6
-3
0
1
12
19
24
40
42
50
44
40
47
57
60
53
46
45
48
35
26
25
32
36
48
57
69
80
84
93
92
100
102
99
98
99
98
85
76
73
62
56
49
50
45
37
38
36
44
46
46
47
54
62
63
63
59
76
64
56
47
28
36
20
25
30
29
28
20
6
1
-4
-17
-13
-14
-14
-6
-11
-15
-18
-27
-22
-25
-33
-33
-37
-51
-43
-46
-49
-54
-66
-58
-66
-67
-71
-69
-79
-79
-76
-79
-69
-66
-54
-48
-44
-30
-34
-37
-39
-48
-54
-60
-62
-65
-71
-80
-76
-81
-84
-80
-81
-71
-63
-58
-49
-37
-30
-7
-3
2
8
8
15
29
32
38
41
27
28
17
4
4
-3
10
13
13
27
26
24
9
17
18
23
26
24
42
41
50
49
45
48
53
52
45
43
36
33
30
35
44
42
41
51
46
56
51
45
42
37
49
50
54
50
56
52
57
51
47
44
35
43
33
34
31
29
32
25
29
31
33
31
33
28
29
27
14
27
16
15
7
-5
-1
-10
-10
-10
-16
-25
-34
-43
-53
-57
-55
-59
-53
-53
-46
-39
-40
-32
-31
-30
-24
-17
-29
-30
-39
-41
-32
-38
-35
-38
-45
-34
-41
-52
-53
-57
-51
-46
-58
-52
-57
-52
-40
-47
-45
-45
-34
-34
-28
-38
-35
-27
-33
-19
-28
-9
2
1
8
3
1
4
3
10
12
16
23
30
25
19
18
15
20
8
11
14
8
5
-5
-9
2
-5
3
1
1
17
6
22
9
17
26
28
35
24
27
24
23
27
26
38
37
43
52
36
33
27
27
25
15
14
24
21
22
26
18
26
24
25
31
25
33
26
33
28
32
30
17
18
-3
-5
-17
-22
-24
-19
-11
1
2
5
13
3
2
-7
-14
-12
-18
-18
-15
-24
-21
-25
-32
-32
-40
-51
-48
-64
-64
-60
-65
-55
-50
-41
-25
-17
-16
-7
-12
-16
-6
-15
-14
-19
-29
-12
-20
-24
-24
-34
-31
-30
-37
-36
-46
-45
-35
-33
-22
-22
-15
-11
-2
-2
-2
-1
-1
12
12
16
19
10
16
10
12
13
3
13
9
14
8
6
-2
3
8
8
11
11
20
24
27
27
35
25
22
21
25
22
11
0
4
7
2
2
1
9
22
23
20
27
22
34
31
24
24
32
30
33
34
32
38
26
24
24
15
8
9
6
13
14
16
20
12
12
9
17
4
9
15
11
21
5
-2
-9
-12
-12
-13
-20
-18
-19
-20
-19
-29
-31
-33
-32
-31
-31
-25
-22
-25
-22
-16
-8
-7
-16
-9
-4
-10
-10
-28
-32
-33
-37
-49
-53
-51
-40
-36
-48
-45
-38
-25
-28
-32
-32
-24
-22
-35
-31
-22
-16
0
-2
2
17
8
18
6
-4
2
4
-3
-14
-16
-26
-23
-36
-42
-26
-34
-14
-17
-13
-2
2
11
9
15
6
14
7
8
10
-1
-1
3
5
6
5
2
7
12
6
-1
-5
5
9
5
4
11
18
16
15
7
15
9
7
4
3
8
4
4
10
15
14
13
11
20
15
17
20
32
39
35
32
28
31
30
22
22
23
26
32
26
28
24
21
24
24
28
27
22
18
15
12
5
-4
-1
6
7
6
10
17
15
20
17
20
17
8
15
7
6
-7
-6
-9
-11
-12
-15
-7
-10
0
1
3
4
1
0
-6
-2
-8
0
-4
1
5
0
-4
-14
-13
-19
-32
-42
-40
-37
-27
-34
-28
-17
-17
-6
-13
-5
-1
5
8
-4
-11
-14
-17
-19
-24
-24
-20
-14
-15
-16
-20
-26
-32
-32
-27
-35
-37
-45
-37
-38
-33
-38
-35
-22
-24
-12
-14
-14
-5
5
4
5
-7
-5
-1
-10
-3
-10
-5
-4
-2
2
-2
-7
-7
0
-1
0
2
10
8
9
12
7
11
5
10
12
15
18
21
31
26
26
29
29
23
24
23
26
23
26
22
24
29
40
52
48
51
45
54
33
26
14
11
19
9
15
4
18
17
15
9
8
16
10
20
11
21
25
31
28
23
14
10
4
1
1
-2
4
2
6
11
-3
2
-1
-1
5
-6
-2
-9
-1
-6
-7
-11
-13
-2
-4
3
-7
-9
-7
-17
-21
-29
-31
-30
-25
-14
-11
-6
1
-8
-6
-16
-19
-15
-28
-24
-20
-17
-20
-25
-22
-9
-20
-8
-16
-18
-7
-27
-23
-30
-34
-26
-21
-20
-15
-14
-6
6
-1
2
-4
4
9
2
10
1
13
13
22
23
6
11
7
10
-2
-6
-4
-2
0
-3
5
4
5
6
15
19
18
20
24
28
23
