SAMPLES:	12595
BITSPERSAMPLE:	16
CHANNELS:	1
SAMPLERATE:	16000
NORMALIZED:	FALSE
-10
-10
-2
4
3
-11
-3
-10
-17
2
-17
-8
-8
-24
-7
0
5
2
-1
5
1
-8
-13
0
2
5
1
2
8
1
4
8
4
-3
2
16
16
2
4
8
0
3
4
7
13
5
10
5
-5
-6
-8
1
9
-3
1
-1
-8
9
7
10
1
-4
2
1
3
-8
4
-1
-8
13
6
-5
-4
1
-4
-8
5
13
1
-4
-7
-11
-9
-10
-2
-4
2
7
4
5
4
-3
-7
10
3
-1
3
-4
-2
8
10
9
5
4
-8
-2
-4
-18
-11
-13
-13
-13
-17
-18
-15
-8
-11
-11
-13
-13
-1
-14
-4
-1
4
12
5
5
-5
4
-2
-7
-2
-6
0
-4
-8
4
5
4
6
-3
0
3
9
-1
5
-1
5
4
4
10
0
-6
-7
8
4
15
15
5
6
-7
0
9
-2
3
2
0
0
1
-4
-8
4
6
6
-4
-2
-1
-10
-1
4
-2
-7
-6
8
0
-4
-2
-4
2
2
2
5
-4
-2
7
10
11
-3
1
1
0
7
5
-6
6
1
2
1
4
10
-10
-9
-5
2
1
-5
-11
2
-7
-6
-11
-8
-7
-17
-11
-12
-14
-10
-3
-14
-8
-4
-9
-6
-6
-2
-8
-2
0
-2
-2
-6
-5
-1
-5
-1
0
-10
0
-5
-5
5
-7
-10
-2
0
0
-5
0
10
15
3
7
8
12
8
9
13
-2
2
-2
14
8
2
9
-6
-4
8
-2
5
4
0
-5
-5
-4
-8
3
-7
-4
-11
-11
-3
-3
4
-4
-4
-4
-2
-4
2
5
1
3
10
15
11
16
16
18
12
10
9
4
7
9
1
5
5
6
7
9
4
1
6
1
12
7
7
1
-1
10
-4
2
4
2
2
-9
5
2
-4
-1
6
10
2
-5
-3
-15
-13
-4
-5
-5
-11
-11
-12
-5
-4
-12
-13
-1
-3
-13
-5
-8
-1
-5
-6
-9
-8
-1
-5
-6
-24
-14
-4
-10
-12
-20
-8
-5
-11
-4
-9
-7
0
-5
-7
4
-5
-10
-4
-2
-2
-4
-8
-6
1
3
9
2
9
5
-1
-3
-2
0
-6
-5
-2
2
0
-3
-7
-1
6
-11
-2
6
1
-3
3
5
-1
2
5
1
-2
10
11
5
4
1
6
5
2
13
13
-2
6
10
6
-5
-5
18
0
2
6
-2
6
4
8
9
16
14
8
10
15
10
14
9
6
0
1
3
6
9
4
3
-5
3
-5
3
-4
2
2
-7
0
-2
1
9
14
5
-1
-8
3
-13
-11
-15
-19
-4
-15
-13
-17
-5
-7
-16
-22
-22
-19
-14
-17
-18
-9
-19
-21
-14
-15
-11
-5
-12
-13
0
5
4
15
8
-2
10
4
3
2
-1
5
4
6
2
10
3
-2
2
-1
4
6
6
1
0
-8
-2
-7
-9
-1
-1
9
10
15
-3
7
20
14
12
8
-1
8
7
-6
10
3
6
4
2
13
14
8
4
16
5
15
2
3
9
9
12
10
15
11
12
11
14
8
5
3
-2
-14
-1
-3
-8
-12
-15
-13
-10
-21
-16
-8
-13
2
-12
-8
4
-1
-5
0
-4
-4
3
1
-2
-6
-6
-13
-23
-16
-9
-8
-4
-1
-4
2
5
1
-2
9
11
-2
2
5
-3
5
2
-3
-3
-4
-1
8
8
-3
-5
4
-2
-5
-7
-11
-1
-6
3
-12
-8
-4
-10
5
4
4
7
2
-3
6
-4
0
5
-5
-2
-9
-11
-4
4
-3
-11
-8
-22
-17
-12
-2
-9
-22
3
-10
-5
1
-5
-3
1
5
3
1
0
-6
1
-7
-19
3
2
-5
2
5
-1
6
0
2
-8
2
10
-6
8
7
4
1
3
-2
2
6
14
9
15
8
-4
9
14
-3
-7
3
-6
-7
-19
-11
0
6
9
2
6
13
8
16
15
11
17
7
19
10
17
20
10
22
12
5
10
17
5
9
18
8
2
2
-1
0
2
0
2
2
-9
-2
5
0
3
2
3
6
-3
3
1
-5
-9
-2
3
-5
-1
-8
-4
-3
-7
-7
-1
-9
-13
-9
-3
-13
-7
4
-5
-5
-11
-1
0
-8
-8
0
-9
-16
-5
-14
-15
-9
-11
-7
-12
-10
-5
-5
-3
-6
-16
-4
-12
-10
-7
-14
-13
-13
-20
-18
-10
-25
-17
-14
-24
-19
-20
-14
-4
2
-6
-3
0
-18
-12
-7
-4
-7
-5
-1
-3
7
9
3
5
6
10
7
4
10
5
10
12
9
9
-2
8
14
9
-7
0
7
-4
5
9
6
15
21
13
29
20
13
13
3
-1
3
1
-1
-3
2
8
-7
-2
12
14
13
2
-4
9
11
7
10
23
18
21
11
-3
4
0
6
10
9
13
19
21
1
8
12
6
8
-3
-4
-8
-15
-10
-10
-5
-1
0
4
-5
7
17
9
8
19
11
7
5
6
8
-3
-3
-3
-3
-9
-9
-5
2
0
-9
-9
-7
-5
-4
2
4
-5
-2
-5
-7
5
8
-1
0
0
0
4
-2
-4
-7
-2
-6
-1
-7
-6
0
-16
-5
-2
-15
-8
-7
-3
1
-9
-4
-4
-4
-5
-12
-7
-2
1
-7
-6
-3
-5
2
-2
8
10
6
1
-4
2
6
7
11
-8
-2
2
6
16
9
15
5
13
1
-5
5
2
9
-2
8
10
6
16
-1
-4
-7
-3
5
1
10
-6
-14
-10
-12
-7
-12
1
-15
-7
8
-9
1
5
0
0
2
-7
-8
-2
3
-9
-10
-4
-3
5
-5
-4
9
5
6
9
5
6
0
1
-1
5
6
9
16
-2
10
3
6
14
1
0
3
10
7
0
-7
-6
-7
1
-7
-13
-3
-1
-2
-6
9
15
8
14
23
18
8
10
17
12
16
2
3
4
1
4
-10
0
-1
6
1
1
2
5
-3
-21
-7
-21
-9
-6
2
2
-3
-4
0
-12
-15
4
-6
1
-6
-11
-6
-5
-4
-17
-7
12
-3
-4
-8
-3
-9
-14
-2
-8
-1
-6
-6
-2
-11
-6
-4
-7
-2
-5
-4
-10
-11
-3
-17
-11
5
2
-1
7
-9
-14
-11
-16
-19
-16
-6
-8
-11
-8
-7
4
11
8
13
-1
5
15
8
6
2
-1
12
-1
-2
9
1
1
-11
-11
-11
-17
-15
-17
-8
-14
-19
1
6
12
12
5
13
4
-3
3
-8
-11
-3
-19
-9
-5
-20
-7
3
10
11
1
9
14
10
11
0
-3
5
5
-2
-7
-1
-2
-3
4
-2
3
-3
1
8
4
-3
-16
-3
4
10
12
5
3
-1
5
5
-17
-6
8
-1
9
8
3
11
10
-2
5
-1
-6
-3
-10
-6
-3
-1
-2
8
4
-4
2
7
15
1
3
-9
-8
11
-6
-8
-17
-15
-7
1
2
14
21
10
5
4
-8
-10
-15
-17
-6
-13
-7
-16
-9
-14
-15
-11
-15
-13
-12
-18
-24
-18
-20
-12
-14
9
-1
8
22
11
10
-7
-4
-6
0
-3
1
1
2
15
10
-7
-3
5
4
3
7
-8
-11
-3
0
11
2
15
21
21
7
10
10
1
-4
-25
-22
-11
-20
-22
-11
-13
-6
12
13
12
19
3
3
7
-12
-13
-22
-13
3
3
9
10
14
25
24
10
13
2
-2
-5
-12
-6
-8
5
1
12
7
6
4
-5
-5
-14
-18
-16
-5
-15
-5
6
-2
14
8
-1
-7
-10
-10
-16
-21
-23
-23
-12
-2
-2
12
8
10
20
12
13
7
-10
-2
-6
-7
-4
5
12
26
19
14
23
12
8
11
5
5
-3
-10
-9
-17
-4
2
19
13
6
15
0
3
2
6
5
2
-2
4
16
14
15
18
18
1
7
-1
-9
-5
-12
-6
7
10
0
0
6
10
12
6
-1
-21
-32
-34
-39
-39
-41
-33
-19
11
31
39
41
49
55
32
13
-7
-30
-41
-45
-54
-43
-27
-15
-2
24
35
37
41
20
4
-9
-28
-38
-26
-27
-36
-10
-1
-3
11
19
13
1
17
20
19
21
33
43
38
43
37
31
13
-13
-31
-45
-59
-57
-43
-27
4
34
44
68
86
87
77
51
20
-13
-48
-73
-83
-82
-65
-40
-3
34
59
76
89
94
79
62
29
0
-24
-50
-57
-70
-64
-46
-39
-24
-10
-2
18
28
32
24
19
34
32
15
16
28
12
15
9
4
5
0
-7
-10
-9
-14
-18
-39
-41
-62
-72
-88
-99
-109
-121
-103
-96
-85
-77
-55
-26
-19
-20
2
7
0
-12
-5
-4
6
4
20
45
53
70
73
78
78
62
38
21
9
-10
-24
-14
-6
-10
-31
-23
-24
-21
-17
0
35
70
110
159
212
234
249
246
213
149
59
-3
-45
-87
-91
-78
-47
29
111
184
254
299
293
262
203
117
17
-71
-148
-193
-205
-188
-128
-41
61
148
245
296
325
314
275
224
130
47
-23
-75
-121
-149
-159
-177
-233
-289
-358
-444
-530
-642
-725
-750
-752
-700
-605
-460
-308
-162
-13
112
198
235
234
210
162
68
-21
-94
-167
-255
-333
-369
-406
-472
-504
-493
-472
-445
-375
-228
-69
110
284
466
628
722
754
743
657
506
299
100
-65
-228
-324
-324
-224
-76
137
379
632
859
992
1088
1116
1068
955
838
738
653
582
563
599
653
703
766
828
872
880
901
977
991
969
883
723
400
-126
-921
-1858
-2797
-3799
-4593
-4956
-4871
-4437
-3497
-2016
-308
1398
2954
4238
5041
5196
4804
3967
2741
1209
-380
-1787
-2884
-3626
-4040
-4121
-3834
-3369
-2875
-2293
-1649
-1116
-734
-349
158
665
1117
1695
2373
2923
3301
3654
3781
3454
2745
1792
576
-798
-2150
-3342
-4218
-4644
-4568
-3990
-2938
-1590
-183
1096
2271
3181
3606
3573
3285
2804
2050
1258
670
203
-273
-662
-901
-1113
-1451
-1886
-2329
-2786
-3224
-3470
-3410
-3006
-2269
-1246
54
1518
2958
4129
4865
5178
5053
4403
3313
2060
753
-616
-1785
-2466
-2753
-2820
-2607
-2038
-1364
-776
-233
271
557
624
665
770
921
1124
1421
1763
2135
2491
2698
2645
2386
1921
1183
351
-328
-886
-1386
-1606
-1346
-801
-153
659
1558
2213
2567
2770
2755
2460
1976
1391
749
108
-544
-1333
-2384
-3487
-4594
-5792
-6753
-7167
-7139
-6758
-5675
-3809
-1592
694
3015
5126
6605
7310
7374
6757
5329
3325
1014
-1280
-3325
-4988
-6164
-6819
-6796
-6291
-5528
-4382
-2999
-1787
-855
95
1067
1742
2213
2802
3428
3836
4179
4636
4847
4533
3820
2729
1193
-705
-2705
-4651
-6295
-7355
-7687
-7232
-5946
-4000
-1788
496
2800
4759
5965
6489
6475
5818
4527
3073
1735
427
-793
-1678
-2157
-2453
-2629
-2640
-2630
-2687
-2725
-2673
-2532
-2181
-1554
-762
210
1457
2803
3961
4868
5534
5769
5390
4635
3710
2538
1195
39
-679
-1114
-1245
-928
-302
394
1069
1703
2176
2372
2301
2033
1641
1347
1272
1386
1746
2383
3080
3501
3580
3244
2060
-217
-3025
-5939
-9037
-11748
-13209
-13399
-12571
-10345
-6667
-2297
2047
6100
9458
11562
12161
11473
9681
6832
3363
-173
-3389
-5873
-7485
-8417
-8634
-8054
-7050
-6053
-4965
-3788
-2927
-2482
-1950
-1059
-180
669
1969
3642
5117
6503
7943
8736
8437
7384
5655
3072
-92
-3327
-6368
-8988
-10663
-11078
-10286
-8478
-5831
-2782
327
3399
5920
7414
8046
7988
7056
5475
3881
2431
898
-583
-1597
-2165
-2779
-3410
-3798
-4226
-4875
-5353
-5408
-5195
-4617
-3459
-1817
203
2590
5119
7296
8939
10003
10228
9475
8065
6206
3800
1300
-787
-2390
-3443
-3759
-3388
-2635
-1599
-278
1032
2057
2731
3084
3093
2868
2816
3025
3418
4113
5107
6028
6604
6756
6049
3887
313
-3870
-8451
-13384
-17388
-19543
-20343
-19694
-16570
-11271
-5173
1104
7365
12755
16215
17674
17553
15642
11869
7101
2103
-2572
-6307
-8994
-10750
-11393
-10943
-10008
-8856
-7355
-5885
-5062
-4727
-4040
-3022
-2227
-1055
1086
3471
5719
8526
11514
13178
13399
12732
10816
7187
2596
-1938
-6601
-11127
-14172
-15265
-14966
-13237
-9960
-5996
-1875
2376
6059
8420
9655
9951
9103
7377
5603
4059
2261
512
-420
-883
-1623
-2308
-2760
-3629
-4877
-5897
-6644
-7276
-7392
-6544
-4904
-2646
491
4202
7535
10278
12667
14074
13917
12663
10697
7859
4487
1429
-1008
-2960
-4266
-4501
-3853
-2796
-1380
185
1382
2212
2964
3468
3675
3848
3981
4029
4176
4289
3783
2303
181
-2522
-6044
-9671
-12539
-14955
-16997
-17438
-15665
-12478
-8433
-3395
2216
7245
11034
14027
15888
15576
13204
9755
5764
1437
-2691
-6175
-8831
-10583
-11419
-11220
-10078
-8561
-7224
-6220
-5221
-4172
-3421
-2752
-1630
-324
1068
3314
6369
9122
11234
12835
13403
12478
10203
6955
2691
-2382
-7340
-11298
-14057
-15487
-15263
-13535
-10601
-6633
-2147
2165
5890
8741
10491
11089
10786
9880
8296
6043
3853
2024
144
-1576
-2865
-4174
-5535
-6479
-7103
-7631
-7811
-7337
-6323
-4866
-2595
521
3653
6477
9391
11970
13465
13947
13599
12278
10002
7195
4490
1960
-585
-2540
-3493
-3887
-3734
-2765
-1659
-746
423
1530
2299
2993
3496
3321
2869
2736
2344
1017
-736
-2230
-4601
-7828
-9705
-10691
-12488
-13643
-12694
-10843
-8624
-5267
-1075
2741
5694
8293
10666
11693
11168
9771
7299
4127
1159
-1678
-4526
-6813
-8532
-9824
-10177
-9624
-8875
-8288
-7578
-6433
-5360
-4493
-2844
-1014
-24
1416
4240
6707
8162
9972
11414
11231
10066
8651
6365
2664
-1413
-4888
-8026
-10457
-11400
-11378
-10699
-8604
-5377
-2216
955
4170
6608
7946
8652
9057
8628
7176
5485
3962
2149
382
-866
-2215
-3755
-4750
-5306
-5903
-6240
-5884
-5148
-4443
-3135
-793
1666
3715
6043
8623
10583
11906
12793
12964
12197
10637
8744
6730
4502
2343
520
-1072
-2045
-2112
-1872
-1502
-600
383
858
1176
1519
1161
-478
-2685
-4821
-7570
-10615
-12505
-13533
-14578
-14578
-12692
-9914
-6814
-3046
1051
4546
7175
9428
11061
11265
10331
8784
6518
3878
1531
-647
-2931
-4864
-6252
-7335
-8063
-8357
-8517
-8916
-9288
-9232
-9007
-8648
-7670
-6308
-4814
-2501
775
4012
6912
9710
11978
13103
13121
12435
10745
7727
4075
686
-2430
-5242
-7221
-8352
-8777
-8315
-7003
-5293
-3531
-1739
-36
1224
2257
3385
4160
4381
4531
4765
4748
4602
4409
3814
2783
1635
349
-1298
-2975
-4268
-5288
-6042
-5931
-4746
-3040
-1107
1351
4321
7086
9192
10908
12193
12394
11717
10801
9494
7740
5885
4156
2652
1594
1087
850
703
847
1007
650
249
-132
-1694
-4224
-6319
-8741
-11847
-13881
-14785
-15750
-16084
-14649
-12031
-9086
-5689
-1608
2303
5278
7950
10375
11516
11497
10712
9060
7018
4965
2755
458
-1665
-3515
-4938
-6028
-6795
-7259
-8093
-9168
-9675
-10042
-10550
-10467
-9987
-9474
-8013
-5193
-2031
1105
4582
7985
10548
12263
13598
13784
12096
9606
6990
3930
830
-1644
-3792
-5595
-6343
-6109
-5446
-4583
-3456
-2390
-1852
-1220
-185
414
500
842
1496
2075
2795
3792
4509
4708
4631
4443
3813
2589
1292
-142
-1810
-2999
-3311
-3165
-2625
-1325
638
2900
5162
7391
9412
10762
11437
11668
11315
10433
9261
7876
6502
5414
4538
3704
2835
1945
1092
-243
-2556
-5138
-7772
-11278
-14906
-17370
-19068
-20473
-20633
-19048
-16331
-12833
-8549
-3659
1014
4978
8528
11348
12933
13465
12964
11462
9487
7422
5179
2929
926
-862
-2365
-3577
-4601
-5554
-6670
-7987
-9309
-10660
-11774
-12377
-12752
-12761
-11615
-9468
-6921
-3704
141
3911
7040
9573
11662
12799
12500
11232
9507
7139
4467
2222
246
-1443
-2386
-2738
-2752
-2279
-1445
-863
-724
-653
-608
-946
-1581
-1958
-2122
-2324
-2169
-1379
-356
676
1863
2953
3612
4063
4354
4044
3266
2632
2148
1552
1321
1886
2806
3743
4992
6623
8018
8901
9480
9683
9269
8429
7479
6464
5477
4806
4328
3861
3648
3574
2914
1327
-692
-3233
-6871
-10955
-14466
-17747
-20877
-22776
-22867
-21593
-19215
-15376
-10539
-5584
-719
4070
8186
11043
12725
13309
12830
11665
10255
8701
6974
5337
4046
2988
2065
1299
349
-1244
-3295
-5588
-8215
-10921
-13341
-15402
-16886
-17128
-15964
-13795
-10734
-6810
-2565
1409
5017
8232
10459
11304
11223
10572
9228
7452
5749
4260
3042
2245
1903
1868
2045
2058
1783
1347
634
-396
-1698
-3079
-4311
-5305
-5970
-6054
-5640
-4929
-3836
-2417
-977
419
1688
2579
3137
3514
3819
4113
4401
4833
5591
6466
7420
8714
9983
10874
11572
11889
11641
11022
10115
8902
7493
6100
4820
3600
2457
1583
658
-969
-2880
-4806
-7387
-10374
-13010
-15473
-17928
-19729
-20369
-19921
-18628
-16414
-13217
-9575
-5839
-1796
2117
5269
7665
9320
10157
10424
10356
9926
9196
8298
7453
6797
6153
5460
4556
3147
1277
-924
-3524
-6348
-9267
-12268
-14904
-16554
-17147
-16780
-15419
-13082
-9973
-6653
-3191
414
3478
5551
6974
7999
8341
8078
7701
7283
6707
6213
6162
6226
6125
6079
5881
5134
4179
3093
1493
-401
-2182
-3859
-5399
-6485
-7047
-7139
-6906
-6253
-5133
-3926
-2775
-1550
-456
335
1199
2235
3179
4149
5425
6905
8386
9943
11695
13248
14221
14854
15190
14914
14126
13027
11520
9758
7992
6152
4377
2832
1074
-1188
-3565
-6039
-8987
-12087
-14896
-17503
-19956
-21700
-22285
-21907
-20704
-18491
-15439
-12025
-8367
-4504
-799
2360
4873
6754
8061
8955
9569
9957
10154
10180
10047
9898
9738
9348
8512
7161
5366
3038
173
-2867
-5847
-8951
-11963
-14094
-15269
-15826
-15550
-14311
-12600
-10785
-8666
-6318
-4192
-2463
-923
434
1570
2787
4187
5575
7018
8605
10102
11387
12470
13081
12938
12040
10510
8564
6217
3569
943
-1593
-4003
-5909
-7160
-8038
-8565
-8658
-8562
-8318
-7752
-6929
-6108
-5253
-4105
-2639
-879
1211
3589
6018
8342
10561
12636
14397
15716
16449
16528
16171
15523
14626
13556
12413
11147
9736
8367
7039
5473
3262
445
-2708
-6391
-10425
-14173
-17555
-20816
-23475
-24839
-24974
-24146
-22320
-19523
-16243
-12789
-9125
-5382
-2027
646
2783
4507
5930
7309
8660
9799
10846
11861
12649
13312
13779
13643
12686
11009
8734
5830
2530
-916
-4479
-8017
-10906
-12810
-14036
-14613
-14268
-13355
-12430
-11303
-9777
-8380
-7447
-6598
-5605
-4608
-3537
-2073
-210
1780
3953
6396
8743
10813
12598
13743
14019
13723
12958
11522
9557
7424
5244
2981
818
-976
-2493
-3933
-5246
-6304
-7243
-8113
-8734
-9145
-9388
-9210
-8405
-7091
-5325
-2984
-159
2741
5664
8679
11534
13883
15674
17018
17897
18265
18209
17861
17291
16412
15196
13826
12336
10265
7409
4156
384
-4049
-8569
-12776
-16813
-20496
-23263
-24924
-25577
-25205
-23745
-21549
-19019
-16151
-13035
-10047
-7376
-5062
-3122
-1298
518
2369
4406
6602
8672
10556
12491
14207
15325
15727
15398
14307
12356
9746
6913
3869
522
-2589
-5033
-6962
-8370
-9172
-9551
-9819
-10140
-10363
-10569
-11005
-11497
-11825
-11998
-11743
-10736
-9083
-6815
-3943
-733
2624
5987
9099
11645
13486
14528
14841
14520
13709
12617
11269
9720
8177
6711
5219
3734
2203
440
-1500
-3574
-5670
-7654
-9475
-10909
-11770
-11989
-11413
-9889
-7747
-5142
-2107
1025
4115
7061
9652
11738
13332
14575
15510
16190
16740
17161
17276
17162
16947
16282
14780
12515
9497
5532
930
-3827
-8556
-13198
-17429
-20730
-22916
-24075
-24146
-23172
-21594
-19703
-17528
-15226
-13032
-11122
-9505
-8034
-6521
-4757
-2626
-165
2584
5410
8117
10749
13132
14872
15722
15719
14797
13011
10737
8214
5513
2780
450
-1311
-2560
-3263
-3518
-3653
-4084
-4764
-5584
-6808
-8434
-10127
-11756
-13173
-13985
-13897
-12929
-11152
-8683
-5729
-2521
801
3928
6464
8364
9665
10337
10512
10560
10586
10463
10281
10227
10174
9959
9481
8582
7118
5094
2681
36
-2690
-5316
-7633
-9388
-10377
-10462
-9650
-8182
-6232
-3997
-1672
625
2783
4628
6133
7448
8664
9872
11182
12679
14163
15451
16589
17513
17709
16848
15124
12379
8483
3923
-750
-5453
-10066
-14031
-17016
-19061
-20167
-20289
-19672
-18787
-17756
-16645
-15639
-14756
-14008
-13323
-12433
-11084
-9153
-6602
-3488
-25
3422
6731
9798
12255
13832
14496
14265
13090
11263
9256
7228
5189
3434
2241
1454
966
795
759
410
-531
-1841
-3509
-5628
-7894
-10022
-11878
-13183
-13703
-13374
-12129
-10161
-7865
-5383
-2871
-524
1461
2988
4151
4975
5538
6133
6951
7868
8824
9897
10834
11447
11723
11426
10424
8777
6612
4117
1534
-956
-3108
-4779
-5898
-6331
-6136
-5490
-4466
-3252
-2099
-974
148
1151
2053
2989
4150
5578
7208
9137
11250
13165
14721
15899
16276
15562
13931
11367
7811
3777
-224
-4125
-7722
-10585
-12576
-13867
-14531
-14597
-14359
-14209
-14210
-14351
-14723
-15151
-15482
-15562
-15110
-13886
-11837
-9155
-5906
-2231
1388
4620
7361
9493
10747
11033
10707
9943
8811
7572
6579
5843
5286
5038
4995
4886
4538
3844
2592
754
-1486
-4035
-6709
-9116
-11059
-12379
-12853
-12433
-11295
-9624
-7567
-5422
-3487
-1871
-518
449
1058
1639
2333
3169
4232
5655
7286
8865
10222
11196
11564
11179
10116
8452
6320
3961
1700
-271
-1791
-2635
-2852
-2631
-2060
-1282
-499
78
435
620
567
377
328
660
1421
2683
4439
6608
8903
11109
13039
14327
14611
13739
11940
9235
5822
2280
-1059
-4123
-6650
-8338
-9279
-9719
-9832
-9806
-9959
-10541
-11497
-12708
-14044
-15275
-16127
-16334
-15604
-13910
-11364
-8119
-4518
-990
2071
4551
6321
7263
7512
7221
6598
5872
5358
5225
5402
5784
6336
6872
7065
6802
6068
4671
2551
-74
-2886
-5595
-7993
-9796
-10874
-11240
-10893
-9951
-8648
-7176
-5748
-4628
-3870
-3276
-2727
-2173
-1442
-349
1121
2898
4966
7161
9188
10735
11582
11693
11051
9732
7972
5981
3906
2008
538
-421
-889
-873
-520
-117
175
368
476
389
163
33
75
307
999
2261
3961
5956
8084
10138
11878
13147
13807
13594
12277
10066
7323
4144
976
-1671
-3813
-5580
-6796
-7380
-7671
-7885
-8254
-8953
-10086
-11626
-13298
-14781
-15844
-16411
-16325
-15340
-13404
-10746
-7661
-4458
-1520
764
2394
3549
4221
4530
4624
4689
4922
5442
6296
7377
8342
8990
9238
8934
8060
6696
4858
2531
-59
-2639
-4945
-6834
-8230
-9174
-9730
-9863
-9674
-9278
-8668
-7969
-7359
-6778
-6019
-4941
-3590
-1955
-73
1934
4007
6057
7955
9559
10615
10964
10682
9905
8757
7391
5902
4372
2933
1676
746
169
-173
-371
-604
-868
-1055
-1185
-1222
-1129
-899
-460
281
1408
2942
4766
6681
8491
10124
11522
12589
13163
13000
11874
9961
7519
4646
1781
-660
-2801
-4714
-6143
-6990
-7519
-8012
-8455
-9095
-10200
-11563
-12855
-13952
-14693
-14982
-14820
-13931
-12247
-9958
-7262
-4518
-2092
-250
1040
2006
2727
3296
3792
4225
4689
5372
6353
7373
8156
8563
8553
7982
6921
5669
4198
2251
7
-2048
-3883
-5559
-6791
-7627
-8485
-9247
-9607
-9741
-9647
-9133
-8475
-7829
-6866
-5388
-3603
-1698
413
2547
4390
6063
7711
9065
9865
10195
10048
9522
8818
8011
7022
5737
4355
2986
1735
786
158
-344
-848
-1193
-1237
-1061
-705
-181
316
733
1401
2424
3663
5182
6920
8479
9821
11229
12349
12489
11576
9992
7458
4119
1171
-1163
-3418
-5338
-6544
-7308
-7843
-8039
-8130
-8727
-9837
-11093
-12463
-13568
-13974
-13867
-13410
-12188
-10147
-7629
-4855
-2117
47
1222
1837
2251
2506
2887
3474
3968
4414
5132
6088
6868
7213
7117
6370
4893
3282
1886
482
-977
-2415
-3714
-4782
-5508
-5894
-6234
-6710
-7148
-7482
-7683
-7330
-6477
-5595
-4751
-3596
-2126
-613
1001
2695
4026
4958
5819
6593
7253
7792
7962
7604
6958
6222
5274
4051
2801
1485
88
-975
-1512
-1598
-1358
-905
-405
199
982
1814
2468
2969
3464
4012
4764
5933
7497
9163
10659
11865
12752
12941
11977
10020
7303
3747
92
-2812
-5085
-6833
-7857
-8390
-8847
-9210
-9503
-10167
-11343
-12632
-13865
-14673
-14503
-13414
-11782
-9547
-6812
-4098
-1527
859
2523
3120
3126
2988
2896
3225
4118
5196
6087
6748
7147
7096
6449
5198
3410
1268
-822
-2388
-3294
-3776
-4127
-4443
-4960
-5807
-6602
-7346
-8282
-8972
-9035
-8565
-7380
-5327
-2901
-680
1221
2793
3868
4613
5278
5735
6107
6620
7234
7888
8520
8874
8593
7541
5886
3793
1447
-786
-2667
-4033
-4643
-4498
-3823
-2800
-1648
-624
117
572
999
1555
2196
3214
4775
6794
9070
11351
13440
14931
15586
15427
14024
11251
7940
4348
448
-2661
-4369
-5563
-6685
-7357
-7894
-9043
-10588
-12118
-13927
-15778
-16958
-17212
-16288
-14016
-11137
-8297
-5378
-2662
-518
1161
2474
3226
3442
3767
4514
5665
7319
9027
9949
9887
9118
7661
5611
3321
1075
-1009
-2722
-3726
-4058
-3976
-3920
-4589
-6143
-8028
-9991
-11738
-12660
-12546
-11479
-9494
-6782
-3630
-424
2208
3736
4262
4292
4306
4722
5761
7379
9294
11072
12302
12853
12604
11136
8358
4832
1135
-2123
-4293
-5235
-5254
-4638
-3756
-3151
-2913
-2669
-2507
-2839
-3161
-2718
-1572
324
3274
6833
10036
12702
14804
15891
16237
16191
14956
12036
8763
5697
2320
-341
-1501
-2577
-4494
-6585
-8710
-11122
-13382
-15044
-16443
-17498
-17560
-16593
-14685
-11784
-8824
-6795
-5378
-4229
-3092
-1508
555
2689
4548
6351
8194
9886
11389
12328
11887
9987
7371
4878
2852
1141
-101
-795
-1534
-2482
-3193
-3885
-5256
-7504
-10197
-12799
-14651
-14993
-14008
-12190
-9521
-6626
-4271
-2134
68
1674
2422
3039
4144
5724
7911
10747
13340
14989
15546
14784
13011
10753
8087
5138
2300
33
-1527
-2527
-3138
-3821
-4905
-6268
-7802
-9038
-9248
-8421
-6801
-4446
-1517
1762
4844
7391
9505
11046
11901
12595
13617
14980
16443
17621
17667
15611
12043
7710
2304
-2889
-6216
-8667
-11065
-12545
-13227
-14084
-15294
-16451
-17741
-19219
-19947
-19426
-17522
-13786
-9262
-5427
-1939
1149
3264
4890
6407
7611
8351
9010
10135
11407
12680
13777
13556
11549
8566
5218
1876
-1157
-3521
-4750
-5680
-6823
-7335
-7550
-8536
-10218
-12130
-13917
-15228
-15236
-13636
-11341
-8424
-5038
-2453
-422
1950
3657
4527
5668
7120
8747
10733
13011
14821
15394
14949
13575
11220
8690
6239
3592
1066
-1082
-2723
-3955
-5093
-6079
-7108
-8281
-9003
-8948
-7929
-5894
-3543
-1168
1363
3704
5981
8300
10427
12579
14608
16366
18172
19886
20618
18720
14311
9362
3429
-2712
-5771
-6644
-8075
-9715
-11390
-14036
-17178
-19732
-21513
-22876
-22973
-21335
-18595
-14029
-8226
-4127
-1768
117
1031
2070
4702
8141
11269
13800
15672
16547
16391
15783
14270
11046
6926
3050
185
-1539
-2866
-3788
-4673
-6948
-9835
-12012
-13896
-15423
-16242
-16530
-16042
-14377
-11838
-9307
-6848
-4164
-2221
-829
1607
4554
6918
9264
11310
12651
13881
14874
15247
14993
14010
12281
10067
7883
5699
3055
200
-2618
-5432
-7614
-8857
-9685
-10269
-10615
-10440
-9652
-8422
-6222
-3236
-604
1777
4606
7536
10248
12918
15511
17628
19181
20853
22445
23323
22885
19210
12720
6113
-674
-6824
-9234
-9497
-11233
-14130
-17342
-21240
-25127
-27344
-27601
-26892
-24800
-21097
-16651
-10903
-4886
-1561
171
2087
3644
6421
11680
17059
20570
22187
21917
19857
17168
15117
12804
9318
5575
2077
-964
-3248
-5713
-8581
-11301
-14635
-18020
-19478
-19015
-18312
-17972
-17119
-15877
-14757
-12457
-8776
-5116
-1374
2436
5564
8506
11527
13736
14723
15008
15272
15569
15856
16232
15934
14293
11611
8240
4676
1275
-1976
-4942
-7648
-9956
-11292
-11847
-12251
-12526
-12429
-11756
-10387
-7995
-4434
-643
2509
5335
8135
10887
13761
16659
19271
21387
22993
24165
24906
25048
22692
16303
8806
1981
-5308
-9983
-10086
-10565
-14064
-18571
-23564
-28761
-31834
-31362
-28749
-25340
-21052
-16786
-12619
-7318
-2929
-1087
868
3685
6936
12477
19295
24033
25666
24367
20875
16969
14452
13542
12321
9633
5819
1102
-3580
-7724
-11887
-14997
-16814
-18960
-20289
-19140
-17528
-17410
-17698
-17434
-17084
-15561
-11308
-5880
-765
4268
7968
9800
11500
13297
14254
14949
15994
16948
17407
17376
16473
14068
10557
6730
3150
368
-1695
-3609
-5704
-8219
-10754
-12617
-13745
-14157
-13716
-12218
-9874
-7101
-3739
-212
2424
4528
6902
9731
13270
17250
20822
23389
24662
24750
24161
23605
22206
17068
9655
3422
-3427
-9987
-11438
-11027
-14494
-19606
-24475
-29474
-32463
-31285
-27174
-22748
-18756
-15525
-13063
-9216
-3886
-19
3307
7498
10883
14674
20016
23707
24239
22615
19182
15298
13182
13086
12870
10549
5864
-589
-7118
-11941
-15456
-17563
-17516
-17597
-18921
-19082
-18017
-17833
-18060
-17017
-14704
-11602
-6885
-904
4091
7592
9902
10649
11157
12792
14740
16295
17243
17150
15902
13703
11125
8470
5663
3108
970
-1070
-2985
-5060
-7622
-10335
-12563
-13627
-13206
-11762
-9869
-7789
-5697
-3878
-2051
544
3398
6005
9122
12608
15716
18610
20792
21558
21624
21427
20917
20727
20399
17209
9979
1986
-5172
-12492
-16579
-15801
-16072
-19905
-24191
-28434
-31914
-31872
-28255
-23209
-18328
-14449
-11474
-7890
-2581
2605
6358
10405
14285
17057
20790
24556
25240
23404
20179
16069
12979
11708
10948
8735
3895
-2804
-9585
-14786
-17865
-19557
-19545
-18468
-18871
-19749
-18847
-17728
-17229
-15512
-12184
-8183
-3914
891
5509
8516
10594
12510
13701
14905
16501
17091
16436
15202
13470
11154
8635
6433
4219
1892
20
-1911
-4405
-6859
-9336
-11803
-13108
-12969
-11829
-10204
-8753
-7367
-5684
-3571
-728
2710
6163
9071
11343
13630
16202
18453
20234
21522
21984
22051
21892
21419
20420
16221
7702
-754
-7347
-13757
-16787
-15419
-15906
-20425
-25632
-29865
-32416
-31403
-26673
-20821
-16123
-12908
-10570
-7371
-2111
3187
7386
12038
15935
18240
21198
23722
23364
21345
18768
15820
13722
12584
10985
7390
1551
-5328
-11450
-15356
-17407
-18869
-19102
-18562
-19487
-20595
-19734
-18344
-17279
-14840
-10763
-6432
-2070
2372
5866
8596
11364
13541
15242
17150
18173
17656
16540
15066
13070
10915
8569
5763
2956
596
-1711
-4116
-6284
-8584
-11099
-12847
-13419
-13051
-11913
-10544
-9332
-7907
-5865
-3089
263
3787
7014
9699
12065
14470
17064
19389
20793
21343
21508
21429
21126
20784
19667
15320
7043
-1165
-7402
-13253
-16175
-15074
-16227
-21424
-26428
-30342
-32569
-30938
-25955
-20500
-16284
-13343
-11052
-7845
-2447
3364
7864
12398
16292
18339
20691
23163
23158
21414
19435
17110
14949
13183
10903
6963
1145
-5369
-10769
-14152
-16308
-18310
-19329
-19436
-20601
-21625
-20383
-18447
-16888
-14069
-9868
-5614
-1519
2429
5499
8009
10861
13302
15152
17129
17989
16943
15442
13932
11997
10135
8184
5605
2772
331
-1855
-4062
-5947
-7705
-9676
-11158
-11647
-11386
-10346
-9219
-8509
-7097
-4868
-2465
740
4290
6932
9135
11254
13244
15552
17706
19020
19763
20396
20770
20479
20064
18131
11353
2850
-2717
-8112
-12556
-11865
-11478
-16507
-22732
-27489
-30841
-30720
-26671
-21381
-17568
-15378
-13952
-12057
-7322
-849
3990
8506
13049
15073
16899
19927
21066
20341
19316
17713
16094
14795
12842
9346
4291
-1378
-6637
-10074
-11607
-13967
-16897
-17872
-18949
-20780
-20115
-17810
-16585
-15309
-12438
-8854
-5298
-1480
1956
4504
7423
10592
12807
14901
16599
16220
14782
13723
12754
11782
10374
7920
4986
2233
-261
-2294
-3869
-5580
-7805
-10025
-11369
-11690
-11220
-10098
-9042
-8267
-6625
-3964
-1317
1574
4964
7605
9460
11804
14626
16983
18583
19756
20512
20785
20945
21015
20378
16920
9249
1418
-3899
-9379
-12870
-11725
-12752
-19228
-25347
-29201
-31597
-30211
-25089
-19883
-16881
-15405
-13952
-11115
-5414
1489
6634
10863
14266
15583
17318
20119
21170
20856
20166
18445
16423
14474
11794
7802
2502
-3048
-7556
-10561
-12728
-15487
-18029
-18937
-20082
-21325
-20216
-18230
-17241
-15558
-12328
-8547
-4561
-628
2763
5786
9003
12128
14509
16300
17300
16911
15587
14323
13423
12351
10163
7003
4019
1367
-1248
-3275
-4770
-6806
-9261
-11126
-11977
-11989
-11357
-10304
-9425
-8621
-6810
-4014
-1145
1905
5085
7757
10096
12617
15451
17857
19028
19695
20405
20725
20738
20694
19652
15132
7188
393
-4441
-9745
-12208
-11368
-14144
-20713
-26012
-29589
-31070
-28806
-24045
-19665
-17282
-16050
-14346
-10841
-4643
2078
7038
11156
13944
15130
17214
19745
20887
21109
20457
18851
16953
14582
11525
7564
2494
-2553
-6543
-9409
-12088
-15395
-17785
-18729
-19985
-20637
-19351
-17811
-16755
-14962
-11931
-8027
-4077
-730
2344
5528
8588
11357
13904
15940
16710
16151
14993
13789
12872
11784
9671
6919
4350
1715
-878
-2822
-4500
-6627
-8932
-10624
-11401
-11535
-10967
-9890
-9164
-8224
-6099
-3556
-1033
1977
4989
7407
9615
12243
15066
17131
18475
19652
20514
21018
21133
20547
18532
13011
5102
-620
-4937
-9366
-10533
-10531
-15112
-21832
-26453
-29379
-29861
-26675
-21961
-18911
-17680
-16417
-14270
-10032
-3229
3097
7330
10846
12894
13890
16375
19111
20121
20243
19712
18115
16014
13680
10654
6726
2173
-2290
-5760
-8265
-11178
-14664
-16615
-17396
-18914
-19436
-18032
-17333
-17108
-14944
-11762
-8555
-4637
-1093
1397
4454
7941
10545
12997
15429
16185
15481
14932
14382
13376
12227
10391
7520
4699
2289
-250
-2450
-4163
-6379
-8848
-10421
-11149
-11401
-11000
-10274
-9529
-8113
-5871
-3270
-412
2549
5212
7543
10083
12953
15373
17103
18590
19734
20657
21406
21495
20350
16131
8688
2228
-2055
-6269
-8401
-8444
-11899
-19032
-24978
-28315
-29249
-27148
-22917
-19586
-18745
-18511
-16847
-12993
-6849
-344
4632
8373
10654
12031
14535
17454
19115
19831
19720
18535
16888
15015
12482
9145
5318
1201
-2710
-5672
-8715
-12590
-15285
-16254
-17465
-18521
-18141
-17584
-17622
-16553
-13472
-9885
-6693
-3315
-157
2400
5455
9025
11893
13960
15475
15955
15401
14761
14460
13649
11647
9167
6796
4214
1489
-708
-2555
-4785
-7117
-8889
-10033
-10775
-10955
-10578
-10091
-9202
-7301
-4920
-2741
-168
2873
5431
7750
10608
13531
15476
16673
18126
19534
20276
20751
20928
19629
15397
8535
2353
-2116
-6750
-9541
-9710
-12656
-19284
-24659
-27916
-29519
-27667
-23409
-20136
-18841
-18273
-16930
-13422
-7297
-449
4608
8099
10588
11999
14225
17618
19825
20410
20119
18706
16710
14894
12746
9824
6069
1762
-2281
-5589
-8678
-12114
-14791
-15816
-16924
-18495
-18750
-18080
-17739
-16751
-13731
-9700
-6912
-4967
-2033
926
3544
7629
11709
13514
14556
15334
14583
13925
14730
14708
12612
10274
8129
5059
2210
754
-824
-3389
-5828
-7773
-9623
-10854
-11082
-10918
-10750
-9965
-8157
-5955
-3865
-1431
1492
4221
6712
9691
12884
15043
16148
17467
19148
20324
21042
21527
20738
17286
11150
4589
-282
-4389
-7783
-9039
-10873
-16427
-22973
-27379
-29362
-28350
-24909
-21427
-19589
-19232
-18699
-15811
-10002
-3001
2718
6493
9016
10555
12570
16070
19084
20247
20309
19200
17235
15520
13861
11519
8303
4311
60
-3723
-6961
-10297
-13489
-15026
-15762
-17471
-18653
-18146
-17858
-17799
-15614
-11940
-9115
-6963
-4197
-1150
1888
5583
9423
12153
13669
14402
14515
14630
15156
15291
14289
12354
9921
7273
4793
2725
913
-1210
-3853
-6283
-8150
-9607
-10388
-10566
-10546
-10183
-9166
-7493
-5504
-3486
-1018
1781
4260
7055
10315
12778
14432
16082
17459
18548
19719
20388
20092
18844
15653
9644
3339
-923
-4852
-8265
-9205
-11074
-16934
-23221
-26835
-27995
-26598
-23204
-20054
-18939
-19202
-18500
-15119
-8992
-2220
2632
5647
7829
9297
11755
15725
18635
19631
19515
18156
16219
14911
13703
11456
8164
4524
594
-3374
-6536
-9533
-12502
-13855
-14765
-16689
-17687
-17491
-17641
-17047
-14489
-11317
-9011
-7319
-4897
-1840
1112
4764
8655
10931
11830
12572
13257
13818
14360
14648
13855
11662
9333
7479
5669
4062
2545
414
-2265
-4833
-6786
-7935
-8660
-9147
-9206
-9074
-8651
-7295
-5372
-3578
-1494
1080
3524
5869
8490
11011
12840
14246
15880
17410
18382
18984
19068
18109
15153
9574
3860
36
-3861
-7051
-7437
-9369
-15597
-21669
-25040
-26527
-25488
-22061
-19023
-18495
-19248
-18585
-15312
-9522
-2894
1828
4519
6402
7726
10215
14400
17602
18674
18443
17090
15336
14307
13495
11697
8816
5256
1005
-3035
-5960
-8773
-11444
-12391
-13144
-15452
-17079
-17017
-17241
-16888
-13923
-10682
-9295
-7715
-5043
-2647
364
4695
8094
9663
10965
12141
12592
13229
14269
14311
12981
11254
9453
7666
6088
4437
2580
429
-2107
-4410
-5908
-6950
-7823
-8288
-8520
-8683
-8324
-7118
-5580
-4054
-1976
707
3073
5171
7797
10343
12065
13575
15328
16571
16985
17417
17830
17262
15864
13255
8189
2402
-1843
-5491
-8170
-8850
-10826
-16124
-21423
-24421
-25345
-23778
-20393
-17930
-17765
-18143
-17000
-13481
-7580
-1331
2604
4641
6406
8015
10502
14451
17382
17766
16842
15420
13921
13061
12276
10337
7325
3641
-537
-4146
-6662
-9086
-11386
-12470
-13527
-15399
-16398
-16352
-16369
-15271
-12493
-9954
-8106
-6038
-3935
-1708
1518
4941
7429
9544
11207
11661
11823
12552
12790
12404
12086
11155
9274
7399
5702
3696
1841
359
-1459
-3550
-5074
-6120
-7046
-7581
-7769
-7861
-7468
-6572
-5489
-3913
-1984
-68
2056
4597
7260
9450
11067
12506
13645
14369
15201
15990
16269
15798
14506
12719
9798
4758
-248
-3392
-6423
-8949
-9590
-11329
-15940
-20407
-22420
-22341
-20864
-18385
-16225
-15867
-16036
-14162
-9945
-4655
247
3486
5297
6746
8499
11341
14572
16243
16019
14787
13214
11975
11175
10112
8168
5058
1142
-2535
-5332
-7580
-9761
-11432
-12199
-13347
-14905
-15210
-14668
-14358
-13186
-10772
-8717
-7171
-5264
-2867
-146
2751
5588
7838
9217
10067
10717
11276
11975
12564
12624
12091
10715
8685
6901
5322
3583
2070
543
-1519
-3731
-5352
-6306
-6948
-7445
-7623
-7570
-7513
-7076
-5938
-4382
-2676
-751
1384
3518
5542
7544
9574
11184
12280
13359
13982
13810
13874
14151
13409
12281
11385
8824
4048
-405
-3486
-6676
-8997
-9119
-10258
-14357
-18243
-20145
-20916
-19839
-16929
-14604
-13996
-13867
-12699
-9759
-5366
-705
2815
5006
6552
7920
9874
12343
13813
13839
13219
12086
10784
9871
8719
6754
4225
1226
-1962
-4568
-6586
-8700
-10396
-10919
-11452
-12743
-13333
-13051
-12921
-11859
-9302
-7172
-6052
-4680
-2995
-1316
1163
4283
6357
7200
8076
8887
9428
10494
11610
11758
11031
9713
8079
6824
5971
4809
3307
1687
-258
-2258
-3530
-4174
-4918
-5656
-6191
-6757
-6984
-6438
-5615
-4644
-3214
-1771
-559
952
2941
4973
6791
8412
9699
10451
11016
11798
12537
13243
13646
13249
12547
10854
6762
2298
-324
-2723
-4828
-5037
-6158
-10532
-15136
-17335
-17811
-17167
-15520
-14216
-14657
-15583
-14614
-11448
-7242
-3269
-693
648
1869
3515
6171
9367
11230
11199
10340
9446
8942
8973
9019
8189
6095
3299
473
-1874
-3595
-5250
-6839
-7488
-8056
-9540
-10578
-10607
-10858
-11073
-10044
-8413
-7436
-6606
-4843
-2760
-1065
1019
3411
5053
6242
7630
8776
9528
10405
11293
11529
11002
10184
9232
8048
6792
5570
4125
2220
119
-1726
-3124
-4160
-5182
-6294
-7274
-8090
-8585
-8501
-7818
-6843
-5901
-4912
-3477
-1490
797
3150
5410
7400
8990
10320
11602
12706
13453
14059
14485
14536
14412
13575
10676
6143
2209
-747
-3518
-4796
-4858
-7148
-11971
-16055
-18251
-18982
-17783
-15382
-14071
-14650
-15529
-14890
-12097
-7579
-2945
71
1465
2296
3391
5456
8292
10593
11453
11007
10188
9888
9928
9570
8584
6862
4250
1498
-430
-2090
-4146
-5654
-6494
-7943
-9502
-10139
-10946
-11890
-11377
-9933
-8719
-7333
-5824
-4679
-3022
-557
1657
3390
5021
6043
6683
8236
10148
11264
11958
12043
10863
9607
9124
8353
7076
5880
3982
1113
-1161
-2486
-4014
-5481
-6479
-7952
-9669
-10316
-10107
-9800
-9063
-7901
-6846
-5591
-3695
-1311
1381
3995
6331
8648
10675
11987
13243
14810
15724
15969
16597
16824
15636
14327
13022
9499
4473
958
-1843
-5049
-6461
-6877
-10043
-15044
-18541
-20370
-20893
-19501
-17327
-16594
-17265
-17312
-15478
-11815
-7059
-2892
-397
1089
2521
4717
7874
10942
12760
13118
12539
12027
12137
12210
11544
10082
7705
4430
1280
-962
-3080
-5470
-6847
-7573
-9442
-11535
-12366
-12860
-13326
-12331
-10180
-8882
-8245
-6619
-4333
-2121
736
3799
5623
6689
7996
9281
10600
12262
13605
13851
13028
11737
10262
8792
7414
5877
3949
1357
-1716
-4427
-6310
-7751
-8952
-9893
-10925
-12054
-12624
-12241
-11103
-9496
-7702
-6067
-4444
-2258
474
3372
6466
9409
11576
13136
14529
15668
16434
17029
17357
17202
16652
15747
14340
12505
10149
6449
1583
-2700
-5835
-8356
-9856
-10946
-13682
-17864
-21131
-22316
-21724
-19951
-17934
-16868
-16862
-16256
-13647
-9312
-4462
-341
2352
3967
5429
7546
10547
13358
14860
15082
14440
13524
12887
12374
11279
9302
6612
3402
104
-2612
-4812
-6904
-8471
-9516
-10946
-12621
-13478
-13481
-12929
-11554
-9657
-8121
-7013
-5312
-2679
183
2940
5472
7168
8072
9162
10537
11500
12006
12251
11806
10543
9219
8020
6449
4613
2852
913
-1465
-3842
-5860
-7664
-9095
-9905
-10384
-10746
-10762
-10453
-9887
-8871
-7349
-5529
-3644
-1704
327
2447
4664
6863
9010
11216
13029
14076
14882
15530
15486
15151
14931
14441
13602
12491
10968
9234
7019
3490
-908
-4729
-7664
-10049
-11331
-11907
-13806
-17291
-20099
-20999
-20408
-18584
-16109
-14460
-14085
-13455
-11163
-7308
-2894
1012
3566
4863
5972
7774
10347
12865
14232
14158
13199
11997
11071
10562
9915
8438
5965
2795
-330
-2741
-4666
-6358
-7477
-8435
-10069
-11728
-12315
-12065
-11459
-10192
-8492
-7246
-6312
-4811
-2641
-260
2110
4092
5333
6063
6774
7617
8470
9065
9333
9204
8264
6925
5989
5177
3995
2838
1705
30
-2062
-3752
-4805
-5662
-6489
-7122
-7737
-8414
-8652
-8301
-7528
-6378
-5029
-3764
-2521
-1041
772
2730
4632
6557
8443
9899
11108
12498
13606
13979
14025
14013
13593
12714
11893
11085
9872
8388
6928
4923
1508
-2605
-5903
-8299
-10211
-11077
-11465
-13331
-16520
-18776
-19176
-18372
-16575
-14196
-12633
-12247
-11446
-9085
-5528
-1553
1914
4116
5410
6797
8575
10707
12882
14055
13713
12743
11958
11202
10314
9279
7701
5213
2069
-906
-3304
-5408
-7330
-8630
-9534
-10923
-12574
-13483
-13575
-13257
-12148
-10203
-8498
-7471
-6229
-4328
-2032
565
3215
5274
6444
7191
7926
8802
9872
10689
10802
10215
9044
7585
6422
5511
4365
2989
1234
-1041
-3184
-4637
-5748
-6839
-7831
-8818
-9812
-10183
-9577
-8568
-7546
-6350
-5222
-4136
-2339
50
2362
4497
6498
8218
9782
11455
13212
14634
15390
15568
15262
14636
13973
13165
12094
10809
9094
6978
4888
2880
579
-2412
-5957
-9242
-11922
-13771
-14383
-14556
-15572
-17371
-18838
-18995
-17518
-14838
-11798
-9400
-8073
-6766
-4305
-679
3354
6738
8913
10009
10664
11659
13057
14134
14208
13188
11379
9500
7941
6358
4488
2211
-649
-3906
-6760
-8827
-10606
-12191
-12987
-13263
-13814
-14242
-13859
-13018
-11858
-9803
-7249
-5145
-3361
-1207
1236
3796
6541
8826
9872
10137
10414
10741
10972
11079
10759
9564
7571
5528
3942
2515
1001
-493
-2149
-4231
-6177
-7354
-7972
-8417
-8741
-9024
-9357
-9316
-8514
-7185
-5736
-4200
-2669
-1259
391
2495
4690
6555
8185
9588
10643
11572
12492
13239
13674
13589
13164
12718
11927
10625
9368
8071
6176
4257
2926
1624
102
-1082
-2107
-4005
-6816
-9293
-10940
-11951
-11866
-10805
-10318
-11190
-12470
-12806
-11637
-9267
-6463
-4264
-3409
-3405
-2773
-676
2426
5262
6780
6808
6087
5681
6074
6998
7617
7131
5398
3369
1972
1160
584
-23
-1177
-3234
-5510
-7068
-7889
-8272
-8087
-7642
-7755
-8411
-8628
-8008
-6927
-5394
-3470
-1959
-1251
-580
794
2641
4517
6161
7094
7003
6497
6256
6353
6597
6515
5759
4348
2656
1207
441
43
-467
-1323
-2595
-3929
-4787
-4828
-4355
-3922
-3848
-4128
-4462
-4236
-3242
-2016
-886
-4
396
696
1531
2890
4241
5378
6265
6704
6881
7330
8010
8563
9033
9183
8904
8666
8480
8048
7600
7121
6251
5083
3980
3073
2257
1502
883
206
-1169
-3491
-6084
-7981
-8980
-9222
-8726
-8392
-9575
-11687
-12828
-12423
-10832
-8483
-6417
-5724
-5992
-5715
-4009
-1173
1894
4024
4589
4252
4158
4792
6091
7372
7520
6374
4751
3515
2913
2659
2286
1158
-898
-3209
-4919
-5860
-6434
-6833
-7043
-7377
-8084
-8537
-8265
-7678
-6941
-5665
-4122
-3017
-2117
-820
776
2340
3937
5304
6039
6291
6476
6756
7102
7343
7235
6737
5803
4663
3682
2853
1914
890
-112
-1337
-2605
-3402
-3754
-4072
-4361
-4540
-4795
-5002
-4744
-4076
-3354
-2626
-1820
-1049
-194
1001
2437
3794
4854
5711
6422
6953
7525
8228
8758
8946
8904
8768
8484
8090
7733
7275
6389
5102
3914
2847
1645
647
61
-682
-1835
-2803
-3404
-4306
-5747
-7170
-8308
-9175
-9340
-8443
-7370
-7296
-8068
-8694
-8519
-7386
-5483
-3621
-2680
-2697
-2814
-2065
-238
1860
3204
3465
3033
2541
2542
3139
3760
3648
2664
1389
463
22
-203
-420
-937
-2071
-3488
-4492
-4976
-5234
-5149
-4645
-4288
-4413
-4591
-4354
-3757
-2844
-1453
53
958
1324
1919
2952
4118
5229
6074
6368
6135
5858
5877
5994
5951
5585
4716
3504
2266
1175
468
31
-537
-1281
-2219
-3380
-4262
-4420
-4154
-3915
-3839
-3969
-4291
-4349
-3669
-2580
-1594
-801
-320
-124
437
1594
2889
4084
5039
5499
5566
5761
6357
7038
7429
7503
7235
6699
6166
5834
5707
5489
4750
3658
2700
1760
882
372
3
-662
-1517
-2215
-2684
-3087
-3904
-5179
-6467
-7289
-7460
-6856
-5799
-5359
-6139
-7260
-7467
-6738
-5440
-3858
-2846
-3008
-3418
-2962
-1685
-145
1111
1554
1202
825
989
1623
2314
2621
2289
1629
1215
1161
1206
1151
878
215
-755
-1617
-2024
-2161
-2198
-1985
-1750
-1973
-2548
-2860
-2627
-1997
-1111
-186
274
290
493
1161
2067
3007
3716
3828
3568
3446
3579
3731
3821
3839
3487
2723
1928
1229
530
-111
-624
-1154
-1876
-2687
-3390
-3878
-4158
-4280
-4234
-4185
-4237
-4121
-3567
-2813
-2039
-1106
-287
199
773
1742
2840
3829
4677
5253
5457
5563
5889
6250
6389
6295
5905
5294
4705
4267
3876
3475
2896
2201
1676
1225
744
447
263
-195
-784
-1132
-1314
-1430
-1316
-973
-736
-1028
-1974
-3173
-3989
-4138
-3625
-2757
-2359
-3089
-4614
-5827
-5870
-4945
-3785
-3110
-3383
-4295
-4779
-4038
-2359
-730
33
-139
-649
-695
193
1718
2971
3250
2694
1988
1753
2187
2879
3159
2666
1559
319
-537
-841
-883
-971
-1217
-1717
-2404
-2988
-3209
-3002
-2501
-1903
-1433
-1233
-1143
-822
-77
971
1908
2432
2603
2581
2519
2639
2930
3105
2978
2555
1920
1290
746
202
-327
-813
-1502
-2372
-3053
-3462
-3683
-3760
-3738
-3724
-3761
-3631
-3142
-2466
-1731
-989
-358
190
873
1790
2818
3752
4373
4751
5012
5189
5461
5873
6092
5903
5502
5114
4648
4161
3859
3557
2996
2312
1768
1299
885
641
495
281
-1
-358
-621
-593
-390
-142
157
470
284
-614
-1588
-2219
-2492
-2262
-1598
-1342
-2279
-3946
-5268
-5660
-5223
-4315
-3725
-4195
-5356
-6110
-5763
-4439
-2955
-2174
-2243
-2703
-2768
-1838
-228
1208
1861
1690
1274
1374
2208
3291
3968
3936
3226
2208
1499
1380
1442
1341
1088
507
-400
-1316
-1971
-2367
-2467
-2375
-2417
-2754
-3116
-3137
-2774
-2059
-1306
-923
-949
-1001
-687
50
947
1672
2091
2070
1905
2015
2338
2589
2579
2297
1718
991
454
259
116
-216
-692
-1305
-1911
-2193
-2104
-1866
-1687
-1616
-1570
-1401
-947
-279
395
969
1448
1914
2467
3067
3741
4350
4689
4817
4953
5128
5228
5272
5252
5059
4558
4000
3623
3305
2975
2644
2260
1668
864
198
-203
-466
-645
-803
-1043
-1333
-1452
-1355
-1553
-2299
-3248
-4182
-4705
-4340
-3452
-3152
-3820
-4958
-5880
-5961
-5039
-3723
-3034
-3364
-4099
-4235
-3308
-1626
-102
506
210
-350
-336
571
1892
2719
2643
1935
1232
1099
1470
1904
1928
1313
200
-756
-1196
-1334
-1436
-1512
-1659
-2091
-2573
-2700
-2579
-2401
-1982
-1375
-1043
-1046
-904
-413
296
1113
1797
2052
1923
1718
1771
2150
2556
2645
2369
1869
1294
891
785
716
480
26
-612
-1233
-1645
-1751
-1674
-1567
-1569
-1701
-1750
-1523
-1028
-445
118
551
807
1100
1570
2162
2744
3196
3408
3415
3391
3438
3588
3755
3750
3506
3111
2679
2375
2249
2167
1888
1426
983
638
502
656
895
955
786
523
390
427
593
813
979
966
806
805
1006
848
24
-1038
-2076
-2875
-3002
-2639
-2668
-3635
-5140
-6337
-6685
-6212
-5370
-4933
-5254
-5935
-6178
-5410
-3842
-2327
-1520
-1349
-1325
-808
384
1862
3026
3449
3279
3101
3373
4032
4532
4558
4118
3207
2199
1529
1109
596
16
-561
-1287
-2179
-2941
-3391
-3614
-3652
-3523
-3418
-3504
-3517
-3118
-2331
-1418
-609
-66
239
611
1190
1952
2716
3223
3404
3392
3320
3344
3408
3308
2993
2499
1835
1114
431
-142
-637
-1234
-1831
-2338
-2765
-3099
-3233
-3156
-2986
-2752
-2434
-2061
-1591
-892
-67
754
1521
2093
2495
2928
3513
4181
4741
4982
4892
4700
4548
4503
4522
4395
3912
3116
2378
1874
1578
1490
1378
968
317
-291
-651
-716
-583
-471
-562
-833
-1068
-955
-453
-15
-236
-1111
-2128
-2916
-2992
-2279
-1586
-1794
-2872
-4186
-4978
-4745
-3719
-2816
-2759
-3420
-4158
-4240
-3308
-1831
-803
-621
-913
-1162
-882
98
1239
1817
1668
1217
989
1181
1694
2141
2106
1519
646
-64
-410
-481
-463
-487
-745
-1313
-1909
-2268
-2370
-2186
-1752
-1393
-1388
-1513
-1448
-1124
-602
74
590
665
576
694
1006
1393
1824
2058
1918
1637
1440
1338
1313
1310
1166
793
332
-116
-498
-702
-806
-1011
-1283
-1479
-1559
-1497
-1207
-848
-597
-413
-207
168
751
1474
2045
2350
2577
2752
2952
3349
3766
3848
3646
3395
3197
3100
3100
3051
2716
2157
1606
1157
942
922
883
723
518
302
161
169
313
509
599
555
502
558
711
938
1269
1449
995
53
-838
-1568
-2022
-1922
-1771
-2278
-3384
-4637
-5554
-5820
-5420
-4819
-4716
-5183
-5673
-5701
-5004
-3684
-2416
-1760
-1642
-1615
-1198
-228
1033
2051
2436
2229
1950
2049
2503
2991
3217
2928
2060
1095
555
421
306
155
-216
-1044
-1955
-2502
-2613
-2495
-2286
-2143
-2326
-2636
-2572
-2082
-1380
-608
-105
-45
-61
262
920
1729
2443
2726
2582
2353
2329
2550
2831
2915
2668
2109
1508
1086
832
649
392
-101
-770
-1376
-1793
-1896
-1762
-1664
-1680
-1732
-1760
-1587
-1096
-432
182
653
1053
1415
1828
2398
2983
3401
3623
3710
3749
3824
3910
3947
3855
3570
3113
2641
2273
1964
1639
1364
1119
714
301
75
-58
-188
-263
-258
-325
-466
-528
-493
-448
-351
-160
-146
-472
-1048
-1648
-2220
-2560
-2420
-2320
-2731
-3428
-4177
-4843
-5016
-4607
-4161
-4145
-4430
-4650
-4572
-4013
-2939
-1997
-1663
-1628
-1499
-1046
-198
826
1529
1657
1465
1445
1790
2293
2679
2736
2344
1741
1289
1080
968
783
514
157
-320
-719
-951
-1184
-1349
-1359
-1369
-1440
-1429
-1268
-1050
-813
-493
-209
6
248
572
908
1195
1459
1652
1778
1867
1949
1988
1989
1923
1810
1645
1363
1014
676
379
97
-172
-456
-790
-1107
-1277
-1279
-1180
-1105
-1040
-954
-825
-500
-32
453
855
1151
1375
1686
2101
2498
2793
2866
2820
2779
2794
2868
2929
2832
2512
2073
1738
1532
1283
1098
953
641
242
71
41
-85
-141
-119
-197
-326
-310
-243
-248
-248
-195
-136
-100
-106
-384
-848
-1339
-1852
-2168
-2098
-2124
-2504
-2961
-3489
-4011
-4088
-3749
-3466
-3425
-3497
-3548
-3428
-2859
-1973
-1299
-1015
-833
-689
-331
451
1220
1633
1715
1627
1586
1777
2080
2269
2166
1752
1223
811
601
430
213
2
-365
-877
-1242
-1440
-1614
-1681
-1539
-1448
-1446
-1282
-987
-815
-642
-254
103
325
665
1101
1269
1246
1387
1604
1696
1773
1875
1722
1334
1038
911
761
501
259
-61
-561
-940
-1061
-1166
-1341
-1487
-1625
-1760
-1738
-1471
-1121
-896
-686
-354
-46
312
866
1365
1646
1909
2230
2517
2712
2867
2981
2919
2785
2752
2688
2466
2195
1953
1681
1365
1120
923
639
370
234
164
49
-33
-22
-75
-130
-11
137
195
261
369
427
456
543
620
631
501
188
-199
-514
-814
-1139
-1319
-1516
-1997
-2529
-2843
-3157
-3440
-3461
-3465
-3641
-3768
-3635
-3399
-3148
-2698
-2224
-1973
-1712
-1276
-836
-366
212
693
968
1165
1423
1664
1825
1973
2076
1923
1585
1383
1230
967
711
537
217
-276
-611
-757
-976
-1169
-1209
-1296
-1474
-1527
-1344
-1130
-983
-804
-613
-522
-415
-133
190
391
546
816
989
980
1061
1092
918
824
939
953
744
546
351
75
-111
-116
-204
-456
-618
-679
-717
-609
-451
-385
-335
-212
-2
310
634
905
1099
1288
1519
1758
2032
2261
2348
2318
2345
2377
2382
2384
2291
2096
1835
1663
1562
1393
1216
1037
816
570
453
408
304
203
156
96
24
95
211
277
322
372
372
342
313
264
183
109
18
-158
-403
-768
-1156
-1459
-1707
-1993
-2269
-2612
-3066
-3318
-3302
-3226
-3209
-3210
-3267
-3357
-3200
-2756
-2336
-2054
-1818
-1619
-1394
-989
-476
-83
116
219
310
429
609
826
968
961
842
735
671
571
459
365
194
-35
-198
-347
-469
-534
-577
-572
-602
-680
-727
-701
-600
-460
-321
-214
-184
-129
64
243
367
489
526
498
591
798
943
968
949
885
783
736
783
776
679
589
492
355
235
202
222
176
85
137
161
110
212
474
619
715
936
1142
1258
1427
1731
1884
1907
2030
2152
2198
2280
2328
2251
2068
1880
1768
1655
1527
1365
1110
834
615
498
405
229
26
-141
-295
-409
-338
-247
-294
-358
-395
-471
-515
-396
-264
-264
-343
-434
-552
-640
-606
-562
-718
-1027
-1317
-1577
-1747
-1733
-1710
-1882
-2172
-2450
-2602
-2602
-2477
-2358
-2368
-2439
-2422
-2263
-1965
-1609
-1399
-1307
-1212
-1065
-846
-513
-191
-48
13
113
235
349
504
596
526
405
305
229
188
187
113
-21
-181
-355
-487
-529
-542
-556
-580
-639
-668
-620
-474
-306
-134
47
148
217
356
568
761
938
1107
1182
1223
1300
1375
1409
1420
1400
1342
1280
1170
1054
984
872
781
720
618
496
434
428
439
479
516
532
512
562
659
754
885
1026
1091
1104
1149
1175
1215
1288
1367
1420
1388
1305
1201
1122
1105
1104
1077
980
834
659
522
479
420
350
283
161
-9
-140
-190
-245
-261
-245
-310
-469
-601
-675
-738
-727
-697
-760
-909
-1000
-1045
-1070
-1025
-1053
-1165
-1256
-1338
-1353
-1279
-1259
-1330
-1418
-1460
-1478
-1502
-1462
-1459
-1560
-1569
-1437
-1380
-1392
-1351
-1379
-1419
-1331
-1159
-1043
-1006
-978
-961
-932
-835
-720
-668
-602
-481
-365
-281
-240
-223
-213
-167
-69
15
45
8
-2
69
135
194
193
111
30
64
197
291
310
294
240
241
334
455
511
489
504
518
571
684
782
826
855
917
993
1076
1169
1255
1311
1323
1366
1384
1381
1419
1434
1409
1347
1241
1141
1079
1033
987
937
820
707
625
601
589
553
496
401
347
343
397
433
489
540
566
574
591
608
611
682
753
802
810
732
615
559
541
506
464
311
89
-122
-293
-387
-464
-536
-665
-879
-1042
-1117
-1175
-1202
-1209
-1266
-1331
-1326
-1288
-1261
-1190
-1082
-989
-910
-846
-795
-780
-684
-534
-418
-366
-430
-504
-544
-502
-418
-381
-458
-654
-808
-900
-940
-914
-903
-981
-1116
-1184
-1195
-1201
-1159
-1078
-1009
-966
-872
-757
-668
-547
-373
-201
-60
79
171
228
302
366
439
498
505
483
424
389
370
329
273
219
156
93
79
100
100
111
131
152
199
259
315
341
397
500
613
710
778
836
869
921
976
1002
1021
1010
994
963
948
927
857
763
665
583
514
451
411
351
302
278
269
269
249
238
236
230
251
316
369
379
411
484
524
534
576
615
585
570
624
657
591
572
565
475
394
339
249
97
-48
-170
-280
-406
-494
-566
-659
-731
-797
-851
-879
-875
-871
-869
-832
-760
-701
-653
-579
-496
-441
-409
-353
-307
-280
-246
-220
-216
-246
-283
-310
-356
-441
-509
-557
-627
-694
-732
-763
-822
-867
-838
-766
-707
-650
-581
-539
-475
-361
-228
-113
-35
15
57
123
205
281
312
264
214
188
177
174
160
141
109
35
-34
-86
-126
-171
-182
-176
-221
-258
-278
-273
-239
-159
-55
-31
-24
54
134
207
313
430
477
511
585
634
655
692
731
732
741
751
711
621
564
539
509
484
442
327
208
145
109
87
33
-51
-141
-201
-205
-162
-109
-96
-114
-89
-41
1
73
166
215
227
278
327
307
306
343
325
281
267
246
156
88
76
32
-3
-36
-90
-169
-209
-218
-237
-222
-210
-192
-190
-182
-172
-168
-145
-95
-20
27
49
44
48
75
122
172
183
125
89
90
90
105
98
56
-4
-45
-47
-48
-92
-137
-182
-225
-247
-256
-271
-303
-336
-353
-342
-327
-308
-317
-334
-322
-304
-242
-187
-127
-79
-81
-85
-49
-5
11
55
67
55
40
66
86
68
43
5
-50
-84
-80
-92
-118
-152
-187
-227
-207
-185
-194
-193
-182
-157
-118
-52
5
30
54
79
126
171
178
200
205
212
203
185
172
134
119
95
84
54
-6
-48
-83
-96
-95
-94
-96
-132
-173
-178
-175
-163
-167
-151
-117
-81
-20
1
32
46
52
99
139
173
199
222
230
245
273
278
272
275
266
256
274
274
242
209
205
195
187
198
186
113
72
68
53
48
43
47
42
33
48
66
58
77
99
110
120
135
139
130
120
122
134
120
123
110
82
49
31
-7
-22
-32
-54
-77
-117
-138
-174
-194
-241
-302
-318
-326
-317
-297
-313
-341
-353
-325
-269
-217
-183
-178
-179
-134
-63
-3
35
48
41
48
102
156
176
160
134
117
114
107
91
71
28
-11
-39
-63
-87
-137
-169
-189
-221
-221
-215
-214
-209
-178
-138
-108
-104
-92
-46
3
62
92
100
93
91
116
153
156
115
77
63
57
60
82
43
-16
-74
-107
-98
-85
-58
-70
-88
-115
-118
-92
-60
-26
-9
9
19
34
47
86
121
164
178
165
155
146
156
174
187
174
148
107
95
66
57
49
-11
-42
-73
-96
-127
-135
-124
-161
-164
-150
-157
-144
-117
-101
-100
-76
-33
-23
-6
37
55
40
42
36
31
25
23
12
-28
-44
-56
-78
-86
-105
-144
-153
-178
-180
-151
-146
-146
-147
-134
-106
-74
-10
12
15
56
86
112
150
179
164
158
187
215
203
180
162
125
99
103
125
98
64
52
36
27
40
62
52
27
21
23
24
42
66
49
27
14
-17
-20
-4
11
9
2
-15
-42
-38
-31
-19
-3
-17
-49
-51
-22
-15
0
23
30
5
-1
12
-2
-1
25
43
39
36
40
22
4
16
24
39
18
-12
-41
-43
-24
-6
-2
-26
-54
-90
-106
-98
-103
-116
-134
-155
-167
-176
-172
-183
-185
-195
-206
-197
-187
-169
-139
-110
-88
-82
-68
-55
-40
-24
-12
20
28
25
20
12
-7
-18
-4
-5
-12
-35
-65
-67
-58
-52
-34
-39
-45
-35
-33
-20
-10
28
63
87
103
105
130
150
186
225
237
237
236
234
231
252
268
237
213
194
181
171
155
140
102
73
65
60
40
4
-23
-32
-45
-38
-40
-74
-106
-101
-89
-64
-55
-48
-30
-31
-13
31
74
90
107
112
115
122
139
145
109
113
103
78
39
8
-7
-47
-60
-88
-115
-142
-142
-141
-160
-165
-172
-180
-175
-152
-124
-109
-108
-101
-86
-56
-10
5
9
1
-9
-9
3
10
-1
-12
-38
-61
-89
-102
-109
-119
-115
-131
-154
-173
-162
-129
-108
-69
-61
-66
-60
-52
-20
10
24
37
38
60
101
118
122
114
113
97
97
109
120
115
114
99
78
55
43
35
15
21
24
15
11
3
-7
9
27
38
54
52
50
65
101
106
112
132
132
139
140
147
132
129
141
146
133
116
100
52
33
26
23
6
-22
-46
-72
-67
-49
-54
-57
-66
-71
-74
-64
-34
-16
-8
-14
-9
-20
-7
24
35
10
-11
-12
-27
-25
-9
-9
-42
-52
-51
-45
-44
-49
-83
-98
-92
-94
-71
-66
-62
-62
-71
-68
-54
-53
-59
-60
-52
-55
-59
-43
-46
-59
-53
-54
-63
-62
-60
-74
-67
-60
-39
-32
-47
-53
-43
-29
-11
5
-7
-25
-25
-13
5
33
43
31
21
19
32
60
71
56
55
50
52
67
71
73
71
57
46
39
28
33
50
57
56
44
34
30
37
46
53
65
56
60
69
73
78
74
80
74
62
61
70
54
48
41
38
24
7
9
-11
-17
-22
-35
-39
-50
-38
-34
-42
-28
-28
-23
-7
9
5
-4
4
17
31
37
37
23
0
-2
7
-4
-8
-18
-39
-44
-43
-42
-57
-55
-52
-50
-43
-37
-43
-50
-33
-27
-21
-11
-17
-11
-6
8
15
-1
3
-11
-13
13
7
-5
-26
-44
-44
-60
-45
-57
-85
-98
-102
-103
-100
-96
-99
-94
-86
-77
-72
-65
-51
-38
-14
-3
0
27
46
52
71
74
79
78
86
102
100
109
108
77
49
46
41
22
6
-17
-38
-60
-44
-45
-73
-64
-67
-49
-42
-28
-4
-8
8
31
65
87
84
96
83
84
110
124
116
99
84
78
68
50
41
22
14
-2
-26
-35
-44
-48
-50
-64
-63
-67
-60
-39
-29
-4
13
4
6
10
21
56
50
41
45
30
37
37
27
30
4
-5
-14
-22
-17
-20
-23
-21
-26
-40
-50
-51
-47
-42
-26
-22
-25
-17
-7
0
12
32
50
57
62
56
75
93
88
94
87
84
77
73
66
52
37
23
10
-2
-4
-39
-53
-71
-93
-84
-91
-108
-123
-130
-117
-114
-103
-94
-100
-76
-56
-41
-27
-13
7
29
33
34
22
28
45
42
38
16
2
-3
-11
-1
-14
-30
-58
-82
-76
-71
-55
-64
-80
-84
-81
-63
-56
-41
-38
-44
-26
-11
-1
21
35
41
50
52
65
55
55
55
52
62
51
46
34
29
27
18
7
0
-20
-28
-27
-41
-48
-52
-56
-45
-49
-56
-58
-60
-45
-27
-9
-11
1
24
29
52
80
91
81
82
70
77
98
113
105
74
81
60
60
57
43
29
11
16
3
7
6
3
-7
-14
-6
-8
-6
2
12
22
24
34
25
20
17
28
42
29
24
3
-11
-19
-16
-23
-51
-58
-63
-75
-75
-78
-82
-87
-90
-92
-82
-80
-70
-64
-71
-62
-51
-32
-32
-24
-17
-21
-20
-12
6
7
14
8
5
-2
-1
15
6
-3
1
-5
-13
-9
-11
-10
-19
-27
-20
-24
-26
-18
-20
-9
-10
-3
-20
-23
-6
0
19
23
19
16
29
29
34
46
43
33
25
24
25
32
41
37
24
23
8
9
0
12
18
19
28
19
21
26
32
29
31
36
48
46
46
45
43
43
44
47
36
33
26
24
34
25
23
24
21
24
31
29
24
23
42
56
59
54
43
51
40
45
55
42
32
16
4
0
-1
-11
-32
-42
-55
-53
-63
-67
-80
-82
-71
-85
-81
-82
-74
-63
-52
-49
-46
-47
-33
-28
-25
-2
-11
-8
-11
-9
-12
-13
-9
-23
-14
-28
-36
-41
-49
-46
-46
-44
-45
-50
-56
-54
-44
-40
-49
-35
-30
-30
-14
-10
-6
2
14
30
41
40
40
49
43
51
66
53
57
44
29
32
24
13
3
-2
-14
-27
-27
-33
-34
-26
-27
-33
-29
-40
-24
-3
0
19
21
27
32
43
61
67
68
67
66
67
75
67
63
62
38
28
17
6
-3
-7
-2
-13
-17
-19
-23
-13
-10
-3
-3
-4
11
25
43
47
48
47
51
58
57
61
50
44
43
38
35
20
24
1
-10
-18
-39
-44
-64
-60
-74
-85
-78
-79
-82
-88
-86
-85
-83
-72
-62
-50
-42
-39
-34
-24
-20
-5
8
1
7
19
15
18
19
21
25
18
20
10
7
8
5
-5
-19
-18
-23
-21
-23
-13
-21
-34
-28
-19
-8
2
4
7
10
8
22
34
31
25
34
38
40
38
33
28
16
27
21
15
10
0
5
5
5
2
-4
-12
-5
-4
-2
21
6
11
22
10
29
32
31
27
21
30
30
30
30
18
15
18
9
5
-7
-10
-3
-12
-15
-9
-18
-25
-18
-16
-16
-16
-15
-9
-12
-18
-11
-4
-6
0
0
-2
-9
-9
-5
-14
-5
-8
-19
-20
-16
-19
-24
-21
-37
-39
-45
-34
-34
-34
-35
-41
-36
-37
-27
-28
-25
-19
-10
-1
-5
3
4
12
20
15
16
21
18
14
29
24
16
8
-2
2
-10
-1
2
-6
-17
-24
-25
-29
-19
-19
-21
-19
-15
-9
-3
-6
2
10
14
14
20
16
18
25
28
26
7
1
-5
-5
-3
-10
-18
-35
-40
-31
-44
-32
-38
-48
-46
-40
-26
-25
-21
-23
-6
3
11
21
21
35
32
41
49
52
70
62
55
56
55
47
45
40
29
26
20
20
18
11
4
-1
-1
-8
-8
-5
-10
6
6
6
14
7
15
13
17
16
25
29
27
33
29
29
28
27
12
11
2
5
5
-3
-17
-22
-22
-27
-34
-40
-35
-34
-35
-39
-41
-30
-26
-26
-15
-19
-15
-3
-2
3
9
16
11
15
22
16
25
23
20
13
7
11
4
5
-12
-22
-20
-18
-26
-35
-33
-43
-36
-36
-35
-31
-34
-27
-18
-16
-18
-5
-3
9
17
16
19
16
31
34
40
42
34
37
34
27
34
33
18
7
16
14
4
4
-21
-13
-10
-23
-13
-21
-19
-17
-22
-21
-15
-9
-11
-9
0
2
2
5
7
21
28
19
8
13
25
29
30
19
-4
14
7
6
-8
-14
-10
-23
-15
-22
-30
-35
-35
-46
-39
-35
-31
-33
-41
-30
-26
-13
-26
-27
-14
-20
0
-12
-2
-1
1
5
0
1
-3
-1
0
3
-6
-8
-16
-11
-4
-5
-16
-13
-15
-14
-11
-13
-3
1
8
0
3
10
12
19
19
24
27
22
26
29
33
39
32
34
30
27
28
37
30
33
27
15
24
21
25
20
17
21
27
19
17
19
16
18
24
27
29
20
18
20
18
21
24
11
13
9
16
22
3
3
1
1
-5
-4
-7
-10
-9
-3
-11
-19
-14
-15
-16
-17
-16
-15
-13
-9
-9
-6
-17
-17
-10
-15
-14
-17
-17
-11
-10
-17
-25
-18
-18
-18
-25
-31
-22
-15
-17
-27
-23
-19
-19
-20
-19
-19
-14
-15
-18
-18
-11
-3
-6
-10
-9
-8
-4
-11
-4
-9
-1
-3
-12
4
-5
-4
-6
-3
-1
-2
-2
-6
0
5
6
5
-4
1
-4
4
4
-6
7
-8
-1
-1
-2
-9
-4
-5
-15
0
-3
4
1
-3
3
1
3
6
11
16
19
26
21
23
19
32
31
31
36
25
32
31
27
25
21
18
17
10
4
13
5
-2
-6
-13
-7
-1
-3
-15
-12
-13
-6
-4
-13
-8
-8
0
-6
-2
1
1
-2
-3
3
-4
-1
3
2
-2
-4
-7
-21
-8
0
-6
-7
-18
-18
-11
-3
-6
-7
1
-9
2
6
-4
10
11
11
2
12
14
9
3
2
12
3
2
-3
-9
-3
-6
-7
-16
-26
-23
-15
-18
-28
-17
-24
-24
-20
-21
-15
-18
-15
-12
-9
-4
-4
0
-7
-1
-3
3
5
-5
4
-2
-8
-12
-3
-8
-3
-4
-11
-16
-16
-9
-9
-6
-4
-11
-5
-7
5
8
-4
8
0
8
18
11
16
19
10
14
10
5
6
10
9
5
2
1
-5
-8
-3
-11
-10
-4
-6
-4
0
1
0
6
6
6
19
17
22
23
27
28
30
35
28
32
32
26
26
23
26
21
21
8
4
3
1
0
-8
-8
-17
-15
-13
-10
-15
-14
-13
-14
-14
-7
-7
1
7
-10
5
0
8
15
3
3
-3
2
9
-1
-3
-7
-11
-17
-17
-25
-27
-23
-28
-28
-40
-38
-39
-32
-22
-34
-27
-33
-27
-20
-16
2
-10
-8
-5
0
12
20
1
5
8
5
24
16
11
0
10
7
-2
5
2
-6
1
2
-13
-7
-4
-8
-3
-3
-4
-2
3
-5
10
12
4
10
3
16
27
23
3
11
11
16
26
7
9
13
11
11
4
4
6
6
2
-1
8
6
3
10
3
3
3
6
11
11
23
6
12
14
9
18
15
12
14
8
12
3
11
7
0
6
-4
0
-3
4
-9
-8
-6
-8
0
-9
-3
-5
-6
0
-9
-6
-3
-1
1
3
3
-8
-3
5
-2
5
-7
-7
2
1
9
-12
-3
-4
-9
-3
-4
3
1
-5
-7
0
6
-4
-5
6
0
6
1
-2
0
9
7
-5
-1
4
4
0
7
-5
2
3
-6
8
4
3
0
3
6
3
5
5
10
7
10
8
10
8
11
9
5
6
8
7
10
3
-6
-6
-1
-3
0
-11
-15
-2
-18
-9
-17
-11
-7
-18
-12
-18
-10
-4
-4
-7
-6
-11
-2
0
1
1
1
-3
2
5
-7
4
-5
8
0
-9
-3
-10
-5
-6
-1
-11
-11
-9
-10
-4
-6
-7
-12
-4
4
-2
5
-5
2
6
2
10
6
7
6
-1
15
1
1
8
-7
9
-4
-7
-6
-12
-2
-9
-15
-3
-9
-11
-8
-13
-2
-5
-10
1
1
7
7
1
7
9
11
11
11
13
21
15
9
14
11
3
12
11
4
12
-6
1
14
4
-1
-7
-1
9
8
5
6
8
12
14
9
11
18
28
19
20
17
17
22
20
25
7
6
13
13
5
-1
-7
-4
-11
-10
-12
-18
-19
-17
-17
-21
-17
-20
-20
-14
-6
-17
-8
-7
-7
2
0
3
7
10
6
7
12
9
10
5
1
13
4
5
-3
-5
-5
-10
-6
-10
-11
-16
-13
-9
-11
-16
-12
-7
-9
-3
-11
-6
8
-1
6
2
5
11
4
7
10
18
6
5
2
6
11
5
-1
1
1
-3
-2
-9
0
3
-12
-3
-7
-3
-1
-5
-2
-1
7
2
-2
10
7
6
9
2
12
7
10
10
5
6
1
8
3
2
6
-5
2
0
0
0
-5
-7
0
-4
-1
2
-5
4
-6
1
0
-4
4
3
1
5
-5
-2
3
-10
3
2
-8
-7
-11
-8
-5
-6
-17
-17
-9
-10
-8
-13
-18
-8
-13
-12
-6
-9
-2
-6
-8
-2
-1
-4
1
3
1
-1
0
2
2
4
-3
1
-6
-2
-1
-4
3
-7
-3
-5
-7
-4
-5
-4
-3
1
-5
-3
2
8
1
2
-1
5
9
8
9
-1
14
6
6
7
1
12
8
-1
2
-3
7
4
2
2
-1
4
0
2
-6
14
0
6
9
0
21
10
10
12
5
11
19
7
19
18
9
9
10
5
13
6
-4
2
-2
5
-2
-4
-1
-3
-1
-6
-17
1
0
-4
0
-9
4
9
5
0
-1
5
3
6
2
6
9
7
6
-1
-3
2
-3
-9
-2
-10
-5
-12
-3
-10
-15
-9
-20
-16
-8
-11
-12
-7
-15
2
-7
-5
-4
0
2
-3
-1
-7
13
4
4
8
-3
5
6
-5
-2
-7
-1
-3
-2
-5
-6
2
-6
-6
-9
-16
-3
9
-10
3
-2
3
14
3
6
4
12
4
13
11
10
21
9
10
17
4
8
11
5
1
4
4
2
10
-1
0
2
0
-10
-2
-3
-2
5
0
2
4
8
5
0
7
1
1
8
9
9
13
2
5
6
2
0
-4
-5
-1
0
-6
0
-12
-2
-6
-12
-10
-15
-7
-6
-7
-5
-13
-1
1
-4
-2
-9
-6
1
-1
-4
6
1
4
3
-3
1
-4
-5
-1
-4
-5
-2
-4
1
-1
-4
-11
-8
-6
-3
-5
-9
1
4
-1
1
-1
-1
3
-1
-1
2
5
7
6
4
8
4
3
6
-2
4
-2
1
3
3
0
6
5
1
-1
-11
2
5
2
-3
6
4
12
11
0
5
6
8
0
7
8
11
12
9
8
6
5
3
2
1
3
-2
6
5
3
4
0
0
-1
-3
-1
-1
1
5
3
12
4
3
-1
4
6
1
0
-3
15
6
9
1
2
2
0
-2
-8
-1
-6
-1
0
2
-1
-4
-6
-11
0
-11
-4
0
-6
-1
-2
11
-2
-4
-5
-3
6
-6
-6
-3
3
10
1
-9
-2
0
0
-8
-17
3
-6
-4
2
-9
3
-3
-9
-2
-11
-3
-1
-1
3
-1
4
1
8
3
-3
-4
-2
9
5
-2
6
4
1
11
-4
-4
3
-10
-1
4
-8
6
-4
5
3
-2
-3
-4
-1
-2
4
-4
9
9
5
10
2
4
7
-6
3
8
2
12
9
3
2
4
0
-1
1
-11
-4
0
7
4
-4
-7
3
4
-5
-7
-9
3
5
4
3
-3
10
7
1
1
-6
1
7
-5
1
10
-4
5
-2
-5
-8
3
-12
-9
-4
-9
1
-3
-8
-7
-4
-13
-9
0
-9
-5
-3
-3
7
-1
-1
-4
-3
1
3
-8
-6
4
4
2
-6
-4
1
-2
-5
-7
-6
-3
-8
-3
-4
-1
2
-9
-5
-3
-2
-7
-8
-1
6
6
-4
6
6
4
3
-7
1
3
4
10
1
9
3
3
5
-1
0
-9
0
8
3
-1
-2
5
5
7
-7
0
-2
-1
2
6
7
1
12
2
10
4
-9
-1
-1
7
7
3
4
8
5
-9
-3
0
-9
-2
-1
5
2
1
-3
-1
-7
0
-5
-8
4
-6
6
0
2
5
-2
0
4
-2
-1
0
-2
3
3
1
9
0
-6
-2
-3
1
-3
-1
-3
3
7
-4
-2
-4
1
5
-3
-4
3
1
