SAMPLES:	13879
BITSPERSAMPLE:	16
CHANNELS:	1
SAMPLERATE:	16000
NORMALIZED:	FALSE
11
19
5
6
-2
-3
8
7
4
3
-5
1
12
10
8
8
3
5
3
19
13
1
-4
0
9
5
11
10
3
7
5
7
5
9
5
0
16
11
-3
6
2
-5
1
-2
-5
-8
-16
-14
-8
-9
8
-9
-15
-8
-16
-11
-9
-10
-8
-10
-13
-4
3
-4
6
4
-1
10
20
10
1
14
15
18
13
17
17
14
11
10
2
8
21
12
15
11
14
1
5
15
11
12
2
15
16
9
10
13
8
3
8
6
6
1
0
3
10
8
2
3
6
3
-3
7
-2
16
0
7
18
3
22
6
3
11
13
6
9
14
20
22
18
1
-4
6
5
14
-6
-4
9
-2
-5
-7
-2
-5
6
-10
-9
-5
-17
-7
-4
-10
-12
-6
-11
-10
-15
-10
-7
-3
-5
-16
-7
-2
0
-5
-15
-8
1
-6
-21
-9
-13
-13
-7
-6
-12
-11
-7
-19
-8
2
4
-13
-19
-10
0
-5
-15
-2
-11
-5
-5
-3
1
-10
4
4
-12
-8
-5
1
-1
-17
-11
-8
-17
-13
-14
-20
-11
-13
-12
-17
-22
-9
-18
-18
-7
-5
-8
-3
3
12
10
7
7
19
17
16
15
13
20
4
11
9
18
13
-1
-5
8
10
8
16
-2
-12
-5
-5
-11
-5
-3
1
-2
1
5
-1
0
-6
-9
1
4
3
-4
-4
6
-5
1
8
-3
1
7
5
9
3
-2
5
0
-6
-3
-3
-12
-10
-5
-4
-3
-7
-16
-15
-13
-11
-7
-8
-6
-7
-9
-10
-10
-19
-13
-18
-17
-18
-10
-14
-18
-17
-19
-18
-17
-13
-17
-6
-8
-3
-6
-13
2
2
-2
-4
6
8
1
-10
-1
5
-1
-3
7
0
-4
3
-5
-2
2
-2
0
13
0
2
-5
-9
3
2
0
-14
-6
-2
-5
1
3
-5
-5
-4
-12
-9
-6
-16
-8
-1
-9
-15
-13
-5
-2
-11
-4
-5
-18
-13
-7
-9
-19
-12
-18
-18
-16
-22
-19
-1
-9
-13
-5
-3
-3
-9
-3
-5
-1
3
-4
-6
-7
-3
2
0
-2
8
11
8
1
2
0
-9
2
5
-4
0
-14
2
6
-16
12
5
14
12
5
1
-5
2
-11
-1
3
1
-4
-4
-9
9
-3
-5
-1
-6
6
-4
1
-8
-8
-5
-4
-3
1
-7
-6
2
1
8
-3
13
2
-10
10
2
2
7
-1
-1
-2
-10
-3
11
4
-1
6
10
14
5
1
1
0
-6
-3
2
-2
-3
11
6
-5
6
6
11
5
2
2
0
1
12
6
-4
2
-5
-12
-9
-7
-6
-5
-4
-3
-4
4
-3
-11
-4
-9
-7
0
-1
8
1
3
6
7
13
5
13
6
3
9
7
5
8
8
-1
-2
-6
-6
-11
-9
-4
-3
-16
-12
11
-6
-11
2
1
4
-12
-4
12
-6
6
-1
4
19
8
20
17
1
9
8
6
-1
-10
-8
3
9
7
3
5
7
6
9
7
13
7
-1
6
11
6
10
7
20
15
9
14
2
13
8
12
16
14
5
7
7
5
12
7
9
6
7
6
5
11
-2
2
7
6
-1
-10
-1
-9
-1
-2
-1
-2
-5
7
7
6
-5
-7
3
-1
-4
-1
-2
9
3
11
10
8
9
11
2
1
10
1
2
-1
13
5
5
-3
-2
0
-5
2
-10
-6
-11
-6
-17
-5
3
-4
-5
7
14
4
0
5
13
3
7
8
18
11
8
16
8
9
6
15
4
4
20
1
-9
1
-9
0
-2
-9
-12
-8
-14
-18
-14
-10
-12
-14
-13
-16
1
6
2
-1
2
3
1
-9
-2
4
1
5
-1
1
7
4
-3
5
8
4
6
4
-6
-3
-2
3
6
0
-4
-9
-7
4
12
11
0
11
19
-2
7
0
-1
2
0
1
-1
6
1
8
4
4
5
11
7
11
2
-16
7
-3
2
8
-6
5
2
1
3
0
3
0
10
7
-2
-2
-7
-6
-3
3
6
-5
-2
3
-2
5
1
5
-2
-4
1
-1
-5
-1
9
6
9
0
0
6
7
2
-11
3
-3
-6
0
-6
-8
-1
-2
-9
-11
-13
0
-11
-14
-11
-4
3
-9
1
1
-6
-2
-6
2
-5
2
8
7
3
5
19
2
3
6
-1
-4
-3
0
-3
-5
6
11
8
16
7
2
-2
-6
4
-10
-8
1
5
0
-7
2
2
-4
-9
-2
2
-5
5
5
4
12
7
7
10
7
7
11
7
3
-1
16
9
-7
-3
5
-1
-7
11
3
8
17
12
7
-1
2
0
-4
1
-5
-8
0
-5
-11
-18
-2
2
-9
-4
-10
-9
-13
0
-4
-12
-14
-13
-4
-12
-6
-15
-7
0
-4
5
-7
-10
-15
-17
-8
-16
-5
4
0
8
10
9
14
10
14
21
12
17
18
13
10
13
12
18
22
14
7
13
11
7
10
12
13
7
11
10
7
13
16
16
5
7
7
5
4
-9
-3
-15
-14
-11
-1
3
-14
-3
0
6
-10
-6
-1
-7
-5
-4
3
8
0
-7
-6
-8
1
6
4
5
-2
5
9
8
-1
-1
4
-3
-1
6
-4
-4
-6
-18
-8
-7
-9
-18
-13
-20
-13
-7
-21
-18
-20
-27
-33
-30
-36
-41
-33
-43
-34
-32
-33
-33
-42
-35
-35
-26
-23
-25
-20
-28
-22
-20
-15
-23
-17
-10
-21
-21
-29
-14
-21
-2
-3
-2
4
-5
-2
7
10
5
9
17
16
16
22
19
34
37
50
42
42
61
46
60
63
54
75
78
63
74
83
83
85
90
90
77
70
74
68
75
84
67
57
55
50
42
39
25
33
25
26
30
25
18
6
16
9
4
8
12
9
1
-9
-1
2
0
-10
-12
-20
-22
-28
-27
-37
-44
-47
-63
-70
-75
-95
-99
-109
-118
-131
-147
-135
-144
-148
-153
-154
-165
-166
-159
-162
-167
-159
-147
-148
-133
-132
-114
-117
-94
-81
-88
-63
-53
-40
-41
-27
-14
-5
5
4
21
27
42
50
51
50
46
43
51
58
65
77
75
84
79
89
91
102
112
113
114
118
129
123
133
133
135
143
149
151
151
160
161
152
160
157
164
162
158
169
164
158
142
131
130
131
127
117
116
111
93
89
81
68
70
59
52
48
47
43
37
41
43
36
25
21
19
6
10
2
-26
-42
-67
-93
-114
-133
-167
-191
-229
-268
-286
-319
-359
-399
-421
-440
-464
-475
-495
-508
-501
-496
-489
-486
-479
-464
-446
-419
-398
-372
-330
-309
-265
-225
-200
-163
-136
-99
-59
-24
4
34
57
94
118
128
145
169
181
205
230
234
244
273
278
280
289
294
311
313
327
319
321
328
324
322
320
321
322
322
320
326
317
312
311
310
294
290
286
273
270
246
243
233
233
242
234
230
218
220
228
232
239
256
267
270
299
325
339
357
372
395
413
438
445
456
475
479
484
487
491
478
473
437
407
369
300
238
168
74
-28
-119
-219
-321
-444
-557
-670
-779
-892
-999
-1089
-1166
-1239
-1318
-1370
-1420
-1441
-1455
-1460
-1451
-1433
-1391
-1353
-1300
-1233
-1159
-1075
-989
-903
-807
-710
-618
-517
-428
-334
-229
-149
-54
27
113
201
260
333
402
457
514
580
625
686
735
771
807
828
860
880
895
910
923
924
920
921
900
883
858
825
788
737
691
645
590
513
441
368
289
200
118
29
-65
-147
-242
-318
-401
-473
-533
-588
-625
-662
-680
-689
-698
-684
-649
-606
-564
-514
-452
-373
-290
-208
-119
-43
56
151
232
325
408
487
543
598
649
694
739
764
787
792
783
793
770
752
733
699
669
620
592
549
502
466
413
359
325
270
230
200
162
121
90
67
29
15
-3
-24
-34
-42
-52
-54
-50
-58
-55
-46
-43
-43
-30
-28
-26
-33
-57
-68
-103
-148
-192
-231
-297
-373
-444
-508
-577
-647
-709
-786
-869
-926
-972
-1015
-1054
-1084
-1114
-1129
-1126
-1130
-1121
-1105
-1074
-1046
-1014
-971
-926
-883
-830
-780
-728
-666
-606
-542
-486
-421
-356
-294
-230
-162
-96
-36
36
96
155
212
257
323
366
406
446
480
512
522
531
545
548
539
535
518
505
494
475
447
426
416
398
371
346
329
314
291
286
277
247
256
249
242
250
260
270
277
305
314
338
370
396
423
455
498
534
562
607
626
655
698
707
733
761
780
785
803
804
804
811
808
797
796
795
797
806
793
803
810
812
817
835
854
843
854
864
867
869
857
844
798
731
668
567
446
302
135
-20
-221
-430
-632
-852
-1073
-1289
-1497
-1701
-1901
-2070
-2228
-2369
-2485
-2580
-2638
-2685
-2698
-2703
-2675
-2620
-2544
-2465
-2367
-2254
-2125
-1988
-1851
-1698
-1561
-1400
-1251
-1105
-946
-782
-628
-467
-302
-161
-12
143
304
432
564
703
837
960
1075
1177
1270
1355
1434
1480
1520
1560
1579
1581
1567
1549
1506
1449
1361
1288
1181
1057
936
813
681
537
402
264
122
5
-123
-238
-344
-441
-513
-589
-649
-674
-705
-726
-709
-680
-624
-569
-501
-418
-307
-194
-67
60
195
339
476
615
752
887
1003
1110
1200
1287
1354
1411
1455
1478
1499
1483
1463
1438
1389
1334
1281
1218
1118
1040
966
870
791
725
626
556
484
432
377
338
303
264
250
220
224
213
198
185
189
201
195
163
139
117
59
-25
-138
-250
-382
-545
-707
-890
-1100
-1302
-1494
-1705
-1895
-2078
-2249
-2388
-2525
-2630
-2700
-2753
-2786
-2791
-2745
-2690
-2607
-2492
-2378
-2219
-2059
-1912
-1761
-1606
-1447
-1290
-1131
-984
-841
-704
-581
-447
-311
-205
-89
21
116
233
352
456
573
680
789
905
1015
1127
1217
1302
1377
1432
1469
1493
1504
1484
1434
1378
1317
1242
1167
1083
989
881
778
694
590
501
395
302
215
130
62
-11
-63
-108
-151
-175
-166
-157
-134
-89
-58
-19
50
114
197
275
336
415
497
599
694
804
914
999
1077
1165
1261
1339
1402
1434
1457
1463
1456
1442
1398
1349
1282
1210
1143
1076
996
905
807
707
624
542
472
405
351
306
284
282
314
351
399
453
481
528
560
573
549
478
370
239
84
-107
-304
-537
-809
-1085
-1351
-1637
-1905
-2162
-2428
-2668
-2887
-3051
-3155
-3233
-3270
-3282
-3247
-3172
-3053
-2901
-2742
-2592
-2439
-2289
-2119
-1934
-1770
-1603
-1447
-1288
-1126
-983
-812
-651
-521
-397
-264
-131
-5
133
245
376
509
666
846
999
1158
1313
1440
1531
1603
1655
1690
1685
1642
1556
1476
1416
1346
1246
1125
990
855
726
595
459
317
173
33
-79
-143
-155
-172
-170
-143
-137
-96
-41
33
85
94
114
151
207
294
377
456
527
582
628
695
762
835
900
907
851
926
1199
1471
1636
1733
1858
2034
2243
2353
2343
2257
2155
2067
1947
1792
1620
1484
1373
1280
1195
1154
1123
1064
940
797
690
608
565
514
483
501
561
612
635
673
667
567
337
-58
-536
-963
-1356
-1852
-2467
-3079
-3615
-3971
-4206
-4453
-4718
-4944
-5074
-5067
-4972
-4891
-4810
-4725
-4573
-4305
-3915
-3434
-2948
-2501
-2073
-1582
-1007
-417
61
396
624
828
1059
1301
1500
1628
1723
1799
1890
1991
2108
2199
2219
2156
1998
1846
1753
1663
1533
1342
1109
941
851
820
770
660
506
327
171
33
-117
-297
-497
-751
-990
-1155
-1266
-1318
-1386
-1495
-1565
-1574
-1538
-1453
-1347
-1257
-1136
-970
-773
-507
-219
80
369
636
872
1105
1374
1608
1792
1935
2044
2160
2277
2377
2454
2520
2546
2554
2534
2531
2562
2556
2493
2364
2229
2119
2057
1989
1858
1684
1482
1326
1222
1123
985
823
670
548
505
569
657
700
726
719
709
721
727
718
703
743
839
935
999
1018
1022
946
695
243
-331
-932
-1407
-1795
-2260
-2810
-3400
-3838
-4028
-4091
-4208
-4467
-4846
-5160
-5224
-5120
-4978
-4927
-4989
-5001
-4750
-4182
-3477
-2877
-2494
-2207
-1802
-1203
-567
-75
183
287
443
735
1140
1495
1697
1778
1815
1903
2021
2137
2205
2135
1985
1832
1732
1689
1649
1563
1408
1257
1126
1058
1015
934
828
651
434
197
-68
-353
-647
-961
-1264
-1532
-1760
-1920
-2013
-2052
-2031
-1936
-1777
-1596
-1364
-1076
-728
-325
86
493
850
1199
1572
1932
2199
2366
2428
2414
2385
2314
2206
2089
1990
1914
1847
1773
1703
1677
1689
1672
1631
1572
1547
1598
1733
1867
1919
1939
1940
1960
2012
2072
2088
2030
1903
1783
1738
1763
1781
1690
1498
1284
1185
1210
1261
1239
1123
1030
1031
1095
1158
1117
900
495
-27
-604
-1167
-1668
-2224
-2977
-3843
-4589
-5013
-5227
-5445
-5811
-6350
-6797
-6894
-6637
-6341
-6232
-6223
-6009
-5452
-4633
-3747
-3036
-2525
-2083
-1490
-724
25
598
1068
1496
1898
2282
2592
2772
2812
2822
2840
2810
2710
2616
2621
2694
2657
2408
1997
1552
1230
1092
973
690
268
-77
-161
-77
-14
-166
-597
-1121
-1470
-1554
-1588
-1814
-2240
-2647
-2800
-2662
-2362
-2145
-2150
-2155
-1913
-1405
-837
-384
-62
233
617
1144
1692
2041
2204
2317
2488
2706
2852
2916
2853
2700
2604
2599
2556
2394
2169
2019
1965
1934
1893
1808
1725
1707
1791
1862
1831
1771
1811
1940
2029
2040
2023
2045
2129
2249
2333
2306
2223
2221
2270
2274
2203
2031
1842
1689
1593
1590
1562
1424
1245
1133
1073
962
608
-110
-1041
-1937
-2529
-3062
-3882
-4861
-5678
-6122
-6293
-6485
-6908
-7524
-8019
-8041
-7709
-7402
-7164
-6826
-6234
-5471
-4681
-3879
-3125
-2398
-1666
-891
-134
596
1383
2186
2784
3068
3219
3363
3493
3619
3705
3655
3437
3190
3091
3101
3038
2766
2254
1581
1010
742
658
432
-21
-507
-842
-965
-945
-933
-1129
-1482
-1794
-1895
-1854
-1787
-1726
-1816
-2158
-2453
-2374
-2056
-1712
-1486
-1404
-1293
-947
-293
398
773
849
894
1186
1650
2071
2364
2469
2404
2351
2459
2546
2535
2426
2296
2124
1965
1991
2143
2233
2114
1930
1798
1796
1944
2138
2191
2068
1995
2092
2316
2470
2530
2526
2473
2447
2541
2719
2824
2822
2784
2706
2525
2409
2383
2237
1949
1686
1536
1469
1424
1428
1435
1246
839
233
-566
-1505
-2370
-3007
-3722
-4775
-5750
-6264
-6456
-6654
-7042
-7642
-8313
-8679
-8477
-7986
-7625
-7388
-6924
-6155
-5304
-4389
-3422
-2599
-1947
-1272
-420
521
1453
2387
3087
3346
3379
3556
3872
4082
4060
3842
3550
3389
3488
3620
3433
2867
2174
1575
1110
738
425
-3
-527
-951
-1172
-1290
-1422
-1612
-1896
-2235
-2465
-2396
-2122
-1927
-1908
-1973
-2045
-2009
-1834
-1637
-1569
-1554
-1428
-1104
-582
-31
382
632
759
894
1215
1620
1941
2113
2216
2346
2497
2682
2798
2720
2444
2161
2037
2039
2068
2093
2093
1999
1850
1853
1984
2044
2004
1946
1939
1989
2185
2495
2669
2647
2590
2628
2709
2789
2892
2946
2894
2827
2857
2943
2961
2892
2700
2394
2251
2359
2453
2360
2183
2041
1861
1509
944
31
-1200
-2308
-3099
-3980
-5158
-6167
-6724
-7201
-7770
-8312
-8861
-9390
-9676
-9516
-9162
-8879
-8426
-7589
-6563
-5646
-4715
-3655
-2727
-1891
-945
138
1260
2243
3042
3638
4050
4423
4737
4833
4696
4485
4306
4223
4202
4032
3632
3204
2758
2196
1563
942
387
-132
-593
-1013
-1394
-1743
-1959
-2109
-2344
-2576
-2691
-2720
-2620
-2300
-1985
-1822
-1723
-1577
-1401
-1304
-1186
-925
-743
-718
-419
186
577
802
1116
1276
1212
1297
1625
1814
1754
1694
1794
1902
1872
1860
1849
1599
1354
1439
1551
1525
1586
1703
1702
1710
1873
2035
2103
2177
2358
2577
2723
3000
3385
3495
3418
3479
3558
3493
3463
3508
3373
3172
3141
3153
3102
2866
2498
2257
2166
2169
2149
2071
2025
2037
1863
1441
801
-293
-1642
-2686
-3425
-4553
-5880
-6622
-7026
-7580
-8221
-8728
-9233
-9950
-10289
-9901
-9415
-9089
-8383
-7115
-5991
-5012
-3705
-2469
-1631
-840
205
1430
2496
3365
4169
4738
5078
5342
5389
5021
4576
4366
4147
3824
3564
3188
2678
2225
1694
769
-400
-1271
-1727
-2104
-2560
-2867
-3035
-3214
-3261
-3139
-3135
-3230
-3096
-2677
-2073
-1346
-636
-78
322
560
652
758
947
1128
1234
1269
1401
1683
1735
1572
1437
1141
711
497
501
470
314
273
255
100
-51
-93
-18
17
171
589
1050
1471
1967
2413
2698
3005
3395
3747
4099
4511
4914
5235
5432
5533
5525
5290
4996
4820
4636
4416
4320
4155
3809
3432
3023
2544
2202
1998
1765
1453
1171
946
517
-190
-1184
-2451
-4124
-5723
-6472
-6834
-7475
-7908
-7950
-8117
-8286
-8114
-7824
-7939
-8322
-8173
-7320
-6371
-5369
-3983
-2648
-1833
-963
284
1399
2240
3000
3608
3963
4176
4337
4381
4037
3181
2086
1014
110
-477
-1000
-1699
-2364
-2931
-3522
-3944
-4081
-4261
-4576
-4587
-4061
-3187
-2206
-1074
29
834
1539
2348
3195
3924
4525
4997
5386
5710
5926
5798
5190
4308
3186
1807
557
-275
-1315
-2763
-3877
-4716
-5754
-6515
-6648
-6651
-6696
-6228
-5105
-3797
-2485
-1141
222
1374
2208
3313
4745
5758
6520
7313
7727
7799
7937
7872
7259
6523
5925
5345
4759
4129
3496
2800
1995
1464
1155
572
90
208
369
386
733
1067
1048
1173
1503
1693
1900
2388
3100
3686
4079
4380
4381
3775
2512
768
-1603
-4770
-7463
-8755
-9794
-10733
-10849
-10831
-10969
-10464
-9132
-7713
-6872
-5969
-4204
-1915
403
2716
4539
5031
4726
4682
4865
4843
4312
3331
2013
388
-1279
-2980
-4939
-7127
-9043
-10137
-10199
-9395
-8082
-6757
-5359
-3672
-1853
113
2207
4442
6355
7812
9290
10232
10165
9554
8575
7249
5656
4104
2683
892
-1122
-2941
-4779
-6461
-7651
-8413
-8665
-8263
-7363
-6033
-4387
-2831
-1228
240
1193
2419
3732
4303
4897
5304
4765
3824
2811
1751
577
-541
-1273
-1870
-2302
-2355
-2094
-1544
-1053
-355
786
1886
3208
4772
6057
7038
7556
7712
7601
7199
6688
5979
5202
4273
3135
2189
1289
265
-381
-606
-644
-446
54
689
1304
1979
2677
3813
5163
5964
6750
7447
7233
6115
4063
1199
-3028
-7948
-10781
-12078
-13301
-13579
-13216
-12866
-12197
-10641
-8200
-6212
-4916
-2937
61
3210
5804
7633
7904
6634
5072
3682
2791
2022
455
-1470
-3155
-4708
-6341
-8050
-9531
-10677
-10987
-9835
-7435
-4366
-1725
314
2536
4602
5982
6982
8061
8741
8446
7868
7063
5165
2689
53
-2469
-4319
-5768
-6524
-6481
-6232
-5727
-5013
-4262
-3001
-1465
-23
1849
3953
5388
6086
6319
6218
5590
3903
2007
391
-1918
-4070
-5104
-6045
-7117
-7728
-7667
-6798
-5331
-3282
-750
1541
3399
5279
7117
8388
9104
9349
8896
8171
7501
6539
5397
4066
2408
982
-73
-1014
-1566
-1737
-1852
-1578
-744
183
1199
2749
4220
5249
6764
8269
8700
9178
10012
10068
9902
9705
8788
7176
4097
-209
-4358
-9411
-15151
-18395
-19339
-19789
-18712
-16048
-13060
-9876
-6547
-2704
1140
3481
5461
8383
10940
12113
12092
10568
7242
3031
-858
-3899
-6136
-8244
-10339
-11438
-11574
-11541
-11251
-10341
-9231
-7924
-5336
-1656
2230
6114
8699
9919
11087
11071
9485
8202
6831
4295
1750
-287
-2646
-5239
-7429
-9001
-9654
-9409
-8283
-6156
-3553
-728
1901
3810
5464
6703
7014
6914
6749
6086
4324
2334
1067
-806
-3497
-5761
-7756
-9737
-10731
-9870
-8122
-6444
-4482
-2290
142
2723
4853
6652
7781
8020
8126
8221
8077
7295
5701
3717
1890
617
-264
-649
-358
-296
-225
425
848
1205
1649
1776
2107
3029
3931
4614
5739
6901
7262
7769
8442
8531
8804
9269
9205
8750
7930
5325
693
-3857
-8839
-15200
-19170
-19586
-19275
-17812
-14196
-9878
-6069
-2531
1390
4842
6591
7432
8764
10256
10627
9765
7742
4153
-504
-5476
-9529
-11642
-13192
-14556
-14108
-12471
-10839
-8691
-6116
-3940
-1977
251
2639
5628
9017
10786
11017
11245
9932
6681
3855
1470
-1602
-4472
-6255
-7402
-8028
-8058
-7658
-6584
-4975
-3264
-1012
1763
4458
6791
8199
8905
9083
7842
5519
3310
1212
-1507
-4170
-5319
-5810
-6812
-7458
-7651
-7882
-7955
-6976
-4445
-2064
-357
1537
3223
4676
5547
5546
5120
3842
2466
1968
2092
2616
2774
2438
2326
2326
2327
2665
3342
3576
3253
3390
3357
2669
2156
1188
-22
-192
114
589
2212
4402
5915
7467
9292
10279
10632
10772
10505
10041
8280
4302
-436
-6040
-13474
-19515
-21421
-21539
-20729
-17252
-12121
-6909
-1611
3472
7824
10212
10201
10213
11228
11500
10346
7919
4262
-587
-6294
-11095
-13902
-15860
-17442
-17275
-14798
-11254
-7413
-3329
91
2633
4754
6202
7961
10317
11099
10210
9497
8354
5175
1475
-1269
-4640
-8228
-10200
-10998
-10680
-9032
-6830
-4265
-1281
1700
3963
5871
7935
9109
9140
8926
8560
6977
4226
1775
-1335
-4889
-7281
-9788
-10570
-8900
-8356
-7049
-4211
-2864
-1713
340
2272
2870
2531
2933
2817
2323
2445
1613
370
-679
-1657
-1520
-397
1339
2891
4043
5544
6531
6926
7213
6493
4822
2878
1182
-289
-1865
-2622
-3113
-3621
-2464
-359
1520
4230
7396
9359
11332
13700
14096
13238
12728
11202
8295
4326
-561
-6722
-15274
-22226
-24186
-24467
-23212
-18555
-12917
-7118
-528
6027
11697
14630
14187
12882
12556
12044
9898
6737
2707
-2982
-9282
-14197
-16932
-18477
-19721
-19143
-15619
-10507
-4917
645
5393
8605
10056
10598
11075
11511
10736
8144
5908
4406
1090
-2946
-5281
-7720
-10883
-12141
-11327
-9909
-7344
-3801
-239
3484
6624
8522
9621
10093
9709
8138
6226
4704
2346
-592
-3088
-5520
-8084
-10367
-11030
-9935
-8322
-5586
-2170
607
2945
4464
5381
5374
3847
2087
99
-1779
-2546
-3109
-3364
-3157
-3036
-2327
-733
1575
4075
6238
8217
9585
10237
10189
8995
6719
3400
11
-2687
-5228
-6650
-6574
-6146
-4866
-2162
1071
4290
7791
10978
13206
15346
16567
15864
14685
12954
9936
5656
543
-4981
-13485
-23102
-27215
-27653
-27419
-23303
-16065
-8903
-1503
6774
14712
19478
19565
17052
14784
13004
10017
5889
1640
-3777
-10686
-16616
-19517
-20614
-21954
-21996
-18575
-12608
-5578
1730
8378
13120
15164
15274
14631
13522
11292
7124
2943
861
-1520
-5324
-7484
-8513
-10919
-12450
-11430
-9617
-6941
-2876
1284
5582
9754
11878
12171
12003
10562
7122
3542
1043
-1668
-4461
-6079
-7004
-7842
-9065
-10171
-9357
-7192
-5169
-2126
2001
4727
5694
6807
7401
5386
1929
-1396
-4718
-7200
-7757
-6903
-5453
-3548
-1413
856
3896
7184
9271
10566
11739
12002
11213
9796
7476
3824
-564
-4300
-7314
-9524
-9771
-8676
-6859
-3134
1534
5405
9315
13125
15131
16275
17153
15933
13529
11567
8998
5215
658
-4531
-12160
-22152
-27781
-27927
-28006
-25158
-17322
-9338
-1443
8268
17519
22834
23001
19574
15532
12418
8488
3114
-1612
-6580
-12960
-18093
-20242
-20792
-21658
-21910
-18854
-12526
-4800
3160
10598
16357
18798
18537
17258
14626
10415
4712
-1253
-4555
-6198
-8927
-10434
-9563
-9835
-10815
-9327
-6841
-4629
-1166
3068
7327
11604
14010
14140
13524
11472
7186
2451
-1240
-4539
-7880
-10225
-10602
-9766
-9654
-9085
-5696
-2474
-852
2556
6426
7590
7546
7559
6096
2303
-1990
-5734
-9362
-11343
-11450
-10574
-7741
-3863
-162
4212
8802
12188
13891
14497
14479
13241
10675
7651
4342
52
-4518
-7615
-9690
-10925
-10085
-8199
-5442
-602
4483
8336
12470
16313
17677
18070
18469
16610
13701
11483
7214
1159
-4297
-12700
-23933
-29603
-30312
-31741
-28812
-19645
-10927
-2301
8975
19375
25193
25809
22897
19118
15098
9404
2883
-2706
-8728
-15601
-20429
-22182
-22625
-23073
-22574
-18869
-12046
-4394
3233
11028
17143
19846
20361
19400
16502
11778
4971
-1796
-5440
-8215
-12014
-13063
-11604
-11601
-11059
-8281
-6036
-3786
-165
3681
8162
12736
14793
14998
14796
12488
7824
2819
-1977
-6786
-11000
-13426
-13474
-12133
-10510
-7836
-3446
775
3587
6610
9414
9426
8028
7004
4775
904
-3167
-6743
-9896
-11926
-12088
-11009
-8718
-5113
-950
3837
8911
12895
15193
16104
15803
14112
11165
7661
3624
-1140
-5341
-7980
-9580
-9912
-8663
-6632
-3676
594
4983
8731
12671
16103
17569
18694
19554
18127
15360
10881
3969
-4375
-15159
-25062
-29257
-31418
-32379
-27641
-19428
-10797
-782
10120
19307
23790
23530
21886
20072
16188
10113
4173
-1557
-8714
-15839
-20080
-22106
-24130
-25385
-23655
-18675
-11962
-4494
3756
11526
16650
19289
20524
19712
16766
12181
6025
734
-2747
-7407
-11659
-12254
-12758
-14252
-12808
-10120
-8523
-5234
-189
4468
9326
13500
15125
15603
15361
12586
7896
2745
-2556
-7560
-11542
-13239
-13097
-12777
-11227
-7274
-2112
2553
6112
8907
10237
9568
8328
6825
3845
-560
-5181
-8769
-10953
-11837
-11553
-10126
-7594
-4418
-267
5019
9833
13115
14824
15369
15150
13616
11032
7776
3239
-1365
-4606
-7024
-8419
-8116
-7038
-5564
-2338
1977
5720
9616
13169
15436
17362
18567
18127
15466
10333
2211
-9444
-19273
-24188
-29359
-32481
-28954
-23493
-17256
-6888
5162
13842
17948
19638
20454
20450
18700
14744
10195
4685
-2955
-9855
-14125
-18078
-23014
-26557
-26304
-22845
-17519
-10733
-2825
4835
10522
14949
18782
19870
17997
14715
10455
6660
3185
-2011
-6788
-9202
-12138
-14855
-14483
-13639
-13341
-10586
-5648
15
6296
11442
14720
16924
16857
14307
10979
6519
629
-4773
-8396
-10182
-10909
-10866
-9477
-7430
-5019
-2011
898
3492
5357
6245
7070
7500
6331
3600
221
-3040
-5980
-8178
-9047
-8681
-7405
-5095
-1417
2951
6626
9350
11327
12441
12645
11967
10702
8874
6128
3096
834
-929
-2963
-4586
-4954
-4228
-2475
261
3625
7067
10505
13832
15793
15436
11343
2011
-7586
-12938
-18077
-22554
-22245
-20506
-18612
-12750
-3801
3865
7622
8419
9245
10826
11617
11470
11279
9313
4404
-185
-2825
-6038
-10880
-15909
-19331
-20085
-18710
-15491
-10371
-5302
-1757
1925
6392
9520
11036
11538
10845
10505
10445
8340
5416
3182
-879
-5914
-8687
-11253
-14459
-15026
-13081
-9860
-5011
23
4115
7541
10050
11321
11156
10021
8414
5723
2997
1678
102
-2588
-4795
-6046
-6924
-7277
-6673
-5320
-3808
-2324
-436
1852
3127
2710
1916
1331
587
4
-80
84
9
-142
444
1802
2835
3178
3647
4465
5364
6640
7991
8346
7770
6989
6013
4783
3638
2424
1436
1513
2285
3483
5486
7305
8194
8564
6343
-870
-9144
-13672
-17164
-20429
-18934
-15040
-12415
-7355
1018
7993
10600
9779
8601
8107
6987
5852
5911
4847
1009
-2720
-4521
-6426
-9759
-13286
-15231
-15133
-13684
-10647
-5906
-1652
618
2471
4583
5289
4910
4495
3705
4019
5341
4984
4222
4407
2663
-522
-2316
-4837
-8944
-10987
-10616
-9065
-5611
-1852
546
2980
5344
6246
6581
6819
5615
3445
2498
2676
2191
971
-318
-1614
-2200
-1887
-1708
-1560
-1378
-2025
-2218
-958
-357
-1352
-2609
-3484
-3987
-3728
-2438
-850
-62
601
2362
4401
5854
6903
7304
7113
7184
7528
7558
7451
6745
4910
3377
2918
2249
1523
2062
2968
4062
6552
8793
9649
8407
1802
-6667
-10750
-14586
-19122
-18604
-16356
-15282
-10654
-2157
5432
8405
7742
7469
7832
7462
7868
9104
8198
4605
1652
514
-1773
-6532
-11732
-15642
-17575
-17290
-14792
-10480
-6661
-4450
-1387
2502
4389
5035
5429
4939
5986
8775
9436
8776
8671
6096
2110
-158
-4304
-10593
-14348
-15949
-15265
-11035
-6681
-3462
413
4282
7057
9286
11006
10563
8263
7059
6885
5614
3223
319
-2894
-5489
-6356
-5914
-5237
-4715
-4298
-3170
-806
1386
1947
1336
654
119
-96
754
1682
1237
818
1632
2611
3389
4204
4189
3672
4045
5076
6248
7097
6919
6131
6053
6709
6667
6380
6462
5864
5747
6765
6938
4295
-2894
-10737
-14665
-18137
-20354
-18067
-15889
-14180
-8717
-431
7130
10332
9868
9496
8905
8055
8654
9018
6477
2013
-1049
-2351
-4556
-8030
-11402
-14186
-15229
-13694
-10416
-6711
-4159
-2800
-593
1935
2910
3275
3237
2312
2990
5257
5697
5375
5859
4257
1697
1160
-800
-4960
-7467
-8479
-8848
-7820
-6059
-4346
-2970
-1324
958
2565
3587
4198
3869
4026
4900
4923
4267
3352
2250
1770
1960
2029
1518
431
-1057
-2055
-2255
-2889
-4232
-5334
-5657
-5056
-3781
-1854
376
1858
3170
5266
7400
8921
9781
10025
9778
9185
8704
8100
6578
4563
2964
1945
1716
2100
2664
3568
4191
4793
5009
958
-5378
-8601
-11744
-14825
-13672
-12268
-12262
-9839
-4974
17
2237
2131
2548
2507
2707
5188
7411
7547
6312
4835
4032
2211
-1297
-4736
-8195
-11233
-12171
-11397
-10008
-9167
-8994
-7612
-5513
-4061
-1997
106
1371
4000
7438
9270
10408
10848
9252
7303
5993
3267
-941
-4379
-6823
-8775
-9011
-8346
-8727
-8612
-7081
-5185
-2616
117
1982
3364
5013
7108
8531
8634
7779
6022
4517
3960
3201
1935
92
-2139
-3664
-4373
-4926
-5903
-7063
-7229
-6271
-4157
-959
1622
3124
4591
6454
8447
9792
10273
10332
9809
9386
9692
9456
8478
7160
5295
4175
3973
3361
2842
2505
1584
-543
-4327
-7804
-10638
-13830
-14738
-13422
-12335
-10353
-6927
-2634
1368
3317
4547
5464
4961
4826
5640
5715
4478
2678
1225
-329
-2291
-4055
-5847
-7605
-8813
-9277
-8751
-8121
-7979
-7454
-6493
-5610
-4400
-2580
-781
1132
3648
5604
6499
7160
7120
5926
4637
3386
1063
-1495
-2685
-3652
-4854
-5101
-5306
-5836
-5565
-4463
-3239
-2000
-443
841
1867
3443
4532
4611
4540
4038
3406
3549
3714
3356
2788
1605
74
-622
-1086
-2284
-3489
-4430
-4816
-4054
-2684
-950
526
1287
2545
4274
5668
6940
8060
8547
8630
9149
9498
9135
8773
8153
7415
7192
6771
6012
4963
3077
579
-2334
-5549
-8884
-11675
-13108
-13771
-13194
-11191
-9285
-6786
-3687
-1407
548
2222
3708
5015
5539
6016
6138
5127
3895
2409
258
-1807
-3723
-5484
-6731
-7638
-8368
-8732
-8468
-7911
-7379
-6420
-5040
-3642
-1827
495
2239
3518
4834
5177
5025
5224
4700
3638
2739
1536
455
-162
-684
-1290
-2119
-2865
-3456
-3701
-3216
-2680
-2219
-1443
-809
-254
452
991
1252
1443
1844
2383
2840
3287
3477
3139
2541
1911
1207
293
-350
-738
-1484
-1836
-1784
-2185
-2153
-1540
-1328
-690
782
2101
3441
5087
6349
7175
7970
8473
8416
8179
7945
7442
6754
5949
4832
3577
2537
1549
-139
-2322
-3982
-5667
-7092
-6992
-7223
-7974
-7194
-6165
-5322
-3927
-3094
-2825
-2747
-2453
-1537
-986
-579
-9
137
494
835
601
314
-459
-1346
-1737
-2217
-2396
-2678
-3335
-3522
-3868
-4196
-4084
-4318
-4547
-4388
-3900
-3032
-2066
-682
560
1313
2666
3464
3519
4195
4085
3264
2897
2204
1174
302
-196
-530
-1166
-1371
-1283
-1545
-1344
-782
-449
37
661
1154
1721
2447
2922
2918
2629
2096
1501
1039
621
197
-179
-365
-218
291
920
1435
1813
1966
2118
2386
2312
2294
2526
2470
2684
3170
3291
3303
3229
3068
3069
3039
3132
3504
3850
4346
5168
5925
6281
6085
5276
3997
2268
334
-1514
-3540
-5374
-6703
-7867
-8350
-8584
-9244
-9339
-9169
-8854
-7661
-6282
-4609
-2776
-1234
592
1834
2356
2608
1983
1416
948
38
-292
-639
-1274
-1759
-2508
-3101
-3896
-4896
-5117
-5309
-5360
-4743
-4285
-3587
-2677
-1995
-1007
-11
796
1416
1958
2684
3042
3114
3334
3337
3188
3208
3129
2875
2619
2292
1784
1336
960
334
-160
-367
-524
-470
-421
-287
-22
122
484
1000
1307
1607
1960
2277
2727
3159
3274
2998
2493
1921
1305
818
458
6
-213
-32
234
759
1436
1905
2394
3012
3603
4113
4583
4924
4980
4958
4857
4553
4226
3718
2998
2287
1452
581
-362
-1341
-2121
-3052
-3761
-4191
-4853
-5131
-5300
-5608
-5451
-5526
-5614
-5128
-4926
-4526
-3865
-3540
-2967
-2352
-1786
-1125
-830
-557
-323
-369
-234
-323
-715
-1070
-1499
-1816
-2138
-2614
-2986
-3376
-3763
-3820
-3713
-3600
-3266
-2587
-1766
-945
-101
624
1175
1632
1942
2140
2165
2010
1992
1912
1610
1438
1237
980
921
894
846
885
884
1079
1527
1824
2055
2286
2201
1964
1888
1651
1246
942
676
557
802
1074
1231
1384
1385
1390
1602
1795
1781
1810
1810
1776
1868
1967
2048
1952
1690
1609
1622
1610
1652
1665
1630
1681
1857
2009
2087
2049
1930
1780
1743
1817
1569
1144
776
317
-88
-465
-1006
-1599
-2201
-2620
-2831
-2961
-3046
-3250
-3212
-2924
-2776
-2539
-2403
-2461
-2325
-2129
-1786
-1534
-1534
-1461
-1475
-1379
-1221
-1389
-1564
-1699
-1969
-1950
-1831
-2089
-2469
-2736
-2902
-3010
-2967
-2869
-2778
-2613
-2265
-1641
-976
-512
-75
380
719
1137
1503
1609
1584
1397
1120
913
627
226
-240
-571
-542
-519
-374
-29
178
587
1164
1557
1882
2052
2002
2004
2141
2204
2230
2342
2277
2090
2064
1882
1374
1057
721
288
381
435
415
783
995
1134
1527
1614
1572
1675
1552
1600
1773
1829
1972
2081
1954
1702
1432
1001
613
259
-146
-435
-722
-799
-804
-885
-719
-707
-824
-699
-720
-671
-401
-323
-71
152
80
259
453
245
62
10
-329
-476
-479
-609
-652
-793
-670
-622
-824
-940
-1127
-1068
-1119
-1267
-1189
-1433
-1442
-1250
-1293
-1310
-1501
-1665
-1581
-1506
-1571
-1356
-1253
-1225
-875
-904
-972
-988
-1045
-868
-1058
-983
-737
-926
-803
-624
-567
-341
-389
-363
-147
-181
120
235
489
712
484
985
1168
1059
1267
1049
982
1199
1016
1086
1287
1044
1236
1299
1237
1309
829
782
812
434
479
461
120
279
622
433
840
727
798
1363
718
1337
1334
701
1288
348
232
578
-787
-271
-328
-1376
-864
-1396
-1219
-1144
-1546
-382
-507
-321
709
716
1277
1163
1296
1698
889
1252
912
668
624
-224
343
-363
-832
-832
-1779
-1091
-1666
-1909
-861
-1303
-740
68
270
621
662
857
817
313
573
153
-366
75
-535
-424
-439
-1001
-753
-1243
-1118
-1268
-1493
-886
-1301
-1162
-778
-532
-322
-282
225
-46
296
334
40
774
138
327
902
410
827
623
404
918
175
29
645
-30
193
-25
-142
133
-801
295
51
-534
388
75
716
771
964
1391
860
1412
1099
1196
1100
520
879
476
94
-263
-285
-704
-991
-945
-1113
-1440
-1155
-1046
-1147
-52
-745
-336
359
-326
500
398
60
618
-72
39
702
322
574
-18
-30
-56
-533
-371
-401
-1060
-888
-430
-1008
-192
-388
-938
-244
-306
-276
402
-18
275
1011
476
910
1012
769
571
215
354
89
-451
-165
-783
-1052
-1049
-1480
-1062
-1647
-1053
-1015
-892
184
31
862
884
598
1682
882
730
1388
182
783
460
-76
488
-255
65
-417
-296
-366
-683
233
-296
184
565
40
804
486
358
589
-373
634
280
-312
840
-98
229
788
88
738
633
506
1137
881
1237
906
602
635
94
189
-658
-633
-594
-1079
-994
-533
-1069
-1077
-650
-1359
-597
-743
-642
169
-74
655
631
569
1271
96
162
699
-692
-329
-276
-1077
-482
-687
-1193
-548
-1256
-1357
-746
-1164
-1045
-567
-424
-180
725
-96
925
730
201
1193
-285
725
-283
-523
386
-1112
-474
-578
-1050
-668
-948
-1028
-678
-736
-406
-224
-66
477
397
350
1392
463
1045
1278
450
1375
405
728
592
-131
-42
-106
-595
-299
-203
-921
-219
-530
-339
-117
-237
23
207
401
372
861
708
638
1457
600
1217
1321
450
1629
777
833
848
523
319
215
162
-584
-194
-828
-668
-841
-731
-607
-788
-34
-388
144
20
200
562
-154
551
476
210
866
33
444
319
-689
491
-509
-966
-202
-930
-583
-374
-581
-266
-413
-171
-200
-333
200
-583
6
-73
-584
329
-357
462
-51
60
320
-388
581
-368
103
-75
-640
31
-523
-421
-518
-766
-535
-1071
-514
-779
-828
142
-744
202
403
237
1068
479
1214
780
505
1337
60
592
621
-603
505
-380
-679
-180
-1111
-444
-913
-800
-333
-823
343
-60
299
1065
199
1194
1113
444
1275
550
168
751
127
357
39
-31
64
-360
100
-128
-186
-20
-233
-292
-66
-63
-752
-50
-590
-881
-167
-1028
-270
-266
-343
536
-101
969
648
369
1138
390
721
626
109
432
34
-627
-177
-705
-1007
-744
-929
-633
-541
-343
-116
173
273
483
683
617
586
562
528
438
-64
138
-314
-808
-249
-960
-533
-702
-623
-374
-352
-15
-22
566
295
476
752
503
562
299
337
10
-347
-128
-450
-262
-278
-419
370
-23
480
452
507
939
260
1085
-129
455
365
-848
532
-843
-885
-23
-1348
-323
-60
-1063
633
-302
519
1127
225
1708
640
894
1314
199
747
435
-544
-246
-663
-1153
-931
-1531
-1555
-1119
-1561
-829
-634
-712
78
-73
523
638
441
941
644
604
654
163
119
-53
-60
-368
-200
-416
-343
-138
-311
-364
-157
-458
-504
91
-744
107
-218
-254
258
-169
60
7
-109
-120
99
-256
433
321
109
799
36
688
355
-306
543
-502
171
-152
-560
397
-1009
390
-23
-465
727
-549
459
815
-252
903
379
-122
1234
-316
612
201
-590
600
-668
320
-490
-303
453
-728
387
222
-320
761
-264
414
488
-354
848
-190
446
260
-210
499
260
-79
490
381
66
644
-186
382
24
-504
200
-527
-650
35
-985
-506
-565
-1466
77
-1304
-595
158
-1427
900
-164
-80
1408
-471
799
1067
-299
1297
187
175
1059
-500
582
-263
-939
-79
-1128
-984
-798
-898
-494
-843
-174
47
-127
188
-29
546
-173
933
296
210
1171
-258
657
141
-124
106
-623
219
-232
-649
321
-581
-46
406
-400
217
184
316
135
690
543
63
329
313
22
-235
-55
-389
-31
-273
-166
227
-114
-326
258
-276
-283
491
-862
594
146
-282
631
-530
657
-15
-618
1093
-769
575
960
-750
1677
-162
279
487
-524
548
-875
339
-271
-530
168
-556
-228
-253
-675
-283
-469
-545
608
-876
428
442
-348
1119
-378
378
739
-296
371
354
-481
628
-541
-130
252
-745
-75
102
-353
185
203
-754
887
-478
-274
390
-362
-66
-43
-251
-117
54
-590
65
-310
-64
80
-158
418
179
150
811
-190
743
-74
-208
898
-1025
498
-228
-519
262
-243
-97
115
36
-187
378
-20
-56
359
-6
-31
507
-562
421
140
-748
782
-908
-285
352
-1055
315
-563
-122
675
-1207
1448
160
-802
1988
-838
602
808
-832
1008
-538
300
251
-1161
1282
-1076
-550
1146
-1580
422
88
-815
694
-482
-57
386
-221
50
125
123
-139
130
-224
-164
162
-10
-80
237
639
-366
805
567
-232
481
681
-290
396
944
-781
711
115
-173
237
-768
425
-895
-648
728
-1346
567
264
-893
1227
-427
399
615
-444
649
-421
424
-13
-401
607
-746
106
255
-946
289
-426
-783
936
-1240
209
631
-778
1074
-249
636
267
-22
818
-446
-45
-44
-437
-498
-103
-460
-512
118
-548
-76
-177
-310
172
-513
767
199
-89
1343
122
325
687
-85
-20
72
-367
-64
94
-423
59
-346
-185
-403
-602
-476
-537
-16
-461
354
-160
-178
911
-559
602
612
-798
1039
115
-427
1051
-376
-233
778
-584
-151
473
-682
100
-60
-73
-423
0
143
-517
469
143
105
386
545
125
265
580
-588
669
231
-844
1041
-490
-519
638
-751
27
-159
-75
-278
-111
383
-281
267
265
188
165
95
-54
235
-35
-170
-35
-288
296
-511
-157
315
-395
501
-287
-62
620
-904
425
280
-779
820
-549
-116
715
-737
5
-146
-372
82
-238
196
-225
-127
427
-472
427
45
-288
601
-273
266
500
-287
171
180
-357
-41
274
-588
-485
556
-461
-324
516
-422
-119
262
-150
2
-77
-106
-130
-111
341
-348
106
513
-128
363
140
-18
128
-119
15
159
-351
-49
128
-438
27
-244
-228
15
-123
-114
-303
349
317
-398
817
513
-331
707
449
-11
243
136
-403
48
-147
-501
-295
-457
-220
-380
-425
-123
55
-436
187
397
-21
578
263
466
509
142
396
116
50
-226
-209
44
-524
-354
-334
-330
-323
-376
-4
-141
-341
245
274
-117
522
121
-197
437
127
-166
113
16
-392
-124
-158
-189
-131
-234
-115
68
221
93
192
136
-43
158
337
195
332
268
348
270
-27
94
-76
82
-33
22
216
70
226
276
50
58
147
-174
30
98
-60
-91
-56
85
-176
-142
21
-52
125
199
-22
76
100
16
115
182
120
161
287
-22
213
210
-70
50
125
33
30
142
-41
-101
-36
-208
-235
-95
-203
-190
-121
-244
-160
-117
-324
-275
-156
-254
-168
-42
82
-47
-3
-4
-80
-11
-195
-91
3
-204
-182
-132
-347
-466
-436
-465
-429
-429
-504
-565
-603
-710
-937
-816
-775
-873
-765
-763
-871
-886
-1014
-1077
-732
-888
-814
-567
-639
-493
-474
-530
-436
-382
-324
-75
222
136
342
488
293
574
706
832
987
1048
1115
1208
1310
1100
1003
998
748
719
813
628
637
444
376
618
347
615
754
631
1170
1101
1262
1610
1380
1655
1740
1919
2235
2171
2315
2125
2022
2041
1987
1980
1940
2065
2034
2305
2329
2119
2246
1538
816
557
-13
-247
-525
-1107
-1842
-2702
-3399
-3824
-4262
-4850
-5090
-5510
-5758
-5865
-5449
-5486
-5573
-4897
-4675
-4106
-2975
-2615
-2011
-1333
-1315
-618
197
702
1249
1673
1817
1943
2195
2318
2522
2550
2468
2398
2244
2280
2150
1901
1652
1290
999
866
528
94
-205
-888
-1122
-1569
-1937
-1776
-2230
-2413
-2331
-2266
-2274
-2002
-1664
-1512
-1134
-649
-207
330
796
1054
1376
1647
1901
2119
2334
2397
2368
2297
2117
2023
1859
1744
1444
1172
981
684
532
453
355
192
185
223
229
418
618
779
918
1190
1437
1634
1871
2311
2712
2748
3170
3547
3574
3733
3963
4018
4023
4171
4134
4146
4005
3334
2075
1215
572
-559
-871
-1470
-3030
-4344
-5436
-6064
-6639
-7174
-7469
-8112
-8484
-8628
-8205
-7612
-7539
-7196
-6520
-5696
-4712
-3440
-2460
-1795
-1287
-799
554
1618
2365
3127
3391
3536
3609
4284
4575
4483
4510
3944
3509
3397
3104
2728
2531
1811
905
561
180
-201
-575
-981
-1404
-1845
-2047
-1940
-2122
-2508
-2804
-3086
-2681
-2488
-2214
-1670
-2163
-2178
-1673
-1157
-311
120
399
368
394
880
1310
1959
1986
1594
1866
1807
1629
1880
1639
1123
846
665
812
841
521
127
-217
-268
-215
354
733
563
618
862
1137
1724
2432
2763
3184
3544
3707
4307
4698
4773
4976
5236
5354
5380
5547
5194
4850
4722
4309
4173
3783
2281
452
-94
-1054
-1879
-1731
-2907
-4713
-6237
-7059
-7201
-7387
-7831
-8282
-8857
-9477
-9207
-8050
-7588
-7494
-7065
-6254
-5045
-3835
-2369
-1377
-1041
-721
458
2022
2886
3494
3794
3653
3435
3977
4703
4847
4432
3830
3200
2738
2787
2637
2220
1694
624
-130
-61
-271
-792
-1064
-1515
-2088
-2176
-2047
-2084
-2173
-2583
-2569
-2212
-1917
-1625
-1669
-1621
-1820
-1632
-794
-327
-93
-120
-390
-352
98
658
1092
1109
646
401
429
608
874
919
618
346
375
359
512
668
425
222
464
636
887
1289
1282
1227
1552
1867
2321
2861
2950
2761
2901
3079
3249
3701
3822
3847
3815
3726
3739
3808
3755
3518
3531
3578
3370
3179
2951
2654
2480
2602
2614
2235
1019
-698
-1166
-1671
-2263
-2181
-3023
-4825
-6368
-6883
-6782
-6883
-7194
-7624
-8238
-8772
-8417
-7154
-6538
-6568
-6315
-5565
-4619
-3460
-2070
-1369
-1116
-729
309
1792
2741
3072
3067
2870
2788
3320
4095
4323
3842
2981
2309
2101
2270
2357
2188
1683
722
-61
-115
-48
-264
-522
-929
-1283
-1594
-1663
-1427
-1645
-2000
-2029
-1885
-1705
-1551
-1518
-1594
-1591
-1393
-719
-80
5
-56
-196
-61
257
757
1230
1148
853
576
619
813
912
902
631
266
175
201
299
297
168
196
224
463
718
868
910
881
1084
1668
2038
2262
2484
2428
2402
2474
2820
2891
2846
2752
2594
2700
2718
2734
2622
2438
2394
2344
2379
2354
2067
1832
1752
1987
2110
2099
2159
1945
1852
1986
2125
1878
620
-633
-769
-1282
-1749
-1740
-2805
-4578
-5914
-6079
-5829
-6187
-6731
-7290
-8153
-8654
-8030
-6868
-6477
-6741
-6495
-5827
-4947
-3714
-2367
-1501
-1303
-984
224
1587
2368
2871
3073
3042
3102
3664
4447
4729
4313
3683
3280
3231
3523
3449
3236
2720
1471
792
974
961
506
84
-507
-1208
-1666
-1668
-1493
-1902
-2522
-2621
-2408
-2359
-2191
-2016
-2161
-2319
-2048
-1156
-459
-388
-386
-333
-209
337
1081
1475
1291
822
641
879
1283
1548
1484
1208
847
637
913
1127
983
697
403
367
408
502
705
589
291
342
679
872
1033
1095
988
931
1149
1567
1781
1896
1820
1712
1865
1965
2132
2264
2196
1979
2019
2082
2055
2012
1768
1666
1684
1756
1797
1971
1878
1534
1447
1670
1981
2202
2325
2077
1187
-125
-746
-592
-984
-1389
-1722
-3092
-4631
-5211
-4967
-4809
-5282
-5654
-6252
-7064
-7113
-6336
-5442
-5364
-5400
-4976
-4509
-3819
-2826
-1846
-1450
-1213
-570
421
1328
1807
2178
2378
2363
2684
3231
3598
3489
3099
2704
2459
2613
2747
2696
2478
1829
884
485
542
426
336
125
-357
-1030
-1448
-1326
-1103
-1088
-1292
-1403
-1665
-1931
-1753
-1558
-1463
-1424
-1288
-954
-723
-640
-519
-429
-291
19
513
867
827
662
514
575
888
1132
1271
1112
632
258
200
315
428
438
235
-171
-513
-611
-473
-314
-284
-108
-143
-164
138
386
743
1018
1313
1616
1789
2059
2248
2378
2477
2572
2678
2735
2713
2571
2453
2265
2133
2034
1958
1977
1909
1797
1732
1574
1449
1514
1711
1965
1859
1668
1601
1586
1767
2062
2237
1702
368
-436
-468
-837
-977
-1076
-2271
-3871
-4651
-4511
-4266
-4691
-5188
-5757
-6684
-6891
-6157
-5400
-5461
-5797
-5535
-4959
-4248
-3240
-2330
-2049
-2083
-1575
-298
880
1414
1711
1769
1604
1879
2795
3572
3587
3210
2654
2304
2429
2675
2833
2619
1997
1125
786
946
789
563
237
-246
-742
-1028
-967
-1021
-1475
-1843
-1811
-1860
-1917
-1837
-2010
-2265
-2247
-1857
-1206
-869
-878
-885
-901
-590
197
925
1254
1174
956
896
1085
1475
1719
1676
1355
974
844
864
877
713
425
103
-56
-53
0
116
-113
-277
-150
80
515
810
996
969
915
1162
1554
1892
2072
2154
2110
2047
2114
2255
2348
2298
2219
2196
2119
1951
1750
1593
1488
1466
1464
1490
1305
942
688
538
666
773
736
826
794
568
509
647
924
1155
1397
1676
1405
473
-280
-315
-482
-610
-503
-1183
-2600
-3716
-3962
-3913
-4046
-4170
-4601
-5489
-6122
-6018
-5428
-5132
-5136
-4979
-4719
-4415
-3719
-2788
-2225
-1972
-1707
-1055
-260
380
911
1206
1196
1165
1612
2273
2638
2677
2409
1989
1824
2025
2301
2461
2229
1446
860
745
717
823
844
478
-217
-674
-743
-671
-671
-902
-1057
-1252
-1345
-1111
-871
-993
-1134
-986
-658
-137
205
318
227
56
234
789
1268
1300
1036
745
532
591
871
1031
830
426
96
32
74
57
-2
-149
-321
-352
-143
40
8
-30
28
220
504
815
1074
1092
1115
1310
1606
1939
2097
2235
2173
2063
2160
2208
2263
2294
2189
1995
1870
1721
1527
1414
1243
1091
1027
949
824
614
438
291
221
247
199
124
75
-27
76
273
396
587
666
795
1023
1146
1257
1084
473
181
18
-260
-316
-678
-1372
-2194
-2838
-3105
-3382
-3768
-4132
-4679
-5144
-5265
-5111
-4892
-4995
-5014
-4843
-4572
-4017
-3324
-2851
-2664
-2528
-2134
-1374
-657
-118
305
413
439
768
1318
1757
1936
2008
1961
1954
2220
2427
2502
2486
2163
1936
1995
1906
1764
1616
1221
843
723
647
562
385
-69
-378
-503
-666
-540
-509
-792
-995
-1071
-965
-716
-526
-463
-547
-648
-588
-305
-55
-35
-65
-34
-108
-63
208
222
138
90
87
281
378
425
509
413
339
459
725
963
1022
1090
1204
1299
1471
1732
1913
1978
1928
2044
2160
2074
2054
2011
1865
1746
1673
1593
1464
1151
845
737
613
470
425
244
-19
-204
-324
-276
-234
-345
-424
-471
-534
-473
-276
-155
-130
-47
43
81
267
384
416
604
718
860
1028
1109
1190
1243
1309
1439
1440
1141
699
351
-110
-496
-638
-1110
-1754
-2336
-2919
-3312
-3599
-3924
-4296
-4759
-5063
-5142
-4985
-4789
-4825
-4753
-4656
-4417
-3815
-3154
-2651
-2304
-2000
-1613
-1060
-431
126
529
762
992
1392
1755
2034
2255
2272
2280
2442
2609
2683
2655
2482
2241
2115
2028
1888
1710
1380
971
724
518
389
251
-10
-217
-377
-475
-453
-434
-493
-540
-615
-607
-464
-380
-288
-177
-178
-174
-72
76
153
236
293
252
301
324
379
488
497
492
541
620
701
761
818
844
857
923
1051
1198
1224
1161
1170
1219
1235
1306
1384
1277
1149
1061
967
927
830
672
621
515
336
298
255
91
47
40
-43
-82
-208
-257
-183
-181
-136
-59
-27
-55
-20
83
95
161
90
155
338
211
192
220
83
-63
15
105
32
-96
-184
-214
-347
-280
-202
-291
-352
-424
-443
-398
-340
-293
-296
-405
-453
-409
-446
-442
-483
-734
-870
-977
-1122
-1086
-1143
-1336
-1400
-1528
-1685
-1642
-1696
-1808
-1800
-1834
-1804
-1721
-1565
-1475
-1495
-1355
-1250
-1073
-790
-592
-459
-454
-398
-178
-34
165
435
411
356
440
441
490
535
460
470
393
362
460
421
391
277
175
201
162
215
272
194
206
152
128
261
235
209
294
285
403
557
597
745
779
761
927
1030
1101
1180
1172
1125
1038
1061
1079
1041
1085
951
852
839
649
564
510
340
216
183
140
38
-32
-152
-254
-237
-313
-312
-241
-327
-297
-150
-154
-144
-31
-30
90
231
268
353
468
431
417
764
760
743
1045
785
795
1107
814
1026
1092
682
852
714
570
700
515
401
223
-79
-88
-137
-298
-309
-423
-401
-524
-725
-558
-678
-817
-570
-607
-661
-535
-703
-685
-524
-692
-548
-324
-419
-312
-219
-217
-292
-245
-100
-199
53
-23
-230
51
-212
-317
-54
-316
-361
-162
-455
-351
-276
-762
-557
-562
-844
-533
-641
-756
-692
-803
-696
-700
-774
-784
-925
-962
-879
-838
-801
-864
-1023
-1011
-991
-1005
-776
-768
-912
-782
-792
-785
-597
-632
-561
-373
-390
-208
48
4
128
263
300
531
707
763
850
932
875
948
1197
1065
1039
1287
935
914
1131
821
950
933
616
913
702
581
911
475
521
559
266
444
218
310
218
25
179
-52
58
217
-48
113
316
-69
258
470
234
574
428
520
650
497
851
533
797
928
435
1054
740
541
1001
407
715
780
143
659
509
9
545
213
-17
334
-59
121
56
-135
95
-452
-263
-229
-833
-221
-514
-825
-258
-825
-806
-476
-1049
-744
-455
-951
-576
-565
-948
-271
-634
-540
51
-605
-141
8
-293
151
-49
-2
220
-139
148
130
-239
258
-55
-182
203
-302
-179
-109
-395
-193
-368
-372
-329
-601
-501
-658
-707
-732
-713
-673
-844
-754
-767
-887
-827
-660
-809
-680
-587
-712
-541
-358
-548
-410
-91
-595
-66
143
-379
407
164
-30
613
241
453
831
344
894
791
618
1242
661
973
911
704
1138
434
920
863
30
812
302
97
440
-206
252
-166
-284
-80
-558
-324
-523
-491
-455
-528
-503
-419
-453
-496
-275
-326
-439
-8
-30
-202
394
-45
195
499
62
714
711
229
1091
630
217
1536
234
864
1263
32
1462
314
429
1137
-87
824
413
190
525
-217
473
-269
-6
213
-821
260
-787
-408
-140
-1174
83
-938
-747
-79
-1232
-179
-657
-1016
144
-1048
-360
-31
-903
-66
-328
-313
-132
-6
-146
18
182
-166
405
30
118
419
44
367
196
166
329
-117
320
97
-261
440
-439
-121
74
-610
141
-328
-545
-74
-607
-675
-106
-661
-661
-253
-747
-473
-267
-731
-134
-313
-775
267
-624
-116
340
-691
531
-173
-50
642
-328
659
417
-118
916
218
403
740
156
589
278
424
317
276
397
-36
244
26
-79
85
59
-368
4
-54
-511
54
-191
-375
-106
-190
-362
53
-225
-279
207
-266
-265
326
-323
-60
349
-366
445
0
130
581
-14
512
330
253
694
360
404
760
61
568
404
156
613
-46
411
25
185
179
-240
631
-481
27
292
-649
614
-588
-22
294
-879
682
-610
184
137
-692
755
-821
479
-23
-548
766
-896
285
121
-529
570
-376
126
89
-308
393
-234
96
130
-66
211
-31
97
159
-76
109
123
-83
117
-45
-71
-44
-167
-114
-197
-184
-332
-127
-323
-288
-182
-473
-12
-621
-162
-79
-751
98
-467
-536
24
-549
-169
-223
-463
49
-417
-108
-35
-324
163
-235
135
11
-32
249
-79
251
121
260
242
169
282
201
336
208
281
292
189
349
65
335
220
-40
227
107
28
104
180
-134
333
-67
-161
405
-372
272
-20
66
257
-272
405
-133
159
53
161
122
-90
438
-295
438
-24
-96
639
-475
623
137
-60
711
-247
497
172
72
541
-161
363
364
-119
441
140
11
237
-80
165
153
59
-16
147
57
-219
384
-106
63
314
-299
333
-113
-20
218
-314
277
-218
-90
45
-298
-20
-339
-125
-229
-372
-125
-348
-241
-187
-603
126
-433
-408
409
-779
227
-190
-457
434
-640
175
-17
-418
156
-298
84
-162
-148
200
-422
65
-123
-367
134
-456
-74
-104
-604
127
-569
-359
75
-848
224
-479
-443
347
-893
269
-244
-387
450
-509
324
184
-241
410
58
224
247
274
378
84
500
202
317
387
93
380
56
215
288
8
359
132
-112
369
-115
-152
327
-379
183
-16
-394
444
-488
-81
266
-557
182
-11
-150
124
12
176
-245
449
40
36
664
-152
453
270
151
555
84
517
307
79
642
44
270
407
76
378
29
235
252
-63
317
98
4
113
42
-10
-114
203
-211
-113
175
-311
-62
-174
-74
-307
-206
-1
-631
-17
-293
-512
-36
-448
-191
-290
-286
-72
-546
-20
-286
-291
1
-467
221
-358
-319
419
-627
195
67
-579
489
-251
53
19
-113
256
-449
457
-136
-145
359
-254
53
-84
28
-60
-110
17
-20
-350
102
-250
-410
308
-626
32
-133
-498
363
-567
-60
159
-403
101
-95
-7
-63
87
104
-264
476
-91
-30
572
-220
311
282
2
437
-14
376
196
-159
586
-128
98
370
-208
163
144
-44
102
23
52
126
-174
139
22
-134
165
-168
185
-90
-48
264
-293
356
-73
-58
302
-183
216
113
57
93
147
99
60
168
28
219
-61
31
260
-197
144
177
-305
306
-105
27
176
-277
485
-419
103
371
-490
444
48
-276
288
-21
-142
59
74
-280
137
-68
-404
372
-515
-19
3
-453
151
-432
-80
-124
-322
-26
-248
-268
66
-246
-293
189
-434
-43
155
-481
212
-2
-409
197
-60
-144
124
-18
-12
-22
57
23
80
31
199
-7
52
334
-181
284
163
-257
453
-111
-224
613
-428
144
219
-388
398
-197
-9
131
-158
49
25
-16
111
64
-184
295
28
-123
487
-204
306
188
-152
524
-20
150
208
139
169
171
67
142
159
-186
307
-86
-84
343
-388
201
13
-325
371
-230
-169
369
-269
-114
377
-263
31
202
-235
265
-38
-58
297
-118
130
159
-165
263
22
-226
401
-246
38
153
-283
243
-198
-58
37
-181
-91
-76
-116
-180
-7
-225
-87
-22
-292
56
-144
-105
-54
-87
99
-283
135
-97
-17
93
-193
291
-274
98
117
-208
190
-50
79
-16
-32
146
-254
187
-19
-318
363
-206
-4
45
-170
124
-179
13
-62
-20
-74
-137
34
-167
89
-181
-60
146
-344
202
-51
-208
212
-219
-74
164
-202
-49
341
-413
137
397
-742
687
-185
-362
757
-587
405
132
-267
533
-200
-5
451
-301
458
97
-208
649
-346
332
80
-58
375
-274
343
-111
14
164
-281
285
-291
70
15
-244
182
-279
77
-138
-130
120
-184
27
-9
-50
41
103
-147
210
104
-216
412
-172
229
-12
13
328
-287
471
-137
87
241
-282
330
15
-127
186
-131
47
-40
-184
111
-263
49
-129
-208
54
-353
76
-162
-240
115
-322
-46
-85
-214
241
-285
-19
326
-484
396
20
-324
657
-258
-93
508
-267
-23
428
-360
175
120
-327
178
58
-320
219
-47
-299
419
-543
334
12
-389
509
-392
204
-17
-253
377
-279
-13
224
-276
222
-58
-95
148
-187
211
-73
-29
160
-180
165
40
-149
318
-220
169
-50
-118
347
-686
710
-404
-212
646
-854
668
-374
-128
489
-631
398
-31
-248
257
-84
-41
75
-42
20
36
-57
58
69
-127
149
-109
133
80
-246
301
-167
-20
199
-229
219
-42
-207
319
-302
47
252
-428
232
11
-172
58
-11
53
-235
243
-226
21
48
-245
334
-243
-28
219
-241
96
110
-245
275
-169
9
71
-165
184
-260
67
73
-206
39
26
-194
46
-75
-134
14
-40
49
-225
218
-2
-194
307
-22
-188
388
-71
6
351
-129
309
115
12
286
129
-69
258
132
-53
225
48
-35
65
142
-137
42
142
-238
114
-68
-95
-4
-165
175
-344
63
188
-641
462
-254
-341
498
-581
218
-36
-225
185
-306
110
75
-179
125
33
-129
151
-86
7
178
-221
300
-78
-130
395
-246
151
20
62
65
-100
229
-222
209
-59
-131
280
-329
250
-116
-81
333
-540
474
-171
-360
516
-516
20
207
-377
93
34
-441
354
-272
-309
493
-647
196
114
-571
499
-375
-50
296
-520
364
-146
-59
216
-194
192
-92
115
49
-34
206
-63
49
108
-12
22
157
-114
8
199
-246
115
126
-294
201
-170
-36
83
-264
177
-223
40
-107
-1
43
-265
331
-306
141
66
-271
479
-407
176
172
-230
303
-106
252
-17
182
36
24
323
-206
365
-64
214
27
57
290
-299
557
-309
120
370
-481
476
-72
-209
304
-172
-27
103
-50
-89
65
-106
-77
108
-162
-22
42
-147
87
-45
-156
262
-206
-103
429
-514
278
175
-460
556
-298
36
321
-290
237
68
-102
223
-33
62
96
12
83
-141
288
-153
-57
208
-288
159
-182
-29
0
-254
189
-405
75
-40
-405
300
-365
-47
4
-212
-34
-132
-67
-120
34
-309
215
-180
-153
171
-306
195
-180
55
11
-155
200
-141
45
125
-38
60
102
43
59
-25
155
40
-50
127
51
27
-30
63
32
-42
84
-24
21
133
-155
86
32
-66
68
-18
57
-38
2
92
-55
26
77
-86
98
-89
46
61
-128
272
-243
128
120
-212
284
-203
200
41
-185
367
-289
146
74
-120
211
-222
302
-133
-100
365
-362
202
116
-316
350
-153
-128
274
-271
146
23
-229
315
-275
37
157
-295
223
-90
-77
54
-118
57
-110
-48
32
-120
10
-27
-154
75
-100
-82
92
-158
28
29
-182
72
87
-220
120
123
-245
145
29
-96
67
53
-79
48
55
-150
58
-13
-149
74
-73
12
-91
-88
143
-328
78
46
-259
58
-10
-206
43
106
-325
223
39
-319
381
-192
-128
347
-240
40
151
-103
-6
147
-32
-164
314
-96
-110
258
-213
50
135
-137
181
-78
31
35
-160
241
-167
-26
201
-109
-107
208
2
-198
281
0
-154
191
43
-175
272
-111
-39
301
-255
186
67
-101
108
20
73
-79
187
-119
-43
222
-294
285
-54
-143
237
-238
126
-89
0
103
-139
60
70
-33
-117
239
-61
-120
288
-120
-89
241
-113
-142
310
-210
-109
359
-404
112
172
-385
328
-173
-217
305
-354
1
103
-255
176
-168
-78
148
-273
148
-78
-106
183
-207
71
-1
-7
-39
-81
221
-219
41
232
-365
172
182
-458
367
-1
-279
275
-174
29
-51
-32
62
-217
146
-176
-86
142
-235
-49
45
-105
-141
147
-122
-89
138
-154
74
60
-76
25
80
4
-1
138
2
10
86
31
29
174
-15
-7
293
-130
58
205
-21
91
-11
113
82
-93
96
132
-124
57
65
-124
207
-47
-235
359
-135
-241
359
-222
-26
135
-266
218
-59
-146
174
-137
-15
75
-131
78
97
-182
68
150
-170
85
101
-111
147
-57
22
166
-89
107
97
-64
119
55
21
112
-60
107
36
-70
157
-130
108
-32
-125
231
-241
47
105
-257
174
-91
-135
187
-226
82
-4
-139
77
-75
14
-168
113
-63
-179
223
-238
47
124
-330
235
0
-231
264
-190
45
132
-268
237
-70
-125
186
-161
87
-10
-113
225
-173
55
93
-127
107
-76
-35
72
-45
-35
16
-16
-40
-11
48
-73
-23
125
-153
-51
247
-187
-94
343
-285
62
203
-270
214
12
-104
111
136
-142
44
241
-230
73
165
-115
83
82
-88
111
30
-82
97
-10
51
-94
26
156
-258
189
-34
-211
389
-356
42
304
-372
157
105
-164
76
55
-120
79
-8
-83
121
-26
-31
54
25
-67
24
91
-54
23
37
4
72
-45
-2
115
-89
-21
177
-139
33
83
-122
116
-20
-29
98
-99
27
63
-151
105
26
-178
173
-54
-105
142
-82
-43
73
1
-62
83
-4
-52
47
-77
110
-66
-31
135
-191
94
29
-108
128
1
-111
28
36
-91
12
41
-7
-72
22
-45
-99
72
-134
-1
24
-157
83
-72
-93
45
-50
-65
15
23
-124
66
4
-94
59
21
-46
21
59
-88
107
48
-79
121
-5
-11
30
-29
125
-21
-51
118
23
-55
-14
114
-37
-91
177
-121
-45
208
-232
49
142
-192
42
50
-125
-4
44
-105
46
19
-114
73
-10
-78
38
56
-75
59
57
-81
124
10
-12
75
-7
69
-3
68
118
-106
130
110
-132
202
47
-116
144
74
-72
21
142
-107
2
46
-56
104
-152
47
117
-208
86
61
-105
34
-13
-77
37
-27
-77
49
8
-106
-23
66
-78
-8
-14
-58
66
-104
11
92
-172
111
20
-205
205
-22
-117
110
-25
6
-25
18
53
-74
51
-15
-66
89
-81
0
56
-144
81
-71
-98
124
-136
-59
76
-75
-65
26
-60
-95
57
-32
-152
101
-90
-128
91
-114
-7
-9
-32
-8
-75
85
-58
-30
145
-100
40
79
-88
82
45
-39
80
30
-47
81
5
-46
70
27
-31
18
43
-37
4
28
-23
42
21
-84
46
17
-81
56
4
-34
34
-8
-3
15
-19
19
24
10
-20
47
25
-61
96
-18
24
36
-38
76
7
-41
55
84
-58
70
34
-45
50
3
16
14
43
-53
-5
99
-122
70
50
-105
98
-52
-15
46
-19
-21
45
-8
-49
60
-63
5
32
-37
-14
36
-7
-54
55
-24
-28
35
-71
8
21
-70
10
17
-28
-14
0
3
-44
-17
0
-24
-13
-18
-32
5
-26
-72
37
-8
-122
38
26
-123
40
-12
-77
54
-43
-64
58
9
-77
57
37
-53
39
-9
-20
51
-12
-40
94
-13
-26
18
19
-3
-64
65
-49
-19
33
-52
30
-10
-25
0
1
-42
-45
49
-87
-1
56
-72
37
-30
-7
9
-30
53
-17
11
18
1
30
-42
28
47
-8
7
1
72
-7
-52
134
-46
-5
62
-90
74
-19
-55
94
-20
-26
54
-28
-8
26
-39
21
-9
-29
13
24
-6
-27
44
16
-33
3
45
-15
-10
43
22
36
13
-26
43
23
-33
45
59
-3
-19
35
-10
-19
-10
-8
37
-54
-16
29
-28
-34
26
-38
-64
5
-27
-42
-6
-2
-71
19
2
-88
50
-34
-73
63
-46
-41
12
-4
-24
-9
25
-39
29
-13
-19
36
-25
10
44
-12
-17
39
2
-22
13
5
5
14
-7
-11
38
-23
-26
19
1
-20
-14
65
-9
-42
38
-14
-34
9
-40
-9
12
-38
-8
-6
-18
-15
-21
-38
-3
-13
-26
12
-49
11
32
-53
21
16
-19
16
19
51
-22
15
64
-18
25
20
23
50
-15
17
59
-25
-4
65
-51
39
-3
-33
75
-48
-4
21
36
-38
3
43
-62
5
-24
-14
26
-21
2
5
-9
26
-6
-9
43
-4
-26
28
39
-15
-8
52
-19
-5
35
-1
21
-7
21
-12
2
31
-55
23
6
-31
-12
23
-12
-15
15
-36
-9
-29
6
-41
-23
27
-64
5
0
-45
10
-14
-6
-27
-9
9
-51
-13
-11
-2
-12
-9
15
-26
-33
8
-2
-31
21
-19
-10
-14
-13
22
-41
31
-7
-22
27
-35
-1
-10
6
-3
-14
46
-53
15
50
-49
28
26
-38
4
13
-60
51
4
-47
61
-7
-37
22
25
-23
25
18
-17
21
-28
2
21
-5
12
17
25
-1
-17
33
18
-31
45
30
-12
5
11
26
8
10
32
9
-7
18
34
-13
17
62
-37
12
43
-11
34
36
4
19
24
-38
19
28
-20
30
14
-4
9
-4
9
-1
7
2
-8
1
-28
9
-25
-19
25
-36
-3
9
-56
10
4
-42
9
-36
-6
-2
-32
-3
10
-15
-12
-1
-26
1
-6
4
-21
29
-12
-33
42
-33
8
15
-10
23
0
-15
-4
5
-6
-3
34
-19
-16
13
4
-16
-15
36
-34
10
3
-35
15
-6
0
0
-1
-6
-18
24
-3
-34
40
-15
-30
37
-23
-2
26
-19
28
13
-31
17
-19
4
17
-14
12
-8
15
-11
1
36
-18
11
22
2
-10
25
12
12
17
-3
-3
22
46
-22
30
37
-12
15
-4
42
-14
-20
52
-38
10
7
-42
46
-12
-23
10
-12
-3
-50
15
7
-32
8
-4
11
-36
-12
46
-31
5
30
-30
28
7
-10
40
9
-15
29
17
-11
20
22
12
-2
4
5
-7
-15
18
12
-14
16
8
-10
-40
15
19
-45
12
0
-32
-2
-11
-12
-5
10
-10
-20
7
-27
-9
21
-4
-28
20
16
-37
30
8
-9
35
-26
14
37
-39
4
17
-10
22
1
-17
16
3
-22
22
22
-30
5
8
-23
-10
8
17
17
-3
-10
0
-15
-11
-13
-13
-4
-1
-9
-18
-5
-6
1
-6
-11
15
0
-12
15
-12
4
34
-24
24
8
-23
43
1
3
18
-4
-10
-5
-6
6
-2
6
3
-17
12
-9
-6
6
-12
-9
-2
-24
-24
11
-15
-13
23
-35
-8
0
-34
8
-21
5
-1
-15
2
-1
3
6
8
-12
15
-11
-13
19
-17
-1
14
-17
-5
-2
-26
11
16
-35
5
6
-33
-2
-11
-26
0
14
-15
4
-4
-26
16
-24
-10
-3
-8
-13
-12
7
-1
-2
-15
19
-5
-18
2
2
5
-9
-8
17
-12
-14
22
-19
12
5
-34
17
-19
3
-8
-22
29
-31
6
-8
-3
23
-34
29
6
-20
0
-18
18
-10
-13
33
-2
-4
4
-3
5
-2
8
10
2
-2
9
7
17
3
11
19
-5
-5
0
10
-8
5
4
-11
1
-4
-17
7
11
-16
0
15
-12
-5
4
-6
-11
5
17
-19
4
13
-8
11
3
-5
-5
15
7
-14
4
16
3
-3
16
-12
16
15
-12
13
-4
2
-6
-1
23
-9
-14
13
-15
-19
-9
12
-17
-23
16
-26
-5
-4
-26
4
-11
-15
-7
-18
-8
-3
-27
-4
-5
-25
9
-8
-25
11
4
-25
-1
9
-12
-4
26
-8
-6
17
7
-10
10
25
-7
17
-5
2
13
-5
19
5
9
7
5
3
-3
15
6
-11
4
12
-9
6
0
-22
24
5
-33
17
-5
-13
-2
8
2
-10
15
-19
15
16
-14
21
4
4
21
3
4
13
8
23
13
-6
34
23
-1
18
-2
17
5
8
28
-10
10
20
4
5
17
5
-1
9
-13
6
4
-5
0
-1
-6
-4
11
-11
-10
5
8
-3
3
-6
5
18
-14
3
22
3
9
10
0
-1
13
-1
-2
12
-12
20
10
-3
5
3
19
2
-11
13
9
-7
19
-3
1
22
-6
14
11
-12
19
4
-6
13
-12
-12
5
6
-2
2
6
1
4
9
-4
0
