SAMPLES:	9455
BITSPERSAMPLE:	16
CHANNELS:	1
SAMPLERATE:	16000
NORMALIZED:	FALSE
8
12
5
-2
6
6
10
12
-2
5
3
13
-1
5
3
-9
2
11
22
2
9
3
1
18
11
10
6
-6
1
6
-3
-6
-1
1
-12
-8
9
-1
-5
-4
-20
-5
7
-8
-3
-7
-8
-1
-13
-25
-34
-15
-10
-20
-15
-16
-8
-17
-18
-14
-15
-16
-23
-15
-16
-17
-7
-2
-5
-3
-12
-10
-8
-8
-8
-8
-3
1
4
16
3
7
7
7
7
-2
12
-5
-6
6
4
2
-5
1
-1
-11
-5
-13
-13
-7
-20
-11
-13
-7
-8
-10
-6
-15
-15
-11
-20
-10
-8
-12
4
-5
-6
1
8
4
4
4
16
20
4
2
10
19
21
9
8
10
7
6
6
2
14
10
2
7
-6
13
-3
-8
5
8
6
5
1
0
3
7
14
9
9
3
12
18
7
3
-2
7
12
12
17
17
8
0
6
-2
0
2
5
-8
-10
-4
-4
-14
-20
-13
-5
-9
-15
-8
-14
-9
-1
-6
-6
-4
-18
0
4
-3
4
10
6
6
13
4
8
-1
6
4
-2
5
-7
-11
-7
-15
-17
-4
-16
-15
-6
-8
-9
0
-3
-3
-4
-3
5
0
1
0
-1
0
-3
-3
2
1
3
5
-3
4
1
-8
-7
-15
-4
2
16
6
5
3
0
12
2
9
10
8
-2
4
8
4
15
6
8
13
6
12
5
2
10
9
-4
10
4
-3
-3
-3
-5
-3
-5
-1
-10
-15
-4
-5
-3
-1
5
1
6
-3
2
10
-2
-1
-2
-9
-11
-2
0
-10
-11
-13
-7
3
-7
-1
-8
-5
-12
-23
-6
-11
5
2
-8
-13
-10
0
-1
10
22
14
4
6
16
17
4
7
6
3
-7
1
6
2
8
8
-1
3
5
6
17
10
8
7
-4
-6
1
-8
-19
-8
6
2
-6
-9
-14
-3
-4
-8
1
2
-7
-13
-9
-12
-12
-8
-5
-2
-6
-1
-4
3
18
-4
5
9
10
12
3
13
19
12
7
12
10
12
4
5
3
3
13
6
2
-4
4
4
-9
-8
0
8
-4
-5
1
-2
1
1
8
5
7
10
16
15
14
16
7
10
10
11
13
26
21
12
18
10
17
14
8
11
11
13
12
10
7
5
15
15
18
19
10
10
0
-3
25
25
9
25
5
8
12
12
8
4
12
1
-8
-5
5
-6
-2
-1
-3
0
-6
4
-3
-5
1
1
-5
-4
-1
3
0
-9
-4
-3
7
8
-1
0
-12
-10
-10
-8
-11
-12
-10
-9
-11
-20
-15
-9
-5
-9
10
2
-6
1
-1
-1
-9
-15
-10
-5
-5
-13
-13
8
-3
-7
-7
3
-10
-8
5
-4
-2
-3
4
3
3
1
1
-4
0
7
2
5
17
4
1
15
3
8
6
10
14
13
3
-10
2
11
7
4
2
12
3
3
13
1
14
10
5
-4
-14
-8
-3
5
5
-3
-3
6
2
13
13
11
22
7
10
9
-1
4
-1
2
1
-10
-16
-12
-2
-8
-4
0
-9
-10
-17
-20
-10
-6
-10
-2
-2
-10
2
13
-4
0
1
-7
-1
4
2
-1
-13
-5
-2
-16
-2
-9
-18
-2
-9
-8
5
-6
0
3
-8
-5
4
5
9
8
5
6
11
6
13
14
0
6
5
-2
4
5
8
6
16
15
9
11
9
4
9
6
-5
-4
-10
-4
-11
-11
-3
-8
-16
-9
-3
-13
-6
-6
4
0
-9
-1
-11
8
-2
-9
9
0
1
-3
1
9
-5
5
5
2
9
1
10
4
5
4
-6
-5
-6
-3
-9
-4
-12
-8
0
6
4
-5
10
1
10
4
-7
1
-7
3
3
-4
3
-3
-6
-14
-7
2
3
2
-9
-3
-7
2
2
-11
0
-7
-5
-8
0
9
-1
-1
5
-10
-6
-6
-8
-14
-6
5
-5
5
0
0
-4
-10
0
0
-3
-7
-11
-5
2
-1
3
-2
4
3
-2
0
-5
-4
-5
-1
-3
-8
3
1
5
4
-1
-7
-8
0
-16
-19
-15
-8
-6
1
-7
-3
5
-1
0
-8
0
6
3
-6
-4
-5
-11
-9
-2
-6
-4
-8
7
14
7
1
4
12
13
16
6
7
16
5
7
12
-6
4
12
1
-1
-10
-5
-5
-13
-8
-11
0
4
-4
-1
1
2
-1
-2
10
4
3
9
-2
2
-6
-10
1
-5
-6
-6
-8
-1
-5
-13
-5
-3
-4
-3
4
1
15
17
7
4
-1
16
11
2
2
-1
-2
0
0
-3
-1
-11
0
1
-5
-1
1
-4
16
10
15
10
-10
0
4
8
-5
1
22
22
8
2
1
4
17
22
-5
-20
-11
1
5
-6
-10
-1
31
13
-34
-61
-32
50
94
63
-14
-60
-17
22
11
-10
-14
12
37
28
-8
-29
-14
31
32
0
-27
-16
15
13
-10
-9
5
13
24
-1
-20
-23
-11
10
0
-10
-14
-18
-12
-6
-3
3
-1
-14
-26
-17
-15
-20
-17
-5
4
6
4
-14
-11
-15
-8
7
7
19
11
16
14
6
6
2
5
1
2
13
14
2
-15
-21
-4
16
16
-7
-25
-9
25
31
-12
-34
-21
17
51
16
-26
-36
4
52
21
-21
-26
16
45
37
-37
-63
-20
27
52
9
-15
-25
4
25
16
14
-13
12
20
13
-2
-40
-26
16
54
46
0
-43
-53
3
33
23
-9
-27
0
36
35
-48
-85
-40
55
133
74
-40
-92
-49
42
69
14
-47
-39
19
15
-44
-112
-84
60
134
88
-30
-107
-40
62
96
53
-23
-24
24
26
-13
-46
-29
28
65
37
-40
-77
-56
8
37
10
-10
-20
-20
4
7
-3
-5
5
24
42
31
5
-34
-45
14
58
52
-10
-61
-60
15
41
-5
-42
-43
32
77
27
-56
-90
-41
43
62
-5
-85
-69
29
62
16
-60
-93
11
90
76
-18
-85
-36
10
40
19
-9
16
74
-1
-83
-50
3
66
62
-20
-57
26
58
-41
-118
-64
103
183
28
-165
-183
-16
173
90
-171
-155
85
231
109
-213
-311
-7
340
274
-83
-323
-165
198
236
-71
-282
-151
218
411
12
-404
-290
75
392
295
-194
-356
-56
202
176
-97
-261
-45
212
202
-49
-296
-181
139
244
74
-101
-132
-1
85
-20
-50
-28
4
121
79
-60
-34
-46
-113
54
221
166
39
-137
-241
15
254
141
-63
-212
-35
232
155
-60
-223
-152
222
313
-4
-222
-166
37
116
32
-84
-160
56
295
-36
-269
-94
-54
119
300
34
-194
-72
-19
-119
-34
59
2
94
116
-115
-195
-44
20
40
153
93
-9
-38
-166
-140
67
86
16
5
-96
-5
190
-68
-277
27
182
169
246
-208
-481
40
264
90
-2
-79
-66
142
149
-251
-377
120
421
223
3
-323
-272
213
182
-60
-142
-68
236
241
-170
-381
-220
143
387
157
-257
-299
97
323
81
-237
-321
9
465
360
-221
-461
-24
364
282
-46
-365
-198
394
409
-275
-524
-88
413
538
-10
-601
-312
278
501
81
-525
-222
450
513
31
-651
-703
160
726
480
-77
-425
-254
-6
105
136
-125
13
320
14
-133
-130
-268
-130
124
302
155
-135
-59
-166
-176
231
62
-174
141
167
-68
-47
-159
-324
136
576
165
-179
-211
-364
28
483
228
-39
-253
-269
190
201
44
-213
-586
-15
555
349
37
-458
-553
-2
255
283
180
-151
19
142
-398
-236
157
-35
262
356
-205
-161
-61
-260
9
244
218
77
-142
-174
-148
63
207
-191
-305
230
479
52
-401
-373
-109
470
693
-195
-659
-144
345
608
-14
-646
-278
131
692
417
-698
-485
-58
71
476
89
-182
55
-56
-266
-397
-132
469
561
105
-317
-344
-182
-11
203
56
67
453
198
-288
-275
-227
-82
164
263
221
61
138
-217
-766
-185
412
361
349
-31
-462
-247
139
172
-6
-17
-50
-65
72
193
124
-257
-219
-136
-150
581
672
-171
-467
-526
-366
508
805
144
-203
-429
-524
137
282
-12
353
163
-346
-17
-39
-229
274
109
-267
-6
40
275
407
-262
-594
-511
-104
693
635
16
-330
-513
-328
183
290
124
293
-69
-328
130
-116
94
322
-536
-53
351
-190
497
358
-732
-314
33
-71
651
495
-523
-435
-55
20
477
151
-446
85
78
-195
317
-125
-378
398
-59
-261
173
-151
256
206
-453
-188
65
629
474
-480
-386
-174
328
686
-39
-358
-274
81
219
-49
231
2
-248
42
-100
258
365
-406
-385
-228
13
776
190
-670
-477
-438
-1
443
171
95
-53
-237
-401
-316
462
690
349
-368
-740
189
770
509
-331
-940
-14
646
514
286
-391
-403
167
-10
-368
57
394
232
73
-466
-462
237
97
-17
-38
-411
112
346
-194
-134
-92
32
430
-54
-316
227
236
222
151
-384
-188
227
119
113
129
-111
-268
12
59
25
221
-153
-487
-253
192
617
372
-135
-595
-646
209
540
210
-5
-401
-307
288
444
-49
-305
-103
-238
149
632
310
72
-567
-860
63
519
630
252
-910
-833
90
595
547
-246
-912
-764
222
990
669
189
-539
-1035
-266
233
598
1109
56
-954
-691
-21
1033
1079
-91
-1021
-942
367
1287
900
-69
-985
-849
-4
667
1131
620
-566
-1082
-718
81
722
711
-181
-936
-399
342
456
119
-761
-958
-119
363
486
645
176
-754
-910
-485
-27
911
1157
160
-699
-749
-116
231
173
303
309
375
421
-140
-415
-68
194
325
-16
-283
172
380
277
-222
-1051
-695
62
247
418
-92
-948
-1123
-682
29
459
750
282
-898
-1145
-762
5
953
812
89
-379
-493
-77
426
425
-138
-434
-149
476
1259
1107
-328
-1520
-1335
62
1591
1855
709
-653
-1238
-997
-160
762
964
450
-113
-349
-94
487
722
47
-818
-416
698
1235
1154
79
-1042
-869
17
1311
1715
472
-315
-541
-638
265
1106
1086
789
281
-173
18
570
629
561
681
481
684
1244
1081
422
-75
-95
329
1140
1603
691
-649
-1363
-1713
-1717
-1395
-1026
-879
-1338
-2245
-2985
-3214
-2987
-2549
-2170
-1985
-1786
-1470
-1439
-1591
-1372
-788
-225
217
568
640
469
493
609
527
666
946
997
792
198
-297
-224
-44
-117
-179
-96
-141
-211
-297
-437
-276
85
288
194
-20
152
522
564
491
512
721
1127
1475
1672
1491
925
675
935
1304
1837
2285
2172
1529
964
871
1141
1730
1932
1483
1047
827
622
524
698
831
898
1271
1489
1288
1463
1639
1343
1598
2389
2951
3580
3675
2580
1294
-51
-1233
-1464
-1351
-1247
-1385
-2539
-4191
-5567
-6294
-6191
-5659
-5241
-4967
-4822
-5012
-5133
-4853
-4072
-2656
-1392
-737
-440
-228
417
1090
1348
1689
2090
2406
2856
3061
2824
2555
2224
1730
1444
1186
916
828
383
-267
-659
-975
-1329
-1702
-2248
-2842
-3228
-3585
-3702
-3657
-3726
-3279
-2516
-1920
-1341
-1022
-745
-249
504
1558
2500
3269
3709
3704
3585
3552
3788
4118
4320
3974
3067
2318
1535
781
368
-116
-437
-663
-983
-1202
-1617
-1810
-1643
-1502
-1092
-567
-45
460
760
1076
1438
2004
2732
3265
3872
4378
4588
4926
5251
5611
6144
6446
6646
6506
6076
5868
4995
3462
1668
-803
-2861
-3875
-4209
-4232
-5088
-7002
-9411
-11490
-12001
-11082
-9709
-8589
-8286
-8395
-8146
-7178
-5464
-3389
-1642
-501
343
1275
2486
3792
4705
4977
4874
4930
5361
5699
5525
4864
3825
2685
1800
1290
803
34
-882
-1893
-2763
-3265
-3714
-4243
-4834
-5488
-5759
-5624
-5436
-5034
-4298
-3500
-2665
-1699
-731
68
838
1781
2695
3668
4821
5633
5997
6147
5898
5624
5447
4957
4501
4094
3173
2036
1004
-143
-1111
-1775
-2411
-2957
-3304
-3456
-3459
-3333
-3093
-2780
-2238
-1416
-509
495
1440
2179
3057
4182
5292
6196
7034
7772
8159
8649
9224
9416
9698
9913
9617
8935
7407
4907
1996
-1262
-4037
-5164
-5371
-5832
-7213
-10097
-13548
-15853
-16344
-14968
-12807
-11356
-10841
-10864
-10688
-9235
-6488
-3348
-741
777
1769
2862
4243
5930
7224
7656
7687
7662
7710
7690
7162
6025
4541
2956
1491
593
-92
-1307
-2736
-4107
-5238
-5513
-5437
-5875
-6592
-7496
-8330
-8235
-7256
-5891
-4346
-2959
-1984
-1158
-77
1141
2407
3928
5386
6456
7476
8349
8596
8412
7860
6974
6369
5869
5162
4271
2887
1061
-817
-2394
-3487
-4094
-4365
-4668
-5028
-5131
-5089
-4791
-4002
-3090
-2139
-948
414
1846
3281
4455
5384
6439
7539
8624
9685
10344
10613
10856
11270
11847
12351
12269
11320
9418
5993
1720
-2103
-5342
-6799
-6498
-7037
-9162
-12265
-16000
-18867
-19417
-17794
-15233
-13169
-12098
-11687
-11184
-9344
-6094
-2608
427
2521
3695
4953
6509
7764
8685
9085
8824
8557
8546
8336
7563
6022
3888
1628
-500
-1860
-2570
-3798
-5378
-6693
-7619
-7849
-7290
-6774
-7264
-8048
-8339
-8096
-6737
-4470
-2190
-428
855
1902
2565
3503
4855
5835
6799
7648
8034
8437
8382
7674
6829
5622
4334
3428
2680
1836
716
-898
-2796
-4434
-5504
-5938
-5868
-5639
-5539
-5297
-4734
-4067
-3164
-2050
-997
206
1863
3862
5637
7024
7995
8519
9215
10064
10651
11010
10918
10662
10618
10734
11054
11154
10551
9181
7372
4915
1254
-2762
-6640
-10185
-11630
-11228
-11398
-12703
-15097
-18388
-20544
-20007
-17183
-13385
-10293
-8578
-7709
-6709
-4273
-496
3331
6262
7602
7923
8420
9125
9793
10072
9397
7902
6329
5208
4477
3372
1365
-1081
-3749
-6242
-7444
-7767
-8447
-9003
-8848
-8563
-8004
-6886
-6143
-6008
-5615
-4693
-3231
-1159
1196
3028
4108
5018
5733
6280
6880
6938
6474
6227
6131
6133
6090
5392
4045
2360
664
-453
-795
-907
-1218
-2110
-3582
-4841
-5476
-5463
-4930
-4330
-3852
-3382
-2690
-1569
-405
536
1449
2316
3390
5024
6860
8376
9349
9659
9748
9992
10234
10482
10406
9737
9183
8835
8340
8148
7851
6833
5696
4575
2641
-528
-4435
-8641
-12675
-14593
-13635
-12527
-12747
-13801
-16211
-18872
-18740
-15531
-11452
-7699
-4839
-3501
-2794
-964
2162
5585
8263
9466
9326
8911
8981
9053
8582
7396
5176
2647
1189
464
-619
-2159
-4244
-6956
-9353
-10304
-10046
-9603
-9003
-8049
-7195
-6481
-5264
-3811
-2990
-2191
-748
899
2633
4280
5346
5821
6134
6790
7485
7532
6968
5935
4449
3160
2570
2256
1677
740
-643
-2346
-3563
-3873
-3543
-3094
-3012
-3391
-3822
-3851
-3498
-2821
-1921
-1202
-696
78
1088
1997
2869
3578
3985
4473
5259
6295
7435
8142
8477
8791
8752
8562
8622
8487
7860
7101
6482
5784
5080
4687
4317
3637
3219
3122
2557
2107
1177
-2133
-6448
-10307
-13924
-15044
-12742
-10765
-10719
-11522
-13740
-16045
-15375
-11806
-7495
-3825
-1228
116
720
2230
4751
6876
8329
8975
8676
8375
8273
7397
5762
3587
766
-1537
-2467
-2785
-3392
-4741
-6770
-8936
-10726
-11139
-9930
-8655
-7611
-5929
-4421
-3357
-1748
-378
168
918
2168
3745
5349
6343
6603
6203
5764
5726
5648
5387
4452
2724
1295
326
-437
-618
-846
-1835
-2870
-3466
-3745
-3426
-2687
-2151
-1887
-1817
-1772
-1418
-952
-513
80
574
1013
1767
2696
3504
3910
4009
4083
4221
4935
6215
7253
7907
8137
7893
7721
7701
7492
7189
6494
5284
4351
3769
3153
2857
2621
2020
1802
1828
1687
1874
1812
154
-3262
-7320
-11317
-14290
-13975
-11179
-9388
-9052
-9829
-12473
-14534
-13094
-9370
-5243
-1364
1259
2216
2741
4025
5749
7119
8105
8558
8211
7543
6616
4809
2284
-329
-2800
-4402
-4703
-4822
-5632
-6952
-8741
-10563
-11355
-10724
-9122
-7284
-5358
-3239
-1505
-66
1467
2287
2596
3634
5072
6504
7762
7860
6920
5718
4761
4675
4797
4049
2525
371
-1965
-3392
-3520
-3068
-2837
-3024
-3399
-3819
-3898
-3221
-2131
-1158
-226
690
1252
1465
1565
1768
2007
2253
2793
3471
3818
3739
3475
3012
2556
2822
3754
4740
5553
5934
5947
5854
5760
5902
5977
5497
4785
4167
3586
3176
2854
2550
2268
2014
2196
2686
2974
3188
3325
2989
1439
-1854
-5697
-9579
-13061
-13380
-10959
-9420
-9181
-9846
-12439
-14677
-13383
-9445
-5044
-1169
1420
2375
2650
3631
5395
6912
7769
7902
7220
6255
5123
3324
984
-1702
-4521
-6219
-6405
-6348
-6724
-7680
-9222
-10629
-11069
-9957
-7805
-5760
-3662
-1250
599
1966
3419
4320
4828
5687
6854
8125
8832
8231
6782
5164
3592
2732
2706
2084
366
-1358
-2885
-4405
-4951
-4310
-3678
-3329
-2735
-2093
-1737
-1099
-37
1060
2084
2907
3557
3757
3276
2777
2539
2122
1967
2295
2274
1925
1543
900
439
676
1475
2568
3744
4537
4868
5209
5506
5726
6104
6187
5703
5179
4644
3902
3388
3105
2782
2696
2941
3050
3126
3342
3089
2672
2557
791
-3176
-6964
-10962
-14629
-14064
-10941
-9840
-9905
-10406
-12905
-14630
-12286
-7680
-3539
37
2792
3580
3620
4974
6715
7461
7878
7861
6945
5799
4339
1884
-1172
-4145
-6420
-7335
-7175
-6935
-7579
-9080
-10362
-10940
-10679
-8717
-5831
-3826
-1840
977
3221
4692
6108
6767
6488
6564
7600
8672
8732
7660
5725
3296
1338
427
128
-591
-2259
-4108
-5529
-6501
-6329
-4830
-3320
-2243
-1201
-380
254
1078
2205
3414
4281
4768
4954
4335
3039
1917
1066
280
-63
-62
-425
-1060
-1484
-1658
-1427
-331
1320
2895
4351
5439
6013
6716
7576
7976
8339
8682
7948
6906
6390
5268
3783
2970
2206
1377
1450
2120
2482
2593
2467
1666
796
107
-2135
-5633
-8632
-12348
-15277
-13765
-11169
-10711
-9903
-9745
-11964
-12430
-9026
-4768
-1071
2505
4910
5264
5313
6553
7605
7655
7455
6626
5021
3453
1436
-1421
-4346
-7062
-9098
-9530
-9068
-8995
-9415
-9967
-10228
-9919
-8621
-5854
-2857
-690
2011
5128
6957
8354
9722
9572
8663
8453
8517
8287
7613
6250
4052
1465
-626
-2244
-3453
-4272
-5465
-6518
-6685
-6598
-5819
-3950
-2298
-1050
417
1684
2689
3775
4717
5329
5443
4960
4191
3070
1454
61
-852
-1922
-2687
-2789
-3036
-3400
-3007
-2030
-925
728
2795
4611
6202
7595
8515
9142
9518
9548
9461
8995
7691
6074
4583
2862
1330
513
-216
-860
-831
-609
-450
10
425
608
1110
1340
-406
-3519
-6801
-11176
-14127
-12209
-9105
-7943
-6623
-6698
-9867
-11192
-8417
-4659
-948
2837
4985
4984
4650
5054
5527
5463
5238
4682
3468
2105
335
-2325
-5164
-7652
-9413
-9554
-8618
-7924
-7683
-7771
-7790
-7211
-5914
-3478
-654
1399
3848
6858
8787
9921
10584
9737
8181
7325
6852
6447
5727
3911
1183
-1448
-3513
-4935
-5547
-5914
-6700
-7314
-7106
-6440
-5243
-3165
-1110
402
1980
3476
4331
4908
5470
5717
5422
4732
3892
2441
423
-1272
-2527
-3712
-4197
-3892
-3697
-3571
-3065
-2103
-802
917
3180
5500
7215
8498
9557
10064
10261
10321
9906
9005
7743
6299
4665
2854
1165
-408
-1880
-2713
-2729
-2195
-1184
-146
722
1443
1512
1516
2289
1603
-1322
-4107
-7868
-12319
-12296
-9176
-8049
-7321
-6600
-8957
-11425
-9781
-6036
-2730
595
3501
4215
3791
4393
5052
4815
4673
4301
3163
2068
524
-1986
-4480
-6841
-8826
-9254
-8578
-7896
-7238
-6844
-6510
-5814
-4971
-3187
-298
2029
4340
7537
9562
10142
10440
9540
7703
6597
6052
5448
4484
2720
251
-2468
-4531
-5582
-6171
-6488
-6586
-6637
-6254
-5247
-3853
-2154
-367
1508
3266
4440
5335
5876
5692
5397
5120
4313
3073
1577
-338
-2135
-3270
-4145
-4669
-4585
-4335
-3892
-2781
-1297
187
1921
3755
5518
7259
8728
9805
10452
10394
9803
9190
8264
6776
5307
3724
1517
-449
-1538
-2409
-2915
-2485
-1709
-1175
-501
612
1574
2185
3134
4336
4633
3080
-105
-4033
-8714
-12364
-11675
-8942
-7986
-7363
-7367
-10249
-12322
-10242
-6609
-3137
528
3264
3929
3594
3854
4271
4096
3934
3874
3304
2200
474
-1919
-4521
-6904
-8487
-8612
-7759
-6810
-5808
-4988
-4448
-3904
-3243
-1628
953
3119
5391
8199
9509
9257
8790
7508
5617
4325
3670
3065
1741
-318
-2482
-4762
-6521
-7021
-6990
-6844
-6539
-6056
-4954
-3409
-1698
409
2302
3642
5055
6240
6709
6696
6129
5178
4140
2878
1519
-85
-2208
-4147
-5410
-6345
-6480
-5678
-4898
-3879
-2218
-627
1083
3230
5293
7334
9321
10708
11525
11741
11389
10831
9891
8508
6869
4791
2511
617
-845
-1947
-2560
-2797
-2899
-2630
-1644
-347
812
2289
3603
4027
4694
5054
2699
-1138
-4695
-9532
-13068
-11463
-9008
-8732
-7847
-8169
-11643
-12930
-9888
-6174
-2499
1675
4283
4347
3947
4467
4697
4410
4785
4979
4057
2704
750
-2112
-4902
-7181
-8559
-8403
-7557
-6750
-5959
-5549
-5318
-4827
-3993
-2016
679
2791
5252
7832
8594
8399
8186
6981
5401
4518
3867
2882
1277
-550
-2196
-4023
-5190
-5156
-5315
-5625
-5218
-4561
-3594
-1994
-429
926
2296
3376
4368
5305
5606
5267
4583
3549
2237
987
-363
-2179
-3927
-5132
-6054
-6432
-5956
-5155
-4103
-2514
-685
1166
2999
4815
6686
8620
10506
11981
12563
12246
11349
9940
8519
7317
5554
3468
1474
-818
-2540
-3199
-3594
-3587
-3365
-3307
-2446
-1003
486
2506
4096
4680
5030
5138
4943
3203
-676
-4271
-8153
-12330
-11882
-8919
-9009
-9025
-8346
-10856
-12446
-9317
-5466
-2461
1108
3719
4058
3665
4189
4761
4468
4513
4625
3234
1516
9
-2718
-5440
-7055
-8469
-8863
-7798
-6634
-5699
-5037
-4564
-3782
-2989
-1341
1614
3639
5195
7676
8713
8257
8261
7571
5959
4830
4005
2942
1330
-697
-2442
-4076
-5302
-5567
-5770
-5952
-5695
-5304
-4412
-3031
-1706
-55
1733
3059
4306
5175
5148
4700
4114
3337
2393
1226
-37
-1637
-3614
-4977
-5538
-5755
-5204
-3881
-2475
-1082
407
1971
3503
4942
6763
8876
10388
11255
11618
10962
9471
7980
6683
5294
3743
2220
687
-1151
-2658
-3330
-3870
-4160
-3651
-2853
-1927
-427
1402
3170
4643
5800
6702
6824
6268
6222
5986
3701
365
-3316
-8809
-13605
-13871
-12369
-11926
-10679
-9970
-12331
-14051
-11958
-8557
-5171
-838
2839
4059
4403
5285
5843
5874
5967
5706
4817
3644
2112
-30
-2609
-5136
-7105
-8097
-7811
-6648
-5682
-5150
-4657
-4528
-4339
-2947
-613
1561
3810
6303
7679
7761
7586
6960
5531
4365
3841
3132
1969
565
-1075
-2959
-4530
-5265
-5568
-5764
-5447
-4802
-4483
-3879
-2432
-1037
171
1992
3519
3966
4238
4427
4088
3675
3330
2620
1625
390
-942
-1859
-2425
-2773
-2595
-1930
-1190
-404
712
2023
3047
4020
5321
6571
7496
8222
8631
8461
7608
6419
5510
4545
3347
2519
1655
485
-337
-972
-1708
-1942
-1918
-1682
-562
870
2204
3729
4807
4864
4659
4783
4678
4655
5029
3263
-1388
-6142
-11292
-16243
-16139
-12841
-11690
-10942
-10164
-12450
-14448
-11890
-7360
-3398
819
4661
6239
6287
7002
7891
7588
6996
6725
5793
4015
2163
-90
-3253
-6431
-8660
-9674
-9399
-8133
-6892
-6301
-6021
-5886
-5583
-3969
-1044
1583
4001
6838
8374
8373
8384
7952
6569
5507
5114
4298
2823
1127
-730
-2757
-4589
-5743
-6443
-7250
-7524
-6497
-5320
-4350
-2579
-1036
-364
1168
3293
4511
5567
6355
5913
5158
4525
3610
2716
1537
-55
-1339
-2508
-3521
-3546
-3012
-2570
-1775
-739
190
1232
2635
4309
5838
7208
8305
8645
8690
8739
8096
7304
6720
5410
3900
2814
1552
311
-639
-1445
-2078
-2635
-2751
-2345
-1805
-570
1176
2539
3670
4418
4562
4547
4831
5456
4477
949
-3120
-8145
-13331
-13805
-11177
-10202
-9328
-8794
-11349
-13523
-11756
-8198
-4628
-635
2856
4389
4735
5501
6234
6045
5681
5391
4525
3443
2270
136
-2622
-5357
-7953
-9192
-8697
-7737
-6766
-6119
-6163
-6147
-5683
-4150
-1244
1338
3587
6311
7807
8132
8608
8214
6989
6000
5105
4116
2464
284
-1623
-3809
-5568
-5834
-5883
-6122
-5860
-5483
-5013
-4083
-2482
-343
1456
3000
4608
5374
5453
5658
5596
5117
4621
3946
2779
1161
-472
-1878
-3216
-3943
-3684
-3069
-2337
-1325
-324
466
1320
2499
3946
5461
6875
8037
8643
8565
8188
7609
6707
5809
4817
3465
2148
843
-355
-949
-1560
-2284
-2437
-2643
-2655
-1592
-263
1111
2564
3322
3816
4428
4629
4886
5376
5292
3717
110
-4097
-8618
-13566
-15019
-12810
-11904
-11535
-10082
-11139
-13330
-11856
-8132
-4793
-1020
2987
5316
5873
6525
7402
7102
6291
6034
5282
3832
2583
550
-2656
-5586
-8034
-9737
-9567
-8331
-7271
-6364
-5698
-5373
-4929
-3556
-855
1690
3793
6593
8526
8841
9088
8754
7196
5702
4646
3831
2825
1166
-704
-2784
-4817
-5786
-5852
-5573
-5326
-5124
-4190
-3156
-2113
141
2239
3068
4162
5194
5149
5144
5280
5002
4366
3336
2271
960
-898
-2449
-3457
-4372
-4507
-3689
-2884
-2045
-933
-39
869
2273
3828
5350
6851
8067
8643
8597
8342
7749
6660
5788
5014
3599
2372
1338
-441
-1913
-2731
-3730
-4203
-3660
-2787
-1692
-278
1230
2387
3035
3786
4431
4793
5400
5858
6025
5591
2677
-1972
-6507
-11877
-15436
-14062
-11865
-11273
-10149
-10341
-13002
-13532
-10309
-6230
-2218
2124
5360
6182
6306
7023
7099
6417
6084
5665
4670
3473
1666
-1310
-4861
-7955
-9969
-10405
-9280
-7597
-6530
-6065
-5574
-5127
-4347
-2069
826
2932
5421
8231
9352
9512
9679
8593
6605
5477
4932
3808
2151
348
-1796
-4064
-5382
-5749
-5744
-5774
-5845
-5178
-4218
-3317
-1516
459
1593
3026
4609
5354
5841
6001
5517
4761
3754
2733
1701
136
-1508
-2804
-3915
-4409
-3942
-2961
-1849
-825
3
858
1858
3071
4716
6411
7460
8053
8242
7809
7089
6108
4938
3799
2433
1148
236
-1021
-2289
-2822
-3198
-3351
-2703
-1763
-971
-47
1058
2016
2920
4090
5205
5819
6114
5924
5021
4282
3802
1874
-1858
-5820
-10562
-15541
-16423
-14107
-13069
-11978
-10406
-11509
-12758
-10427
-6561
-2917
1042
4607
6542
7252
7984
8510
8006
7112
6317
5220
3862
2171
-325
-3378
-6263
-8559
-9589
-9069
-7954
-7033
-6317
-5794
-5255
-4224
-2358
372
2848
4685
6928
8700
9239
9629
9328
7806
6269
4881
3595
2439
627
-1410
-3201
-5025
-6107
-6256
-6315
-6182
-5467
-4326
-3071
-1614
193
1517
2365
3760
4925
5292
5623
5490
4705
3804
2731
1521
127
-1570
-2937
-3708
-4087
-3861
-3200
-2384
-1651
-999
18
1153
2250
3714
5188
6245
6920
7071
6806
6235
5364
4659
3959
2886
1820
801
-376
-1480
-2120
-2302
-2371
-2007
-1203
-809
-311
746
1570
2425
3714
4656
5020
5228
5339
4903
4048
3519
2707
1542
603
-1994
-6145
-9578
-13497
-16394
-14853
-12391
-11430
-9588
-8406
-9360
-8818
-5429
-1662
1569
5025
7775
8401
8221
8475
7940
6450
5248
4120
2415
602
-1115
-3495
-6300
-8439
-9854
-10222
-9130
-7448
-6045
-5022
-4039
-2936
-1766
318
3158
5039
6757
8938
9701
9532
9252
7739
5690
4128
2713
1443
-66
-1845
-3414
-4950
-5944
-6147
-6429
-6570
-6076
-5221
-3711
-1786
-134
1313
2395
3097
4057
5294
5946
5948
5614
4542
2985
1724
724
-346
-1444
-2448
-3298
-4002
-4150
-3584
-2916
-2050
-880
170
1372
2862
4186
5428
6422
6921
7152
6995
6517
5910
4983
3929
2959
1781
501
-591
-1539
-2288
-2525
-2196
-1709
-1069
-327
238
1055
2020
2716
3618
4334
4155
3957
4056
3668
3226
3397
3056
1876
982
-1110
-5206
-8668
-11848
-15000
-14570
-12030
-10882
-9402
-7900
-8444
-8444
-5980
-2616
536
3563
6243
7333
7175
7455
7486
6516
5481
4337
2859
1321
-392
-2335
-4699
-7182
-8776
-9245
-8646
-7103
-5634
-4772
-4039
-3164
-2189
-572
1760
3604
5064
6988
8373
8761
8818
7953
6054
4231
2879
1805
680
-770
-2407
-4011
-5247
-5895
-5936
-5627
-5597
-5221
-3846
-2645
-1359
809
2382
3211
4432
5344
5502
5446
5117
4542
3714
2648
1767
571
-1100
-2420
-3355
-4062
-4083
-3392
-2551
-1781
-923
-12
876
1985
3373
4677
5677
6295
6479
6272
5817
5273
4447
3369
2372
1279
210
-365
-936
-1531
-1584
-1571
-1589
-1002
-203
497
1506
2485
3094
3451
3541
3551
3659
3588
3300
2905
2016
917
278
-116
-508
-1661
-4319
-7405
-10573
-13592
-13650
-11183
-9502
-7664
-5599
-5775
-6179
-4434
-2009
422
3118
5387
6519
6580
6500
6236
5118
3829
2796
1626
643
-373
-2173
-4370
-6410
-8065
-8565
-7634
-6176
-4875
-3752
-2805
-1893
-973
208
1927
3314
4326
6093
7602
7896
7853
7006
5040
3141
1631
492
-418
-1738
-3039
-4044
-5061
-5466
-4978
-4432
-4077
-3327
-2283
-1510
-479
1149
2258
2885
3798
4254
4009
3816
3510
2756
1903
1111
307
-575
-1497
-2273
-2845
-3072
-2810
-2118
-1270
-540
12
509
1014
1736
2738
3713
4551
5154
5262
5069
4915
4541
4028
3640
2929
1866
988
332
-132
-213
-128
-199
-369
-484
-374
119
864
1621
2218
2555
2768
2969
2975
3020
2981
2451
1962
1577
957
694
635
135
-835
-3078
-6218
-8961
-11493
-12378
-10637
-8798
-7558
-6114
-5733
-6072
-5176
-3083
-585
1788
3899
5498
5903
5642
5459
4812
3741
2856
2037
1071
-59
-1500
-3366
-5284
-6849
-7698
-7404
-6238
-4930
-3740
-2744
-2019
-1401
-698
580
2116
3263
4851
6532
6955
6796
6275
4666
2953
1904
1021
211
-695
-1877
-2890
-3635
-3993
-3863
-3780
-3914
-3876
-3559
-2680
-1099
342
1492
2557
2996
3072
3534
3860
3646
3407
3049
2332
1532
752
-222
-1421
-2448
-3015
-3247
-3047
-2409
-1770
-1271
-686
-51
687
1745
2998
4106
4981
5503
5550
5365
4952
4377
3734
2852
2019
1481
811
287
97
-344
-775
-833
-735
-381
324
1184
2020
2626
3012
3263
3393
3485
3424
3195
2786
1900
959
320
-268
-509
-458
-479
-695
-1909
-4073
-6168
-8523
-10402
-9807
-7991
-6718
-5167
-3993
-4433
-4751
-3520
-1736
7
2019
3775
4449
4405
4347
3887
2873
2001
1437
965
511
-193
-1515
-3357
-5157
-6394
-6670
-5871
-4476
-3244
-2380
-1682
-1350
-1246
-651
445
1444
2735
4516
5740
6014
5698
4714
3172
1849
1247
1098
822
330
-436
-1599
-2738
-3592
-4028
-4015
-3899
-3341
-2236
-1549
-975
-190
-50
131
1028
1783
2375
2877
2769
2373
2009
1597
1245
763
-12
-748
-1255
-1555
-1599
-1495
-1453
-1381
-1042
-449
358
1182
1779
2243
2680
3074
3513
3897
4058
3920
3577
3358
3076
2665
2533
2245
1688
1438
1235
1004
1024
1110
1317
1610
1823
2249
2489
2218
1933
1604
1194
1101
1224
1243
949
431
47
-303
-451
-9
403
501
649
160
-1565
-3595
-5660
-7916
-8753
-7685
-6561
-5756
-4952
-5265
-6296
-6292
-5037
-3223
-1193
915
2555
3054
3083
3309
3037
2474
2325
2184
1748
1109
205
-1128
-2863
-4401
-5218
-5430
-5011
-4103
-3326
-2898
-2635
-2446
-2100
-1249
-3
1340
2888
4490
5386
5590
5313
4414
3354
2684
2426
2242
1615
486
-856
-2290
-3373
-3683
-3505
-3301
-3119
-2817
-2634
-2552
-2006
-1200
-439
615
1792
2518
2884
3052
2906
2649
2482
2443
2256
1791
1221
499
-320
-930
-1185
-1180
-987
-627
-260
-34
208
485
841
1448
2225
2979
3669
4170
4344
4206
3929
3672
3301
3020
2894
2586
2162
1808
1384
1028
917
876
905
983
1001
966
883
766
671
656
782
949
1000
953
758
493
410
609
860
1078
1243
1083
749
142
-1362
-3414
-5515
-7803
-9214
-8827
-7954
-7366
-6603
-6380
-6937
-6740
-5264
-3522
-1682
471
2104
2808
3369
3845
3821
3644
3455
3220
2798
2038
1024
-405
-2239
-3828
-4743
-5108
-4849
-4232
-3826
-3610
-3439
-3275
-2846
-1972
-833
509
2063
3653
4810
5307
5250
4609
3720
3160
2938
2685
2217
1359
205
-883
-1744
-2258
-2568
-3109
-3720
-3954
-4014
-3574
-2409
-1422
-684
178
792
1194
1996
2885
3394
3802
3989
3773
3303
2676
1924
1038
183
-393
-687
-882
-940
-972
-1148
-1260
-1057
-495
370
1418
2495
3328
3811
4056
4007
3788
3677
3557
3407
3450
3264
2671
2027
1301
575
165
149
308
439
509
618
695
706
836
997
1086
1114
1216
1382
1312
1057
800
373
-27
25
256
528
847
831
430
-399
-1936
-3755
-5547
-7211
-7898
-7463
-6766
-6081
-5561
-5741
-6193
-6001
-5000
-3512
-1697
177
1483
2203
2718
2956
2889
2742
2520
2234
1944
1465
684
-393
-1729
-2983
-3779
-3919
-3680
-3303
-2893
-2740
-2756
-2672
-2385
-1861
-1043
23
1220
2401
3375
3861
3734
3238
2600
2061
1881
1874
1760
1418
653
-206
-888
-1409
-1540
-1521
-1530
-1384
-1365
-1420
-1155
-912
-747
-209
437
960
1579
2146
2396
2436
2398
2254
2102
1989
1896
1784
1553
1170
852
549
216
163
194
163
239
357
465
667
931
1237
1539
1809
2101
2268
2306
2311
2220
2099
2046
2015
1936
1822
1711
1526
1302
1191
1095
1086
1259
1349
1390
1424
1140
689
319
-118
-416
-458
-415
-312
-339
-548
-761
-902
-808
-411
137
715
1129
1244
1323
1242
514
-728
-2258
-4152
-5817
-6381
-6223
-6056
-5918
-6044
-6676
-7076
-6585
-5434
-3983
-2383
-939
68
866
1598
2144
2556
2834
2911
2936
2831
2346
1538
462
-767
-1773
-2424
-2712
-2760
-2826
-2945
-3083
-3104
-2943
-2657
-2205
-1556
-741
283
1476
2477
3039
3174
2925
2609
2513
2572
2685
2621
2217
1616
947
244
-345
-773
-1182
-1363
-1334
-1292
-1177
-1074
-1002
-703
-127
540
1256
1774
1957
1991
1959
1948
1932
1816
1619
1280
917
655
385
132
-69
-256
-315
-192
-67
136
382
554
860
1258
1581
1924
2263
2427
2509
2566
2400
2148
1894
1595
1442
1350
1227
1196
1118
983
989
1052
1078
1233
1321
1230
1185
1064
855
708
597
397
151
-10
-166
-364
-485
-526
-595
-636
-498
-340
-294
-245
-201
-347
-673
-1166
-1959
-3088
-4262
-4945
-5147
-5023
-4542
-4105
-4160
-4431
-4535
-4467
-4037
-3180
-2171
-1188
-348
280
635
797
870
879
949
1126
1229
1137
899
401
-258
-846
-1195
-1253
-1159
-1020
-929
-1075
-1390
-1585
-1668
-1644
-1316
-764
-161
520
1108
1395
1439
1310
1157
1198
1435
1792
2116
2253
2185
1877
1442
993
559
251
58
-131
-306
-563
-921
-1137
-1210
-1160
-887
-576
-305
29
326
584
877
1111
1275
1447
1606
1730
1793
1746
1618
1472
1252
1042
938
798
664
657
674
648
721
774
797
901
1016
1132
1252
1378
1474
1560
1710
1862
1908
1938
1935
1752
1575
1436
1257
1200
1230
1180
1010
730
298
-152
-486
-653
-668
-651
-677
-771
-930
-1086
-1152
-1093
-931
-750
-555
-380
-313
-317
-287
-243
-124
159
385
384
53
-782
-1895
-2955
-3736
-4046
-3923
-3626
-3432
-3439
-3591
-3739
-3774
-3529
-3001
-2341
-1582
-727
-25
366
556
459
265
250
386
633
872
849
526
43
-522
-940
-1119
-1156
-981
-761
-719
-729
-854
-1184
-1418
-1359
-1079
-606
37
530
634
488
260
109
157
450
910
1331
1526
1569
1564
1404
1155
974
838
689
652
754
807
674
439
207
9
26
266
593
842
893
817
658
499
426
487
662
815
914
1015
1024
913
898
926
957
1104
1280
1438
1542
1550
1535
1503
1404
1373
1388
1321
1260
1174
1012
860
739
621
517
479
403
290
282
254
189
261
357
319
271
213
94
37
85
119
53
-85
-178
-238
-244
-207
-222
-321
-440
-496
-446
-375
-354
-378
-458
-579
-695
-750
-782
-847
-905
-888
-867
-823
-769
-776
-892
-1133
-1393
-1632
-1844
-1903
-1788
-1744
-1717
-1690
-1803
-1917
-1878
-1799
-1687
-1485
-1328
-1226
-1160
-1051
-913
-803
-618
-425
-369
-373
-375
-432
-498
-527
-548
-600
-653
-605
-512
-414
-282
-199
-187
-120
-29
64
223
403
558
715
910
1031
1007
941
862
746
722
819
898
915
887
838
756
672
620
606
607
636
731
794
826
839
869
963
1045
1095
1142
1150
1170
1211
1219
1149
950
656
390
248
187
197
228
195
124
33
9
48
100
194
341
483
638
801
918
1007
1035
1018
1035
1070
1112
1216
1262
1139
914
657
392
191
124
93
22
-67
-197
-364
-517
-665
-729
-656
-545
-396
-223
-116
-67
-6
46
110
219
296
361
395
369
297
121
-97
-285
-486
-641
-751
-878
-979
-1100
-1225
-1360
-1467
-1515
-1508
-1410
-1217
-1041
-906
-765
-718
-746
-768
-846
-941
-945
-874
-780
-685
-652
-790
-1018
-1201
-1318
-1247
-1017
-753
-517
-371
-293
-223
-168
-86
59
162
233
377
511
565
600
526
386
236
135
145
149
100
50
-29
-177
-258
-234
-169
-83
67
220
317
335
310
277
200
205
323
453
570
702
738
703
691
628
564
548
587
653
697
712
679
559
447
394
356
362
411
430
389
394
431
396
356
414
447
493
697
900
931
916
847
695
627
669
760
843
786
647
510
265
87
82
67
-18
-43
-50
-102
-134
-157
-201
-252
-228
-133
-1
94
143
132
118
129
217
368
449
394
274
145
-59
-188
-278
-418
-513
-553
-587
-569
-531
-572
-650
-700
-753
-681
-539
-437
-285
-186
-172
-166
-184
-240
-282
-286
-253
-227
-180
-168
-263
-391
-454
-516
-569
-564
-564
-572
-590
-591
-576
-570
-588
-596
-605
-582
-515
-427
-377
-355
-379
-468
-504
-513
-479
-336
-198
-155
-141
-199
-369
-530
-610
-610
-494
-283
-101
18
21
-34
-164
-297
-287
-270
-197
4
175
236
231
141
-9
-111
-97
-7
91
198
268
269
248
230
243
282
363
543
766
977
1127
1118
1041
968
915
935
1027
1116
1131
1079
910
666
401
111
-82
-155
-169
-85
4
20
-53
-151
-242
-263
-132
90
348
531
668
755
783
808
836
883
887
871
893
927
885
764
559
247
-66
-267
-302
-240
-174
-148
-213
-362
-477
-494
-437
-297
-127
32
154
222
233
198
157
85
59
77
106
142
133
60
-89
-288
-477
-602
-657
-647
-609
-597
-603
-626
-644
-614
-604
-575
-500
-411
-329
-270
-221
-265
-366
-412
-484
-552
-587
-624
-693
-766
-821
-958
-1127
-1230
-1215
-1109
-930
-737
-653
-646
-685
-645
-501
-337
-166
2
78
79
96
27
-74
-215
-396
-526
-580
-595
-556
-529
-537
-539
-567
-536
-431
-241
-10
217
415
551
637
695
756
814
855
895
908
866
816
735
616
499
407
339
269
224
213
232
275
296
314
321
318
325
446
642
796
967
1015
948
879
802
787
852
919
931
910
793
632
498
385
311
245
207
198
171
157
173
185
153
123
137
164
203
257
284
224
107
36
-16
-36
7
46
17
-26
-12
-16
-41
-41
-86
-169
-221
-201
-136
-91
-93
-140
-236
-383
-465
-480
-464
-427
-355
-316
-326
-347
-390
-441
-478
-499
-491
-433
-387
-384
-407
-478
-607
-679
-681
-652
-600
-579
-578
-595
-612
-631
-596
-575
-587
-541
-473
-413
-370
-336
-371
-449
-465
-447
-442
-420
-391
-415
-490
-532
-563
-570
-525
-464
-404
-349
-310
-298
-279
-261
-221
-194
-136
-41
14
71
141
171
188
240
297
334
370
416
434
467
480
488
465
424
422
392
407
419
400
374
376
394
425
480
504
521
517
524
548
568
621
683
712
722
731
713
696
670
661
644
607
563
517
466
385
316
270
198
169
189
180
181
174
153
144
141
147
160
167
164
157
130
102
57
29
23
4
20
44
27
-2
-12
-16
-22
1
13
19
51
76
97
92
76
59
42
33
23
-14
-101
-209
-320
-397
-453
-496
-547
-598
-632
-658
-625
-578
-533
-499
-510
-513
-474
-440
-362
-270
-221
-171
-154
-160
-161
-169
-225
-295
-357
-433
-470
-478
-473
-509
-541
-552
-577
-580
-568
-522
-492
-451
-378
-347
-338
-318
-329
-322
-275
-220
-166
-124
-110
-145
-178
-205
-220
-194
-143
-65
17
69
84
67
53
38
63
134
223
323
379
400
395
366
309
271
269
269
289
318
316
329
300
264
250
242
288
345
422
502
555
563
564
574
579
582
619
647
650
657
613
554
471
402
340
315
338
352
365
369
359
337
327
332
351
369
408
444
441
437
419
377
368
359
325
296
241
180
139
85
8
-79
-150
-218
-250
-222
-182
-182
-176
-172
-181
-153
-106
-53
-16
0
19
37
47
52
22
-14
-64
-113
-173
-200
-236
-273
-321
-373
-393
-438
-449
-472
-490
-496
-491
-462
-436
-435
-449
-461
-491
-504
-489
-460
-444
-420
-406
-427
-483
-547
-581
-611
-601
-544
-516
-507
-501
-508
-504
-505
-490
-480
-440
-406
-353
-284
-273
-285
-296
-318
-333
-281
-224
-166
-118
-91
-61
-57
-28
24
69
108
134
155
180
202
237
269
280
271
295
340
387
472
528
545
544
526
519
525
533
548
591
625
622
606
578
518
466
460
455
468
472
474
478
471
475
469
459
457
484
559
639
692
697
674
593
533
543
545
556
550
507
424
346
278
238
188
140
115
69
49
52
42
6
-43
-90
-127
-136
-95
-68
-69
-59
-71
-96
-92
-60
-62
-88
-103
-97
-92
-83
-78
-106
-165
-223
-249
-294
-324
-359
-441
-533
-617
-695
-755
-790
-807
-798
-788
-766
-745
-734
-713
-695
-665
-639
-572
-503
-460
-420
-427
-451
-510
-550
-537
-542
-521
-494
-482
-471
-428
-391
-399
-400
-423
-439
-408
-354
-299
-259
-271
-303
-343
-351
-317
-252
-175
-116
-76
-65
-62
-45
-14
34
129
232
306
363
390
378
363
342
338
368
395
404
416
423
423
414
397
378
353
351
353
373
418
446
463
472
468
482
507
526
578
635
675
709
711
719
717
702
702
694
673
639
610
570
526
477
422
366
318
292
272
252
227
208
185
174
176
178
194
201
205
207
207
202
164
142
113
80
55
23
-5
-70
-126
-168
-211
-239
-267
-303
-334
-360
-373
-370
-374
-354
-356
-389
-412
-425
-444
-456
-452
-482
-505
-518
-541
-547
-557
-607
-660
-706
-740
-704
-642
-571
-535
-535
-538
-542
-505
-460
-399
-353
-322
-293
-285
-292
-297
-337
-366
-353
-345
-321
-292
-273
-307
-332
-351
-375
-387
-359
-308
-275
-227
-193
-156
-149
-119
-76
-45
-11
10
36
39
38
44
50
51
62
98
123
140
177
198
211
206
209
207
230
269
299
323
314
293
267
292
338
400
460
484
491
496
505
496
497
482
457
449
456
480
497
482
468
449
436
439
449
460
461
465
449
441
439
424
409
389
380
354
334
302
276
278
265
254
238
224
191
150
125
88
49
22
1
-17
-39
-64
-102
-136
-161
-175
-158
-145
-141
-140
-153
-186
-215
-225
-221
-209
-206
-197
-203
-225
-234
-253
-271
-288
-309
-322
-332
-313
-287
-276
-285
-302
-326
-373
-392
-378
-368
-353
-331
-338
-343
-355
-371
-370
-384
-393
-413
-402
-414
-406
-381
-378
-347
-319
-273
-246
-199
-183
-190
-187
-190
-171
-144
-124
-97
-86
-87
-102
-124
-125
-130
-133
-122
-114
-108
-104
-101
-85
-70
-43
-16
20
51
84
118
150
178
204
222
228
243
259
286
307
330
317
303
293
281
290
300
311
305
272
247
224
221
216
222
232
244
261
278
295
310
333
336
326
330
333
318
313
313
306
294
270
253
242
225
210
195
180
162
123
106
106
94
91
87
92
77
69
55
41
40
44
67
83
110
118
94
61
30
-8
-29
-31
-38
-36
-49
-69
-95
-112
-141
-166
-178
-181
-167
-146
-126
-108
-122
-152
-166
-163
-152
-152
-159
-180
-212
-237
-245
-246
-242
-251
-265
-264
-265
-268
-276
-289
-299
-305
-308
-295
-278
-274
-256
-247
-236
-233
-223
-220
-224
-214
-201
-183
-174
-168
-164
-174
-187
-199
-190
-176
-158
-137
-116
-86
-62
-36
-13
1
13
15
16
32
56
61
62
61
53
34
32
22
18
33
25
40
43
44
60
78
114
142
194
231
260
285
282
280
257
249
248
247
275
252
233
209
167
152
129
135
144
143
174
196
220
235
235
208
185
179
173
177
181
183
178
174
167
149
123
100
76
83
86
109
132
134
141
150
154
166
172
158
154
140
126
120
103
99
78
47
23
-17
-25
-34
-45
-52
-74
-76
-84
-78
-56
-40
-41
-67
-83
-90
-85
-72
-73
-63
-66
-74
-72
-78
-79
-98
-108
-110
-126
-135
-151
-176
-199
-226
-225
-235
-243
-247
-252
-251
-246
-245
-242
-226
-213
-192
-168
-145
-140
-143
-143
-137
-115
-95
-86
-86
-94
-115
-136
-132
-118
-99
-98
-95
-88
-94
-93
-72
-56
-39
-26
-14
14
10
21
5
-21
-32
-39
-27
1
29
55
56
36
31
6
-1
-9
5
14
28
55
52
61
57
49
50
43
63
92
119
144
171
182
175
175
170
185
187
184
183
166
156
147
141
130
113
92
78
68
72
81
90
97
94
105
121
131
146
150
156
153
160
158
159
164
149
143
139
130
122
111
85
61
38
20
6
-4
-4
-7
-22
-26
-22
-35
-40
-47
-43
-44
-49
-47
-63
-65
-69
-83
-99
-100
-113
-110
-103
-101
-93
-102
-117
-125
-128
-126
-122
-124
-121
-129
-140
-128
-135
-132
-117
-110
-106
-113
-102
-127
-128
-117
-126
-113
-103
-96
-97
-97
-95
-108
-101
-98
-103
-100
-92
-87
-75
-44
-31
-26
-29
-42
-55
-53
-63
-55
-56
-66
-61
-71
-67
-85
-86
-82
-82
-74
-57
-47
-36
-15
-6
22
41
41
56
64
60
54
40
36
43
49
60
67
67
66
51
55
57
56
59
72
85
112
119
112
104
102
99
100
102
103
111
92
108
107
109
112
106
113
117
136
140
126
136
135
121
129
124
129
129
124
116
96
80
63
47
36
31
21
18
17
14
8
-2
5
11
33
62
67
46
25
5
-4
10
20
1
-10
-21
-42
-39
-45
-51
-72
-79
-91
-92
-86
-94
-100
-120
-113
-122
-119
-121
-113
-95
-83
-79
-83
-72
-76
-77
-78
-91
-110
-125
-130
-122
-127
-127
-134
-155
-155
-163
-152
-149
-138
-110
-91
-64
-65
-73
-87
-96
-89
-86
-72
-70
-77
-81
-85
-98
-120
-130
-126
-122
-115
-93
-84
-79
-71
-64
-49
-33
-37
-30
-9
4
16
5
26
36
36
59
48
49
53
47
60
82
91
88
105
117
125
138
149
153
151
163
161
159
152
137
140
136
137
133
114
110
107
109
108
114
122
123
143
155
146
151
157
151
156
162
173
168
166
165
155
145
121
100
96
87
81
59
37
25
-7
1
-5
-14
-14
-11
-4
-5
2
6
5
9
4
3
3
0
-16
-21
-9
-27
-33
-66
-66
-62
-76
-79
-99
-102
-111
-114
-105
-104
-104
-113
-119
-123
-105
-102
-94
-88
-87
-86
-100
-110
-138
-136
-138
-133
-130
-123
-122
-128
-120
-137
-135
-133
-131
-117
-102
-88
-96
-100
-91
-87
-71
-52
-48
-39
-42
-42
-54
-46
-55
-57
-42
-33
-23
-31
-26
-21
-12
7
24
34
58
78
86
95
99
95
95
100
117
113
106
96
90
92
95
102
95
90
94
101
110
118
118
111
118
126
129
126
127
122
105
112
107
108
121
119
117
113
100
84
84
85
88
92
85
69
61
60
56
50
46
40
47
54
62
66
58
60
48
45
34
29
27
8
15
13
2
-8
-18
-28
-27
-25
-22
-33
-44
-40
-37
-46
-52
-68
-65
-67
-68
-66
-60
-56
-73
-85
-85
-93
-108
-112
-111
-97
-93
-85
-99
-87
-84
-85
-84
-86
-90
-101
-93
-95
-92
-98
-98
-112
-116
-117
-128
-124
-125
-117
-112
-90
-79
-78
-59
-52
-36
-32
-27
-33
-25
-25
-25
-25
-29
-17
-23
-19
-27
-27
-27
-37
-24
-20
-1
13
13
27
36
45
50
60
69
74
76
74
70
72
75
63
62
45
31
22
21
31
31
32
36
37
35
46
49
62
67
77
81
83
91
78
77
81
90
85
91
82
73
63
47
45
37
43
37
42
48
44
45
48
42
44
36
41
57
60
80
74
76
62
44
37
24
26
14
8
-4
-3
-15
-25
-27
-35
-21
-24
-17
-23
-16
-22
-34
-36
-31
-21
-27
-21
-23
-30
-40
-49
-55
-57
-56
-58
-68
-64
-67
-71
-73
-80
-89
-92
-83
-87
-78
-79
-77
-84
-88
-81
-84
-73
-70
-73
-74
-69
-79
-79
-76
-72
-67
-64
-53
-49
-35
-31
-25
-29
-26
-30
-32
-20
-24
-16
-18
-23
-23
-31
-34
-39
-36
-26
-24
-14
-9
5
2
9
27
25
33
31
38
50
53
55
55
59
64
53
53
50
41
33
27
38
38
37
43
51
52
62
64
67
76
79
89
102
111
112
114
115
115
96
90
82
73
84
73
72
69
57
51
53
56
57
60
57
59
58
56
69
69
80
89
78
74
42
42
37
33
30
23
21
1
2
2
-3
-4
-14
-8
-1
-2
1
-2
-6
-9
-19
-14
-8
-13
-13
-18
-29
-36
-62
-81
-71
-69
-66
-79
-74
-74
-87
-85
-91
-89
-96
-99
-90
-81
-65
-62
-75
-67
-66
-66
-65
-76
-72
-78
-77
-79
-86
-83
-93
-97
-94
-96
-89
-81
-79
-70
-62
-53
-47
-47
-39
-33
-33
-29
-25
-19
-18
-7
-10
-20
-19
-20
-22
-20
-20
-21
-20
-21
-13
-3
7
22
26
44
56
56
64
59
65
72
72
70
63
60
58
51
50
44
43
47
54
62
67
79
77
72
74
82
76
80
84
81
91
71
67
67
63
70
62
62
52
48
45
38
47
44
34
45
43
50
47
46
53
44
57
54
50
45
38
29
21
22
8
21
22
7
10
-10
-16
-22
-29
-22
-23
-26
-20
-35
-36
-26
-40
-44
-48
-44
-42
-36
-38
-40
-48
-56
-63
-75
-70
-73
-84
-77
-81
-73
-83
-91
-83
-89
-76
-82
-81
-75
-74
-72
-54
-51
-52
-53
-58
-51
-70
-59
-67
-56
-54
-60
-57
-64
-55
-56
-52
-48
-42
-50
-37
-28
-17
-7
-7
2
4
17
18
22
21
15
18
13
16
13
14
24
15
15
18
17
27
29
39
47
53
52
55
63
53
57
51
54
59
60
63
66
60
53
54
53
57
54
54
57
56
53
52
56
49
49
50
45
50
49
46
53
55
51
55
51
47
44
34
41
31
26
37
34
43
33
20
23
30
20
22
22
22
15
6
2
6
-1
-9
-11
-19
-14
-26
-37
-29
-33
-20
-25
-27
-21
-34
-24
-27
-31
-25
-30
-29
-28
-35
-36
-38
-49
-54
-58
-58
-57
-73
-71
-72
-69
-69
-65
-59
-58
-47
-49
-41
-38
-42
-28
-26
-15
-10
-12
-10
-14
-25
-35
-34
-38
-36
-32
-21
-14
-14
-16
-18
-14
-13
-8
0
9
20
27
29
29
26
29
32
37
39
37
41
40
34
33
34
36
31
34
34
48
41
39
34
37
45
36
49
56
57
61
57
52
50
44
40
42
33
44
32
27
30
23
29
33
36
29
44
31
36
34
28
35
28
36
29
25
19
13
17
14
6
-2
0
-1
-10
-6
-7
0
-5
-7
-5
-1
1
-11
-10
-5
-2
-7
-19
-11
-13
-22
-32
-42
-35
-40
-47
-46
-49
-44
-51
-55
-52
-48
-43
-47
-45
-38
-31
-44
-45
-41
-52
-47
-54
-44
-38
-47
-52
-48
-47
-46
-45
-39
-39
-39
-45
-37
-36
-44
-32
-36
-28
-33
-34
-29
-22
-20
-20
-11
-11
-12
-13
-8
0
-11
-7
-2
6
12
4
15
12
20
13
14
28
28
29
32
38
31
28
22
33
30
24
32
33
38
38
30
41
43
24
42
45
51
52
40
54
47
48
46
45
52
48
42
39
39
40
34
34
35
35
38
31
33
36
37
44
42
44
46
34
44
35
25
30
24
31
26
24
21
19
14
10
13
9
9
3
13
9
5
6
-2
1
-4
-4
-14
-8
-17
-19
-13
-19
-19
-34
-28
-37
-25
-31
-37
-29
-27
-23
-30
-26
-28
-20
-34
-27
-26
-36
-32
-46
-43
-39
-52
-50
-52
-63
-55
-61
-58
-57
-66
-45
-49
-51
-41
-48
-37
-37
-31
-30
-26
-26
-34
-22
-34
-30
-31
-42
-40
-47
-41
-45
-50
-39
-40
-29
-30
-29
-23
-26
-12
-15
-13
-6
-5
7
5
12
13
19
9
7
1
7
9
-2
7
4
6
12
1
2
9
21
23
27
34
35
51
47
54
53
47
54
45
49
57
49
55
51
41
51
43
45
37
44
53
49
44
47
58
56
60
54
58
57
52
50
44
44
36
40
45
36
34
37
34
25
29
26
29
26
23
23
23
18
24
18
21
16
9
16
8
7
9
2
3
1
-10
-11
-16
-22
-14
-21
-27
-25
-30
-22
-23
-29
-29
-22
-26
-31
-36
-35
-28
-40
-38
-34
-38
-45
-55
-47
-42
-51
-52
-56
-49
-54
-61
-62
-50
-56
-56
-51
-56
-50
-58
-41
-53
-50
-45
-50
-36
-51
-43
-49
-47
-43
-56
-41
-40
-37
-37
-35
-33
-36
-33
-31
-30
-14
-21
-17
-13
-9
-6
-22
-16
-9
-2
2
-3
0
11
14
11
13
23
35
27
33
29
25
30
26
31
37
34
38
25
40
38
30
46
35
49
45
50
53
41
44
44
45
41
41
53
56
56
50
45
49
46
39
51
50
46
52
38
34
31
19
25
22
25
36
21
34
27
15
28
15
22
17
14
19
12
7
8
7
6
1
7
1
-4
-7
-10
-9
-16
-16
-20
-25
-18
-24
-27
-27
-31
-28
-31
-28
-28
-24
-27
-28
-32
-34
-42
-41
-38
-41
-44
-41
-45
-45
-47
-43
-42
-53
-33
-46
-49
-37
-36
-38
-39
-34
-38
-39
-38
-41
-45
-39
-35
-31
-32
-31
-28
-24
-26
-28
-26
-24
-24
-25
-14
-18
-12
-10
-9
-1
-7
10
-10
-6
5
10
7
6
10
-2
14
9
5
6
9
20
12
14
17
22
23
27
32
34
33
27
42
36
37
38
33
33
34
35
44
34
30
41
36
39
