SAMPLES:	9690
BITSPERSAMPLE:	16
CHANNELS:	1
SAMPLERATE:	16000
NORMALIZED:	FALSE
-1
-3
-1
-11
-10
-7
-6
-1
-5
0
-7
-7
-4
-11
-15
-1
7
4
-2
-5
-3
3
7
2
8
11
4
3
9
16
18
9
10
11
4
8
23
12
23
21
11
23
13
18
18
11
19
10
6
7
14
11
9
12
5
8
7
-2
-5
11
-1
7
7
-3
4
4
0
-6
-7
-10
-7
-2
-8
-19
-7
-9
-2
-14
-8
-4
-12
-1
-10
-12
4
9
13
13
-12
-11
3
-1
0
8
12
4
-8
1
5
-2
-8
7
-1
-15
-13
-11
-6
-12
-7
-11
-21
-18
-6
-5
-4
-11
-10
-1
-3
-3
-15
-9
-3
-11
-12
-1
-2
3
2
2
-1
6
16
-4
-6
-8
-9
3
5
3
-5
0
0
-5
-3
-4
6
-5
-9
5
1
4
4
9
11
5
12
-6
-4
0
-2
-11
-1
6
7
4
-1
9
4
5
11
12
4
-1
5
1
0
-1
-6
-6
-1
11
15
-2
6
8
-2
7
4
19
16
7
12
15
13
22
22
18
12
5
18
17
20
15
11
1
9
3
-7
-4
0
7
-2
6
11
7
2
-3
-1
-2
-4
-10
-15
-6
-9
-4
-4
-13
5
10
9
8
6
19
13
-3
-1
-1
4
8
12
1
5
15
14
5
-2
6
-6
0
-2
-7
-12
-5
-6
-14
-4
-7
5
-6
-5
-1
-17
-11
-11
-17
-18
-19
-22
-17
-11
-16
-3
1
-4
-5
-6
-8
-4
-3
-4
-1
1
-1
-17
3
5
-1
6
1
17
11
-5
7
0
-8
8
-3
0
12
12
6
1
9
10
22
24
19
21
4
0
15
6
10
5
0
3
-1
3
-4
12
12
12
8
4
14
6
8
15
22
2
3
-14
-4
-3
-21
-9
-8
-7
-2
-6
-5
9
-3
-2
17
6
-14
-6
3
-2
1
1
10
8
6
12
1
-6
-1
11
2
8
6
1
1
-6
-8
3
2
-8
-7
-2
2
-9
-4
1
0
3
-3
-1
8
12
6
11
0
-5
-2
-13
-12
-11
-6
0
-3
-1
1
2
-1
-4
3
3
1
-5
-1
-9
-6
-4
-14
-3
-18
-8
-11
-13
-3
-1
-13
-22
-6
-17
-19
-8
-11
-12
-7
-5
-3
3
-5
-16
-13
-5
6
6
-3
8
9
1
-9
-7
-2
12
14
5
14
4
-4
6
15
4
8
4
14
11
2
13
-4
8
10
9
17
21
23
5
9
18
16
12
5
-8
6
11
-2
-6
-1
1
-7
4
4
-7
-6
-2
-1
6
8
-2
1
-3
7
5
3
4
13
8
-8
0
-5
3
4
-6
-1
5
-1
-6
-7
-9
-13
-3
-6
-5
-2
2
-5
-14
-4
-1
14
1
3
5
6
8
-1
7
7
6
2
12
-2
-6
16
1
-7
-1
2
-10
-9
-4
4
9
3
9
-7
4
-4
-7
1
-4
-2
-1
-8
-12
-13
-9
-10
-5
1
-10
-17
-7
-2
-15
-1
-11
6
-4
-6
8
-5
6
-7
-1
-12
-6
-2
-8
2
-7
-2
-6
-3
4
-3
0
-2
-5
-6
-7
-3
-6
-13
-19
-14
-6
-3
-2
-4
-7
-7
-10
1
2
5
-2
-10
1
0
-6
-7
-18
-10
-7
-7
4
1
1
-5
-16
2
9
-10
-4
2
-3
5
4
13
11
8
9
-2
13
7
5
5
0
4
3
11
-2
-15
-8
-7
-4
-7
-10
-24
-13
-14
-17
-9
-15
-6
-3
-3
1
5
7
13
19
10
10
17
11
7
12
17
20
15
11
13
21
20
12
17
22
6
14
11
0
25
18
22
20
7
7
5
11
0
8
8
-1
-4
12
12
-2
6
-6
-5
-7
0
2
0
-9
-8
1
-14
-17
-18
-19
-8
-14
-15
-21
-15
-9
-19
-17
-3
-11
-4
-10
-15
-1
-6
4
-2
-2
6
-3
-4
2
9
0
-12
-9
-8
-5
0
-2
-8
-13
-18
-5
-13
-10
2
-16
-16
-11
-8
-12
-7
1
3
1
-1
11
8
2
1
-6
-5
-3
3
8
-8
-3
3
-9
3
1
-2
2
-5
-7
-8
-1
-3
-4
-10
-20
-13
-7
-15
-8
-5
-15
6
-4
2
-6
-16
2
-6
-3
1
-1
-7
-9
-5
-4
-1
-8
-12
9
3
5
11
16
14
8
11
16
13
15
26
14
23
20
15
12
16
10
0
16
11
15
18
19
24
28
39
26
20
30
40
34
45
46
47
60
34
38
42
26
23
22
15
-2
-6
-3
-4
-13
-6
-9
-11
-23
-37
-43
-46
-38
-44
-51
-34
-33
-33
-31
-38
-30
-34
-42
-31
-32
-33
-25
-26
-27
-28
-32
-19
-26
-42
-38
-37
-38
-45
-41
-42
-53
-59
-53
-54
-63
-59
-50
-46
-48
-58
-52
-49
-53
-59
-63
-54
-51
-39
-17
-12
-8
-7
-16
-31
-53
-59
-61
-71
-65
-63
-57
-35
-36
-37
-27
-34
-42
-32
-36
-16
2
15
56
77
91
101
110
104
113
130
121
122
115
120
103
84
72
61
37
29
22
26
42
48
59
70
66
38
-14
-14
31
61
105
155
221
273
289
296
274
244
197
159
150
172
201
226
244
237
222
188
146
120
87
46
33
51
60
59
55
32
-4
-46
-63
-72
-79
-60
-44
-34
-26
-43
-80
-105
-136
-161
-166
-166
-128
-100
-63
-40
-50
-49
-81
-116
-138
-159
-153
-139
-121
-87
-76
-84
-105
-131
-179
-219
-248
-284
-294
-300
-309
-321
-326
-346
-393
-425
-449
-478
-487
-480
-482
-474
-471
-467
-477
-486
-473
-468
-466
-430
-381
-345
-277
-208
-171
-129
-90
-47
-5
35
102
172
237
309
372
430
473
493
523
529
541
542
539
558
565
565
565
567
552
541
524
508
486
471
466
470
476
477
486
492
500
515
541
548
563
579
574
582
600
574
544
503
460
433
394
370
331
309
273
245
229
201
186
158
136
135
175
218
259
315
372
420
485
539
579
619
638
652
668
659
629
546
389
224
14
-237
-502
-771
-1080
-1368
-1595
-1835
-2048
-2261
-2460
-2637
-2764
-2842
-2892
-2915
-2887
-2798
-2686
-2505
-2289
-2062
-1813
-1552
-1263
-992
-718
-403
-106
134
370
583
739
900
1048
1192
1283
1341
1371
1348
1386
1449
1422
1289
1114
926
740
592
441
221
-63
-289
-468
-578
-640
-697
-787
-845
-768
-620
-472
-346
-223
-117
34
249
469
639
753
919
1094
1267
1448
1524
1458
1365
1317
1262
1176
1060
899
712
586
551
489
380
284
179
78
42
99
171
203
287
415
524
683
872
1022
1129
1261
1383
1464
1575
1697
1748
1727
1686
1649
1565
1499
1463
1367
1241
1150
1109
1010
915
824
633
479
419
410
379
351
308
239
222
239
160
-175
-725
-1226
-1644
-2041
-2356
-2737
-3331
-3839
-4016
-4068
-4066
-4129
-4405
-4772
-4882
-4587
-4182
-3852
-3600
-3421
-3141
-2522
-1666
-960
-560
-294
-17
342
869
1392
1653
1653
1657
1735
1851
1995
1971
1734
1451
1297
1208
1066
866
657
395
121
-60
-281
-626
-960
-1143
-1274
-1400
-1419
-1433
-1484
-1326
-1024
-791
-619
-440
-275
-38
356
784
1097
1273
1521
1807
2017
2182
2269
2144
1963
1917
1816
1621
1397
1155
891
723
639
463
200
24
-7
70
181
309
407
457
699
1128
1460
1680
1887
2063
2261
2646
3022
3117
3104
3112
3098
3109
3145
3018
2707
2405
2244
2190
2065
1866
1657
1336
1020
918
709
334
120
-33
-211
-234
-214
-332
-483
-614
-834
-1303
-2031
-2644
-3063
-3621
-4024
-4326
-4962
-5429
-5364
-5323
-5495
-5666
-6018
-6307
-6065
-5403
-4786
-4458
-4202
-3755
-3067
-2152
-1204
-706
-670
-407
293
1070
1794
2260
2234
2060
2157
2382
2498
2353
1987
1671
1441
1414
1528
1336
902
557
164
-331
-660
-896
-1213
-1408
-1513
-1768
-2032
-2071
-1921
-1775
-1644
-1577
-1553
-1235
-586
151
727
997
1078
1283
1725
2245
2611
2619
2432
2388
2581
2843
2889
2557
1971
1470
1240
1140
1015
736
349
95
123
317
462
451
403
500
712
1162
1672
1888
2126
2542
2831
3160
3611
3745
3714
3863
3968
3938
3956
3824
3558
3322
3061
2863
2607
2253
2057
1820
1333
948
627
184
-79
-139
-367
-649
-771
-737
-563
-596
-870
-1378
-2398
-3135
-3150
-3511
-4188
-4614
-5384
-6067
-5798
-5510
-5885
-6481
-7061
-7332
-6946
-6051
-5316
-5124
-5058
-4546
-3597
-2615
-1751
-1298
-1255
-846
196
1278
2082
2501
2507
2425
2465
2625
2748
2515
2139
2068
2003
1853
1921
1745
1070
594
166
-537
-852
-847
-1011
-1100
-1164
-1516
-1881
-2015
-2025
-2080
-2252
-2363
-2239
-1752
-923
-137
241
287
350
647
1159
1714
2040
2094
2202
2592
3105
3432
3329
2801
2201
1805
1704
1761
1592
1213
993
854
790
960
882
499
403
529
767
1365
1940
2150
2408
2774
3022
3308
3577
3648
3710
3868
4104
4316
4313
4084
3797
3469
3125
2838
2542
2252
2025
1873
1680
1374
871
393
106
-216
-383
-409
-581
-488
-179
-342
-596
-1119
-2348
-3091
-3345
-4197
-4823
-5094
-5875
-6182
-5865
-6148
-6731
-7193
-7703
-7799
-7297
-6669
-6196
-5760
-5153
-4290
-3438
-2706
-2103
-1827
-1413
-451
596
1518
2256
2632
2774
2828
2880
2897
2712
2298
2150
2298
2281
2379
2449
1839
953
548
65
-566
-666
-835
-1253
-1252
-1153
-1339
-1579
-2010
-2468
-2666
-2723
-2431
-1875
-1515
-973
-267
72
419
833
905
1033
1505
1956
2448
3012
3363
3488
3384
3128
2817
2418
1948
1646
1509
1300
1227
1325
1084
661
491
183
-89
132
338
584
1244
1776
2133
2646
2928
3060
3338
3548
3785
4074
4315
4678
4920
4794
4613
4248
3689
3307
2991
2685
2432
2128
1979
1729
1101
698
350
-336
-623
-580
-905
-945
-472
-459
-790
-895
-1570
-2885
-3345
-3538
-4614
-5161
-5210
-5921
-6287
-6011
-6375
-7174
-7582
-7799
-7728
-7325
-6751
-6130
-5643
-4953
-4004
-3234
-2695
-2214
-1757
-1108
-61
1023
1823
2360
2679
2884
2994
3064
2999
2635
2329
2416
2631
2705
2660
2358
1595
859
531
153
-448
-824
-985
-1212
-1213
-1205
-1549
-2018
-2587
-2854
-2814
-2836
-2629
-2104
-1670
-1118
-387
-72
77
364
618
1025
1744
2288
2612
3138
3564
3594
3554
3380
2823
2293
2116
2047
1946
1722
1475
1295
931
598
482
233
-33
107
621
1155
1631
2129
2459
2629
2914
3229
3483
3753
3932
4216
4712
4934
4950
4863
4466
4034
3677
3351
3128
2907
2535
2289
2122
1591
898
563
157
-489
-604
-599
-653
-425
-422
-603
-989
-2225
-3217
-3556
-4656
-5546
-5712
-6384
-6901
-6704
-6898
-7376
-7808
-8444
-8523
-8058
-7754
-7141
-6175
-5534
-4686
-3487
-2766
-2238
-1689
-1223
-191
988
1739
2620
3336
3406
3563
3805
3419
2886
2581
2376
2445
2570
2444
2261
1763
849
344
-165
-1147
-1612
-1738
-1993
-1686
-1447
-1783
-1899
-2249
-2873
-2830
-2704
-2849
-2415
-1638
-979
-226
416
741
879
940
1236
1818
2290
2710
3347
3871
3913
3928
3800
3071
2390
1992
1534
1318
1199
917
835
614
113
-198
-468
-783
-705
-260
365
1094
1781
2488
3076
3503
3828
4130
4587
4906
5249
5973
6329
6294
6453
6141
5442
4942
4127
3476
3250
2614
2257
2127
1177
483
130
-832
-1215
-1296
-1946
-1783
-1184
-1374
-1261
-1005
-2153
-3579
-3955
-4713
-5885
-6024
-6125
-6713
-6813
-6740
-6885
-7239
-7912
-8077
-7864
-7850
-7057
-5858
-5156
-4162
-3085
-2579
-1928
-1342
-1074
-178
850
1410
2349
3221
3420
3569
3565
2986
2361
1874
1413
1427
1436
1247
1324
1018
208
-339
-889
-1748
-2269
-2314
-2399
-2237
-1739
-1518
-1466
-1578
-1995
-2146
-2095
-2101
-1565
-774
-247
567
1407
1695
1922
2035
1860
2082
2518
2730
3216
3717
3751
3662
3385
2659
1834
1063
399
133
-57
-288
-125
-92
-416
-450
-526
-722
-476
47
677
1589
2555
3395
4270
5014
5382
5577
5857
6125
6325
6632
6962
6976
6699
6377
5850
4942
3973
3245
2428
1661
1306
732
206
83
-394
-869
-1137
-1528
-1549
-1611
-1709
-1285
-1964
-3511
-3702
-4389
-6250
-6525
-6482
-7796
-8331
-7919
-7800
-7696
-7786
-7693
-7405
-7554
-6855
-5025
-3858
-3069
-1751
-762
-83
799
1407
1818
2170
2190
2676
3477
3503
3161
2785
1836
629
-76
-784
-1667
-2027
-2237
-2303
-2066
-2404
-2832
-2924
-3446
-3611
-2875
-2348
-1771
-586
443
1210
1835
2036
1891
1391
1174
1606
1822
2171
2851
2852
2650
2614
2159
1435
793
357
68
99
438
491
194
-358
-1050
-1563
-2149
-2518
-2375
-2229
-1662
-535
261
708
1108
1342
1715
2457
3336
4232
5100
5950
6806
7580
7930
7735
7193
6597
6276
6191
5991
5786
5284
4265
3414
2549
1462
398
-493
-784
-844
-1027
-711
-533
-626
-228
14
50
269
531
965
1497
1694
138
-2617
-4223
-6027
-7868
-7524
-7414
-8796
-9203
-8361
-7525
-7190
-7052
-6758
-6640
-5809
-2972
234
1786
2336
2724
2678
2547
2687
2439
1538
679
550
770
253
-1346
-3405
-5549
-7258
-7680
-7412
-7244
-6467
-4852
-2878
-872
598
1132
1333
2245
3796
5586
7113
7552
7340
7179
6771
5524
3335
766
-1959
-3906
-4242
-4570
-5384
-5810
-6386
-6491
-5370
-4382
-3706
-2523
-962
1138
3728
5567
6125
5967
5372
4795
4569
3872
2433
1321
602
-129
-212
-487
-1784
-2581
-2462
-1654
-106
1240
2245
3353
4458
5943
7465
7938
7776
7835
7924
8118
8237
7287
5544
3860
2397
1442
773
-149
-1047
-1496
-1324
-896
-485
-198
32
655
1313
2536
4341
4889
4921
5108
2755
-1833
-5182
-7756
-10350
-10559
-9683
-10125
-10514
-10269
-9121
-7532
-7113
-6369
-4574
-2725
345
4428
6912
6879
5505
3884
2287
825
-542
-1676
-2588
-3590
-3923
-4183
-5917
-8164
-9672
-10270
-9541
-7425
-4819
-2088
1006
3931
6407
7982
7727
6903
6892
6993
7073
7193
6048
3452
1105
-879
-3211
-5375
-7528
-8869
-8455
-7901
-6638
-4467
-3989
-3610
-1552
178
1513
3268
4676
5892
7155
7873
7847
6701
4259
1922
549
-985
-2694
-3831
-5103
-6080
-5780
-5271
-4720
-3676
-2725
-982
2018
4634
6515
8051
8696
8844
9311
9478
8890
8079
6918
5768
5148
3933
2323
920
-1016
-2407
-2476
-2465
-2084
-1020
-38
1156
2119
2583
3308
4151
5285
6482
7317
8329
8883
8878
8371
5728
-304
-8593
-14294
-16401
-17826
-16445
-13462
-13407
-13257
-10266
-6324
-3653
-2965
-1552
1291
4174
8412
12887
13371
9690
5391
1829
-1762
-4905
-7345
-9155
-9708
-9078
-7660
-6676
-7545
-9131
-9298
-7657
-4898
-1312
2442
5659
8995
12091
13372
11975
8346
4542
1972
510
-114
-906
-2980
-5135
-5784
-6061
-7001
-7892
-8623
-7922
-4554
-236
3790
6180
6300
6171
5953
5510
4477
1469
-1051
-1773
-1731
-260
522
-1143
-3386
-5060
-5077
-3629
-2789
-2512
-1883
-768
1167
3205
3977
3054
1482
1184
2444
4185
5443
5570
5354
5610
5727
5779
5414
3619
2057
2168
2770
3372
3386
1790
-59
-637
-742
-1037
-677
-265
-13
2139
4998
6500
7198
6745
6137
6775
7018
7443
8351
7080
4586
1802
-4482
-12719
-17278
-19616
-20963
-17915
-13868
-11791
-8405
-4170
-145
3027
3303
3636
5507
6669
8832
11697
10725
6355
1659
-3309
-7613
-10387
-13040
-14390
-13134
-11149
-8106
-4122
-2427
-2472
-1698
-835
416
3222
5451
7047
9652
11170
10667
8697
4505
-333
-3794
-6115
-7033
-6572
-6188
-5585
-3564
-1742
-1198
-967
-1248
-1082
652
3065
5675
7506
7593
6335
4259
2076
-908
-4755
-7463
-8597
-8012
-5803
-3095
-649
215
96
948
1556
1139
1182
1443
1575
2230
2613
2241
1151
-680
-2065
-2161
-1332
56
1847
3969
6048
7501
8278
8112
6764
4925
3269
2145
1541
920
128
-561
-1029
-1296
-1289
-849
-167
1158
3563
5934
7825
9251
9630
9609
9211
8052
7122
5956
4194
2125
-786
-5768
-13912
-19981
-20687
-21289
-20143
-14445
-9931
-6900
-1679
4725
9359
9900
8759
9013
8568
7404
7668
6723
2465
-2846
-7692
-11302
-13473
-15936
-17306
-15357
-12102
-8004
-2305
2356
4578
5961
6700
6665
7010
6781
5469
5498
6378
5777
4074
1226
-2969
-6470
-8532
-9662
-9189
-7636
-5823
-2397
1968
4769
5987
5830
4614
3999
3765
3284
3151
2741
1887
1189
123
-1308
-3735
-8071
-10734
-9776
-8237
-5658
-850
2715
3840
5224
6482
5389
2709
6
-2024
-2952
-2943
-1937
-524
-388
-662
-5
650
1486
2818
4177
6241
8769
10403
11022
10294
7670
3981
450
-2519
-4717
-5970
-6332
-5185
-2448
413
2985
5435
6708
7590
8859
9472
10241
10951
9847
8644
8382
7122
5206
2313
-2390
-6857
-13707
-22389
-23400
-20314
-20606
-16374
-7881
-3704
-385
5455
10931
13012
10616
8964
9946
8417
5566
4243
1107
-4529
-10247
-14934
-16857
-17407
-18865
-17175
-11107
-5659
-872
5001
8937
10166
10628
9769
8107
7039
4498
1613
1849
2095
71
-2059
-4589
-7294
-8280
-8620
-8268
-5875
-3476
-948
3909
8299
9680
9293
7594
5560
3981
1611
-467
-1262
-2378
-3032
-2256
-1978
-2867
-4686
-7505
-8010
-6101
-5327
-2860
1457
3091
4089
5903
5654
3079
-539
-3882
-5750
-6157
-5534
-3680
-1028
967
2786
5249
6649
6677
6458
6298
6823
7444
7197
6505
5135
2272
-836
-2983
-5137
-6901
-7244
-6154
-3048
970
4625
8468
11639
12984
13196
13035
12243
10493
7922
5771
4858
3755
2135
162
-2934
-6961
-14817
-23668
-23605
-20793
-21622
-15473
-4865
-108
4030
11352
17165
17143
11605
8182
7951
4269
211
-504
-2569
-7053
-11846
-15183
-15091
-15769
-18970
-16845
-9292
-3910
873
8140
12926
13542
12996
11197
8693
5644
306
-3310
-2371
-1951
-3181
-3343
-4209
-6044
-6330
-6090
-5503
-3493
-2160
-106
5253
9712
10906
10598
8457
5684
3327
-26
-2880
-4310
-5450
-5371
-3670
-1518
-949
-2645
-3803
-3758
-3964
-3477
-2276
-746
1033
2071
3034
3443
1398
-2422
-5685
-6680
-6473
-6341
-4222
-153
2711
5249
8996
10959
9805
7838
6351
5241
4225
3061
1906
651
-913
-2386
-3062
-3465
-4709
-5129
-3206
-277
3281
7383
10720
13387
14954
14449
13483
12424
8938
4694
3023
2015
5
-2114
-3787
-7481
-16987
-23641
-20656
-20117
-21411
-13162
-4054
-102
6466
15459
20987
18783
11950
9190
7486
1227
-3550
-4613
-7229
-11955
-15398
-15002
-13217
-15540
-18091
-13524
-6649
-2850
2375
9947
14301
14470
13643
12768
10601
5001
-2022
-4225
-3468
-5341
-6563
-5212
-5548
-6614
-5729
-4427
-3128
-2138
-1603
1977
7488
9617
10212
10650
8247
5353
3044
-429
-3273
-5294
-6855
-5957
-3857
-2725
-1844
-1451
-1714
-580
619
-498
-842
-362
-1557
-1348
-97
-1086
-3135
-5314
-6568
-5752
-4936
-4227
-1632
1370
3624
7140
11146
12155
10543
8679
6689
4581
2372
-47
-1763
-3235
-4545
-4142
-2860
-2542
-2542
-1513
646
3228
5755
8301
10900
13047
13934
14327
14564
12303
8211
5350
3111
713
-2041
-5552
-8278
-13731
-22217
-22366
-17677
-19468
-17342
-7196
-1305
2271
10241
18350
20452
15595
11318
11044
6916
-1163
-5275
-6794
-11042
-16138
-17079
-14070
-13541
-16611
-14590
-6731
-2397
-652
5138
11360
12762
11841
12067
11881
8092
1429
-2673
-2454
-3809
-7378
-7370
-5742
-6499
-6179
-3650
-1954
-1448
-1057
1144
5763
8796
8720
8881
8501
5949
3730
1592
-1688
-4464
-6110
-6299
-4859
-3468
-2715
-2280
-2527
-1946
181
667
-97
838
1064
-281
28
612
-1761
-5530
-7194
-6678
-6306
-5751
-3234
115
2411
5181
9597
12101
10940
9061
7768
6288
4164
1571
-380
-1994
-4078
-4891
-3905
-3456
-3740
-2990
-881
2546
6169
8683
11472
14100
14563
14727
15523
13941
9891
6126
3262
181
-3945
-7503
-12168
-21443
-25887
-21516
-20846
-20209
-11088
-3875
-127
7827
16855
21828
19711
14235
13152
11224
3625
-2413
-5072
-9387
-15892
-19499
-17086
-15218
-18648
-18593
-11128
-4840
-1751
3408
9819
13235
13346
12782
13449
12093
5217
-1052
-1415
-2088
-6088
-8197
-8000
-8503
-8814
-7287
-4490
-2303
-1887
-584
4318
9074
10019
9674
9461
8045
5862
3196
157
-2725
-5850
-7219
-5914
-4663
-3690
-3836
-5231
-3321
-278
-351
792
2963
2714
2888
3925
3633
1707
-2547
-6905
-7887
-7688
-8644
-7646
-3909
-837
2032
6895
11254
12086
10769
9953
9695
8198
5199
2615
865
-1709
-4170
-4557
-4348
-5154
-5818
-3920
702
4715
7355
10978
14329
15673
16338
16387
15109
11728
6190
1696
-1167
-5390
-13116
-22587
-25494
-23116
-25210
-23420
-12506
-6475
-4111
5551
17241
21918
19240
16803
18220
14962
6345
1776
-437
-7371
-16199
-19293
-17073
-18370
-23241
-21336
-13522
-8781
-5385
1930
10154
13431
13153
15364
17910
14360
7348
3597
2343
-1127
-5738
-7656
-8503
-11102
-12511
-10031
-7162
-6392
-4870
-761
4636
9132
11307
12221
12205
10438
8276
6092
2487
-1951
-5371
-6788
-7110
-7689
-8215
-8612
-8903
-7211
-3275
-474
743
3274
5942
6442
6414
6533
3974
-1726
-5893
-6504
-7621
-9742
-8757
-5523
-3272
-588
4223
8660
10113
10068
11321
12581
11361
8965
6971
4767
1568
-1739
-3264
-4232
-6384
-6982
-4125
-31
3135
6170
10685
14558
15972
17013
17190
14719
9742
3673
-452
-7113
-19144
-23966
-22134
-25950
-26111
-17392
-12017
-8610
-487
9329
16141
16641
15778
19007
19119
13009
8510
6597
596
-9211
-14689
-15077
-18764
-25012
-24763
-19008
-14964
-12035
-5487
3217
8107
9835
13851
17915
16645
12367
10073
9495
6723
1160
-3066
-5560
-9980
-13864
-13628
-12696
-12653
-10965
-6866
-237
6016
8788
11053
13666
13689
12192
10597
7464
3216
-165
-2551
-4079
-5917
-9831
-12166
-12073
-12650
-10052
-5852
-4689
-798
5104
7336
9306
11352
8834
3581
921
-528
-4557
-7735
-7982
-8065
-7115
-4561
-1418
1967
3483
4470
8084
11119
11121
10971
11017
9976
8180
5507
3096
718
-3389
-5363
-3369
-1883
-645
2634
6210
9714
12934
13916
13513
11448
6789
2219
-5160
-14214
-16062
-17908
-23150
-19394
-13255
-13426
-9729
-1223
4973
7529
8063
11025
14480
13230
10887
11089
9668
2707
-4415
-6017
-8887
-16788
-20952
-19592
-18063
-16639
-13838
-8084
-1874
189
3317
9709
11973
11234
12083
13258
13660
11673
7896
5038
369
-5880
-8682
-10784
-14325
-14964
-13153
-10049
-4386
592
3770
7183
9494
11101
12516
11456
9337
7896
5389
1826
-1234
-3998
-7663
-11457
-12631
-11814
-11672
-10599
-6993
-2616
1048
3800
6754
8842
7299
4950
4618
3074
-624
-3324
-3818
-4062
-5119
-4584
-2054
-804
-612
1536
5133
7489
8409
9873
11738
11833
10015
8463
7453
4925
1604
230
453
614
855
2242
5108
6888
6693
6226
4859
2440
-4007
-12778
-12760
-11214
-17025
-15236
-7411
-7076
-6450
-695
4582
5922
2666
3108
8664
8559
5048
6583
8662
4127
-2658
-3695
-3955
-10898
-17183
-15810
-12626
-12728
-12675
-7838
-2345
-2610
-2386
2926
5402
3965
4548
8165
12030
11727
9372
9850
7680
854
-2929
-4842
-9472
-13091
-13277
-10633
-6412
-3949
-1862
1805
3280
3785
6285
7329
5906
4749
5666
6751
5048
3546
2013
-2886
-6093
-5681
-6263
-7279
-6788
-4883
-2061
68
1861
3070
1678
-580
-860
-54
-457
-1582
-1033
753
1777
2630
3782
3818
2841
2417
3356
5122
5596
4971
6218
8121
7996
7528
7365
5762
3987
3705
4514
5763
5532
4791
6106
5714
2272
-2189
-10540
-16847
-16522
-18549
-18459
-11690
-9273
-7648
182
6645
8583
7643
6540
8278
8855
7257
7698
8020
4200
-951
-2662
-4572
-11303
-16991
-17541
-16346
-14711
-12184
-8365
-3661
-1273
191
3993
5222
3156
3573
6023
8759
10649
10122
9340
7507
2839
-661
-3510
-9063
-13299
-13347
-11520
-8393
-4190
-1095
647
2484
3483
3435
3265
1592
1239
4519
5972
5683
7115
6077
2244
452
-712
-3008
-4662
-4700
-2826
-295
988
1216
1128
-461
-3344
-4805
-4961
-5456
-5200
-2788
937
3891
5386
6474
7167
6504
5439
5639
6428
6685
7547
9538
10739
10123
7982
5543
3945
1593
-257
212
-77
456
2964
3738
3963
-106
-9227
-11197
-10669
-15442
-13794
-8422
-8543
-6128
771
5493
5532
2143
915
2699
2796
2466
4613
6244
4365
2649
3795
1684
-5514
-10762
-12005
-11984
-11834
-11178
-9038
-7071
-6062
-3327
-1080
-2160
-2797
-1495
1272
6359
10369
11541
12171
11385
9082
6843
2168
-4683
-8848
-10865
-12036
-9972
-7879
-9029
-8664
-5786
-4129
-2570
-1113
-308
3157
7875
10950
13458
13856
10821
7683
5425
1977
-2101
-5200
-6642
-6127
-4816
-4165
-3770
-3746
-4685
-4714
-3252
-2114
-1156
966
4177
7168
8912
9381
8908
7366
5425
4638
4093
2968
3129
4470
5496
6238
6359
5680
4922
4576
4565
4697
5522
6287
6356
6797
2965
-5830
-9602
-12093
-18196
-17522
-14332
-15830
-13007
-5979
-786
2373
2648
3472
5840
6073
7414
10487
10198
7366
6007
5479
1550
-4953
-9400
-12204
-14400
-14331
-12583
-10788
-9334
-7629
-4306
-2014
-2426
-1469
166
1746
5832
9318
10577
11109
9874
7994
6390
2613
-2271
-5254
-7080
-8243
-7080
-5268
-6346
-7492
-6002
-5347
-5429
-4155
-2854
-788
2904
5996
8339
9778
8257
5965
5155
3716
1334
97
82
-172
-241
352
-168
-1963
-3762
-5203
-5815
-5378
-4340
-2808
-367
2204
4040
5397
6485
7052
7098
7521
8568
9311
9740
10587
10947
9723
8071
6370
4057
2425
1335
290
450
253
591
1263
-3816
-8419
-7944
-11509
-13210
-8604
-8411
-9391
-5639
-1882
23
-328
-1059
-97
-202
261
3465
5410
4772
4284
5095
4387
452
-2867
-4565
-6671
-7430
-6572
-6251
-6460
-7149
-6987
-5977
-7293
-8407
-7107
-5676
-2632
1872
5131
7573
8590
8042
8262
7632
4304
1752
1177
-37
-872
-312
-1597
-4451
-6204
-7678
-8694
-8735
-8761
-7311
-3667
-92
2696
5394
6684
6292
6141
6110
5474
4791
4466
4623
4602
3583
1955
-107
-2745
-5227
-6792
-7124
-6720
-5612
-3212
-690
1204
2879
4334
5774
6877
7634
9059
10470
10766
11466
11964
10742
9433
7889
5877
4612
3345
2311
2123
1711
1461
352
-3312
-7061
-9938
-12626
-13057
-11571
-10659
-9874
-7477
-4117
-2085
-1310
-533
-213
-101
1487
4038
5517
5409
4992
5021
3661
842
-1481
-3524
-5261
-5644
-4880
-4400
-5057
-6077
-6490
-7014
-8299
-8813
-8182
-6875
-4009
-110
3180
5524
6726
6865
6836
6263
4869
3831
3340
2668
2305
2394
869
-1649
-3588
-5988
-7191
-7076
-7478
-6170
-3391
-1624
439
2566
2723
2344
2582
2817
3199
3784
4457
5046
5155
4456
3079
1386
-823
-3038
-4340
-4682
-4370
-3474
-2339
-1135
-116
268
1166
2421
3195
4567
6225
7494
8725
9480
9535
9442
8838
7593
7021
6905
6146
5892
6161
5364
4616
3321
-295
-3321
-6361
-10510
-11699
-11853
-13133
-12475
-10938
-10135
-8472
-6624
-5290
-3826
-2323
106
2985
4933
6249
6918
6855
5687
3700
2023
-40
-2224
-3085
-3523
-4469
-5404
-6410
-7097
-7855
-9074
-8943
-8086
-7100
-4829
-2164
363
2285
3218
4070
4541
4128
3949
4285
4420
4436
4322
4240
3491
1724
86
-1649
-3271
-3982
-4287
-3881
-2814
-2393
-1862
-715
-711
-1144
-925
-753
-126
1089
2511
3909
4633
4897
5111
4665
3585
2592
1447
361
-110
-192
-339
-883
-1222
-1304
-1446
-1014
-72
795
1729
3271
4831
6053
7491
8223
8353
8975
8831
8235
8292
7460
6539
6217
4975
4026
3108
713
-1598
-3111
-5200
-7743
-8573
-8961
-10621
-10417
-9122
-9332
-8626
-7077
-6518
-5551
-3881
-2432
-1269
-169
1287
2217
2421
2944
2874
2063
1834
1633
875
181
-708
-2079
-3205
-4138
-5334
-6529
-7031
-7446
-7535
-5933
-4794
-4151
-2102
-810
-130
1623
2737
2991
3855
4505
4702
5281
5128
4083
3459
2668
1095
133
-438
-1637
-2116
-1776
-1757
-1650
-1310
-1374
-1328
-778
-612
-401
257
731
1210
1845
2301
2220
2030
1752
1355
1332
1184
1067
1098
1014
1246
1363
1214
1484
1533
1440
2141
2531
2736
3382
3686
4190
4761
4957
5318
5309
5101
5129
4622
4171
3989
3054
2615
2426
1318
824
-57
-1493
-1844
-3046
-4515
-4533
-5404
-6455
-5875
-5894
-6306
-5668
-5107
-4666
-4080
-3402
-2558
-2023
-1449
-778
-569
-573
-566
-668
-608
-590
-998
-1258
-1415
-1711
-1733
-1987
-2541
-2835
-3169
-3277
-2724
-2698
-2842
-2147
-1800
-1530
-895
-856
-865
-342
101
612
1363
1685
1740
2053
2359
2332
2087
1747
1203
919
912
659
551
283
-316
-386
-450
-852
-865
-763
-666
-140
413
1003
1659
1916
2106
2514
2626
2440
2530
2430
2051
1960
1684
1465
1408
1005
1107
1398
1100
1434
2035
2103
2637
3089
3147
3580
3873
3928
3971
3855
3635
3347
3143
2892
2320
1901
1686
1225
761
226
-386
-575
-799
-1242
-1309
-1622
-2234
-2271
-2473
-3084
-3474
-3946
-4229
-4207
-4325
-4384
-4261
-4090
-3869
-3431
-2844
-2498
-2242
-1731
-1336
-1079
-819
-770
-858
-1131
-1375
-1468
-1795
-2214
-2288
-2435
-2641
-2399
-2336
-2329
-1923
-1801
-1517
-897
-760
-714
-444
-328
-289
-238
-278
-309
-344
-369
-241
241
589
662
1265
1708
1555
1675
1879
1755
1547
1484
1544
1619
1510
1465
1575
1355
990
905
977
901
906
1139
1289
1369
1410
1464
1666
1738
1659
1956
2257
2181
2379
2593
2481
2510
2453
2291
2322
2250
2193
2312
2289
2227
2217
2112
1955
1742
1580
1220
834
671
412
282
121
-103
-103
-389
-696
-597
-631
-618
-516
-626
-711
-861
-1009
-1134
-1502
-1623
-1683
-1938
-1756
-1767
-2089
-2049
-2101
-2180
-2227
-2534
-2615
-2563
-2661
-2520
-2421
-2445
-2430
-2556
-2357
-2164
-2350
-2201
-1872
-1653
-1339
-1065
-848
-796
-780
-633
-591
-684
-927
-1124
-1091
-1058
-1206
-1190
-1041
-1228
-1342
-1000
-761
-688
-384
85
697
1147
1555
2024
2326
2204
1807
1963
2064
1667
1711
1938
1472
886
810
915
635
388
355
473
748
756
1249
1754
1771
2134
2449
2715
2875
2529
2836
2924
2417
2486
2037
1431
1360
770
69
-5
-572
-1211
-950
-580
-861
-683
-109
-69
271
786
1072
1108
1355
1445
1372
1634
1554
968
813
798
103
-538
-370
-508
-1596
-1676
-1080
-1742
-2375
-1381
-1510
-2211
-1252
-1230
-1379
-477
-867
-909
75
-888
-957
-44
-713
-1272
-926
-654
-1179
-1185
-848
-1237
-1500
-1547
-1633
-1431
-2035
-2283
-1485
-1739
-1847
-1217
-1382
-1171
-888
-1426
-757
-393
-1213
-417
491
-160
412
933
448
967
1104
634
668
1181
439
-196
1234
764
-462
1224
1135
-207
1147
825
109
1201
557
464
1423
876
1029
1804
1574
1722
1662
1516
2310
1802
1204
2008
1264
172
712
661
-887
-1144
-562
-1618
-1497
-682
-1583
-1331
-398
-1135
-26
1249
-45
1052
2435
1036
1573
2889
965
1110
1935
244
781
887
-358
309
-113
-901
-435
-1424
-1514
-925
-1345
-1253
-618
-451
-449
62
565
238
151
469
220
641
542
287
472
208
-790
-660
-196
-1692
-1589
-766
-1595
-1752
-792
-1099
-838
-547
-1230
-642
-521
-1224
-376
188
-1036
-686
158
-216
-250
339
177
32
183
446
715
509
268
388
508
-263
125
-65
-841
-643
-524
-572
-657
-478
-282
98
541
790
896
1461
1235
1393
2224
1419
773
1754
787
-169
1011
-15
-1121
-133
-947
-1662
-656
-1711
-1545
-1206
-1816
-673
-961
-984
70
-248
302
1082
688
1378
1587
862
1334
1579
842
678
875
139
-500
-19
-294
-1364
-1012
-1018
-1567
-1472
-708
-1084
-658
122
-718
182
593
-103
716
1212
59
910
1378
319
889
899
-47
28
-257
-737
-372
-715
-1066
-417
-622
-1230
-116
-217
-871
120
112
-241
653
340
208
1525
286
511
1536
268
235
809
96
-373
235
-170
-392
114
235
16
283
312
-71
218
308
-159
76
149
-299
111
470
-16
325
786
435
896
1016
987
1083
1068
981
979
1029
131
437
234
-724
-336
-739
-1403
-1092
-1332
-1425
-1059
-1357
-853
-646
-829
-30
217
211
626
726
1172
1117
992
1005
744
371
241
-160
-712
-680
-1588
-1222
-1536
-2330
-1407
-1669
-1952
-1016
-1002
-851
-93
126
737
835
991
1300
899
1164
946
278
563
-46
-477
-96
-926
-816
-908
-1177
-793
-623
-1008
-251
-358
-616
623
-58
260
927
318
626
1229
345
928
835
66
750
304
-87
387
-208
113
439
-303
259
-347
-573
168
-659
-400
193
-871
-113
517
-785
738
280
-158
1223
708
791
1384
757
998
1083
343
1038
201
220
397
-552
-305
-188
-1091
-245
-689
-983
-253
-885
-422
166
-473
296
734
-362
838
574
90
999
125
348
693
-61
62
165
-539
-217
-427
-701
-472
-584
-427
-264
-522
-468
-132
-644
-152
-398
-524
-53
-553
-524
487
-305
-108
540
-86
458
296
249
645
222
151
443
16
-306
-103
-431
-721
-639
-872
-927
-600
-804
-293
-36
42
640
672
1026
977
1100
1262
949
963
999
429
457
-24
-317
-389
-1038
-689
-951
-1074
-426
-787
-534
45
-125
446
706
594
768
847
770
776
655
671
261
93
321
-203
-113
78
-442
-213
-192
-592
-219
-431
-514
-143
-451
-465
-188
-497
-218
-190
-430
-50
-154
-101
84
101
224
344
376
419
321
338
527
72
-113
-165
-457
-532
-686
-701
-737
-1007
-725
-654
-661
-63
-182
-9
373
278
525
633
635
516
362
229
-17
-227
-363
-662
-496
-843
-660
-262
-692
-320
128
-275
120
285
65
290
260
298
109
8
11
-90
-15
137
-149
198
150
181
482
640
278
830
766
421
879
406
335
427
-214
-113
-100
-734
-327
-231
-373
-26
314
298
582
695
842
867
1015
983
879
929
404
284
-2
-385
-486
-1070
-898
-1287
-1277
-916
-935
-905
-375
-270
-201
467
167
474
666
316
789
783
201
386
195
-61
-310
-172
-509
-725
-599
-431
-713
-492
-298
-670
-109
-107
-84
51
53
159
190
444
279
279
332
54
190
180
128
-20
77
-43
-119
-122
-283
-161
-195
-207
111
-81
-44
89
52
-44
173
-151
-28
-24
-249
69
-291
-124
-128
-239
-37
21
-3
222
106
167
285
86
108
287
61
50
251
18
154
24
42
237
85
-285
169
51
-347
231
-13
-14
158
220
313
395
416
515
473
261
334
-37
-71
-289
-499
-423
-645
-722
-499
-684
-628
-286
-238
-43
-11
160
236
433
394
551
448
375
246
252
226
-252
-70
-416
-460
-468
-569
-486
-475
-649
-446
-262
-643
-177
83
-292
246
358
-22
513
578
269
607
684
256
423
484
128
33
113
-94
-418
-155
-367
-458
-45
-281
-189
156
108
165
444
501
386
530
349
268
437
-95
120
-33
-521
-158
-132
-371
-167
0
-314
-66
39
110
125
209
247
164
205
120
-105
44
-207
-128
28
-103
-6
-82
131
198
170
207
208
104
131
306
27
217
119
-182
67
-247
-135
-269
-453
-327
-306
-254
-194
-46
-88
-24
115
160
216
254
419
302
364
269
165
256
-85
-88
-226
-239
-441
-637
-429
-602
-591
-376
-182
-165
-187
251
191
241
337
490
383
286
595
151
90
99
-197
-90
-237
-418
-191
-482
-456
-42
-462
-148
-47
-409
252
19
-152
520
24
108
351
-65
-1
197
-1
121
280
-63
298
41
-108
137
-247
-195
24
-305
-59
-127
-360
18
-34
-161
157
38
108
301
272
331
353
208
205
393
43
71
205
-183
-61
-109
-252
-23
-243
-254
53
-136
-70
301
-28
63
128
102
-62
92
22
13
64
-124
-89
-76
-152
57
80
-25
244
12
71
246
207
69
270
122
-27
-35
25
-64
-545
0
-429
-480
-21
-338
-243
200
-153
103
415
-19
469
498
292
349
226
170
69
-82
33
-336
-441
-241
-525
-584
-304
-392
-530
99
-126
60
456
126
380
438
320
431
365
63
371
-86
-89
154
-376
-296
-25
-469
-365
142
-410
-179
375
-192
9
612
-185
192
476
-11
239
224
207
46
92
108
-110
-279
-36
-283
-152
-25
-535
-144
47
-494
97
98
-311
176
-13
-119
111
-115
-58
241
-44
160
239
113
79
-67
222
-68
-135
218
-293
-62
45
-452
-54
-138
-603
216
148
-500
301
394
-425
535
213
-169
380
-101
-45
259
-64
-60
61
-148
-102
-155
94
-70
-246
84
-132
-207
-21
-321
-151
-191
-269
-110
-227
-265
-259
-187
-236
-221
25
-262
-78
-45
-48
33
14
96
77
277
166
72
180
25
-24
254
278
18
211
227
-209
152
317
53
219
404
99
207
403
184
407
490
283
386
281
243
119
95
32
-93
8
-100
-148
-28
-210
-356
27
-102
-199
288
56
-90
301
55
7
212
92
64
165
121
-108
-82
-132
-132
-9
-41
-136
-117
-181
-228
-7
-73
-150
-135
-195
-125
58
42
90
170
128
215
333
251
165
287
133
92
146
-40
-153
-205
-203
-311
-204
-226
-361
-311
-272
-331
-131
-4
-87
-20
39
25
-134
-67
-178
-184
-113
-210
-214
-246
-437
-417
-288
-330
-165
-88
-25
-157
-104
55
-11
90
229
101
74
55
-38
-64
-76
-90
-155
-2
-53
-99
-13
-128
-48
76
78
198
146
105
195
157
317
446
318
345
360
374
569
528
517
541
394
577
548
558
576
454
394
448
356
282
168
-73
-83
-89
-91
-90
-199
-248
-278
-316
-127
-189
-200
-179
-222
-122
-142
-231
-166
-114
-230
-29
-51
-275
-266
-395
-358
-248
-227
-300
-336
-482
-462
-435
-462
-406
-466
-522
-437
-471
-473
-377
-423
-379
-222
-187
-186
-106
-316
-328
-192
-150
-12
-75
-160
-197
-281
-144
-99
-101
-7
3
-9
161
210
192
356
344
469
622
593
655
522
508
697
720
831
932
805
849
863
864
1030
919
896
968
861
959
954
927
922
839
936
996
989
1029
991
966
1099
1101
643
677
290
-181
189
-65
-633
-780
-1271
-1805
-1856
-2040
-2137
-2466
-2830
-2836
-2957
-3034
-2837
-2917
-2829
-2530
-2235
-1788
-1432
-1427
-1053
-517
-285
255
532
556
706
719
1077
1380
1247
1441
1520
1406
1593
1625
1482
1411
1278
1373
1515
1327
1113
912
625
506
548
493
193
-186
-396
-539
-725
-707
-806
-1008
-1041
-1069
-935
-827
-1049
-972
-758
-727
-409
-220
-282
-316
-225
16
314
491
445
481
439
459
737
854
714
626
505
538
591
532
464
256
72
207
369
325
328
232
246
307
575
793
877
849
853
1082
1287
1524
1667
1783
1767
1754
2003
2027
1970
1990
1888
1985
2027
1888
1727
1528
1375
1432
1514
1360
734
-94
-343
-785
-1061
-868
-1655
-2638
-3170
-3731
-3957
-3982
-4272
-4608
-4918
-5240
-4988
-4844
-4822
-4548
-4321
-3780
-3249
-2809
-2351
-2103
-1719
-843
-8
500
863
963
1202
1654
2024
2582
2633
2377
2419
2510
2507
2502
2271
1946
1851
1751
1733
1709
1056
596
545
450
474
466
150
-308
-560
-537
-314
-378
-473
-637
-771
-684
-603
-493
-501
-606
-537
-206
-67
-174
-139
-243
-328
17
230
218
151
-63
-106
14
140
164
113
23
-123
-46
76
-46
-95
-56
-51
117
204
177
107
8
147
544
722
688
752
704
719
994
1243
1309
1288
1218
1266
1424
1474
1515
1506
1432
1487
1625
1678
1451
1292
1211
1190
1287
1378
1290
1080
967
891
1064
1162
1213
1359
1258
1134
681
231
247
-205
-319
-75
-976
-1888
-2363
-3102
-3321
-3171
-3561
-3987
-4656
-5310
-5112
-4971
-4838
-4546
-4454
-4358
-3994
-3543
-2949
-2460
-2031
-1150
-516
-37
523
723
1151
1687
2120
2796
2908
2711
2838
3015
3063
3199
3085
2744
2541
2230
2186
1989
1349
1013
939
689
522
409
-156
-682
-770
-683
-551
-639
-954
-1257
-1433
-1348
-1129
-988
-1070
-1258
-1171
-914
-792
-719
-572
-602
-402
17
269
374
277
248
428
785
1027
979
773
542
360
538
694
406
98
-164
-401
-388
-236
-329
-540
-743
-725
-490
-328
-213
-118
-221
-60
323
606
862
912
947
1162
1379
1529
1682
1629
1581
1669
1730
1791
1620
1361
1227
1213
1276
1385
1260
982
826
754
969
1121
1088
1042
912
931
1245
1461
1523
1345
1321
1554
1769
2030
2045
1308
606
566
446
502
509
-451
-1680
-2353
-2781
-2732
-2646
-3258
-4057
-4824
-5261
-5113
-4838
-4698
-4841
-4944
-4761
-4486
-4062
-3572
-3223
-2714
-2035
-1468
-1040
-808
-592
-19
694
1283
1686
1616
1418
1605
2063
2511
2733
2473
2095
1941
1956
2142
2150
1736
1282
1139
1070
969
704
194
-293
-488
-371
-328
-579
-1076
-1494
-1523
-1260
-993
-923
-1175
-1360
-1241
-768
-289
-136
-123
-109
40
532
946
985
900
759
836
1116
1319
1197
856
581
470
615
742
599
227
-99
-145
-32
68
33
-147
-342
-263
-47
160
189
133
134
265
528
763
740
716
728
862
1118
1246
1186
998
1056
1101
1257
1347
1119
869
706
762
939
960
831
617
368
382
544
626
626
516
441
538
590
658
722
625
678
894
1076
1155
1153
1023
1059
1272
1517
1741
1670
1386
852
531
563
463
441
147
-693
-1556
-2096
-2279
-2397
-2567
-2990
-3770
-4547
-4895
-4835
-4702
-4592
-4702
-4881
-4922
-4769
-4259
-3676
-3232
-2763
-2233
-1783
-1419
-956
-467
117
730
1239
1561
1612
1646
1883
2294
2612
2767
2723
2425
2315
2264
2297
2289
1953
1626
1403
1171
971
736
425
138
-41
-56
-138
-404
-692
-772
-809
-689
-562
-596
-748
-823
-654
-411
-184
-184
-270
-234
-158
66
301
277
139
193
309
471
608
537
403
374
426
571
635
485
314
247
238
319
343
199
74
-45
34
206
154
59
17
-3
80
273
356
265
309
351
427
633
641
543
528
547
616
720
751
610
504
527
612
748
796
708
599
531
614
801
828
797
718
587
654
768
862
928
868
863
967
1112
1226
1342
1405
1455
1591
1722
1718
1652
1636
1629
1693
1775
1546
953
531
171
-147
-163
-454
-1319
-2083
-2694
-3141
-3196
-3340
-3776
-4365
-4895
-5092
-4974
-4842
-4722
-4727
-4730
-4463
-4116
-3651
-3216
-2945
-2462
-1878
-1369
-871
-493
-180
269
769
1295
1664
1710
1783
2022
2214
2464
2559
2378
2206
2089
2071
2084
1851
1428
1177
981
860
715
467
43
-336
-385
-320
-327
-496
-713
-855
-786
-569
-366
-315
-443
-481
-238
6
229
310
277
289
389
631
787
731
627
662
732
885
1020
900
738
689
704
809
891
670
501
404
297
350
339
193
16
-103
-103
-90
-110
-140
-172
-164
-102
63
107
125
190
272
398
522
598
602
651
713
800
871
897
847
823
885
907
925
917
851
751
702
712
676
663
625
550
498
363
344
328
273
303
343
326
282
308
329
390
471
619
748
817
871
881
828
898
1030
1086
1113
800
321
77
-175
-284
-241
-653
-1342
-1930
-2446
-2660
-2613
-2765
-3132
-3594
-4034
-4128
-3977
-3811
-3717
-3735
-3723
-3641
-3410
-3035
-2758
-2494
-2132
-1830
-1454
-1142
-924
-560
-228
97
534
742
819
1043
1281
1520
1770
1836
1786
1749
1750
1841
1898
1743
1558
1435
1328
1305
1281
1112
891
728
674
715
720
621
479
398
368
406
473
427
348
347
394
463
431
387
341
287
344
404
320
147
26
-68
-22
32
-7
-161
-332
-413
-446
-316
-297
-408
-459
-513
-484
-338
-234
-214
-180
-158
-69
124
214
313
410
450
573
681
765
818
854
930
1021
1018
984
947
818
828
891
843
762
577
410
392
409
448
406
246
114
54
68
171
172
29
0
-21
-18
130
162
66
58
152
264
471
537
517
514
562
782
974
1110
1176
1121
1150
1242
1226
1305
1312
1148
1076
890
504
247
-76
-359
-466
-787
-1254
-1704
-2189
-2449
-2573
-2708
-2900
-3274
-3630
-3710
-3746
-3689
-3520
-3534
-3553
-3413
-3232
-2978
-2693
-2471
-2140
-1784
-1457
-1120
-872
-691
-357
14
417
724
797
904
1052
1220
1503
1705
1718
1689
1679
1749
1874
1895
1840
1771
1701
1724
1736
1668
1516
1301
1191
1210
1153
1073
911
626
483
418
362
300
140
-1
-117
-224
-236
-303
-445
-471
-460
-489
-437
-492
-696
-735
-692
-665
-510
-495
-674
-684
-665
-579
-317
-201
-183
-121
-114
-1
245
405
545
696
763
888
1046
1091
1187
1235
1254
1343
1345
1307
1254
1153
1075
1062
1013
885
739
583
457
372
347
272
140
73
-3
-47
-10
-53
-159
-199
-218
-184
-59
-36
-43
-64
-59
48
159
233
245
238
255
328
409
492
502
463
507
581
614
653
628
554
552
590
636
589
491
375
254
225
166
-22
-217
-497
-777
-874
-1056
-1311
-1570
-1894
-2168
-2289
-2407
-2574
-2751
-2957
-3058
-3026
-2981
-2927
-2902
-2917
-2766
-2548
-2317
-2090
-1945
-1743
-1501
-1204
-882
-639
-456
-236
-11
275
570
730
853
982
1138
1346
1545
1627
1673
1719
1768
1876
1930
1873
1800
1707
1666
1629
1596
1488
1271
1136
1009
893
829
696
473
294
153
22
-19
-146
-265
-365
-485
-519
-537
-576
-584
-619
-640
-583
-588
-544
-469
-470
-379
-272
-214
-74
20
81
237
357
435
572
661
711
810
905
992
1036
1046
1093
1118
1110
1146
1120
998
911
895
832
741
697
553
394
326
261
178
143
14
-144
-172
-251
-290
-241
-301
-367
-349
-342
-280
-207
-158
-72
-30
-15
87
168
204
280
355
368
376
364
340
355
361
364
405
353
245
271
241
211
250
222
164
132
106
94
108
17
-45
-73
-155
-204
-279
-406
-581
-731
-833
-918
-1034
-1178
-1330
-1522
-1667
-1712
-1753
-1841
-1942
-1996
-2042
-2029
-1924
-1864
-1824
-1760
-1690
-1575
-1381
-1215
-1088
-907
-797
-643
-404
-249
-99
70
174
299
458
570
707
794
864
975
1006
1042
1101
1093
1118
1159
1122
1085
1052
970
927
868
783
722
617
535
473
411
363
262
255
211
146
196
134
91
151
108
112
186
143
162
222
177
207
255
233
263
269
258
298
305
330
397
384
393
415
419
454
508
525
520
519
486
482
490
495
461
448
395
355
359
317
281
234
187
177
149
115
91
1
-42
-51
-65
-24
-12
-94
-94
-82
-129
-47
-8
-83
-30
-23
-84
-19
5
-7
33
65
47
45
28
11
13
35
35
3
-57
-92
-115
-154
-114
-126
-192
-159
-151
-186
-155
-144
-186
-150
-127
-126
-131
-207
-236
-261
-277
-263
-277
-398
-457
-544
-624
-595
-665
-746
-777
-867
-933
-918
-960
-973
-1005
-1007
-981
-1013
-983
-947
-953
-866
-766
-754
-640
-589
-573
-415
-324
-237
-113
-58
16
128
213
319
380
415
493
539
584
633
634
635
630
624
650
667
609
582
553
469
468
455
425
403
367
329
302
265
272
303
265
260
252
177
186
216
189
235
236
172
238
231
191
259
218
270
269
202
276
230
207
399
353
273
422
245
189
387
262
316
422
220
238
301
179
271
282
184
286
194
121
209
62
75
205
70
91
89
-60
-31
-27
-88
-42
-117
-181
-105
-173
-177
-123
-201
-191
-148
-172
-133
-125
-223
-205
-188
-240
-151
-187
-315
-288
-300
-360
-266
-285
-356
-303
-305
-292
-266
-283
-255
-262
-212
-107
-178
-177
-140
-236
-161
-49
-131
-104
-126
-244
-188
-193
-241
-232
-313
-342
-316
-364
-381
-410
-483
-468
-494
-512
-440
-517
-544
-484
-540
-507
-409
-407
-392
-316
-279
-251
-181
-105
-63
-22
32
62
87
102
152
224
220
259
286
204
255
366
323
365
462
352
351
437
403
421
507
468
435
454
462
429
393
419
368
387
418
303
339
333
176
308
257
150
289
164
122
192
50
139
139
3
167
48
-43
209
-15
-3
248
-54
20
236
-16
81
276
61
156
234
105
161
206
163
225
259
173
201
196
103
149
138
32
72
33
-64
-1
-66
-157
-100
-192
-206
-174
-226
-205
-301
-299
-255
-382
-260
-225
-363
-237
-290
-398
-213
-295
-316
-187
-330
-248
-171
-224
-95
-148
-141
-68
-169
-30
-15
-106
83
-33
-96
86
-81
-118
32
-69
-105
19
-56
-177
-118
-102
-205
-113
-53
-227
-165
-120
-270
-118
-101
-245
-127
-192
-266
-132
-188
-203
-159
-243
-189
-203
-210
-107
-153
-66
30
-88
59
64
-26
223
194
162
391
208
222
410
174
332
453
176
351
406
128
304
301
81
228
223
72
209
136
25
122
45
24
134
36
38
67
-8
93
76
42
132
3
37
177
-11
142
192
-24
158
175
-22
156
130
-18
140
95
75
136
2
47
63
-15
141
69
-16
116
12
41
99
14
128
79
49
174
6
52
196
-28
108
195
-24
72
108
-70
82
53
-98
3
-93
-184
-69
-156
-251
-131
-247
-302
-230
-311
-340
-277
-304
-289
-282
-303
-293
-319
-238
-223
-264
-143
-157
-197
-90
-133
-124
9
-70
-2
31
-53
20
21
-10
67
40
28
19
-15
78
-1
41
38
-80
7
-1
-84
40
-47
-124
-3
-79
-122
5
-98
-130
-9
-97
-76
-16
-79
-53
-19
-62
-10
-16
-21
29
29
27
54
42
53
117
142
122
171
110
108
190
149
179
189
135
120
120
146
138
100
141
87
51
167
63
69
203
42
93
178
3
54
165
-38
53
169
-17
68
105
-65
-11
42
-34
56
99
4
-3
6
-16
31
90
59
36
35
28
33
30
42
18
-18
1
4
-41
-34
-107
-106
-93
-172
-125
-173
-262
-143
-182
-242
-128
-256
-224
-73
-203
-84
-39
-178
-33
-32
-78
68
-55
-34
57
-139
52
66
-150
83
-21
-160
146
-92
-79
142
-135
14
96
-126
34
32
-41
111
50
78
104
35
106
105
110
166
82
103
151
21
148
165
19
166
127
2
140
41
-22
88
-24
-12
14
-62
-90
-23
-38
-76
-26
-75
-129
-10
-8
-61
58
-43
-52
68
4
38
77
22
47
73
65
91
65
35
32
1
21
38
3
29
-35
-58
-44
-126
-52
-71
-95
-14
-132
-151
-109
-224
-90
-135
-154
-14
-170
-83
-16
-129
29
18
-47
63
-14
39
81
13
74
60
67
92
74
113
78
100
151
81
119
157
44
137
182
85
193
193
71
180
162
58
190
107
39
117
28
-19
53
7
-85
-15
-26
-136
12
-11
-169
-6
-97
-187
53
-118
-127
20
-192
-43
7
-145
31
-56
-96
72
-50
-28
28
-90
-27
39
-31
32
5
-48
19
53
13
17
8
-29
16
22
3
-21
-57
-85
-31
-82
-92
-12
-144
-116
8
-156
-114
-53
-191
-82
-70
-75
-54
-132
3
-97
-94
135
-107
-31
140
-180
31
109
-165
95
60
-119
122
13
-50
152
-1
38
102
-35
57
50
-34
136
45
-11
144
-24
-9
184
8
25
170
-19
11
135
-14
-8
112
-5
-32
75
-10
-23
53
-30
-14
-21
-13
-21
-50
12
-42
-18
34
-66
53
56
-39
125
42
-13
172
-1
13
157
-3
83
139
36
72
131
93
107
105
149
96
87
203
68
64
198
15
69
175
-5
61
81
-37
0
9
-81
-81
-109
-91
-120
-122
-107
-207
-168
-115
-187
-157
-137
-210
-213
-110
-196
-207
-107
-218
-168
-48
-163
-132
-64
-172
-21
7
-114
-24
-50
-108
45
32
-37
52
23
-43
88
99
-2
95
92
-24
119
131
-53
70
102
-44
110
88
-68
19
58
-24
6
85
-77
-100
70
-63
-102
121
-91
-159
137
-32
-87
154
-54
-74
136
34
26
145
60
17
116
102
67
93
134
37
72
156
4
31
101
-8
49
71
14
17
10
71
12
22
94
-50
4
96
-56
50
62
-90
38
-7
-59
11
-39
-24
-17
-26
-5
-55
-66
2
-61
-25
40
-94
15
25
-116
92
-38
-79
165
-70
-47
123
-163
21
100
-159
87
-22
-152
73
-69
-74
13
-142
-63
-43
-111
-35
-128
-156
-35
-131
-89
-33
-195
-129
-54
-150
-47
2
-164
-58
-30
-77
21
-30
-3
-26
-29
59
-47
-22
75
-21
9
115
-18
-16
65
-34
6
81
-36
-35
7
-59
25
34
-64
27
-35
-7
82
-5
50
33
-1
55
51
63
88
48
83
77
96
109
72
80
82
73
76
140
37
62
148
3
79
147
-14
98
133
-23
111
58
-31
72
38
30
34
59
42
-13
99
85
-38
121
53
-46
151
70
-16
115
37
-55
70
72
-43
37
48
-113
-27
32
-120
-64
7
-157
-90
-24
-131
-92
-43
-89
-106
-53
-10
-117
-34
41
-111
18
72
-123
35
90
-83
101
51
-45
50
-2
16
-2
-22
59
-64
-43
50
-109
-54
44
-146
-55
28
-173
-50
-24
-162
-71
-16
-120
-86
-21
-105
-56
-22
-55
-24
-91
-38
-12
-101
27
17
-143
23
13
-115
73
56
-108
82
58
-73
103
48
-60
103
19
-20
129
-30
36
67
-51
69
23
-26
59
-30
25
15
-37
46
-44
2
51
-52
25
32
-74
34
2
-63
44
-24
-65
54
-2
-25
87
-31
-16
70
-5
61
88
24
47
58
46
81
96
61
50
120
48
69
120
27
45
103
18
44
87
11
28
69
29
13
70
-8
14
64
15
15
17
3
15
8
21
3
-41
39
10
-55
54
-34
-81
39
-55
-68
-10
-51
-110
-44
-39
-125
-65
-45
-116
-80
-15
-98
-115
-32
-99
-123
-5
-63
-131
8
-71
-91
13
-50
-49
16
-32
-12
8
-36
-26
-14
-10
6
37
-24
-11
-8
4
5
14
-4
-33
-2
9
-23
22
-10
-27
25
-3
1
21
7
3
44
33
11
-9
12
-44
19
76
-41
13
42
-77
43
67
-45
45
38
-11
51
20
33
32
17
76
27
33
117
0
57
122
-35
73
74
-55
88
67
-38
83
21
-17
69
18
-6
43
16
0
18
12
-3
29
22
16
25
8
15
37
31
18
37
-10
-9
14
14
16
-2
9
1
-49
31
-3
-74
51
-71
-51
50
-124
-17
-8
-136
31
-14
-109
18
-75
-80
26
-48
-15
-41
-70
-12
-62
-11
2
-95
-26
-4
-79
-2
-5
-89
-23
-14
-50
-28
-38
-43
-47
-19
10
-40
-36
-24
-55
-2
-6
-17
-16
-23
-9
-11
15
-4
0
53
24
34
96
9
42
95
17
100
89
19
61
65
31
79
74
-2
40
37
-18
37
4
-30
-3
-33
-25
-23
-19
-34
-43
-1
-15
-31
12
-42
-33
1
-22
-11
-16
8
2
-4
46
-4
1
58
-2
49
75
4
37
58
13
58
70
13
54
37
21
63
17
33
49
-15
50
39
-38
59
5
-29
54
-17
-25
25
-14
-2
-20
-4
-1
-43
16
-12
-61
-11
1
-57
-24
24
-64
-50
31
-60
-41
24
-55
-43
19
-44
-20
8
-36
-13
11
-3
-20
8
5
-20
7
10
-31
-6
15
-30
-20
-1
-47
-25
-3
-64
-11
-20
-58
-11
-46
-22
-21
-56
-5
-31
-47
30
-43
-33
28
-41
-7
12
-25
14
3
-29
8
-1
-24
-3
-2
-14
-9
14
3
-36
22
10
-35
41
15
-30
54
-9
-13
81
-14
-3
57
-9
26
34
12
20
-6
23
6
-30
48
24
-30
59
-10
-22
61
-4
0
44
20
4
7
46
8
-6
75
-6
-29
89
0
-41
88
-9
-33
81
-21
-41
55
-6
-3
32
-10
-8
5
20
9
-9
43
4
-1
54
1
1
29
18
26
28
43
11
6
36
16
16
18
11
-14
13
3
-20
14
-6
-36
6
-12
-17
1
-30
-10
-14
-30
-1
-39
-22
12
-20
-8
-1
-23
-1
10
-13
1
17
-31
-4
15
-38
28
10
-35
8
2
-21
17
-6
-10
-16
-17
-9
-28
-2
-9
-29
-4
-11
-44
-21
-19
-47
-12
-15
-65
-29
-54
-69
-18
-48
-48
-16
-52
-52
-24
-27
-46
-13
-4
-27
4
-2
-10
26
17
17
38
