-4
-6
-4
-3
-1
-3
-5
-1
-5
-1
1
-1
4
-3
1
-1
0
-1
-2
-2
-6
-4
-8
-5
-6
-8
-4
-2
-2
-4
-4
-1
1
-4
-2
0
-4
-1
-1
-2
-3
-6
-4
-1
-2
-1
-1
-2
-3
-2
-3
-3
2
-6
-1
2
-1
1
-1
2
0
2
4
3
4
4
4
3
1
-1
3
3
4
11
2
-2
3
-1
-2
0
2
4
2
2
2
2
2
2
3
5
5
2
8
5
4
9
7
5
9
8
3
6
6
4
3
2
2
7
4
0
5
4
5
6
2
1
-2
-7
-3
0
0
2
2
1
2
0
1
2
1
0
-3
0
-4
-7
-2
-4
-7
-4
-4
-2
-3
-4
-4
-7
-9
-10
-6
-8
-7
-9
-7
-7
-9
-7
-9
-3
-2
-9
-8
-6
-5
-1
-6
-5
-1
-3
-3
-5
-5
-9
-5
-4
-3
-2
0
-3
-3
-1
-4
-5
-8
-5
-3
-2
-4
-2
2
4
2
1
5
1
-1
4
5
2
2
5
5
4
2
2
3
1
-1
1
0
-2
4
3
1
5
1
6
4
5
3
4
5
-2
0
7
2
-4
2
0
2
1
-1
-2
-4
2
2
4
2
0
-1
0
-1
-3
-3
-3
-2
-4
-2
2
1
-1
0
2
6
4
-2
2
0
-1
0
1
-1
-2
-2
1
4
-1
3
4
2
4
2
3
5
0
0
5
3
6
2
7
3
-1
2
1
2
2
5
6
0
-3
0
5
2
3
3
-1
-3
-3
1
-2
-1
1
1
4
3
5
3
3
5
1
5
0
3
6
1
2
0
1
-4
-1
0
1
1
-3
-2
-5
-4
-7
-7
-4
-4
-4
-2
-2
-4
-2
2
0
-7
-6
-6
-4
0
-5
-4
-4
-1
-1
-1
-1
-5
0
0
-2
1
-1
-1
3
2
5
1
-1
0
0
-1
1
-1
-7
-7
-4
-8
-7
-2
-1
-3
-5
1
1
-2
-3
0
-3
-8
-2
-4
-3
-1
-5
-2
-3
-1
-5
-3
-1
-5
-2
-8
-8
-3
-2
-2
0
3
1
1
0
4
3
-1
-1
1
0
0
3
2
4
-1
-1
4
-1
1
0
1
3
3
1
0
1
-1
3
4
3
0
3
3
-1
0
-1
-4
-2
3
0
-2
1
5
-1
-2
-3
-5
-1
-3
1
-2
-5
-1
-3
0
4
2
-2
0
0
-3
-3
0
1
1
0
1
2
5
1
1
-3
-3
1
-4
-2
0
-5
-6
-6
-5
-5
-5
0
-3
-4
-2
-1
-5
0
4
3
1
0
1
-1
-2
-3
-2
-3
-1
2
1
1
-1
-3
-1
-4
-7
-6
-5
-8
-8
-7
-9
-11
-6
-4
-1
0
-3
-8
-4
-1
-5
-2
-2
-3
-1
-1
-2
-5
0
-2
-1
1
-2
-1
-5
-2
-4
-5
-6
0
-2
-2
1
-4
-3
2
4
5
5
3
5
4
4
10
4
4
6
8
8
7
3
4
5
6
5
2
6
1
4
4
6
5
1
-2
0
3
2
-4
-4
-5
-6
-4
-7
-4
-7
-8
-4
-5
-2
-4
-8
-8
-9
-7
-2
-4
-4
-6
-5
-8
-5
-1
-2
0
-7
-4
-1
1
1
2
-1
-2
1
-5
3
0
-1
5
1
0
-2
1
-2
-6
1
1
0
2
3
2
-1
-6
-2
-1
-5
-1
-5
-2
0
-1
-1
0
2
-2
-2
1
0
-1
-3
-1
-4
-1
-2
-2
2
2
1
-3
-2
-2
0
-4
-3
0
1
1
1
2
1
2
-1
2
3
2
0
-5
0
-1
2
1
-2
-1
1
5
0
2
4
0
1
5
2
0
5
-2
-1
-3
-1
0
0
3
0
2
-3
-5
-5
-1
-4
-8
-1
-2
-3
-7
-9
-9
-8
-7
-7
-4
-7
-4
-7
-5
-7
-5
-2
-8
-7
-2
-2
-5
0
-2
-3
0
-2
-2
-4
-5
-4
3
1
-1
5
2
4
2
3
4
4
6
2
0
-3
-6
0
2
-1
3
-1
-6
-2
-4
-4
-5
-3
-2
0
3
-2
2
4
0
5
8
7
5
6
7
5
7
6
3
2
3
-1
3
5
2
2
-1
3
2
4
4
-2
1
3
1
-2
-1
2
-2
2
1
-1
-3
-1
1
-3
1
-3
-1
0
-2
-2
0
-1
0
6
3
7
3
1
2
1
5
-5
-5
-2
-2
-1
-2
-4
-1
1
-3
-1
2
6
7
4
4
5
6
7
3
3
3
1
0
3
0
0
-4
-7
1
-5
-2
-5
-6
-3
-9
-5
-3
-5
1
4
4
7
1
-5
2
1
7
7
5
7
3
0
-3
3
0
-3
-2
-2
-6
-5
-9
-9
-8
-8
-7
-7
-4
-1
-3
-5
-4
3
8
10
10
6
8
12
9
3
-4
-4
-5
-6
-9
-10
-6
-8
-11
-6
-3
-5
-4
0
5
6
5
4
3
7
8
5
9
8
6
5
7
10
5
2
-6
-5
-2
-7
-1
-2
-7
-9
-2
2
-4
-6
-4
4
7
8
8
9
10
8
-2
-2
3
-6
-4
-8
-1
5
0
-1
3
12
9
5
2
6
10
17
18
8
2
-2
-1
-1
1
-8
-5
1
1
4
9
9
-4
-10
-7
-1
5
-3
-6
-1
7
8
8
10
3
3
5
12
15
11
-5
-8
-6
-14
-24
-30
-26
-26
-26
-17
-3
9
9
2
-6
-2
-3
-4
-6
-8
-10
-9
-1
-4
1
2
-3
-3
5
9
9
10
6
9
12
5
-1
-3
-6
-6
-12
-11
-3
-1
-3
-9
-13
-18
-22
-25
-21
-16
-18
-19
-10
7
8
5
8
16
16
14
13
13
12
2
-1
5
9
2
-6
4
16
23
17
25
30
33
31
28
35
33
29
25
31
36
34
26
15
11
-4
-13
-21
-30
-37
-49
-46
-30
-20
-20
-22
-20
-11
-10
-9
-15
-11
0
2
-2
-8
-1
12
12
2
-14
-18
-11
-11
-16
-22
-10
6
22
37
43
47
55
62
67
63
50
34
20
10
-3
-20
-34
-60
-84
-80
-65
-56
-68
-82
-68
-52
-54
-72
-66
-38
-15
-4
8
62
111
120
82
47
43
42
6
-65
-118
-125
-94
-66
-64
-77
-79
-55
-13
16
39
66
104
121
103
69
37
-73
-349
-663
-847
-861
-788
-711
-601
-416
-127
309
761
1009
989
874
832
807
658
378
131
-34
-127
-137
-13
179
264
253
300
487
673
744
722
711
734
737
730
710
650
493
240
-20
-259
-516
-803
-1078
-1301
-1540
-1725
-1682
-1346
-926
-664
-481
-148
369
801
950
884
763
661
512
331
142
-66
-312
-559
-702
-760
-818
-957
-1120
-1193
-1168
-1062
-914
-693
-411
-116
193
466
716
897
971
887
598
303
136
6
-327
-802
-1031
-922
-761
-788
-750
-410
14
288
484
853
1224
1340
1311
1441
1743
1807
1563
1283
1208
1175
922
619
427
354
305
421
882
1382
1687
1881
2200
2336
1825
878
-123
-1341
-3319
-5364
-6013
-5131
-4320
-4774
-5081
-3303
80
2605
2924
2451
2842
3949
4415
3727
2575
1467
561
-114
-380
-576
-1284
-2306
-3027
-3090
-3048
-3296
-3449
-3191
-2590
-1996
-1107
399
2121
3322
3708
3903
4242
4408
3877
2566
956
-642
-1830
-2386
-2518
-2876
-3903
-4629
-4046
-2475
-1522
-1854
-2104
-1146
562
1743
2263
2745
3152
3247
3123
3189
2966
1738
-63
-1390
-1732
-1917
-2430
-2868
-2630
-1647
-481
706
1779
2620
3065
3169
3358
3531
3441
2932
2416
2406
2700
3068
3413
3815
3529
1796
-790
-3055
-4601
-6438
-8757
-10290
-10019
-8313
-6282
-3823
-593
2773
5093
6077
6809
7550
7522
6041
3827
2153
1075
99
-1100
-2127
-2835
-3591
-4313
-4791
-4914
-5180
-5706
-5807
-5033
-3533
-1932
-159
1973
4192
6083
7341
8104
8076
6965
4872
2360
39
-2137
-4079
-5524
-6134
-5990
-5515
-4639
-3398
-2185
-1730
-1918
-1702
-714
368
751
1037
2121
3691
4762
4913
4637
3910
2400
394
-1350
-2559
-3807
-5060
-5523
-4621
-2882
-1247
172
1642
3226
4457
5057
5225
5020
4414
3464
2687
2377
2305
2252
2269
2661
3239
3708
4081
4144
3070
178
-3611
-6644
-8304
-9305
-10260
-10642
-9840
-7671
-4380
-456
3143
5183
5587
5611
6355
7210
6728
4711
2447
1199
770
274
-713
-2098
-3569
-4992
-6008
-6383
-6428
-6586
-6778
-6228
-4552
-2091
522
2882
4855
6349
7596
8665
9140
8313
5994
3042
475
-1361
-2942
-4618
-6069
-6782
-6529
-5616
-4430
-3364
-2694
-2404
-2120
-1317
-133
772
1202
1775
2978
4267
4847
4598
3896
2832
1321
-379
-1867
-2999
-3899
-4439
-4248
-3261
-1894
-606
554
1726
2807
3610
4068
4243
4162
3822
3359
2953
2670
2394
2001
1712
1919
2591
3213
3471
3698
4262
4696
3854
1361
-1884
-4753
-6940
-8677
-9782
-10055
-9871
-9210
-7213
-3384
917
3574
4288
4778
6344
8035
8139
6458
4278
2647
1459
383
-768
-2166
-3833
-5411
-6274
-6445
-6447
-6651
-6837
-6426
-5244
-3383
-981
1694
4082
5792
7217
8687
9684
9213
7074
4143
1275
-1170
-3279
-5064
-6434
-7291
-7342
-6434
-4817
-3290
-2398
-1924
-1447
-821
-193
378
918
1438
2080
2943
3940
4560
4286
3138
1589
193
-1128
-2591
-3988
-4804
-4734
-3963
-2686
-1089
562
2022
3213
4223
4928
5147
4736
3933
3276
2881
2650
2339
2042
1991
2187
2650
3170
3657
3923
4030
4360
4918
5046
3520
387
-3190
-6205
-8274
-9624
-10327
-10975
-11761
-11328
-8232
-3029
1305
2954
3215
4627
7599
9744
9475
7283
4884
3198
1933
816
-803
-3028
-5405
-7100
-7560
-7415
-7317
-7539
-7547
-6839
-5362
-2979
-83
2656
4443
5609
7231
9174
10337
9485
6953
4026
1490
-558
-2617
-4676
-6543
-7811
-7953
-6921
-5187
-3812
-3066
-2437
-1360
164
1261
1594
1434
1497
2096
2840
3457
3522
3008
2157
1482
1086
323
-937
-2382
-3237
-3245
-2775
-2066
-1321
-266
1028
2399
3702
4669
5143
4907
4366
3813
3351
2847
1977
1127
622
710
1180
1636
2167
2745
3539
4386
5078
5559
5786
5612
4018
833
-3203
-6949
-9370
-10605
-11189
-12245
-13514
-12789
-8808
-3010
1113
2380
2838
4933
8397
10361
9613
7189
4998
3634
2385
1043
-877
-3190
-5303
-6727
-7239
-7491
-7646
-7802
-7793
-7352
-6193
-3732
-541
2322
4003
5215
7314
9705
10867
9734
7124
4457
2179
251
-1750
-3770
-5628
-6920
-7048
-6107
-4769
-4113
-4117
-3972
-3280
-2019
-673
534
1185
1349
2118
3978
5965
6190
4553
2856
2222
1896
591
-1305
-2790
-3530
-3614
-3004
-1653
-416
89
303
1005
2171
2807
2591
2052
1915
2283
2716
3178
3509
3621
3626
3692
3941
3939
3503
2937
2774
3167
3654
4020
4291
4816
4982
3375
-332
-5483
-9828
-11773
-12006
-12677
-15029
-16349
-13273
-6139
700
3799
4386
5654
8917
11702
11519
8719
5193
2833
1321
-1
-1401
-2987
-4176
-5168
-6040
-6754
-6969
-6655
-6748
-7409
-7931
-6602
-3240
459
3036
4312
6139
8948
11334
11798
9815
6668
3435
749
-1449
-3513
-5359
-6835
-7325
-6777
-5349
-3760
-2878
-2607
-2772
-2483
-1342
145
1260
1572
2087
3433
5047
5905
5584
4314
2451
725
-640
-1810
-3274
-4772
-5242
-4398
-2684
-988
305
1399
2468
3420
4165
4620
4469
3836
3080
2792
2943
2839
2450
1933
1777
1927
1941
1841
1726
1937
2175
2583
3313
4267
5436
6224
6907
6446
3666
-1478
-7692
-11584
-12754
-13178
-15439
-18513
-17803
-11811
-3320
2137
3545
3984
6209
9971
11412
9693
6261
3617
2762
2059
1169
-99
-879
-1315
-2507
-4339
-6224
-6744
-6932
-8123
-10025
-10850
-8275
-3815
188
2359
3818
6742
10279
12741
12329
9661
6410
3508
1513
-419
-2145
-3812
-5028
-5254
-4841
-3721
-3108
-3373
-4433
-5457
-5094
-3742
-2225
-1630
-1030
924
3877
6471
7196
6736
5623
4235
2654
774
-891
-2733
-4084
-4450
-3631
-2054
-832
64
604
1201
1804
2384
2762
2422
1954
1719
2352
3275
3570
3487
3222
3318
3343
2969
2439
1809
1338
1187
1821
2938
3991
4999
5940
7085
7078
4497
-817
-7648
-12167
-13296
-13185
-15014
-18468
-18388
-12368
-3318
2508
3574
3477
5426
9137
10571
8889
5703
3452
3205
3005
2344
1291
949
1150
-33
-2860
-6148
-7517
-7644
-8769
-11288
-12996
-10628
-5454
-482
2357
3991
6941
10655
13438
13315
10510
7014
4030
2083
267
-1496
-2967
-3783
-3828
-3635
-2974
-2557
-2958
-4387
-6097
-6472
-5517
-4093
-3089
-2139
-35
3003
5631
6819
6952
6407
4865
2740
805
-387
-1688
-3221
-3826
-3275
-1895
-752
-8
481
537
552
701
1034
1074
905
1207
2188
3416
4026
4319
4692
4776
4309
3190
2058
1268
496
127
344
1405
3030
4571
6233
7573
8690
8120
4520
-2024
-9428
-13154
-13545
-13539
-16347
-19692
-17766
-10330
-1551
2609
2663
2652
4933
8457
9251
7253
4336
3498
4847
5521
5032
3829
3913
3903
1385
-3091
-7453
-9045
-9698
-11283
-13562
-14065
-10497
-4914
277
3172
5100
7761
10663
12423
11209
8347
5338
3196
1740
353
-212
-368
-400
-864
-1495
-1737
-2417
-4093
-6804
-9073
-9456
-8331
-6676
-5291
-3197
156
3680
6146
7091
7488
6960
5492
3590
1902
648
-767
-1462
-1489
-1039
-683
-418
95
-10
-601
-1172
-918
-315
-105
417
1600
3075
4081
4741
5569
5906
5338
4078
2634
1688
912
661
814
1541
2960
4444
6779
8572
9741
8923
5175
-957
-8763
-13254
-14526
-14722
-17146
-20632
-19199
-12498
-3506
1353
1904
1967
3944
7659
9076
8050
5734
5036
6654
7648
7410
5996
5759
5457
2557
-2332
-7413
-9467
-10302
-11899
-14297
-15324
-12248
-7020
-1753
1276
3114
5518
8335
10521
10014
8137
5980
4478
3482
2608
2728
2946
2870
1749
352
-483
-1668
-3822
-7312
-10272
-11324
-10657
-9402
-8232
-6190
-3057
382
3165
5291
6676
6972
6349
5405
4630
3864
3166
2791
2394
1839
1376
1194
812
-716
-2735
-4109
-4375
-4098
-3803
-2807
-1023
1123
3045
4699
6356
7302
7179
6094
4720
3583
2723
2571
2613
2900
3589
5084
7430
8800
9283
7808
4120
-1822
-9178
-13570
-15024
-15164
-17393
-20397
-19037
-12755
-4260
545
1394
1260
3048
6678
8371
7464
5082
4609
6215
7543
7544
6539
6833
6791
4571
148
-4314
-6312
-7566
-9565
-12696
-14465
-12587
-8374
-4110
-1953
-628
1335
4256
6631
6702
5454
3870
3260
3023
3328
4419
5397
5999
5460
5060
4785
3734
1164
-3084
-6808
-9313
-10345
-10904
-11339
-10683
-8921
-6030
-3133
-234
2074
3371
4006
4379
5025
5351
5694
5969
6017
5804
5609
5683
5077
3205
368
-2038
-3480
-4448
-5232
-5400
-4536
-3057
-1227
841
3048
4721
5442
5289
4619
4139
3888
3816
3799
3849
4625
6114
8181
9595
10096
9237
6031
372
-6402
-10368
-11863
-13261
-17017
-20900
-20016
-14295
-7316
-3966
-3545
-2818
122
4012
5645
4775
3211
3735
5876
7212
7218
7241
8993
10338
9003
5246
1844
550
-882
-4114
-8668
-11532
-11252
-9229
-7286
-6695
-6134
-4614
-2101
45
528
142
-453
-394
-50
987
3144
5374
6886
7206
7990
9326
9717
7869
3994
466
-2321
-4519
-6810
-8844
-10011
-10550
-9859
-8161
-5840
-4170
-3113
-1859
-319
1170
2386
3929
5456
6370
6707
7431
8495
8553
7011
4579
2532
812
-910
-2455
-3443
-3748
-3580
-2830
-1568
-22
1359
2329
2689
2324
1896
2078
2762
3269
3208
3702
5213
7235
8523
8741
8474
6932
3762
-1281
-5432
-7453
-8542
-10434
-13718
-15062
-13233
-8972
-5467
-4575
-4742
-4114
-1719
373
729
-253
-681
697
2385
3493
4172
5735
7771
8425
7444
5689
4766
4096
2432
-417
-3329
-4628
-4629
-4247
-4440
-4854
-4681
-3908
-3154
-3300
-3651
-3866
-3909
-4046
-3934
-2538
-408
1751
3072
4133
5668
7143
7711
6590
4762
2681
999
-477
-2158
-3697
-5008
-5232
-4884
-4067
-3243
-2675
-2079
-1537
-882
-350
473
1333
1951
2447
3178
4314
5039
4981
4006
2846
2051
1392
591
-387
-917
-931
-434
239
829
1444
2029
2366
2065
1571
1428
1622
1979
2247
2643
3162
4126
5155
5766
5816
4617
2610
-258
-2548
-3867
-4843
-6078
-8212
-9356
-8642
-6230
-4177
-3706
-3882
-3642
-2391
-1379
-1297
-1965
-2389
-1904
-1113
-104
923
2342
3927
4838
5027
4558
4310
3942
2842
1117
-692
-1461
-1574
-1665
-2167
-2471
-2013
-1375
-1130
-1635
-2164
-2590
-2868
-3190
-3560
-3319
-2500
-1172
71
1072
2032
2958
3633
3446
2542
1408
452
-433
-1252
-1790
-2055
-1893
-1412
-600
189
675
763
495
161
-123
-215
-102
98
265
753
1813
3035
3624
3283
2572
2008
1667
1275
569
-42
-289
-84
368
841
1363
1623
1644
1384
968
769
816
1067
1287
1601
2247
3186
4268
5180
5764
5573
4448
2272
97
-1121
-1826
-2941
-5213
-7137
-7306
-5720
-3906
-3484
-4054
-4404
-3762
-2812
-2633
-3421
-4342
-4359
-3483
-2210
-1005
382
2009
3227
3782
3697
3794
3831
2990
1346
-375
-870
-516
-164
-263
-567
-284
473
1138
972
29
-1096
-1951
-2525
-3068
-3350
-3197
-2557
-1833
-1143
-105
998
1702
1331
360
-394
-824
-1052
-1531
-1739
-1551
-962
109
1381
2535
2946
2672
2006
1209
418
-129
-349
-561
-781
-653
385
1843
2660
2476
1938
1803
1893
1733
1133
517
274
366
641
988
1374
1594
1626
1540
1282
973
786
933
1096
1134
1449
2123
3132
3974
4585
5266
5378
4465
2154
-99
-1034
-1428
-2473
-4914
-6865
-6940
-5176
-3196
-2640
-3166
-3874
-3668
-2880
-2473
-3062
-4151
-4500
-3964
-2802
-1496
15
1474
2136
2165
1974
2390
2792
2092
469
-1027
-1149
-272
668
1036
873
865
1310
1904
1903
1043
-397
-1747
-2587
-3048
-3049
-2704
-2198
-1879
-1589
-587
809
1653
1157
-230
-1232
-1515
-1375
-1428
-1538
-1384
-858
314
1926
3240
3272
2224
962
267
118
54
-210
-713
-852
-237
1244
2780
3181
2477
1696
1791
2187
1933
1114
197
-227
-201
235
833
1134
1063
741
767
1094
1302
1195
929
811
1004
1685
2703
3582
4137
4604
5461
6034
5317
3012
216
-1219
-1748
-2513
-4406
-6474
-7014
-5959
-3989
-2814
-2932
-3753
-4357
-4188
-3864
-3828
-4146
-4223
-3892
-3232
-1957
-62
2020
3017
2706
1989
1758
2194
2168
1253
-153
-990
-632
377
1377
1627
1251
778
659
794
608
-50
-1187
-2300
-2959
-2740
-1712
-728
-329
-558
-498
292
1099
1046
-187
-1664
-2459
-2359
-1645
-922
-443
-203
263
1331
2587
3011
2095
607
-290
-104
505
811
594
258
462
1348
2440
2835
2219
1232
717
851
1089
926
440
38
7
511
1301
1872
1834
1276
907
986
1237
1227
850
596
705
1371
2366
3348
4078
4540
5039
5079
4124
1807
-538
-1560
-1660
-2122
-3958
-5631
-5738
-4224
-2592
-2375
-3218
-4273
-4660
-4548
-4443
-4503
-4688
-4434
-3807
-2845
-1642
-61
1695
2508
2143
1150
896
1498
1830
1147
-184
-732
-191
871
1575
1579
1187
659
439
443
454
77
-736
-1556
-1974
-1509
-492
518
739
119
-314
-25
553
179
-1319
-2714
-3157
-2682
-1855
-1004
-310
28
324
1122
2158
2539
1779
599
131
491
1087
1337
1256
1013
891
1258
2039
2520
1960
866
196
407
916
894
565
259
357
833
1437
2059
2070
1505
846
628
930
1154
1149
996
1108
1629
2539
3698
4620
5128
4687
3494
1561
-436
-1336
-1427
-1597
-3242
-5276
-5658
-4059
-2069
-1870
-3111
-4318
-4542
-4164
-3954
-4018
-4329
-4414
-4098
-3104
-1694
-278
1063
1673
1549
937
784
1541
2088
1612
199
-596
-4
1099
1596
1247
815
520
422
374
447
331
-390
-1300
-1867
-1413
-422
331
444
-104
-433
-257
226
41
-1302
-2754
-3320
-2702
-1707
-950
-552
-284
186
1052
2127
2558
2025
891
291
698
1340
1531
1081
637
601
1071
1854
2282
1987
1085
375
393
939
1269
967
438
212
592
1349
2048
2169
1523
823
735
1262
1706
1603
1286
1270
1795
2596
3476
4342
4603
3588
1404
-587
-1053
-422
-310
-1937
-4407
-5656
-4671
-2612
-1675
-2677
-4423
-5173
-4531
-3498
-3128
-3424
-3835
-4017
-3778
-2834
-1117
664
1349
742
-44
352
1965
3242
2872
1233
-65
155
1398
2217
1855
700
-236
-420
-23
482
520
-210
-1437
-2327
-2032
-742
402
325
-647
-1218
-577
708
1184
343
-1500
-2774
-2606
-1314
-57
-54
-782
-1255
-495
1142
2372
2283
1044
-114
-111
1078
2142
2015
792
-247
-5
1207
2390
2470
1462
349
-18
642
1542
1706
942
2
-36
946
2053
2463
2003
1194
738
1052
1871
2519
2413
1777
1557
2196
3558
4403
3834
1869
-407
-1037
50
1305
464
-2509
-5079
-5265
-3472
-2204
-2748
-4422
-5594
-5464
-4329
-2914
-2232
-2621
-3750
-4449
-3759
-1995
-107
663
226
-485
-176
1646
3636
4078
2572
769
318
1259
2301
2380
1580
363
-481
-544
229
1133
820
-785
-2581
-3018
-1887
-556
-319
-1263
-2285
-2165
-892
382
460
-1046
-2606
-2688
-1231
447
864
66
-863
-836
396
1853
2296
1534
380
114
1120
2286
2469
1399
58
-293
455
1699
2387
1974
1147
729
1143
2070
2461
2039
1128
675
1170
1996
2591
2481
1841
1312
1516
2384
3063
2911
2211
2248
2881
2935
1268
-1295
-1964
-591
1178
831
-1500
-3312
-3549
-2764
-2848
-4190
-5643
-6158
-5654
-4801
-3974
-3322
-2789
-2880
-3504
-3718
-2887
-857
592
572
-89
104
1936
3759
4148
3141
2021
1870
2455
2998
2960
2369
1284
271
-326
-298
37
-453
-1630
-2910
-3146
-2223
-1408
-1533
-2591
-3325
-2985
-2019
-1439
-1452
-1792
-1814
-1082
141
1389
1574
819
146
379
1416
2100
1909
1252
783
832
1341
1795
1700
866
-90
-145
604
1290
1297
888
781
1107
1616
2280
2943
3263
3057
2645
2890
3526
3737
3098
2190
1914
2101
2546
2919
3356
3424
2407
305
-2360
-3347
-2025
333
899
-1845
-5105
-5991
-3869
-2044
-3011
-5602
-6994
-5869
-3861
-2391
-2020
-2255
-3079
-4186
-4169
-2663
-136
1355
980
126
178
1978
3871
4242
2815
1036
826
2247
3976
4274
3225
1519
118
-341
-88
609
93
-1833
-3794
-4111
-2323
-857
-1395
-3532
-4863
-4361
-2988
-2356
-2525
-2591
-2554
-1709
-494
981
1509
562
-217
307
2152
3444
3294
2483
2146
2299
2638
3005
2768
1844
363
-207
671
1581
1653
721
179
694
1498
2204
2554
2647
2605
2562
3110
4158
4912
4713
4284
4217
4860
5699
5078
2816
-1404
-4292
-3218
403
2851
-151
-5833
-9222
-7951
-4753
-4268
-6442
-8634
-8453
-6593
-4231
-2517
-2407
-3621
-5575
-5335
-2367
1837
4610
3893
1923
794
2151
4778
5959
4814
2421
1537
2780
4599
4798
3053
649
-1386
-1804
-1041
296
359
-2132
-5170
-6441
-4490
-1812
-1484
-3288
-5099
-4935
-3552
-2148
-1218
-1162
-1893
-2387
-1007
1376
2672
1475
-421
-455
1120
2815
3129
2711
2060
1314
1233
2216
3287
2688
932
151
1489
3357
3673
2710
1751
1933
2600
3152
3689
3771
3212
2442
2663
3780
4599
4576
4455
5025
4752
2747
-1013
-3717
-2347
1332
4034
1418
-4398
-8373
-7730
-4284
-3567
-6118
-8932
-8429
-5881
-4402
-4594
-5547
-5740
-6313
-6178
-3942
-108
3395
2988
565
-729
1274
5011
6591
5649
3665
3255
4424
5670
5318
3259
1331
27
-40
435
1003
614
-2469
-6049
-7737
-5689
-2166
-1523
-3582
-5797
-5412
-3889
-3699
-3740
-3185
-2094
-1352
-95
1992
3105
2021
-99
315
2774
4932
4708
3310
2821
2112
1429
1285
1828
1818
477
-86
1192
2690
2456
780
-139
766
2254
3219
3918
4168
3842
3367
3630
5164
6369
6514
6796
6474
4654
352
-3611
-2454
2091
5478
2469
-4890
-9852
-9179
-5143
-3667
-6187
-9639
-9868
-7152
-4437
-3839
-5298
-6248
-6465
-5297
-2258
1478
4438
3536
330
-1258
872
5237
7274
5826
3169
2298
3429
4578
4042
1914
78
-986
-627
418
790
-300
-3983
-7395
-8035
-4929
-904
-374
-2915
-5630
-5668
-4491
-3578
-2578
-1321
0
201
715
1573
1867
806
-510
744
3420
5119
4267
2632
1701
961
576
1087
2525
2984
1885
1069
1433
2296
1658
239
223
1841
3653
3994
3587
3228
2985
2857
3558
5487
7055
7699
6954
4440
547
-4114
-4021
1351
7230
6600
-2389
-10564
-11319
-5437
-1502
-3626
-8021
-9303
-6563
-3939
-3536
-5702
-7765
-7973
-6163
-2039
1749
3627
2054
-1563
-2763
-231
4913
8018
7002
3944
2257
3487
4952
4505
2088
346
326
931
1536
800
-1159
-4798
-8390
-8522
-4814
75
325
-3896
-7771
-7757
-5201
-4204
-3421
-2178
-306
543
593
1101
638
-388
-1090
1607
6006
7747
5432
1882
911
1296
1923
2648
3724
3849
2228
1157
1286
1919
1240
52
756
3098
5004
4333
2539
1619
1974
3186
4917
7284
8185
7479
4965
1567
-2064
-4607
-1430
4680
8625
3949
-6535
-12782
-10605
-3633
-1381
-4480
-7913
-7638
-5297
-4582
-5392
-7260
-7614
-6112
-2945
1151
3076
2480
-883
-3331
-1718
2967
7853
8703
5627
1685
670
2744
4287
3245
899
491
1457
2037
1145
-1455
-4135
-6820
-7451
-5084
-1170
928
-1972
-6676
-8704
-6918
-4378
-3016
-1791
-809
-632
-1256
-1152
-599
-462
-338
941
4031
5933
4666
1743
227
804
1721
2738
4265
4943
3227
715
-82
1159
2478
2504
2488
3252
4332
4291
2819
1746
2129
3775
5572
7424
8249
7915
6080
2701
-1100
-4843
-2835
3932
9568
7146
-4226
-13590
-13629
-5273
950
-749
-5980
-8390
-6704
-5296
-5348
-6477
-6871
-5599
-3527
-171
1906
1765
-868
-4080
-2833
2073
7672
8968
5360
842
-1010
1360
4289
4890
2779
988
810
903
629
-1169
-3101
-4976
-5572
-3875
-1551
-242
-2892
-7028
-8519
-5952
-2597
-2388
-2711
-2271
-1284
-1210
-1565
-999
-555
-4
788
2959
4640
3595
820
-564
1110
2783
2886
2398
2399
2136
1004
591
1415
2333
2396
2257
2767
3882
4348
3420
2751
3135
4877
6203
6956
7699
8001
6956
3623
-644
-4560
-2194
5094
10358
6433
-6227
-14783
-12550
-2686
2913
-1060
-7669
-9684
-6643
-4144
-4178
-5313
-5698
-4755
-2883
197
2013
1450
-1256
-3462
-799
4684
8720
7215
1817
-1740
-1058
2961
5633
4570
958
-1343
-1143
-222
125
-1460
-3502
-5526
-5762
-3480
-1100
-1027
-4533
-8022
-7392
-3159
-935
-1706
-2987
-2916
-1589
-1091
-101
426
85
-463
337
2877
4053
2403
186
450
1933
2490
1738
1513
1970
1437
761
847
1866
2444
1968
1850
2673
3869
4029
3623
3328
3818
4913
5843
7030
7785
7761
5323
1474
-3005
-4444
1210
8279
9594
-267
-12964
-15410
-6490
3729
3245
-5167
-10970
-8830
-3698
-1747
-2846
-4494
-4092
-2933
-880
1398
1754
524
-2094
-1802
2746
7652
8719
3961
-1508
-2628
1197
5702
6193
2580
-1475
-2371
-1414
-143
-420
-2025
-3930
-5920
-5400
-3227
-1653
-2764
-6327
-7710
-5049
-2371
-2202
-3178
-3274
-1959
-1290
-755
266
561
-86
-475
1259
3734
3737
1565
691
1827
2716
1885
737
1156
1931
1916
1265
722
906
1214
1813
2772
3414
3451
3216
3428
4330
5265
6031
6881
7429
7995
5699
2051
-2516
-4673
837
7838
9939
108
-13433
-16781
-7654
3894
4035
-5027
-12639
-10790
-4518
-1456
-2212
-4334
-3686
-2350
-652
1383
1627
1423
-248
210
4179
8178
9195
4501
-620
-1485
2461
6671
6539
2631
-1714
-2532
-1650
-553
-957
-2691
-4086
-5896
-5828
-4440
-3286
-3601
-5919
-6621
-4953
-3195
-2950
-3413
-3248
-1691
-18
552
768
175
-183
534
2247
3793
3148
1609
1339
2045
2227
1301
160
-89
313
1025
1393
793
-164
-575
458
2422
3765
3674
2904
2601
3768
5551
7037
7953
7864
7634
5541
2564
-1650
-3650
1294
7737
9250
-305
-13068
-16284
-7780
3243
3569
-5255
-12997
-11743
-5520
-1925
-2187
-4262
-3824
-2277
-432
1028
919
1123
721
2053
5524
8303
8384
4060
38
114
4095
7716
6742
2332
-1878
-2248
-826
199
-606
-2756
-4505
-6086
-5603
-4309
-4086
-4930
-6256
-5656
-4223
-3549
-3604
-4020
-3532
-2333
-315
1396
2079
869
-969
-296
2394
4842
4189
2192
1098
1165
1968
2229
1799
698
27
208
802
886
207
-282
108
1589
2911
3051
2887
2282
2747
4184
6414
8576
8654
7439
3592
317
-2987
-2054
4641
9256
7315
-5030
-15677
-14606
-3532
5861
2136
-8154
-14465
-10805
-4126
-1451
-2625
-4867
-3604
-1721
153
710
-46
326
711
3779
7441
8771
6628
1586
-374
1865
6538
8606
5735
773
-2516
-1602
167
1126
-253
-2770
-4658
-6272
-5793
-4879
-3914
-4052
-5420
-5813
-5495
-4152
-3535
-3440
-3232
-2093
-100
1100
1649
761
206
1008
3043
5068
4861
3253
1359
858
1905
2934
2755
1357
-20
-761
-682
-372
9
126
108
682
1460
1919
1858
1659
2799
5044
7258
8125
7675
6214
3745
1177
-1965
-74
5923
9669
5403
-7276
-15728
-12501
-914
5939
476
-10080
-15011
-10706
-4377
-1634
-2899
-4650
-4079
-2786
-1017
-242
199
817
1435
4322
7293
8235
5571
1279
509
3792
8149
8747
4838
-108
-2001
-469
1353
1756
-12
-2578
-5089
-6552
-5653
-4586
-3965
-4666
-5664
-6152
-6209
-4876
-3951
-3125
-2867
-1879
-109
1188
1551
418
465
2013
4430
5686
4861
3031
1143
1148
2526
3608
2968
1206
88
-274
-305
-577
-468
-8
477
1339
1654
1642
1409
1441
2778
4989
7224
7899
6890
4454
1905
-1042
-2259
2448
8309
9198
34
-12671
-15958
-7425
4332
5540
-3919
-13159
-13448
-7088
-2347
-1765
-3779
-4088
-2867
-1610
-866
-976
-59
935
2894
5882
7452
6256
2245
-98
2190
6934
9301
6446
1046
-2250
-874
1801
2452
897
-1519
-3295
-5277
-6068
-5532
-4301
-3722
-4430
-5624
-6903
-5465
-4039
-3471
-3547
-3073
-692
900
1595
380
-556
576
3226
5741
5976
4310
1377
281
1893
4421
4897
2607
631
-321
-39
341
408
650
345
497
1066
1408
1582
1381
1859
3097
5307
6672
6459
4720
2430
1107
-1363
-185
4138
7416
4346
-5952
-13095
-10815
-559
4531
-900
-9753
-12595
-7545
-2902
-1716
-3611
-4733
-3500
-1931
-525
-639
-365
412
1714
4228
6109
6438
3838
1073
1281
4578
8206
7539
3361
-1176
-1785
917
2363
1436
-1110
-2665
-3946
-4925
-4957
-4703
-4055
-4618
-5161
-6258
-6219
-4271
-3268
-2901
-3485
-2620
-938
595
1258
445
630
1979
4065
4836
4393
3337
1878
1917
3140
4530
3867
1807
338
-311
336
1049
1562
1093
-25
5
583
1548
2038
2287
2859
3891
5443
6331
5963
3108
629
-1253
-1162
3828
7324
6023
-2053
-11369
-12309
-5056
3533
3053
-5590
-12667
-11566
-5529
-1933
-2161
-4555
-4718
-2996
-1478
-808
-1601
-744
998
3432
5999
6222
4557
1485
763
3577
7289
8583
5575
954
-1719
-106
2652
3123
983
-2152
-3790
-4702
-4254
-3477
-3820
-4414
-5216
-5027
-5745
-6444
-5400
-3672
-1561
-1341
-1815
-1841
-837
290
628
1898
3451
4490
3907
3073
2510
1675
2028
3498
5046
4284
1555
-677
-1136
258
1923
2654
1999
510
-289
145
1638
2983
3231
3425
4285
5694
6434
4955
3149
1517
-1493
-2086
2136
7740
7605
-2108
-13281
-14431
-4571
5067
3750
-6184
-13352
-12040
-6212
-1611
-1254
-3328
-4817
-4434
-2342
-987
-718
-332
854
3160
5291
5848
3976
1088
446
3497
7752
8896
5231
-219
-2206
235
3433
3926
1414
-1769
-4186
-5329
-4506
-3268
-2868
-3385
-4486
-5555
-6933
-6742
-4896
-2835
-1616
-1781
-1961
-1544
-791
-489
253
1897
3713
4443
3745
2882
1744
1315
2387
4173
4998
3599
1482
-67
-287
787
2160
2908
2126
839
150
793
2027
2694
3266
3780
4746
5621
5491
4089
2988
1948
-564
-1730
596
5773
7584
167
-11238
-15535
-6921
5007
6297
-3817
-13990
-14057
-6330
307
380
-3453
-5923
-5257
-2729
-1084
-302
80
687
2197
3820
4854
3727
1260
227
2568
6894
8547
5182
-568
-3042
-416
3589
4446
1593
-1797
-4097
-5033
-4431
-3051
-1918
-2247
-3911
-5751
-6715
-5937
-4244
-2598
-1436
-1253
-2064
-2287
-1471
-439
594
1489
2810
3573
3084
1993
926
1235
2803
4143
3999
2323
787
335
860
1798
2531
2665
2096
1116
695
1724
2986
3720
3775
3751
4635
5230
5465
5019
4409
4117
65
-3975
-1422
6167
11222
3393
-12040
-18388
-8142
7063
8836
-4138
-16211
-15009
-5563
1245
318
-4550
-6736
-5989
-3415
-1116
-266
17
-277
755
3209
5024
4361
979
-1193
1349
6700
9218
5756
-892
-3912
-732
3811
5048
2056
-1662
-3853
-4995
-4213
-2299
-1083
-2185
-4324
-5792
-6094
-5133
-4308
-3146
-2174
-1701
-1951
-2268
-1405
-708
-405
316
2162
3536
2809
1214
367
1220
2872
3769
3163
1540
619
696
1328
1961
2234
2370
1927
1443
1453
2171
3275
3633
3683
3768
4572
5584
5731
5589
5135
5071
3142
-1586
-3004
2063
9020
8942
-2583
-14805
-13819
-1175
8255
3245
-9475
-15348
-10456
-2419
649
-2384
-6140
-6679
-4775
-2132
-1014
-1164
-1303
-667
1763
4208
4482
2172
-776
-548
3662
7892
7795
2716
-2351
-2142
1970
4902
3818
321
-2455
-3769
-3964
-2923
-1735
-1755
-3446
-4864
-5175
-5450
-5631
-5274
-3544
-1711
-1523
-2747
-3106
-2155
-1447
-525
1028
2724
2668
990
258
989
2448
3332
3181
2374
1551
1217
1315
1757
2191
2549
2637
2383
1960
1969
2639
3318
3750
3894
4184
4718
5007
4958
5918
7044
5787
1687
-3742
-2942
5319
11605
8204
-5490
-15836
-11523
1336
8284
1659
-10040
-14526
-9283
-2229
-152
-3091
-6571
-6335
-4096
-1716
-1107
-2270
-2420
-988
2383
5024
4317
1161
-1556
-282
4451
8149
6967
1895
-2096
-1339
2454
4591
3400
199
-2586
-3676
-3351
-2112
-1600
-2324
-3837
-4846
-4547
-5088
-6175
-6010
-3911
-1536
-1306
-2916
-4138
-3647
-2383
-518
1583
2547
1497
-322
-292
1428
2859
2786
2174
2178
2383
2243
1693
1497
1816
2484
3292
3545
3079
2144
1782
2848
4222
5013
4850
4343
4136
4642
5887
6429
5794
3383
1371
-205
-136
3281
5685
4620
-2603
-10539
-10366
-2623
4230
1636
-7278
-12582
-9466
-3306
-1179
-3294
-5992
-5450
-3258
-1797
-1632
-2522
-2047
-137
2387
4117
3598
1733
-105
366
3383
6385
6467
3244
-226
-818
1805
3531
2357
-165
-1767
-1969
-2573
-3199
-3448
-3003
-3002
-3667
-5018
-6772
-6572
-5041
-2641
-1505
-2640
-4342
-4803
-2920
-859
197
485
490
479
663
1156
1335
1316
1409
2341
3383
3259
2170
762
652
2072
3764
4636
3622
2042
1607
2730
4340
5141
4870
4173
4578
5187
5726
5355
4838
4709
3974
4152
1770
-1358
-854
2729
6100
1868
-7561
-12115
-7065
1609
3259
-3772
-11173
-10908
-5753
-1957
-2357
-5080
-5609
-4277
-2067
-1009
-1932
-2172
-887
1896
4283
4433
2602
301
-23
2656
6361
7456
4867
642
-1271
677
3000
3074
838
-1337
-2247
-3026
-3398
-3376
-3063
-3592
-4605
-5263
-5939
-5858
-5474
-4318
-3282
-3154
-3696
-4217
-3219
-1923
-1052
-450
574
1347
917
451
560
1445
2320
3058
3435
3008
2174
1289
1524
2781
3947
4222
3213
2326
2501
3418
4336
4446
4305
4450
4965
5200
4736
3972
4905
6773
5654
3148
-77
-1712
994
4005
5249
1727
-5441
-9588
-7642
-1415
2317
-981
-7806
-10724
-8043
-3921
-2340
-3948
-4775
-4149
-3042
-2150
-2544
-2213
-752
1511
3538
3655
2485
763
336
2339
5356
6795
5199
1776
-629
44
2153
3215
1666
-954
-2185
-2721
-3035
-3575
-4263
-4142
-3961
-3997
-5115
-7244
-7552
-5590
-3132
-2349
-3521
-4925
-4589
-2737
-936
127
240
380
407
870
1875
2103
1902
2071
3307
4142
3478
2109
1438
2373
3827
4596
3877
2562
2277
3342
4800
4988
4167
3622
3884
4783
5184
5078
4758
5213
4904
2441
1803
1419
1255
1819
1467
1992
-124
-4755
-7628
-6044
-883
1531
-2409
-8521
-10151
-7139
-3097
-1675
-3234
-4470
-4875
-3793
-2127
-1526
-762
-44
1065
2197
2381
2247
1668
1679
2948
4491
5054
3941
1680
34
398
1743
2368
885
-1130
-2321
-3280
-3661
-3835
-3606
-3614
-3847
-4768
-5739
-6466
-6751
-4945
-2912
-1478
-2540
-5068
-5212
-2770
255
1294
803
287
225
452
1169
2043
2648
3203
3321
3247
2627
1729
1609
2731
4503
4982
3763
2427
2276
3255
4569
5208
4890
4249
3781
4112
4534
4199
4016
4253
5019
4221
2499
1703
-192
-973
-484
1643
3870
322
-6528
-10102
-5918
1129
1990
-3984
-9449
-8965
-5111
-2074
-2268
-3440
-3547
-3381
-2503
-2003
-1484
-417
635
2027
2742
2624
1883
1018
1102
2285
4104
4956
3374
52
-1874
-696
1326
1744
-16
-1889
-3093
-4161
-4781
-4724
-3426
-2515
-3009
-4587
-5905
-6798
-6975
-4545
-1052
480
-2049
-5417
-5105
-1934
1182
1968
1450
743
-70
-98
1251
2967
3189
2636
2778
3640
3209
1258
736
2640
5285
5652
3673
1802
1476
3036
4766
5563
4993
3538
2692
2939
3967
4489
4764
4805
4926
3458
834
196
-237
1075
2581
3027
2371
-2567
-7446
-7325
-1919
2846
722
-5683
-9137
-6538
-2916
-1686
-2664
-3463
-2809
-2763
-2344
-2100
-1746
-575
496
2050
2505
1564
200
-464
822
2793
4004
3292
971
-1441
-1700
250
1644
1175
-1075
-2826
-3621
-4055
-3716
-3144
-2356
-2734
-4358
-5346
-5064
-3909
-4410
-5402
-3416
-312
410
-2408
-5057
-4105
-565
2358
2922
1815
-160
-1289
-498
2333
4856
4333
2458
1658
2283
2437
1975
2637
4123
5001
4148
2470
1315
1624
3224
4961
5696
4583
2859
1789
2171
3422
4141
4586
4602
4948
3197
608
-1165
-2711
680
5478
7595
2713
-7650
-11789
-5962
3891
6537
-137
-8098
-9663
-5564
-2419
-1040
-1388
-1933
-2810
-4212
-3734
-2864
-1584
-475
493
1554
1196
-123
-1965
-2216
-35
3033
4634
2876
-694
-3536
-2738
216
2100
1802
-210
-1743
-3289
-4216
-3941
-2586
-938
-940
-2148
-4024
-4945
-4872
-3887
-2216
-1376
-993
-1425
-1932
-2787
-3385
-1819
1127
3419
2610
42
-1520
-731
1513
3349
4224
3653
2442
1401
1031
1607
2564
3607
4013
3588
2397
1084
981
2181
3941
4948
4548
3187
1875
1698
2472
3815
4692
4715
4300
3891
3706
2577
553
-1719
-782
4299
8143
5740
-3438
-10593
-8249
701
6765
3419
-4811
-9839
-8429
-4063
-1297
-1185
-2703
-4131
-4930
-4664
-3892
-3413
-2776
-1656
236
1358
309
-2162
-3725
-2091
1772
4900
4538
1019
-2349
-2692
58
2607
3167
1790
-341
-2137
-3312
-2858
-1451
-315
-684
-2321
-3519
-3968
-4014
-4073
-3209
-1479
-864
-2400
-3833
-2841
-920
-118
-537
-215
1114
1533
780
196
977
2163
2757
3191
3320
2241
550
375
2252
3891
3293
1626
912
1464
2100
2061
1853
2396
3277
3490
2997
2532
2755
3470
4157
4538
4370
4014
4020
4485
5225
4424
3100
662
-1232
1331
5403
7120
1605
-7425
-10091
-3892
4065
3790
-4228
-10830
-10014
-5521
-3067
-3414
-5171
-5990
-6385
-5923
-4451
-3664
-3462
-3569
-2070
498
1508
256
-1750
-1673
945
4445
5778
3872
401
-1353
797
3627
4531
2753
226
-1063
-1919
-1901
-1437
-707
-626
-1933
-3505
-4256
-4186
-4293
-3741
-2126
-628
-1068
-3526
-4833
-3045
337
2190
1490
-15
-446
218
1152
2089
2586
2495
2062
2069
2341
1792
846
822
2111
3143
2599
1176
359
720
1810
2804
3035
2650
2196
2297
3196
4038
4430
4433
4494
4842
4928
4440
3617
3656
4633
6021
5530
3020
9
-2880
-2060
1218
4204
2906
-4431
-10581
-10094
-3885
433
-1954
-7494
-10277
-9036
-7088
-5687
-5104
-4296
-3927
-4681
-4526
-3851
-2572
-1490
-444
1536
2849
2822
1298
147
955
3298
5747
5900
3772
894
-233
763
2220
2818
1876
557
-1223
-2727
-3294
-2670
-1386
-1429
-2387
-3386
-3520
-3548
-4002
-3731
-2312
-185
67
-1437
-3262
-3632
-1130
1872
3315
1989
-352
-1115
74
2058
2948
2656
1920
1636
1637
1562
1354
1208
2022
3033
3176
2157
882
964
2077
3296
3935
3570
2687
2263
2753
3761
4379
4078
3685
3338
3134
3029
2821
2693
2634
2507
2229
2010
838
-464
-2113
-3778
-2773
-227
1943
-579
-7299
-11116
-7977
-1239
1161
-2922
-8179
-8897
-6139
-3587
-2540
-2673
-2766
-3244
-3384
-2362
-1383
-751
-671
230
2076
2829
1867
95
-410
1142
3556
4792
3771
1219
-658
-97
1542
2720
2222
613
-710
-1862
-2005
-1515
-669
-374
-1462
-2732
-3267
-2959
-2890
-2890
-2490
-1607
-870
-1160
-2173
-3311
-3117
-862
2114
3229
1333
-1309
-1678
779
3650
4704
3959
2746
1981
1972
2645
3422
3784
3619
3351
2846
1956
1044
813
1525
2347
2516
1677
184
-857
-681
767
2176
2227
1016
-114
-29
773
1670
2071
2316
2192
1677
1432
1587
2407
2517
1862
727
-1040
-1530
-44
2345
2016
-2634
-7255
-6674
-1974
-96
-3057
-6441
-6299
-4887
-5743
-6614
-4827
-2187
-2690
-5397
-5635
-3033
-1047
-1390
-1235
793
2104
1099
-88
1165
3373
4315
3838
3437
3518
2942
2256
2120
2634
2779
2042
1087
-315
-1825
-2550
-1690
-578
-1022
-2736
-4133
-4207
-3947
-3461
-2625
-1676
-1240
-1759
-2018
-1628
-995
-183
1216
2894
3292
2033
907
1611
3295
4259
4103
3508
2988
2307
1708
1810
2219
2049
1148
146
-280
-494
-859
-1096
-903
-502
-482
-1047
-1684
-1629
-632
770
1674
1698
1172
933
1663
3031
4085
4493
4367
4035
3637
3377
3678
4662
5233
4138
2030
385
-315
-808
-938
-195
274
-1902
-6533
-9306
-7376
-3625
-3003
-6124
-8850
-8640
-7004
-6005
-5544
-4767
-4083
-3851
-3476
-2348
-1286
-964
-343
1573
3519
3763
2672
2073
3053
4587
5379
5189
4342
3464
2942
2888
3059
2757
1939
1037
316
-452
-1331
-1760
-1613
-1511
-2062
-2915
-3510
-3699
-3502
-3059
-2371
-1992
-2145
-2566
-2677
-1814
-680
247
617
549
346
359
984
1918
2625
2674
2346
2046
2126
2243
2048
1926
2124
2492
2250
1260
259
1
678
1374
1436
782
-76
-491
-400
275
1031
1399
1212
601
278
578
1494
2315
2699
2659
2283
2015
1888
2217
2613
2782
2668
2346
1922
909
81
-80
58
-974
-2620
-2787
-1545
-1454
-4580
-7745
-7217
-3824
-2114
-4327
-7298
-7799
-6018
-4152
-3067
-2529
-2755
-3423
-3289
-1373
820
1544
1124
1286
2792
3887
3685
3044
3202
4321
5054
4894
3855
2652
1914
1857
2302
2177
1272
-182
-1319
-1894
-2226
-2386
-2481
-2554
-2972
-3507
-3941
-4047
-3696
-3162
-2391
-1712
-1552
-1690
-1674
-898
401
1336
1733
1830
2012
2251
2454
2793
3235
3613
3571
3248
2905
2497
1945
1597
1781
2164
1971
796
-531
-1134
-702
19
122
-484
-1405
-1804
-1543
-992
-672
-716
-612
-349
-24
55
41
338
910
1594
1921
1947
1785
1803
2135
2444
2555
2353
2074
1915
1684
1304
874
754
845
552
-873
-2793
-3114
-1616
-20
-1082
-4150
-5900
-5180
-3236
-2420
-2802
-3442
-4280
-4848
-4064
-1956
-646
-1237
-2322
-1649
65
696
295
313
1574
2530
2406
1980
1783
1926
2140
2717
3218
2665
1260
447
953
1602
1326
323
-190
-216
-539
-1060
-1428
-1260
-1101
-1179
-1244
-1411
-1653
-1808
-1451
-749
-402
-562
-691
-478
-237
-42
262
737
1002
761
512
644
910
984
876
864
922
737
346
75
133
342
327
142
-192
-576
-650
-385
31
107
-271
-633
-506
-19
295
256
98
293
646
822
851
830
965
1209
1370
1460
1483
1487
1480
1537
1633
1652
1580
1447
1397
1318
1158
994
919
872
552
105
-128
-160
-279
-906
-1566
-1666
-1227
-1037
-1681
-2528
-2738
-2339
-2141
-2309
-2350
-2022
-1847
-2044
-2001
-1488
-932
-868
-867
-349
252
401
277
606
1342
1649
1402
1182
1410
1744
1739
1567
1394
1126
741
557
574
503
142
-405
-686
-899
-1329
-1736
-1800
-1554
-1559
-1881
-2155
-2189
-2169
-2237
-2082
-1452
-979
-1019
-1172
-956
-373
-13
203
476
857
1042
985
1053
1279
1444
1417
1465
1588
1502
980
496
490
727
842
511
58
-262
-427
-445
-430
-469
-565
-613
-589
-508
-667
-811
-534
76
536
431
116
211
709
1258
1672
1899
2064
2094
2039
2191
2550
2953
3219
3175
2897
2535
2406
2646
2813
2564
2054
1622
1301
1011
762
536
1
-895
-1529
-1475
-1179
-1502
-2541
-3360
-3381
-2984
-2826
-3100
-3451
-3683
-3568
-3095
-2606
-2485
-2698
-2699
-2184
-1432
-1018
-965
-896
-563
-72
345
694
831
808
854
1072
1326
1267
955
779
854
911
671
184
-311
-661
-767
-640
-616
-1025
-1690
-2154
-2187
-1893
-1528
-1391
-1629
-2046
-2138
-1645
-1008
-636
-592
-547
-254
150
519
745
909
1090
1458
1888
2085
1973
1740
1803
2088
2277
2206
1988
1819
1695
1578
1394
1264
1112
980
953
881
730
423
171
124
284
481
521
386
146
46
234
658
922
863
758
852
1148
1282
1212
1201
1378
1651
1666
1433
1188
1136
1253
1336
1296
971
540
210
119
169
7
-304
-608
-800
-1064
-1488
-1835
-2037
-2064
-2105
-2198
-2403
-2754
-3062
-2996
-2645
-2498
-2640
-2722
-2500
-2297
-2325
-2242
-1748
-1205
-1135
-1334
-1198
-799
-578
-530
-331
25
94
-161
-229
37
191
49
-97
-47
18
-158
-358
-359
-261
-154
-108
-84
-232
-440
-347
33
475
554
442
375
553
927
1280
1495
1494
1487
1570
1800
2016
2097
2137
2115
2049
1960
1902
1892
1820
1707
1532
1331
1049
771
654
602
490
169
-202
-418
-499
-467
-494
-582
-764
-983
-1025
-839
-548
-453
-486
-504
-380
-222
-91
32
212
469
601
625
620
697
821
891
931
996
1016
910
727
616
656
696
516
260
39
-157
-309
-442
-501
-645
-935
-1201
-1350
-1402
-1526
-1658
-1638
-1550
-1671
-1959
-2035
-1801
-1471
-1390
-1448
-1452
-1343
-1188
-995
-758
-637
-525
-349
-81
52
19
17
123
352
547
653
615
461
382
489
699
651
332
115
188
480
586
321
-65
-280
-84
255
286
38
-193
-146
39
153
129
99
198
385
509
440
323
376
637
833
858
761
641
646
678
603
499
421
370
301
143
-71
-250
-309
-343
-442
-570
-692
-762
-778
-743
-726
-813
-863
-779
-592
-442
-410
-436
-327
-129
102
227
205
239
373
662
915
953
796
652
704
974
1212
1182
904
654
661
829
925
829
599
394
332
361
374
229
5
-124
-81
12
-95
-348
-479
-380
-206
-188
-335
-508
-474
-192
128
157
-135
-359
-214
201
468
473
281
113
80
202
439
512
344
93
48
151
137
-64
-257
-266
-291
-413
-585
-707
-809
-954
-1035
-1069
-1088
-1205
-1352
-1422
-1378
-1281
-1278
-1275
-1310
-1278
-1199
-1090
-893
-754
-681
-703
-702
-558
-342
-139
-69
-19
42
102
102
95
212
348
443
416
325
267
249
310
410
484
426
301
230
268
378
456
524
556
565
529
516
592
638
658
755
957
1084
968
753
730
954
1181
1223
1142
1054
979
922
975
1117
1148
980
760
705
730
665
507
390
398
413
298
104
-68
-134
-80
-28
-46
-157
-314
-373
-285
-141
-69
-115
-198
-258
-277
-186
-44
30
-12
-127
-193
-195
-192
-198
-208
-247
-364
-528
-639
-671
-682
-743
-830
-958
-1122
-1210
-1217
-1245
-1368
-1459
-1387
-1259
-1246
-1361
-1462
-1388
-1218
-1059
-946
-879
-837
-789
-637
-458
-275
-196
-152
-36
68
175
211
251
313
364
425
413
334
249
239
336
417
330
158
53
79
206
323
365
330
224
174
272
490
668
679
635
676
800
873
904
944
1027
1105
1113
1115
1092
1072
1048
1044
1040
949
854
849
882
787
572
393
379
414
386
309
187
82
-12
-63
-40
-48
-85
-154
-226
-266
-298
-275
-227
-256
-359
-453
-450
-348
-334
-450
-589
-656
-581
-480
-470
-560
-684
-746
-741
-674
-619
-624
-679
-697
-621
-575
-560
-550
-485
-426
-423
-401
-317
-211
-196
-224
-187
-85
-40
-100
-115
-32
60
64
-10
-61
-55
5
95
174
152
12
-97
-83
44
164
163
71
-30
-57
-1
73
89
26
-14
17
118
143
57
-31
-4
147
237
217
112
56
131
228
283
251
199
227
293
340
356
334
300
305
365
423
399
294
239
313
439
441
317
215
173
218
283
318
303
179
50
37
101
144
108
13
-43
-74
-130
-172
-203
-158
-107
-147
-222
-311
-369
-366
-322
-243
-181
-213
-305
-412
-408
-306
-200
-145
-182
-266
-320
-302
-213
-83
-21
-52
-145
-196
-146
-58
30
80
73
43
29
35
47
64
112
206
239
197
110
84
144
228
272
250
217
158
133
139
165
166
138
99
62
38
2
-35
-75
-70
-59
-92
-163
-208
-224
-229
-244
-259
-237
-233
-260
-304
-350
-305
-207
-123
-142
-235
-277
-191
-40
28
-16
-92
-75
21
103
126
102
87
104
148
179
165
170
202
239
226
151
109
117
197
248
209
117
45
41
71
95
102
62
-1
-55
-59
-9
26
8
-64
-93
-58
-28
-55
-81
-29
42
39
-50
-112
-67
21
64
26
-12
-37
-32
10
61
81
30
-20
-22
36
86
72
33
44
87
110
101
74
69
93
129
171
185
177
162
148
170
156
135
151
194
199
129
37
8
42
83
87
33
-55
-118
-143
-110
-89
-98
-155
-261
-306
-285
-228
-235
-295
-369
-391
-360
-352
-344
-372
-382
-377
-360
-331
-340
-362
-348
-295
-242
-204
-197
-212
-202
-152
-45
66
101
74
58
99
191
283
345
374
392
401
415
428
435
450
473
503
496
459
385
326
338
367
374
297
190
119
100
93
61
18
-38
-93
-144
-166
-178
-198
-221
-243
-246
-254
-254
-244
-229
-193
-166
-156
-157
-162
-147
-85
-18
1
3
2
19
37
43
80
128
153
120
69
58
78
89
86
88
72
33
-24
-22
5
11
-1
-29
-31
-61
-85
-58
1
18
-39
-87
-97
-79
-65
-49
-43
-82
-126
-159
-140
-113
-135
-174
-221
-246
-261
-252
-234
-247
-282
-321
-319
-260
-213
-222
-252
-244
-157
-64
-28
-12
19
76
157
213
258
286
303
342
398
446
457
450
444
448
435
418
410
383
362
336
318
288
229
171
132
141
146
103
32
-22
-29
7
33
12
-45
-86
-55
-19
-19
-58
-74
-58
-35
-41
-50
-59
-90
-114
-130
-104
-90
-116
-129
-137
-148
-155
-173
-166
-168
-177
-173
-177
-189
-215
-217
-172
-130
-142
-180
-215
-218
-194
-163
-128
-107
-138
-194
-206
-170
-124
-118
-151
-185
-189
-152
-117
-97
-95
-117
-128
-111
-69
-37
-31
-41
-22
22
61
44
-6
-8
62
140
152
114
63
47
69
120
173
183
145
93
82
117
145
140
130
140
164
174
162
137
127
170
248
286
264
221
194
219
280
334
360
346
313
275
262
283
307
305
282
265
249
207
141
108
117
126
86
16
-38
-72
-93
-111
-125
-150
-180
-222
-253
-259
-253
-238
-238
-246
-266
-288
-285
-250
-210
-202
-229
-246
-242
-221
-218
-223
-213
-202
-205
-234
-258
-263
-259
-258
-262
-269
-280
-284
-300
-302
-310
-312
-287
-249
-201
-203
-226
-225
-181
-113
-67
-27
-11
2
33
79
130
155
173
206
235
245
243
261
300
321
313
297
298
298
289
279
273
266
259
262
249
225
194
184
210
217
208
187
177
175
176
182
197
211
208
187
160
166
196
211
197
173
159
155
135
118
116
116
92
47
15
1
-11
-48
-79
-95
-116
-147
-182
-195
-205
-218
-241
-262
-275
-277
-267
-273
-279
-287
-278
-264
-239
-230
-251
-252
-242
-200
-191
-183
-178
-183
-175
-175
-160
-143
-138
-152
-165
-157
-137
-121
-129
-135
-119
-83
-59
-76
-101
-90
-25
38
65
50
25
34
92
166
195
176
150
161
204
226
238
247
245
236
213
227
228
209
187
190
210
193
164
141
146
146
133
126
124
135
121
99
90
102
124
122
114
88
58
46
63
98
93
49
3
-5
6
0
-24
-37
-26
-29
-66
-109
-131
-120
-93
-73
-82
-126
-167
-167
-134
-103
-105
-129
-146
-152
-144
-138
-133
-128
-142
-170
-174
-168
-162
-179
-197
-200
-190
-179
-176
-186
-194
-200
-188
-161
-133
-110
-107
-95
-75
-45
-9
16
29
55
92
123
147
160
186
219
239
241
233
240
256
270
286
283
264
233
213
223
229
218
187
156
152
155
136
101
71
61
76
80
55
1
-36
-29
3
26
8
-35
-71
-71
-55
-45
-45
-55
-51
-59
-77
-90
-95
-97
-96
-94
-90
-99
-134
-163
-165
-144
-129
-136
-158
-191
-208
-202
-187
-173
-176
-185
-189
-185
-179
-166
-151
-137
-123
-106
-87
-76
-54
-22
10
19
20
31
60
89
106
119
133
144
138
139
147
152
163
174
184
183
156
132
137
156
164
162
144
134
135
133
130
136
153
163
149
122
122
149
178
182
153
128
125
137
139
129
111
93
81
67
47
20
-6
-23
-35
-46
-72
-112
-145
-161
-169
-176
-193
-214
-232
-251
-252
-248
-245
-236
-237
-245
-253
-248
-214
-187
-186
-197
-204
-194
-179
-171
-158
-144
-158
-183
-191
-165
-137
-144
-168
-177
-163
-152
-155
-148
-142
-126
-102
-74
-54
-55
-55
-22
37
83
115
134
153
185
222
259
292
316
332
357
381
395
398
392
394
408
421
420
401
362
336
336
332
329
308
270
238
212
196
177
155
129
106
88
69
49
27
3
-18
-33
-39
-52
-84
-122
-130
-120
-114
-134
-187
-227
-224
-201
-194
-218
-255
-270
-270
-276
-275
-270
-273
-290
-304
-304
-300
-302
-302
-294
-287
-288
-289
-290
-282
-265
-254
-246
-238
-229
-209
-187
-169
-161
-148
-122
-92
-72
-65
-51
-25
8
30
51
66
89
105
112
129
152
174
186
197
196
206
215
228
245
248
248
250
251
253
272
287
288
284
275
294
307
312
306
299
302
308
319
316
305
291
286
285
280
261
236
221
211
192
164
123
100
92
71
36
-23
-65
-79
-87
-106
-140
-181
-224
-246
-255
-253
-268
-301
-321
-328
-328
-338
-348
-345
-334
-329
-337
-343
-338
-321
-309
-293
-284
-283
-286
-278
-251
-229
-229
-225
-212
-188
-174
-172
-166
-149
-124
-102
-76
-62
-57
-53
-32
-1
37
65
75
83
94
116
140
166
192
215
225
231
233
242
263
281
293
294
291
284
280
279
281
280
272
267
256
237
218
205
200
190
182
166
146
129
112
101
94
88
69
44
30
27
32
26
10
-15
-26
-27
-34
-47
-59
-60
-59
-66
-96
-124
-134
-127
-122
-142
-168
-196
-214
-210
-207
-219
-246
-267
-269
-263
-268
-279
-281
-281
-270
-259
-242
-232
-233
-225
-204
-163
-136
-121
-105
-84
-59
-33
-12
10
34
51
65
81
94
101
111
121
140
144
142
132
127
135
153
167
158
148
140
146
160
172
184
185
181
183
195
206
221
222
219
222
225
233
229
216
209
206
202
189
165
141
118
109
92
64
32
6
-17
-46
-79
-105
-111
-130
-160
-185
-205
-224
-238
-245
-243
-247
-259
-270
-279
-273
-255
-247
-253
-258
-259
-249
-222
-202
-198
-201
-199
-187
-168
-155
-148
-135
-120
-111
-93
-83
-73
-63
-44
-22
-9
0
10
30
50
72
89
105
118
133
139
155
183
204
213
203
203
222
251
263
260
243
236
239
248
256
251
240
222
218
216
207
192
172
167
168
166
141
117
100
100
97
88
78
65
43
24
20
13
10
0
-19
-34
-43
-60
-70
-83
-89
-101
-119
-136
-150
-157
-172
-184
-195
-202
-216
-234
-255
-256
-252
-252
-261
-279
-285
-289
-286
-274
-266
-267
-263
-255
-253
-247
-229
-207
-192
-182
-172
-151
-133
-115
-97
-76
-51
-37
-19
1
18
40
63
87
105
117
132
143
164
184
199
213
229
236
245
253
258
269
284
286
281
287
290
292
282
266
268
276
270
256
235
218
209
200
194
178
158
136
123
113
94
71
56
46
35
14
-4
-15
-31
-43
-59
-72
-84
-96
-108
-120
-129
-143
-162
-173
-179
-184
-194
-212
-221
-231
-233
-232
-244
-257
-260
-259
-252
-248
-250
-245
-241
-234
-227
-216
-202
-192
-173
-157
-142
-134
-124
-103
-84
-61
-50
-39
-28
-16
-1
12
28
45
52
55
59
66
84
96
107
119
119
119
129
145
158
166
169
178
192
201
206
213
219
228
233
236
240
242
238
236
236
239
234
217
200
186
185
184
176
156
121
91
80
81
78
54
18
-8
-25
-31
-43
-61
-76
-90
-107
-121
-133
-147
-154
-158
-160
-168
-179
-194
-194
-188
-188
-193
-203
-198
-193
-190
-191
-192
-189
-190
-185
-177
-167
-166
-172
-169
-156
-145
-135
-134
-130
-124
-115
-101
-89
-80
-75
-65
-50
-36
-19
-5
2
13
28
47
65
77
88
102
115
128
137
148
157
170
181
184
186
190
191
194
195
195
194
186
181
173
169
167
158
147
132
125
119
112
99
87
80
71
61
54
43
32
19
8
8
4
-5
-18
-31
-36
-41
-51
-60
-66
-70
-79
-88
-95
-103
-103
-105
-117
-125
-133
-128
-124
-129
-134
-138
-131
-132
-137
-133
-123
-115
-115
-117
-115
-111
-100
-87
-78
-77
-78
-75
-64
-54
-42
-37
-32
-30
-28
-17
-10
0
8
12
16
19
25
31
36
47
53
57
60
56
63
71
77
81
83
85
84
86
85
88
96
102
99
91
87
94
102
102
98
94
95
96
95
95
91
88
86
84
80
74
68
59
53
53
45
34
17
2
-2
-4
-12
-25
-43
-57
-66
-73
-73
-77
-85
-97
-105
-106
-107
-107
-109
-100
-92
-90
-93
-97
-91
-76
-60
-51
-51
-51
-52
-45
-31
-23
-21
-20
-20
-16
-17
-17
-16
-16
-15
-12
-12
-14
-17
-19
-15
-9
-6
-7
-5
-1
7
16
18
22
24
32
43
50
57
58
58
65
70
78
79
72
68
68
75
79
71
57
50
48
47
41
35
30
20
12
7
5
0
-7
-14
-19
-19
-22
-28
-30
-32
-30
-31
-35
-37
-38
-38
-42
-42
-40
-38
-36
-41
-44
-51
-51
-45
-39
-40
-45
-49
-50
-46
-43
-40
-43
-39
-37
-32
-35
-33
-26
-20
-15
-10
-11
-7
1
8
15
16
20
27
35
39
42
46
50
54
58
63
66
65
68
74
70
68
67
67
69
67
64
60
58
54
48
46
41
36
31
28
29
24
12
6
6
5
-1
-4
-5
-7
-11
-15
-17
-17
-21
-23
-25
-25
-26
-29
-30
-33
-39
-38
-40
-41
-42
-45
-51
-55
-51
-52
-54
-56
-59
-59
-59
-59
-60
-59
-58
-55
-54
-53
-54
-56
-50
-41
-39
-41
-40
-37
-33
-29
-27
-26
-19
-15
-14
-10
-6
-6
-3
2
9
18
19
22
22
26
35
46
51
53
55
58
64
69
73
75
81
84
85
82
80
80
80
82
84
75
68
63
60
60
53
48
39
34
32
26
22
17
11
9
5
0
-1
-6
-7
-9
-10
-11
-16
-20
-20
-21
-24
-25
-26
-32
-35
-38
-44
-45
-47
-49
-56
-62
-62
-64
-67
-68
-69
-70
-70
-72
-70
-67
-63
-63
-58
-50
-45
-44
-41
-36
-28
-21
-13
-9
-7
-3
1
6
8
12
15
17
18
16
17
22
20
15
18
21
23
17
14
13
20
26
25
21
16
22
27
31
34
33
33
36
40
41
42
42
42
42
45
43
37
37
34
36
35
28
20
13
10
10
8
7
-4
-13
-18
-20
-19
-22
-24
-25
-27
-30
-36
-36
-31
-25
-18
-22
-26
-26
-25
-17
-3
1
-4
-6
-6
1
8
16
15
10
8
9
14
16
17
12
8
6
4
4
3
4
-1
-4
-8
-11
-15
-14
-13
-15
-14
-16
-18
-18
-17
-19
-18
-14
-14
-13
-8
-9
-11
-9
-6
-6
-4
0
-4
-7
-5
-3
-3
-4
-5
-8
-12
-11
-10
-11
-12
-11
-14
-18
-15
-17
-12
-12
-14
-13
-11
-10
-9
-3
-2
-3
1
5
4
7
11
12
15
16
20
19
19
23
22
21
22
26
27
24
26
25
25
24
26
29
30
29
29
29
27
28
30
34
30
31
31
26
24
29
29
25
23
21
18
15
13
9
9
6
3
1
-5
-6
-8
-11
-17
-17
-14
-19
-20
-23
-22
-25
-26
-24
-26
-28
-28
-26
-31
-31
-29
-31
-35
-36
-35
-35
-36
-41
-42
-39
-38
-44
-45
-44
-44
-41
-37
-40
-42
-39
-35
-32
-27
-25
-24
-21
-15
-16
-12
-4
-1
3
6
11
9
10
14
19
25
28
24
20
25
29
32
33
35
33
32
37
38
39
40
40
44
46
48
45
44
48
51
53
53
52
50
47
48
47
48
48
40
35
36
34
28
23
21
15
13
8
2
-4
-6
-8
-11
-17
-22
-25
-29
-28
-30
-30
-34
-38
-39
-41
-40
-40
-39
-41
-45
-42
-43
-47
-45
-44
-41
-46
-44
-43
-48
-46
-43
-41
-42
-40
-41
-40
-39
-36
-33
-29
-27
-28
-22
-20
-18
-13
-9
-7
-3
4
5
5
13
16
17
21
25
30
29
31
33
34
37
39
39
36
40
38
38
39
39
37
36
34
35
37
32
29
29
32
29
26
26
25
23
26
24
18
17
19
19
17
20
12
8
10
9
10
8
4
0
-1
1
-2
-5
-10
-10
-10
-13
-16
-19
-21
-22
-23
-24
-24
-30
-33
-30
-30
-31
-35
-32
-35
-35
-31
-33
-33
-35
-33
-32
-29
-27
-29
-28
-23
-24
-21
-21
-20
-19
-14
-9
-7
-6
-7
-7
-2
3
6
7
8
8
9
11
14
15
16
17
18
17
17
16
18
20
21
18
18
16
15
17
19
21
17
15
14
16
19
20
18
19
19
18
17
17
19
18
21
20
17
14
13
12
12
12
10
5
4
0
-5
-2
-6
-8
-10
-16
-17
-18
-19
-21
-23
-23
-24
-24
-25
-24
-21
-25
-20
-19
-19
-15
-15
-13
-14
-11
-6
-8
-6
-3
-6
-2
-2
-2
1
-1
2
-1
2
0
-2
4
3
3
6
3
3
6
9
12
8
13
11
14
16
21
24
21
22
26
24
27
28
27
28
25
27
24
23
21
20
19
15
12
12
5
4
2
1
-3
-9
-4
-11
-14
-14
-17
-15
-17
-16
-19
-21
-20
-19
-18
-16
-18
-15
-17
-17
-17
-14
-11
-14
-11
-10
-16
-14
-11
-13
-12
-11
-15
-14
-14
-15
-15
-14
-15
-17
-16
-15
-15
-13
-13
-13
-11
-7
-6
-8
-4
-2
0
4
6
7
8
9
14
14
17
20
18
20
21
22
24
23
25
23
25
22
19
24
20
20
23
19
18
14
17
17
16
17
13
13
11
13
14
9
11
12
10
12
8
11
11
7
7
8
6
4
1
4
-1
-1
0
-4
-5
-9
-8
-12
-14
-13
-18
-17
-19
-22
-20
-23
-24
-23
-24
-27
-26
-24
-26
-25
-25
-26
-25
-24
-22
-22
-21
-22
-19
-18
-17
-15
-14
-15
-14
-12
-11
-10
-8
-6
-5
-6
-7
-5
-2
1
3
4
2
2
4
9
9
12
14
9
13
14
16
18
18
21
19
22
22
21
24
23
25
25
23
26
22
24
25
22
24
21
20
17
18
18
16
14
14
10
10
8
7
5
4
4
-1
1
-3
-7
-5
-6
-6
-9
-11
-12
-16
-14
-13
-15
-15
-17
-16
-21
-17
-17
-19
-16
-17
-18
-16
-15
-16
-14
-14
-12
-13
-9
-12
-10
-9
-5
-6
-6
-2
-5
-4
1
1
-1
1
1
4
2
6
4
4
4
7
8
6
10
8
7
13
12
11
14
11
14
14
16
13
16
16
12
18
15
15
14
16
14
14
14
12
9
10
10
9
8
3
4
2
3
1
1
0
-5
-3
-4
-4
-5
-7
-6
-9
-10
-6
-10
-9
-10
-11
-12
-12
-9
-14
-13
-12
-14
-14
-14
-17
-17
-17
-15
-19
-18
-19
-22
-17
-20
-18
-20
-20
-19
-19
-18
-17
-18
-16
-13
-12
-11
-11
-8
-9
-5
-1
0
0
-2
2
2
6
10
7
9
8
10
10
13
13
13
13
13
13
12
13
15
14
14
16
13
14
14
14
16
18
16
13
15
16
15
18
17
15
15
15
16
11
15
12
11
13
11
8
6
7
4
4
3
1
-3
-2
-6
-5
-6
-7
-8
-11
-9
-13
-13
-9
-12
-12
-11
-12
-14
-11
-10
-11
-8
-7
-10
-9
-6
-6
-5
-3
-2
-5
-3
-2
-3
-1
0
0
1
1
0
0
3
2
1
3
2
3
2
6
3
5
6
6
6
8
8
8
9
9
10
8
9
8
9
10
10
11
7
8
7
6
6
6
5
1
3
4
-2
-1
0
-5
-3
-3
-7
-7
-5
-9
-8
-6
-9
-11
-7
-10
-11
-10
-9
-12
-11
-10
-10
-11
-10
-10
-13
-9
-10
-12
-10
-11
-13
-11
-11
-11
-12
-10
-10
-11
-9
-9
-11
-9
-6
-9
-6
-5
-4
-5
-1
-3
-1
1
0
4
3
4
5
8
8
8
11
10
11
11
14
13
12
14
14
14
14
15
14
16
14
16
16
14
16
16
14
16
16
14
14
13
13
14
13
11
15
10
10
11
8
7
7
6
5
3
2
0
1
-3
-3
-2
-6
-7
-5
-8
-9
-9
-7
-12
-11
-9
-12
-12
-10
-10
-14
-10
-11
-10
-11
-11
-9
-10
-8
-10
-9
-7
-9
-7
-5
-8
-7
-6
-6
-6
-4
-3
-5
-4
-4
-4
-2
-3
-1
-1
-2
1
1
2
3
4
6
5
5
7
10
7
8
11
9
10
11
11
10
11
12
12
9
9
11
9
8
10
10
5
7
8
6
4
5
5
2
5
2
2
3
2
0
3
2
0
2
-1
-1
-2
2
-2
-4
-2
-3
-5
-4
-3
-8
-8
-4
-9
-9
-9
-12
-11
-11
-10
-13
-14
-13
-14
-13
-13
-14
-14
-13
-12
-12
-11
-11
-12
-11
-8
-10
-6
-6
-7
-5
-4
-4
-1
-2
-1
2
-2
2
3
1
4
5
4
2
7
5
4
8
8
6
7
9
7
9
9
11
9
11
11
11
12
11
15
12
13
15
13
12
14
13
13
13
13
13
9
10
9
8
8
7
6
3
3
3
1
2
-2
-1
-1
-5
-4
-5
-6
-6
-5
-7
-6
-9
-9
-6
-7
-9
-7
-8
-10
-8
-8
-8
-8
-7
-9
-7
-10
-7
-8
-10
-7
-8
-9
-10
-7
-9
-8
-8
-6
-9
-7
-7
-8
-7
-6
-5
-5
-5
-4
-2
-4
-1
-1
0
0
1
2
1
4
3
5
5
6
5
5
5
7
7
7
7
6
7
5
6
6
5
6
6
5
5
6
4
6
6
4
4
6
3
4
7
4
3
6
4
4
4
4
4
4
5
4
3
4
3
3
1
2
1
0
-1
0
0
-3
-1
-2
-5
-2
-4
-5
-6
-4
-5
-5
-6
-5
-4
-6
-5
-4
-4
-5
-2
-5
-4
-3
-3
-2
-2
-1
-3
0
1
-2
-1
1
0
-1
2
1
-1
1
4
-2
1
3
1
2
1
2
2
3
2
3
4
3
3
4
4
4
6
4
4
6
4
6
4
4
6
3
2
4
4
1
3
2
-1
0
0
-3
0
-5
-5
-1
-8
-6
-5
-7
-6
-8
-6
-7
-9
-8
-9
-8
-10
-9
-7
-9
-8
-6
-8
-8
-8
-5
-7
-8
-3
-7
-8
-4
-5
-5
-5
-2
-6
-3
-4
-3
-3
-1
-3
-3
0
-2
1
-1
3
-1
1
4
1
2
3
5
2
5
5
5
5
7
6
6
7
5
9
6
5
7
7
3
6
5
3
3
5
1
3
3
1
2
2
-1
1
1
-1
0
-1
2
-3
0
-1
-1
-1
-2
0
-2
-1
-1
0
-2
-2
-1
1
-3
-1
1
-3
-3
-1
0
-2
0
1
-3
0
-1
-1
0
-1
2
-1
0
1
1
1
1
2
3
2
2
2
3
3
3
4
3
3
4
4
5
3
4
4
3
4
4
3
2
4
4
2
3
3
2
3
2
2
1
0
2
2
0
-1
1
-1
-2
0
-2
-2
-1
-3
0
-3
-3
-3
-2
-5
-2
-2
-6
-4
-4
-4
-6
-4
-4
-5
-7
-4
-5
-7
-5
-5
-7
-5
-3
-6
-5
-5
-4
-6
-5
-3
-6
-5
-3
-5
-5
-2
-5
-3
0
-5
-2
-1
-2
-3
1
-1
0
2
-1
0
1
2
2
3
4
2
5
4
5
3
7
4
5
6
6
6
7
6
6
7
5
6
7
8
6
6
7
5
7
7
6
7
4
8
6
5
6
5
5
5
4
6
4
4
4
3
4
1
5
3
-1
6
1
0
4
2
1
1
2
0
1
0
0
2
0
0
1
1
-2
3
-1
1
-1
0
1
-2
3
-1
0
1
-1
0
2
-1
0
2
-1
1
0
0
-1
1
0
-2
0
-1
1
-1
0
1
-2
-2
-1
-3
-1
-1
-4
-1
-2
-2
-1
-3
-2
-2
-2
-2
-3
-2
-4
-1
-3
-3
-1
-3
-2
0
-3
-3
0
-4
-2
-1
0
-4
-1
0
-3
1
-2
0
-3
1
-2
1
-2
1
1
-1
2
2
1
1
4
0
4
3
3
4
3
3
2
6
1
5
4
3
5
4
5
3
5
4
6
2
5
3
3
3
3
5
1
4
2
3
2
2
2
2
1
3
1
1
2
0
1
1
0
1
-1
1
-1
0
-2
0
0
-2
-2
0
-2
-2
-2
-1
-2
-4
-1
-3
-3
-3
-1
-3
-4
-2
-2
-5
-3
-2
-5
0
-3
-3
0
-4
-2
0
-2
-3
1
-3
-2
0
-2
0
0
-3
1
0
-2
3
-1
-1
1
1
1
2
0
2
3
-1
3
4
0
2
5
0
3
3
2
3
1
3
3
1
2
4
1
1
2
2
1
0
2
0
-1
0
0
-2
-2
0
-3
-2
-3
-3
0
-6
-3
-2
-4
-4
-3
-5
-5
-5
-6
-3
-7
-6
-4
-5
-7
-4
-7
-7
-4
-8
-5
-6
-6
-6
-6
-7
-6
-5
-7
-5
-5
-4
-5
-3
-4
-4
-3
-2
-3
-1
-3
-1
-2
-1
-1
-1
0
0
1
1
2
2
2
3
5
2
4
4
2
6
5
4
5
5
5
4
5
4
6
4
6
5
4
6
5
4
5
6
3
5
3
5
3
3
5
2
2
4
3
0
5
-1
1
1
-1
0
1
0
-2
1
-2
-2
0
-4
-3
-2
-3
-3
-2
-3
-5
-2
-5
-5
-2
-6
-5
-4
-3
-6
-4
-3
-5
-4
-4
-4
-7
-4
-4
-4
-5
-5
-3
-5
-4
-2
-3
-4
-2
-3
-3
-2
-4
-2
-1
-2
-2
-1
-3
-2
1
-3
0
-2
0
-1
-1
-1
0
0
-3
0
-1
0
-1
1
-1
-1
1
0
-1
-2
1
-2
-1
0
-2
0
-1
0
-2
1
-4
0
-1
-2
-2
-1
-2
-2
-3
-3
-1
-5
-2
-1
-5
-2
1
-6
-3
0
-4
-2
-1
-2
-4
-1
-2
-2
-1
-2
0
-1
-1
-1
-1
0
-2
0
0
-2
2
0
0
1
1
0
2
2
-1
3
4
0
3
4
1
2
3
4
2
3
5
3
2
6
3
4
5
3
3
5
4
3
6
3
5
4
3
4
4
2
4
3
1
5
0
2
3
1
3
2
0
3
1
-1
1
0
-1
-1
0
-1
-2
-1
-2
-1
-4
1
-5
-2
-1
-4
-1
-4
-4
-4
-2
-6
-2
-3
-5
-4
-2
-6
-4
-5
-4
-5
-6
-4
-4
-4
-5
0
-6
-4
-2
-4
-2
-4
-3
-4
-2
-4
-1
-2
-3
-1
-1
-2
-1
-2
-1
0
-2
1
-1
0
2
-1
1
0
1
1
0
0
2
0
2
1
0
1
2
1
1
2
1
2
1
1
2
0
3
0
1
1
1
1
2
0
1
2
-1
0
2
1
0
1
2
0
-1
1
1
1
-1
0
0
-1
1
0
0
0
0
1
1
-2
0
1
0
-2
4
0
-1
3
-1
0
1
2
0
2
-1
2
0
0
3
1
2
1
3
1
1
4
0
2
3
0
4
2
2
3
4
1
4
4
3
3
4
2
3
4
1
4
2
2
4
3
1
3
3
0
2
4
0
1
4
-1
1
1
1
1
1
0
0
1
-1
1
-1
-2
-1
0
0
-2
0
0
-3
-1
-1
-3
-1
-3
-2
-3
-1
-3
-1
-4
-3
-2
-2
-3
-3
-1
-3
-3
-2
-4
-1
-2
-3
-1
-1
-3
-1
1
-4
-1
1
-3
0
-1
-1
-1
-1
-2
1
-1
-1
2
0
-1
2
-1
1
1
1
1
2
1
0
3
-1
2
2
0
3
1
-1
5
0
-1
5
0
0
2
3
1
1
3
2
0
2
2
2
2
1
1
1
1
0
3
1
-1
3
1
-2
2
1
-1
2
2
-1
2
0
-1
1
1
0
-1
3
-1
1
1
-1
0
-1
1
-1
0
2
0
0
0
2
-1
1
2
1
0
1
2
-2
2
2
-1
2
1
0
2
1
0
2
0
2
1
2
1
2
0
2
3
0
3
1
0
1
3
-2
4
1
0
4
0
-1
2
2
-1
0
2
0
0
2
0
2
0
1
2
-1
-1
1
0
0
-2
0
1
-3
0
1
-1
-2
0
0
-2
0
-1
-1
-2
-1
-1
-2
-3
-1
-1
-2
-3
-2
-1
-2
-3
-1
-2
-3
0
-2
-2
-2
-2
-1
-3
-2
-1
-3
-3
-1
-1
-4
-2
0
-2
-2
-2
-1
-2
-2
-1
-1
0
-3
0
-2
-1
-1
0
1
-2
-1
2
-1
-1
2
1
-2
1
2
0
-1
2
0
0
0
2
-1
1
2
-1
1
1
1
1
2
0
1
0
2
1
0
1
1
0
2
2
0
1
2
0
1
2
0
1
1
1
-1
1
2
0
0
1
2
0
0
3
-1
-1
3
0
-2
2
-1
0
2
0
-1
2
1
-3
4
-1
-1
2
1
1
0
2
-1
1
-1
0
2
-1
-2
2
0
0
0
1
0
-1
2
-1
1
0
-1
2
-2
1
0
0
0
0
1
-3
1
1
-3
1
-1
-1
-1
1
-2
-1
1
-2
-1
-1
-1
-3
1
1
