-2
-3
3
-1
-1
4
0
-4
1
2
0
-1
1
0
0
4
-2
1
1
-2
1
4
4
6
6
3
3
3
-2
-6
0
3
0
-2
1
1
-3
2
3
-3
1
-1
-3
1
-3
6
3
-4
3
-3
-2
-2
-7
-6
-4
-5
-3
-5
-5
-2
-4
-1
-1
0
0
-1
1
2
0
0
-4
-1
2
-2
-4
-3
-2
0
2
-2
-1
3
2
5
1
3
4
3
5
4
0
7
5
2
1
1
4
2
3
2
6
5
5
5
2
3
4
1
3
5
2
2
2
1
0
6
1
-2
1
0
0
3
1
2
6
4
1
3
-1
-2
-1
-4
-7
0
1
-1
-3
-2
-1
0
-1
-6
5
1
0
3
1
-2
-2
-2
-3
-1
-1
-2
-6
-1
-1
-3
-3
-2
-1
2
1
-2
2
-2
1
-2
-4
-3
-1
0
-5
-5
-4
2
-3
-3
1
-2
1
-1
1
2
-2
1
3
-3
-1
-1
0
0
-2
-1
4
1
2
-1
2
4
3
2
1
5
1
6
3
1
2
0
3
1
3
3
-4
1
1
1
-1
-3
0
-3
-2
0
0
-2
2
-2
-4
0
-6
-3
-5
-1
1
-4
-1
0
-4
-2
-5
-4
-4
-5
-4
-6
-4
-3
-2
-4
-5
3
-1
1
4
1
5
0
-1
3
-1
2
2
2
-1
0
-3
-1
1
-2
-1
-1
1
3
3
2
4
5
3
5
2
4
5
3
7
1
1
0
1
1
-5
0
-1
1
2
1
2
1
1
1
1
-1
2
-1
-3
1
7
4
1
-5
0
-1
-4
-3
0
0
-3
-1
-2
1
-1
-2
-2
-2
1
2
2
-3
-4
-1
-2
-1
2
4
1
0
0
-2
0
2
-1
-1
0
-5
-2
-6
-2
4
-3
0
0
-1
-1
1
3
4
2
0
3
0
0
-1
-4
-1
1
1
-1
4
-2
-2
2
0
2
1
-1
-3
1
6
1
0
3
4
1
2
1
-3
1
1
-3
0
-1
0
3
-2
1
2
2
1
0
-2
-3
0
0
1
0
3
2
5
4
0
0
-2
2
9
5
1
1
0
1
0
1
3
2
2
-1
4
2
-1
1
-1
3
4
5
2
4
-3
-4
-1
-1
-5
-4
-1
-5
-2
-1
0
0
0
-3
-4
2
-3
1
0
-5
-2
-3
2
2
1
2
0
0
-6
-4
-2
-1
-3
1
6
5
1
2
-1
-1
-3
-4
0
0
1
2
-3
-3
-1
-5
1
0
-1
3
1
3
3
0
2
0
-2
-2
-5
-3
-4
-5
-2
1
0
0
1
2
1
2
6
2
-2
-2
-1
-6
-5
-3
1
-2
-3
1
0
3
1
-1
-4
-2
-2
-5
-2
-6
-4
-3
-3
1
-1
-1
-2
-2
3
4
1
-1
-3
2
2
1
0
5
2
-1
1
-1
-2
0
-1
-2
0
0
-2
0
2
0
2
3
1
-2
1
3
-3
0
1
-3
0
-3
-4
-1
-4
-3
-3
-2
1
-1
2
1
2
2
1
3
4
6
0
1
6
8
0
3
6
5
5
7
6
8
8
4
7
-1
2
5
2
6
1
-3
2
0
1
3
0
3
-2
4
-1
-4
-1
-4
-3
-3
-2
1
-2
0
1
2
0
-3
1
0
-1
3
-3
-2
2
3
5
1
0
2
2
1
1
1
5
0
1
2
0
3
-2
2
2
1
4
3
-1
1
-3
-1
2
0
0
-1
0
-2
-2
-3
0
-1
2
0
0
-3
-3
1
0
-1
-2
-6
-5
-4
1
0
-2
1
-1
-1
-2
-2
-2
-3
-3
2
0
0
-1
0
-3
-6
-2
-1
2
-1
-1
0
-2
1
-5
-8
-4
-5
-2
-5
-4
-3
-3
-4
1
5
0
2
3
3
0
0
1
-2
2
2
7
3
1
4
1
1
6
1
5
3
2
3
-1
2
2
3
1
2
5
-4
0
0
1
2
-1
0
2
5
4
5
3
3
0
1
1
2
0
0
-1
-2
5
-1
1
2
0
0
1
-6
-2
1
-5
-1
-11
-8
-4
-4
-4
-3
0
-1
-1
-2
-2
0
-1
0
1
1
-2
1
0
0
1
1
2
4
2
0
0
-3
1
7
6
5
3
2
1
5
-1
-2
4
-2
1
1
3
2
4
5
-2
-1
4
5
0
4
0
-1
3
1
2
-3
-4
0
-2
-9
-6
-5
-7
-1
-4
-2
9
12
21
18
19
22
18
14
7
-1
-13
-14
-13
-19
-19
-14
-12
-6
-3
-1
4
-2
5
8
13
20
16
20
21
21
22
16
11
2
-5
-7
-13
-23
-25
-18
-10
-1
8
14
17
14
21
20
13
3
-2
-2
-6
-10
-3
8
3
6
7
12
11
5
-3
-7
-4
-5
-5
-14
-10
-2
1
1
-9
-11
-6
-6
-13
-13
-14
-10
-9
-12
-5
3
2
2
0
9
9
1
3
6
4
13
12
2
1
4
0
-6
-16
-24
-24
-30
-35
-30
-22
-22
-15
-14
-9
-8
-5
1
0
-5
3
10
7
12
17
24
17
9
3
5
-5
-18
-25
-22
-15
-13
-13
-8
1
8
17
14
5
2
10
14
3
-7
-3
7
9
4
-3
-5
-7
-8
-14
-24
-23
-16
-8
-7
-2
13
20
16
11
12
18
17
0
-4
6
18
20
18
23
23
25
24
19
8
4
5
-5
-14
-22
-22
-23
-31
-31
-16
-9
-8
-4
-5
6
9
10
17
17
25
31
40
36
22
19
19
16
6
2
2
-7
-3
2
11
15
-1
-10
-6
-9
-15
-22
-36
-40
-17
3
1
-2
12
39
41
30
24
38
42
20
5
15
43
44
22
8
13
31
27
-14
-68
-74
-36
-23
-48
-67
-32
32
64
57
49
61
65
47
15
-22
-44
-48
-52
-66
-60
-38
-21
-12
-19
-10
1
-8
-30
-53
-78
-96
-80
-61
-70
-98
-85
-31
-21
-55
-73
-31
11
11
24
94
177
225
223
231
239
222
158
39
-75
-142
-160
-185
-237
-242
-167
-88
-52
-26
23
56
15
-42
-40
3
10
-26
-4
96
203
262
265
237
212
181
81
-83
-226
-272
-299
-335
-317
-208
-53
12
62
168
242
176
36
-13
23
8
-139
-258
-256
-176
-224
-639
-1026
-1055
-658
-376
-612
-641
-93
802
1271
1115
1044
1109
1067
551
-232
-833
-1165
-1344
-1601
-1683
-1299
-445
314
610
891
1407
2002
1961
1332
824
693
740
464
71
10
360
896
1154
1158
1210
1402
1553
1390
1083
954
1015
970
782
564
347
-89
-851
-1614
-2351
-3119
-3813
-4167
-3827
-3290
-2712
-1898
-660
912
1947
2373
2470
2453
2380
1876
1070
104
-734
-1136
-1199
-1176
-1274
-1354
-1255
-1037
-1000
-1192
-1488
-1685
-1663
-1424
-1043
-491
249
978
1738
2274
2717
2445
1048
-295
-1212
-1360
-2172
-3585
-3788
-2856
-1072
-92
400
1324
2133
2857
2693
2061
1362
682
205
-399
-735
-403
348
715
671
893
1597
2008
1454
633
287
485
655
483
385
713
1438
2056
2096
1836
1828
1942
1789
1202
841
1020
1250
1339
1242
1149
757
-136
-1114
-2077
-3022
-4147
-5081
-5306
-4827
-3933
-2964
-1841
-482
889
1962
2475
2418
2033
1529
1012
388
-338
-834
-927
-699
-466
-391
-372
-446
-636
-1072
-1717
-2317
-2657
-2706
-2528
-2063
-1099
184
1333
2175
2784
3253
3323
2924
2126
1185
237
-707
-1261
-1634
-1665
-1968
-2658
-2925
-2738
-1859
-1777
-2343
-2292
-1304
486
1306
1468
1825
2641
3625
3542
2692
1575
698
-105
-1183
-2038
-2243
-1863
-1545
-1179
-193
1329
2594
2969
2915
2950
3176
3151
2571
1714
1006
945
1167
1268
1209
1149
1291
1441
2001
2955
3999
4238
3990
4357
5330
5615
1858
-4379
-9110
-9202
-6845
-8975
-14050
-16213
-10663
-1319
3017
2495
1302
4000
8659
10246
7740
2670
-1057
-1772
-577
-40
-1372
-2911
-2382
254
1943
863
-1865
-3513
-3642
-4604
-7070
-8792
-7431
-4043
-1632
-593
1301
5243
9427
10903
9185
6173
4057
3276
2156
-640
-4600
-7111
-6079
-2830
-578
-1012
-2212
-1398
1062
2253
553
-2210
-3371
-2605
-1616
-1460
-1142
-145
1355
2397
2816
3532
3791
3035
839
-1467
-1889
-1319
-1164
-2446
-3449
-2294
138
1819
1674
972
866
1221
1181
813
482
262
270
570
1751
3206
4089
3808
2854
2414
2520
2306
699
-1459
-2620
-1932
-491
244
463
1161
3114
5301
6544
6713
6475
6129
5731
5137
4234
2219
-2734
-8214
-11439
-10664
-9083
-11519
-14953
-14981
-8903
-1405
1367
998
796
3734
7494
8690
7160
3935
1414
869
1726
2191
1075
-726
-1167
-298
-147
-1620
-3852
-5068
-5615
-6855
-8316
-8259
-5884
-2967
-1426
-477
1821
5574
8787
9394
7716
5512
4287
4154
3609
1365
-2046
-4196
-3442
-1119
-51
-1412
-3086
-3173
-1905
-1396
-2846
-4716
-5810
-5425
-3971
-2149
32
1657
2984
4390
5916
7349
7315
5427
2342
-278
-1106
-1065
-1838
-3514
-4424
-3289
-1052
530
1148
1319
1396
1461
1584
1953
2136
1788
1153
1169
2188
3493
3891
2880
1759
1445
1820
1736
634
-284
-190
1046
2636
3968
5045
6174
7020
7370
7022
5561
3237
-1666
-7732
-12642
-14455
-13167
-13417
-14900
-15096
-10669
-2424
3322
4980
3895
4178
6561
8217
7436
4050
605
-704
680
2752
3175
1711
185
123
361
-763
-3730
-6929
-8929
-9755
-9912
-9176
-6946
-3658
-544
1884
4477
7466
9855
10122
8167
5313
2992
1896
1223
-145
-2447
-4050
-3218
-569
1319
487
-1825
-3252
-3232
-3243
-4771
-6790
-7496
-6345
-3648
-618
2412
4833
6290
7388
8021
8097
6742
3744
170
-2650
-3630
-3384
-3303
-3785
-3701
-2025
579
2314
2503
1913
1491
1323
1110
884
804
1009
1252
1756
2688
3870
4421
3633
1981
570
150
-111
-693
-1610
-1671
-95
2375
4677
5832
6496
7437
8502
8434
7094
4888
2592
-334
-5443
-10518
-13883
-13739
-12533
-13496
-14543
-13384
-7699
-1125
2180
2576
2234
4168
7116
8615
7337
4238
2095
2336
3964
4387
2758
395
-627
-391
-912
-3202
-6346
-8415
-8925
-8914
-8872
-8126
-6056
-2961
-66
2194
4264
6434
8313
8720
7388
5247
3708
3155
2468
798
-1515
-2679
-1985
-728
-647
-2310
-4008
-4787
-5164
-5580
-6425
-6509
-5675
-3948
-1139
1761
4567
6417
7255
7680
7405
6665
4881
2151
-718
-2731
-3237
-2969
-2942
-3098
-2515
-1010
519
1208
1207
1034
853
815
1013
1449
1770
1996
2376
3024
3839
4151
3499
2217
1177
987
1013
498
38
426
2048
4056
5705
6751
7525
8111
8041
7326
5464
3207
-260
-5406
-10340
-14127
-14538
-13988
-14236
-14402
-13409
-8541
-2555
1641
3111
2791
3867
5812
7306
6892
4769
2913
2647
3856
4812
4290
2519
884
-165
-1399
-3528
-6409
-8884
-10429
-11117
-10957
-9536
-6655
-3198
-329
1841
4024
6620
8773
9095
7450
4992
3461
3281
3246
2112
-25
-1503
-1117
331
663
-766
-3172
-4896
-5535
-6386
-7087
-8101
-7978
-6284
-3705
68
2999
5498
6971
7496
8065
7612
6506
3957
880
-1377
-2437
-2240
-2156
-2362
-2457
-1749
-440
559
882
500
-39
-369
-54
872
1762
2303
2572
3141
4304
5255
5238
3930
2264
1342
990
710
35
-412
49
1510
3488
5135
6237
6871
7388
7578
7048
5997
4464
2351
-595
-5027
-9300
-12352
-13378
-13268
-14417
-15211
-14322
-10273
-4734
-1284
393
1176
3299
6389
8112
7706
5631
4019
3994
4588
4378
2826
869
-191
-445
-1157
-3110
-5751
-7761
-8553
-8767
-8864
-8430
-7030
-4613
-2065
207
2436
4613
6422
7043
6578
5770
5174
4628
3714
2396
1116
456
484
720
-108
-2005
-3949
-4721
-4770
-5593
-7091
-8039
-6937
-4387
-1755
175
1640
3483
5259
6451
6581
5914
4730
2998
1383
365
-13
-242
-767
-1173
-1055
-341
356
283
-410
-952
-795
-192
346
793
1348
2073
2912
3659
4238
4341
3827
2815
1725
1211
1182
1137
773
674
1684
3472
5074
5818
6001
6459
6949
6967
6062
4525
3492
2314
581
-2665
-7182
-10667
-12819
-13337
-14173
-15933
-16120
-13976
-9050
-4202
-1217
984
3053
6079
8638
9266
8091
5999
4517
3859
3245
2154
770
-376
-837
-1239
-2390
-4052
-5653
-6622
-7383
-8393
-8730
-7814
-5641
-3251
-1481
341
2641
5293
7135
7242
6176
4924
4201
3641
2518
938
-343
-531
61
559
375
-342
-1237
-2286
-3266
-4327
-5271
-6030
-6179
-5207
-3387
-1119
856
2457
3792
4838
5396
5156
4078
2544
1041
9
-394
-464
-382
-284
64
658
1253
1551
1284
653
-29
-321
-264
34
400
745
1385
2322
3491
4212
4026
3425
2882
2678
2457
1893
1484
1450
2175
3514
4720
5628
6085
6634
7060
7052
6148
4559
3199
1506
-760
-5403
-10560
-14064
-15165
-14209
-14873
-15758
-15334
-11531
-5015
-246
2055
2428
3689
6380
8301
8214
5994
3611
2671
3089
3522
2867
1649
724
369
-403
-2072
-4118
-6030
-7246
-8439
-9425
-9288
-7653
-4860
-2564
-1057
561
2822
5336
6508
5889
4269
3033
2875
2997
2500
1346
611
754
1566
1831
1004
-612
-2495
-3709
-4647
-5223
-5679
-5827
-5200
-3763
-1422
983
2661
3336
3524
3665
3824
3462
2372
1012
54
141
844
1499
1715
1606
1593
1689
1586
1189
401
-474
-1068
-1138
-525
335
1069
1595
2221
3210
4091
4343
3710
2939
2515
2553
2641
2387
2625
3371
4764
5910
6422
6670
6595
6452
5674
4387
2905
2064
951
-1221
-5384
-10078
-12542
-13051
-12503
-13911
-15843
-15534
-11919
-6073
-2046
-335
400
2159
5294
7618
7713
5750
3545
2761
3155
3441
2773
1675
926
666
151
-1044
-2494
-4069
-5570
-7246
-8537
-8467
-7177
-5387
-4241
-3485
-1854
770
3470
4614
4070
3170
3001
3668
3976
3353
2166
1675
2200
3077
3291
2361
955
-658
-1874
-2842
-3729
-4672
-5665
-5895
-4987
-3105
-1159
-81
320
770
1727
2764
2939
2160
1074
764
1435
2402
2909
2813
2659
2721
2935
2854
2295
1233
6
-810
-1009
-612
-109
176
470
1053
2177
3159
3320
2838
2284
2233
2450
2618
2683
2949
3520
4540
5637
6585
7035
7035
6742
6032
5273
3983
3134
1925
-85
-3430
-8168
-11245
-12859
-12960
-13767
-15660
-15840
-13735
-8973
-4560
-2077
-668
647
2997
5179
6036
5306
3834
2964
3005
3511
3664
3591
3414
3085
2420
1067
-342
-1826
-3597
-5767
-8028
-8972
-8342
-6904
-5832
-5369
-4331
-2294
225
1980
2228
1749
1419
1970
2932
3360
3312
3150
3695
4540
4857
4393
3183
1769
59
-1678
-3155
-4167
-4823
-5348
-5319
-4449
-2789
-1269
-526
-293
111
968
1620
1624
1166
1040
1691
2732
3663
4065
4232
4240
4044
3590
2825
1966
906
-162
-977
-1177
-805
-221
255
681
1352
2160
2693
2610
2294
2096
2131
2238
2379
2812
3505
4484
5489
6255
6780
6814
6680
6074
5217
4314
3432
2948
1690
-730
-4869
-8904
-11044
-11791
-12433
-14728
-16566
-15972
-12504
-7993
-5116
-3575
-2218
-52
2487
4018
4272
3526
2782
2746
3331
4189
4916
5582
5820
5398
4249
3014
1948
294
-2284
-5548
-7900
-8437
-7805
-7169
-7220
-7039
-5691
-3521
-1442
-482
-425
-514
-164
767
1674
2441
3051
3827
4697
5604
6428
6473
5516
3534
1518
110
-993
-2191
-3795
-4885
-4795
-3789
-2731
-2424
-2457
-2305
-1723
-1067
-724
-644
-478
158
1234
2674
4065
5046
5327
5125
4910
4729
4349
3427
2169
1069
643
877
1269
1453
1467
1613
1869
2032
1994
1774
1408
1078
976
1297
1833
2558
3235
3768
4343
4770
5273
5298
4957
4447
3999
4037
3607
2055
-1331
-5361
-8274
-9644
-10419
-12151
-14137
-14759
-12915
-9609
-6808
-5036
-3879
-2481
-1012
144
931
1244
1409
1506
1898
2840
4391
6253
7394
7158
5768
4460
3748
2913
884
-2244
-4935
-6031
-5616
-5044
-5143
-5508
-5467
-4703
-3803
-3294
-3310
-3659
-3708
-3337
-2348
-958
531
1885
2764
3777
5020
6226
6446
5378
3932
2808
2309
1705
781
-186
-851
-983
-941
-1014
-1402
-2146
-2791
-3116
-2985
-2562
-2208
-1771
-1118
188
1889
3261
3852
3809
3788
3905
3935
3657
3164
2724
2554
2682
2942
3148
3239
3153
2866
2462
2143
1876
1526
1059
781
787
1084
1627
2257
2853
3056
3116
3180
3371
3367
3029
2584
2562
3000
2818
1160
-2069
-4838
-6313
-7001
-8453
-10851
-12265
-11781
-9823
-7979
-6677
-5398
-4010
-2796
-2051
-1604
-1190
-701
-308
-53
301
1346
3371
5491
6529
6174
5374
5097
4897
3913
1771
-587
-2237
-2957
-3162
-3332
-3487
-3661
-3790
-3872
-3826
-3753
-3859
-4219
-4635
-4711
-4125
-2906
-1481
-337
605
1826
3329
4514
4822
4518
4097
3665
3174
2770
2494
2194
1638
1055
719
485
90
-780
-1802
-2526
-2624
-2328
-2189
-2034
-1450
-238
1081
1958
2385
2566
2682
2757
2778
2714
2640
2651
2808
3049
3328
3626
3789
3695
3339
2912
2529
2338
2298
2162
1880
1627
1787
2229
2346
1949
1321
1062
1180
1187
975
897
1503
2644
3127
1807
-963
-3514
-4540
-4920
-6427
-8842
-10303
-9543
-7567
-6134
-5277
-4391
-3397
-2767
-2832
-2996
-2955
-2775
-2572
-2466
-1960
-546
1709
3973
5065
4989
4646
4627
4516
3522
1784
120
-771
-1057
-1141
-1067
-786
-583
-947
-1749
-2473
-2900
-3462
-4448
-5452
-5843
-5338
-4207
-3003
-1965
-931
365
1737
2569
2851
2941
3051
2992
2775
2828
3236
3556
3456
3054
2594
2083
1363
375
-731
-1605
-1995
-1975
-1905
-1664
-1063
-126
813
1303
1474
1353
1245
1248
1325
1436
1460
1644
2022
2559
3000
3146
3158
3105
3017
2717
2270
2144
2337
2583
2555
2430
2612
2857
2929
2505
1901
1462
1251
1263
1096
1026
1363
2233
3090
2499
301
-2477
-4174
-4750
-5978
-8225
-10001
-9550
-7582
-6008
-5110
-4101
-2751
-2092
-2458
-3094
-3234
-2990
-2956
-3045
-2773
-1450
855
3126
4431
4605
4509
4517
4221
3193
1636
346
-360
-566
-593
-333
268
759
540
-464
-1416
-2018
-2721
-3902
-5166
-5637
-5244
-4427
-3548
-2592
-1424
-305
462
757
943
1353
1682
1676
1569
1975
2871
3599
3798
3581
3282
2832
2089
1044
-52
-773
-1074
-1105
-1117
-955
-446
201
692
855
821
695
553
525
634
757
890
1159
1611
2120
2371
2334
2162
2041
1982
1803
1577
1526
1796
2065
2178
2253
2510
2792
2649
2198
1757
1543
1381
1180
1017
1069
1341
1849
2508
3058
3347
2758
1264
-683
-2190
-3062
-4171
-5575
-6520
-6362
-5544
-4829
-4230
-3610
-3273
-3511
-4173
-4803
-5140
-5158
-4952
-4587
-4021
-2820
-1036
833
2176
2721
2885
2787
2488
1931
1284
1038
1162
1351
1361
1486
2017
2436
2136
1174
84
-839
-1722
-2533
-3059
-3332
-3489
-3448
-3093
-2410
-1734
-1251
-954
-798
-499
-43
482
884
1188
1631
2100
2437
2527
2514
2415
2008
1377
708
339
148
-47
-240
-325
-76
301
592
642
627
734
827
813
710
715
803
886
978
1086
1167
1134
1054
1073
1181
1271
1277
1250
1364
1608
1839
1896
1787
1730
1708
1694
1619
1562
1547
1412
1229
1163
1365
1694
1974
2151
2315
2487
2703
2705
1974
531
-929
-1612
-1866
-2552
-3570
-4005
-3660
-3248
-3322
-3442
-3263
-3350
-4035
-5030
-5565
-5491
-5181
-4859
-4442
-3641
-2367
-911
243
847
989
953
863
713
569
662
1048
1466
1697
1808
2068
2404
2304
1637
735
-25
-578
-1171
-1581
-1651
-1446
-1259
-1265
-1233
-1056
-826
-797
-985
-1177
-1106
-749
-342
64
483
898
1110
975
818
753
659
340
-96
-288
-204
85
350
568
719
829
956
982
1012
1000
997
927
784
864
1115
1302
1190
884
724
654
619
626
716
918
1073
1264
1494
1746
1859
1689
1380
1114
1012
858
593
438
624
1049
1408
1669
1896
2086
2191
2200
2142
1981
1716
1587
1716
2142
2545
2380
1560
504
-120
-440
-1066
-2075
-2907
-3222
-3355
-3588
-3725
-3559
-3439
-3744
-4377
-4891
-4959
-4680
-4321
-3970
-3531
-2793
-1806
-807
-107
181
196
58
-177
-479
-529
-78
604
1050
1143
1277
1615
1776
1495
913
346
-144
-666
-939
-758
-231
179
214
99
37
37
-114
-514
-950
-1218
-1185
-955
-656
-267
128
395
384
187
101
172
184
-19
-239
-113
369
817
1022
1052
1075
1111
1043
978
929
788
557
365
378
507
642
765
885
958
978
963
929
953
991
1040
944
837
910
1055
1160
985
743
631
650
706
691
793
1018
1240
1425
1570
1743
1877
1902
1902
1870
1789
1689
1654
1826
2110
2467
2668
2349
1412
186
-694
-1279
-1871
-2518
-2906
-2820
-2642
-2498
-2305
-2047
-2007
-2520
-3425
-4249
-4598
-4486
-4140
-3762
-3266
-2599
-1811
-1101
-720
-682
-890
-1202
-1519
-1686
-1390
-572
384
1044
1364
1642
1943
1982
1664
1159
668
214
-260
-519
-381
7
320
265
-2
-308
-576
-824
-1124
-1369
-1470
-1334
-1018
-624
-218
162
372
394
299
211
201
221
246
277
390
586
813
973
1049
1038
937
757
621
599
679
713
631
589
664
894
1003
963
836
715
647
619
703
749
752
721
719
764
867
1020
1121
1127
1080
1055
1079
1120
1268
1491
1693
1860
2030
2153
2145
2036
1909
1823
1671
1529
1485
1587
1864
2276
2570
2241
1222
56
-669
-1005
-1414
-1986
-2350
-2389
-2323
-2362
-2371
-2286
-2473
-3226
-4367
-5262
-5478
-5138
-4609
-4028
-3414
-2762
-2115
-1563
-1115
-935
-1024
-1236
-1352
-1120
-477
520
1477
1983
2008
1802
1567
1272
885
424
-58
-441
-640
-532
-148
330
553
270
-313
-834
-1074
-1177
-1215
-1128
-910
-614
-335
40
409
615
563
293
23
-107
25
266
428
479
502
608
707
792
776
641
522
519
719
907
958
886
772
723
718
797
900
960
975
931
815
745
767
831
800
709
713
818
983
1100
1221
1249
1221
1156
1099
1200
1335
1491
1515
1457
1519
1628
1780
1924
2084
2208
2217
2267
2493
2940
3254
2858
1665
255
-656
-1129
-1561
-1961
-2111
-2096
-2231
-2502
-2646
-2643
-2906
-3769
-4947
-5777
-5842
-5311
-4582
-3801
-2980
-2252
-1741
-1391
-1136
-973
-910
-962
-1023
-910
-341
639
1564
2019
1998
1719
1319
874
472
247
122
-53
-308
-434
-239
61
73
-370
-1008
-1575
-1963
-2071
-1847
-1424
-1062
-809
-573
-277
7
129
79
-74
-141
5
322
675
935
1110
1219
1314
1348
1291
1190
1059
946
891
970
1161
1321
1324
1190
1008
806
601
437
367
413
556
716
845
965
1137
1248
1167
1056
1102
1213
1297
1376
1535
1751
1925
2123
2274
2347
2364
2352
2320
2234
2202
2236
2252
2266
2368
2595
2884
2890
2179
791
-656
-1576
-2141
-2668
-2992
-2922
-2716
-2833
-3168
-3329
-3363
-3656
-4454
-5400
-5864
-5591
-4836
-3937
-3020
-2199
-1700
-1502
-1322
-1026
-755
-653
-623
-536
-197
545
1530
2286
2466
2190
1689
1102
546
213
121
85
-92
-403
-576
-506
-424
-698
-1341
-2023
-2539
-2816
-2757
-2253
-1557
-1078
-899
-804
-585
-309
-63
133
331
587
885
1239
1604
1890
1951
1762
1486
1381
1476
1511
1437
1384
1436
1485
1391
1242
1007
639
248
-5
17
242
535
738
813
871
1013
1208
1345
1405
1404
1413
1518
1750
2123
2587
2965
3082
2955
2859
2872
2811
2599
2363
2265
2236
2307
2563
3002
3321
2761
1060
-1005
-2180
-2311
-2321
-2548
-2565
-2316
-2492
-3288
-4025
-4228
-4328
-4989
-6084
-6741
-6189
-4701
-3280
-2452
-2018
-1797
-1979
-2370
-2337
-1699
-869
-249
110
465
1182
2242
2999
2874
2114
1355
821
426
247
457
910
1146
755
-97
-734
-947
-1329
-2359
-3434
-3734
-3438
-3075
-2668
-1968
-1316
-1245
-1616
-1836
-1526
-833
-161
322
876
1669
2387
2636
2591
2574
2445
2064
1772
1915
2271
2422
2331
2174
1967
1579
1005
402
-22
-177
-128
42
357
742
897
737
530
521
664
901
1242
1762
2445
3164
3805
4172
4287
4276
4190
3983
3644
3308
3097
3108
3302
3538
3750
3896
3337
1341
-1565
-3673
-4244
-4284
-4496
-4325
-3502
-3191
-4219
-5678
-6311
-6243
-6513
-7309
-7621
-6567
-4624
-2913
-1817
-954
-399
-724
-1543
-1655
-598
900
2065
2779
3180
3458
3781
4024
3684
2663
1510
749
438
342
449
751
859
79
-1606
-3140
-3742
-3892
-4440
-5057
-4831
-3959
-3303
-3045
-2657
-2122
-2006
-2352
-2477
-1743
-345
979
1829
2457
3121
3519
3319
2850
2654
2662
2559
2430
2589
2887
2843
2296
1557
1043
774
464
8
-243
-89
151
175
234
593
863
789
684
1018
1785
2662
3501
4075
4327
4517
4877
5211
5170
4784
4425
4388
4492
4496
4442
4644
4219
1725
-1983
-4098
-3467
-2805
-3999
-5359
-5160
-4895
-6596
-8728
-8810
-7407
-7197
-8597
-9208
-7476
-4828
-3456
-3224
-2739
-1809
-1455
-1440
-394
1699
3573
4355
4429
4257
4248
4909
5702
5501
4279
3457
3545
3429
2416
1302
789
82
-1641
-3821
-4705
-4093
-3739
-4784
-6071
-5973
-5366
-5564
-5945
-5082
-3517
-2860
-2777
-1836
-18
1324
1642
1705
2266
3133
3738
3949
4192
4729
4857
4278
3608
3398
3096
2066
1108
973
1136
730
-27
-443
-654
-1127
-1670
-1718
-1309
-836
-611
-222
780
2100
3039
3313
3777
4806
5831
6346
6544
6679
6664
6829
7359
7851
7976
8196
7242
3303
-2559
-5929
-4727
-2876
-3344
-5023
-5403
-6024
-9215
-13133
-14168
-12044
-10573
-11477
-12063
-9509
-5733
-4211
-4873
-5076
-4099
-3403
-2338
497
4574
7737
8809
8350
6861
5851
6582
8263
8761
7589
6519
6409
5982
3977
1341
-460
-1521
-3576
-6341
-7270
-5946
-4975
-6704
-9024
-9514
-8996
-8775
-8230
-5984
-3282
-1940
-1637
-1053
417
2073
3144
3879
4894
6238
7253
7547
7643
7346
5986
4195
3418
3935
4191
3328
2316
1709
938
-468
-1971
-2585
-2724
-2976
-3221
-2711
-1075
415
808
365
288
1275
2947
4897
6547
7237
6938
6853
7571
8672
9534
10723
11286
7553
-21
-5603
-3661
1269
1476
-2824
-5760
-6037
-9002
-15088
-17856
-14044
-9755
-11218
-15257
-14463
-8861
-5643
-7436
-9685
-8294
-5311
-3303
-437
4338
8797
9617
7354
4953
4798
7795
11864
13736
11992
9091
7635
7154
5408
2461
718
587
-143
-3272
-5764
-5137
-4292
-7232
-12394
-13846
-11353
-9181
-8582
-7113
-4584
-4082
-5587
-5578
-2641
940
3025
4020
5518
7451
8414
7955
7133
7087
6971
6473
6907
8425
8807
6479
3353
1627
972
274
-220
-259
-480
-1419
-2454
-2503
-1681
-882
-1217
-1891
-1239
786
2890
3948
4366
4542
4898
5791
7440
9279
11243
11309
6654
-1247
-5547
-1316
5140
5755
734
-3436
-5275
-9019
-14342
-15526
-10839
-7036
-9940
-15656
-16026
-10995
-7873
-9932
-12621
-11230
-7675
-4777
-1853
2031
5251
5041
2478
1038
3399
9217
14521
15409
11825
7712
6622
7577
7254
5319
3958
4034
2981
-576
-3285
-2998
-2492
-5861
-11642
-13440
-10152
-6333
-5905
-7422
-7615
-7668
-8203
-7193
-2911
1742
2729
1423
1908
4406
5958
5534
5115
6022
6854
7186
7843
8731
8479
5629
2440
1705
3270
4715
4008
2461
976
-674
-1797
-1417
372
1441
741
50
843
2467
3202
2605
2411
3994
6011
7560
8849
11638
11967
4363
-6622
-9611
219
9997
8596
132
-5021
-6525
-11082
-16649
-14596
-5750
-2023
-8832
-17291
-16538
-9870
-7643
-11081
-13141
-9748
-5448
-3244
-959
1772
2937
1136
-1112
-730
3681
11060
16018
13376
5481
608
2652
6818
7092
5014
4496
4498
1553
-3624
-4918
-2064
-1772
-7155
-11899
-9295
-4011
-3661
-6952
-8043
-6464
-5914
-5595
-2102
2585
3776
1546
352
2652
5487
6100
5556
5920
7177
7128
6038
6170
7068
6057
2980
1585
3655
5454
4309
1804
411
204
-144
-154
886
2241
2695
1787
899
1276
2006
2050
2443
4315
6830
7716
8427
9418
5670
-3595
-10087
-3861
8045
10750
2479
-5559
-7040
-8317
-12767
-13278
-5699
683
-3866
-14631
-17898
-11405
-5964
-7253
-10060
-8111
-4325
-3120
-2374
-484
964
-58
-1384
-126
3584
8699
12418
10704
3680
-2155
-900
5202
8169
5940
2967
1813
154
-4224
-6334
-2891
521
-2545
-9160
-9903
-5137
-3729
-7065
-8390
-4862
-2209
-3120
-2817
334
2304
1029
-91
2269
5652
6381
5096
4339
5389
5991
4957
4749
5998
6560
4396
2067
2706
3873
3050
1359
1323
2519
2439
1211
687
1536
2863
3145
2698
2919
3620
3946
4322
5558
7911
9438
9660
6692
-1062
-7532
-5198
5563
11081
4557
-5246
-8783
-8349
-10504
-12245
-7544
-889
-2571
-12306
-18743
-14435
-6775
-5626
-8936
-9189
-4805
-1632
-1683
-1206
242
934
305
1102
4745
9496
12604
10978
4519
-1395
-605
5601
9922
7410
1892
-1270
-2475
-4440
-6431
-4548
-1184
-2887
-9553
-13335
-10277
-6285
-7017
-8892
-7039
-3550
-2396
-2750
-1169
1230
1811
1841
3827
7325
8850
7400
5770
5880
6878
7153
7238
7960
7727
5133
2169
1500
2619
2664
1257
721
1401
1254
-450
-1815
-697
1560
2304
1601
1240
1903
2303
2796
4978
8209
10597
11425
6819
-3774
-11813
-4796
12863
19208
6432
-9849
-12777
-7747
-7496
-9306
-3919
3363
-1303
-16887
-24511
-14324
-1212
-1286
-10174
-12404
-5818
-1339
-1839
-2167
-428
291
-636
814
5981
11686
13858
9199
367
-4468
302
10552
14838
8721
-437
-4489
-3517
-3207
-3934
-1377
1321
-2634
-11922
-15398
-9198
-4133
-6430
-9363
-6432
-2370
-3442
-5547
-3461
-104
474
421
3692
7922
7771
4350
2909
5277
8026
7987
7515
8641
8808
5787
2214
2635
5419
5587
3533
2597
3564
3039
-10
-1595
526
3503
3585
1137
-51
1003
1859
2168
3933
8471
11305
4324
-9163
-15171
-3683
13197
14621
1105
-10175
-9586
-7280
-10053
-9574
-295
6149
-2185
-17511
-20872
-9012
912
-1745
-9137
-8769
-2616
-547
-2484
-3072
-917
652
134
906
4719
9989
11612
5584
-3255
-4999
2977
11720
11547
4462
-809
-2153
-2725
-4501
-3726
845
2405
-3058
-10909
-11882
-7014
-4756
-6344
-6359
-3359
-2475
-4934
-5355
-1933
692
611
712
3317
5533
4474
2703
2925
5186
6734
6457
6822
7665
7042
4025
1972
3720
6335
6574
5066
4484
4502
3189
1677
2462
4727
4882
2734
920
2024
3582
3848
4672
7656
9763
799
-13651
-16978
-378
17698
13774
-4783
-15593
-11576
-7716
-10208
-7833
2655
5788
-7143
-22141
-20109
-4478
3626
-2292
-9939
-8464
-2161
-186
-601
39
680
249
-268
1762
6008
10002
10230
3487
-4972
-4848
4891
13178
9861
-227
-5185
-3610
-2110
-3358
-2656
1260
477
-7322
-13213
-9871
-3385
-3113
-6421
-5612
-2377
-2452
-4966
-4147
83
1772
767
1081
3592
4776
2809
1875
4331
7242
7180
4695
4249
5808
5622
3595
3212
5875
7709
6052
3735
3565
4001
3608
3273
5292
7651
6686
3178
1198
2494
5107
6631
8623
9205
1114
-10866
-13720
297
13470
8340
-7335
-14943
-10498
-6975
-8481
-6654
57
-166
-11052
-20646
-15383
-1805
2924
-3635
-10141
-8366
-2839
-431
613
1457
1180
609
1053
3503
6285
8314
8162
3101
-2820
-1977
5470
10640
5919
-2816
-5636
-2919
-1186
-3125
-3571
-1140
-2351
-8821
-12381
-8045
-2520
-3744
-7003
-4967
-1732
-2786
-5796
-4024
959
2726
2173
2559
3858
3329
1284
1715
4976
7401
6375
3519
3102
4717
4550
2857
2671
4775
5691
4231
3547
4440
4736
3881
3766
5886
7279
5528
3151
3167
5978
8014
8398
10358
8056
-2723
-13587
-8649
10675
17900
3874
-13603
-15725
-8639
-7390
-8699
-2787
3286
-3585
-18923
-23696
-10529
2841
1929
-6676
-9678
-5156
-2331
-2081
225
2515
2410
1033
2117
5284
7201
7552
5205
29
-2278
2708
10373
10316
635
-7027
-5770
-1098
-778
-3443
-2758
-1622
-6450
-13696
-12936
-4393
123
-4428
-8248
-5550
-2592
-4100
-5183
-581
3945
3136
629
1070
3341
3474
2742
4433
7126
7280
4138
1897
3141
5042
4316
2744
3515
5165
4533
2647
2742
4315
4242
3388
4251
6495
6416
3803
2542
4357
7453
9192
10121
4582
-6347
-13264
-4004
13251
15084
-330
-14494
-13106
-6671
-6779
-6905
294
4152
-6110
-20931
-20297
-4439
5203
-466
-8989
-8037
-2206
-1273
-2289
259
3101
2799
1399
3109
6392
7045
5725
2879
-31
662
5684
10173
6611
-3036
-7702
-3648
1756
1007
-3331
-4205
-4240
-8379
-12917
-10297
-2991
-1275
-5961
-8111
-5517
-4007
-5331
-4543
271
3151
1915
272
911
2432
2612
3402
6322
8308
6506
2819
2000
4637
5893
4413
3956
5754
6577
4203
1802
3030
4947
4650
3072
3561
5503
4851
2303
2071
5731
9672
10721
3124
-8589
-14060
-2775
15195
15777
-1412
-16893
-14996
-6017
-4204
-4792
521
3755
-5773
-21128
-21666
-4159
8859
3309
-9246
-11213
-3364
100
-1481
-564
2907
4331
1749
669
3767
7273
7592
2977
-1754
346
7464
11104
5365
-4192
-6716
-1993
2406
1317
-2414
-3838
-5020
-8834
-11550
-7872
-1950
-1842
-7004
-8334
-5006
-3401
-4648
-3766
653
2618
916
-136
1054
2325
2558
3916
6761
7352
4356
926
1201
4837
6744
5024
3148
3625
4465
3256
2018
4009
6801
6607
3492
2057
3941
5346
4191
3376
6318
10575
11676
2600
-9808
-14029
-1318
15991
14986
-1910
-16126
-14210
-6746
-5555
-5067
936
3128
-7233
-21730
-21208
-4134
7804
2457
-9133
-10996
-3910
-864
-1741
230
3894
4872
1830
776
3696
6594
7044
3577
32
1807
7372
9617
3601
-4869
-5825
-354
3388
1169
-3336
-5362
-6757
-9841
-10792
-6289
-1491
-2967
-8497
-9240
-5627
-3823
-4521
-2925
1537
2710
26
-1210
901
3432
4244
5351
7489
7249
3868
928
2358
6705
8261
5715
3163
3109
3700
3033
3096
5821
7319
5006
1404
1405
4293
5735
5204
5771
7354
8599
6035
-3086
-10300
-8009
7253
16641
7261
-10199
-17303
-10123
-3442
-3362
-1910
2786
-135
-13133
-22863
-14320
3286
8303
-1573
-10191
-7791
-2249
-2832
-2945
1876
6174
4910
109
-496
3031
5780
5532
2254
1013
4472
7915
5948
-1525
-6040
-2659
3007
3781
-444
-4723
-6381
-8246
-11397
-9401
-3010
456
-4903
-12103
-11211
-6311
-3502
-2829
-222
1993
-506
-3683
-2244
2061
4854
5170
5477
6031
4716
2371
1991
4837
8016
7197
4171
3216
4268
4503
2979
3443
6039
7056
4678
1457
1295
3860
5465
5533
6010
7862
10252
3943
-7988
-13502
-2741
16246
17500
86
-16394
-15766
-5435
-1450
-2328
1110
3320
-4907
-18665
-20941
-5560
8326
5390
-6433
-11099
-5470
-1533
-2544
-806
3673
6345
3597
-223
334
3373
6211
5767
2667
2690
6260
7567
2482
-4661
-4465
2201
5479
1739
-4379
-7038
-6942
-8448
-9044
-5781
-2630
-4506
-10260
-11151
-6836
-4163
-4389
-3598
23
1171
-1436
-2324
292
3151
4100
4695
6402
6460
3343
874
2423
6589
8090
4850
1694
1654
2921
3047
2843
4175
4734
2076
331
1983
5396
5424
3155
2936
5491
7285
9140
8444
-769
-10813
-10393
8960
21480
9647
-12359
-19765
-8409
392
-1216
-724
4370
-56
-16217
-26096
-12212
8842
10652
-4442
-14216
-9532
-2650
-2864
-1167
4381
6536
2728
-1941
-118
4343
6856
6817
3893
2370
5149
8395
6821
-510
-5000
-365
6025
5608
-1231
-6753
-6428
-6598
-9371
-8503
-3611
-1931
-8670
-14380
-10783
-4572
-3127
-4407
-2634
-79
-1652
-3507
-1081
3128
5349
4847
4859
5734
4590
2332
2487
6237
9507
7176
2343
868
2901
4597
4255
4344
4861
3040
372
1024
4569
5242
2721
989
4170
7282
7738
7671
702
-8939
-13669
-269
18662
16736
-4070
-20513
-15773
-2619
1549
243
3483
3392
-8700
-23220
-19253
2640
14159
3352
-11491
-12841
-4546
-1735
-1811
2252
5213
2996
-1919
-2134
2300
5380
5928
3869
1647
3166
6885
7323
2155
-3946
-2786
4315
7540
3275
-4409
-7387
-6647
-7480
-7218
-3010
132
-5176
-13824
-13724
-5918
-1216
-2065
-2947
-1834
-2804
-4944
-2864
2278
5466
4897
3197
3518
3924
2744
2262
4957
8991
8500
3279
30
2068
5107
5829
5252
5481
3942
286
-587
3245
7758
6646
2665
889
3791
6172
8489
5999
-3906
-12757
-9252
10343
18815
4790
-15682
-19218
-6827
1049
-445
712
4506
-1895
-17705
-23657
-6488
13322
10942
-6522
-15047
-8244
-742
-849
1081
5429
5075
-801
-4755
-540
5390
7433
5101
1047
201
3681
6585
4547
-1330
-3861
504
5038
3855
-1878
-6199
-6485
-6392
-7529
-5391
-1813
-2785
-9024
-12625
-7734
-2040
-1199
-2398
-1671
-941
-2815
-3295
534
4754
5782
4032
2984
3217
2477
1717
3611
7366
8492
4275
-537
71
3923
6304
5790
4636
3810
1639
323
2255
6278
7824
5690
2458
2741
5043
9043
9108
-1339
-11945
-11288
7446
19074
7247
-13380
-19695
-8791
-133
-1221
-892
3688
-829
-15639
-24085
-10202
11009
12532
-3965
-14899
-9804
-538
468
1190
5496
6357
1330
-4030
-1174
5599
8796
6842
1892
-251
2824
6297
4630
-1106
-3872
121
4347
2345
-3158
-6978
-6801
-6588
-8128
-6385
-2632
-3325
-10137
-14262
-8793
-1296
-189
-2527
-2365
-1338
-2765
-3210
1353
6173
6573
3939
2505
3535
3536
2566
3735
7065
8521
4400
-966
-932
3213
5797
5187
3732
2937
800
-639
1447
5749
7468
5059
2033
1841
4502
7243
10959
5830
-6158
-13700
-3192
17013
17203
-2513
-18704
-14028
-1194
1462
-1501
1995
3574
-7758
-22450
-19277
2832
15365
3564
-13484
-15157
-4788
494
-319
2996
6015
2848
-3862
-4689
2492
8318
8727
4684
445
949
5253
6911
3043
-2021
-1228
4378
5570
499
-5496
-6871
-4672
-5527
-7684
-5496
-2486
-5497
-13350
-14241
-5413
450
-1869
-5018
-3729
-2218
-3598
-2089
3542
6704
4934
1743
1801
3878
4456
4364
5902
7968
6921
1802
-1271
1753
5965
6449
4187
2391
1164
-840
-408
3539
6975
5804
1528
-607
1135
4826
7253
9975
5028
-6989
-14279
-4026
16508
17567
-1776
-17945
-13288
-118
2762
-364
2275
3745
-6605
-19858
-16662
3760
14833
2881
-13509
-14265
-3496
1699
-331
1327
3839
1309
-3970
-3905
2758
7241
6426
2448
-644
699
5266
6713
2608
-2599
-1974
3671
5423
882
-4732
-6096
-4232
-4944
-6551
-4354
-2073
-5312
-12220
-12366
-4475
454
-1906
-5027
-4102
-2685
-3206
-1721
2947
5380
3621
929
1404
3803
4564
4249
5239
7042
6208
2269
134
2745
6100
6181
4504
3341
2133
343
256
3939
6901
6046
1454
-1048
789
4673
7091
8830
7113
-3815
-13962
-10584
10436
20853
6067
-15118
-18109
-4393
2959
-37
-92
3747
-1833
-15814
-20074
-3990
12888
8450
-9030
-15399
-6427
2407
945
-612
2337
2851
-1038
-3539
1013
6325
6414
3009
-222
365
4560
7099
4034
-2147
-3870
1399
5691
2748
-3397
-6403
-4931
-4165
-5546
-4858
-2280
-3201
-9035
-12701
-8273
-1285
-272
-3373
-4610
-3438
-3350
-3332
-34
3977
4323
1624
388
2004
3217
3216
4170
6122
6483
3485
171
815
4127
5762
4914
3709
3052
1281
-242
1899
6393
8219
4240
-697
-1308
2513
5724
6905
7083
8787
4950
-7720
-14294
-3542
18424
21042
97
-18337
-15045
-792
3914
260
1043
3354
-5131
-18299
-18624
-1348
12218
4679
-11446
-14445
-4999
839
-2670
-3063
2033
3864
-111
-3747
-868
3785
5167
3191
982
2349
6228
6072
-180
-4862
-1507
5731
6658
-25
-5322
-5797
-4104
-4192
-4550
-1714
-231
-4053
-10270
-10813
-5143
-929
-1278
-2444
-2072
-3310
-5553
-4349
1044
4744
3801
1202
-82
261
685
1977
5152
7634
6162
1297
-2082
-304
3860
6286
6334
4993
2346
-570
-921
2917
7506
7833
4388
658
426
2096
4164
5754
7530
7419
6485
3796
-3583
-7912
-2901
13161
18465
3207
-15147
-15695
-1976
4769
265
-1960
1227
-3350
-15650
-19588
-4964
10795
6315
-10516
-15959
-6833
819
-1984
-3404
1808
3880
-1033
-5629
-1916
4672
6090
3100
559
1228
3714
3834
440
-2353
-971
3609
5538
1291
-4156
-6127
-3694
-866
-1034
-1170
-989
-3419
-8365
-10938
-6241
965
2101
-1915
-6339
-7413
-5703
-2765
1793
4247
1962
-2460
-4528
-1726
2512
4369
4761
4301
2635
-129
-1409
1564
6386
7873
5477
2169
1029
1505
2346
4646
7966
8702
5230
544
253
3828
6701
7288
7106
7444
7493
7373
679
-7512
-7971
6287
20588
12565
-9046
-20166
-10565
1996
3096
-330
929
-1213
-12926
-22608
-14287
5793
11813
-2823
-16587
-13505
-3010
-1072
-4003
-286
4394
1658
-5417
-5989
1176
6180
5142
1535
311
2960
5106
2584
-1289
-938
3777
6820
3739
-1293
-3260
-2354
-887
-1151
-1111
427
-309
-5774
-11231
-8944
-894
2230
-2106
-6225
-6315
-5472
-5321
-2457
2314
2825
-1374
-4673
-3218
575
2475
2680
3546
4308
2944
-574
-1553
2587
6738
6785
4055
2075
1338
969
2956
7210
9365
7152
2727
1456
3599
5998
6536
6549
6862
6845
5099
5088
7086
1686
-6475
-6629
8709
18489
4955
-15027
-17054
-2548
4712
-1143
-4688
-335
-3051
-15865
-21508
-8010
8989
6439
-10576
-17564
-9497
-1704
-3765
-4782
1272
3312
-2656
-8078
-4422
2998
5783
4517
2639
1637
2484
3804
2805
1078
2334
6524
7878
2817
-2800
-3227
-82
1816
-80
-1016
232
-1673
-7500
-11066
-5241
2167
413
-6139
-8300
-5550
-4798
-5282
-1583
2324
282
-4174
-4701
-1024
1727
1632
1861
3477
4264
2308
-678
326
5122
7892
6409
3910
3304
2595
1945
4630
8746
9451
5804
2445
2386
4573
6010
6379
5614
4617
3846
2766
3669
6579
10350
3717
-8280
-11193
2688
17988
10410
-9739
-18152
-7144
3453
516
-5437
-2954
-1493
-10936
-20595
-14011
3916
8239
-7160
-19699
-14046
-2237
-959
-6101
-3541
1189
-527
-5745
-4670
3016
7203
5293
1497
912
4408
7769
5726
1109
955
5676
8658
5154
-502
-1792
-225
730
-725
-2011
-438
-674
-5162
-10270
-7987
-1307
-1220
-6726
-8582
-4731
-4047
-6623
-5071
169
795
-3053
-3682
-387
1723
960
1275
4187
6450
5170
1634
1007
5497
9132
7941
5327
5131
4457
1596
1942
7075
10213
6450
830
-232
2836
4957
5103
4442
3831
2518
768
382
3614
7317
8204
5623
-3252
-9941
-7408
7820
18378
6678
-14039
-19157
-5005
5895
646
-6812
-4365
-3938
-13569
-20224
-9361
7111
4781
-13059
-20146
-9182
1633
-1204
-6865
-2973
1891
-466
-5118
-2550
4924
6912
3254
938
2845
5920
6133
3399
1537
2729
5716
7257
4124
-1029
-2951
-1106
1329
332
-1379
-995
-2245
-6867
-9713
-5651
663
-406
-6575
-8467
-5424
-3093
-3810
-2470
1164
1284
-1601
-2319
1111
4307
3632
2829
5177
7088
5200
1516
1992
6928
9518
6919
3085
2071
2694
2587
3334
5786
6267
2857
-1306
-1374
2385
5165
4342
2496
1285
826
71
611
3484
5713
4665
2656
3821
143
-7045
-9141
3117
16330
8619
-10561
-18871
-8181
2761
1532
-3248
-2871
-3966
-12304
-18213
-10645
3989
6057
-6577
-16003
-11777
-3135
-1652
-3561
-918
856
-1510
-4421
-2495
2457
4533
4337
3157
2127
2994
5283
4805
1538
444
4125
8099
6098
-116
-3506
-2113
974
875
-562
27
-710
-5127
-9517
-6187
1886
2757
-4124
-8702
-5824
-1181
-832
-1058
801
1509
-433
-1778
711
4234
4260
2333
2947
5287
5564
2333
489
3618
7080
6643
3565
1402
1005
691
1671
4387
5454
2685
-1718
-2689
332
3247
3457
2156
881
553
-34
269
1909
3848
3787
2325
2060
4120
5990
89
-6365
-5305
6916
14784
5104
-10273
-14329
-4923
2928
1653
-2492
-2780
-5616
-13174
-16806
-8580
4303
4228
-9125
-18027
-12931
-3227
-1054
-3523
-2394
-1246
-3299
-6080
-3713
2933
6397
4279
354
2
4115
7288
5010
1657
2709
6866
8108
4428
713
807
2247
2944
2143
1800
2274
-265
-4787
-6347
-1559
3742
1745
-4574
-7055
-5053
-3594
-2576
461
2902
-245
-5358
-5155
-374
3482
3581
2263
2022
1579
512
221
2052
5132
5486
2660
302
397
1005
524
1401
3619
3657
396
-2339
-1791
459
2003
2530
2868
2147
591
-733
272
3204
5433
4436
2199
1402
2861
4150
5485
6868
1567
-5634
-6233
5466
14011
4853
-10626
-13669
-3736
2694
-461
-4226
-3164
-5747
-13410
-16047
-7042
3998
1511
-11280
-16901
-10216
-2315
-1908
-3893
-1875
-1164
-3706
-4560
-270
4900
5435
3440
2440
3156
5341
7371
6497
4204
4052
6729
8553
6236
2416
1371
2274
3200
2619
1920
2030
-118
-4346
-6374
-2444
2599
1216
-4880
-7402
-4630
-2671
-2927
-2615
-954
-1661
-4344
-4018
-1128
670
-135
-832
668
1913
933
-1071
-811
2485
4706
3382
947
343
592
237
1164
4140
5168
1745
-2299
-2533
878
3735
3843
2323
566
-223
-234
1018
3335
5105
4110
1090
-344
1206
3671
4181
4174
4359
5586
3102
-3657
-6847
-1316
9804
9637
-3205
-12818
-8618
848
717
-5351
-5452
-1457
-4815
-13345
-13999
-3256
4080
-2503
-12142
-10939
-2931
-635
-4974
-4737
1050
2740
-1270
-3499
995
5739
5162
2816
3263
6053
7641
5677
2851
3063
6437
8916
7275
2962
511
1226
2489
2701
1538
1302
310
-3115
-6486
-5816
-977
770
-3354
-7602
-6834
-4053
-3604
-5118
-4286
-1853
-1953
-3694
-4337
-2099
30
-184
316
2363
2787
214
-2117
376
5000
6059
3523
799
27
329
1217
3218
4876
3572
47
-2553
-1370
1765
2750
1820
895
560
-155
-898
412
3025
4041
2826
1650
1742
2317
2251
2535
3784
4876
5165
4348
4683
2834
-2758
-6021
-300
10577
10690
-1919
-12267
-9708
-1696
589
-1054
-721
-1507
-8844
-15906
-12582
-726
5494
-1157
-10726
-11506
-6072
-2868
-2554
44
2694
271
-3916
-3469
1464
5049
5116
4493
4220
4024
4218
4192
3557
3742
5765
7386
6050
2225
-411
-282
1099
2040
1744
1241
-485
-4372
-7823
-6578
-1144
1490
-2153
-6730
-7178
-5527
-4957
-3616
-1030
-493
-2909
-4623
-2753
-696
-185
-8
946
2140
1767
363
-541
710
3386
4578
3370
1913
889
-53
8
2129
4348
3478
458
-1373
-958
301
1547
2151
2210
1109
-558
-1233
2
2883
4477
3229
1232
1218
2616
3639
3831
4236
3967
2937
2483
3495
4906
5317
4856
981
-3809
-4510
2311
8486
3918
-6046
-10191
-5880
-1830
-2505
-3531
-2423
-3847
-9509
-12841
-8053
312
1347
-5323
-9691
-6411
-2046
-2324
-3258
-53
2351
214
-2350
-636
3214
4108
2878
2623
3721
4641
4299
2767
1778
2693
4510
5104
3662
1351
-252
-654
252
1102
781
29
-1448
-3649
-5210
-3579
-438
-695
-3922
-5592
-3988
-2765
-3306
-3048
-1421
-980
-2386
-3162
-2126
-358
214
165
514
1019
822
-222
-21
2063
3652
2958
1368
923
1246
1273
1775
3303
3946
2356
20
-652
896
2652
3012
2224
1369
837
235
71
1155
2720
2787
1338
287
752
1685
1920
2057
2370
2656
2213
1241
860
1504
2419
2916
2763
3212
2833
-1139
-4787
-3593
3586
7336
1907
-5727
-7658
-3963
-1490
-1648
-815
403
-2857
-9143
-10954
-4877
2098
1216
-4552
-7337
-5459
-3628
-3780
-2420
692
975
-1717
-3668
-2259
737
1966
1844
1477
1678
2317
2235
1415
1205
2396
4064
4385
2920
1260
567
739
1203
1412
1955
2100
-102
-3109
-3879
-1198
1141
-15
-2327
-3208
-3129
-3442
-3024
-1049
378
-918
-2905
-3057
-1806
-372
187
1029
1707
1061
-186
-842
528
2697
3489
2937
1943
1169
695
732
1889
3087
2735
1250
-63
-480
-237
153
573
638
77
-874
-1759
-1761
-728
258
388
-140
-593
-587
-455
383
1821
2786
2677
1977
2015
2851
3738
3898
3353
3304
3914
4635
4652
4590
4763
2559
-785
-1872
2080
5989
3377
-2838
-6067
-4248
-2132
-2418
-2819
-2518
-4209
-8177
-10055
-7021
-2391
-2338
-5968
-8207
-6890
-4533
-3693
-3088
-1924
-1881
-2525
-2236
-340
1637
2121
1924
1706
2068
3278
4424
4432
3492
2907
3531
4467
4477
3630
2553
1857
1714
1568
1488
1557
670
-982
-2242
-1802
-832
-1173
-2137
-2642
-2601
-3077
-3506
-2941
-1891
-1577
-2035
-2256
-2077
-1889
-2111
-1352
244
1268
444
-1134
-1179
44
1339
2009
2026
1184
-153
-745
446
2234
2734
1484
-186
-548
142
793
849
825
833
268
-497
-386
479
1104
1027
612
590
1026
1340
1288
1145
1584
2292
2613
2719
2783
2716
2410
2377
3221
4013
3771
2730
1958
1996
2654
3222
3486
3287
786
-2489
-3416
-16
3809
2189
-2688
-5683
-5046
-3640
-3359
-2409
-1339
-2985
-6920
-8759
-6164
-2145
-1547
-3659
-4991
-4732
-4237
-3887
-2234
108
170
-1271
-1669
-608
764
1315
1956
2486
2273
2112
2384
2589
2296
2138
2836
3579
3236
2016
1019
786
987
1072
1240
1343
237
-1623
-2604
-1592
-250
-610
-1648
-2309
-2582
-2991
-2954
-1788
-799
-1154
-2301
-2572
-1875
-1109
-927
-951
-319
370
299
-450
-708
84
905
1296
1537
1528
807
-239
-195
1141
2428
2347
1178
64
-227
227
994
1777
1857
1055
-195
-755
34
1111
1533
1277
831
449
287
680
1345
1740
1695
1593
1784
2002
2094
2240
2551
3014
3175
3064
2881
2746
2558
2398
2438
2675
2831
2606
2525
1024
-1423
-2578
-1086
1539
991
-1827
-4118
-4780
-4687
-4550
-3502
-2433
-3433
-6117
-7484
-6217
-3852
-3046
-3705
-4141
-4145
-4030
-3549
-2094
-359
-145
-573
-210
466
1020
1528
2447
3177
2968
2675
2838
2879
2758
2685
2936
2905
2217
1480
858
583
437
165
-234
-500
-1216
-2027
-2310
-2168
-1959
-2332
-2357
-2260
-2494
-2682
-2299
-1466
-1160
-1362
-1335
-712
-252
-133
-13
450
1281
1224
684
618
1347
1943
1463
1231
1645
1826
1144
330
431
1021
1174
791
186
-246
-325
-402
-346
-90
104
-145
-767
-964
-471
94
305
299
111
-43
139
735
1362
1542
1449
1358
1585
2018
2280
2462
2623
2749
2728
2687
2921
3229
3189
2905
2794
2797
2510
1980
1865
2020
2050
1753
1558
930
-1126
-2899
-2373
342
1185
-1413
-4409
-5219
-4465
-3983
-3451
-2434
-2657
-4987
-7188
-6535
-3573
-1770
-2560
-3948
-4107
-3520
-3054
-2234
-716
145
-401
-901
-338
661
1140
1334
1649
1894
2089
2205
1961
1566
1500
1921
2186
2014
1674
980
181
-256
111
762
784
59
-1068
-1688
-1434
-743
-349
-426
-663
-1117
-1532
-1350
-504
81
-93
-439
-535
-267
7
164
223
212
222
166
137
207
221
-26
-221
51
305
124
-275
-419
-318
-217
-63
116
121
-90
-301
-220
142
575
670
483
489
686
844
876
992
1266
1362
1345
1356
1427
1491
1443
1481
1664
1800
1723
1463
1365
1444
1518
1515
1636
1720
1586
1322
1223
1487
1705
1750
1441
1073
895
1000
1244
1290
1229
1097
1008
-8
-1321
-1691
-265
1090
-116
-2325
-3252
-2788
-2681
-3110
-2636
-1837
-2697
-4705
-5404
-4039
-2493
-2558
-3278
-3329
-3005
-2938
-2847
-1949
-740
-633
-1118
-1016
-334
303
636
926
1072
1043
1295
1534
1397
1146
1162
1375
1294
1153
1150
947
370
-154
-118
232
524
263
-410
-840
-775
-537
-337
95
287
-152
-731
-669
70
683
864
613
208
37
222
594
711
729
513
-7
-238
-124
-118
-573
-771
-513
-677
-1127
-1284
-1095
-1155
-1355
-1009
-535
-428
-707
-869
-544
62
730
997
990
1009
1110
1319
1697
2332
2641
2370
2014
1930
2076
2176
2263
2223
2017
1606
1034
732
933
1280
1174
638
154
-22
70
243
511
652
580
365
258
362
676
1116
1284
1121
831
867
1043
1206
1094
1088
1024
202
-877
-1185
-148
306
-775
-2202
-2570
-2481
-2823
-3189
-2820
-2475
-3142
-4104
-4286
-3508
-2896
-2863
-2911
-2723
-2425
-2306
-2040
-1382
-757
-559
-410
-55
279
475
667
868
958
1112
1378
1349
1084
887
841
770
753
905
745
233
-236
-230
-64
-57
-94
-151
-306
-534
-526
-319
-13
234
208
110
200
434
556
536
666
852
912
804
664
608
654
671
504
234
5
-76
-120
-139
-218
-366
-646
-863
-825
-519
-235
-223
-444
-611
-336
122
425
500
521
533
591
838
1184
1331
1183
957
957
1227
1347
1156
819
599
589
604
606
498
194
-161
-334
-200
85
210
131
-102
-245
-67
408
787
872
782
773
1027
1358
1654
1845
1966
1922
1663
1519
1656
1856
1794
1511
1287
1104
857
91
-850
-1120
-553
-184
-1036
-2272
-2783
-2741
-2948
-3129
-2693
-2297
-2878
-3900
-4051
-3168
-2322
-2189
-2370
-2285
-2116
-2091
-1874
-1124
-388
-301
-534
-502
-177
145
360
485
481
405
506
557
416
357
445
462
273
159
224
256
165
81
107
170
217
255
382
483
454
417
509
862
1108
1055
921
889
987
1055
1054
1078
1076
997
797
482
278
329
358
76
-352
-521
-425
-435
-742
-910
-919
-1087
-1275
-1128
-650
-506
-801
-978
-814
-458
-160
57
260
230
152
231
588
1001
1082
897
738
839
1019
1077
1066
1068
909
674
667
837
871
654
433
421
470
473
421
423
573
692
725
707
717
798
880
1035
1286
1507
1486
1309
1199
1271
1432
1578
1533
1254
850
574
489
460
388
227
-57
-699
-1459
-1849
-1521
-1211
-1615
-2303
-2687
-2752
-2905
-2995
-2708
-2358
-2500
-2909
-2950
-2549
-2245
-2095
-1816
-1488
-1370
-1281
-1036
-681
-453
-342
-32
272
393
407
495
578
636
820
1064
1032
845
747
679
616
644
869
942
677
381
333
399
408
430
500
466
330
263
290
350
402
414
381
360
432
432
341
317
313
337
246
86
-24
52
172
61
-147
-275
-276
-589
-688
-330
24
-319
-1050
-1017
-571
-331
-384
-322
-304
-560
-717
-459
53
385
348
109
-24
147
452
642
735
807
847
732
682
800
981
1083
1057
931
814
852
872
832
807
804
747
634
584
557
493
469
502
523
509
512
483
354
302
470
645
592
409
415
510
514
454
436
448
362
207
95
114
150
133
-130
-652
-972
-840
-501
-617
-1048
-1381
-1603
-1790
-1796
-1474
-1273
-1599
-2035
-2058
-1718
-1500
-1462
-1366
-1196
-1127
-1204
-1093
-716
-385
-295
-275
-107
71
129
183
294
414
511
575
487
326
357
492
487
321
283
296
119
-85
-53
92
45
-86
-119
-134
-209
-245
-173
-105
-40
57
54
-69
-136
-19
154
231
227
213
211
108
-37
-10
249
372
173
-95
-140
-175
-317
-182
249
395
-199
-633
-534
-219
67
380
525
171
-287
-235
234
721
958
886
590
335
433
755
994
1091
1042
797
523
497
664
726
702
651
487
325
269
200
97
149
269
272
138
54
36
47
176
354
492
451
389
426
463
595
793
989
954
810
719
728
877
982
929
701
532
487
420
323
215
121
-28
-284
-627
-879
-864
-693
-793
-1197
-1461
-1478
-1541
-1715
-1616
-1287
-1300
-1748
-1926
-1646
-1317
-1259
-1276
-1214
-1197
-1142
-1042
-856
-678
-602
-608
-633
-575
-417
-285
-214
-232
-250
-205
-127
-84
-97
-114
-40
61
56
13
9
70
165
242
292
318
321
321
280
362
566
669
673
599
562
553
583
743
881
795
609
491
496
533
515
590
591
423
226
133
67
-52
-24
167
234
-109
-406
-414
-214
-120
-172
-184
-180
-247
-360
-374
-177
7
20
-50
-68
-16
-35
-60
18
179
293
302
202
79
48
206
390
438
434
361
235
173
342
564
599
517
455
473
507
573
677
755
724
635
664
777
858
789
703
696
750
793
733
691
616
470
389
411
457
350
186
1
-140
-184
-177
-188
-303
-421
-630
-864
-955
-809
-678
-817
-1025
-1090
-1162
-1305
-1297
-1039
-902
-1085
-1278
-1316
-1263
-1203
-1036
-897
-959
-1036
-1035
-978
-906
-776
-613
-571
-628
-643
-499
-323
-236
-197
-135
0
70
84
142
285
418
436
459
573
699
723
642
570
629
787
864
764
609
535
495
455
473
538
453
218
31
-7
18
14
-14
-68
-171
-271
-280
-260
-283
-320
-250
-121
-89
-172
-195
-83
39
81
109
215
330
258
161
274
500
545
451
400
412
393
372
400
439
420
321
257
250
232
156
112
105
156
164
85
46
57
89
85
135
244
286
237
180
178
330
529
579
470
376
417
524
634
660
621
548
473
436
471
511
476
348
207
145
134
142
68
-55
-194
-322
-408
-429
-408
-410
-501
-672
-818
-833
-751
-748
-776
-810
-845
-868
-860
-795
-703
-661
-692
-718
-651
-565
-520
-474
-414
-408
-417
-371
-262
-222
-264
-287
-251
-194
-176
-165
-204
-270
-260
-146
-86
-138
-203
-195
-137
-103
-71
-63
-15
32
54
83
142
215
224
238
294
370
391
390
422
448
456
467
502
482
424
390
361
362
385
380
265
91
48
122
176
92
27
-36
-139
-217
-162
-12
-11
-166
-292
-277
-151
-60
-77
-100
-130
-143
-117
-78
-9
50
73
47
7
16
73
142
181
173
165
189
205
215
257
287
318
332
333
337
387
442
404
384
415
471
480
472
474
440
395
397
476
488
411
329
336
340
300
283
276
221
149
138
171
163
99
12
-49
-56
-70
-50
-41
-87
-225
-331
-327
-273
-302
-372
-394
-417
-505
-628
-643
-590
-558
-592
-659
-749
-810
-774
-672
-613
-652
-726
-766
-727
-630
-530
-454
-454
-490
-489
-413
-314
-246
-173
-126
-150
-196
-124
12
83
67
57
48
17
38
107
181
188
132
80
69
107
169
175
131
101
126
136
104
139
228
270
150
26
98
308
335
158
109
203
288
256
257
287
219
141
164
278
351
298
202
155
152
216
284
316
257
160
98
149
286
351
277
190
171
204
226
269
315
307
247
183
208
293
319
254
214
251
273
230
175
171
184
190
169
150
136
95
45
34
58
84
74
-3
-102
-116
-30
25
-8
-91
-125
-125
-135
-131
-123
-82
-107
-180
-192
-154
-150
-202
-247
-220
-162
-172
-252
-318
-322
-304
-312
-318
-323
-326
-367
-464
-469
-397
-354
-422
-491
-476
-463
-473
-473
-425
-364
-387
-466
-479
-403
-305
-284
-322
-321
-262
-224
-216
-188
-138
-102
-101
-86
-37
12
45
45
39
74
123
182
203
195
194
217
251
250
275
339
372
331
283
315
385
397
384
392
397
370
334
345
379
407
368
337
330
327
296
264
289
306
278
226
203
188
189
209
220
172
117
112
144
158
137
107
88
109
142
148
96
65
94
104
95
104
149
146
57
19
68
141
134
65
33
27
29
35
55
42
-16
-67
-73
-68
-88
-105
-111
-144
-202
-221
-187
-208
-258
-301
-317
-324
-339
-295
-280
-317
-367
-385
-337
-301
-308
-326
-297
-260
-236
-245
-244
-225
-197
-168
-154
-142
-153
-160
-145
-100
-91
-133
-207
-217
-150
-120
-156
-210
-264
-331
-356
-271
-181
-220
-348
-408
-385
-329
-275
-236
-211
-243
-267
-241
-177
-81
-14
15
12
32
82
141
202
264
308
330
346
341
356
410
471
482
460
459
455
458
467
484
480
439
425
463
480
427
378
393
438
442
426
421
405
364
323
348
438
465
394
297
261
288
320
334
305
246
163
113
107
117
127
89
-10
-93
-103
-95
-125
-169
-193
-224
-289
-320
-302
-304
-336
-360
-351
-356
-394
-409
-390
-378
-398
-408
-376
-332
-331
-381
-410
-364
-316
-315
-328
-323
-311
-301
-280
-265
-260
-246
-222
-219
-237
-229
-178
-123
-138
-170
-163
-125
-100
-98
-86
-69
-91
-128
-125
-61
-22
-73
-137
-138
-95
-67
-84
-103
-103
-125
-133
-120
-70
-37
-54
-60
-43
0
24
36
70
112
149
175
205
243
257
259
312
385
416
384
362
375
411
442
443
426
401
380
357
355
356
357
329
273
239
231
237
227
211
187
162
157
165
163
157
131
128
145
167
166
132
115
120
132
145
149
132
76
14
4
55
74
29
-43
-91
-126
-145
-135
-131
-163
-220
-263
-280
-274
-271
-271
-291
-319
-326
-314
-298
-275
-276
-301
-314
-271
-208
-216
-260
-248
-204
-189
-212
-205
-166
-161
-190
-202
-176
-153
-157
-182
-180
-165
-165
-168
-169
-144
-139
-140
-134
-126
-111
-104
-95
-86
-54
-29
-28
-29
-23
2
30
45
33
31
57
75
67
44
68
111
112
64
60
100
112
75
64
102
130
136
117
112
118
129
152
172
178
170
171
186
200
217
239
240
213
185
190
230
261
245
212
184
176
174
182
202
194
163
123
104
113
138
148
139
108
86
79
82
97
110
120
101
79
68
69
66
70
82
69
37
9
4
15
6
-31
-68
-82
-96
-118
-107
-119
-165
-222
-227
-212
-219
-230
-243
-258
-301
-310
-269
-236
-250
-296
-302
-279
-270
-246
-217
-204
-235
-272
-259
-207
-161
-165
-185
-200
-200
-186
-160
-136
-130
-136
-146
-153
-145
-105
-70
-73
-86
-86
-57
-25
-14
-8
9
32
42
47
77
107
122
125
120
130
166
189
176
165
184
201
199
196
208
213
193
176
190
214
214
194
177
186
207
205
180
177
196
197
180
185
205
197
173
167
176
177
161
146
150
146
131
101
80
76
62
46
42
26
-6
-46
-48
-31
-56
-91
-99
-96
-110
-121
-116
-115
-130
-129
-130
-130
-123
-111
-107
-109
-100
-86
-83
-94
-97
-90
-68
-58
-63
-83
-76
-56
-66
-96
-108
-75
-58
-75
-105
-107
-105
-112
-106
-89
-72
-95
-119
-125
-105
-80
-64
-55
-77
-94
-85
-50
-30
-31
-31
-30
-42
-52
-27
9
13
-10
-25
-13
-2
-7
-19
-9
7
1
-13
-13
-5
-9
-17
-9
23
28
-7
-25
-11
14
30
40
45
36
25
27
51
72
71
64
75
99
111
107
92
95
114
129
128
135
144
131
113
116
146
153
125
94
97
110
104
94
89
72
37
22
39
46
24
-5
-20
-28
-39
-27
-12
-20
-57
-80
-70
-45
-25
-21
-29
-54
-58
-33
3
16
10
10
7
-8
3
44
70
56
15
12
30
46
39
24
15
7
2
-5
-9
-14
-30
-51
-65
-56
-43
-53
-89
-111
-99
-85
-89
-93
-94
-101
-113
-112
-95
-69
-72
-89
-100
-93
-73
-50
-40
-43
-50
-60
-67
-54
-24
-6
-5
-36
-56
-44
-29
-23
-18
-14
-24
-47
-62
-41
-18
-19
-39
-41
-35
-40
-40
-27
-9
-12
-19
-9
1
3
5
18
35
42
47
62
67
57
56
80
105
97
88
93
93
92
85
95
110
101
73
62
72
72
61
60
65
59
50
39
35
35
36
43
45
46
47
45
41
40
51
65
75
71
49
43
55
75
82
70
56
46
36
34
42
45
29
7
1
0
1
-8
-19
-37
-46
-38
-30
-35
-53
-56
-55
-53
-46
-42
-46
-54
-55
-51
-39
-31
-32
-43
-57
-58
-40
-27
-34
-44
-43
-52
-65
-68
-46
-28
-50
-78
-71
-52
-49
-60
-58
-52
-57
-59
-58
-42
-29
-32
-39
-43
-39
-24
-18
-24
-23
-15
-11
-15
-18
-13
-7
-6
-12
-18
-11
-2
4
-2
1
8
3
-3
5
28
42
37
21
27
44
43
50
68
75
55
38
44
66
80
65
43
38
37
32
26
30
30
9
-18
-21
-6
-5
-21
-32
-33
-34
-36
-32
-27
-29
-35
-32
-14
2
-1
-6
-4
10
25
31
36
43
45
38
43
63
70
59
51
56
59
66
63
52
48
46
50
49
53
47
33
22
28
42
41
26
23
30
23
15
14
16
12
-1
-6
-4
3
-6
-29
-41
-41
-38
-41
-49
-55
-69
-79
-88
-87
-80
-74
-79
-99
-104
-97
-89
-89
-86
-73
-72
-82
-76
-59
-51
-51
-47
-39
-34
-30
-31
-22
-6
-6
-13
-11
-2
-1
-2
3
2
7
7
7
5
10
14
7
4
5
17
23
22
21
19
17
10
21
42
40
30
27
33
33
33
44
52
45
35
36
45
50
47
49
48
47
48
50
49
47
46
51
54
49
48
49
51
42
33
43
50
43
35
36
36
20
13
28
34
19
0
-1
7
5
2
1
-3
-10
-24
-24
-7
3
-7
-26
-33
-25
-10
-9
-13
-9
-12
-25
-25
-14
3
3
-15
-25
-14
-4
-10
-9
-10
-18
-28
-25
-14
-12
-23
-38
-51
-48
-34
-28
-40
-51
-59
-66
-69
-57
-47
-49
-61
-73
-69
-55
-47
-42
-45
-51
-44
-33
-27
-20
-8
2
-4
-3
6
18
24
24
34
41
44
42
37
36
43
50
52
45
35
27
28
31
26
28
25
12
-2
-2
7
8
3
-3
-3
-5
-9
-6
-2
5
3
0
5
9
15
14
16
18
24
22
20
22
24
25
25
25
20
13
11
10
7
10
9
4
-6
-14
-16
-16
-7
-3
-9
-16
-14
-12
-16
-12
-2
9
10
4
-3
2
18
23
18
24
25
15
7
14
31
36
23
5
-1
-4
-3
3
8
1
-13
-25
-29
-23
-18
-17
-23
-34
-39
-31
-26
-22
-23
-25
-29
-31
-25
-18
-13
-14
-24
-24
-19
-13
-16
-22
-22
-22
-25
-27
-28
-28
-31
-35
-36
-34
-34
-36
-38
-40
-34
-27
-22
-26
-24
-21
-14
-2
4
3
11
21
23
26
38
50
47
45
50
60
63
62
64
64
63
64
61
56
55
55
50
51
51
46
35
26
25
27
30
30
27
17
9
9
11
16
18
19
12
2
5
16
18
11
6
7
6
8
11
7
5
0
-8
-7
0
-2
-9
-12
-18
-22
-18
-15
-21
-28
-28
-27
-24
-29
-30
-29
-32
-37
-30
-24
-25
-30
-33
-31
-31
-27
-21
-24
-26
-30
-31
-27
-23
-20
-21
-25
-26
-26
-20
-15
-17
-16
-12
-11
-12
-10
-4
-4
-6
-2
2
4
4
1
1
3
0
3
2
3
0
-4
-6
-9
-11
-12
-9
-10
-15
-17
-19
-19
-16
-13
-10
-8
-12
-14
-11
-2
6
16
13
5
11
16
23
30
37
38
32
28
29
37
40
40
37
33
28
30
28
25
24
19
16
14
14
14
14
5
1
9
10
6
6
10
4
3
6
11
16
12
8
10
10
10
11
13
9
5
8
5
3
3
2
-1
-8
-6
-6
-7
-10
-11
-9
-13
-12
-8
-9
-9
-12
-8
-3
0
2
1
2
2
0
4
9
12
11
7
4
2
3
5
4
1
-5
-7
-11
-12
-14
-11
-13
-24
-26
-28
-26
-25
-23
-23
-28
-28
-29
-28
-25
-20
-18
-17
-15
-14
-14
-10
-7
-5
-2
0
1
-3
-2
4
5
5
3
4
-4
-6
0
2
3
-2
-8
-12
-12
-11
-8
-3
-7
-14
-15
-14
-11
-5
-3
-3
-8
-8
-3
9
7
5
11
10
11
16
22
24
22
22
24
27
29
31
32
24
22
30
31
31
27
22
18
19
18
21
24
15
7
7
9
13
12
10
5
1
1
5
10
8
7
5
-1
1
7
10
10
6
4
4
7
6
7
9
3
-2
-2
1
0
-2
-6
-11
-13
-16
-17
-16
-21
-24
-25
-28
-31
-34
-31
-33
-37
-37
-34
-34
-39
-36
-32
-33
-32
-29
-31
-29
-25
-20
-20
-19
-15
-14
-14
-12
-6
-4
-1
-2
-2
0
3
6
6
7
9
8
8
7
12
14
11
14
15
12
14
14
14
14
19
18
14
15
13
15
13
15
16
13
10
9
8
8
11
10
2
3
5
1
1
3
2
-2
-5
-6
-5
-2
-1
0
-3
-8
-7
-4
-7
-6
-1
-3
-6
-4
-7
-5
-3
-5
-4
-2
-2
-5
-8
-5
-5
-3
-2
-1
-2
-6
-5
-6
-8
-2
4
2
-3
-3
-6
-6
-2
-1
3
1
-6
-6
-6
-6
-2
0
-5
-8
-8
-10
-9
-3
-3
-5
-10
-11
-12
-8
-3
-1
-2
-6
-4
-5
-6
1
3
3
3
4
4
4
10
7
7
11
10
11
11
11
12
10
12
12
12
9
11
11
6
10
10
9
7
8
8
7
9
9
10
6
7
11
7
7
13
11
7
9
10
6
7
12
9
7
7
3
0
-2
3
3
-2
-3
-5
-10
-11
-9
-10
-11
-12
-16
-18
-17
-16
-13
-15
-17
-16
-17
-15
-11
-8
-11
-8
-9
-10
-4
1
1
0
1
2
3
6
8
10
6
4
6
6
6
9
8
2
1
2
1
1
1
-3
-4
-7
-9
-9
-7
-8
-10
-14
-15
-12
-14
-14
-10
-12
-15
-13
-12
-14
-14
-7
-7
-10
-7
-4
-7
-9
-6
-2
-4
0
1
-2
-4
-3
-2
-2
0
3
0
-4
-4
-3
-3
-1
0
-2
-4
-3
-4
-2
0
3
0
-3
-1
3
3
5
8
7
6
8
9
9
13
15
12
11
13
15
15
14
14
15
10
11
14
10
9
11
5
0
7
7
2
1
1
0
-4
-1
-1
-3
-4
-3
-6
-5
-1
-1
-4
-5
-4
-4
-2
1
0
-1
0
-1
-2
2
1
3
2
-3
2
1
-2
0
1
-1
-2
0
-2
-4
-3
-3
-5
-4
-2
-3
-7
-7
-5
-4
-5
0
-3
-8
-5
-4
-5
-2
3
-1
-5
-3
-3
-2
3
1
0
-2
-3
-2
-1
3
3
2
-2
-3
-2
-2
2
3
1
1
0
-1
-1
0
4
1
0
1
4
1
0
5
2
1
2
2
2
4
3
3
1
1
2
1
0
2
0
0
-1
-1
-2
-5
-2
-4
-8
-3
-4
-9
-8
-7
-8
-10
-7
-6
-11
-9
-9
-9
-9
-5
-3
-7
-7
-7
-5
-3
-1
2
2
-1
3
1
5
7
8
8
8
7
11
11
11
15
12
10
10
14
12
13
16
11
9
14
10
10
11
10
7
6
9
7
8
7
5
4
1
3
5
2
5
4
-1
1
-1
1
1
1
1
-2
-3
-1
-3
-2
-4
-3
-4
-8
-4
-4
-8
-8
-7
-10
-10
-9
-11
-14
-13
-12
-13
-14
-13
-12
-18
-17
-13
-15
-13
-12
-15
-13
-16
-14
-11
-11
-9
-9
-10
-11
-9
-5
-4
-2
-1
-6
-4
-1
-1
2
2
4
0
-1
3
4
5
5
6
3
1
6
6
4
7
6
4
5
5
6
5
6
8
6
7
8
5
7
7
9
10
9
12
9
8
11
12
13
13
13
11
10
13
12
14
12
12
13
7
8
11
9
10
9
6
6
3
6
4
2
4
0
-1
0
-3
-1
-1
-3
-3
-7
-5
-5
-5
-6
-5
-5
-7
-5
-3
-6
-5
-4
-5
-4
-5
-1
-3
-4
-1
-3
-3
-2
-2
-2
-3
-2
-1
-5
0
-2
-4
-3
-3
-3
-5
-4
-4
-5
-5
-5
-6
-4
-7
-4
-6
-7
-5
-5
-6
-5
-5
-6
-6
-4
-4
-5
-2
-4
-3
-3
-3
-1
-2
-2
1
0
-1
1
0
1
0
3
1
1
4
1
1
2
4
3
3
2
3
2
1
3
4
1
2
4
1
3
5
3
3
2
2
2
0
5
4
2
5
2
1
3
5
3
3
4
2
1
3
3
4
3
2
3
1
0
3
3
1
2
1
-1
-1
0
-1
0
-1
-2
-2
-3
-3
-1
-4
-3
0
-5
-4
-2
-4
-4
-2
-1
-3
-3
-3
-5
-3
-2
-1
0
-4
-3
-3
-5
-2
-2
-2
-2
-2
-5
-5
-1
-2
-2
-2
-5
-4
-5
-5
-1
-3
-5
-4
-5
-6
-4
-4
-3
-7
-5
-4
-6
-5
-4
-3
-5
-5
-4
-4
-4
-2
-4
-4
-4
-3
-2
-2
-1
-2
-2
-2
-1
0
0
2
1
-1
1
0
1
4
4
3
1
3
4
3
6
6
4
6
5
4
6
7
6
8
7
4
6
8
7
7
9
6
6
8
7
7
8
8
6
7
8
5
4
7
6
4
6
6
3
3
7
2
2
6
1
1
2
0
1
2
2
0
1
-1
-3
0
1
-3
0
0
-5
-3
-1
-2
-4
-2
-4
-6
-4
-3
-5
-3
-2
-5
-6
-5
-3
-5
-2
-4
-5
-4
-5
-3
-3
-3
-3
-3
-4
-2
-3
-1
-2
-2
-3
-1
-2
-1
1
-1
-1
1
-1
-2
0
-1
1
-2
0
-1
-3
0
0
-1
-1
-1
-4
-2
-1
-3
-3
0
-3
-3
-1
-4
-5
-2
-3
-3
-2
-3
-3
-3
-3
-3
-2
-2
-3
-1
-3
-2
0
-1
-1
1
-1
0
-1
0
0
1
2
1
1
1
1
3
2
3
4
2
4
3
4
3
3
5
5
3
5
6
3
5
6
5
5
6
5
5
5
6
7
4
5
6
4
4
7
5
6
5
5
4
3
5
4
2
4
3
1
4
2
2
2
1
1
2
0
-1
2
-1
-3
1
-1
-4
0
-1
-3
-2
0
-3
-3
-1
-3
-3
-1
-3
-3
-2
-3
-3
-2
-3
-2
-2
-2
-3
-2
-1
-4
-3
-1
-3
-3
-1
-3
-4
-3
0
-3
-2
-2
-2
-3
-2
-2
-1
-2
-2
-1
-2
-1
0
-1
-1
2
-2
0
2
0
1
3
1
1
2
2
2
2
3
3
2
4
4
2
4
4
3
5
4
3
6
4
4
5
4
4
5
5
3
5
3
4
5
4
5
3
4
3
3
4
5
2
3
3
2
1
2
2
3
2
0
1
1
-1
1
2
0
-1
2
-1
-3
1
0
-3
-1
-1
-3
-2
-1
-3
-2
-1
-3
-1
-2
-3
0
-1
-3
-1
-2
-2
-3
-1
-1
-2
-1
-1
-2
-3
1
-1
-1
1
0
-1
-1
0
0
1
-1
1
0
-2
0
1
0
2
-1
1
-1
0
1
0
0
1
1
0
1
1
1
1
1
0
1
1
1
1
1
0
0
1
0
0
1
0
0
3
-1
0
2
-1
0
1
0
0
1
0
0
0
1
0
0
0
0
0
-1
1
1
-1
0
0
-1
1
1
-3
0
0
-1
1
1
-3
1
0
-3
1
0
-3
1
-1
-2
1
-1
-1
0
1
-2
0
1
-2
-1
1
0
-1
-1
1
-1
0
0
-1
0
-1
0
0
-1
0
2
-1
0
1
0
0
2
1
0
2
0
0
1
1
0
2
0
1
2
0
1
1
1
1
2
2
2
1
2
2
2
2
2
3
1
2
2
1
2
2
2
2
1
2
1
2
2
3
2
2
3
1
1
4
1
1
3
1
2
3
2
2
1
2
2
0
2
3
0
1
3
1
1
2
0
1
2
1
0
0
2
0
0
1
0
-1
1
-1
-1
1
-1
0
0
-1
-1
-2
-1
-1
-1
-1
-1
-2
-3
-2
-2
-2
-2
-3
-3
-3
-3
-3
-4
-3
-2
-5
-2
-2
-4
-2
-2
-6
-2
-3
-5
-3
-3
-3
-4
-2
-2
-5
-2
-2
-3
-4
-1
-3
-4
-1
-2
-3
-1
-2
-2
-1
-1
-1
-1
0
-1
-1
-1
-1
-1
1
-1
1
0
0
1
0
1
1
0
2
0
0
2
0
1
2
0
0
2
0
0
3
0
0
2
0
0
2
-1
1
1
1
0
0
2
1
0
1
0
0
1
0
0
1
-1
-1
1
-1
0
1
-1
0
0
-1
-1
1
0
-1
0
0
-1
0
0
0
0
0
-1
-1
0
-1
0
0
-1
0
-1
1
1
-1
2
1
-1
1
1
0
1
2
0
0
2
0
1
1
1
2
0
1
1
0
1
1
1
2
2
1
1
2
0
1
1
1
2
0
1
2
1
1
2
1
1
0
2
1
1
2
0
0
2
0
1
2
0
1
1
0
0
2
0
1
0
0
2
-1
1
1
-2
2
0
-1
0
0
-1
1
0
0
