SAMPLES:	12090
BITSPERSAMPLE:	16
CHANNELS:	1
SAMPLERATE:	16000
NORMALIZED:	FALSE
5
4
6
12
7
6
6
18
10
14
14
5
14
14
3
10
8
7
1
-1
10
1
7
5
20
15
3
6
6
4
-7
1
10
11
3
7
-3
4
4
-8
6
13
3
-3
-3
-2
2
4
4
14
11
6
5
0
-6
13
12
-5
-2
2
15
4
2
0
-12
-6
5
1
-4
-11
-6
-11
1
6
-2
12
2
9
14
-6
5
0
-1
12
4
-3
-3
6
7
11
18
15
22
8
3
21
6
7
23
19
6
16
30
18
13
11
5
10
10
1
9
11
16
18
7
2
1
14
2
1
5
1
4
-2
4
6
5
5
-2
9
11
6
5
4
11
14
6
8
9
4
19
11
9
3
2
15
17
20
22
11
9
8
1
1
6
6
13
9
3
6
12
9
4
-1
10
11
-9
1
9
10
-3
-6
3
3
7
7
10
11
7
13
6
2
11
8
2
7
8
14
8
12
22
18
11
15
15
7
7
7
9
18
8
4
6
4
9
6
4
2
-1
-9
-7
-3
5
5
0
7
-3
1
-1
-3
1
6
1
-4
3
-1
-4
4
5
-4
-3
2
1
-2
0
5
1
4
7
-1
-5
8
4
-8
4
-1
-10
7
-5
1
3
-7
5
4
-1
-6
-9
0
-5
-7
-10
-6
-1
-7
-8
-2
-4
2
1
6
5
-1
-2
-1
5
8
12
9
7
1
4
9
10
6
0
-4
0
-7
-2
0
11
2
-6
7
4
7
-8
-9
-5
-8
7
-9
-2
-1
0
-10
-16
-3
-10
-5
-13
-7
1
-9
-7
-11
0
-7
-16
-5
-4
-8
-13
-9
-7
3
-8
-1
15
3
7
9
-1
-5
-2
0
-4
-14
-17
-4
-7
-5
8
-6
-12
-4
-10
-6
-5
-13
-14
-7
-7
-14
-10
-14
-11
-7
-12
-12
-7
-19
-24
-19
-10
-12
-12
-13
-11
-10
-17
-18
-23
-10
-11
-11
-8
-12
-19
-7
-17
-15
-1
-7
-1
-3
-3
-11
-13
-8
-9
-13
-9
-7
-8
-15
-11
-9
-20
-13
-17
-17
-8
-14
-15
-17
-14
-10
-27
-16
-10
-18
-16
-27
-20
-13
-16
-24
-19
-17
-28
-15
-33
-37
-17
-17
-22
-25
-25
-25
-28
-25
-19
-16
-21
-29
-28
-15
-5
-13
-21
-28
-18
-27
-12
-6
-16
-10
-20
-15
-14
-6
-13
-11
-13
-18
-11
-16
-4
-11
-12
-11
-11
-9
-14
-7
-4
-5
-9
2
3
-5
-14
-14
-1
-15
-3
-14
-19
-8
-5
-8
-10
-7
-9
-5
-18
-7
-8
-11
-8
-5
1
0
2
-1
-5
-5
-6
-6
-1
-8
-2
-4
-14
-7
-14
-10
-3
-6
-6
1
6
8
8
-5
-2
2
-14
-9
-16
-19
-8
-11
-8
-7
-6
1
2
-2
-4
-5
-3
-8
-18
-19
-22
-13
-21
-18
-8
-16
-10
-3
-2
-8
-14
-4
-10
-25
-7
-1
-6
-13
-15
-12
-13
-11
-21
-9
-6
-1
-3
-10
2
-11
-7
-7
6
5
-6
-8
3
6
0
7
9
-4
-10
5
7
4
6
7
12
8
5
22
10
14
16
9
12
21
13
6
12
13
12
12
17
11
18
13
6
16
20
13
18
14
15
15
11
22
17
18
17
15
4
13
5
10
23
9
14
8
13
9
22
14
10
12
7
16
9
20
16
16
18
17
12
13
21
12
12
7
14
12
15
14
14
17
10
18
13
14
0
12
32
15
25
15
11
10
-1
11
6
7
12
8
8
20
9
1
14
21
11
13
15
6
-7
3
5
-10
-2
11
8
2
9
5
11
8
17
9
13
11
-8
2
9
7
4
11
4
3
6
4
10
2
-1
6
9
6
8
14
5
7
19
19
18
14
17
9
5
15
9
3
18
10
3
15
10
10
18
19
11
12
12
18
22
15
12
21
22
15
18
13
13
-1
8
15
6
16
8
5
1
0
0
2
13
2
-3
10
13
12
6
9
2
8
11
1
2
-4
3
2
-7
-8
-6
6
3
-15
-14
-12
-7
-5
5
0
9
6
-8
-4
-4
7
1
-1
-10
-8
-10
-10
-4
-5
-5
-5
0
-3
-11
-9
-7
-2
1
-7
-1
-3
6
14
7
11
12
12
11
8
12
18
3
14
16
13
16
6
16
9
6
8
13
12
5
5
4
14
-3
-3
4
10
20
15
11
7
11
-5
-10
2
-6
2
-1
-10
-12
-10
-10
-17
-5
-12
-7
-5
-4
-9
-9
-5
-9
-3
-6
1
-6
-4
5
-11
-4
2
-10
4
-4
-1
0
-8
-11
-17
-14
-14
-6
-7
-13
-6
-15
-10
2
-8
-6
2
12
-4
-8
-14
-13
-3
-13
-9
-8
-2
2
-1
12
16
6
-1
9
7
9
15
15
8
9
15
7
26
15
7
11
9
10
12
15
14
5
-2
9
0
8
11
7
15
8
-2
1
14
4
1
1
-8
-2
0
-5
-10
-5
-3
-11
-13
-11
-10
1
-9
-13
-7
0
-2
2
2
-10
-4
1
10
10
0
3
1
-1
-3
-5
-12
-11
-3
5
3
-6
7
8
3
-3
1
-1
-3
-3
-1
0
-6
-10
-11
0
-4
6
9
4
7
0
-2
1
15
18
1
0
13
0
-3
0
-4
-5
6
-2
0
11
3
12
3
8
13
19
10
14
10
5
6
2
-2
-5
-3
4
14
2
0
-11
-5
1
6
7
-12
2
3
-2
-5
-3
3
-2
13
8
-4
0
4
2
2
-1
8
8
-11
-8
-15
-3
5
-11
-8
-6
-5
0
6
-9
5
-2
0
0
-10
-10
-14
1
0
-1
-4
-2
-5
-2
2
-7
-10
-11
-9
-11
-8
-8
-10
-11
-6
-6
-6
1
5
4
10
-1
6
4
-2
3
-5
7
-2
-11
-5
-3
2
-5
-2
6
-7
-6
-6
-7
-1
-13
-8
-11
-7
-7
1
-14
-6
-7
-3
6
-13
-7
-10
-11
4
2
-11
-1
-5
0
8
-3
-4
-8
-1
1
-3
1
-3
-6
-3
9
7
-1
1
-5
4
9
0
-3
-13
-17
-3
-18
-9
4
-6
-7
10
5
-7
18
7
4
11
1
4
6
-6
2
-5
-12
-1
-6
-9
-4
-6
-14
-8
-7
0
-3
-12
-16
-21
-18
-18
-8
-14
-16
-14
-12
-22
-22
-10
-23
-18
-15
-8
-21
-13
1
-6
-2
-12
-5
-6
-9
-3
-4
-8
-7
-1
1
6
-2
7
0
-5
4
-3
-4
4
5
2
5
6
3
8
15
7
7
20
6
8
7
1
-5
-10
0
5
5
-9
3
0
2
-1
-5
-8
-10
-4
-5
-2
8
6
-17
-20
-11
-5
-13
-14
5
9
7
-3
1
-3
1
1
9
18
0
-7
-3
2
-9
-13
-9
-10
-6
-8
-10
-2
-5
-6
-7
-9
-2
-2
-3
-4
-4
6
-1
0
-3
-7
-10
-15
-8
-12
-14
-18
-17
-13
-11
-16
-6
-11
-16
-10
-7
-3
-10
-13
1
-6
-13
-7
-10
-11
-16
-15
-6
0
10
13
18
26
17
11
17
3
3
14
6
2
8
19
0
11
19
3
2
-5
-7
-1
9
16
25
17
10
20
19
5
18
17
11
12
3
1
-4
4
0
12
11
12
10
16
12
-4
13
8
9
4
8
11
-1
6
3
10
3
-3
-4
10
1
-6
11
4
0
5
7
9
18
15
26
16
12
8
11
12
1
12
12
-3
-3
5
-2
-4
2
-1
4
4
-3
6
2
7
11
0
13
-8
-13
-1
-1
4
0
1
-4
7
0
-14
-4
-6
-17
-13
-20
-20
-12
-6
-7
8
24
29
39
29
37
27
2
-1
-8
-14
-24
-36
-30
-17
-16
-13
-1
-8
-3
11
13
13
18
33
25
36
30
26
24
-4
3
1
-15
-23
-22
-18
-16
-1
2
-2
9
10
10
9
7
-5
-12
-4
-16
-12
-27
-25
-24
-28
-13
-4
-8
-11
-10
-16
-17
-12
2
10
11
16
19
5
14
10
4
-4
-19
-18
-16
-13
-21
-8
-4
-2
19
23
12
14
18
17
16
6
7
19
21
30
25
17
12
12
9
-12
-9
-6
-22
-27
-16
-11
0
-5
-5
7
5
17
3
-3
-3
-1
6
-5
-8
4
12
18
17
16
15
2
3
-6
-5
-8
-9
-2
-13
-4
5
-1
-21
-30
-31
-38
-41
-43
-33
-35
-26
-25
-14
4
-3
15
14
6
3
-11
-9
-5
-12
-9
-15
-18
1
11
0
1
-8
-15
-24
-36
-18
-24
-32
-31
-28
-27
-24
-12
-10
-3
7
9
17
29
31
19
16
24
8
5
-7
-22
-20
-6
-16
-9
0
-8
-8
-1
5
-4
-12
-13
-30
-37
-49
-42
-25
-20
8
25
41
50
59
61
60
59
52
42
31
25
10
9
0
-18
-23
-40
-48
-77
-95
-113
-142
-142
-146
-141
-110
-64
-30
-6
15
27
42
29
7
8
9
20
18
56
91
104
113
121
118
63
38
2
-46
-82
-103
-91
-101
-79
-44
-36
-28
-15
16
19
5
14
35
32
52
95
103
91
89
92
73
27
7
-10
-59
-89
-87
-90
-118
-114
-71
-71
-75
-45
-4
13
22
87
145
188
239
302
324
258
169
35
-245
-624
-940
-1232
-1527
-1644
-1488
-1196
-760
-83
693
1350
1904
2342
2509
2300
1826
1231
431
-452
-1201
-1719
-2051
-2124
-1876
-1420
-869
-262
382
894
1205
1350
1392
1244
968
723
534
355
220
261
371
428
475
529
447
153
-147
-484
-920
-1292
-1496
-1536
-1456
-1165
-632
-29
573
1198
1792
2193
2398
2518
2454
2159
1737
1241
606
-231
-1074
-1895
-2793
-3654
-4266
-4599
-4723
-4473
-3742
-2654
-1408
60
1680
3093
4149
4914
5270
5009
4274
3267
1983
491
-921
-2097
-3051
-3744
-4042
-3945
-3672
-3249
-2643
-1989
-1441
-905
-339
182
656
1179
1814
2434
2993
3541
3954
4026
3804
3266
2360
1129
-294
-1710
-3058
-4184
-4879
-5055
-4787
-4079
-2894
-1494
-67
1316
2527
3383
3842
3951
3736
3231
2521
1795
1073
374
-193
-597
-937
-1241
-1475
-1688
-1978
-2295
-2555
-2801
-3004
-3041
-2808
-2375
-1722
-780
371
1565
2743
3816
4627
5043
5017
4593
3725
2468
1022
-469
-1920
-3145
-3985
-4379
-4355
-3896
-3014
-1893
-675
562
1748
2683
3296
3670
3743
3514
3056
2503
1896
1227
609
129
-292
-633
-829
-977
-1073
-1124
-1095
-1007
-866
-610
-242
186
634
1135
1612
1877
1874
1672
1198
382
-638
-1685
-2689
-3636
-4273
-4441
-4241
-3707
-2807
-1604
-380
717
1705
2406
2680
2587
2237
1653
888
136
-487
-998
-1298
-1368
-1307
-1141
-923
-743
-687
-746
-901
-1161
-1436
-1600
-1623
-1446
-981
-232
658
1606
2573
3394
3874
3941
3681
3039
1942
671
-546
-1752
-2810
-3466
-3668
-3579
-3209
-2437
-1474
-595
241
1067
1671
1938
2082
2105
1860
1419
990
557
-67
-661
-1045
-1424
-1856
-2070
-2047
-2007
-1927
-1599
-1101
-666
-202
454
1085
1521
1936
2380
2630
2604
2562
2437
2046
1529
1109
699
139
-291
-442
-572
-760
-665
-345
-134
36
475
1002
1250
1505
1942
2175
2097
2059
2055
1738
1323
1206
1125
931
1015
1510
1859
1941
2201
2362
1626
316
-831
-2366
-4741
-6890
-8037
-8978
-9803
-9280
-7317
-5217
-3084
4
3434
5689
7011
8338
8798
7551
5686
4044
1933
-735
-2797
-3891
-4750
-5339
-5012
-4090
-3357
-2730
-1915
-1407
-1484
-1711
-1879
-2182
-2447
-2170
-1343
-250
1230
3140
5003
6487
7583
8097
7733
6537
4703
2373
-248
-2822
-5034
-6705
-7677
-7803
-7185
-5981
-4218
-2177
-250
1480
3012
4022
4338
4250
3879
3005
1814
785
-134
-1170
-2012
-2366
-2563
-2798
-2770
-2405
-2151
-2077
-1723
-1159
-837
-531
195
1026
1600
2272
3207
3900
4173
4347
4407
3957
3097
2203
1186
-120
-1332
-2166
-2858
-3389
-3378
-2870
-2247
-1400
-82
1324
2466
3588
4694
5395
5597
5645
5496
4919
4158
3512
2793
2029
1534
1119
533
-61
-503
-1385
-2922
-4252
-5427
-7277
-9199
-9958
-10094
-10392
-9793
-7447
-4714
-2458
521
4332
7134
8471
9788
10780
9894
7753
5862
3780
678
-2339
-4203
-5637
-7092
-7674
-7192
-6577
-5980
-4945
-3789
-3058
-2533
-1921
-1447
-1238
-803
60
981
1988
3406
4967
6228
7239
7951
8103
7520
6291
4575
2409
-3
-2402
-4606
-6378
-7461
-7897
-7780
-6894
-5350
-3656
-1992
-117
1655
2621
3025
3346
3171
2203
1128
411
-508
-1567
-1965
-1829
-1789
-1620
-892
-98
256
567
1133
1297
977
892
996
833
626
888
1385
1685
1992
2569
3020
3034
2862
2662
2133
1214
375
-312
-1024
-1555
-1576
-1166
-555
411
1797
3255
4545
5737
6767
7387
7495
7176
6554
5617
4225
2509
831
-739
-2665
-4924
-6646
-7858
-9564
-11265
-11690
-11406
-11582
-11231
-9089
-6523
-4776
-2436
1236
4205
5700
7420
9459
9900
8823
8034
7271
5164
2462
606
-989
-3151
-4964
-5769
-6386
-7147
-7413
-7126
-6871
-6662
-6025
-5167
-4384
-3375
-1909
-358
1162
2942
4804
6350
7592
8604
9122
8974
8292
7199
5638
3748
1759
-232
-2080
-3608
-4782
-5652
-6065
-6020
-5815
-5460
-4859
-4140
-3577
-3107
-2476
-1917
-1591
-1193
-598
-68
356
1006
1745
2262
2684
3227
3591
3507
3340
3222
2762
2007
1483
1123
588
82
40
235
287
478
988
1442
1627
1766
1955
1903
1591
1321
1085
836
663
707
990
1425
2059
2895
3800
4656
5490
6219
6599
6623
6488
6031
4922
3439
2000
245
-2259
-4722
-6556
-8619
-11045
-12573
-12953
-13384
-13660
-12399
-10103
-8189
-6114
-2844
522
2761
4757
7122
8667
8854
8745
8694
7847
6178
4587
3288
1690
-139
-1613
-2780
-3993
-5231
-6278
-7067
-7748
-8373
-8725
-8621
-8143
-7320
-6046
-4211
-1966
398
2858
5438
7742
9433
10643
11389
11319
10441
9151
7516
5355
3000
949
-991
-2987
-4565
-5514
-6334
-7177
-7479
-7315
-7376
-7469
-6989
-6282
-5864
-5256
-4013
-2697
-1662
-333
1409
2875
3931
5087
6190
6631
6623
6621
6323
5467
4509
3747
2834
1779
1095
727
290
-47
31
198
132
121
322
366
133
10
112
125
73
358
902
1428
2037
2926
3892
4668
5404
6207
6800
6957
7003
6956
6296
5114
3935
2540
290
-2254
-4303
-6553
-9434
-11777
-12986
-14149
-15389
-15302
-13833
-12422
-11000
-8201
-4709
-2032
335
3364
6063
7432
8285
9320
9740
9079
8210
7563
6583
5106
3698
2487
1128
-515
-2156
-3693
-5266
-6921
-8432
-9561
-10369
-10795
-10641
-9830
-8428
-6549
-4228
-1512
1322
4053
6653
8922
10616
11676
12181
12068
11199
9744
7997
5956
3545
1078
-1076
-3055
-4992
-6522
-7406
-8030
-8596
-8673
-8236
-7817
-7426
-6645
-5618
-4789
-3937
-2712
-1423
-300
998
2574
3970
5163
6506
7739
8430
8828
9169
9013
8220
7291
6316
4911
3287
1947
804
-423
-1428
-1880
-2122
-2361
-2301
-1906
-1574
-1346
-920
-431
-141
182
768
1344
1851
2607
3623
4503
5230
6145
6955
7140
6872
6563
5701
3801
1567
-512
-3110
-6353
-9070
-10992
-12990
-14837
-15303
-14714
-14183
-13195
-10888
-8154
-6029
-3744
-866
1543
3036
4486
6056
6981
7250
7585
7987
7964
7680
7417
7048
6375
5391
4092
2558
845
-1212
-3481
-5647
-7541
-9236
-10636
-11303
-11206
-10674
-9585
-7724
-5429
-3071
-627
1877
4098
5818
7144
8074
8415
8264
7863
7164
6180
5143
4187
3131
2016
1141
348
-630
-1646
-2517
-3416
-4544
-5614
-6372
-7090
-7751
-7981
-7721
-7161
-6307
-4929
-3154
-1311
664
2803
4778
6421
7880
9071
9710
9945
10008
9752
9047
8190
7427
6488
5351
4360
3552
2601
1555
730
8
-862
-1734
-2350
-2878
-3368
-3643
-3579
-3251
-2776
-2064
-1086
37
1049
1887
2678
3263
3195
2629
2045
1095
-565
-2312
-3592
-4963
-6617
-7659
-7826
-8018
-8243
-7590
-6359
-5504
-4788
-3490
-2192
-1622
-1199
-400
174
214
377
940
1387
1679
2275
3104
3749
4247
4775
5068
4978
4603
3945
2930
1601
226
-1164
-2623
-3895
-4764
-5327
-5654
-5566
-5016
-4266
-3475
-2532
-1467
-555
130
689
1157
1417
1471
1510
1575
1664
1733
1842
2103
2430
2634
2762
2853
2755
2364
1750
1020
97
-1014
-2122
-3097
-3957
-4595
-4871
-4807
-4438
-3733
-2712
-1510
-206
1188
2571
3753
4783
5718
6433
6864
7104
7280
7268
7040
6785
6492
6056
5508
4939
4326
3585
2840
2137
1375
642
113
-296
-721
-1001
-1028
-1109
-1381
-1551
-1670
-2190
-3019
-3696
-4423
-5551
-6669
-7350
-7891
-8510
-8684
-8205
-7561
-6853
-5719
-4216
-2873
-1702
-428
763
1519
1988
2412
2647
2586
2447
2395
2311
2168
2119
2191
2230
2221
2196
2052
1782
1358
810
127
-661
-1405
-2107
-2782
-3277
-3526
-3602
-3506
-3167
-2599
-2000
-1387
-671
-8
437
736
968
1034
867
619
409
184
-29
-94
35
253
571
992
1494
1960
2277
2456
2467
2263
1810
1183
480
-295
-1118
-1859
-2397
-2763
-2945
-2860
-2508
-1989
-1366
-569
331
1197
2015
2846
3641
4317
4897
5460
5982
6329
6553
6768
6873
6716
6405
6087
5568
4788
4016
3307
2490
1623
964
451
-97
-585
-890
-1213
-1719
-2198
-2705
-3487
-4379
-5207
-6135
-7159
-7975
-8491
-8930
-9127
-8813
-8201
-7488
-6514
-5176
-3867
-2736
-1549
-410
408
927
1412
1787
1913
1990
2136
2346
2542
2796
3146
3482
3767
3937
3953
3796
3442
2826
2003
1095
118
-909
-1883
-2654
-3251
-3665
-3846
-3756
-3477
-3110
-2649
-2102
-1581
-1172
-868
-626
-495
-509
-567
-588
-580
-574
-440
-152
207
644
1172
1738
2258
2681
3004
3143
3118
2889
2440
1835
1163
441
-367
-1120
-1676
-2105
-2456
-2589
-2459
-2202
-1874
-1341
-643
54
737
1528
2406
3196
3949
4735
5463
6067
6540
6905
7125
7141
6982
6687
6264
5735
5103
4470
3842
3180
2546
1969
1393
723
63
-637
-1533
-2562
-3609
-4728
-6016
-7284
-8346
-9293
-10139
-10611
-10631
-10414
-9934
-9029
-7817
-6570
-5265
-3858
-2515
-1453
-560
251
832
1191
1490
1791
2052
2330
2719
3178
3618
4085
4536
4866
4971
4886
4577
3983
3146
2162
1094
-42
-1110
-2030
-2739
-3202
-3392
-3353
-3111
-2701
-2207
-1741
-1338
-1018
-878
-898
-1053
-1275
-1557
-1864
-2058
-2067
-1928
-1606
-1077
-337
509
1362
2253
3054
3676
4052
4215
4130
3712
3079
2301
1429
472
-410
-1131
-1754
-2182
-2333
-2270
-2091
-1730
-1179
-624
-90
528
1174
1737
2266
2880
3531
4109
4712
5365
5964
6455
6830
7104
7202
7103
6807
6365
5828
5183
4443
3677
2990
2275
1446
674
-34
-909
-1996
-3017
-4040
-5288
-6610
-7731
-8663
-9621
-10330
-10558
-10485
-10265
-9730
-8726
-7610
-6519
-5300
-3985
-2824
-1882
-991
-178
446
900
1361
1837
2239
2627
3101
3570
3973
4325
4611
4758
4688
4433
4037
3431
2653
1821
956
87
-731
-1375
-1826
-2118
-2248
-2194
-1967
-1712
-1444
-1163
-943
-847
-893
-1034
-1226
-1510
-1868
-2157
-2295
-2363
-2353
-2111
-1678
-1150
-568
134
905
1603
2192
2673
2998
3132
3032
2738
2282
1692
1005
261
-418
-936
-1349
-1595
-1566
-1332
-975
-528
65
682
1208
1697
2183
2624
2983
3342
3719
4110
4513
4892
5266
5609
5861
5957
5920
5795
5482
5044
4560
4037
3485
2901
2409
1925
1403
898
365
-285
-1062
-1897
-2852
-3929
-5057
-6130
-7135
-8045
-8724
-9116
-9257
-9131
-8731
-8094
-7327
-6476
-5578
-4705
-3925
-3272
-2673
-2124
-1664
-1209
-670
-53
575
1277
2127
2929
3609
4248
4790
5030
4972
4783
4374
3648
2822
2047
1225
392
-254
-665
-947
-1120
-1052
-826
-637
-471
-250
-118
-193
-381
-622
-988
-1490
-1949
-2340
-2692
-2934
-3010
-2873
-2607
-2211
-1645
-1000
-346
297
920
1478
1885
2154
2312
2320
2171
1905
1550
1156
724
328
20
-174
-237
-172
9
262
567
883
1183
1431
1681
1892
2081
2319
2646
3035
3448
3917
4418
4875
5207
5435
5528
5420
5122
4708
4246
3755
3254
2838
2557
2305
2083
1920
1751
1446
925
252
-575
-1670
-2989
-4310
-5621
-6910
-8026
-8799
-9236
-9399
-9217
-8654
-7922
-7109
-6213
-5336
-4606
-4066
-3611
-3261
-3020
-2768
-2403
-1946
-1331
-494
495
1568
2664
3745
4661
5310
5673
5735
5462
4875
4073
3160
2205
1255
454
-131
-499
-695
-683
-474
-227
-18
155
268
185
-91
-473
-983
-1586
-2228
-2794
-3234
-3579
-3740
-3678
-3437
-3038
-2509
-1896
-1238
-587
30
568
1041
1447
1727
1890
2020
2095
2039
1934
1801
1618
1384
1164
973
792
646
570
538
537
581
679
791
948
1206
1520
1877
2327
2856
3365
3875
4374
4767
5022
5147
5166
5056
4814
4547
4323
4097
3895
3809
3779
3693
3540
3335
2958
2269
1337
246
-1076
-2639
-4260
-5757
-7148
-8384
-9271
-9741
-9895
-9783
-9337
-8645
-7917
-7216
-6492
-5866
-5452
-5139
-4850
-4562
-4242
-3766
-3051
-2110
-962
353
1779
3209
4519
5596
6368
6772
6761
6387
5722
4841
3851
2849
1977
1268
750
445
338
361
424
505
493
321
14
-453
-1067
-1746
-2447
-3115
-3678
-4067
-4248
-4229
-3984
-3565
-3041
-2398
-1750
-1124
-542
-35
398
746
1076
1399
1710
2002
2321
2622
2819
2937
2937
2744
2388
1906
1319
673
79
-420
-779
-928
-839
-574
-158
446
1145
1819
2451
3086
3621
3963
4249
4499
4619
4684
4789
4929
5054
5226
5473
5720
5892
6025
6053
5854
5414
4780
3892
2660
1256
-256
-1897
-3603
-5209
-6602
-7826
-8827
-9518
-9886
-10039
-10017
-9789
-9395
-8980
-8577
-8131
-7654
-7189
-6691
-6087
-5323
-4398
-3363
-2123
-729
714
2152
3506
4751
5751
6417
6774
6860
6654
6153
5506
4824
4124
3431
2853
2415
2042
1690
1377
1047
596
24
-618
-1362
-2184
-2987
-3716
-4333
-4792
-5050
-5133
-5035
-4787
-4419
-3969
-3489
-2970
-2433
-1877
-1294
-664
31
757
1532
2298
3020
3675
4207
4548
4674
4576
4258
3746
3074
2328
1550
817
186
-289
-595
-731
-695
-518
-237
124
523
914
1313
1721
2146
2604
3122
3701
4335
5030
5753
6469
7109
7680
8108
8351
8376
8153
7680
6899
5858
4554
3004
1265
-611
-2538
-4477
-6306
-7936
-9374
-10526
-11347
-11855
-12117
-12157
-11972
-11652
-11236
-10742
-10134
-9429
-8613
-7637
-6452
-5068
-3560
-1910
-144
1602
3219
4699
5964
6925
7536
7864
7947
7757
7386
6934
6398
5789
5159
4527
3859
3077
2222
1304
285
-820
-1916
-2947
-3907
-4743
-5350
-5743
-5998
-6058
-5949
-5779
-5571
-5284
-4935
-4550
-4080
-3465
-2686
-1752
-643
612
1932
3225
4407
5364
6025
6344
6313
5966
5331
4528
3611
2696
1876
1148
552
112
-224
-518
-756
-968
-1149
-1285
-1311
-1164
-828
-260
516
1523
2659
3835
4993
6035
6953
7630
8154
8528
8738
8860
8924
8883
8701
8299
7556
6429
4855
2944
689
-1822
-4370
-6793
-8958
-10768
-12057
-12843
-13250
-13327
-13143
-12774
-12396
-12015
-11578
-11063
-10431
-9549
-8278
-6642
-4711
-2557
-256
1990
4001
5736
7113
8000
8417
8502
8344
8001
7614
7240
6853
6438
5952
5376
4579
3573
2341
883
-690
-2258
-3692
-4919
-5864
-6526
-6904
-7042
-6961
-6754
-6489
-6199
-5926
-5618
-5192
-4555
-3704
-2584
-1228
268
1871
3447
4875
6027
6825
7234
7234
6935
6380
5626
4766
3866
2957
2090
1281
523
-219
-980
-1706
-2351
-2844
-3105
-3109
-2823
-2234
-1390
-310
928
2257
3539
4725
5803
6772
7670
8504
9346
10118
10823
11345
11583
11453
10749
9337
7225
4634
1756
-1259
-4143
-6611
-8619
-10246
-11427
-12199
-12777
-13369
-13993
-14530
-14975
-15190
-14978
-14171
-12754
-10858
-8480
-5721
-2855
-249
1987
3792
5032
5850
6427
6997
7557
8063
8589
9034
9293
9188
8623
7562
6036
4115
2040
118
-1544
-2904
-3926
-4584
-4972
-5273
-5548
-5889
-6410
-7087
-7741
-8134
-8113
-7553
-6479
-4998
-3238
-1332
486
2064
3324
4183
4682
4962
5276
5685
6139
6561
6868
6916
6547
5785
4658
3166
1445
-300
-1833
-2941
-3575
-3794
-3671
-3311
-2913
-2528
-2130
-1693
-1225
-684
94
1236
2673
4310
6085
7816
9291
10434
11324
11993
12465
12638
12528
12183
11437
10046
7989
5518
2690
-452
-3604
-6313
-8585
-10607
-12233
-13366
-14213
-15038
-15706
-16053
-16125
-15903
-15242
-13933
-12088
-9940
-7444
-4583
-1627
978
3196
5138
6639
7642
8452
9332
10093
10590
10837
10761
10184
9081
7513
5509
3273
1042
-1011
-2722
-4021
-5031
-5918
-6661
-7279
-7878
-8336
-8585
-8702
-8738
-8519
-7854
-6759
-5341
-3699
-1997
-455
930
2212
3381
4453
5401
6155
6770
7370
7865
8040
7845
7175
5941
4347
2701
1145
-258
-1496
-2562
-3391
-3943
-4300
-4532
-4572
-4423
-4220
-3856
-3031
-1801
-445
1053
2722
4411
5945
7423
8887
10105
11007
11671
12301
12995
13601
13830
13580
12698
10574
7201
3591
371
-2861
-5952
-8116
-9576
-11197
-12878
-14083
-15104
-16429
-17611
-17940
-17403
-16277
-14591
-12327
-9857
-7604
-5407
-2694
295
2841
4892
6884
8608
9656
10586
11747
12538
12493
11877
10911
9516
7752
5713
3372
961
-1180
-3029
-4499
-5527
-6550
-7938
-9344
-10409
-11067
-11101
-10444
-9589
-8835
-7815
-6392
-4754
-2919
-977
605
1850
3259
4805
6215
7516
8556
8958
8929
8892
8720
8081
6990
5417
3354
1303
-394
-1815
-3073
-4207
-5296
-6229
-6665
-6714
-6593
-6157
-5355
-4406
-3154
-1291
833
2743
4531
6359
8022
9507
10982
12309
13203
13699
13991
14340
14807
14910
14361
13240
11275
7710
3198
-624
-3709
-6846
-9509
-10997
-12402
-14625
-16731
-18001
-18987
-19780
-19609
-18238
-16294
-14202
-11893
-9379
-6951
-4703
-2066
1359
4892
7596
9635
11286
12160
12325
12546
13089
13170
12404
11015
9119
6802
4269
1658
-896
-3057
-4740
-6155
-7264
-8092
-9202
-10687
-11885
-12315
-11893
-10579
-8788
-7213
-5910
-4585
-3107
-1347
838
2960
4420
5573
6794
7740
8271
8733
8891
8376
7677
7151
6410
5136
3379
1280
-860
-2601
-3791
-4629
-5374
-6204
-7129
-7815
-7815
-7256
-6487
-5372
-3798
-2093
-353
1705
3838
5615
7151
8709
10258
11675
12902
13729
14072
14032
13981
14214
14593
14475
13390
11536
8379
3424
-1450
-4400
-6720
-9501
-11422
-12536
-14757
-17777
-19444
-19676
-19847
-19552
-17787
-15388
-13508
-11806
-9671
-7337
-5005
-2187
1639
5807
8696
10029
10904
11534
11602
11717
12602
13504
13072
11188
8778
6284
3615
1117
-995
-2908
-4501
-5796
-7029
-8198
-9438
-10809
-11742
-11660
-10519
-8614
-6571
-5224
-4771
-4288
-2967
-961
1573
4256
5940
6369
6720
7299
7577
7860
8378
8295
7282
6259
5515
4284
2248
45
-1749
-3129
-4163
-4943
-5792
-6919
-8168
-8960
-8597
-7199
-5557
-4201
-2956
-1594
-77
1818
4258
6840
8808
10250
11766
13322
14627
15457
15621
15379
15380
15606
15479
14932
13603
10109
4189
-1139
-3769
-5647
-8146
-9998
-11559
-14966
-19081
-20794
-20263
-19862
-19589
-17888
-15635
-14336
-13284
-11152
-8272
-5585
-2689
1470
6193
8983
9439
9760
10624
11046
11367
12533
13471
12381
9565
6684
4421
2399
549
-1228
-3436
-5823
-7605
-8745
-9525
-10149
-10817
-11198
-10844
-9609
-7606
-5567
-4321
-3634
-2540
-634
1795
4434
6783
7855
7667
7781
8577
8962
8944
8952
8229
6524
4927
3839
2530
556
-1666
-3488
-4763
-5766
-6768
-7686
-8484
-9217
-9516
-8713
-6954
-5265
-4092
-2781
-907
1201
3472
6055
8431
9887
10858
12257
13925
15013
15459
15767
16046
15998
15587
15189
14649
12155
6334
482
-2086
-3842
-7006
-9120
-9995
-13274
-18191
-20214
-19197
-18669
-18824
-17402
-15152
-14112
-13488
-11374
-8225
-5539
-2990
865
5623
8471
8630
8786
10046
10833
10962
11783
12629
11477
8415
5592
4027
2510
627
-1141
-3503
-6399
-8322
-9123
-9591
-9899
-10370
-10955
-11013
-10070
-8171
-6020
-4431
-3408
-2321
-664
1397
3592
6009
7652
7674
7752
8979
9607
9181
9103
8867
7541
6096
5208
4026
2000
-331
-2200
-3535
-4819
-6150
-7272
-8161
-8966
-9433
-8973
-7590
-6226
-5409
-4269
-2184
17
1878
4097
6579
8308
9459
11161
13264
14487
14877
15454
16046
16258
16105
15509
14879
13149
7771
1218
-1365
-2255
-5740
-8828
-9376
-11905
-17330
-20196
-18931
-17882
-18509
-17577
-14741
-13374
-13493
-11918
-8379
-5222
-2887
628
5563
8631
8353
8182
10168
11888
12076
12218
12556
11313
7975
4889
3818
2877
789
-1247
-3722
-7040
-9148
-9588
-9768
-9998
-10518
-11466
-11900
-11155
-9304
-6905
-4941
-3667
-2483
-882
1090
3202
5699
7853
8176
8027
9183
9800
8962
8513
8539
7697
6117
4604
3218
1442
-866
-2746
-3713
-4714
-6341
-7911
-8797
-9245
-9400
-8848
-7400
-5787
-4817
-3766
-1571
1162
3425
5548
7858
9553
10518
11877
13882
15273
15697
16012
16362
16390
15874
14816
13916
11881
6002
-448
-2386
-3146
-6882
-9911
-10447
-13160
-18327
-20310
-18356
-17345
-18104
-16965
-13964
-12540
-12405
-10301
-6413
-3543
-1458
2292
7036
9210
8383
8250
10310
11927
11897
11868
11900
10100
6397
3551
2953
2148
-143
-2495
-5327
-8661
-10238
-10093
-9860
-9823
-10307
-11291
-11495
-10271
-7997
-5420
-3404
-2390
-1532
243
2292
4103
6525
8531
8370
8025
9148
9569
8522
7808
7709
6905
5137
3431
2108
230
-2106
-3568
-4205
-5176
-6719
-8132
-8935
-9140
-8888
-8123
-6706
-5306
-4544
-3431
-974
1878
4083
6095
8170
9579
10414
11889
13626
14474
15071
15958
16467
16538
16181
15246
13489
8931
2605
-323
-642
-3576
-7622
-9249
-11329
-15972
-18882
-17554
-16082
-17213
-17684
-15516
-13534
-13058
-11690
-8310
-5103
-3136
-242
4584
8154
8101
7491
9401
11785
12160
11852
12126
11259
7970
4605
3879
3805
1608
-1186
-3721
-7048
-9515
-9888
-9775
-9972
-10672
-12053
-12643
-11568
-9600
-7431
-5384
-3871
-3114
-1907
659
3212
5332
7608
8417
7773
8496
9884
9653
8868
8791
8352
6785
5017
3761
2230
-203
-2185
-2991
-4091
-6030
-7700
-8759
-9424
-9410
-8835
-8000
-7067
-6436
-5566
-3316
-383
2006
4047
6164
8093
9513
11139
13538
15142
15304
15820
16669
16940
17016
16753
15794
12797
6300
716
-57
-1150
-5563
-8471
-9537
-13549
-18693
-19427
-17037
-16693
-17982
-16985
-14339
-13269
-13070
-10686
-6634
-3694
-1465
2388
7026
8897
7943
8453
11537
13466
13034
12502
12200
10203
6466
4072
4126
3089
-128
-3037
-5970
-9051
-10208
-10180
-10327
-10447
-11525
-13200
-13150
-11220
-8892
-6721
-4727
-3516
-2857
-1041
1715
4131
6887
9107
8812
8231
9490
10230
9520
9181
9271
8227
6009
4109
2848
1024
-1372
-2867
-3720
-5323
-7267
-8568
-9343
-9506
-9033
-8417
-7436
-6381
-5868
-4607
-1812
1134
3370
5173
7030
8723
9940
11841
14235
15119
15424
16372
16618
16182
16065
15632
12793
6576
1328
582
-567
-4932
-7674
-8717
-12777
-17657
-18147
-15956
-15926
-17263
-16411
-14231
-13224
-12513
-10086
-6599
-4051
-2101
1496
6168
8303
7518
7962
10939
12733
12209
12132
12386
10485
6947
4698
4516
3617
958
-1738
-4766
-7810
-8798
-8877
-9251
-9191
-10111
-12105
-12397
-10644
-8521
-6736
-5194
-4038
-3396
-2054
499
2919
5310
7461
7484
7007
8235
9194
8735
8468
8677
7906
5895
4350
3582
1876
-449
-1750
-2635
-4365
-6288
-7574
-8397
-8687
-8386
-8067
-7504
-6497
-5849
-4884
-2370
460
2311
3888
5725
7311
8659
10757
13005
13827
14234
15390
15899
15631
15799
15819
13301
6970
1726
1500
752
-3830
-6833
-7774
-11953
-17315
-17958
-15484
-15677
-17786
-17089
-14665
-13748
-13253
-10875
-7293
-4779
-3014
691
5850
8226
7320
7715
11043
13212
12587
12411
12940
11330
7950
5849
5720
4738
1829
-861
-3635
-6877
-8182
-8288
-9033
-9389
-10318
-12398
-12747
-10940
-8922
-7235
-5762
-4682
-3951
-2598
-122
2386
4836
7046
7330
7055
8356
9490
9206
9049
9448
8858
6819
5029
4080
2394
146
-1150
-2098
-3990
-6396
-8107
-8912
-9230
-9224
-9081
-8704
-8016
-7433
-6261
-3499
-489
1521
3266
5230
6940
8502
10814
13300
14231
14504
15551
16363
16573
16697
16490
14745
9306
2822
1218
1473
-2393
-6717
-7989
-10928
-16545
-18922
-16763
-15729
-17779
-18235
-15830
-14173
-13799
-12002
-8482
-5476
-3548
-607
4251
7868
7751
7264
10060
13051
12909
12189
12532
11691
8860
6202
5485
4909
2343
-411
-2761
-5981
-7872
-7849
-8463
-9113
-9574
-11389
-12529
-11222
-9076
-7275
-5868
-4671
-3766
-2822
-842
1738
4093
6497
7567
6995
7632
9266
9497
9157
9534
9433
7804
5695
4428
3248
1264
-440
-1366
-2846
-5273
-7289
-8206
-8585
-8777
-8792
-8623
-8165
-7672
-6871
-4719
-1876
209
1910
3699
5312
6953
9097
11568
13068
13394
13980
14913
15439
15847
15935
15446
13225
7137
1321
871
749
-3508
-6935
-7915
-11666
-17264
-18437
-15733
-15396
-17582
-17309
-14827
-13718
-13560
-11452
-7576
-4662
-2935
172
4847
7369
6603
6919
10483
13169
12561
11681
11945
11054
8322
6340
6317
5305
2218
-381
-2932
-5974
-7000
-6816
-7637
-8404
-9546
-11689
-12301
-10666
-8594
-7054
-5902
-5161
-4755
-3536
-1018
1338
3645
6231
6715
5879
7060
9007
9237
9009
9565
9525
7663
5431
4564
3824
1979
341
-696
-2503
-5160
-7107
-7728
-7754
-7856
-8338
-8761
-8416
-7686
-6682
-4401
-1440
592
1803
3275
5273
7350
9509
11879
13304
13592
14191
15049
15789
16471
16490
15813
12955
6386
1540
2006
1294
-3343
-6436
-7992
-12612
-17661
-17632
-15046
-15878
-18494
-17913
-15538
-14960
-14796
-12046
-8023
-5668
-4063
-371
4331
5997
5211
6859
11043
12951
12023
11676
12148
11161
8740
7473
7606
6012
2879
455
-2402
-5226
-5755
-5915
-7221
-8346
-10040
-12214
-12347
-10452
-8624
-7569
-6739
-6259
-5841
-3976
-1093
1189
3728
6156
5918
5368
7580
9733
9675
9592
10417
9980
7600
5786
5630
4704
2396
697
-580
-2948
-5611
-7119
-7595
-7736
-8278
-9349
-9770
-9037
-8174
-6950
-4340
-1522
-57
939
2887
5354
7431
9848
12402
13285
13356
14240
15205
16130
16915
16439
15494
13030
6883
2347
2775
1858
-2661
-5693
-7287
-11521
-16303
-16652
-14285
-15035
-17759
-17333
-15164
-14883
-14856
-12165
-8389
-6183
-4618
-1410
2603
4319
4079
5724
9669
11804
10942
10203
10805
10468
8449
7507
7926
6243
3017
900
-1469
-3855
-4329
-4758
-6188
-7345
-8998
-10893
-10958
-9474
-8031
-7219
-6800
-6598
-6006
-4075
-1559
556
2915
4575
4083
4027
6401
8628
8923
8988
9712
9217
7107
5985
6408
5704
3519
1869
505
-1731
-4090
-5404
-5730
-5971
-6969
-8378
-8907
-8419
-7834
-7001
-4974
-2513
-1473
-882
1108
3401
5284
7665
9810
10844
11405
11969
12980
14435
15330
15141
14681
14514
12672
7207
2407
2590
2595
-1736
-5377
-6357
-9911
-15276
-15940
-13205
-13796
-16894
-16956
-15071
-15021
-15113
-12347
-8588
-6733
-5759
-3349
362
2709
2816
4192
8333
10630
9439
8809
9836
10088
9027
8305
8207
6639
3785
2055
373
-2013
-2828
-3098
-4817
-6401
-7510
-9103
-9875
-8916
-7515
-7150
-7366
-6835
-5823
-4664
-2773
-676
957
1919
1922
2445
4828
7050
7471
7547
8180
7881
6285
5811
6755
6327
4049
2136
1001
-663
-2592
-3662
-4104
-4970
-6455
-7655
-7791
-7350
-7312
-6861
-5164
-3415
-2432
-1364
537
2553
4101
6112
8601
9816
10187
11479
12997
13782
14323
14961
15181
14701
13871
11368
6264
2914
3359
2154
-2045
-4574
-6289
-10537
-14158
-13651
-12234
-13862
-16054
-15643
-14808
-15073
-14154
-11303
-8684
-7349
-6068
-3551
-471
1257
1873
3924
7219
8239
7224
7672
9256
9372
8303
7868
7617
5729
3545
2798
1363
-975
-1830
-2594
-4279
-5248
-6386
-8033
-8310
-7505
-6920
-6620
-6450
-6374
-6044
-4609
-2537
-1216
-24
1053
931
1492
3915
5649
5872
6103
6556
6390
5621
5619
6229
5323
3304
2158
1290
-95
-1323
-2331
-3431
-4461
-5301
-5978
-6047
-5795
-6149
-6203
-4868
-3496
-2835
-1577
234
1519
2631
4512
6650
7643
8369
9970
11049
11510
12482
13224
13441
13291
12414
12014
10815
5921
1951
3013
3041
-1226
-4348
-5318
-8626
-12721
-12677
-10593
-11825
-14989
-15494
-14263
-14140
-13669
-11003
-8566
-8122
-7598
-5167
-1580
704
1102
2353
5206
6768
6802
7610
9189
9805
8680
7503
7447
6617
5215
4784
3146
467
-249
-600
-2241
-3507
-4544
-6125
-7094
-6708
-5872
-5971
-6746
-6809
-6167
-5063
-3463
-2319
-1733
-1267
-1310
-751
1678
4063
4262
3536
3991
4770
4610
4800
5809
5544
3663
2396
2272
1717
195
-1054
-1573
-2135
-3146
-4113
-4432
-4336
-4657
-5038
-4308
-3240
-2985
-2765
-1522
107
1150
2391
4442
5859
6324
7421
9084
10328
10969
11434
11825
11738
11713
12091
12082
11735
10114
5406
1631
2500
2636
-1128
-3872
-4800
-8192
-12393
-12555
-10845
-12587
-15807
-15792
-14351
-14501
-14305
-12132
-10257
-9775
-8596
-5651
-2384
-595
-6
1659
4828
6755
6892
7587
8879
9401
9169
9096
9268
8278
6609
5840
4397
2108
1545
1248
-689
-2356
-3498
-5354
-6825
-6788
-6201
-6364
-6977
-7141
-7129
-7084
-6140
-4368
-2914
-2469
-2577
-2052
-351
1643
2829
3323
4009
4532
4227
4401
5603
5959
4808
3891
3759
2980
1404
626
562
-195
-1432
-2352
-3114
-3817
-4352
-4454
-3815
-3267
-3606
-3984
-3413
-2089
-593
1004
2686
3637
3960
5156
7336
9118
9919
10398
11141
11789
12175
12876
13250
12598
11864
10024
5881
3286
3953
2884
-1173
-3837
-5500
-9206
-12393
-12301
-12009
-14394
-16929
-16950
-16026
-16050
-15468
-13182
-11355
-10601
-8943
-5678
-2285
-563
168
2584
6012
7614
8215
9554
10944
11555
11276
10898
10857
9809
8390
7608
5550
2988
2191
1255
-887
-2492
-4037
-6065
-7313
-7702
-7910
-8209
-8668
-8909
-8774
-8463
-7620
-6109
-4696
-3893
-3236
-1901
-50
1527
2600
3539
4594
5404
5840
6373
6977
6948
6451
6005
5361
4457
3358
2128
1128
235
-1081
-2502
-3508
-4452
-5350
-5527
-5028
-4859
-5216
-5153
-4540
-3811
-2516
-596
786
1524
2924
4948
6708
8251
9633
10464
11092
11932
12710
13169
12939
12376
11915
11121
10383
9167
5157
855
386
1
-3729
-6815
-7887
-10657
-14393
-15201
-14057
-14908
-17163
-17227
-15799
-15484
-15001
-12503
-9850
-8514
-6956
-4069
-771
1539
2783
4586
7380
9322
10051
10834
11630
11954
11716
11066
10400
9165
7672
6696
4556
1526
300
-464
-2605
-4483
-5868
-7950
-9761
-9879
-8947
-8926
-9771
-9795
-9310
-8766
-7162
-4876
-3160
-2252
-1905
-1078
935
3150
4733
5667
6059
6276
6517
6985
7767
7995
7007
5647
4796
3996
2767
1684
818
-498
-2097
-3391
-4271
-4823
-5254
-5536
-5478
-5368
-5266
-4729
-3756
-2726
-1625
-219
1380
2761
3833
5157
6918
8503
9572
10437
11115
11412
11686
11986
11891
11269
10407
9577
8622
7481
6425
4166
-318
-3437
-3283
-4189
-7380
-9137
-10280
-13596
-16047
-14716
-12920
-14104
-15694
-14622
-13125
-12716
-10939
-7610
-5674
-5110
-3555
-479
2638
4342
5379
7065
8598
9109
9565
10326
10705
10431
9543
8385
7319
6050
4770
3523
1309
-1030
-2050
-3085
-4894
-6170
-7154
-8507
-9178
-8758
-8312
-8484
-8594
-7873
-6846
-5850
-4236
-2488
-1489
-812
74
1428
3254
4539
4878
5072
5522
5972
6226
6365
6305
5623
4372
3473
3325
2925
1671
348
-567
-1511
-2374
-2756
-3079
-3743
-4474
-4669
-4112
-3344
-2829
-2312
-1774
-1334
-523
979
2516
3402
4027
4950
6070
7037
7797
8378
8823
9006
8929
8882
8549
7847
7169
6559
5812
5030
4229
3183
2212
1384
-1008
-4695
-5765
-4752
-6261
-8943
-9319
-10000
-12382
-12746
-10601
-9896
-11496
-11853
-9938
-8602
-8157
-6352
-3981
-3314
-3046
-965
1950
3519
3860
4572
5758
6451
6795
7395
7754
7521
6999
6253
5375
4619
3827
3157
2034
-235
-1832
-1943
-2528
-3742
-4472
-5486
-6824
-7060
-6231
-5600
-5692
-5754
-5303
-4775
-3943
-2386
-910
-244
-107
267
1325
2604
3687
4352
4390
4338
4653
4867
4988
5265
5125
4298
3423
2921
2512
1804
1081
688
-59
-1317
-2317
-2783
-3074
-3381
-3510
-3485
-3633
-3832
-3441
-2484
-1546
-912
-350
322
969
1877
3228
4510
5283
5671
6095
6781
7490
8072
8532
8312
7439
6854
6716
6574
6168
5469
4511
3321
2210
1490
-219
-3457
-5130
-4729
-5844
-8265
-8850
-9152
-11165
-11958
-10277
-9338
-10355
-10705
-9347
-8050
-7358
-5816
-3658
-2825
-2582
-985
1318
2984
3742
4086
4821
5568
5791
6189
6602
6405
5885
5082
4199
3664
3109
2455
1477
-527
-2079
-2174
-2553
-3453
-3954
-4822
-6189
-6556
-5587
-4737
-4740
-4568
-3904
-3577
-3169
-1748
-8
945
1131
1449
2429
3538
4331
4973
5396
5257
4978
5067
5272
5269
4842
3844
2900
2385
1770
913
165
-603
-1681
-2758
-3353
-3690
-4447
-5061
-4921
-4870
-5084
-4675
-3891
-3313
-2695
-1772
-572
548
1433
2515
3775
4738
5585
6383
7050
7672
8153
8545
8870
8662
7945
7386
6925
6329
5672
4737
3453
2162
1212
608
-91
-823
-1617
-4048
-7184
-7397
-5982
-6661
-7946
-7936
-8786
-10442
-9810
-7260
-6152
-7053
-7248
-6072
-5214
-4251
-2252
-887
-1100
-1194
46
1915
2856
2695
2678
2999
3095
3327
3795
3739
3260
2841
2454
2149
1908
1625
1233
244
-937
-885
-403
-931
-1487
-1616
-2306
-2937
-2324
-1323
-1239
-1748
-1840
-1517
-1207
-559
360
673
385
248
571
1286
1971
2029
1621
1297
1303
1509
1688
1685
1417
748
3
-121
140
-50
-780
-1399
-1668
-1936
-2187
-2150
-2154
-2591
-2944
-2545
-1806
-1486
-1370
-938
-549
-256
409
1370
2114
2484
2966
3807
4486
4690
4979
5486
5749
5755
5773
5885
5823
5467
5204
5008
4595
3966
3363
2864
2267
1551
963
517
-38
-661
-1166
-1232
-1659
-3644
-5414
-4855
-4200
-5227
-5813
-5517
-6470
-7763
-6805
-5094
-5353
-6317
-5742
-4834
-4795
-4185
-2575
-1759
-2063
-1496
263
1448
1504
1484
2114
2759
2921
3331
3883
3506
2990
3301
3320
2651
2126
2029
1872
873
-335
-412
-349
-1064
-1501
-1686
-2371
-2925
-2779
-2405
-2341
-2471
-2414
-2325
-2119
-1391
-649
-351
-153
-167
-241
339
1256
1611
1417
1215
1231
1199
1147
1345
1386
851
114
-268
-325
-434
-696
-926
-1156
-1595
-1954
-1770
-1341
-1303
-1438
-1254
-951
-657
-179
460
887
1109
1579
2295
2730
3065
3705
4170
4356
4651
4903
4855
4735
4793
4814
4549
4128
3725
3313
2994
2838
2608
2124
1348
561
145
-16
-180
-410
-812
-1297
-1526
-1264
-694
-1097
-2733
-3333
-2580
-2586
-3060
-2740
-3061
-4483
-4783
-3707
-3291
-3948
-4212
-3975
-4164
-4165
-3231
-2651
-3108
-3145
-2369
-1585
-1026
-713
-600
-367
34
619
1344
1526
1374
1661
1971
1940
2099
2467
2544
1937
998
1004
1652
1563
1130
834
-65
-1058
-1060
-466
-400
-1051
-1744
-2187
-2457
-2246
-1547
-1305
-1664
-2026
-2204
-1881
-975
-287
-286
-470
-417
-177
191
711
1212
1272
854
680
940
1099
1069
1028
898
659
478
434
463
364
195
268
426
383
368
436
434
620
1040
1268
1149
1155
1620
2166
2391
2594
2776
2730
2828
3245
3583
3484
3203
3058
2922
2840
3017
3098
2772
2245
1802
1688
1591
1288
1125
890
246
-270
-259
-211
-379
-537
-508
-991
-2572
-3607
-3028
-2653
-3420
-3808
-3900
-4928
-5633
-4746
-3861
-4285
-4793
-4563
-4415
-4356
-3471
-2286
-2048
-2275
-1903
-1104
-311
351
728
967
1189
1354
1732
2124
2208
2345
2538
2215
1601
1467
1802
1809
1114
517
430
122
-302
-224
-366
-1160
-1599
-1407
-1414
-1685
-1663
-1535
-1658
-1636
-1310
-1075
-946
-845
-819
-609
-174
160
297
256
321
657
923
1058
1233
1215
947
842
1080
1342
1132
752
827
878
565
494
662
593
456
480
585
605
517
637
925
949
836
1027
1265
1269
1286
1416
1500
1500
1549
1593
1602
1536
1360
1317
1415
1353
1162
1066
1003
855
788
909
926
711
650
800
847
887
925
781
699
791
813
761
857
965
838
793
975
602
-538
-1232
-1088
-1252
-1894
-2205
-2653
-3815
-4523
-4174
-4058
-4598
-4900
-4978
-5258
-5244
-4568
-3795
-3538
-3431
-2921
-2214
-1477
-679
-76
314
751
1235
1835
2455
2687
2765
2954
2968
2821
2851
2877
2465
1746
1304
1211
1023
630
165
-434
-1102
-1575
-1792
-1696
-1728
-2174
-2358
-2092
-2008
-1804
-1021
-643
-937
-779
-142
294
821
1405
1364
1157
1508
2000
2200
2270
2147
1548
1033
1225
1340
784
240
-40
-662
-1126
-874
-829
-1416
-1809
-1693
-1728
-1763
-1280
-843
-811
-572
-150
60
479
1289
1788
1959
2299
2553
2551
2789
3300
3446
3345
3355
3149
2749
2723
2801
2403
1979
1800
1440
955
785
840
618
213
61
12
-276
-375
-124
-128
-290
-209
-126
-87
83
175
278
463
81
-754
-1053
-886
-992
-1326
-1570
-2095
-2907
-3209
-2924
-2990
-3542
-3824
-4006
-4307
-4109
-3537
-3331
-3403
-3296
-2915
-2390
-1810
-1265
-952
-797
-433
167
678
1112
1529
1720
1763
1874
2084
2318
2495
2357
1945
1659
1548
1453
1300
997
407
-205
-477
-554
-663
-817
-1105
-1656
-2062
-1961
-1701
-1595
-1542
-1587
-1750
-1634
-1100
-602
-418
-360
-272
-95
224
648
969
1059
964
988
1185
1318
1399
1373
1160
1009
1035
987
905
769
447
302
382
383
322
224
71
51
159
309
483
473
398
569
810
905
1007
1217
1460
1574
1600
1744
1902
1906
1927
2049
2105
2069
1990
1934
2012
2114
2003
1842
1753
1498
1261
1254
1181
869
602
482
322
157
84
-5
-283
-498
-656
-1126
-1646
-1815
-2009
-2405
-2652
-2831
-3211
-3635
-3799
-3756
-3850
-4118
-4320
-4345
-4170
-3856
-3561
-3304
-3055
-2832
-2421
-1790
-1223
-905
-692
-326
154
583
963
1264
1373
1417
1616
1827
1897
1930
1882
1620
1310
1229
1300
1212
1020
864
537
115
20
131
5
-174
-209
-391
-694
-668
-357
-261
-344
-371
-532
-718
-390
122
95
-85
-91
-226
-269
68
368
364
236
88
-48
-13
206
379
275
82
46
23
69
309
467
450
525
591
585
760
1049
1176
1245
1386
1478
1519
1680
1891
1919
1911
2002
1912
1677
1685
1761
1608
1428
1322
1108
891
873
818
580
404
342
191
20
-7
31
7
-47
-83
-97
-106
-80
54
133
105
70
77
146
180
89
57
41
-257
-580
-712
-943
-1353
-1567
-1703
-2156
-2626
-2798
-2960
-3246
-3327
-3306
-3497
-3604
-3416
-3170
-2933
-2670
-2437
-2240
-1896
-1403
-904
-467
-62
260
523
892
1318
1616
1791
1985
2094
2076
2117
2251
2187
1918
1751
1574
1308
1095
914
583
182
-100
-304
-422
-484
-740
-1158
-1301
-1251
-1271
-1147
-961
-1017
-1168
-1090
-804
-532
-394
-213
3
16
73
413
726
806
825
870
882
869
888
945
919
738
523
422
422
339
185
51
-68
-171
-192
-109
-130
-329
-316
-113
-42
63
245
284
229
391
738
872
808
879
1065
1103
1157
1423
1554
1498
1498
1557
1592
1590
1560
1517
1469
1383
1304
1295
1322
1279
1200
1129
1053
998
928
857
842
765
587
480
439
350
226
5
-329
-719
-1096
-1357
-1527
-1799
-2162
-2527
-2857
-3043
-3155
-3295
-3388
-3437
-3390
-3272
-3132
-2995
-2775
-2490
-2142
-1621
-1133
-820
-524
-179
213
710
1159
1392
1505
1609
1728
1954
2187
2155
1875
1596
1450
1349
1176
1022
814
368
-150
-456
-596
-744
-924
-1159
-1403
-1627
-1763
-1766
-1734
-1648
-1512
-1548
-1561
-1355
-1194
-979
-548
-351
-467
-318
-12
156
354
626
697
571
592
714
768
794
813
701
477
417
469
370
289
335
294
224
313
334
230
308
498
559
576
767
954
1003
1182
1489
1549
1487
1687
1869
1875
1953
2041
1964
1915
2010
2005
1851
1760
1661
1459
1330
1295
1124
879
807
782
647
499
487
476
369
348
400
323
267
370
416
360
356
332
187
29
-92
-295
-638
-900
-1024
-1272
-1644
-1892
-2118
-2448
-2658
-2707
-2849
-3080
-3182
-3215
-3255
-3181
-3046
-2955
-2881
-2667
-2313
-2015
-1786
-1505
-1289
-1084
-698
-310
-42
185
370
490
688
954
1087
1108
1108
1057
941
932
1017
893
617
455
345
156
18
-96
-284
-487
-583
-632
-799
-882
-836
-863
-904
-819
-726
-684
-581
-365
-178
-89
102
384
558
660
888
1061
1104
1194
1308
1336
1275
1270
1292
1220
1139
1138
1077
928
855
803
663
553
500
446
432
484
503
465
503
560
628
805
941
947
979
1148
1259
1362
1543
1608
1580
1613
1732
1787
1783
1736
1608
1459
1358
1292
1169
978
828
696
514
333
172
-30
-180
-251
-327
-381
-497
-618
-659
-610
-605
-673
-713
-757
-836
-929
-948
-1032
-1214
-1326
-1369
-1538
-1730
-1868
-2055
-2220
-2281
-2336
-2471
-2570
-2621
-2582
-2484
-2342
-2276
-2283
-2195
-1952
-1672
-1428
-1162
-1018
-922
-677
-321
-73
106
326
423
441
597
809
890
916
971
950
906
973
986
844
755
739
634
540
525
434
276
255
281
168
80
134
135
-31
-75
39
50
57
150
174
117
118
279
403
429
480
516
482
521
674
774
817
810
729
675
757
846
825
773
738
639
546
543
529
429
346
310
261
208
215
229
150
108
175
238
264
326
366
345
374
479
567
585
600
660
723
744
801
835
811
811
819
806
797
764
664
566
547
554
457
371
394
331
143
27
16
-53
-170
-226
-293
-429
-519
-533
-553
-645
-800
-942
-1108
-1258
-1363
-1460
-1538
-1659
-1807
-1937
-1993
-2039
-2057
-2033
-2064
-2102
-2085
-2031
-1954
-1795
-1621
-1514
-1456
-1309
-1072
-869
-659
-406
-278
-214
-14
213
425
641
786
860
904
980
1076
1136
1173
1192
1175
1102
998
948
925
859
786
666
504
396
333
280
198
129
5
-168
-247
-242
-250
-266
-244
-303
-389
-369
-259
-163
-71
17
2
-4
125
309
434
521
549
498
519
620
701
732
710
665
589
541
576
591
547
555
481
326
293
365
375
346
392
376
295
321
452
507
532
594
586
501
514
657
702
700
744
710
616
642
718
693
627
592
499
393
364
361
330
235
164
75
-23
-37
-63
-133
-151
-149
-247
-308
-253
-262
-338
-291
-245
-345
-450
-427
-432
-549
-646
-705
-830
-1022
-1117
-1150
-1286
-1463
-1541
-1647
-1791
-1808
-1800
-1855
-1918
-1916
-1886
-1866
-1778
-1635
-1564
-1468
-1305
-1174
-1046
-841
-650
-542
-357
-146
-23
108
289
415
488
619
755
830
895
985
1055
1057
1056
1063
1035
1022
1036
1015
941
860
794
748
724
672
573
455
360
270
191
147
134
70
-19
-32
-28
-28
4
44
46
30
59
90
112
178
253
336
414
417
405
465
531
558
588
608
575
531
556
585
611
610
547
487
429
440
490
478
440
401
369
381
447
505
523
523
499
492
533
558
596
616
552
483
475
481
454
371
260
132
26
-63
-115
-174
-288
-389
-485
-526
-532
-546
-562
-569
-604
-633
-600
-536
-459
-381
-319
-275
-238
-216
-182
-181
-191
-169
-165
-201
-275
-360
-469
-571
-606
-661
-803
-947
-1068
-1186
-1252
-1222
-1259
-1392
-1460
-1478
-1486
-1411
-1259
-1225
-1247
-1158
-1029
-919
-732
-523
-407
-294
-149
6
165
355
574
691
774
893
986
1063
1209
1342
1316
1252
1248
1243
1199
1172
1125
966
788
683
596
507
422
297
114
-11
-68
-152
-213
-254
-329
-395
-374
-348
-347
-315
-285
-263
-209
-149
-105
-50
-7
21
45
83
156
190
193
204
230
229
214
243
283
303
314
319
317
335
384
430
468
475
470
506
559
598
624
653
651
666
657
670
663
629
643
624
583
547
514
461
429
401
346
261
179
129
105
43
0
-66
-146
-160
-173
-193
-223
-241
-281
-309
-289
-299
-327
-347
-346
-355
-390
-417
-460
-487
-512
-527
-539
-589
-640
-693
-714
-714
-744
-789
-852
-889
-865
-820
-794
-764
-763
-773
-756
-678
-617
-572
-530
-511
-476
-413
-336
-288
-224
-188
-170
-131
-80
-34
1
44
72
86
106
163
211
228
255
295
317
287
261
284
300
302
317
321
275
237
263
258
222
220
199
167
131
103
99
120
131
79
52
52
43
73
102
114
115
133
195
248
295
366
416
405
447
542
607
645
725
776
773
838
905
938
951
958
970
949
902
901
900
860
811
745
664
578
502
433
359
282
189
80
-1
-43
-77
-118
-167
-190
-238
-274
-268
-271
-286
-301
-284
-264
-260
-237
-242
-253
-238
-246
-276
-332
-382
-439
-500
-527
-616
-725
-809
-881
-939
-972
-1042
-1140
-1203
-1239
-1231
-1241
-1216
-1182
-1157
-1113
-1019
-904
-861
-796
-704
-623
-537
-449
-369
-300
-248
-189
-126
-82
-22
-1
6
57
60
26
47
90
84
80
113
109
82
117
162
175
176
212
240
270
319
395
461
486
530
585
643
696
734
760
796
777
770
794
778
750
705
694
669
594
516
478
439
371
343
292
231
192
189
196
175
163
162
159
171
195
223
265
298
341
387
422
457
490
523
545
558
554
535
502
454
409
356
285
204
129
43
-81
-172
-268
-367
-445
-530
-609
-671
-701
-734
-764
-773
-765
-779
-786
-757
-739
-716
-681
-654
-631
-636
-609
-549
-520
-516
-520
-528
-557
-545
-501
-500
-532
-558
-575
-609
-572
-529
-549
-569
-572
-556
-537
-494
-455
-411
-372
-335
-294
-245
-152
-82
-27
23
86
124
176
285
350
380
402
446
481
486
510
538
505
490
514
503
476
461
456
417
398
409
388
339
349
350
322
375
421
414
395
406
467
489
510
536
499
485
501
527
543
528
513
452
403
403
381
342
306
248
163
127
95
70
20
-40
-72
-116
-143
-157
-178
-204
-211
-232
-255
-217
-199
-202
-189
-198
-198
-183
-145
-118
-115
-94
-85
-97
-96
-88
-83
-92
-106
-122
-142
-160
-166
-162
-178
-201
-228
-264
-285
-306
-306
-291
-318
-351
-370
-376
-379
-371
-355
-355
-370
-371
-339
-322
-306
-281
-258
-239
-222
-226
-204
-193
-148
-111
-118
-106
-104
-84
-43
-1
9
3
-7
12
14
41
101
118
102
110
127
144
176
207
220
189
193
213
225
237
255
249
235
263
234
216
211
206
178
133
116
95
94
94
80
64
56
57
74
86
108
127
132
141
141
155
187
211
202
194
218
216
204
191
177
156
137
152
142
109
78
92
83
56
39
16
7
2
8
4
-16
-22
-16
2
-5
-1
-2
4
13
-5
17
24
24
14
8
24
10
-2
12
-11
-39
-41
-45
-43
-47
-36
-34
-33
-35
-36
-28
-16
6
15
8
3
12
43
52
47
44
18
11
20
5
-1
-5
-39
-82
-116
-119
-142
-163
-193
-230
-268
-305
-299
-325
-352
-373
-371
-370
-382
-369
-348
-324
-276
-247
-221
-178
-129
-56
-2
62
117
159
204
251
276
307
328
348
345
322
316
288
273
249
206
147
89
47
-2
-36
-58
-84
-127
-147
-148
-166
-160
-142
-134
-135
-119
-84
-52
-9
14
19
45
94
121
137
136
136
117
116
128
111
121
102
73
51
39
46
46
20
-21
-36
-30
-8
-2
5
16
17
26
41
69
84
86
89
105
98
102
139
146
136
117
124
121
86
87
71
44
46
44
9
-21
-30
-37
-29
-46
-69
-85
-105
-108
-87
-89
-113
-93
-76
-89
-79
-57
-60
-59
-53
-47
-33
-31
-11
-11
-20
-29
-41
-47
-52
-70
-90
-121
-132
-150
-176
-163
-182
-222
-252
-257
-273
-269
-248
-264
-276
-275
-248
-218
-190
-150
-133
-105
-74
-21
11
44
88
106
121
163
190
196
208
189
172
157
145
141
116
77
56
24
-9
-17
-11
-37
-61
-60
-57
-61
-38
-20
-6
0
12
62
102
125
155
185
200
246
261
268
285
303
300
294
302
280
260
257
229
193
159
125
113
73
37
19
-9
-39
-40
-56
-74
-70
-79
-92
-96
-73
-66
-64
-61
-58
-55
-39
-33
-20
-24
-43
-31
-18
-28
-34
-40
-59
-40
-48
-78
-82
-82
-91
-100
-102
-112
-114
-121
-122
-111
-100
-95
-90
-85
-102
-86
-47
-36
-21
-7
1
13
19
35
45
53
48
46
25
3
20
4
2
-19
-66
-81
-90
-109
-117
-127
-147
-168
-172
-170
-163
-151
-129
-119
-112
-105
-69
-35
-30
-3
25
34
42
78
78
94
119
127
122
104
97
86
102
99
78
59
39
48
54
56
49
43
32
48
56
54
79
99
104
106
131
140
146
169
167
157
166
157
140
131
119
117
94
65
44
5
-16
-29
-49
-67
-97
-120
-125
-127
-126
-131
-132
-126
-133
-117
-104
-88
-75
-69
-55
-59
-42
-23
-12
-1
-20
-2
-1
-14
-7
-28
-31
-34
-32
-57
-78
-66
-66
-80
-80
-96
-108
-108
-98
-96
-106
-93
-72
-65
-71
-41
-36
-31
-7
-10
-12
-4
14
24
11
6
13
14
15
-3
-14
-23
-38
-44
-56
-65
-69
-85
-93
-98
-100
-101
-84
-72
-81
-63
-42
-34
-20
2
20
32
55
82
93
98
109
133
127
122
121
107
111
105
93
84
64
59
52
44
35
26
14
7
7
1
18
30
29
40
46
76
83
97
102
92
122
132
139
147
143
142
148
133
128
106
83
70
45
31
0
-11
-27
-60
-78
-84
-114
-118
-124
-155
-142
-147
-142
-131
-135
-132
-117
-105
-82
-65
-60
-52
-51
-49
-28
-11
10
14
0
15
8
17
34
33
22
-3
-9
-5
-6
-9
-3
-24
-45
-47
-53
-46
-50
-57
-73
-75
-71
-65
-37
-41
-40
-36
-43
-31
-20
-23
-16
-2
-16
-19
-7
-12
-4
-7
-23
-31
-35
-37
-31
-33
-39
-35
-21
-26
-19
-4
-9
-3
21
24
32
57
61
87
113
125
123
128
132
130
145
149
152
141
132
138
135
117
104
96
65
55
47
42
37
26
25
27
18
13
22
18
25
27
31
34
32
47
38
56
56
38
33
20
21
14
3
-14
-32
-44
-47
-50
-69
-88
-93
-102
-100
-97
-98
-116
-106
-89
-98
-74
-67
-65
-59
-45
-25
-22
-27
-18
-10
-16
2
-3
-21
-14
-14
-20
-36
-39
-59
-83
-75
-75
-90
-92
-94
-94
-101
-93
-89
-78
-86
-80
-64
-59
-34
-14
3
14
34
38
48
58
59
65
75
82
82
85
90
80
75
66
48
31
26
21
23
6
-3
1
-10
7
8
-7
2
3
9
22
38
52
70
82
96
106
117
134
142
139
136
142
146
152
144
144
126
114
102
76
67
42
25
12
-11
-32
-40
-50
-59
-65
-78
-79
-84
-78
-74
-70
-58
-60
-40
-23
-24
-6
16
16
20
20
17
22
16
9
-5
-14
-15
-32
-39
-53
-82
-91
-119
-124
-142
-153
-146
-169
-158
-155
-148
-131
-127
-119
-113
-92
-81
-58
-29
-17
6
24
41
50
72
68
62
79
60
71
63
64
53
37
36
17
13
6
-10
-15
-19
-20
-24
-19
-14
-6
6
-3
21
30
34
55
56
60
77
81
86
81
89
89
84
93
73
64
52
41
32
20
8
-2
-16
-30
-28
-36
-32
-42
-35
-42
-48
-28
-21
1
8
18
28
43
64
65
88
100
99
98
99
110
123
122
123
101
83
87
61
59
43
22
4
-19
-27
-37
-51
-66
-85
-104
-110
-112
-112
-108
-109
-97
-92
-89
-73
-61
-50
-42
-31
-11
-4
6
18
16
25
30
33
17
12
5
-4
-5
-8
-21
-34
-51
-56
-48
-55
-64
-74
-69
-80
-57
-48
-49
-31
-24
-21
-13
9
16
33
40
45
41
54
65
60
62
43
45
41
37
37
12
12
6
-2
-10
-25
-11
-17
-15
-8
-11
-9
-3
12
14
16
27
38
38
45
56
52
55
62
59
52
42
46
37
25
17
14
3
-8
-8
-27
-32
-41
-45
-57
-59
-55
-65
-52
-45
-55
-53
-47
-34
-33
-25
-20
-23
-6
11
7
11
10
11
14
17
21
11
10
6
-3
-6
-10
-18
-21
-34
-47
-50
-54
-65
-67
-70
-80
-73
-77
-77
-69
-69
-74
-65
-57
-54
-36
-29
-20
-21
-2
-11
-1
14
10
17
14
23
10
27
16
14
18
0
4
3
4
3
-7
-7
-5
-12
5
-3
2
11
10
20
20
24
28
38
44
53
50
61
61
65
65
62
67
58
63
54
48
55
54
55
52
43
38
45
40
39
36
24
38
30
34
48
40
36
37
23
12
13
8
2
-1
-13
-15
-19
-23
-33
-50
-57
-68
-67
-74
-76
-81
-75
-72
-80
-63
-64
-56
-48
-46
-48
-40
-24
-18
2
7
11
19
23
29
32
28
32
19
23
19
16
29
10
11
-3
-11
-14
-16
-21
-31
-34
-35
-37
-36
-33
-38
-29
-28
-33
-28
-16
-29
-20
-14
-23
-7
-7
-7
6
-1
-5
-9
-9
-20
-16
-17
-33
-18
-31
-26
-26
-38
-32
-34
-29
-30
-31
-25
-23
-13
2
11
12
23
27
34
49
39
44
54
55
64
63
64
63
58
50
40
36
18
20
17
2
3
-9
-20
-20
-35
-35
-25
-40
-35
-39
-37
-27
-20
-4
-10
0
9
10
33
27
39
46
42
52
48
55
52
57
55
42
39
25
23
20
15
2
-4
-9
-21
-17
-24
-23
-24
-29
-28
-27
-20
-17
-1
-1
1
16
21
33
42
48
51
54
53
56
60
67
66
65
49
47
46
30
38
26
13
11
4
4
-9
-5
-6
-14
-6
-13
-12
-11
5
-5
4
13
4
17
15
18
28
23
18
20
6
8
14
6
-6
-13
-26
-37
-36
-45
-45
-58
-60
-68
-72
-69
-70
-64
-72
-61
-62
-50
-41
-34
-12
-23
-7
-2
-3
15
24
27
29
41
30
33
39
39
36
29
22
14
13
12
13
-3
-3
-6
-14
-16
-19
-19
-18
-19
-18
-22
-12
-6
-2
4
6
2
9
13
12
31
22
28
24
22
29
25
38
23
26
18
14
24
19
25
11
14
13
12
24
13
17
21
18
18
23
23
28
35
30
34
32
35
32
34
32
28
27
15
22
14
9
12
1
-2
-9
-13
-24
-22
-26
-35
-34
-31
-33
-35
-31
-34
-35
-28
-38
-40
-34
-29
-30
-26
-24
-32
-30
-25
-39
-32
-35
-51
-49
-48
-55
-50
-52
-62
-57
-67
-64
-67
-65
-65
-61
-65
-54
-50
-38
-29
-27
-20
-14
-8
-6
6
11
21
18
28
32
33
37
41
33
32
35
16
20
23
21
15
13
7
4
8
2
-3
3
0
-12
-2
2
4
14
14
17
18
22
23
23
37
34
31
35
38
34
44
36
35
37
25
24
13
20
16
5
13
0
-2
-1
-2
0
-6
0
-13
-13
-8
3
4
-3
7
1
6
13
12
16
20
14
9
12
18
16
16
9
3
7
-4
2
-9
-5
-16
-23
-17
-29
-20
-17
-25
-23
-16
-27
-25
-12
-11
-8
-1
-3
0
10
18
15
19
24
20
19
16
21
17
19
11
9
7
-2
-5
-14
-15
-23
-24
-34
-36
-33
-36
-26
-36
-31
-32
-33
-28
-15
-8
-8
3
7
15
26
32
27
44
43
43
49
51
51
57
56
47
47
47
40
32
31
27
20
13
8
3
1
-1
-4
-13
-12
-19
-20
-16
-17
-16
-18
-16
-15
-21
-7
-11
-13
1
-14
-9
-4
-2
-3
0
3
-8
-3
6
-3
6
6
-2
3
2
3
7
9
11
9
9
22
9
20
21
15
22
21
19
15
24
21
20
22
16
12
8
10
0
0
2
-17
-9
-17
-17
-26
-19
-23
-39
-26
-40
-38
-30
-29
-35
-21
-22
-24
-14
-10
-5
-2
4
5
7
16
24
26
31
35
24
30
33
30
29
23
21
13
13
13
8
7
0
-11
-12
-14
-20
-20
-31
-20
-27
-29
-19
-29
-18
-16
-20
-19
-18
-16
-16
-5
-6
-4
-2
0
-1
-2
5
-3
-6
-2
-12
-13
-7
-7
-14
-8
-10
-21
-11
-15
-18
-14
-15
-18
-14
-2
-11
0
8
4
9
3
10
7
17
16
10
18
24
16
18
20
18
19
7
8
6
3
8
-1
5
9
-2
6
3
5
0
1
-2
6
7
6
17
15
26
21
21
25
22
17
27
17
19
28
18
21
22
15
9
10
3
-10
-10
-9
-13
-23
-12
-26
-20
-20
-31
-25
-30
-27
-38
-29
-20
-24
-16
-16
-17
-3
-10
-13
-2
-8
-4
-8
-2
3
-1
1
-7
-2
-5
-8
-16
-13
-16
-24
-19
-26
-19
-22
-28
-22
-24
-22
-24
-23
-21
-22
-14
-17
-12
-1
-1
1
6
2
-1
6
6
10
-1
7
7
8
10
2
1
-3
-3
-15
-8
-12
-21
-10
-16
-10
-6
-15
-10
-7
-4
-9
-10
5
0
9
14
12
29
24
21
19
32
28
24
27
25
29
30
32
21
25
22
9
18
17
4
7
8
4
6
6
1
-1
10
0
-2
3
2
-6
6
9
-5
8
-1
4
9
6
1
-7
6
-3
-6
4
-4
-6
-3
-7
-1
0
-8
-5
-9
-7
-2
-9
-1
2
-2
2
4
7
2
-1
-1
0
3
6
-4
2
7
1
5
-1
-8
-12
-3
-7
-5
-5
-15
-3
-2
-7
-7
-10
-10
-7
-9
-10
-2
1
-3
2
4
-6
3
-3
-2
5
-3
-1
2
14
-2
4
6
3
5
-2
-3
6
12
5
7
6
12
10
9
10
9
12
8
11
13
12
12
12
11
7
7
-2
5
9
-2
-3
-7
-6
-12
-3
-10
-15
-3
-15
-12
-5
-13
-11
-4
-14
-5
-3
-3
8
8
8
15
11
9
15
12
21
23
16
17
21
26
24
17
18
12
4
7
4
0
12
-2
-5
7
0
-10
-8
-10
-19
-10
-12
-14
-6
0
-7
-4
8
-6
-10
-3
-2
5
2
4
0
4
13
4
3
6
-10
-5
-1
-7
-4
-12
-10
-10
-7
-16
-15
-11
-17
-13
-17
-12
-9
-18
-5
-11
0
-3
-6
-3
0
4
-1
5
-4
2
-5
1
4
4
-4
-2
0
-4
-2
-11
-17
-3
-11
-6
-3
-4
3
2
4
2
7
-1
8
10
13
25
21
29
28
24
32
27
20
24
15
23
27
12
27
10
17
10
-2
7
-7
-5
-11
-5
-1
-8
-7
-7
-3
-2
-5
-16
6
-4
-1
8
4
19
9
15
9
18
18
6
16
19
15
10
11
3
12
4
-4
-4
-2
-2
-13
-5
-15
-12
-19
-17
-16
-19
-14
-15
-17
-3
-12
-14
-9
-10
-5
-9
1
-9
1
4
-3
-1
3
-6
-8
-6
-14
-11
-5
-9
-12
-16
-15
-10
-21
-17
-26
-26
-12
-20
-19
-13
-10
-10
-6
-8
-8
-7
-7
4
8
8
8
3
15
21
5
13
7
14
12
13
11
13
19
7
8
9
7
9
7
5
11
4
12
7
8
4
10
10
6
12
1
8
15
15
4
6
3
1
9
7
-5
1
0
-1
2
-2
-5
-11
-3
-9
-12
-7
-7
-6
-3
-5
-8
-5
0
-9
-3
4
-2
7
4
5
5
11
8
7
5
3
5
7
10
-1
4
-3
-2
-2
-11
-10
-16
-9
-20
-15
-14
-25
-12
-22
-23
-19
-26
-20
-18
-16
-18
-11
-13
-9
-9
-12
-3
-5
-3
-1
-2
4
4
-5
-4
2
-3
-6
-2
-7
0
-5
-8
-9
-7
-13
-17
-11
-16
-13
-12
-12
-5
-4
-16
-4
-12
-7
-6
-15
-2
-4
2
0
-4
8
1
-3
-1
-4
-6
0
-4
-6
1
-1
-4
1
-2
-11
-2
-6
-7
-4
-9
-6
3
0
-2
-2
0
5
-1
3
-2
0
2
-2
-1
6
-4
3
-1
-2
0
-9
-4
-7
-8
-16
-12
-7
-9
-7
-8
-15
-1
-9
-13
-5
-16
-3
-7
-8
-2
1
0
6
2
-1
4
-3
3
3
1
1
7
3
2
5
-3
2
-1
-2
-6
-3
0
-4
9
-3
-7
0
-3
1
-5
3
-4
5
7
-3
10
4
5
2
0
6
0
6
5
1
10
3
-1
4
-2
-1
-7
-2
-5
-7
-4
-7
3
-6
1
-11
-3
2
-5
1
-2
2
-1
8
1
11
13
1
14
6
12
8
4
8
7
7
6
6
12
5
8
8
0
3
0
-9
3
2
-7
6
1
7
6
5
3
0
8
-6
3
11
0
17
6
12
14
10
11
6
6
3
8
3
12
6
12
10
11
9
3
10
2
10
7
7
12
14
16
15
18
14
16
19
19
19
17
24
19
27
22
16
23
20
17
17
13
14
16
10
12
5
6
5
3
6
0
1
-2
0
1
0
4
-2
5
-1
3
7
7
12
5
11
8
10
14
19
8
17
13
11
18
10
5
8
14
-2
7
0
0
11
-2
-2
-9
-7
-13
-8
-4
-11
-5
-8
-9
1
2
-9
2
-6
-7
2
-1
0
15
9
8
14
5
9
14
9
3
12
2
14
10
8
19
10
11
0
3
2
6
5
2
9
5
1
10
10
10
7
-3
5
5
12
0
9
12
8
12
-2
8
9
10
5
1
-1
1
4
-2
9
-1
-1
2
-8
3
4
-8
2
-2
-5
5
-7
6
11
7
5
-4
6
8
7
5
0
13
6
10
4
8
18
3
4
-1
-3
2
-2
1
-2
1
-7
-4
-2
0
-11
-8
-9
-11
-1
-15
-3
-1
-1
0
-9
-8
-2
-1
2
-5
-3
-3
0
3
-3
1
0
-2
-9
-2
-6
-4
1
-9
-7
-6
-10
-11
-9
-7
-11
-11
-11
-13
-8
-8
-9
-9
-7
-10
-13
-5
-8
-1
-3
-4
-6
-10
-1
-5
-5
-6
-10
-5
-8
-7
-8
-4
-8
-11
-13
-12
-7
-17
-13
-7
-8
