SAMPLES:	14253
BITSPERSAMPLE:	16
CHANNELS:	1
SAMPLERATE:	16000
NORMALIZED:	FALSE
2
0
4
10
7
0
0
15
14
7
7
17
14
2
0
6
7
2
-1
6
8
-3
-5
2
0
3
2
-11
-8
-2
7
1
-7
-9
-8
8
9
-3
5
6
12
9
-3
0
5
6
11
11
8
3
-3
2
9
6
-1
-3
-6
-13
-7
-6
-7
-9
6
8
1
3
-7
-10
-14
-2
-9
-7
3
-4
6
-7
3
0
-4
-7
-12
6
3
-6
-10
-7
4
-3
-14
-8
-13
-5
0
-11
-14
-2
-3
-9
-2
0
-6
-13
-5
-17
-17
-6
-9
-2
7
-4
2
15
13
9
2
5
1
3
1
2
14
10
10
6
12
13
2
5
4
1
-2
-3
-2
-6
-6
-15
-4
6
-5
4
7
2
2
9
-6
-7
2
10
16
11
2
4
4
-4
18
7
10
13
-1
2
-9
0
0
7
-1
-7
-7
-4
5
-3
12
10
9
-6
1
0
3
8
3
8
1
7
9
0
5
7
-1
2
-11
-8
-11
-11
4
3
-10
-5
-3
6
-6
-14
2
-4
1
-8
6
1
5
13
2
16
11
7
-11
-6
0
-3
6
-9
5
-10
-1
11
-10
-4
-7
6
0
-3
-12
1
-6
-9
1
-3
5
-16
-5
4
-1
8
-1
-7
-1
-1
-1
-12
-14
-8
-14
-6
6
1
-1
-3
-14
-4
-3
0
-3
-11
-18
-24
-23
-17
-14
-14
-11
-13
-16
-23
-16
-19
-18
-19
-11
-13
-11
-8
-11
-6
-14
-3
-7
-15
-5
4
10
10
11
6
-2
1
3
3
-6
-2
1
-5
9
2
4
11
13
5
-5
-1
1
4
14
1
-3
11
10
9
13
12
9
7
9
22
15
4
8
16
10
16
4
-3
9
6
10
11
-5
-12
11
12
6
3
-1
-1
-3
3
7
4
1
-3
-1
3
4
-8
0
6
3
9
2
5
-4
6
-2
7
13
-3
3
4
8
5
22
21
11
12
3
7
8
22
15
1
19
13
11
12
7
0
1
-4
12
12
7
-3
2
-1
3
-3
-12
4
-14
-4
9
5
8
0
-10
-9
3
1
-2
-1
4
6
-2
0
-1
-8
-10
-9
-4
5
7
-5
-12
1
3
-8
-3
-6
-16
-12
10
15
1
3
8
4
10
9
3
6
-5
3
5
6
11
13
6
6
14
14
13
10
18
12
15
17
9
10
2
8
13
12
12
7
13
12
14
13
-2
-5
5
4
0
2
3
0
-2
0
5
12
7
11
14
5
-5
1
0
-1
-9
-2
3
4
1
0
4
-5
-4
-7
-3
-2
-10
-11
-6
-8
-1
-4
-4
3
-7
-14
-16
-8
-4
-8
-1
-8
-2
-8
-4
-11
-6
-8
1
6
-3
-6
-9
-3
-2
12
2
4
4
3
3
0
0
-11
2
1
6
5
11
8
-8
-3
3
-4
-9
-11
-1
11
8
9
5
5
7
-2
2
3
8
6
-5
-8
-4
-5
3
12
0
11
-5
-16
-4
-5
-5
-11
-2
2
-13
-11
-15
-14
-6
-5
-14
3
0
-6
2
-6
6
6
-7
-8
3
-2
6
7
14
14
11
3
3
15
16
12
3
4
7
6
1
-6
-3
6
-2
0
7
2
5
2
6
16
5
6
0
3
3
-4
0
3
5
14
11
-11
-3
-8
-12
-9
-12
-12
-19
-13
-1
-14
-27
-23
-8
-7
-17
-13
-9
-6
-18
-14
1
-2
-9
-9
2
0
7
3
-1
12
9
11
15
12
13
19
26
3
8
18
8
9
5
3
5
12
8
-2
7
9
2
0
-4
-8
-2
1
-6
-1
7
18
5
0
4
7
2
-9
-8
-3
-8
-12
-17
-16
-9
-17
-21
-14
-14
-16
-10
-17
-17
-11
-12
-10
-19
-15
-2
4
2
-6
-1
15
6
3
15
-2
-3
5
9
6
-5
-3
-4
-4
3
8
6
9
11
-2
-6
0
6
17
8
-1
13
8
25
20
24
32
14
21
20
9
13
11
5
10
11
10
6
0
3
-4
-13
-8
-20
-11
-6
-5
-7
-10
-2
-16
-25
-5
-10
-3
12
-3
1
5
8
-11
-4
0
-1
-11
-9
-9
-22
-21
-26
-21
-22
-20
-22
-31
-35
-47
-46
-45
-53
-47
-55
-43
-47
-46
-36
-47
-43
-37
-37
-23
-30
-28
-24
-25
-18
-11
-7
-4
0
3
7
8
11
10
4
7
11
19
8
7
10
-10
-7
-13
-11
-7
-5
-3
-13
-1
8
2
-3
2
-2
2
1
2
13
13
18
32
39
48
45
35
41
33
36
44
43
37
43
46
46
36
36
29
46
45
33
40
39
41
51
46
44
51
44
47
44
49
50
52
58
63
61
48
49
50
47
41
36
38
30
16
13
7
5
-8
-16
-18
-24
-45
-55
-51
-67
-76
-84
-88
-103
-115
-118
-129
-134
-146
-150
-142
-144
-136
-144
-147
-147
-148
-137
-144
-134
-118
-107
-102
-89
-75
-69
-53
-44
-22
-11
7
9
26
46
50
78
90
88
89
105
106
113
102
107
102
98
101
95
92
83
84
84
91
88
97
96
111
118
134
132
150
172
186
220
216
221
235
252
253
255
259
253
250
240
217
212
194
167
150
109
93
76
58
33
-1
-14
-20
-24
-37
-35
-34
-14
-7
0
21
35
58
77
93
102
111
119
118
108
86
64
17
-30
-70
-130
-193
-276
-350
-422
-510
-585
-659
-741
-798
-854
-899
-917
-942
-944
-939
-907
-878
-838
-772
-721
-642
-571
-499
-411
-339
-252
-172
-94
-19
56
123
178
227
271
302
340
367
387
399
408
411
399
408
397
393
372
371
358
345
345
333
332
325
329
328
329
341
348
350
353
352
361
359
363
373
370
348
335
298
276
257
225
198
155
125
82
51
4
-42
-75
-105
-136
-154
-166
-178
-181
-170
-180
-181
-166
-150
-136
-132
-111
-94
-74
-46
-22
-13
13
40
49
75
101
109
121
149
158
172
193
195
195
204
211
219
214
207
204
198
193
179
164
151
145
134
116
105
94
97
74
61
52
53
44
48
49
47
50
53
75
92
122
130
160
189
202
234
260
274
301
318
322
350
348
336
328
299
272
218
146
73
-26
-123
-221
-322
-435
-555
-664
-785
-886
-982
-1071
-1131
-1201
-1254
-1284
-1310
-1309
-1295
-1262
-1224
-1163
-1101
-1027
-941
-864
-764
-677
-568
-477
-387
-290
-208
-119
-51
18
84
141
187
225
267
310
349
368
395
423
436
464
466
487
515
529
555
558
579
607
624
637
656
667
671
684
684
676
674
667
641
623
588
545
505
439
391
330
261
191
125
53
-24
-96
-167
-221
-278
-324
-364
-387
-408
-432
-438
-419
-395
-360
-335
-288
-232
-192
-125
-64
0
62
135
186
233
274
324
369
368
389
416
433
428
429
436
415
401
376
363
344
314
303
271
272
259
220
216
197
175
167
147
134
136
115
108
96
70
62
43
21
6
-4
-16
-25
-29
-35
-29
-9
5
23
44
71
120
159
218
270
313
354
390
433
461
492
504
488
467
429
365
287
201
82
-46
-163
-322
-473
-625
-787
-948
-1113
-1239
-1376
-1496
-1586
-1658
-1714
-1752
-1764
-1747
-1715
-1681
-1616
-1539
-1442
-1340
-1224
-1107
-989
-867
-757
-641
-529
-408
-305
-202
-118
-27
69
148
217
284
360
422
485
557
616
668
711
767
811
868
915
954
983
1021
1056
1081
1101
1101
1097
1081
1061
1030
995
943
877
797
721
617
496
403
295
158
44
-74
-194
-291
-409
-508
-594
-666
-707
-753
-760
-767
-752
-720
-686
-613
-528
-426
-331
-209
-109
-3
120
216
317
400
483
557
614
676
700
731
764
763
762
746
729
707
678
642
615
574
528
505
459
420
381
355
323
296
254
214
187
150
121
93
57
13
-9
-33
-55
-85
-104
-112
-126
-125
-113
-95
-67
-30
1
37
89
152
210
277
346
403
471
511
541
556
559
544
487
418
341
232
104
-39
-208
-357
-520
-705
-881
-1058
-1221
-1370
-1507
-1624
-1728
-1803
-1870
-1908
-1924
-1918
-1902
-1876
-1823
-1765
-1677
-1588
-1492
-1383
-1278
-1171
-1075
-949
-838
-731
-614
-498
-388
-278
-152
-51
69
178
269
384
491
598
700
800
904
989
1083
1149
1207
1272
1323
1374
1404
1420
1408
1409
1379
1332
1280
1194
1111
1000
875
746
613
479
332
182
48
-88
-227
-330
-435
-516
-580
-635
-661
-671
-652
-622
-567
-502
-402
-301
-206
-89
32
153
262
373
493
600
672
750
819
871
908
933
957
961
945
932
921
878
850
813
766
724
669
632
586
518
477
427
361
308
263
211
162
114
76
33
-30
-59
-94
-127
-142
-151
-165
-167
-142
-136
-106
-62
-12
40
77
152
207
277
343
395
438
461
464
442
408
343
264
143
15
-123
-296
-479
-668
-854
-1053
-1245
-1431
-1605
-1751
-1891
-2011
-2088
-2161
-2213
-2224
-2221
-2205
-2161
-2097
-2022
-1910
-1805
-1705
-1579
-1467
-1347
-1227
-1102
-993
-881
-754
-638
-508
-385
-266
-130
-6
122
248
375
495
608
743
854
959
1051
1145
1228
1290
1353
1391
1417
1417
1398
1366
1323
1260
1188
1102
1011
917
816
712
611
507
415
335
247
180
119
75
35
15
16
-4
-1
18
25
47
85
121
157
209
254
307
379
431
496
556
606
676
741
784
823
862
892
910
937
955
944
932
924
895
868
830
795
754
695
658
586
518
439
373
290
205
129
50
0
-62
-91
-119
-148
-149
-141
-132
-113
-91
-53
-7
40
100
156
235
312
370
428
475
494
460
426
353
257
150
12
-148
-328
-520
-737
-962
-1202
-1428
-1653
-1870
-2056
-2227
-2364
-2475
-2563
-2615
-2637
-2655
-2633
-2563
-2489
-2393
-2262
-2138
-1982
-1826
-1676
-1517
-1371
-1210
-1053
-903
-763
-621
-492
-360
-216
-88
58
198
319
465
597
737
857
975
1096
1196
1280
1351
1407
1447
1469
1452
1427
1395
1308
1225
1129
1022
931
823
747
656
585
536
487
448
429
411
398
392
390
414
410
427
446
448
468
461
449
463
440
421
415
414
401
413
419
446
485
521
570
605
648
681
726
752
792
813
823
829
833
841
820
804
788
745
705
659
611
564
495
470
415
372
334
303
308
293
277
274
279
266
273
270
249
261
280
319
365
424
488
539
581
588
545
504
428
312
199
59
-67
-214
-404
-615
-891
-1220
-1566
-1931
-2327
-2710
-3020
-3261
-3425
-3505
-3512
-3468
-3406
-3297
-3194
-3078
-2958
-2845
-2712
-2541
-2307
-2041
-1734
-1424
-1088
-746
-430
-145
94
295
458
606
749
874
982
1094
1171
1237
1305
1357
1389
1386
1359
1332
1293
1223
1130
1006
865
731
580
436
286
132
10
-87
-124
-157
-171
-175
-151
-94
-35
27
56
71
102
153
196
240
259
213
310
547
742
865
989
1164
1332
1481
1583
1600
1561
1525
1475
1412
1332
1233
1129
1074
1054
1027
1002
985
942
918
941
946
917
892
914
970
1024
1050
1038
1012
1013
1068
1078
999
898
817
840
886
861
789
688
660
685
698
670
615
577
631
780
940
1029
1040
1070
1091
1035
802
321
-316
-990
-1653
-2310
-3055
-3857
-4546
-5013
-5303
-5520
-5730
-5898
-5904
-5718
-5395
-5076
-4785
-4446
-3954
-3264
-2510
-1820
-1210
-636
-8
684
1291
1700
1893
2001
2129
2275
2324
2201
1968
1690
1510
1428
1301
1079
779
543
428
346
229
41
-203
-399
-470
-509
-587
-708
-813
-813
-720
-623
-586
-596
-608
-535
-407
-289
-224
-211
-136
54
295
506
672
772
902
1068
1194
1250
1201
1072
946
882
843
771
621
443
344
363
445
464
419
380
385
490
628
750
865
986
1179
1449
1758
2069
2336
2538
2701
2861
2985
3039
3013
2899
2739
2604
2478
2327
2141
1911
1667
1474
1295
1091
864
618
407
260
160
56
-50
-146
-138
4
190
345
433
522
650
770
746
465
-127
-821
-1360
-1832
-2459
-3295
-4143
-4806
-5133
-5216
-5358
-5710
-6128
-6306
-6109
-5742
-5505
-5379
-5205
-4774
-3980
-2993
-2142
-1571
-1068
-424
362
1043
1485
1721
1845
2046
2382
2654
2646
2450
2303
2240
2207
2019
1662
1307
1026
905
802
527
54
-344
-517
-571
-678
-947
-1243
-1427
-1352
-1085
-889
-940
-1115
-1145
-931
-656
-479
-456
-514
-420
-63
424
761
872
861
895
1033
1209
1287
1175
953
821
891
1025
1064
994
838
732
771
833
814
705
628
680
811
936
999
1060
1163
1322
1533
1719
1816
1941
2158
2398
2610
2715
2709
2631
2609
2670
2692
2535
2241
2030
1981
2019
2036
1866
1527
1196
1073
1087
998
743
430
215
151
335
650
836
861
875
1032
1300
1512
1473
957
78
-753
-1215
-1579
-2380
-3555
-4632
-5306
-5573
-5685
-6074
-6854
-7548
-7675
-7334
-7044
-7005
-6931
-6585
-5855
-4775
-3648
-2833
-2285
-1585
-577
451
1209
1720
2101
2502
3032
3594
3878
3722
3448
3412
3446
3243
2786
2200
1771
1594
1458
1096
428
-293
-687
-801
-1028
-1490
-2008
-2341
-2298
-1972
-1685
-1660
-1807
-1791
-1470
-1054
-823
-781
-749
-557
-150
381
812
1050
1197
1368
1599
1760
1781
1746
1621
1460
1374
1329
1265
1129
947
759
622
495
355
236
110
1
-25
30
93
183
321
507
740
1011
1357
1725
2016
2250
2536
2880
3160
3317
3374
3402
3463
3536
3586
3496
3238
3009
2897
2728
2397
2003
1619
1263
923
609
328
20
-259
-334
-170
29
164
364
607
857
1131
1244
846
-32
-810
-1155
-1502
-2454
-3726
-4660
-5088
-5124
-5103
-5631
-6680
-7377
-7186
-6712
-6661
-6925
-6966
-6501
-5598
-4380
-3300
-2681
-2235
-1459
-433
427
1088
1678
2121
2396
2808
3397
3765
3704
3458
3177
2848
2584
2475
2273
1862
1472
1215
961
617
205
-255
-825
-1472
-1939
-2107
-2146
-2145
-2124
-2119
-2080
-1941
-1702
-1493
-1494
-1546
-1374
-999
-543
-85
336
672
970
1307
1616
1728
1704
1704
1709
1681
1636
1579
1447
1237
980
669
377
94
-153
-289
-372
-419
-381
-292
-216
-88
53
201
384
608
900
1326
1794
2155
2452
2729
3039
3347
3520
3587
3640
3681
3777
3898
3939
3794
3554
3321
3025
2699
2331
1965
1602
1139
760
605
472
245
178
286
387
516
811
1222
1461
1465
1232
607
-337
-1096
-1489
-2312
-3822
-5056
-5502
-5565
-5653
-5986
-6818
-7741
-7966
-7461
-7132
-7529
-7846
-7336
-6246
-5041
-3796
-2831
-2357
-1738
-673
443
1191
1677
2198
2656
3077
3747
4458
4532
3985
3446
3135
2929
2773
2429
1734
1098
852
894
698
-1
-926
-1680
-2106
-2318
-2430
-2652
-2896
-2811
-2417
-1980
-1710
-1710
-1765
-1623
-1327
-955
-532
-149
250
788
1348
1805
2098
2214
2206
2145
2060
2068
2102
1934
1635
1381
1146
899
602
127
-383
-742
-854
-846
-892
-954
-941
-800
-655
-445
-189
32
345
767
1260
1813
2386
2853
3144
3350
3605
3907
4127
4098
4037
4119
4219
4266
4143
3784
3358
3021
2789
2460
1915
1415
1213
1028
718
660
822
854
793
970
1345
1650
1807
1662
920
-279
-1127
-1458
-2357
-4143
-5581
-6049
-6222
-6391
-6603
-7311
-8236
-8484
-7968
-7668
-8072
-8185
-7345
-6209
-5138
-3762
-2438
-1720
-1008
193
1331
1991
2482
3073
3491
3757
4278
4834
4656
3905
3428
3190
2725
2134
1541
861
331
133
-54
-546
-1245
-1849
-2230
-2649
-3148
-3411
-3395
-3255
-2911
-2488
-2155
-1777
-1366
-1037
-800
-598
-323
157
694
1179
1675
2148
2544
2841
2901
2678
2468
2282
2050
1837
1531
1127
821
594
229
-274
-749
-1105
-1319
-1429
-1458
-1390
-1282
-1088
-718
-388
-146
231
753
1236
1747
2405
3058
3574
3981
4278
4533
4743
4794
4752
4630
4440
4316
4172
3795
3363
2963
2545
2193
1805
1348
1101
1056
763
208
-66
118
395
647
919
1246
1487
1640
1567
526
-1420
-3012
-3741
-4722
-6026
-6689
-6819
-6928
-6813
-6469
-6617
-7339
-7729
-7426
-7110
-6733
-5545
-3880
-2794
-1881
-359
1083
1827
2191
2404
2479
2757
3431
3988
3794
3133
2756
2444
1548
245
-968
-2061
-2832
-3034
-3055
-3097
-3020
-2952
-3041
-3147
-3078
-2809
-2443
-1971
-1207
-87
1276
2644
3582
3881
4006
4229
4274
4214
4094
3636
3038
2694
2353
1622
537
-604
-1742
-2777
-3352
-3534
-3897
-4384
-4359
-4045
-3832
-3473
-2899
-2371
-1689
-484
1042
2264
2977
3542
4070
4384
4672
5019
5092
4848
4765
4894
4793
4314
3556
2664
1817
1274
1128
1078
767
427
350
316
269
292
134
-110
105
859
1767
2462
2728
2670
2528
2354
2302
2515
2847
3305
4091
5035
5628
5431
4221
1804
-1944
-6029
-8733
-10033
-11017
-11541
-11309
-10754
-9741
-8041
-6618
-6379
-6439
-5112
-2297
815
3573
5704
6565
6262
5898
5522
4428
2784
1300
258
-517
-1317
-2454
-4329
-6965
-9327
-10372
-10264
-9568
-8335
-6590
-4394
-1679
1059
3067
4342
5434
6773
8442
9909
10436
9854
8547
7001
5335
3296
843
-1640
-3759
-5189
-5756
-6177
-6998
-7781
-8201
-7992
-6809
-4955
-3081
-1330
581
2866
5078
6597
7241
7011
6160
5523
5414
4678
2730
261
-2171
-4221
-5472
-6123
-6695
-7067
-6512
-4701
-2282
-86
1619
2922
4063
5600
7580
9206
9908
9795
9246
8516
7545
5956
3634
1031
-1213
-2570
-3129
-3594
-4251
-4674
-4590
-4035
-2943
-1578
-317
1015
2651
4447
6176
7264
7407
7231
7344
7760
8244
8536
8337
7364
5614
3334
-401
-6480
-12807
-16675
-18410
-19052
-18220
-16368
-14510
-12033
-8262
-4572
-2518
-1226
1171
4795
8628
11923
13813
13327
10722
7504
4809
2286
-818
-4180
-6718
-8147
-9157
-10140
-11204
-12638
-13891
-13306
-10538
-6964
-3363
286
3887
7229
9736
10978
11380
11086
10083
9255
8632
6955
4055
845
-2191
-4944
-7252
-8883
-9687
-9722
-8644
-6339
-3875
-1956
-318
1152
2579
4269
5824
6799
7279
7255
6595
5269
3250
566
-2345
-4929
-6574
-7050
-6949
-6772
-6300
-5436
-4408
-3018
-1130
757
2503
4475
6575
8347
9279
9123
8157
6733
5120
3831
2974
2109
1211
464
-83
-525
-1144
-1895
-2337
-2417
-2051
-975
441
1633
2637
3487
4126
4752
5266
5522
5673
5890
6040
5829
5167
4229
3372
2695
2224
2045
1945
1352
181
-1462
-4887
-10195
-14581
-16308
-16592
-15873
-13318
-9783
-6461
-2729
1678
4736
5097
4711
5648
7226
8394
9088
8754
6342
2271
-1666
-4519
-7208
-10364
-12540
-12663
-11720
-10569
-8910
-7255
-6632
-6142
-4067
-839
2063
4596
7134
9382
10883
11055
9876
8119
5779
2853
548
-1023
-3108
-5563
-7121
-7729
-8010
-7857
-7043
-5819
-4236
-1887
1082
3898
6041
7285
7615
7659
7588
6577
4764
3121
1384
-876
-2692
-3841
-5462
-7217
-7854
-7721
-7165
-5757
-4006
-2458
-840
844
2255
3567
4707
5095
5094
5419
5720
5520
5104
4477
3443
2361
1822
1665
1359
1031
918
978
1121
1287
1246
823
463
380
496
1076
1803
2315
3287
4735
5643
6203
6962
7145
6459
5911
5740
5415
4791
4039
3333
2338
785
-905
-2965
-6861
-12760
-17359
-18363
-17864
-16702
-13508
-9238
-5336
-977
4513
8791
9440
8219
8048
8512
8249
7650
6387
3098
-1642
-5936
-8705
-10553
-13026
-15300
-15154
-13018
-10225
-6847
-3518
-1374
-212
1463
4339
6958
8217
8752
9130
9314
8586
6499
4082
1499
-2175
-5444
-6867
-7910
-9067
-9123
-8052
-6203
-3797
-1401
1017
3043
4387
5857
7363
8275
8318
7312
5900
4303
1651
-1365
-3717
-6037
-7803
-8128
-7962
-7374
-6130
-5279
-4117
-2030
-477
560
2047
3555
4307
4827
5551
5280
3966
2782
1883
1239
1192
1491
1644
1938
2328
2533
2967
3264
2701
1737
1002
642
360
34
-98
-489
-1023
-560
389
1281
3134
5215
6636
8458
10295
10678
10096
9164
7436
5420
4019
3000
1983
1109
30
-1374
-3173
-7113
-13752
-18846
-19798
-19656
-18366
-13534
-7609
-2626
3269
9951
13772
13237
10982
9356
7945
6158
4526
2591
-823
-5561
-9863
-12106
-13342
-15731
-17494
-15716
-11814
-7664
-2632
2612
5748
6651
7593
9032
9146
7812
6247
5120
4495
3212
1009
-335
-1706
-5241
-8295
-8868
-9485
-10052
-8413
-5378
-2000
1477
4480
7152
8911
8883
7984
7142
6099
4418
2592
1215
-438
-2985
-5322
-6832
-8291
-9172
-8901
-7794
-5396
-2499
-522
1468
3522
3939
3206
2648
1867
380
-719
-660
-292
-104
380
1106
1810
2743
3736
4487
5350
6146
6345
6373
5977
4459
2323
203
-1848
-3594
-4515
-4455
-3897
-2763
-562
1954
4327
6883
8974
10475
11914
12376
11607
10612
9123
7000
5278
3863
1929
-321
-2339
-4562
-9244
-16175
-20296
-20504
-20494
-18953
-13374
-6920
-1464
5387
13002
16935
16066
13547
11388
8868
5501
2084
-1086
-4894
-9897
-14018
-14887
-14803
-16520
-17209
-14138
-9360
-4674
864
6858
10468
11194
11539
11900
10528
7389
3618
652
-608
-2425
-5100
-5045
-4267
-6573
-8078
-6625
-6280
-6814
-5234
-2178
1190
4409
7044
9398
10802
9987
7885
5795
3282
1
-3152
-4811
-5215
-6076
-6833
-6059
-5095
-4955
-4424
-2897
-1292
-219
738
2037
2947
2427
788
-680
-1885
-3630
-4856
-4353
-2967
-1565
470
3275
5869
7661
8501
8604
8475
7732
6176
4668
3019
446
-2380
-4327
-5580
-6645
-7068
-6322
-4418
-1555
2030
5825
9182
11995
14101
14837
14470
13494
11481
9017
6749
4264
2115
419
-1896
-4384
-7960
-15329
-22008
-22102
-20577
-20563
-16183
-7939
-1317
5543
14685
20890
20531
16768
13272
10305
6397
1349
-3063
-6432
-10568
-14910
-16063
-14680
-15513
-17788
-15945
-10225
-5068
-224
6130
11494
13494
13964
14364
13061
9136
3397
-1602
-3256
-4498
-7947
-8539
-5479
-5506
-7178
-4961
-2804
-3910
-3857
-1319
1799
5082
7628
9440
11014
10569
7818
5070
2360
-1898
-6492
-8491
-7868
-7083
-6486
-4534
-2023
-767
12
1194
1927
1587
349
-505
-278
-892
-2965
-4397
-4939
-6124
-7098
-6066
-3910
-1827
666
3762
7047
9754
10934
10837
10171
8495
5610
2976
1174
-1313
-4229
-5746
-6009
-6047
-5793
-4516
-2319
67
2823
6028
8955
11436
13180
13667
13589
13086
11001
8138
5888
3422
1101
-585
-2957
-5534
-9289
-16354
-21367
-20289
-19240
-19068
-13687
-5464
984
8446
17267
21893
20435
16035
11864
8234
3129
-3084
-7632
-10475
-13803
-16474
-15228
-12488
-13069
-14184
-11034
-5775
-1695
2654
8333
12747
14255
14401
14205
12197
6984
-86
-5155
-6722
-8579
-11444
-10057
-6046
-5587
-5353
-1863
-246
-1484
-1318
473
2998
5819
7511
9125
11030
10150
6912
4539
1951
-2957
-7801
-9600
-8950
-7999
-6998
-4484
-1225
350
546
1543
2507
1114
-947
-850
3
-677
-1927
-2305
-2767
-4008
-4788
-4356
-3137
-1639
156
2868
6572
9505
10310
10129
9521
7156
3703
1196
-979
-3849
-6043
-6333
-5719
-4980
-3585
-1839
-9
2407
4915
7367
10299
12604
13602
14614
15379
14302
11796
9013
5555
993
-3122
-6537
-12775
-21396
-25230
-23967
-23667
-21670
-14070
-6022
352
9145
18869
23683
22592
19113
15845
11851
5430
-1537
-6242
-10498
-16452
-20169
-18243
-15848
-17477
-17667
-12373
-6645
-3032
2534
9873
14188
15324
16563
17811
16085
10309
3019
-1655
-4223
-9235
-13648
-11624
-8737
-10098
-8925
-3622
-1613
-2279
-503
2718
5332
6863
7970
10460
12181
9868
6556
5024
1953
-3736
-8164
-9548
-9903
-10583
-9669
-5604
-1487
163
1891
4375
4596
2684
1289
670
-474
-2518
-4274
-4566
-4253
-4828
-5452
-4344
-2662
-1657
317
4166
8059
10149
11189
12173
11868
9402
6051
2834
-666
-4348
-6991
-7611
-6771
-5931
-4816
-2122
1221
3807
6220
9199
11995
13873
15390
16855
16981
15253
12713
8699
3167
-2586
-11525
-23256
-28915
-28787
-30314
-28703
-19503
-10182
-2576
8648
20502
26102
25560
22899
20458
16577
9301
1695
-3387
-8693
-16042
-20854
-20058
-19277
-22517
-23290
-17431
-11305
-7468
-596
8352
13682
16137
18977
21097
19642
13947
6654
2037
-942
-7448
-13358
-11901
-10230
-13131
-11613
-5682
-4506
-5336
-2123
2246
5526
7982
9699
12623
14624
12137
9172
7775
3123
-4113
-8635
-10161
-11654
-13557
-12999
-9172
-5631
-3290
347
4323
5919
5792
5681
5854
5336
2555
-935
-2458
-3993
-7057
-8562
-7844
-7283
-6497
-3768
669
5510
9292
11823
14218
15393
13997
11658
9137
5247
231
-4011
-6121
-7236
-8395
-7958
-5478
-2637
1018
5983
10460
14283
17521
19017
19386
18100
13698
7114
-2732
-15242
-23236
-26621
-31037
-32066
-26302
-18978
-10981
448
12165
19137
20945
20783
21140
19802
14373
8372
4497
-562
-7832
-12727
-13686
-16269
-22381
-25053
-21936
-18535
-15787
-9721
-990
6039
11037
16517
21380
22136
18175
12870
9879
6818
-590
-7173
-7675
-9008
-13772
-13883
-10654
-11278
-12188
-9024
-3947
1591
6270
10223
15642
19343
18220
16254
14477
8838
208
-6742
-10903
-13953
-16422
-16387
-12976
-9178
-6328
-2372
2219
4940
5457
5613
6885
7598
5804
3553
2657
474
-3668
-6521
-7946
-9386
-10019
-8763
-5032
19
4165
7759
11768
14493
14676
13693
12365
9708
5627
1948
-187
-1714
-3332
-4205
-3635
-1897
404
2917
5935
9332
11694
12599
13096
12280
7151
-2597
-11175
-15502
-20555
-25593
-24824
-20592
-16405
-9311
1347
10032
13439
13889
14526
15172
13082
8967
6196
3671
-940
-5233
-6194
-6954
-11996
-17896
-19537
-18968
-19013
-17007
-11448
-5403
-331
5353
12062
17091
17804
15511
13732
12733
9018
3229
587
-551
-5040
-9004
-8967
-10071
-13682
-14815
-12545
-8787
-4440
-65
5807
12503
15535
15547
16274
14972
8582
2127
-989
-4491
-9202
-11053
-9553
-8540
-7992
-5383
-2702
-1311
198
1232
2142
3945
4434
2930
2486
2776
877
-1504
-2242
-3043
-4455
-4520
-2651
-234
2123
4631
6916
9054
10839
10902
10014
9766
8226
5049
3838
3984
2564
1720
3274
4616
5224
6967
7695
5734
3665
-276
-8718
-15261
-16705
-19417
-21887
-17774
-11568
-6842
487
9061
13604
13908
12503
10909
9186
6047
1991
-790
-2580
-4939
-7271
-7689
-7539
-10420
-14192
-13856
-11643
-10953
-8919
-4350
-343
2512
5705
8430
9177
7894
5080
2972
3278
2314
-789
-424
1845
155
-2014
-1963
-4429
-8674
-10299
-9624
-7164
-3565
-364
4202
9176
10551
10108
9600
6634
1756
-2281
-4535
-5186
-5194
-4453
-2181
51
947
1490
1600
714
-645
-2225
-2677
-1697
-1401
-1512
-634
-111
-868
-1538
-1608
-1598
-1169
51
2145
4823
6929
8206
9234
9589
8695
7341
6336
5396
4108
3025
3250
4116
4515
5365
6815
7725
8486
8982
7724
4837
-495
-8989
-15151
-17063
-20331
-22746
-19702
-14980
-10047
-2152
6582
11470
12219
12012
12550
12426
10279
7507
5060
1869
-1895
-4618
-5698
-7934
-13282
-17162
-16878
-15957
-14942
-11609
-7127
-3456
250
4794
8683
10085
9180
7832
7510
7829
6265
3654
3860
3655
-67
-2219
-3295
-8235
-13215
-14495
-14087
-11929
-8525
-5009
495
5910
8409
10956
13105
11371
7781
5228
3185
963
-1442
-3329
-3540
-3512
-4040
-3391
-2553
-2810
-3506
-3734
-2329
-910
-826
-193
1033
1353
1136
1413
1591
1116
697
1018
2528
4409
5590
6538
7509
8115
8016
7605
7431
6685
5363
5098
6086
7028
7720
8612
9543
9763
8245
4274
-3042
-12121
-17971
-20923
-23766
-23461
-19508
-14635
-7494
2151
10022
13182
12916
12039
11793
11092
9297
7546
5474
1972
-1686
-3928
-5653
-9926
-16071
-19026
-18470
-17419
-14778
-9482
-4331
-482
3717
8102
10430
9685
7462
5804
5363
4911
3177
2672
4071
2930
127
-733
-3226
-8853
-12672
-13823
-14092
-12514
-9473
-5582
-485
3795
6901
9759
10704
9700
8329
7143
6260
4754
1971
-245
-1058
-2236
-3735
-4361
-4987
-6199
-6623
-5210
-2927
-2153
-2425
-1672
-690
-17
1120
2063
2350
2627
3353
5132
7622
9060
9194
9372
9457
9193
9029
8197
6461
4533
2583
1813
2359
2338
2396
3537
5097
6377
4521
-1963
-7957
-10784
-14369
-17090
-15733
-13973
-12227
-6767
1237
6534
6776
5403
5379
5248
4415
4798
6028
5549
3759
3175
4026
2698
-2922
-8621
-11638
-14059
-15812
-14671
-11728
-9846
-8060
-3936
808
2721
2814
3688
5083
6920
8247
8831
10922
11732
9447
8085
6360
88
-7809
-12473
-15380
-17685
-16898
-14150
-10740
-6544
-1915
3275
6362
6888
7253
7360
7708
8516
8644
7584
6043
4824
3170
1253
-924
-4265
-7360
-8735
-8260
-7214
-6890
-6505
-5736
-4342
-2099
-42
1619
3235
4445
6215
9510
11928
12472
12731
12175
11045
10376
9233
7224
5295
3885
2740
2991
4208
4084
3587
3725
2706
-1831
-7740
-10848
-13849
-17234
-16708
-13899
-11548
-8147
-2047
3694
5523
5618
6043
6083
5393
5143
6043
5981
4038
2009
1165
-290
-4489
-8694
-10794
-12801
-14238
-12879
-10234
-8811
-7551
-4913
-2153
-623
162
1233
2918
5164
6999
8334
10406
11197
9311
7631
5868
1152
-3926
-6811
-9535
-11386
-10916
-9713
-7921
-5846
-4286
-2340
-360
959
1817
2789
4295
5562
6517
7497
7728
6981
5987
4898
2958
781
-1157
-3528
-4601
-4337
-5015
-5852
-5856
-5831
-5687
-4597
-2718
-1201
23
2372
5391
8010
10571
11931
12116
12740
12636
12059
12134
11311
9557
8535
8378
7821
6714
5274
2938
-931
-8053
-14553
-16650
-19713
-22245
-19694
-15959
-12401
-6708
1122
6127
6219
6464
8029
8714
8367
8625
9593
8330
5568
4166
3133
-756
-6916
-10732
-12487
-14898
-16114
-14607
-12833
-12473
-10983
-6962
-4001
-3399
-1547
1365
3573
6724
9235
10231
11749
11962
10662
10042
7518
1654
-2884
-5454
-8522
-9566
-9265
-9803
-9306
-7825
-5624
-3121
-1666
-1005
-149
1630
3613
5574
7271
7555
7376
7667
7905
7007
4811
2525
-157
-2743
-3741
-4510
-5912
-6648
-6609
-6159
-4867
-3128
-2029
-1261
152
1927
3783
5994
7740
8684
10291
12104
12723
13376
13558
12051
10980
10834
10129
8946
7744
5817
3216
-715
-7722
-13481
-16958
-21651
-22931
-20409
-17871
-14233
-8350
-868
3458
4658
6841
8494
8609
8651
10013
10456
8123
6371
5328
3237
-690
-5300
-8083
-10545
-12876
-13183
-12060
-11859
-12495
-10753
-7782
-6742
-5880
-3355
-1230
603
4173
6644
7645
9151
9419
9418
9399
7175
4004
1893
-1
-1941
-2399
-3173
-4789
-5457
-5891
-5535
-4929
-5056
-4495
-3441
-2251
-646
1422
2844
3233
4442
5914
6622
7071
7160
6533
4916
3252
1797
-198
-2554
-4769
-6155
-6835
-7129
-6390
-4970
-3707
-1855
708
3221
5752
7710
9406
11108
11710
11887
12179
12043
11477
11116
10951
10190
9222
7709
5299
1389
-4939
-10362
-13971
-17849
-19493
-18520
-17202
-14842
-10497
-5410
-2363
-1122
502
2082
3440
5556
7642
8383
7969
7374
6986
5899
3188
-59
-2436
-4393
-5683
-5732
-6160
-7587
-8873
-9577
-9618
-9901
-10574
-10130
-8860
-6799
-3251
2
2039
4132
6060
7484
8590
8358
6821
5364
4254
3392
3038
2129
496
-653
-1563
-2033
-2125
-3043
-3965
-4080
-3863
-3174
-1999
-1140
-726
635
2575
3813
4836
5506
5134
4446
4201
3705
2445
1210
235
-793
-1454
-1862
-2391
-2630
-2416
-1651
-93
1826
3497
4949
6593
7930
8625
9040
8936
8595
8238
8092
8251
7890
7111
6135
5033
2984
-526
-4052
-7579
-10679
-12329
-12722
-12709
-12507
-10762
-8414
-6648
-5303
-4514
-3571
-2856
-1597
517
2053
3071
3563
4358
4559
3617
3078
2143
744
-375
-699
-878
-2213
-3530
-4583
-5789
-6801
-7537
-7807
-8012
-7797
-6740
-5131
-3575
-2473
-935
671
1884
3001
3767
4209
4156
4038
4144
4051
3622
3027
2632
2100
1598
1209
680
292
-363
-688
-441
-628
-811
-530
-74
207
619
1032
880
707
539
403
289
154
350
333
382
939
1385
1829
2254
2638
3217
3661
4067
4589
5112
5266
5202
5443
5373
5142
5138
5033
4952
4819
4873
5026
4955
4413
3166
2039
845
-1141
-2833
-3910
-5504
-6904
-6864
-6746
-7254
-7209
-6675
-6402
-6199
-5180
-4197
-4217
-3611
-2410
-1680
-964
-311
-65
-136
-70
50
-15
-309
-1060
-1523
-1496
-1756
-2044
-2251
-2664
-3067
-3214
-3080
-3285
-3760
-3488
-2868
-2504
-1682
-906
-894
-790
-394
-222
-87
246
458
809
1593
2207
2507
2731
2664
2398
2306
2287
2082
1677
1467
1555
1445
1369
1480
1217
916
898
906
689
359
196
20
-214
-475
-608
-817
-1047
-704
-406
-155
554
1177
2011
3012
3745
4507
4955
5083
5243
5360
5176
4727
4439
3993
3731
3789
3418
3197
3034
2684
2419
2136
1910
1377
893
884
694
283
-210
-830
-1518
-2416
-3162
-3840
-4845
-5669
-5923
-5858
-5673
-5351
-5137
-5003
-4616
-4220
-3988
-3626
-3324
-3169
-2560
-1633
-1024
-577
-376
-447
-482
-606
-757
-1046
-1225
-1193
-1215
-980
-726
-1059
-1626
-1818
-2075
-2578
-2550
-2292
-2171
-1596
-898
-424
39
338
409
608
872
889
1082
1547
1989
2443
2804
3029
2966
2675
2451
2172
1780
1472
1252
1136
1092
945
729
413
93
-65
-374
-776
-751
-727
-749
-361
151
608
880
1256
1730
1738
1562
1655
1786
1696
2004
2732
3099
3508
3923
3869
3720
3424
2984
2620
2392
2225
2369
2823
2937
2787
2594
2126
1387
640
-28
-733
-1207
-1265
-1258
-1143
-1098
-1273
-1217
-1347
-1700
-1938
-2083
-2184
-2419
-2354
-2260
-2460
-2628
-2813
-2974
-3348
-3542
-3375
-3437
-3346
-2940
-2561
-2267
-1932
-1486
-1199
-980
-702
-666
-768
-719
-620
-534
-608
-804
-876
-923
-1146
-1373
-1552
-2076
-2370
-2198
-2046
-1709
-1359
-972
-313
216
616
1041
1291
1265
1343
1533
1579
1479
1235
1129
1016
736
520
287
-106
-390
-268
-72
-63
46
276
601
946
1372
1705
1600
1588
1685
1825
2041
2031
2031
1871
1657
1825
1844
1523
1274
1281
1323
1421
1824
1984
1956
1891
1908
1887
1416
1195
925
604
500
418
509
346
279
301
320
419
270
333
346
159
119
53
-77
-433
-794
-948
-1282
-1615
-1819
-1999
-1946
-1813
-1598
-1185
-789
-566
-218
286
333
109
125
81
-37
26
149
79
-121
-263
-544
-1034
-1619
-2206
-2688
-2903
-2850
-2681
-2455
-2249
-1755
-1379
-1295
-996
-865
-762
-580
-278
97
236
279
333
224
-165
-460
-856
-1260
-1430
-1500
-1478
-1372
-1102
-893
-468
-67
-16
198
354
628
1091
1308
1731
2115
2247
2398
2258
2099
1746
1296
1221
913
759
816
836
779
462
633
518
393
502
223
559
455
504
956
698
735
744
807
668
469
472
213
118
-3
166
50
-28
260
97
258
387
169
114
218
-55
-128
303
194
218
280
347
372
127
122
-188
-385
-132
54
61
297
377
238
460
306
-181
-424
-869
-1211
-1252
-1360
-1213
-1172
-932
-686
-699
-515
-415
-469
-640
-314
-179
-352
306
289
-76
200
-75
-305
-762
-937
-884
-1191
-988
-1128
-1144
-820
-754
-1037
-946
-525
-766
-365
159
449
659
1058
1679
1354
1568
1459
1512
1502
1293
1513
984
1293
782
255
195
-500
-680
-895
-1013
-1253
-1087
-692
-868
-545
-323
-124
-101
114
764
194
531
797
549
680
395
482
-110
-75
-163
-743
-230
-770
-604
-105
-308
208
374
662
766
841
799
1070
484
406
550
58
675
-174
627
319
-272
460
-747
-261
-812
-1378
-779
-1375
-708
-895
-483
209
-957
208
-416
-589
238
-738
408
-179
351
1193
306
1177
398
461
35
-617
-229
-1182
-776
-1007
-1104
-931
-600
-1002
-1012
-704
-1283
-672
-732
55
-262
544
1210
871
1925
1300
1399
1408
1059
1107
924
598
721
663
91
186
-273
-497
-601
-1026
-500
-549
-491
-46
1
655
346
529
905
-111
416
185
35
244
-432
625
-260
183
610
-471
437
-625
-205
-64
-747
28
-81
91
617
412
637
710
310
200
-414
196
-654
-415
144
-608
416
-89
-150
-6
-617
-316
-756
-703
-295
-498
55
209
165
371
89
-143
95
-240
-198
-174
36
239
63
290
238
239
-249
272
-154
-41
15
171
389
-328
598
-374
-513
-275
-1172
-648
-1045
-1137
-560
-919
-159
-416
-112
469
-453
491
408
616
930
731
1492
915
1242
1074
342
531
-272
-466
-725
-1054
-935
-1372
-866
-819
-757
-262
-24
103
305
692
604
607
877
630
664
644
748
450
50
509
-538
213
-535
-345
-78
-469
972
-237
1182
573
233
1067
-351
420
-544
-367
-32
-989
-34
-625
-613
-503
-911
-903
-910
-709
-598
-203
-104
579
266
754
504
46
186
-324
-386
-634
-385
-499
-396
-70
-41
-44
350
78
426
189
427
418
289
710
214
577
-13
204
-258
-639
-290
-1019
-571
-704
-538
-115
-92
440
346
615
740
369
1178
477
561
837
98
839
-45
524
157
-467
406
-616
72
-428
-404
171
-594
185
-396
175
-324
-394
-75
-721
110
-684
352
-166
74
654
204
1259
-168
946
695
128
1087
-168
783
212
-57
543
-378
126
-589
-562
-393
-1246
-573
-748
-764
-587
-420
-141
-42
135
43
150
-63
45
-32
-124
79
-421
33
-62
-430
66
-149
-322
-81
-397
128
-189
-385
290
-441
229
-5
166
183
-304
448
-334
5
-279
-333
4
-634
-142
-339
-84
-254
-132
137
1
217
238
554
442
547
713
624
684
330
468
474
40
431
128
260
52
-251
405
-500
44
-110
-416
525
-523
473
315
66
370
-285
334
-468
-337
-95
-467
-229
-312
304
46
147
473
150
293
335
312
273
333
484
282
571
121
33
100
-477
-223
-798
-471
-282
-689
-110
-36
-396
321
-155
-254
35
-713
180
-758
-94
-46
-469
379
-462
311
-27
-38
345
-414
632
-56
101
642
23
255
-218
168
-276
-655
-405
-744
-697
-793
-520
-465
-466
-85
-338
-3
127
77
333
279
599
396
767
773
440
810
209
516
-12
129
147
-367
110
-242
23
-17
80
-77
169
-137
287
-200
89
205
-550
696
-556
332
-55
-134
201
-459
64
-146
-298
-73
-150
-206
211
-187
319
-335
28
-3
-223
93
-310
191
-86
149
207
2
495
35
226
196
-92
365
-376
157
-220
-389
-9
-759
-19
-633
-613
-320
-354
-228
-545
198
55
54
702
138
913
346
618
1078
-258
1334
-233
627
282
-519
654
-925
117
-923
-432
-329
-1009
-140
-453
-581
-143
-427
-172
86
-227
397
151
815
561
606
762
598
430
333
520
-84
405
228
603
70
657
371
93
651
-372
156
-217
-446
97
-550
-87
-21
-559
421
-625
-162
-139
-523
-194
-580
347
-375
392
573
-210
926
-78
247
117
-716
197
-764
-340
-232
-589
-14
-187
-245
-185
-18
-118
-81
38
-41
268
6
361
215
-203
132
-550
-179
-848
-620
-592
-1024
-185
-897
-503
-184
-428
-110
-16
111
113
661
462
692
911
430
1104
193
436
272
-163
-206
-311
-306
-626
-32
-779
-30
-300
-220
-16
-441
132
-218
35
253
131
346
643
727
635
661
1016
264
833
368
353
479
17
608
-166
506
56
107
20
-281
89
-459
-152
-10
-572
302
82
-150
266
-72
51
-160
-99
-231
-79
96
-35
86
260
-100
171
-69
-394
-4
-599
-216
-411
-519
-158
-263
-85
-61
-56
16
127
-23
111
133
-98
242
42
149
-135
4
-47
-617
-65
-748
-547
-570
-711
-580
-644
-47
-470
-92
144
-87
225
203
433
252
606
685
186
649
488
81
-124
171
-471
-654
-96
-786
-121
-458
-150
-54
-385
580
-354
375
129
166
447
36
796
20
310
553
-196
322
150
-202
87
9
93
230
49
305
567
218
311
494
407
132
292
-35
44
84
-457
-40
-327
-494
-31
-405
-168
-212
-233
264
-183
240
173
431
-31
286
618
-229
108
69
-261
-381
-295
-487
-415
-473
-393
-97
-258
66
285
-35
395
439
203
283
398
30
2
237
-425
-146
-447
-523
-367
-710
-477
-318
-266
-359
-10
144
3
337
211
488
314
164
649
87
295
197
-166
119
-282
-276
-120
-212
-404
-57
45
-489
153
-93
-436
177
63
-141
156
212
-82
136
22
-14
134
-190
201
290
-141
332
561
-77
205
486
10
-14
281
-113
-197
109
-272
-235
-14
-322
-302
-245
-156
-388
-273
323
-469
142
613
70
395
408
234
168
205
25
-28
153
-153
-49
138
-109
110
-204
50
272
-241
62
399
-195
-120
489
-61
-98
184
87
-171
26
-170
-366
-45
-363
-288
-187
-74
-259
-129
209
-109
-82
109
250
-18
344
443
191
445
249
232
129
-85
-11
-202
-10
-134
-175
52
-45
-138
-107
344
-33
-136
398
178
108
404
335
167
412
204
8
124
-12
-368
-481
-218
-299
-546
-16
-93
-326
-72
-88
-192
-367
-123
-310
-232
73
-240
-177
-76
-291
-526
-344
-321
-699
-626
-354
-431
-653
-164
-144
-390
-129
-3
-78
-66
4
-173
70
240
10
98
540
240
48
356
237
-67
86
221
37
231
330
364
521
446
514
460
445
335
370
360
250
255
164
302
172
88
143
135
-49
-26
154
104
34
232
184
223
321
187
304
332
256
139
411
225
153
393
278
294
356
338
154
223
159
113
151
90
94
45
135
7
-198
-202
-337
-461
-549
-502
-556
-619
-573
-600
-570
-428
-503
-506
-379
-539
-541
-351
-450
-577
-568
-409
-528
-576
-476
-654
-637
-722
-685
-645
-583
-521
-468
-429
-342
-303
-364
-336
-305
-257
-174
-46
-124
-9
49
-8
130
90
145
322
337
371
493
435
394
421
506
481
380
651
507
495
564
486
676
753
890
1099
1239
1128
1180
1211
1135
1184
1232
1410
1363
1535
1670
1469
1461
1463
1468
1447
1497
1732
1555
1668
1764
1615
1639
1638
1534
1326
1416
1032
467
42
-523
-1058
-1357
-1739
-2202
-2737
-3234
-3610
-4052
-4240
-4511
-4641
-4717
-4526
-4305
-4188
-4017
-3939
-3729
-3361
-2745
-2188
-1486
-1127
-882
-450
-47
318
653
1118
1310
1612
1944
2018
2011
2107
1954
1792
1879
1797
1733
1435
1072
737
278
84
-228
-473
-743
-1027
-1180
-1469
-1602
-1786
-1918
-1658
-1544
-1322
-1026
-898
-735
-441
-168
52
603
865
1130
1574
1735
1874
2055
2236
2180
2159
2311
2323
2165
2098
2027
1770
1594
1535
1394
1291
1090
1010
938
937
978
1014
1361
1455
1675
2022
2332
2520
2617
2877
3141
3320
3596
3813
3967
4074
4109
4029
3757
3314
2159
1472
991
46
-555
-1276
-2233
-3508
-4242
-4642
-5578
-6325
-6828
-7334
-7879
-7981
-7771
-7819
-7741
-7661
-7047
-6101
-5384
-4569
-3739
-3139
-2598
-1572
-501
474
1135
1664
2296
2662
2947
3267
3474
3434
3430
3487
3569
3510
3106
2605
2293
1802
1325
1157
824
251
-238
-560
-872
-1181
-1479
-1483
-1605
-1772
-1875
-1760
-1850
-2115
-1986
-1744
-1493
-1212
-847
-606
-399
-180
53
369
709
953
1260
1543
1816
1873
1922
1857
1865
1865
1724
1777
1594
1246
932
819
599
516
518
530
565
470
576
730
704
816
1104
1551
1849
2180
2568
2797
2892
2968
3322
3652
3746
3962
4207
4318
4229
4262
4251
4074
3958
3835
3659
3162
2383
904
65
-660
-1907
-2513
-3225
-4491
-5975
-6642
-6980
-7779
-8276
-8467
-8607
-8804
-8568
-7850
-7514
-7407
-6988
-5998
-4935
-3953
-2927
-2056
-1535
-1070
-85
1174
1987
2456
3042
3479
3570
3803
4272
4325
4071
3948
3838
3709
3498
2965
2457
2047
1387
847
663
186
-650
-1044
-1269
-1488
-1818
-1919
-1786
-2035
-2086
-1837
-1523
-1571
-1514
-1121
-843
-659
-327
104
217
327
586
794
830
818
766
727
696
650
707
636
536
352
286
203
146
137
-41
-135
-121
-144
-171
32
115
105
224
423
649
815
1113
1495
1795
2058
2359
2632
2709
2804
3025
3223
3379
3343
3349
3275
3100
3017
2999
2902
2730
2539
2429
2406
2198
2028
1882
1992
2081
2044
1986
1691
619
-629
-915
-1213
-1832
-2323
-2879
-4060
-5280
-5518
-5631
-6168
-6717
-7030
-7193
-7379
-7197
-6576
-6441
-6401
-5923
-4863
-3648
-2946
-2169
-1529
-1198
-747
302
1551
2111
2419
2719
3022
3161
3345
3741
3784
3571
3350
3268
3296
3063
2578
2251
2003
1397
898
844
511
-84
-350
-456
-733
-1124
-1211
-1245
-1458
-1622
-1507
-1538
-1784
-1905
-1923
-1766
-1548
-1292
-1015
-726
-651
-603
-348
-135
22
266
502
740
851
819
825
773
758
714
785
800
609
404
249
122
28
30
-7
-11
29
109
189
302
410
541
770
1077
1332
1497
1590
1761
1831
1868
2109
2119
2067
2039
2085
2250
2348
2345
2304
2288
2285
2125
2231
2215
2003
1921
2008
2217
2078
1948
1858
1841
1875
1937
2058
1821
806
-224
-404
-631
-1261
-1621
-2135
-3338
-4571
-4827
-4787
-5460
-6086
-6275
-6570
-7004
-6846
-6250
-6120
-6285
-5931
-4991
-4092
-3338
-2405
-1678
-1226
-678
366
1586
2205
2456
2704
2985
3037
3328
3817
3938
3695
3267
3210
3246
3023
2704
2534
2197
1389
988
869
441
-99
-394
-551
-970
-1440
-1712
-1894
-2315
-2545
-2362
-2272
-2490
-2606
-2490
-2503
-2383
-1902
-1374
-1087
-794
-407
-164
117
522
877
1201
1450
1687
1748
1756
1824
1731
1672
1721
1751
1601
1353
1108
801
591
358
249
231
73
-139
-151
-152
-218
-127
64
138
181
307
488
613
745
1052
1328
1562
1668
1816
1886
1897
1969
2179
2465
2521
2557
2498
2418
2276
2205
2292
2264
2092
1942
1947
1817
1675
1601
1796
1978
1980
2055
1971
1319
168
-279
-447
-1037
-1369
-1714
-2719
-4034
-4659
-4677
-5069
-5618
-5818
-6140
-6651
-6766
-6245
-5962
-6044
-5785
-5182
-4425
-3702
-2885
-2199
-1913
-1628
-950
134
988
1503
1889
2070
2128
2301
2869
3250
3247
3115
2895
2918
2987
2949
2914
2681
2081
1506
1523
1518
1162
818
527
47
-444
-441
-379
-652
-1058
-1271
-1429
-1623
-1657
-1647
-1824
-1967
-1850
-1581
-1290
-1106
-1044
-1050
-883
-465
75
450
719
796
699
833
1091
1227
1197
1074
989
950
902
972
869
497
216
216
243
283
275
97
-144
-250
-35
234
498
588
632
700
777
1006
1256
1373
1509
1646
1791
1910
1973
1918
1728
1702
1825
1998
2064
2018
1910
1730
1677
1725
1770
1722
1527
1366
1366
1404
1418
1361
1274
1286
1301
1448
1620
1349
461
-327
-622
-891
-1178
-1370
-1980
-3097
-4038
-4200
-4205
-4607
-4984
-5293
-5711
-6025
-5690
-5185
-5220
-5458
-5121
-4472
-3760
-3029
-2320
-1960
-1921
-1468
-426
667
1198
1498
1710
1755
1881
2421
3044
3151
3003
2856
2816
2913
2884
2763
2494
2066
1612
1440
1491
1173
642
201
-129
-429
-537
-533
-724
-1175
-1532
-1519
-1492
-1489
-1477
-1516
-1627
-1610
-1369
-1053
-747
-697
-731
-545
-314
-9
338
568
639
545
594
782
982
1075
1084
1125
1037
980
1001
969
802
540
388
331
285
185
142
45
-82
-139
-100
25
102
253
418
519
640
744
908
1184
1460
1680
1915
2016
1956
1962
2000
2036
2059
2049
1983
1899
1786
1654
1560
1447
1305
1132
998
863
730
574
549
643
575
558
668
744
828
981
1111
1120
800
255
-80
-279
-703
-1019
-1252
-2001
-2887
-3354
-3545
-3964
-4371
-4527
-4890
-5260
-5328
-5071
-4940
-4931
-4780
-4386
-3811
-3240
-2541
-1920
-1559
-1295
-774
-22
566
935
1279
1503
1498
1583
1922
2120
2084
2043
1956
1928
1857
1782
1783
1668
1347
1022
971
924
683
554
482
164
-183
-232
-237
-441
-577
-573
-704
-885
-946
-936
-976
-1009
-859
-580
-396
-247
-83
-4
23
164
407
594
688
691
705
640
598
658
694
694
613
496
392
255
159
39
-49
-74
-155
-146
-137
-145
-173
-84
48
156
407
621
743
941
1181
1334
1512
1723
1866
1980
2079
2137
2154
2111
2107
2142
2124
2035
1907
1694
1438
1228
1121
1095
1051
872
690
511
267
166
165
135
13
-39
47
167
287
405
563
686
778
1010
1279
1125
576
234
-40
-439
-586
-726
-1280
-2030
-2515
-2785
-3193
-3605
-3930
-4308
-4684
-4749
-4537
-4481
-4664
-4755
-4604
-4257
-3687
-3062
-2563
-2360
-2269
-1933
-1317
-729
-288
144
399
475
708
1060
1270
1402
1477
1589
1806
2028
2103
2139
2007
1693
1606
1704
1791
1730
1663
1506
1195
986
887
869
682
458
338
169
-55
-229
-362
-577
-714
-683
-555
-468
-460
-559
-670
-732
-710
-525
-323
-222
-273
-319
-332
-270
-214
-104
60
112
210
352
483
497
474
512
542
656
836
1029
1149
1137
1126
1192
1296
1437
1617
1791
1831
1781
1725
1674
1647
1663
1697
1688
1622
1488
1343
1162
1004
856
757
684
581
508
343
156
23
-104
-165
-163
-192
-226
-284
-326
-327
-355
-341
-244
-44
141
325
478
526
626
741
901
1065
1076
909
653
433
146
-152
-392
-804
-1290
-1714
-1985
-2242
-2617
-3009
-3389
-3759
-4018
-4018
-3939
-3964
-4062
-4047
-3897
-3715
-3354
-2947
-2635
-2378
-2121
-1729
-1277
-983
-692
-312
1
343
789
1140
1288
1407
1497
1689
1979
2186
2290
2389
2316
2172
2166
2181
2132
1944
1780
1638
1434
1226
1071
869
529
283
196
63
-115
-308
-484
-728
-872
-873
-815
-759
-802
-762
-717
-665
-631
-534
-433
-419
-302
-119
-27
66
147
139
185
262
347
433
490
533
563
571
631
753
868
1005
1155
1269
1330
1404
1478
1515
1581
1623
1607
1592
1510
1403
1300
1204
1078
965
874
778
703
610
512
417
277
133
82
29
-76
-133
-119
-149
-226
-236
-239
-300
-350
-320
-302
-304
-325
-308
-287
-282
-180
-65
67
166
255
399
530
613
704
850
924
889
843
743
504
210
-72
-383
-743
-1094
-1462
-1800
-2154
-2542
-2796
-3032
-3313
-3489
-3564
-3628
-3672
-3586
-3445
-3316
-3093
-2768
-2437
-2120
-1783
-1426
-1129
-817
-462
-129
176
443
705
966
1206
1373
1502
1597
1639
1663
1765
1835
1747
1672
1637
1526
1409
1389
1278
1046
816
640
477
309
166
-30
-251
-479
-621
-661
-726
-806
-864
-882
-884
-748
-561
-381
-225
-110
42
206
398
577
725
790
830
908
999
1074
1163
1190
1152
1144
1139
1148
1174
1166
1118
1097
1104
1096
1100
1068
988
939
903
873
840
820
739
638
550
509
529
465
420
409
335
275
251
188
104
48
53
78
57
-2
-87
-198
-272
-250
-213
-232
-255
-315
-376
-389
-361
-351
-372
-346
-332
-330
-344
-297
-292
-281
-209
-158
-140
-172
-139
-95
-90
-75
-68
-106
-138
-115
-81
-99
-167
-275
-403
-488
-599
-667
-734
-881
-993
-1092
-1160
-1165
-1225
-1288
-1289
-1321
-1351
-1325
-1255
-1258
-1257
-1215
-1166
-1081
-1035
-959
-845
-771
-688
-532
-401
-333
-240
-86
34
118
206
302
300
312
402
468
509
495
483
446
395
349
314
262
149
40
-42
-71
-136
-230
-255
-284
-346
-342
-271
-212
-201
-161
-110
-6
141
274
443
555
624
699
819
933
1009
1073
1147
1158
1113
1130
1156
1091
1027
1040
1018
952
854
762
656
543
489
499
440
337
280
257
205
156
148
111
80
73
116
145
105
85
59
56
134
191
231
208
157
115
115
160
178
216
253
279
274
275
292
258
232
208
169
121
77
-11
-124
-188
-290
-324
-290
-336
-346
-323
-366
-382
-358
-324
-300
-245
-179
-164
-124
-116
-121
-123
-141
-111
-187
-250
-237
-332
-421
-466
-508
-609
-659
-618
-647
-640
-623
-607
-600
-576
-482
-453
-369
-312
-313
-222
-195
-187
-157
-128
-144
-130
-82
-90
-53
-83
-148
-172
-246
-258
-220
-216
-258
-301
-353
-379
-319
-368
-368
-355
-465
-501
-502
-507
-532
-543
-504
-515
-463
-378
-322
-251
-226
-146
-56
36
111
160
305
357
434
567
620
702
756
822
880
941
1017
1056
1099
1036
1003
1016
921
891
868
758
678
604
504
429
368
265
194
101
33
20
-62
-143
-212
-252
-266
-259
-237
-253
-294
-356
-328
-245
-200
-146
-85
-36
-34
24
166
214
183
241
285
255
314
370
375
352
384
421
481
505
415
434
374
313
339
296
268
172
89
46
3
-62
-120
-156
-257
-352
-392
-397
-460
-516
-578
-608
-663
-693
-632
-644
-629
-611
-583
-491
-472
-399
-294
-255
-202
-131
-67
-43
24
49
70
163
184
242
257
220
221
239
177
191
232
144
160
118
1
-31
-67
-104
-162
-192
-227
-299
-310
-386
-440
-464
-530
-520
-531
-529
-515
-572
-555
-548
-486
-418
-356
-284
-275
-236
-162
-45
1
112
174
203
375
393
477
545
520
544
562
613
537
578
523
389
400
269
264
237
169
115
66
44
-11
21
-30
-30
-58
-117
-93
-94
-148
-164
-127
-193
-184
-139
-126
-81
-122
-47
-38
0
94
73
168
136
178
287
303
327
369
418
416
439
481
531
535
553
560
525
551
481
470
459
370
416
324
316
233
133
155
30
39
-64
-129
-162
-264
-210
-307
-310
-321
-397
-305
-337
-321
-325
-369
-365
-402
-309
-258
-241
-212
-210
-158
-132
-79
-1
-2
3
54
69
111
172
133
185
176
126
178
128
117
29
0
-89
-212
-188
-245
-262
-324
-366
-395
-446
-469
-482
-459
-501
-496
-514
-537
-518
-538
-502
-529
-533
-509
-476
-449
-417
-352
-340
-268
-263
-182
-108
-81
31
60
134
136
215
309
360
441
429
543
443
466
513
415
527
413
461
405
355
408
337
374
249
291
245
171
190
104
98
37
36
-18
-14
-64
-96
-38
-153
-79
-113
-86
-95
-120
-32
-62
83
56
132
187
170
249
275
387
251
371
360
234
361
238
314
197
185
215
119
235
75
145
80
6
71
58
80
-54
57
-62
-27
9
-87
32
-158
-74
-111
-134
-56
-179
-58
-148
-163
-110
-164
-98
-143
-204
-170
-156
-243
-199
-186
-260
-222
-227
-258
-282
-286
-291
-309
-283
-338
-292
-257
-315
-268
-214
-200
-208
-139
-150
-83
-59
-9
37
-47
78
-9
22
44
-66
-13
-76
-83
-122
-119
-114
-162
-117
-180
-154
-165
-197
-97
-172
-109
-79
-97
-12
-29
95
79
153
182
132
260
192
287
301
275
323
322
363
340
371
351
390
314
322
329
257
284
218
188
114
114
53
-3
38
-87
-43
-56
-126
-53
-142
-45
-51
-65
35
-48
15
-35
23
46
7
94
26
73
49
77
121
117
109
104
155
106
196
130
137
158
65
136
96
102
57
58
43
-29
49
-26
-24
8
-75
-20
-39
-28
-30
-42
-11
-104
-50
-85
-93
-102
-140
-133
-231
-200
-281
-212
-213
-270
-165
-251
-216
-239
-189
-136
-186
-57
-127
-83
-12
-117
59
6
13
139
27
95
37
72
33
-19
87
-57
23
-4
-119
-17
-86
-123
-90
-109
-99
-144
-91
-125
-185
-89
-190
-141
-119
-209
-104
-195
-139
-128
-167
-60
-152
-45
-47
-99
-3
-69
39
85
42
156
150
129
193
236
229
239
244
248
238
271
319
199
269
177
128
284
108
175
80
31
46
-68
131
-33
-10
13
-74
7
-72
94
98
33
138
82
133
121
131
105
68
137
23
127
148
36
170
110
77
110
91
187
52
112
152
36
144
81
122
106
75
98
47
70
-3
19
20
19
-42
-34
30
-125
-92
-80
-136
-137
-196
-90
-244
-220
-92
-293
-180
-250
-288
-221
-271
-255
-247
-208
-270
-259
-200
-204
-245
-185
-175
-215
-153
-165
-114
-90
-103
-47
-7
-32
-14
29
-31
39
4
1
80
-46
13
26
-18
-4
-82
8
-66
-172
15
-142
-116
-35
-183
-2
-124
-85
-16
-92
6
-73
40
54
25
88
135
111
142
220
135
276
191
214
318
172
274
228
234
233
168
262
159
185
151
145
155
84
116
62
134
-57
101
35
-109
142
-140
103
0
-67
201
-138
93
21
-77
124
-74
67
46
-6
97
4
52
87
15
76
123
26
110
86
79
123
55
230
101
87
221
25
150
111
10
137
-2
8
37
-31
-59
-136
-94
-146
-222
-135
-147
-215
-172
-160
-177
-216
-152
-149
-203
-142
-164
-182
-172
-154
-206
-152
-83
-159
-99
-55
-86
-58
-49
7
-34
-20
40
-29
18
22
30
12
25
-7
5
85
-18
-20
25
-53
-100
-21
-51
-66
-60
-48
-40
-101
18
-27
-36
48
-39
43
8
21
57
-71
73
-81
-77
84
-125
15
-13
-64
27
-68
50
47
-1
92
20
40
108
53
136
121
91
174
122
166
172
130
234
85
93
173
-10
110
48
3
58
-46
50
-7
-55
65
-71
8
25
-121
37
-81
-31
-23
-76
62
-93
29
33
-12
98
26
112
78
74
129
119
97
46
98
26
77
51
41
124
-49
92
29
20
94
-44
118
-75
-23
57
-109
58
-56
-41
13
-108
-15
-51
-44
-11
-79
2
-17
-73
4
-46
-72
-23
-88
-44
-7
-77
25
-13
-66
55
-70
30
-3
-106
76
-162
-27
-48
-171
82
-177
-28
10
-179
46
-131
-48
4
-130
75
-68
-43
45
-94
44
-35
-67
91
-82
-11
62
-96
38
-26
-64
38
-86
-10
-30
-64
12
-88
47
-40
-67
74
-80
8
-5
-46
0
-45
-4
-42
53
-1
-1
91
-4
55
24
69
60
33
111
-7
93
29
-9
127
-35
43
61
12
42
13
88
-2
76
63
45
130
17
59
68
15
40
27
-1
4
-20
-15
-35
5
-17
-61
60
-45
-29
78
-31
-2
28
3
38
23
43
30
29
85
5
63
83
-31
61
28
-62
52
-37
-46
45
-63
12
24
-31
40
-13
49
39
-34
66
-33
-10
61
-88
54
-28
-111
87
-138
-10
14
-135
66
-159
11
-27
-171
65
-196
-44
-87
-169
9
-182
-82
-46
-150
-97
-49
-123
-140
-58
-143
-97
-99
-110
-40
-162
13
-84
-81
95
-129
99
-1
-32
155
-68
122
82
9
145
21
91
97
31
130
72
52
116
63
78
93
15
135
43
-6
194
-60
53
97
-71
104
-37
62
31
-46
113
-68
48
32
-40
65
-27
-13
47
-17
-11
71
-56
1
32
-54
43
-17
9
10
-30
47
-19
74
10
-1
84
-48
71
28
22
41
17
65
-64
99
-2
-52
85
-88
11
-16
-31
18
-59
41
-47
-12
-4
-55
21
-45
-14
-19
-11
-53
-9
-16
-74
44
-104
-12
-16
-122
32
-85
-3
-24
-62
57
-114
31
10
-91
73
-76
-17
21
-50
-2
0
6
-43
18
7
-15
-9
34
9
-49
70
-36
15
36
-84
76
-100
-39
49
-129
43
-66
-75
-15
-87
-5
-51
-23
-3
-64
0
34
-57
39
32
-46
68
-24
25
41
-62
82
-38
43
68
-66
184
-24
15
178
-58
129
69
39
157
-14
110
66
-23
40
-12
23
-62
-42
-9
-129
-50
-62
-115
-76
-56
-114
-89
-32
-136
-48
-28
-96
17
-16
17
50
-15
67
-5
66
60
-4
148
-15
48
97
-1
74
27
74
16
54
47
25
87
-36
58
27
-21
40
-10
39
-48
19
31
-47
68
-6
2
51
-27
31
30
-20
16
38
-4
-1
60
-16
20
38
-33
36
15
7
-8
20
43
-61
58
-1
-58
70
-29
33
22
-6
87
-27
47
27
-11
41
-19
6
24
22
10
33
21
40
36
22
67
-17
-1
32
-31
-4
-39
-25
-29
-83
-32
-57
-49
-73
-77
-30
-82
-46
-26
-37
-58
-37
-31
-47
-9
-47
15
-10
-60
31
-29
-11
-15
-40
3
-81
-8
-20
-58
3
-42
-11
-24
-18
22
-57
18
3
-73
35
-43
-19
-18
-43
32
-83
20
-2
-47
55
-28
31
5
1
29
-14
39
-25
25
14
-35
41
8
34
13
64
37
30
81
19
105
24
90
84
-5
124
21
65
61
35
73
5
78
-9
62
50
-58
92
-36
3
45
-30
45
-59
40
-12
-56
81
-65
19
-14
-43
18
-68
24
-50
-39
8
-55
15
-11
-11
18
13
16
46
39
23
72
9
61
52
-3
88
-6
14
35
-11
3
-48
16
-48
-51
38
-60
-14
10
-44
5
-15
-8
18
-27
15
5
-25
22
-18
-12
-18
-43
-17
-67
-29
-65
-87
-34
-101
-37
-27
-53
-25
-34
-22
-36
-6
15
-4
24
27
9
13
25
29
6
45
24
7
20
-16
-8
-14
-10
-29
-32
-31
-58
-29
-64
-18
-35
-60
21
-61
-20
10
-49
-11
-15
2
-14
11
34
-26
50
7
6
66
3
50
31
14
45
30
43
43
44
54
31
48
59
34
44
62
24
17
53
-3
8
21
-27
10
-37
-27
-20
-47
-18
-59
-15
-45
-70
4
-57
-25
-4
-52
19
-31
-20
39
-23
10
43
0
15
29
19
27
13
19
11
9
27
1
29
8
24
33
2
76
11
20
61
-8
55
7
25
48
-41
46
-7
-38
15
-30
-17
-42
-32
-33
-73
-29
-37
-54
-14
-47
-56
-11
-33
-2
0
-4
32
-23
25
34
-20
45
28
-23
39
15
3
34
0
18
12
33
20
8
29
-22
-9
3
-25
-10
-16
-30
-56
-46
-39
-62
-39
-55
-27
-69
-74
-20
-103
-51
-42
-80
-19
-57
-31
-41
-32
1
-29
48
4
-1
74
24
30
68
73
25
62
71
38
74
51
37
20
42
25
5
54
-11
-5
10
-47
14
-28
-14
11
-48
-11
-17
-16
-28
-16
-13
-46
-3
-26
-35
-7
-52
-37
14
-14
-40
58
32
-37
89
48
17
82
70
80
33
116
57
26
123
18
95
64
16
74
-3
39
5
2
19
-18
-4
-32
15
-40
-24
32
-46
-22
11
-15
-45
-6
-21
-63
-8
-42
-70
-29
-51
-87
-33
-29
-83
-5
-21
-58
-5
-23
-1
-20
8
8
-25
31
-32
-6
25
-33
6
11
-6
-5
-18
-6
-13
-38
-3
-9
-51
-39
-42
-33
-59
-37
-9
-75
-5
-34
-58
22
-70
-15
2
-59
-7
-20
3
-48
-1
29
-50
40
26
-3
33
33
36
28
68
39
46
73
48
46
58
54
28
58
47
11
60
19
9
26
3
19
-28
11
-11
-20
13
-31
10
-29
-12
9
-30
14
-8
-15
-14
-2
-6
-9
42
-4
5
34
0
19
39
47
27
61
59
18
73
40
29
73
27
21
62
25
-1
16
26
-9
-12
20
-33
-30
-27
-62
-39
-55
-64
-17
-59
-63
-20
-71
-53
-23
-41
-10
-21
-24
-23
-10
-13
-37
50
-5
-47
58
-9
-29
35
12
-20
1
24
-37
4
12
-46
-8
5
-22
3
28
-16
-1
29
-15
6
17
5
17
-22
-7
14
-37
-21
16
-50
-27
13
-63
-28
9
-57
-25
27
-35
-39
41
-11
-41
69
18
-28
80
44
-15
74
56
12
55
44
25
37
65
24
23
74
17
12
75
6
22
57
-31
27
5
-1
34
-33
12
8
-43
-7
-10
-30
-28
9
-31
-53
50
-38
-43
50
-37
-27
47
-7
-36
56
2
-24
67
24
7
42
52
3
28
65
-11
46
68
-5
50
35
1
17
21
-6
-10
49
-19
-25
29
-23
-20
8
-19
-12
-9
-43
-4
-39
-38
2
-57
-20
-16
-46
-35
-31
-35
-52
-7
-19
-47
16
-5
-46
28
16
-16
39
42
10
38
45
9
47
37
6
24
27
-15
-18
35
-29
-18
34
-40
-24
13
-19
-30
9
-6
-20
10
-40
2
19
-48
10
-6
-19
-33
-16
-1
-66
2
-39
-41
4
-76
-3
-23
-72
20
-6
-27
11
31
1
2
50
15
29
49
1
23
55
-12
-4
62
-24
-1
26
-33
-7
-8
-27
-34
-12
-30
-36
9
-45
-23
23
-29
-8
12
15
8
25
15
17
44
-18
43
54
-19
45
53
-10
12
64
20
9
65
16
14
63
8
23
65
2
27
61
6
17
50
17
2
24
19
4
7
17
-6
3
-13
-6
14
-35
5
13
-35
12
4
-27
9
7
-17
-1
6
-31
-27
1
-46
-33
-1
-52
-40
-11
-60
-47
-17
-59
-36
-19
-41
-33
-14
-26
-46
-10
-23
-32
0
-28
-35
-6
-33
-21
-1
-30
-13
-31
-41
-27
-38
-34
-32
-17
-42
-31
-8
-49
-10
-1
-34
-7
-4
-20
-1
14
-11
3
35
1
-2
28
16
-12
25
17
-5
25
14
9
14
7
14
28
14
21
54
25
24
49
40
37
41
36
42
36
11
33
34
7
29
37
14
12
34
29
0
34
31
23
39
34
45
34
39
35
40
42
17
37
44
6
18
22
1
24
1
-8
7
-16
-20
-4
-23
-24
-6
-4
-22
-20
5
-18
