-2
-2
0
0
-4
-5
1
0
4
-4
-1
-5
-8
-2
-2
-2
-2
-1
-6
-8
-9
-5
-8
-6
-3
-5
-5
-6
-6
-8
-4
-5
-1
-1
0
-1
-1
1
-1
3
2
3
2
2
5
3
1
4
0
1
2
0
-1
-4
-1
-5
-1
-4
-2
-2
-7
-5
-6
-6
-2
-1
-4
-4
-1
-1
1
0
-4
0
2
4
5
3
4
4
2
1
6
6
5
8
5
8
5
5
10
7
5
8
10
6
8
7
9
8
8
10
9
5
3
8
11
7
6
6
3
0
4
3
2
2
1
1
-2
1
2
-2
-5
-4
-3
2
-1
-4
-3
-4
-2
-5
-3
-8
-3
-1
-6
-4
-2
-5
-6
-3
-7
-4
-5
-4
-4
-2
-2
-1
-2
0
-2
-5
0
0
2
3
2
-2
-2
-1
-3
0
-1
0
-1
-5
-4
-4
-5
-4
-5
-6
-4
-5
-7
-5
-2
-3
-4
-1
-4
-2
-2
-1
-1
-1
-1
5
5
-3
-1
0
1
-1
4
2
3
-1
-5
2
1
5
-1
1
-1
-3
3
3
0
5
2
-3
-1
3
3
0
1
2
3
-1
2
1
2
2
-2
-1
0
1
3
4
0
2
5
2
2
0
5
7
1
5
9
1
1
4
4
1
1
3
6
1
-4
-2
0
1
-1
-3
-7
-2
-2
-5
-2
-4
-4
-4
-5
-5
-6
-8
-3
-4
-6
-5
-5
-5
-5
-8
-4
-5
-6
1
-1
-3
-1
0
-1
0
1
4
6
2
5
9
7
7
7
4
6
4
2
6
6
6
7
3
0
-1
-2
-2
2
1
0
1
0
0
-2
-2
-1
2
1
1
1
2
5
-1
2
-2
1
1
2
4
2
4
1
-2
-1
1
-1
2
2
2
2
-1
2
0
0
-4
2
6
1
2
0
-2
0
-1
-2
-1
2
-1
-3
-1
-5
-2
-3
-3
2
-5
-7
-3
-3
-2
-3
-5
-2
-5
-5
0
-5
-5
-3
-4
-2
-2
-7
-4
-4
-2
-1
-3
-2
1
-2
-3
0
1
3
3
3
2
0
5
7
9
4
6
6
1
8
3
6
5
-1
3
5
1
1
1
-3
-1
0
0
-1
0
-3
-3
0
-3
-2
-5
-2
-2
-6
0
-1
-2
-8
-8
-2
-8
-5
-2
-2
-7
-6
-5
-10
-5
-2
-3
1
-2
0
-3
-1
3
4
2
0
6
8
2
4
6
3
9
4
0
3
5
7
4
-1
-2
1
2
-1
-4
0
2
-2
-1
2
1
0
-1
1
-1
3
5
1
4
2
5
5
-1
1
1
4
3
1
1
3
2
-3
2
-2
-3
0
-1
0
2
2
-1
-6
-4
2
1
2
0
2
6
1
0
1
1
0
3
4
1
1
2
-1
0
-3
-6
-3
-4
0
-8
-5
-5
-6
-2
-12
-5
-7
-4
-2
-5
-4
-4
-2
1
-1
-2
-2
0
3
5
2
5
6
3
3
2
5
6
5
5
5
6
4
3
2
3
2
2
6
2
-2
-1
-1
-5
-2
-1
-3
-2
-2
-2
-7
-5
-1
-2
-4
-5
-7
-2
-1
-2
0
-2
-2
-2
-1
0
0
0
3
2
1
3
1
-4
0
5
2
0
1
3
-1
2
1
-3
-3
2
5
5
-2
-1
3
-1
1
3
4
4
1
2
2
1
0
3
4
5
4
-3
-2
2
1
5
3
-2
4
2
1
0
1
1
1
4
3
0
0
0
3
0
0
-3
-3
1
1
0
-1
-6
-8
-2
-3
-4
-2
-5
-3
-1
-4
-6
-2
-4
-5
-1
-3
-2
2
-1
-2
-4
-3
-4
-1
-1
-5
0
-2
-3
-4
-2
-6
-7
-6
-7
-1
-2
-3
-9
-5
-1
0
-4
-4
-2
-2
1
0
-1
2
4
-3
1
-1
2
6
0
1
1
2
4
2
3
5
0
1
3
3
4
2
3
6
4
2
3
2
3
4
4
5
9
3
1
5
2
-1
7
2
2
3
2
5
2
0
-1
0
-2
-1
1
6
3
1
0
-2
-1
-2
4
3
1
3
-1
5
1
-5
1
2
1
0
2
2
4
-1
-4
1
0
-3
-1
2
0
-1
0
-5
-3
-2
1
1
-6
2
0
-3
-4
-3
0
1
0
-2
-4
-1
3
-3
0
-1
0
3
0
1
1
2
1
1
1
2
4
3
4
4
-2
1
2
2
4
3
3
2
-3
-1
4
0
1
0
1
2
0
1
2
-1
-1
1
3
-2
-2
1
2
-4
-4
-3
-2
0
-6
-3
-3
-4
-5
-2
-6
-4
-5
-8
-4
-3
-3
-2
0
-2
-3
-1
-6
-4
0
-1
-3
-3
-3
-8
-11
-5
-8
-13
-11
-13
-15
-17
-16
-18
-15
-18
-22
-22
-22
-17
-15
-19
-15
-14
-17
-14
-13
-10
-7
-4
-4
-4
0
0
4
4
5
11
7
8
9
10
11
12
14
14
9
10
11
7
11
8
9
9
9
11
5
7
7
6
4
10
7
8
14
15
6
9
9
7
13
13
14
14
13
11
12
11
9
12
9
9
11
10
10
7
5
1
0
5
0
-1
-2
-1
1
-9
-7
-8
-13
-11
-7
-8
-10
-12
-14
-8
-11
-13
-9
-9
-8
-5
-2
-5
-3
-5
-2
-4
-1
6
0
5
1
-5
0
0
-2
-5
2
-2
-5
-6
-10
-8
-9
-6
-10
-14
-12
-10
-10
-11
-9
-10
-7
-4
-6
-3
-2
-1
6
7
7
8
16
15
14
21
22
24
26
25
27
29
29
31
28
27
22
28
24
19
18
17
15
10
9
0
-2
-4
-8
-8
-14
-14
-17
-18
-18
-22
-23
-26
-20
-22
-23
-20
-16
-15
-20
-17
-19
-15
-16
-17
-11
-12
-15
-17
-20
-22
-21
-21
-30
-33
-31
-37
-38
-40
-42
-49
-51
-54
-57
-52
-52
-52
-56
-52
-48
-46
-42
-41
-35
-26
-20
-12
-4
2
5
16
24
31
43
43
48
55
58
65
64
65
63
63
59
52
46
33
32
18
9
-7
-22
-35
-54
-68
-88
-102
-121
-136
-152
-162
-179
-192
-202
-212
-215
-216
-204
-202
-197
-193
-183
-160
-131
-98
-77
-50
-19
13
53
88
126
157
187
221
250
278
300
314
325
334
338
342
336
325
313
298
279
253
225
202
173
152
129
103
78
57
46
33
25
17
13
17
22
39
61
76
89
106
130
156
187
209
231
252
267
286
298
304
303
301
289
273
258
234
201
158
110
57
0
-57
-123
-194
-266
-338
-414
-492
-567
-644
-709
-777
-841
-902
-950
-986
-1025
-1047
-1063
-1070
-1071
-1058
-1027
-993
-944
-896
-832
-761
-683
-601
-510
-415
-323
-221
-126
-23
76
166
261
344
426
507
576
641
694
741
785
824
849
872
888
897
903
901
898
888
883
874
859
849
830
820
811
801
794
787
777
777
775
771
770
767
765
754
746
737
722
701
672
637
598
548
483
420
342
260
174
76
-37
-157
-276
-401
-524
-647
-776
-905
-1030
-1155
-1264
-1369
-1466
-1553
-1628
-1692
-1739
-1769
-1790
-1797
-1789
-1768
-1726
-1674
-1606
-1525
-1439
-1333
-1227
-1112
-989
-859
-725
-590
-454
-317
-183
-57
71
192
307
411
515
604
687
765
821
877
925
953
979
1001
1009
1009
1000
987
965
945
914
879
845
804
766
722
681
644
602
568
534
498
467
435
418
403
383
377
370
363
369
370
381
396
412
433
451
476
500
526
552
574
593
617
634
645
660
661
654
645
627
601
565
521
467
412
342
263
174
80
-23
-132
-239
-351
-471
-596
-714
-833
-948
-1054
-1160
-1264
-1360
-1445
-1511
-1571
-1621
-1659
-1685
-1702
-1705
-1689
-1665
-1629
-1579
-1520
-1451
-1372
-1287
-1195
-1095
-988
-879
-766
-652
-540
-423
-299
-190
-81
29
129
230
320
415
493
577
651
711
769
818
864
905
937
960
982
997
1008
1007
1007
996
982
962
952
928
895
868
832
796
758
721
685
644
602
561
522
478
441
408
371
341
312
283
263
241
226
212
202
203
200
206
214
229
241
258
278
297
322
345
372
400
416
435
447
456
467
463
454
440
417
383
344
296
241
172
94
14
-80
-173
-273
-377
-488
-603
-714
-821
-933
-1041
-1142
-1236
-1329
-1413
-1479
-1540
-1591
-1630
-1662
-1679
-1680
-1676
-1652
-1620
-1578
-1523
-1457
-1386
-1300
-1210
-1114
-1011
-902
-787
-674
-551
-432
-312
-191
-75
37
150
267
367
464
561
644
725
801
869
929
978
1020
1054
1083
1105
1117
1122
1121
1109
1094
1075
1048
1017
979
940
899
848
798
748
700
645
592
537
485
433
378
333
285
246
201
162
125
97
72
44
28
10
1
-7
-4
0
6
24
37
58
81
111
140
176
213
245
285
320
354
392
424
449
473
489
501
508
505
499
481
452
423
374
322
262
190
119
34
-54
-146
-247
-349
-454
-559
-664
-770
-864
-960
-1055
-1137
-1220
-1284
-1345
-1403
-1443
-1465
-1490
-1498
-1496
-1486
-1453
-1421
-1378
-1321
-1256
-1185
-1112
-1020
-931
-835
-733
-632
-526
-422
-318
-213
-112
-10
86
181
270
352
436
508
580
639
695
749
791
828
866
896
915
932
939
947
950
947
938
927
909
887
864
839
810
780
743
704
661
619
578
534
491
445
396
349
305
263
217
178
136
105
76
45
24
4
-13
-17
-22
-18
-4
9
29
50
83
120
163
208
252
301
352
402
452
497
541
582
616
646
668
678
678
675
652
631
593
534
469
400
321
230
123
14
-102
-228
-352
-484
-615
-746
-876
-999
-1121
-1240
-1351
-1451
-1538
-1619
-1691
-1745
-1789
-1824
-1835
-1841
-1832
-1808
-1778
-1729
-1671
-1599
-1522
-1430
-1331
-1231
-1118
-1004
-886
-763
-639
-512
-388
-267
-145
-27
92
201
302
405
501
587
670
747
812
870
932
982
1021
1054
1082
1111
1126
1137
1145
1145
1141
1136
1123
1112
1089
1058
1033
999
969
935
893
853
808
766
724
676
630
580
538
502
455
418
382
351
318
295
275
256
245
241
238
243
257
270
288
311
335
367
399
431
470
506
541
571
593
616
632
648
656
648
633
609
575
532
478
408
327
244
145
36
-77
-203
-330
-469
-600
-737
-883
-1011
-1151
-1281
-1404
-1520
-1616
-1715
-1803
-1871
-1923
-1967
-2005
-2019
-2020
-2006
-1979
-1936
-1882
-1814
-1742
-1659
-1558
-1457
-1344
-1230
-1104
-979
-847
-717
-587
-457
-334
-204
-75
47
157
273
382
480
578
669
752
829
901
967
1027
1083
1133
1174
1215
1244
1270
1291
1311
1325
1326
1328
1328
1319
1310
1290
1264
1238
1202
1165
1120
1073
1021
959
900
838
768
698
625
552
477
400
333
260
186
129
70
11
-38
-81
-116
-149
-173
-187
-191
-193
-183
-163
-145
-117
-84
-43
3
45
94
146
198
246
295
338
371
404
428
445
453
453
443
419
390
345
288
231
150
61
-33
-131
-227
-340
-457
-579
-700
-816
-930
-1042
-1153
-1256
-1348
-1432
-1507
-1570
-1631
-1679
-1710
-1726
-1741
-1738
-1719
-1699
-1657
-1608
-1557
-1493
-1415
-1333
-1246
-1151
-1052
-947
-837
-731
-616
-502
-387
-277
-161
-52
53
166
268
371
469
557
647
727
803
876
946
1007
1060
1112
1154
1193
1223
1248
1266
1281
1289
1286
1281
1272
1256
1232
1205
1180
1142
1102
1054
1004
951
896
841
779
719
657
588
525
463
403
348
295
243
192
146
108
74
48
30
15
4
1
7
15
29
55
85
111
145
187
227
272
309
358
402
442
476
508
534
551
564
568
569
554
529
493
451
395
329
249
168
76
-29
-132
-252
-371
-492
-626
-751
-875
-1005
-1122
-1237
-1344
-1447
-1546
-1633
-1705
-1772
-1828
-1867
-1898
-1917
-1921
-1916
-1898
-1862
-1821
-1768
-1700
-1627
-1546
-1452
-1349
-1244
-1128
-1005
-886
-759
-629
-498
-363
-236
-98
31
152
276
399
516
625
727
823
914
996
1074
1144
1208
1256
1301
1340
1371
1397
1407
1414
1417
1406
1395
1379
1356
1330
1295
1253
1209
1164
1113
1064
1005
948
890
828
770
710
643
584
526
470
419
362
313
274
231
189
156
129
102
78
61
53
45
44
44
53
65
75
91
104
130
156
181
205
230
259
285
299
314
331
336
343
340
332
315
290
262
218
168
111
48
-25
-109
-192
-289
-394
-495
-605
-719
-833
-945
-1061
-1172
-1276
-1377
-1468
-1555
-1635
-1707
-1770
-1818
-1853
-1880
-1890
-1888
-1883
-1854
-1817
-1769
-1702
-1634
-1554
-1461
-1359
-1251
-1133
-1009
-882
-749
-616
-476
-339
-202
-59
78
211
333
457
578
685
790
887
975
1058
1130
1200
1249
1293
1334
1359
1378
1386
1392
1390
1378
1363
1337
1306
1279
1237
1196
1159
1110
1062
1014
963
914
863
809
760
707
650
605
556
507
460
417
375
335
299
267
232
206
185
165
148
131
124
115
116
123
126
138
150
166
182
202
224
252
271
298
325
346
370
389
403
413
420
412
402
387
361
332
297
253
200
133
58
-18
-99
-194
-303
-406
-513
-623
-733
-846
-961
-1080
-1187
-1298
-1395
-1473
-1552
-1631
-1703
-1749
-1792
-1826
-1841
-1848
-1841
-1827
-1806
-1764
-1703
-1633
-1558
-1479
-1390
-1290
-1186
-1077
-967
-839
-709
-593
-464
-332
-201
-77
36
148
258
368
476
572
663
747
832
900
955
1010
1055
1096
1135
1160
1181
1194
1205
1210
1210
1209
1200
1195
1182
1156
1136
1127
1115
1091
1059
1035
1006
974
940
913
883
847
803
765
735
705
662
601
551
509
473
423
383
358
322
280
242
208
179
156
140
126
121
119
123
125
126
147
178
197
208
230
256
276
301
343
376
396
389
355
340
329
320
309
271
224
159
71
-18
-114
-213
-324
-434
-565
-703
-831
-952
-1080
-1230
-1376
-1500
-1611
-1742
-1851
-1920
-1967
-2016
-2090
-2128
-2140
-2150
-2146
-2110
-2038
-1950
-1875
-1807
-1715
-1584
-1429
-1295
-1182
-1055
-911
-773
-643
-483
-300
-153
-74
-2
118
270
384
435
497
597
665
678
718
848
938
883
810
860
965
986
965
1018
1112
1104
1008
1006
1122
1210
1181
1156
1259
1386
1420
1380
1420
1530
1520
1421
1413
1535
1590
1489
1394
1410
1426
1332
1201
1155
1147
1061
913
816
808
792
665
514
454
440
363
253
242
294
267
185
180
253
282
229
231
303
332
332
366
454
505
499
481
496
499
393
227
177
217
153
-53
-242
-335
-533
-824
-1049
-1122
-1252
-1560
-1854
-2069
-2221
-2388
-2562
-2707
-2855
-3039
-3226
-3314
-3277
-3194
-3110
-3075
-3081
-3044
-2911
-2670
-2390
-2149
-1962
-1750
-1487
-1253
-953
-499
-61
34
-46
169
607
931
1145
1491
1761
1665
1414
1422
1741
1999
1991
1842
1790
1763
1522
1295
1382
1567
1388
956
828
962
889
594
529
691
649
396
330
500
498
313
286
445
589
692
716
663
707
774
723
701
974
1255
1119
947
1042
1089
925
881
1043
1111
1070
993
860
721
731
878
860
821
1023
1104
771
474
675
1031
1182
1223
1270
1279
1179
1100
1089
1209
1456
1649
1583
1429
1488
1509
1132
569
400
630
763
552
92
-480
-1123
-1660
-1914
-1958
-1902
-2047
-2755
-3805
-4434
-4337
-4117
-4225
-4500
-4732
-5033
-5417
-5513
-5189
-4669
-4327
-4343
-4447
-4211
-3569
-2955
-2613
-2295
-1779
-1232
-852
-411
281
967
1286
1319
1473
1938
2562
2957
3000
2986
3138
3161
2804
2614
3005
3362
2926
2082
1686
1749
1715
1342
1003
950
809
243
-380
-367
43
4
-479
-653
-375
-282
-505
-522
-155
143
67
-15
274
780
991
903
984
1359
1631
1562
1546
1790
2057
1978
1744
1826
2016
1851
1415
1363
1676
1731
1395
1008
888
917
1053
1141
993
842
864
890
795
867
1100
1232
1341
1432
1469
1534
1808
2026
1773
1576
1864
2269
2276
2181
2154
1655
748
193
539
1073
745
-536
-1738
-2035
-2093
-2674
-3451
-3660
-3654
-4511
-5990
-6689
-6034
-5425
-6122
-7300
-7524
-6924
-6689
-6909
-6794
-6095
-5424
-5360
-5419
-4691
-3249
-2277
-2282
-2225
-1284
64
889
1241
1699
2392
2947
3129
3372
4014
4691
4762
4391
4255
4432
4502
4243
3949
3746
3400
2786
2164
1872
1668
1274
787
376
-8
-461
-747
-842
-994
-1270
-1369
-1110
-971
-1188
-1384
-1163
-843
-737
-527
-52
410
497
468
746
1283
1718
1801
1844
2091
2297
2153
1978
2298
2705
2535
1922
1672
1985
2167
1924
1581
1495
1461
1428
1571
1622
1431
1209
1243
1392
1516
1689
1797
1753
1746
2035
2338
2405
2303
2134
2298
2758
2950
2665
2485
2475
1605
97
-221
1254
2038
138
-2653
-3402
-2376
-2428
-3997
-4809
-4186
-4411
-6715
-8726
-8059
-6055
-5968
-8110
-9493
-8633
-7438
-7710
-8224
-7305
-5795
-5346
-5804
-5538
-4049
-2376
-1666
-1647
-1114
299
1732
2216
2114
2496
3618
4597
4763
4650
4983
5549
5528
4841
4437
4833
5265
4580
3184
2485
2652
2461
1383
552
499
309
-776
-1878
-1832
-1157
-1220
-2185
-2760
-2394
-1992
-2145
-2204
-1558
-898
-1006
-1292
-732
408
904
798
1120
1962
2431
2385
2587
3133
3517
3459
3308
3403
3592
3504
3094
2892
2971
2887
2603
2465
2358
2066
1919
1906
1752
1635
1789
1897
1680
1496
1527
1687
2031
2441
2560
2276
2020
2140
2551
2948
3192
3325
3068
2116
731
14
756
1985
1615
-962
-3454
-3652
-2634
-2962
-4541
-5253
-5136
-6139
-8290
-9309
-8195
-6947
-7660
-9722
-10643
-9442
-7999
-8119
-8859
-8171
-6452
-5613
-5760
-5168
-3410
-2040
-1785
-1526
-163
1800
3024
2987
2615
3281
4886
5957
5890
5667
5947
5992
5439
5103
5501
5848
5186
3745
2523
2217
2366
1979
909
-44
-567
-1341
-2315
-2540
-2013
-1980
-2935
-3730
-3535
-2903
-2659
-2708
-2520
-2014
-1544
-1401
-1126
-312
588
915
952
1564
2513
2900
2796
3082
3849
4303
4240
4126
4198
4192
3967
3730
3644
3771
3830
3466
2884
2748
3016
2881
2395
2201
2314
2300
2200
2217
2148
2211
2598
2895
2585
2167
2439
2929
2910
2717
3261
3976
3083
466
-1203
245
2676
2002
-2023
-5013
-4125
-2251
-3072
-5505
-6069
-5284
-6632
-9902
-11007
-8565
-6552
-8262
-11467
-11814
-9278
-7693
-8668
-9604
-8216
-6089
-5610
-6063
-5260
-3046
-1320
-998
-848
545
2698
3670
2993
2529
4054
6455
7303
6336
5491
5811
6258
6075
5806
5848
5468
4124
2613
2097
2489
2432
1142
-405
-1087
-1336
-2206
-3231
-3318
-2857
-3063
-3999
-4424
-3947
-3364
-3299
-3206
-2509
-1758
-1693
-1830
-1055
423
1348
1452
1714
2581
3267
3380
3660
4485
5152
4988
4628
4750
5056
4920
4523
4397
4449
4300
3839
3487
3389
3276
3003
2849
2916
2760
2286
2093
2418
2780
2868
2898
2842
2584
2371
2550
2989
3340
3682
3893
3377
1523
-645
-800
1478
2762
-160
-4950
-6252
-3579
-1960
-4136
-6851
-7043
-6843
-9047
-11631
-10865
-8003
-7631
-10670
-12767
-11119
-8423
-8239
-9745
-9622
-7381
-5535
-5479
-5598
-4112
-1624
-62
177
593
2128
3695
3909
3367
4122
6489
8335
7904
6254
5636
6396
7084
6593
5524
4902
4677
3818
2181
1101
1352
1657
370
-1882
-3252
-3418
-3635
-4258
-4257
-3569
-3756
-5217
-6045
-4904
-3255
-2918
-3261
-2901
-2191
-1894
-1362
135
1719
2044
1694
2142
3359
4185
4372
4761
5525
5877
5512
5109
5196
5514
5508
5167
4903
4890
4643
3968
3408
3387
3630
3504
2935
2308
2195
2580
3008
3003
2817
2878
2911
2727
2679
3146
3650
3936
4192
4226
2862
407
-696
931
2709
880
-3724
-6139
-4155
-1762
-3015
-6367
-7567
-7105
-8300
-10883
-11185
-8884
-7827
-10051
-12367
-11465
-8883
-8017
-9387
-10014
-8314
-5923
-5046
-5124
-4320
-2038
14
598
709
1774
3425
4070
3680
4005
6038
8028
8051
6485
5621
6248
6875
6287
5294
4822
4544
3507
1980
1243
1544
1317
-489
-2641
-3571
-3591
-4159
-4895
-4866
-4495
-4952
-5772
-5803
-4923
-4271
-4162
-3740
-2806
-2016
-1786
-1391
-172
1277
1985
2218
2669
3463
4081
4511
5269
6203
6404
5879
5365
5456
5822
5872
5592
5231
4868
4435
4018
3751
3622
3207
2557
2175
2260
2398
2269
2034
2101
2537
3192
3552
3262
2613
2548
3258
4295
5102
5450
4709
2109
-917
-1157
2058
3858
222
-5929
-7380
-3520
-816
-3342
-7286
-8217
-7861
-9699
-12133
-11130
-8059
-7755
-11206
-13405
-11320
-7954
-7695
-9653
-10065
-7617
-5012
-4341
-4481
-3209
-484
1407
1363
995
2408
4370
4781
3859
4596
7405
9328
8033
5482
4929
6431
7294
6018
4320
3785
3764
2608
1028
644
1164
324
-2346
-4680
-4953
-4255
-4266
-4961
-5324
-5450
-6012
-6491
-5851
-4423
-3698
-3847
-3651
-2361
-1174
-669
-164
1012
2139
2530
2760
3537
4594
5271
5796
6359
6787
6428
5651
5316
5733
6163
5948
5369
4875
4446
3925
3527
3258
2965
2341
1733
1501
1852
2351
2611
2605
2708
2789
2717
2796
3146
3734
4032
4572
5329
5800
4775
2550
425
342
1856
1927
-1250
-5447
-5876
-2917
-1212
-3909
-7826
-9396
-9028
-9825
-11328
-10903
-9024
-8909
-11453
-12845
-10809
-7933
-7907
-9628
-9808
-7398
-4876
-3737
-3196
-1636
636
2048
1841
1464
2597
4555
5516
5247
5762
7493
8712
7539
5562
5171
6429
6840
5251
3362
2805
2796
2005
1095
773
130
-2249
-5084
-5852
-4496
-3507
-4403
-6039
-6608
-6191
-5750
-5347
-4684
-4301
-4499
-4496
-3101
-981
170
180
197
964
1924
2686
3372
4264
4982
5512
5938
6302
6493
6181
5675
5490
5770
5866
5514
4982
4751
4689
4426
3929
3131
2370
1947
2059
2469
3032
3251
3060
2802
3070
3732
4003
3677
3308
3614
4571
5945
6742
5969
2728
-814
-1087
2190
3351
-1475
-8039
-8534
-3189
-117
-3408
-8695
-10418
-10015
-10838
-12304
-11109
-8783
-9093
-12380
-13797
-10684
-6502
-5951
-8888
-10720
-8616
-4425
-2059
-1837
-1215
1307
3345
2995
2024
3193
5495
6107
5058
5297
7596
9202
7961
5496
4816
6098
6663
4659
1768
535
1281
1850
1021
-577
-1976
-3616
-5517
-6351
-5333
-4205
-4988
-6827
-7325
-6052
-4820
-4457
-4356
-4128
-4100
-3786
-2271
24
1389
1369
1166
1798
2769
3351
3838
4628
5385
5593
5519
5628
5860
5819
5547
5236
4883
4518
4264
4283
4347
4272
3935
3330
2537
1946
2005
2546
3207
3603
3892
3856
3733
4036
5022
5678
5167
4313
4497
5965
7341
7325
4709
741
-1302
753
2947
-180
-7338
-10173
-5551
-914
-3485
-10007
-12482
-10925
-11062
-13662
-13647
-10599
-9647
-12838
-14805
-11547
-6303
-4841
-7826
-10524
-8842
-3932
-237
306
207
2388
5278
5728
4365
4748
7259
8333
6533
5274
7221
9792
9270
6446
4899
5566
5836
3787
581
-1061
-314
728
-293
-2761
-4202
-4405
-5215
-6896
-7119
-5630
-5260
-7231
-8361
-6282
-3407
-3027
-4172
-3981
-2752
-2130
-1488
651
2850
2988
1887
2184
3885
4925
4735
4467
4695
4746
4597
4943
5658
5644
4804
4023
3791
3671
3291
3173
3384
3366
2741
2222
2432
2986
3091
3029
3428
4138
4720
5019
5554
6214
6697
6713
6697
7207
8510
8957
6415
1619
-920
1786
4859
1261
-7729
-12108
-7371
-1063
-2546
-9823
-14298
-13369
-12118
-13582
-14346
-12417
-11283
-13903
-16555
-14169
-7700
-3760
-5958
-10588
-10892
-5222
868
2292
839
1756
5343
7450
6504
6176
8536
10375
8618
5812
6416
9675
10888
8359
5411
4937
5824
4808
1244
-1889
-1983
-467
-1003
-4087
-6495
-6231
-5517
-6515
-7861
-7704
-7265
-8391
-9105
-6858
-3333
-2383
-3785
-4090
-2141
-194
652
1676
2912
3005
2223
2966
5412
6818
5726
4290
4436
5244
5288
4828
4799
4804
4163
3247
2945
3055
2805
1943
1182
1036
1114
1042
825
967
1747
2909
3585
3847
4224
5203
6393
7196
7556
7919
8852
10270
10857
8724
4548
1469
2549
5239
3310
-4402
-10502
-8310
-1525
69
-6140
-12830
-14516
-13213
-13190
-13947
-13121
-12389
-14540
-17198
-15435
-8979
-3649
-4814
-10183
-12826
-8813
-1347
2981
2504
1458
3172
6321
7970
8238
9396
10475
8733
5386
4933
8695
12023
10575
6488
4336
4937
5410
3053
-626
-2427
-2315
-2708
-4617
-6161
-5765
-5317
-7035
-9869
-11281
-10313
-9170
-8932
-7564
-4352
-2133
-2208
-1897
550
3040
3276
2954
3787
4956
5308
5726
6847
7189
5369
3236
3250
4188
4122
3233
2968
2968
2473
1827
1565
1249
281
-715
-879
141
1726
2924
3528
3668
3684
4722
6800
8561
9228
9305
9958
11161
12511
14278
16222
15867
9646
-1642
-9348
-6706
-750
-4003
-15784
-21802
-14864
-6397
-9427
-19431
-24087
-21104
-18880
-19930
-17123
-8541
-1499
-1492
-4579
-3016
3995
8960
6712
1403
2463
11612
19510
18576
12578
9689
10459
8601
2095
-2683
-2172
-437
-1990
-5636
-7031
-6165
-7066
-11694
-17109
-17546
-11954
-6702
-6282
-7049
-3275
2673
3576
-360
-1617
2312
5811
5957
6976
11066
13230
10070
5937
4734
4131
1427
-1338
-1141
550
844
-137
-1247
-2628
-4851
-6721
-6808
-5543
-3909
-2100
-46
1845
3070
3187
2114
1045
1589
3480
5259
6408
7595
8650
8314
6780
5668
5888
6425
6666
7426
9133
10538
10618
10164
9806
9219
8476
8751
10777
12329
8209
-3652
-17545
-23343
-19023
-14473
-18284
-25895
-26064
-17307
-9769
-10666
-15677
-17501
-14748
-10417
-4856
3511
12753
17452
15148
10467
10234
14356
15306
9519
2955
3352
9047
11510
6898
-825
-7246
-12215
-16758
-19193
-17444
-13186
-10004
-9816
-10370
-8034
-3160
-635
-3166
-5729
-1478
8325
15769
17027
15526
14406
11623
5717
305
-978
-564
-2559
-5728
-6041
-3952
-4143
-7887
-11922
-13138
-11493
-7693
-2079
3381
6418
6997
7016
7372
6825
5013
3225
2710
3921
6132
8018
8017
5790
2540
-224
-1578
-1126
383
1390
1884
3208
5606
7115
6166
4422
4157
5518
7773
10616
13788
15869
16253
16791
19191
21322
18169
5860
-12128
-25381
-26577
-20338
-18778
-25810
-32350
-29297
-19745
-14066
-16027
-19725
-19141
-13720
-5541
4839
16006
23798
24224
18994
15296
17007
19682
15842
6141
-469
1098
5940
5684
-1591
-11372
-19299
-23882
-25162
-22953
-18365
-13783
-10628
-7864
-2869
4150
9213
8430
3894
3218
9995
19278
23187
19973
14020
8907
4606
-120
-4899
-9393
-13645
-16396
-15359
-10746
-7212
-8599
-13135
-15045
-10873
-3111
3537
7137
9366
12226
15149
16036
13533
8269
2516
-1024
-1092
1335
3547
3400
1532
-92
-285
-25
-450
-1057
-833
1102
4513
7998
9485
7975
5256
4178
5579
7899
10062
12465
15528
18943
21653
23140
22725
18772
9241
-6577
-23242
-31762
-29013
-23469
-25127
-31309
-31404
-21834
-11595
-9487
-13714
-15870
-11199
-1907
8104
16411
22434
25385
23957
19683
15955
14157
10694
2016
-7843
-11235
-6673
-2093
-4706
-13464
-21137
-22926
-20380
-17214
-15474
-12646
-6391
2167
10025
15252
18149
18042
14169
9249
8322
12226
15141
11768
4207
-1093
-2046
-3197
-8558
-16883
-22895
-23141
-18671
-12345
-7046
-3927
-2333
-110
4263
9311
11736
10544
8569
9089
11929
13357
10501
4477
-1198
-4084
-4438
-4410
-5045
-5365
-3924
-302
3774
6008
5564
3348
1904
2696
4595
5837
5377
4744
5869
8622
11324
12493
12493
12582
14094
16576
18456
18533
16659
12840
3265
-12422
-26800
-31294
-26893
-25013
-29775
-32535
-24413
-9497
-556
-2391
-7469
-7034
-717
6066
10155
13487
17866
20924
19893
16020
12496
8848
789
-11292
-19519
-18232
-11545
-8621
-12204
-16110
-14877
-9588
-5931
-6877
-8689
-5861
2530
11650
17137
19288
20229
19215
14812
9194
5924
4472
298
-6860
-11158
-8955
-5093
-7063
-14347
-19253
-17550
-12794
-9667
-7488
-3406
2425
8113
12789
15727
15274
11270
6780
4786
4592
3579
898
-1533
-1985
-903
-152
-1027
-2799
-3635
-2386
362
3233
5080
5548
5163
4921
4930
4173
2154
324
835
3711
7098
9596
11656
14012
15904
16556
15823
14470
13586
12558
7870
-4495
-20406
-29135
-25272
-19317
-22939
-31272
-30190
-15314
187
3285
-3056
-5990
-112
7963
10926
9998
10653
13874
15560
13498
10307
7781
2823
-7443
-18376
-21519
-16039
-10715
-12383
-16952
-15530
-6782
1404
2137
-2437
-4118
1437
10302
15842
16269
15161
15276
14939
11846
7027
2705
-1753
-8119
-14045
-14701
-10502
-8178
-11559
-15706
-13965
-7799
-3798
-3582
-2809
1375
6974
11426
13893
13668
10747
6997
4629
3120
407
-3302
-5771
-5279
-2725
-386
335
-112
144
2053
4389
5317
4837
4416
4613
4862
4702
4065
2793
1009
667
2924
6366
8676
9411
11030
14494
17368
17436
15720
14879
12774
2022
-16027
-29460
-27717
-19302
-20486
-29587
-31408
-17015
1724
8454
1801
-5367
-2686
6248
11680
9655
6450
8773
14299
16157
12496
7813
3571
-4503
-16291
-23292
-20026
-13159
-12554
-16832
-15842
-6184
4386
6888
1420
-3327
-318
8393
14292
13165
10060
11305
15052
14645
8722
2036
-2601
-7502
-13277
-15634
-12817
-9978
-11807
-14380
-10724
-2485
2055
92
-2042
1014
6921
10497
10551
9067
7473
6279
5241
3224
-635
-5104
-7715
-7267
-4827
-2156
-433
339
1753
4958
8216
8512
5631
3088
3334
4406
3681
1450
130
711
2269
4227
6271
7925
8596
9703
12489
14779
15058
13871
14007
11248
-1066
-17882
-26808
-21811
-16936
-23289
-32055
-27429
-8613
7165
8869
1225
-2339
3122
10858
12047
6310
2919
7033
13242
13891
9659
6132
2309
-6565
-17490
-21733
-17817
-14542
-17073
-19139
-12780
-147
8780
8181
1991
-459
4620
11492
12350
7583
5287
9192
13863
12658
6618
861
-3432
-8574
-13932
-15556
-13236
-11764
-12962
-11745
-4807
2966
4711
1963
1350
4707
8077
8186
6223
4499
4071
4239
3402
386
-3578
-6201
-6643
-5825
-4422
-2520
-620
1251
3918
7454
9349
7900
4871
3500
4023
3844
1825
71
610
2797
5125
7179
9440
11580
13187
14141
15132
15738
14912
8114
-6266
-20327
-24471
-18594
-17196
-25803
-32573
-23935
-4073
8683
6652
-1655
-2394
6038
13817
12572
5351
2705
7749
13459
13035
8373
4558
214
-7862
-15893
-17591
-14252
-14313
-19203
-20032
-10659
2538
8358
4758
151
2591
9959
14039
10582
4688
4053
8954
12740
10457
4451
-404
-3449
-7112
-11255
-13370
-13603
-14665
-15523
-11581
-3045
3236
3386
2212
4754
8879
9730
7132
4227
2838
2889
3542
2992
-4
-3378
-4433
-3479
-3318
-4483
-4789
-3048
120
3769
6967
8287
7280
5706
5306
5122
2954
-649
-2503
-908
2568
5519
7714
10145
12995
15159
16783
17683
16499
9420
-4857
-18133
-22437
-18506
-18058
-25680
-30943
-23254
-5507
7163
6838
-622
-2775
4367
12352
11874
4626
1511
6907
13610
14234
10006
5929
1392
-6336
-14102
-16626
-14792
-15170
-18876
-19043
-10449
1657
7500
4437
-389
1325
8180
11937
8261
2754
3280
9392
13660
11618
6142
1893
-906
-4661
-9183
-12235
-13587
-15124
-15357
-10930
-3094
2235
2348
1753
4171
7607
8388
6269
3527
2004
2645
4426
4277
643
-3303
-3757
-1996
-1808
-3543
-4049
-1708
1885
5199
7140
7172
5811
4659
4566
3915
1546
-1088
-1239
1697
5539
8412
10990
13434
15871
17812
18754
13346
-2489
-19009
-23847
-17119
-16308
-26573
-32561
-21658
-1137
10172
7799
544
-794
4664
9164
6639
126
-932
5342
11206
11669
9790
8721
3952
-6709
-15464
-15626
-12001
-14138
-19713
-17936
-5713
6807
9784
4657
387
2533
7388
8236
3324
-1263
502
6631
10290
8706
5174
2449
-925
-5554
-8724
-8994
-9079
-10758
-10758
-5640
1174
3657
1704
300
2019
3917
3751
2444
1531
1643
3120
4979
4505
1127
-1839
-1987
-1096
-1455
-2079
-1183
1095
3965
6791
8482
7724
5572
4250
4014
3067
896
-610
251
3157
6657
9773
13133
16750
19311
14777
299
-14876
-20106
-15575
-16853
-27247
-32559
-21327
-624
11137
9174
2087
1546
7746
11345
6169
-2598
-3830
3294
9732
10127
8293
8027
4596
-4885
-13868
-15209
-12649
-15291
-21111
-19280
-6234
7308
10742
5663
2244
5666
10338
8812
1469
-3271
-335
6097
8751
6251
3130
1301
-1915
-8589
-15568
-18217
-17901
-16705
-13231
-4548
5986
12248
14031
14647
14804
11902
6593
1136
-3017
-5291
-4904
-2801
-1777
-2174
-1788
-289
460
-284
-426
1621
4816
7882
10435
12367
12844
11694
9429
7164
4945
3290
2990
5174
9711
13356
10495
-707
-12109
-15086
-12357
-16178
-27291
-32556
-22607
-4519
6608
6905
4298
7215
13923
15923
9583
1057
-1039
2712
5405
4935
5102
6843
4662
-3127
-9858
-10548
-10206
-15696
-22987
-21413
-9532
1986
4830
2334
3234
9393
14026
11369
4019
-274
1628
5273
5854
3919
2998
2878
225
-6278
-12831
-15803
-17043
-18309
-17010
-9390
709
7335
10382
12876
14374
12064
6972
1637
-2789
-5680
-5735
-3706
-2003
-951
1207
3652
3971
2127
1092
2217
3716
4584
5761
8011
9825
10251
9581
8975
8223
7330
8054
10508
10934
3701
-7774
-13590
-11005
-9711
-18096
-27981
-26606
-13373
-387
3480
1251
847
6579
13712
14516
8272
2707
3920
7874
8318
6169
5514
4928
47
-6674
-9003
-7485
-9353
-16367
-20324
-14831
-4526
1083
-206
-2089
1521
8597
11916
8497
3210
2676
6218
7973
5683
2798
1868
-257
-5794
-11008
-12826
-13808
-16664
-17049
-10763
-1917
3567
6111
9203
11943
11946
9430
5560
912
-2806
-3556
-2603
-2929
-4162
-3496
-661
1490
1690
1652
2741
4376
5823
7791
9712
10008
9124
9451
11501
13184
13196
11435
5347
-5329
-13859
-14317
-11574
-16123
-25419
-26550
-14723
-476
4629
1570
-1029
2571
9319
11980
7694
2179
2686
8175
11535
10091
7554
5936
2107
-4471
-8701
-8431
-8756
-13540
-17321
-13127
-3386
2788
1626
-1692
-689
4629
8261
6129
1198
-151
3911
8424
8635
5731
3039
610
-4051
-9013
-11667
-13545
-16326
-16584
-9945
-962
4370
6307
8567
10734
10487
8202
4445
-417
-4010
-3820
-1665
-1254
-2671
-2586
-224
2341
3191
2928
2997
4086
6155
8411
9768
9750
9371
10101
12072
13125
10627
2632
-7766
-14173
-14051
-12888
-17273
-23627
-23080
-12879
-944
4009
1774
-972
1436
7039
9562
6818
3295
4155
8582
11960
12445
10925
7911
2509
-3628
-6881
-7484
-9571
-14742
-17777
-13673
-5217
52
-922
-3568
-2286
2730
6195
5051
2182
2377
6220
9953
10730
8804
5558
1675
-2639
-7014
-11009
-14420
-16201
-14600
-9291
-2682
1901
4065
5755
7464
7495
4978
1559
-834
-1472
-454
1161
2178
2233
2606
4032
5352
5320
4080
3320
3968
5439
6669
7170
7117
7395
8742
10602
9205
987
-9606
-14451
-12010
-10608
-15597
-20576
-17634
-7342
2213
5486
3187
400
1642
5531
6580
3143
-14
1267
4937
7049
7738
7627
4978
-1011
-6078
-6389
-5006
-6965
-11304
-11863
-6294
988
4275
2585
-197
172
3352
4938
2570
-741
-590
2599
4763
3685
907
-1588
-3581
-5204
-6465
-7610
-8728
-8402
-5343
-801
2691
4120
4553
4977
5526
5577
4164
1484
-699
-676
851
1474
521
-377
481
2456
3768
4095
4384
5236
6916
9270
11333
12266
12340
11507
6368
-2912
-10503
-11942
-11586
-15812
-20672
-19179
-10837
-2517
1094
537
-1332
-1053
1492
2766
471
-1685
640
5710
8825
9702
10671
10232
5756
-505
-3740
-4102
-5982
-9829
-11474
-8442
-3131
460
646
-1355
-2372
-1017
583
74
-1350
-850
1291
3124
3849
3502
2129
155
-1337
-2659
-4142
-4583
-3509
-1983
-646
1449
3746
4428
3471
2659
2474
1690
234
-623
-181
802
1507
2051
2967
3947
4135
3959
4325
5058
6024
6776
7986
9543
11534
11679
5471
-3852
-9651
-9288
-10368
-16369
-20120
-17254
-10330
-4954
-969
1229
798
176
1378
3139
2445
1045
1553
3139
4627
6418
8096
6658
2188
-1103
-1666
-2351
-5338
-7958
-7986
-6352
-4486
-2975
-1870
-1942
-1989
-1270
-716
-1401
-2635
-2403
-1191
-120
535
1506
2342
2340
2314
2685
2561
1296
337
896
1726
1413
719
899
1280
459
-835
-1139
-618
-364
-104
1413
3592
5188
6195
7349
8230
8040
7613
8080
8580
8238
7896
9082
10005
6342
-330
-5501
-7312
-10365
-16664
-20587
-19423
-15190
-11894
-8793
-4674
-978
2021
3854
4333
3374
2570
3421
4604
4989
4882
4950
4951
4248
3258
1665
-1420
-5708
-8916
-9245
-7919
-7081
-7136
-6307
-3478
156
1743
-57
-2352
-2146
-174
601
-171
-123
1274
3135
4203
3609
1456
-711
-1034
-249
-95
-775
-706
1107
3341
4275
3435
1994
1103
954
1158
1143
1107
1704
3293
5017
5997
6442
6974
7907
8670
9172
9690
10706
11174
8453
3032
-1641
-3708
-6285
-11457
-15549
-15325
-12553
-10497
-9158
-7401
-5870
-4588
-3030
-1598
-1188
-1166
154
2328
4129
5067
5200
4516
3308
2290
1055
-884
-2979
-4285
-4473
-4078
-3799
-4370
-5193
-5047
-4134
-3698
-3929
-3421
-1676
511
2309
3335
3748
3896
3776
3097
1869
570
-419
-949
-951
-662
-545
-577
-256
468
1166
1474
1812
2536
3377
3917
3939
3814
3663
3261
2754
2344
2149
2122
2355
2989
3581
4144
4560
5117
5820
6655
6852
5113
2780
1139
168
-2001
-4836
-6155
-6337
-6139
-5865
-4998
-4642
-5294
-5309
-4567
-4193
-4737
-4910
-3701
-2195
-886
-33
442
1052
1423
1245
164
-727
-1065
-2113
-3204
-3304
-2672
-2807
-3491
-2851
-1702
-1079
-722
-16
850
1071
1490
2055
1922
1011
370
628
466
-450
-1138
-821
-234
-167
185
1215
2116
2250
2271
2848
3469
3304
2646
2230
2154
2150
1825
1186
547
473
949
1211
1081
1301
2171
2863
2918
3158
3568
3817
3819
4142
4496
3384
2177
1674
1368
-162
-2230
-2941
-3258
-3581
-4085
-4131
-3884
-3863
-3527
-3186
-3052
-3221
-3499
-3246
-2820
-2750
-3017
-3155
-2579
-1982
-1784
-1796
-1548
-813
-118
521
1150
1400
1143
879
1094
1148
351
-499
-617
-142
-18
-428
-758
-786
-699
-723
-773
-798
-563
-16
748
1284
1329
1539
2102
2332
1978
1370
925
925
998
771
456
263
488
901
935
765
785
1024
1243
1317
1579
2180
2541
2403
2277
2185
1922
1553
1012
639
585
673
912
1075
1296
1013
299
-64
-310
-772
-1775
-2324
-2270
-2208
-2081
-1759
-1248
-1497
-1955
-1656
-1256
-1430
-2089
-2285
-1925
-1902
-2111
-2294
-2232
-2256
-2231
-1750
-1347
-1052
-674
126
971
1290
1397
1574
1899
1926
1470
1085
778
387
152
23
-552
-1042
-991
-943
-1166
-1385
-1190
-916
-571
82
906
1336
1552
2056
2191
2091
1784
1466
1259
659
328
620
722
370
299
320
300
356
307
267
340
288
412
570
248
430
745
487
302
301
546
754
675
658
857
1070
1018
986
874
482
270
-80
-637
-1063
-1516
-1707
-1646
-1917
-2198
-1680
-912
-777
-876
-771
-617
-382
-552
-787
-662
-521
-558
-458
-286
-459
-691
-861
-850
-736
-780
-820
-744
-818
-102
619
511
331
223
173
348
630
108
96
663
859
914
737
586
330
-9
-345
-692
-485
-307
-358
65
509
722
504
856
883
591
543
537
976
629
167
153
150
75
4
-21
-115
-174
-150
100
497
387
341
420
534
893
889
938
685
590
397
-42
-249
-449
-452
-622
-393
-325
-284
-56
-104
134
409
282
203
232
244
74
-201
-466
-556
-668
-1284
-1032
-1084
-1520
-1260
-1198
-778
-580
-339
-51
306
835
701
979
1202
954
553
35
101
-380
-808
-903
-1226
-1049
-1258
-1054
-992
-988
-562
-543
-248
127
163
104
579
826
963
1007
778
955
951
228
219
381
-377
-262
-541
-626
-445
-381
-182
-425
-37
-13
392
527
591
772
552
1005
909
629
708
322
-7
-114
-399
-306
-167
-417
-544
-14
-22
-246
-53
-137
16
102
326
486
508
723
866
661
186
207
262
-183
-65
-137
-290
63
-3
124
32
30
123
187
332
313
309
15
102
58
-81
-39
-550
-428
-289
-574
-561
-593
-963
-1027
-795
-1111
-1099
-1227
-1042
-729
-731
-858
-413
198
306
1014
613
738
1067
266
434
131
-584
-679
-371
-552
-222
-164
-504
371
252
152
310
175
148
-13
159
93
-58
-164
-31
310
205
-50
-31
-350
129
118
-165
329
-27
257
322
762
813
589
585
614
854
93
894
999
750
959
827
1014
242
418
-33
-548
-476
-764
-179
-329
-199
181
298
501
131
320
136
-443
-135
-394
-847
-399
-563
-653
-142
-249
-795
-464
-384
-827
-707
-715
-303
-155
359
336
415
832
538
272
-168
92
-907
-900
-449
-655
-100
-221
15
142
51
-94
-191
-613
-841
-773
-649
-466
-434
-404
-361
-566
-752
-699
-908
-542
-311
-91
211
449
610
703
797
785
1248
609
649
707
453
958
465
235
954
1170
751
1216
763
723
1030
-176
325
84
-884
-439
-299
-553
-240
-228
-383
241
383
-175
514
540
413
962
330
654
3
-256
-25
-524
-310
-735
-599
-492
-676
-152
-506
-221
138
-284
241
619
457
614
1368
589
604
874
-255
98
-382
-1084
-579
-796
-1102
-475
-538
-1115
-860
-556
-779
-754
-963
-552
-404
-358
-171
-577
346
-53
-313
364
-236
-302
-147
-174
-55
566
-177
379
769
-86
890
441
295
570
272
553
731
256
209
471
-10
-14
-176
-915
-619
-626
-603
-212
-7
357
569
943
762
490
895
129
-188
58
-397
-369
-221
-340
-21
406
179
874
805
733
1078
473
988
1304
1030
1155
599
275
257
29
-478
-580
-794
-1569
-736
-1038
-1174
-810
-1105
-45
-393
-341
-183
-61
-11
202
207
-611
67
-305
-397
-192
-809
-933
-629
-672
-420
-658
-1124
-62
134
367
728
6
534
1113
692
1074
799
58
717
570
-94
-261
-444
-1114
-416
-858
-1448
-266
-866
-173
475
-320
254
388
428
343
299
276
276
559
203
417
357
-144
66
-227
79
196
621
914
708
1557
1154
911
1401
778
489
671
354
-24
-110
-72
-828
-217
-737
-1371
-746
-1010
-571
-439
-788
-371
-305
-362
410
-15
334
359
36
-191
-35
-723
-923
96
-785
-139
-216
-251
321
416
-26
246
-167
-177
563
-82
785
490
97
830
635
83
-122
-610
-858
-879
-879
-835
-841
-891
-733
-629
-674
-464
-482
122
438
332
573
629
155
921
459
279
795
234
550
355
432
77
322
201
167
499
361
406
623
924
548
904
457
348
392
242
79
-211
-80
-228
-26
-432
-308
-341
-195
-59
-139
-69
-315
-562
-1122
-548
-406
-362
-210
-171
42
-316
444
-63
-12
135
-48
186
409
-220
-210
733
-330
350
77
-255
-289
-77
-370
-612
-94
-834
-445
-395
-544
-413
-295
-669
-257
-232
-484
-475
-643
-379
-281
-35
202
325
192
529
344
383
160
196
790
329
587
1007
490
754
1043
453
576
382
161
198
56
8
46
133
-150
225
-174
-115
197
120
168
-10
479
6
375
240
40
550
-235
-221
-74
-540
-424
-374
-346
-131
-227
98
226
162
231
92
249
265
227
139
214
334
-58
-69
-86
-371
-202
-772
-466
-757
-971
-549
-477
-508
-492
67
-648
115
-196
-86
-290
-382
-149
-788
-201
-333
-109
-280
-107
-415
168
-28
117
-29
-80
470
205
960
337
1117
572
937
979
97
334
74
258
-184
126
-582
-611
67
-277
-58
-174
-198
289
309
720
271
118
454
159
563
-221
-181
87
-363
157
-131
-385
-271
131
110
378
81
-123
685
216
380
498
246
93
589
547
-201
488
-438
-120
167
-1269
-284
-459
-1114
128
-75
-796
-450
-69
-300
-68
-125
-292
410
-376
336
-264
-285
57
-662
-151
-552
114
-890
392
70
-350
248
-87
246
-413
417
-117
111
185
257
265
648
387
120
185
-55
-27
-372
-70
-433
378
-130
309
288
-22
374
-103
312
-411
221
-439
54
223
-443
-1
-199
283
-500
-332
-37
-198
-236
106
403
41
434
928
485
1000
760
331
1034
629
240
35
86
-292
-261
-179
-545
-137
-573
-34
-384
-368
258
-912
137
104
-302
266
573
111
-335
560
-698
-153
-165
-652
114
-455
-469
283
-417
-827
251
-303
-484
72
37
-268
374
251
117
416
149
242
79
-37
-440
-292
-456
-70
-206
-27
423
-380
168
-60
-217
-67
-244
-194
395
12
76
314
31
-136
-179
-36
-426
115
-353
90
162
455
583
-150
881
293
510
636
330
578
135
337
94
242
-71
-325
219
49
229
-294
-29
196
-218
18
-2
26
-137
-191
32
203
-396
-259
-29
-376
88
80
-351
546
-5
-275
420
-28
-403
-31
285
-458
141
-20
-447
490
-139
-367
74
-109
-394
-115
384
-439
-415
21
-432
-239
-357
-129
-545
-382
226
-359
187
46
106
-46
-170
187
-372
-396
-76
-111
-140
-67
-204
-4
294
129
170
738
262
75
637
645
8
332
335
-255
427
86
24
-16
-1
177
51
190
255
16
237
475
321
257
247
176
154
373
-66
-21
101
69
-29
88
-23
-251
-44
-259
54
-342
-422
-111
-265
-206
-247
48
-214
-203
186
-71
-76
117
-146
105
94
-135
-122
-85
-174
-478
-2
-330
-504
-149
-314
-255
-298
-177
-176
-154
-29
33
-12
78
13
-183
-70
48
-186
-89
62
-78
90
-26
94
-10
-3
193
36
281
268
-69
143
290
-124
111
270
98
325
517
333
460
615
29
282
473
58
11
375
95
-90
441
139
-41
267
-72
-216
297
-228
-330
140
-162
-202
73
-141
-315
-103
-227
-192
-220
-355
-71
-2
25
6
155
40
11
197
183
146
-95
105
-151
-262
-129
-485
-563
-432
-613
-567
-197
-532
-569
-265
-185
-228
44
150
-163
205
254
69
176
51
-284
-155
23
-120
-130
-143
-193
-316
-162
-321
-202
11
-202
186
400
316
472
483
331
684
596
394
768
675
644
989
687
475
764
484
525
980
519
370
935
516
602
880
404
502
754
372
187
445
13
-92
100
-178
-231
-305
-569
-516
-445
-860
-1022
-1077
-1476
-1539
-1568
-1952
-2081
-2206
-2389
-2242
-2078
-2129
-2046
-1715
-1640
-1236
-873
-895
-647
-309
-308
-18
227
250
308
444
879
955
875
1039
1454
1174
1428
1681
1218
1522
1453
1317
1853
1728
1321
2240
2541
2146
2557
2698
2570
3240
3300
2758
3440
3682
3606
4221
3484
1150
49
-346
-649
-1137
-2315
-2486
-2069
-2097
-2261
-2222
-3299
-5002
-5537
-5170
-4591
-4223
-3960
-3713
-3420
-3020
-2279
-2091
-2569
-2750
-1965
-728
174
961
1236
1005
445
206
317
-130
-579
-438
121
503
591
735
267
-330
-619
-417
-214
-349
-234
-5
297
352
199
87
39
161
822
1860
2232
2078
2189
2321
2585
2607
2283
2613
3346
3641
3967
4813
4709
4099
4103
4097
4249
4722
4828
5328
6518
5326
1929
-232
-786
-779
-1970
-4074
-4362
-3678
-3500
-3567
-3723
-5201
-7586
-8371
-7802
-6807
-5996
-5489
-5045
-4826
-3968
-2735
-2250
-2816
-3163
-1876
95
1668
2973
3735
3523
2968
2931
3174
3026
2535
1930
1564
1529
1419
693
-783
-2265
-3072
-3131
-2914
-2863
-3053
-3289
-3237
-2906
-2603
-2563
-2431
-2037
-1157
238
1234
1512
1338
1375
1669
2230
2780
3236
3637
4038
4650
4899
4668
3893
3442
3493
3732
3684
3392
3707
4032
4029
4341
4710
4691
4889
5208
5764
4596
718
-2043
-1890
-459
-1552
-4223
-4663
-4031
-3919
-4044
-4611
-6469
-8795
-9497
-8176
-6285
-5165
-5051
-5132
-5478
-4662
-2525
-2012
-3063
-3449
-1645
811
2618
3971
4197
3420
2393
2659
3825
4333
3926
3247
3164
3774
4578
4277
1843
-1097
-2795
-3422
-3418
-3297
-3703
-4838
-5405
-4406
-3260
-3272
-4107
-4370
-3519
-2026
-438
564
407
-92
428
1610
2340
2440
2543
3026
4028
4912
5220
4926
4198
3823
4152
4765
4857
4590
4183
3821
3830
3993
3950
3643
3431
3840
4984
5782
6059
6052
3644
-995
-3573
-2358
-468
-1900
-4912
-5277
-3887
-3173
-3808
-5499
-8091
-10377
-10132
-8045
-5805
-4642
-4848
-5619
-6019
-4323
-2089
-2130
-3629
-3455
-627
2222
3795
4424
4079
2743
1750
2642
4479
5172
4395
3248
2935
3661
4252
3211
441
-1909
-2496
-2230
-2376
-2951
-4424
-6600
-7254
-5879
-4633
-5110
-5573
-4465
-3039
-1934
-885
-440
-1089
-1318
376
2554
3551
3407
3398
4009
4603
5102
5224
4686
4112
4329
5294
5937
5421
4179
3555
3722
3702
3395
3036
2807
2920
3480
4292
4792
4965
5192
5674
5804
3469
-519
-2519
-1421
24
-1239
-3717
-4252
-3274
-3139
-4497
-6139
-7756
-9268
-9481
-8252
-6242
-5059
-5549
-6725
-6848
-5053
-3340
-3314
-3740
-2797
-298
2051
3344
4030
3997
3143
2458
3326
5042
5797
4975
3700
3432
3826
3570
2022
-43
-1362
-1703
-1631
-1595
-2248
-4107
-6396
-7328
-6391
-5335
-5331
-5567
-4756
-3349
-2326
-1558
-1298
-1701
-1720
-162
2194
3452
3333
2922
3113
3626
3931
3893
3473
3250
3654
4557
5076
4506
3536
2727
2481
2918
3386
3512
3089
2516
2539
3060
3361
3066
2881
3552
4947
6270
6887
7178
6342
2434
-1940
-2628
-74
1133
-1489
-3907
-3479
-2291
-2937
-5142
-7495
-9620
-10404
-9486
-7255
-5088
-4753
-6366
-8273
-7832
-5198
-3766
-4355
-4404
-2192
665
2282
3171
3521
2732
1224
1576
4389
6670
6535
4896
3913
4170
4342
3517
1901
371
-471
-553
-161
-237
-1609
-4167
-6295
-6222
-4995
-4916
-5579
-5395
-4638
-4318
-4076
-3260
-2853
-3225
-2565
-140
1890
2202
1938
2077
2441
2682
2947
3313
3408
3383
3732
4240
4254
3520
2805
2751
3170
3750
4004
3819
3353
3036
3069
2991
2601
2159
2393
3263
4237
5039
5474
5580
5883
6477
6921
5746
2126
-851
-741
1092
1190
-1260
-3218
-3729
-3961
-4657
-5520
-6555
-8419
-9791
-9451
-7733
-6094
-6404
-8298
-9649
-8333
-5595
-4395
-4644
-4383
-2882
-1276
228
2049
3113
2575
1670
2689
5125
6344
5788
4565
3901
4013
4245
4191
3277
1722
297
-356
-261
-546
-1977
-4267
-5709
-5313
-4471
-4411
-4752
-5237
-5733
-5623
-4303
-3042
-3283
-3688
-2596
-540
987
1641
1775
1653
1913
2951
4176
4519
3817
3176
3287
3895
4118
3431
2492
2199
2650
3246
3346
2820
2047
1625
1885
2427
2732
2592
2294
2419
3128
3948
4393
4512
4681
5302
6345
7265
7581
7770
7043
3560
-500
-1140
1411
2041
-1261
-4040
-3810
-3148
-4508
-6648
-8153
-9725
-11067
-10888
-8924
-6834
-6917
-9187
-11123
-9752
-6446
-5269
-6047
-5654
-3097
-1052
-214
1403
3190
2785
1097
2092
5761
7828
6554
4727
4585
5040
4870
4584
4142
2989
1503
686
880
1030
-182
-2859
-5169
-5468
-4373
-3922
-4489
-5054
-5713
-6488
-6094
-4285
-3445
-4484
-4716
-2528
-67
647
709
1254
1725
2217
3459
4853
4992
4075
3569
4054
4892
5074
4382
3668
3575
4000
4352
3939
2791
1693
1473
1916
2393
2580
2347
1970
1904
2307
2697
2572
2543
3199
4237
5373
6386
6923
6752
6743
7419
6829
2885
-1304
-1156
1622
1522
-2153
-4378
-4086
-4790
-7281
-8749
-8621
-9802
-12161
-12594
-10250
-8129
-8943
-11281
-12110
-10271
-7635
-6344
-5703
-4249
-2490
-1720
-713
1997
4112
3502
2448
4312
7627
8649
7547
6631
6386
5825
5261
5559
5660
4244
2077
823
641
388
-797
-2846
-4540
-5013
-4766
-4644
-4685
-5050
-6239
-7226
-6376
-4292
-3437
-3910
-3502
-1770
-301
689
1812
2539
2632
2996
4450
5991
6217
5305
4587
4677
5001
4900
4355
3767
3225
2918
2893
2757
1931
759
226
469
929
1093
925
549
371
754
1303
1528
1550
1803
2419
3296
4252
4898
5024
4962
5189
5758
6418
6674
4932
947
-1984
-1457
333
-677
-3885
-5545
-5457
-5975
-7464
-8185
-8523
-10362
-12458
-11913
-8846
-6882
-8072
-10069
-9997
-7923
-5996
-4982
-4108
-3056
-2177
-1241
1042
3873
4677
3305
2766
4946
7537
8134
7418
6784
6127
5302
5232
5891
5619
3725
1677
1095
1499
1350
96
-1781
-3356
-4089
-3973
-3393
-3190
-4219
-5676
-5745
-4263
-2983
-3074
-3374
-2716
-1599
-451
883
1934
1911
1498
2215
3818
4723
4410
3761
3450
3434
3509
3541
3219
2419
1650
1569
1959
1863
959
-24
-416
-241
181
378
179
-197
-321
71
649
984
925
965
1604
2506
3362
3858
4108
4302
4429
4806
5282
5731
6065
6113
4886
1550
-1353
-1598
-668
-1675
-4553
-5861
-5503
-5864
-7406
-8639
-9133
-10329
-11824
-11679
-9367
-7244
-7681
-9129
-8856
-6641
-4733
-4118
-3134
-1330
52
790
2511
5261
6349
5194
4688
6740
8955
8963
8147
8071
7864
6577
5608
5970
5948
4175
2037
1236
1189
377
-1369
-2992
-3898
-4618
-5275
-5383
-5114
-5445
-6696
-7351
-6397
-4980
-4652
-4646
-3548
-2116
-1344
-708
612
1710
1736
1958
3201
4514
4722
4170
3966
4011
3777
3345
3235
3172
2603
2021
1890
1799
1024
-99
-602
-575
-708
-878
-665
-386
-579
-860
-494
201
376
249
671
1638
2405
2731
3135
3625
3888
4006
4279
4776
5082
4985
4742
4967
4868
2369
-1048
-1954
-549
-516
-2979
-4432
-4077
-4581
-6445
-7237
-6492
-7116
-9104
-9331
-7055
-5078
-5396
-6193
-5858
-4991
-4271
-3358
-1697
-244
433
812
1827
3795
5031
4547
3656
4356
5942
6187
5638
5761
5832
4434
2783
2852
3397
2303
260
-600
-477
-1039
-2172
-2820
-3265
-4315
-5271
-5074
-4364
-4390
-5071
-5366
-4930
-4188
-3629
-3230
-2541
-1820
-1383
-681
533
1471
1515
1447
2087
2883
3175
3140
3241
3238
2893
2662
2770
2731
2129
1510
1390
1367
952
449
364
376
197
74
197
406
319
119
256
742
991
816
924
1509
2047
2186
2364
2924
3366
3435
3560
4145
4552
4271
3985
4097
4367
4339
4287
3470
794
-1598
-1626
-398
-979
-3109
-3860
-3733
-4247
-5213
-5291
-5221
-6609
-7914
-7379
-5380
-4124
-4502
-5077
-5084
-4477
-3629
-2732
-1804
-1304
-989
-638
433
2129
2785
1910
992
1708
2849
2897
2729
3167
3070
1706
1030
1994
2534
1222
-282
-247
250
-92
-582
-510
-755
-1878
-2596
-2110
-1529
-1993
-2996
-3184
-2608
-2184
-2243
-2179
-1746
-1667
-1782
-1283
-171
370
24
-40
723
1589
1711
1504
1542
1619
1598
1705
2171
2508
2222
1859
1959
2336
2321
1898
1613
1531
1565
1564
1646
1806
1639
1231
1126
1509
1709
1354
1088
1337
1600
1511
1584
1942
2145
2042
2038
2366
2673
2681
2492
2548
2842
2965
2972
3232
3548
2144
-891
-2506
-1598
-454
-1479
-2920
-2816
-2717
-3757
-4809
-4575
-4809
-6709
-7950
-6843
-4739
-4317
-5243
-5587
-5344
-5145
-4910
-3779
-2379
-1966
-2003
-1318
531
1997
1865
1045
1003
2047
2798
3100
3694
4150
3454
2275
2502
3434
3034
1526
798
1152
1156
643
387
146
-771
-1980
-2229
-1541
-1236
-1957
-2753
-2629
-2104
-1986
-1982
-1577
-1267
-1406
-1157
-108
826
791
368
546
1165
1576
1598
1659
1781
1542
1278
1506
1985
1896
1300
1057
1348
1632
1408
1019
822
686
512
455
757
917
538
179
358
791
799
570
729
1200
1424
1402
1690
1957
1749
1467
1827
2540
2583
2285
2293
2521
2406
1972
1925
1980
1834
1586
1897
2322
860
-1666
-2903
-2464
-2453
-3737
-4113
-3529
-3630
-4446
-4529
-3904
-4592
-6114
-6478
-5203
-3745
-3363
-3126
-2692
-2503
-2554
-2269
-1312
-648
-448
-153
767
2254
3105
3029
2535
2399
2641
2620
2779
3266
3436
2648
1740
1895
2185
1408
191
-200
-81
-362
-583
-309
-332
-1280
-2255
-2241
-1928
-2090
-2406
-2289
-1933
-1803
-1720
-1463
-1153
-1185
-1385
-1039
-152
534
551
401
635
944
874
668
735
881
784
692
955
1245
1014
474
352
625
687
475
479
713
692
475
550
867
864
536
433
811
1188
1248
1279
1475
1647
1570
1546
1794
2020
1939
1832
2067
2276
2175
1976
1885
1839
1600
1430
1488
1484
1276
976
973
1019
824
519
299
-27
-1072
-1738
-1248
-727
-1188
-2058
-2006
-1812
-2227
-2457
-2222
-2255
-3042
-3394
-2742
-2133
-2162
-2451
-2368
-2290
-2398
-2133
-1604
-1263
-1392
-1404
-952
-449
-44
-35
-294
-454
-225
283
543
756
1002
930
569
489
841
792
142
-261
-72
208
189
172
132
-344
-1049
-1501
-1413
-1184
-1294
-1605
-1683
-1430
-1379
-1555
-1544
-1450
-1539
-1572
-1055
-352
-68
-81
-1
286
472
615
956
1324
1553
1635
1974
2547
2759
2549
2281
2311
2466
2478
2446
2467
2460
2221
1945
1832
1701
1395
1017
873
917
877
692
398
181
67
0
113
282
211
45
149
432
542
486
499
527
600
731
859
977
1001
963
883
964
1097
1022
921
862
848
823
766
733
683
665
378
-381
-1104
-1341
-1358
-1746
-2289
-2425
-2354
-2480
-2704
-2669
-2643
-3050
-3461
-3420
-3133
-2949
-2809
-2634
-2565
-2419
-2108
-1757
-1391
-1088
-821
-605
-309
207
728
965
824
714
884
1025
1024
1034
1077
936
764
832
925
794
416
-2
-307
-474
-557
-750
-1003
-1169
-1298
-1359
-1281
-1144
-1117
-1124
-924
-584
-297
-88
163
461
691
866
1183
1551
1697
1751
1887
2048
2084
2024
1949
1881
1866
1859
1743
1540
1302
1059
887
729
562
319
65
-86
-151
-188
-331
-403
-315
-275
-208
-26
224
439
443
455
677
936
958
909
1013
999
918
971
995
870
733
588
374
288
300
159
6
-78
-253
-372
-346
-457
-713
-809
-801
-757
-644
-587
-573
-510
-360
-194
7
169
167
225
475
694
772
843
841
622
311
109
52
4
-191
-437
-581
-640
-668
-765
-1025
-1414
-1669
-1745
-1816
-1858
-1854
-1900
-2014
-2037
-1947
-1819
-1779
-1808
-1673
-1327
-954
-723
-470
-189
-141
-195
-135
-29
-42
-227
-288
-128
33
21
-74
-90
-150
-201
-171
-144
-172
-244
-226
-61
175
288
246
182
115
111
273
492
593
619
553
585
880
1023
882
768
831
898
971
1172
1264
1207
1066
834
832
930
770
564
577
686
664
689
686
526
404
354
405
513
580
631
654
703
670
733
872
664
556
663
789
923
917
938
900
780
674
601
584
459
355
319
230
94
7
-66
-272
-281
-209
-398
-458
-364
-381
-491
-505
-488
-541
-537
-482
-492
-464
-303
-333
-442
-436
-529
-642
-645
-620
-637
-583
-546
-680
-745
-707
-684
-756
-947
-1039
-949
-829
-842
-894
-920
-957
-871
-744
-638
-562
-530
-455
-294
-183
-220
-116
28
-73
-109
176
213
74
206
65
-135
108
269
42
51
152
-86
-191
-254
-351
-238
-303
-507
-428
-323
-451
-481
-340
-398
-410
-230
-106
4
136
105
56
262
383
441
594
769
838
949
1188
1201
1226
1127
1093
1241
1132
1088
1068
985
855
854
793
511
565
651
428
299
342
250
-13
-46
-45
-293
-291
-210
-281
-218
-151
-216
-150
-74
-147
-191
-41
63
-81
40
133
-67
-158
79
144
26
165
30
-86
79
96
-120
-140
-65
-234
-153
-136
-262
-191
-242
-422
-393
-152
-289
-403
-213
-359
-350
-152
-127
-140
-80
-96
-151
54
-145
-321
-83
-169
-123
-33
-75
-68
-50
-159
-257
-62
-203
-336
-152
-93
-190
-165
-49
-10
-133
-226
-67
-81
-105
-58
-88
-173
-252
-305
-295
-154
-167
-356
-316
-175
-89
-140
-286
-81
-3
-15
115
179
216
337
208
137
529
280
172
490
256
291
579
348
228
467
310
205
357
245
97
74
180
-3
-149
-2
-138
-221
-171
-182
-320
-304
-197
-264
-154
-33
-80
-82
119
159
98
217
188
195
300
268
320
563
555
286
380
408
278
338
375
398
84
122
347
123
59
-8
-163
-281
-191
-203
-229
-296
-327
-159
-393
-182
-7
-443
-251
-38
-227
-9
112
7
64
103
66
-6
-37
-19
-44
-21
135
51
-89
-86
55
-165
-257
-63
-381
-280
-41
-354
-535
-298
-640
-706
-408
-496
-324
-348
-204
-243
-276
-67
-173
-86
81
60
37
214
450
87
231
780
372
286
624
619
424
827
425
179
765
179
298
469
309
127
-114
141
-51
-402
-130
-162
-473
-68
-164
-358
-128
-145
-472
-379
-73
-110
-141
140
338
-35
157
289
198
306
189
190
390
252
344
444
97
166
-10
-144
-169
-56
-317
-567
-358
-589
-614
-403
-418
-695
-263
-281
-631
-104
-187
-581
-222
-139
-436
-9
178
-96
96
382
161
115
270
277
285
328
562
310
376
487
132
278
305
89
111
326
-27
-72
51
-137
-169
-350
-285
-378
-367
-330
-410
-329
-384
-417
-133
-139
-235
91
-192
-163
261
20
20
512
179
184
624
354
518
577
327
357
732
587
381
689
561
339
477
467
165
283
276
51
283
312
-91
-40
46
-209
-236
-116
-190
-432
-313
-308
-418
-309
-570
-501
-303
-507
-491
-326
-266
-356
-189
-198
-316
-70
-105
-272
-13
87
-225
-63
286
-48
-118
155
-84
-63
-63
-98
-71
-139
-130
-168
-54
-232
-193
-163
-294
-185
-150
-329
-215
-109
-254
-192
-241
-102
-204
-103
88
32
4
31
252
178
199
180
253
284
181
398
243
293
379
111
521
233
-13
347
173
213
188
357
135
104
244
-47
129
-132
132
-105
-131
278
-280
99
-154
-133
69
-80
73
-102
303
15
109
138
-78
171
-59
248
221
70
144
169
239
19
156
199
-43
195
174
232
-82
-63
77
-186
29
-292
-59
-185
-236
-111
-343
-267
-401
-275
-364
-233
-317
-393
-40
-244
-343
-192
-187
-78
-142
61
98
-54
166
155
2
32
339
-117
48
363
-147
131
-30
-155
-49
-331
-82
-173
-322
-240
-202
-366
-473
-161
-460
-312
-207
-405
-81
-247
-142
-108
-145
93
80
327
273
431
415
437
651
405
555
535
473
560
746
340
537
544
184
404
243
324
-136
202
118
-203
-118
-337
-256
-309
-321
-371
-302
-388
-297
-227
-278
-367
-210
-280
-30
-7
-75
287
-7
284
238
142
164
167
438
233
413
442
335
333
283
348
-44
145
224
14
176
64
-131
-259
-23
-356
-337
-136
-458
-333
-117
-202
-457
-248
-97
-468
-237
-31
-372
-125
-52
-55
-169
-47
152
-143
-6
256
53
-115
285
41
-50
123
-95
221
-13
-88
230
-245
8
75
-268
-78
-28
-147
-288
-22
-51
-316
-216
-16
-258
-131
50
-56
-86
-13
-109
-69
173
-145
142
-35
153
146
33
334
-39
92
35
168
159
337
251
198
257
144
166
169
145
47
100
-102
191
-11
-75
-17
-197
-271
-21
-175
-275
132
-127
-135
-54
42
-115
-12
-15
62
53
54
172
34
248
-13
65
147
198
-13
145
232
4
315
15
-29
94
-38
-92
29
0
-53
-43
82
43
-113
-212
-44
-102
-116
-29
-256
126
-157
-106
65
-190
-159
-284
93
-90
-68
59
-45
-38
-70
95
-321
45
95
-130
193
-16
119
-11
-120
48
-40
-169
-26
28
-83
50
44
-114
-118
87
-219
-78
64
-157
53
46
-44
-171
44
-214
-109
-6
-234
4
-42
138
-100
44
146
39
85
162
190
111
257
105
162
332
163
121
389
221
258
310
158
172
216
102
-5
250
-134
-3
39
-144
-38
-259
-49
-230
-72
-136
-156
23
-179
-119
-149
-135
-112
-24
-80
-31
90
-5
-68
278
-54
-121
244
-77
73
234
151
-128
190
-52
-86
119
-146
212
-151
-7
25
4
-172
-216
-65
-121
-240
-191
234
-363
-32
49
-339
-133
-83
-160
-169
60
-45
-29
44
44
-130
-16
23
45
144
-31
44
169
60
-94
186
-113
-63
189
-111
8
35
-10
-160
-23
37
-180
38
71
-40
105
-26
-2
69
8
36
-39
211
45
109
229
-21
228
102
159
229
199
190
54
289
137
140
219
66
99
128
47
-80
66
-88
-269
12
-148
-274
-123
-184
-200
-221
-217
-189
-270
-172
-103
-183
-104
-179
-48
-49
-94
147
-39
-9
270
163
92
266
120
128
307
21
125
237
-2
65
108
-12
-64
-31
10
-134
-151
-77
-143
-156
-125
-197
-361
-82
-161
-227
-147
-187
-15
-191
32
107
-61
-66
142
185
20
213
190
134
205
203
108
68
95
128
-65
193
-11
-66
243
-176
-71
-79
-139
-221
58
-89
-179
-75
-116
-83
-277
37
-201
-145
66
20
-40
187
62
112
265
102
272
177
313
286
203
243
312
106
233
270
81
76
215
23
-95
104
-236
-79
-91
-157
-198
-165
-128
-217
-281
-102
-193
-373
29
-212
-145
-76
-87
-116
25
-35
-82
103
-132
171
-114
102
301
-94
156
153
33
90
96
47
71
-57
92
0
77
-96
-202
91
-226
-78
-213
-64
-115
-135
43
-244
23
-98
-147
27
-7
-171
-77
172
24
-45
89
-52
100
102
22
200
17
200
16
174
74
-125
57
-37
148
-101
-70
53
19
-85
-62
26
-203
10
66
-85
63
3
18
-55
175
97
-121
223
108
96
116
145
187
36
216
107
142
215
-94
188
167
28
40
55
49
-97
139
-167
-104
25
-237
-88
-100
-71
-238
-61
-29
-264
68
-210
-209
194
-202
-77
-44
-25
-77
-84
148
-235
120
29
-145
195
-22
-74
25
262
-158
-68
185
-116
-17
-1
121
-249
54
103
-166
5
-28
-113
-94
159
-112
-40
-27
-12
-88
-37
-82
-130
43
-114
127
-15
-96
9
148
-131
36
49
-33
205
119
120
-47
156
-26
90
210
19
-20
174
108
25
103
-132
20
40
-44
53
5
-27
-17
-49
26
-147
-6
-3
-103
87
-28
-92
-55
154
-10
-32
119
97
-25
17
142
-117
-5
125
27
117
121
-27
67
55
1
-57
-12
94
-61
13
72
-127
-12
40
-159
34
-36
-88
33
51
23
-194
41
-33
-54
66
15
24
-88
124
-6
-56
77
-136
41
57
27
55
-151
106
4
-68
7
21
81
-158
165
-45
-170
53
-87
-13
-164
-5
-61
-136
-1
50
-211
-112
99
-123
-19
-39
-34
-84
61
-101
27
-16
-168
85
-43
97
-148
69
158
-50
40
98
113
-48
115
121
59
-24
31
115
8
45
40
-69
164
-143
-15
69
-258
137
-203
-57
-46
-115
-123
-124
-24
-258
-22
-214
7
48
-147
135
69
-59
107
62
68
85
84
185
76
212
152
37
173
136
31
167
110
116
80
58
144
-78
42
1
-13
17
-2
24
-74
46
-97
-69
54
-73
-44
3
61
-68
-26
173
-48
-106
160
39
-44
116
101
76
-30
147
44
-50
90
-47
50
-149
119
-32
-283
287
-69
-247
-9
98
-189
-236
186
-188
-206
104
-61
-149
-37
-9
-203
91
-3
-200
150
-13
-78
36
-10
-23
-23
-41
20
-40
-36
138
-72
-55
139
-110
-74
5
67
-194
-55
57
-169
51
-200
77
-57
-242
88
-18
-107
-11
75
-82
-11
-50
-62
71
38
-63
128
119
-38
120
106
129
-110
186
206
-126
306
50
103
67
55
163
-196
192
70
-59
78
140
-7
-136
297
-206
-77
106
-149
99
-93
49
40
-39
-33
13
2
-131
31
-4
35
27
-65
111
-101
32
-19
-63
200
-147
119
117
-67
51
-54
30
-67
-40
-29
14
-102
-27
51
-308
92
-56
-265
-1
-41
-102
-94
-4
-32
-131
-135
86
-51
-82
122
-40
-45
98
55
-27
61
70
-70
85
135
-54
5
82
-28
-64
153
-89
-124
174
-97
-98
106
-104
-174
142
-121
-100
7
-120
17
-133
120
-181
-30
122
-83
140
7
35
-24
227
-29
-23
161
-33
63
143
122
-47
102
90
19
80
111
5
80
80
135
-75
23
156
-192
102
79
-42
-15
107
-45
-28
52
-58
52
19
103
-99
61
89
-106
-53
100
-54
-32
104
-64
52
17
-8
-69
105
-95
0
18
49
-60
-110
176
-152
-11
52
-73
20
-31
-77
41
-103
-14
44
-42
-25
78
-11
-122
137
-171
44
58
-83
87
-9
0
-74
48
-93
-63
3
64
-97
-19
132
-198
0
28
-117
-100
46
48
-115
-4
16
-85
-136
-7
96
-248
55
92
-155
179
-193
118
6
-215
200
-53
-38
41
92
-85
62
9
-66
100
-65
74
37
39
48
21
30
-10
-16
42
-32
15
14
91
43
-60
92
37
-71
-54
142
-64
-37
75
114
-68
-43
36
-75
-30
-3
93
-60
122
17
-11
44
84
-98
-8
199
-162
73
192
-74
14
128
-92
-25
137
-63
-101
159
-21
-38
21
138
-135
-84
231
-271
69
-4
-3
-40
-20
99
-186
53
-76
-31
-21
-76
0
-29
43
-66
-131
156
-217
-53
109
-121
50
-45
44
-80
64
-155
-65
129
-237
133
66
-109
128
-99
83
-45
-127
177
-113
-8
89
56
-95
25
88
-70
11
-69
110
-8
-102
230
-75
-91
178
-191
47
29
-143
34
16
17
-81
59
57
19
-44
130
-13
-9
214
-111
84
167
-98
17
251
-70
-51
164
50
-78
139
48
-53
124
13
39
-76
177
-151
-52
123
-168
50
35
-45
-27
16
-10
-39
14
55
-82
13
9
180
-187
-5
160
-281
243
-112
-27
208
-83
68
3
-16
-4
-140
57
91
-261
100
72
-127
26
-113
-68
-59
-31
105
-120
18
100
-178
46
47
-215
-110
267
-210
-16
291
-217
-3
125
-30
-204
106
86
-108
18
158
-133
-98
136
-154
-82
42
-49
-81
244
-184
-4
140
-285
62
-70
-27
-67
9
148
-123
19
184
-226
80
32
-11
60
26
175
-68
178
-199
252
-187
42
227
-291
415
-94
56
125
-76
35
2
-94
60
33
-100
76
64
-213
1
43
-330
147
-22
-102
-20
106
-42
-156
81
-74
-83
-98
143
-35
-61
173
-88
-63
120
23
-131
63
180
-103
2
269
-102
-185
223
-81
-106
144
5
-30
27
97
-83
-28
5
-5
22
-105
180
-136
43
32
-84
78
-131
100
-68
167
15
-75
173
-96
27
32
20
-18
38
37
-50
158
-155
82
45
-55
140
-156
153
-46
29
-47
-21
119
-258
140
-9
70
-44
-76
185
-183
53
16
6
110
-120
78
3
37
-24
-80
223
-282
215
-6
-37
150
-139
269
-381
304
-74
-189
211
-169
122
-116
-36
-34
83
-162
-108
174
-136
-63
102
-80
57
-187
34
50
-256
259
-150
-86
160
26
-203
94
163
-220
-10
161
-23
-159
263
-169
-55
116
-101
-66
87
57
-175
79
-8
91
-231
48
83
-99
-53
27
39
-107
133
-194
112
6
-85
64
41
131
-178
1
156
-62
-34
82
-1
6
83
-88
58
63
-137
145
35
-108
300
-124
-122
259
-154
-134
122
9
59
-20
-77
340
-226
-81
237
-344
213
30
-47
161
-45
51
-159
141
-132
-119
110
-9
125
24
126
-151
62
54
-280
102
-33
-25
108
108
-10
-132
91
-152
-24
107
-66
53
72
162
-79
-9
-43
-122
-75
65
81
-81
170
-7
-5
-4
-113
-137
16
74
-31
137
115
-165
39
-4
-190
77
-186
58
196
-24
23
117
-82
-210
129
-187
67
3
54
102
-80
88
-184
-67
-74
11
-139
89
97
-127
114
-101
-65
-117
3
-35
-134
262
-9
-84
75
81
-120
-181
266
-62
-34
202
34
121
-85
72
-117
91
5
-98
245
-73
199
-71
31
4
-151
43
-41
6
56
97
-199
218
-37
-206
88
-110
87
-59
-62
207
-54
-46
60
-128
1
-8
23
-8
136
-146
58
129
-216
281
-255
-13
201
-58
50
-98
153
-59
-190
135
42
-201
50
171
-96
-26
68
-147
72
-74
-75
74
-226
153
53
-183
190
-83
-228
198
-72
-144
134
12
-169
199
81
-258
188
-69
-75
61
21
-75
96
60
-73
159
-106
-16
-11
5
60
-5
-122
179
-16
-191
241
-98
-142
37
88
-14
-27
27
84
-35
-97
101
29
-135
56
118
-89
127
-38
51
66
-160
137
-87
38
124
-142
217
-53
-104
239
-135
-146
97
104
-256
127
263
-316
237
-137
21
113
-354
314
-90
-51
69
18
8
-3
118
-283
233
-10
-175
243
-133
149
-103
-61
166
-185
91
-44
4
26
-61
-18
-9
30
-141
101
-122
49
55
-174
98
-99
55
-95
-38
76
-26
-71
8
205
-283
7
191
-184
63
-43
32
3
-109
147
-112
43
-27
-39
131
-119
63
-64
23
-55
-51
116
-197
172
-79
-76
224
-237
151
-22
-151
203
-61
5
13
96
-123
58
62
-210
253
-231
101
151
-190
162
-77
96
-88
83
-32
-176
347
-236
-34
122
-77
83
-175
328
-103
-252
296
-19
-24
-82
83
-11
-48
196
-118
61
36
-209
190
3
-120
123
72
-120
100
172
-408
307
58
-397
351
-171
-7
173
-120
84
-41
-51
95
-44
-18
150
-133
-74
214
-115
-76
134
-81
80
-108
18
141
-147
-42
139
-100
-101
263
-180
-1
19
-12
-60
-114
148
-140
-5
84
50
-89
-9
-45
21
18
-224
94
126
-230
119
246
-359
-15
230
-210
-32
314
-338
37
378
-279
-1
186
-171
-228
412
-165
-91
295
-270
237
-57
-75
60
-159
154
-1
-25
47
2
-47
41
46
-186
60
-133
108
215
-292
139
32
-242
172
75
-244
55
59
15
59
38
-14
-175
145
131
-193
132
39
-109
171
21
-21
-43
8
41
124
-81
-41
164
-162
218
-75
-154
193
-176
84
87
-36
-106
-57
246
-207
-43
141
-152
-42
187
-7
-175
169
-25
-98
17
125
-231
76
161
-276
305
-158
-86
236
-167
-83
143
-28
-100
63
-34
14
-32
-17
18
-79
39
-50
-82
213
-244
0
175
-111
-11
33
54
-202
228
-98
-154
157
-50
34
-40
134
-39
-148
116
99
-108
-87
139
26
-169
110
120
-160
-89
199
-24
-291
282
-7
-216
196
8
-137
29
107
-94
-20
37
51
-100
25
128
-85
-39
78
39
-34
-12
-12
182
-183
15
230
-226
39
190
-153
-69
215
-105
-40
172
-68
-102
101
-45
46
-60
-21
52
-103
261
-201
9
147
-302
132
233
-313
40
364
-411
94
309
-402
68
175
-150
118
-30
5
-31
42
163
-322
135
178
-270
124
184
-208
-48
124
-82
10
70
-150
69
92
0
-30
-150
237
-228
-46
318
-273
75
102
-203
215
21
-355
275
-4
-184
282
-161
-42
221
-207
46
147
-250
-14
119
-9
-53
37
-19
-81
101
74
-178
-26
192
-275
90
188
-269
112
68
-70
49
-12
-115
19
103
8
-71
47
108
-160
97
157
-210
-75
240
-179
-58
360
-234
-33
187
-90
-53
-12
52
-28
-90
172
29
-130
66
4
-34
-24
106
-102
-33
103
65
29
-78
91
-184
107
53
-92
106
-101
63
28
117
-81
-180
205
-118
-30
100
-131
0
55
72
-46
-62
-112
39
-42
-30
164
-252
119
116
-166
138
-165
-73
114
-119
115
29
-150
141
53
-97
30
-42
-62
42
-13
97
9
-68
41
-8
-92
51
-32
-103
146
-32
2
30
13
-63
-141
101
-15
-75
118
-33
-97
202
-99
-130
141
-100
7
-17
72
82
-225
162
84
-155
31
-26
40
-16
20
-14
84
-91
-33
357
-353
97
105
-315
295
-100
-8
97
-24
21
-61
155
-122
-85
126
-32
-47
91
46
-66
80
-11
-113
53
-30
-31
-2
113
115
-230
213
-13
-271
236
-32
-32
