SAMPLES:	14334
BITSPERSAMPLE:	16
CHANNELS:	1
SAMPLERATE:	16000
NORMALIZED:	FALSE
-3
-10
-3
9
9
15
-3
1
12
-5
6
7
9
9
14
1
-5
10
7
7
8
0
7
4
-1
12
-3
4
2
2
2
4
14
4
6
5
4
1
6
11
3
-1
-6
0
2
20
27
20
10
5
9
-3
-8
-4
0
5
7
0
2
5
14
6
3
8
5
-4
-6
-2
-1
0
-13
-1
8
16
2
8
7
-9
6
0
1
11
4
7
2
-11
-1
0
-10
-9
2
1
0
5
7
-6
-6
7
1
-5
-11
-8
-18
-8
7
-4
6
7
2
-5
2
7
3
4
-7
-3
-9
-12
-1
-4
2
0
-1
6
1
1
-8
-4
-15
-5
-5
-5
0
-13
1
-10
2
-3
-9
-1
-11
2
-2
-1
4
1
-3
2
-15
-9
-2
-13
1
-9
-6
-2
2
-1
-16
-18
-13
-6
-8
-4
-9
-16
-16
-13
-13
-11
-10
-3
-13
-17
-14
-14
3
-8
-8
-10
-6
-11
-8
-7
-21
-22
-9
-2
-14
-9
-5
-7
-12
-11
-10
-14
-21
-15
0
-10
-9
-15
-18
-6
-6
3
-3
-4
-2
-11
-6
-6
-7
13
6
0
6
0
3
-3
-8
-7
6
11
2
4
11
6
5
3
-5
1
7
2
2
4
9
10
0
11
12
3
7
17
14
9
15
12
4
6
8
5
13
11
10
11
6
7
9
5
10
7
5
3
-2
8
4
-3
6
-2
5
7
2
7
9
6
0
3
1
4
-2
7
-4
8
5
-5
4
-4
-1
1
9
6
1
0
-13
-13
-4
-3
3
2
-5
0
-2
2
-2
-4
-6
-4
-2
-1
1
8
0
0
-4
-1
-3
-12
16
-3
-4
2
4
8
-5
-4
-4
-2
3
-1
-1
3
-5
1
-5
-5
2
1
2
2
9
-1
-1
0
-5
3
8
0
-6
2
-1
2
7
11
1
-4
-8
-4
3
8
5
4
0
-3
1
-11
-3
1
-1
0
7
9
8
-2
-11
-5
2
-2
-13
-5
4
3
2
6
-3
-4
-4
-7
1
2
-9
-3
2
-2
-5
-8
-7
-8
-8
6
-3
-9
-3
0
0
-12
-6
-8
-3
0
-4
-5
-8
-14
2
3
-3
-8
1
9
-3
-7
-10
3
-2
1
-4
-9
3
-7
4
3
-1
2
-2
8
0
8
0
-12
-4
2
10
5
3
7
13
3
0
10
-3
-1
0
0
11
9
18
7
10
6
5
1
3
2
11
8
0
14
10
11
-1
4
9
6
9
8
9
-1
-1
-6
4
1
0
12
-1
14
9
2
4
1
3
-6
0
5
-8
-2
2
2
10
9
0
-1
8
-5
-4
-3
-3
2
-6
-5
3
-1
-1
-6
0
0
-1
6
-6
0
-3
-7
5
-5
2
3
-6
8
8
9
12
-1
0
-7
-2
6
7
13
-4
2
-2
7
17
6
-6
-6
-2
7
11
-6
12
13
0
5
-2
8
6
5
11
4
8
6
5
17
13
11
7
4
-4
-6
6
13
5
4
8
-2
17
7
0
2
4
-6
-17
-3
-2
5
11
8
3
7
-2
5
9
-4
-5
-1
6
-7
8
2
8
1
-3
11
-6
-1
0
-4
3
0
-9
-7
1
-1
-10
-3
3
0
-3
-10
-6
-10
-2
1
10
9
-14
-12
-8
-4
6
3
5
1
-6
-2
-2
0
-6
-5
1
-1
-7
-9
-1
2
-13
-16
-10
-11
1
9
-3
-4
-5
-13
-10
-14
-6
-2
-2
2
8
9
7
0
1
-5
-1
1
-4
-5
5
7
2
-4
-4
7
-2
-2
7
-1
-11
1
-4
-11
0
5
4
5
11
7
0
0
11
7
7
12
3
7
11
10
3
8
13
8
2
5
8
9
14
2
1
1
1
0
3
9
1
1
-2
-3
11
7
11
-1
1
7
-1
7
10
0
-3
14
11
13
7
0
4
3
4
5
-7
2
4
-14
0
5
1
-5
-1
-6
-10
-8
3
-9
-11
-8
-3
1
5
9
-7
2
-9
3
10
3
6
-9
-3
-2
-1
6
-1
-9
-8
-3
-8
9
-4
-11
-11
-10
-3
-13
-1
-9
-8
10
3
2
7
-1
-11
-2
-1
-2
2
5
8
11
7
5
0
-12
12
5
-6
6
-6
-6
-3
-3
17
3
8
8
-3
1
2
8
0
-3
-6
-4
-6
5
10
1
9
-2
2
11
-2
2
5
-11
2
-4
-1
2
-1
4
-5
-1
6
4
-7
-17
-5
5
-5
-3
1
-5
-22
-9
-3
-15
-12
-5
-6
-10
0
8
2
-7
-1
-6
-6
3
-11
-11
-7
-8
-4
3
-2
2
0
10
-13
-10
0
1
0
-14
-4
-6
0
-1
6
3
-7
10
-2
-6
2
14
6
4
4
-5
1
9
4
-6
6
6
3
9
3
-4
9
5
8
9
4
8
7
1
-4
2
-5
-2
-7
0
6
4
3
5
8
-5
-8
1
5
-4
-3
-6
-1
-3
-1
10
6
-3
4
3
3
5
-7
12
-2
-1
-5
-9
-8
-15
-13
-4
-7
-10
0
6
12
-12
1
-4
-12
-2
9
-4
-5
5
-9
1
10
19
6
6
0
-2
6
-3
9
1
-3
-8
-12
-4
-7
-5
-3
0
2
8
-5
-6
10
-2
3
4
-10
-2
5
9
6
7
3
5
7
0
9
6
1
-8
5
9
5
5
-1
2
-3
-6
0
0
-3
-5
1
5
9
11
-2
-3
-2
-1
5
-13
-6
7
-3
-1
-7
10
8
-3
-3
-6
4
6
8
-4
-9
3
-4
-4
-2
-2
10
-3
-15
-2
-1
6
14
-1
-8
2
-2
-3
2
0
1
-9
-4
2
5
0
-1
8
7
-2
-5
11
8
3
9
6
0
-1
5
7
2
9
18
13
13
11
16
20
10
-1
0
3
-1
1
9
2
2
5
4
22
11
7
5
-1
2
8
15
2
4
3
7
10
7
6
7
8
-7
4
1
-4
-1
-10
-5
-15
-12
-7
-10
-6
-7
4
-7
-5
5
-15
7
0
1
9
-1
-3
-6
0
-14
-4
14
2
2
7
-3
-10
-7
-7
-10
-8
3
5
-7
0
-9
-7
6
10
5
-10
5
10
-12
-1
6
2
10
-4
6
18
-5
2
2
1
5
1
4
2
6
6
3
7
7
6
-2
-7
3
-2
3
0
-6
0
-5
1
3
9
2
0
12
8
8
-9
-6
5
11
5
3
8
14
1
9
10
-6
-7
-4
3
-14
-12
-13
-4
-7
-1
1
-5
5
1
0
-6
-2
0
3
7
6
10
10
3
7
4
5
12
14
17
13
12
0
-8
-1
-7
3
6
3
-7
6
6
0
11
-3
1
8
7
3
10
-2
-4
6
0
6
7
4
16
6
6
10
1
-1
-7
-3
9
-1
9
3
2
-4
-23
-5
-4
-9
-6
3
-1
9
-2
-8
0
-2
-13
-13
-4
-9
-5
-6
-4
-7
10
-1
-6
1
-1
3
-1
1
0
5
0
-7
-3
4
11
12
9
11
11
5
1
1
-3
-3
-6
7
3
-6
-5
-9
0
-9
0
11
0
-2
4
-1
-3
7
12
1
5
2
6
5
3
3
1
7
6
-1
-2
3
-5
3
0
-7
-12
-2
2
-1
1
-4
-6
-6
0
5
-1
-2
2
-3
4
1
5
9
-9
-10
1
-3
-8
-11
-1
2
-1
-4
-7
0
-11
-3
0
2
-4
-18
-7
-4
-8
-7
-11
1
-8
-11
4
3
-1
-8
-1
-5
-7
5
5
-8
-9
-5
1
6
0
11
16
15
-2
3
10
-7
-5
-1
0
9
4
-3
-4
4
-6
0
10
4
-2
-12
5
-1
-3
-9
-14
1
3
8
12
13
18
2
-4
-7
0
4
-2
5
-2
2
4
-4
8
6
9
5
-8
-12
1
-4
-17
-1
-11
6
5
2
8
5
-2
-12
-3
0
0
-10
-5
-4
11
0
-2
4
0
-2
-3
1
5
6
-6
-2
3
2
-6
1
3
1
2
-7
-2
13
12
-6
-7
-2
3
-1
-10
-8
-4
-11
-2
4
-2
-8
-15
-3
0
-11
-8
-11
-10
-15
2
-1
-13
-5
-5
1
0
1
-15
-13
-2
0
-1
-7
5
0
-10
-5
-2
-6
4
5
10
1
-9
-2
-4
-8
-5
-9
-10
-2
-2
-7
-2
0
-11
-6
-14
-10
-14
0
-9
-18
-12
-9
2
6
-2
-2
6
7
-3
1
13
8
7
1
4
1
7
12
16
3
7
6
-4
0
-4
-4
-11
-14
-7
-15
-14
-10
-9
-9
-13
-2
0
3
-3
-6
3
10
11
6
19
25
7
13
15
9
10
3
10
13
0
-1
-6
-1
2
-4
-8
-10
-4
3
-2
-4
0
1
1
11
3
7
8
5
-5
2
-6
-14
-10
-14
3
-6
-10
-2
6
-6
-12
-7
-14
-7
-4
-7
-3
-3
12
5
-1
7
-2
5
-1
-6
-7
-8
-12
-16
3
-2
-7
-18
-12
-3
-13
-6
-11
-7
2
-1
-6
-7
-7
-8
-5
-15
0
4
-2
-8
-1
4
7
1
3
2
-10
-1
7
-1
5
12
4
4
5
5
0
13
7
4
7
9
5
-6
-5
1
3
0
10
3
-4
8
-7
-8
-12
-13
-8
-3
-4
-9
-8
-12
-15
-11
1
-4
-13
6
3
-3
11
12
1
3
19
7
8
14
10
9
7
6
0
3
-8
-7
-3
3
11
5
9
-7
-17
-2
1
7
15
-5
-3
13
10
7
-5
-1
2
7
15
2
16
-1
9
8
-4
-1
-6
4
-2
3
3
10
10
3
-6
-13
4
-7
-4
-4
-11
-9
-11
2
-3
-8
-4
-10
-3
-4
10
8
3
10
-3
9
14
2
3
0
5
3
11
6
-5
4
3
2
10
4
3
1
0
6
9
13
5
1
6
15
10
-1
5
3
13
15
6
15
-2
-3
-3
-5
-7
-9
4
-1
-7
1
3
5
-2
-1
10
3
19
15
8
19
8
14
15
13
11
5
19
16
0
3
0
-12
-8
-9
-13
-24
-19
-19
-14
-4
-2
1
-3
-4
3
7
9
5
9
10
5
23
13
9
18
11
13
15
13
-2
2
6
-5
7
4
-5
7
-2
-3
-7
-7
2
-9
-2
-11
-10
-9
-18
-19
-23
-16
-8
-15
-12
-1
-3
1
9
5
2
15
8
3
15
11
3
13
15
8
7
7
2
-5
-6
-2
10
-2
5
0
-3
1
-12
1
8
12
17
8
2
15
16
22
13
-4
13
7
-2
9
10
4
-5
-2
15
17
-4
9
7
-9
-3
3
-9
-4
6
1
3
0
-14
-7
2
4
9
-11
-3
8
3
2
-16
-10
-14
-30
-18
-2
-10
-11
-2
-4
1
0
-2
-7
0
-11
-21
-15
-7
5
4
0
2
-2
-3
5
2
10
0
-1
-1
1
-13
-3
1
-3
-2
-1
7
3
14
5
2
9
7
1
-1
-11
-8
-14
-10
-4
-11
-11
-15
-10
-7
1
-6
-8
4
-7
-14
-9
-3
-2
-3
-1
-6
2
1
2
5
-4
-6
12
12
-2
1
1
7
12
-2
-18
-13
-2
6
1
-4
-7
-16
-22
-4
3
0
14
-11
-4
2
5
4
3
-3
-6
16
14
10
7
6
7
16
9
7
0
-9
-5
-2
2
-7
-17
-6
-13
-24
-15
-19
-12
-12
-21
-15
-23
-23
-24
-22
-15
-17
-30
-31
-30
-34
-26
-23
-21
-20
-20
-13
-15
-16
-13
-12
-9
-11
-14
-6
-3
-4
-2
-10
2
-2
3
9
3
3
1
5
-15
-14
-16
-21
-22
-25
-20
-27
-24
-24
-22
-24
-18
-17
-16
-16
-10
10
18
19
13
15
27
30
38
51
45
43
44
36
35
20
5
-6
3
-5
-24
-11
-17
-19
-28
-32
-31
-43
-51
-52
-52
-55
-49
-53
-55
-42
-44
-51
-57
-54
-34
-39
-36
-24
-27
-20
-19
0
11
5
27
32
35
46
51
40
44
43
37
33
20
34
27
32
29
21
33
10
11
-10
-24
-25
-44
-35
-37
-23
-15
-6
0
-13
-14
-23
-28
-24
-10
-1
0
15
16
19
14
0
-5
-6
-5
-4
13
20
14
20
18
-3
-18
-36
-21
-15
-15
-12
-11
1
-5
-21
-32
-48
-53
-47
-48
-30
-10
-9
-14
-4
3
-3
16
54
68
81
109
120
126
131
114
118
115
98
84
79
78
54
26
10
9
12
19
33
23
-3
-47
-120
-200
-240
-232
-179
-70
55
187
292
324
318
248
156
101
63
96
164
251
347
405
405
319
186
35
-104
-199
-213
-169
-96
-2
47
48
8
-71
-158
-226
-249
-185
-77
53
184
269
299
255
178
87
5
-17
-4
40
87
123
98
20
-86
-236
-373
-474
-540
-549
-526
-506
-503
-560
-652
-779
-893
-992
-1053
-1039
-977
-867
-780
-691
-638
-604
-571
-543
-479
-380
-228
-50
148
338
471
574
655
676
694
712
738
762
754
762
742
679
599
507
403
305
238
199
181
180
167
154
138
115
100
98
135
196
259
353
447
534
589
621
643
640
656
666
676
700
711
722
725
718
708
664
601
517
439
358
294
237
206
181
165
185
174
169
168
150
121
110
105
154
234
345
508
661
792
853
815
635
311
-129
-625
-1053
-1391
-1614
-1763
-1922
-2082
-2276
-2516
-2754
-2993
-3213
-3326
-3282
-3089
-2741
-2308
-1876
-1493
-1224
-1035
-876
-723
-516
-255
73
471
877
1260
1559
1723
1747
1663
1524
1414
1384
1415
1476
1517
1490
1379
1190
932
605
234
-127
-430
-636
-768
-838
-908
-1044
-1229
-1465
-1664
-1793
-1808
-1696
-1502
-1265
-959
-580
-192
211
571
885
1147
1392
1633
1882
2113
2296
2403
2444
2394
2282
2134
1905
1631
1307
976
672
421
212
46
-113
-299
-460
-590
-664
-700
-673
-621
-533
-385
-183
99
379
662
893
1051
1173
1294
1445
1607
1789
1959
2087
2138
2138
2100
2019
1911
1792
1659
1507
1357
1198
1030
859
723
587
470
370
276
207
117
-12
-235
-603
-1174
-1928
-2752
-3518
-4085
-4397
-4461
-4394
-4329
-4340
-4427
-4531
-4560
-4477
-4283
-4028
-3748
-3405
-2981
-2401
-1728
-1023
-414
7
302
505
682
896
1122
1323
1494
1608
1686
1763
1835
1883
1881
1806
1641
1427
1200
968
762
571
393
238
120
56
18
-7
-89
-311
-646
-1073
-1486
-1813
-2021
-2093
-2053
-1898
-1648
-1300
-874
-397
16
355
621
803
1022
1268
1581
1903
2202
2443
2570
2645
2635
2571
2442
2209
1904
1533
1180
921
786
735
727
731
696
639
559
475
405
327
227
158
168
280
514
807
1094
1346
1540
1693
1836
1959
2051
2093
2104
2104
2156
2259
2363
2428
2429
2393
2323
2266
2183
2060
1850
1602
1360
1105
833
352
-442
-1588
-3002
-4425
-5629
-6468
-6940
-7142
-7216
-7230
-7151
-7009
-6818
-6663
-6620
-6662
-6600
-6249
-5446
-4219
-2872
-1526
-336
617
1423
2021
2434
2686
2819
2930
3087
3353
3729
4128
4396
4410
4053
3383
2595
1822
1171
665
187
-257
-646
-917
-1011
-1083
-1257
-1606
-2073
-2553
-2943
-3220
-3442
-3612
-3696
-3544
-3037
-2285
-1416
-569
136
768
1380
2013
2574
3057
3429
3727
4022
4293
4463
4423
4136
3655
3122
2571
2007
1418
773
174
-300
-619
-833
-1050
-1211
-1303
-1274
-1104
-903
-704
-486
-192
213
690
1115
1425
1691
2042
2558
3181
3753
4143
4359
4516
4636
4703
4614
4321
3959
3623
3399
3270
3136
3001
2865
2709
2499
2149
1617
912
-23
-1257
-2836
-4631
-6337
-7657
-8451
-8895
-9216
-9343
-9288
-9121
-8826
-8738
-8898
-8996
-8704
-7764
-6357
-4830
-3315
-1828
-275
1297
2601
3347
3553
3496
3593
4038
4637
5153
5387
5407
5320
5111
4588
3610
2289
946
-53
-569
-788
-995
-1352
-1819
-2137
-2309
-2502
-2853
-3406
-3883
-3968
-3576
-2946
-2446
-2276
-2309
-2239
-1898
-1400
-1022
-777
-415
341
1520
2769
3609
3926
3904
3911
4135
4311
4184
3749
3257
3023
3018
2904
2364
1400
350
-431
-838
-1103
-1442
-1848
-2057
-1852
-1304
-711
-414
-408
-422
-174
422
1187
1827
2257
2684
3311
4076
4710
4959
4846
4685
4744
5025
5269
5206
4803
4330
4006
3742
3389
2839
2191
1722
1619
1669
1618
1345
783
15
-1057
-2565
-4388
-6256
-7797
-8658
-9047
-9326
-9273
-8991
-8814
-8624
-8716
-9159
-9327
-8908
-7963
-6639
-5201
-3637
-1787
25
1419
2225
2380
2386
2734
3330
3865
4271
4651
5115
5662
5890
5440
4295
2955
1892
1092
486
0
-421
-610
-583
-720
-1157
-1895
-2758
-3325
-3608
-3773
-3571
-3070
-2531
-1948
-1626
-1851
-2199
-2328
-2343
-2108
-1632
-1075
-127
1191
2309
3013
3263
3046
2927
3089
3183
3289
3404
3488
3753
3998
3762
3022
1988
883
-15
-587
-1043
-1386
-1348
-1073
-762
-499
-479
-747
-893
-813
-583
-64
664
1462
2374
3264
3908
4412
4696
4710
4721
4760
4850
5183
5598
5761
5703
5533
5138
4580
3935
3191
2510
2222
2267
2306
2229
1931
1399
703
-427
-2258
-4394
-6448
-8053
-8779
-9099
-9574
-9697
-9441
-9469
-9531
-9818
-10600
-10847
-10272
-9243
-7770
-6218
-4605
-2600
-712
612
1485
1824
2011
2678
3507
4181
4949
5758
6471
6943
6880
6190
5067
3863
2895
2056
1329
958
796
651
356
-384
-1383
-2386
-3345
-3954
-4267
-4474
-4144
-3386
-2832
-2454
-2378
-2822
-3222
-3317
-3333
-3031
-2388
-1565
-323
996
1877
2490
2753
2636
2723
2979
3170
3501
3978
4442
4732
4716
4231
3259
2167
1179
412
-14
-305
-558
-594
-620
-780
-844
-1104
-1560
-1705
-1535
-1150
-349
652
1473
2211
2759
3120
3512
3783
4030
4454
4827
5274
5947
6350
6350
6158
5738
5194
4637
4112
3683
3368
3304
3548
3544
3205
2779
1950
832
-652
-2654
-4746
-6598
-8061
-8785
-9259
-9994
-10071
-9894
-10403
-10824
-11269
-11942
-11795
-10841
-9622
-8130
-6478
-4531
-2412
-895
108
1054
1596
2214
3416
4369
5067
6070
6949
7415
7407
6907
6069
4922
3858
3114
2363
1696
1407
1082
447
-391
-1427
-2472
-3526
-4384
-4704
-4768
-4656
-3998
-3303
-3121
-3034
-3102
-3392
-3489
-3280
-2748
-1957
-1053
114
1246
1890
2305
2582
2567
2617
2972
3436
3907
4408
4884
5010
4632
4061
3236
2147
1251
586
87
-157
-348
-513
-736
-1221
-1653
-1895
-2254
-2311
-1873
-1374
-587
471
1346
2078
2636
3037
3562
4054
4551
5259
5770
6195
6728
6994
6952
6734
6293
5845
5419
4936
4717
4467
4141
4161
3961
3386
2851
2005
770
-819
-2990
-5160
-7153
-8990
-9937
-10557
-11387
-11413
-11206
-11657
-11896
-12012
-12344
-12163
-11340
-10010
-8229
-6338
-4062
-1731
-215
1059
2350
2920
3479
4482
5227
5992
7010
7891
8406
8315
7711
6808
5361
3893
2852
1775
838
373
-51
-679
-1588
-2805
-4039
-5247
-6112
-6198
-6035
-5754
-4919
-4007
-3393
-2973
-2876
-3053
-3156
-2841
-1969
-789
457
1847
3015
3601
3930
4057
3818
3543
3569
3857
4270
4743
5104
4903
4134
3176
2050
830
-199
-947
-1395
-1575
-1559
-1460
-1616
-2026
-2403
-2727
-2927
-2647
-2028
-1266
-211
1010
2130
3021
3657
4135
4483
4876
5546
6217
6741
7261
7607
7678
7484
7071
6593
5962
5212
4752
4392
4002
4028
4013
3531
2933
2136
862
-823
-3038
-5541
-7940
-10060
-11139
-11460
-11920
-11857
-11387
-11625
-11826
-11553
-11664
-11710
-10968
-9521
-7511
-5184
-2603
-176
1325
2411
3718
4371
4593
5261
5738
6048
6907
7828
8175
7853
6934
5681
4053
2381
1261
150
-1025
-1456
-1578
-2081
-2734
-3799
-5250
-6455
-7207
-7079
-6320
-5633
-4579
-3255
-2543
-2009
-1428
-1479
-1586
-1033
16
1629
3531
5121
6097
6147
5714
5460
4868
3821
3138
2760
2653
3158
3459
2790
1434
-153
-1582
-2695
-3606
-4236
-4460
-4145
-3287
-2367
-1833
-1820
-2086
-1953
-1161
-41
1399
2923
4058
5132
6229
6882
7004
6773
6310
6076
6412
7088
7698
7720
7130
6320
5435
4649
3875
2825
1860
1530
1959
2925
3583
3083
1714
286
-1204
-3250
-6174
-10078
-14263
-16507
-15521
-13265
-11360
-9723
-9145
-9463
-8499
-6367
-5163
-4608
-3063
-339
3021
6670
9426
9530
7498
5910
5337
4476
3463
2352
377
-1323
-1517
-1643
-3236
-5818
-8345
-9872
-9617
-7635
-5327
-4059
-3403
-2154
-298
1421
2515
2742
2385
2572
4280
6864
8306
7773
6269
4431
2691
1510
-31
-2733
-5454
-6550
-5861
-4299
-2852
-2398
-2939
-3166
-2034
-319
937
1867
2720
3713
5394
7129
7242
5458
2997
866
-497
-1072
-1671
-2964
-4385
-4942
-4578
-3939
-3410
-3243
-3055
-1572
1299
4220
6319
7297
7553
7934
8755
9604
9655
8492
7097
6456
6274
6033
5161
3338
1369
168
-178
-32
-207
-877
-1116
-572
517
2004
2671
1785
747
302
-150
-1220
-3983
-8984
-14602
-17892
-16994
-13443
-9949
-7074
-5074
-3982
-1994
853
2138
1947
2446
4550
7773
10791
11823
9677
5142
825
-2123
-4584
-6764
-8631
-10487
-11272
-10421
-9433
-9168
-9310
-9178
-7602
-4137
315
4426
7099
8485
9605
10495
10752
9962
7719
4983
2989
2009
1841
1317
-681
-3236
-5238
-6524
-6830
-6672
-6879
-6770
-5270
-2414
853
3187
4263
4430
4218
4679
5347
4890
3748
2756
1880
1352
1018
-346
-2818
-4988
-6168
-6278
-5517
-4565
-3799
-2971
-1623
133
1759
2843
3416
4050
5312
7154
8830
9552
9223
8292
7222
6458
5940
5117
4035
3242
2803
2679
2562
1767
383
-983
-1772
-1522
-759
-269
57
493
1201
2482
3699
4246
4538
4568
4057
2030
-3078
-10482
-17687
-22029
-20864
-15448
-9845
-5276
-1972
-624
648
2838
3837
3449
3728
5780
9119
11612
11515
8380
2072
-4732
-8998
-11776
-14054
-15008
-15065
-14137
-11330
-8033
-5806
-4481
-3239
-654
3655
8673
13166
15414
14987
13695
12070
9453
5917
1158
-4043
-7628
-9030
-8542
-7256
-7245
-7986
-7722
-6559
-4390
-1440
902
2827
5422
8415
11049
12153
10791
7797
4187
892
-1324
-3387
-5712
-7244
-7812
-7414
-5830
-4350
-3888
-3557
-2684
-1006
1457
3688
4797
4940
4627
4188
3503
2456
1225
37
-260
1021
2844
4030
4689
4899
4911
5591
6805
7629
7726
7303
6600
5867
4844
2977
198
-2743
-4802
-5420
-4648
-3306
-2263
-1462
-38
2430
5448
8160
9806
10140
9815
8703
5266
-1297
-10362
-19860
-25864
-25282
-20006
-13832
-8247
-4279
-2337
-519
2245
4143
4208
4486
6736
9941
12440
13066
9905
2709
-5243
-11311
-15496
-17718
-17992
-17134
-14894
-10837
-5989
-1879
787
2612
4747
7838
11896
15769
17455
16456
13659
9817
5426
340
-5562
-11039
-14650
-15567
-13322
-9397
-6343
-4428
-2744
-976
1380
4347
7074
9250
11048
12653
13595
12413
8771
3558
-2224
-7221
-10284
-11706
-12032
-11210
-9383
-6655
-3433
-588
1466
2744
3636
4971
6697
7848
7837
6374
3656
640
-1993
-3874
-4940
-5436
-4744
-2335
823
3871
6376
7633
7960
8371
9035
9503
9357
8333
6717
4705
2428
187
-2231
-4514
-5655
-5505
-4181
-1839
592
2766
4997
7053
8773
10020
10256
9920
9434
7940
4399
-2420
-12652
-23166
-30610
-32275
-27468
-19635
-11318
-3028
3425
7657
11442
13505
12105
9588
8573
8866
9474
9405
7017
1043
-7121
-14429
-19869
-23501
-24261
-22143
-17902
-11110
-2636
4941
10291
13219
14089
14033
13915
13835
13147
11044
7955
4537
471
-4383
-9997
-15956
-20206
-20921
-17928
-11429
-3643
2784
7953
11878
13755
14264
13693
11389
8694
7009
5562
3303
-343
-5397
-10940
-15405
-17188
-16081
-13209
-8909
-3176
2822
8213
12511
14192
12917
10237
7203
4446
2370
335
-2209
-4911
-7273
-8779
-9147
-8612
-7124
-4314
-89
5238
10379
13922
15432
14867
12816
10340
7711
4919
2339
161
-1264
-1738
-1988
-2547
-3290
-3976
-3636
-1776
913
4067
7127
9211
10497
11278
10992
9812
8145
5457
1154
-5708
-14968
-24141
-30715
-32459
-27876
-19385
-10225
-858
7472
13275
17372
19250
17093
12341
7947
4959
3071
1555
-620
-4628
-10353
-15809
-19811
-22577
-23418
-21561
-17069
-9614
136
9793
17191
21064
21352
19167
15530
11214
6884
2419
-1668
-4319
-6078
-8023
-10790
-14637
-17936
-18534
-15724
-9288
-633
7428
14002
18898
20868
19740
16013
9905
3167
-1950
-5141
-7091
-8449
-9952
-11594
-12385
-11685
-9865
-7219
-3525
1017
6071
11356
15337
16185
14124
9989
4393
-899
-4866
-8032
-10182
-10750
-10130
-8519
-6073
-3461
-989
1485
4486
8243
11727
13933
14786
13965
11442
8360
5362
2101
-989
-3027
-3819
-3397
-2106
-1047
-629
-156
493
1584
3655
5849
7358
8562
9348
9571
9787
9425
7093
2170
-5798
-16123
-25786
-31640
-31996
-26499
-17494
-7691
2222
10847
16596
19965
20468
16582
10373
5280
1727
-889
-2511
-4343
-7664
-11559
-14847
-17639
-19829
-20497
-18903
-14563
-7151
2556
12314
19520
23046
23266
20455
15192
8996
2691
-3405
-8013
-10146
-10356
-9963
-10332
-12043
-13663
-13510
-11006
-5645
1554
8392
14472
19359
21382
20151
15740
8138
-344
-6730
-10456
-11854
-11362
-10390
-9887
-9190
-7742
-6149
-4420
-1862
1494
5537
10403
14893
16752
15299
11108
4798
-2016
-7505
-11250
-13369
-13392
-11312
-7973
-4087
-181
3015
4902
6182
7904
9539
10486
11080
11054
9804
7869
5734
2983
-104
-2394
-3405
-3367
-2329
-808
421
1493
2561
3470
4370
5186
5851
6689
7693
8949
10335
10345
7553
1144
-8838
-19929
-28615
-32555
-30269
-22530
-12732
-2512
7674
15413
19542
20842
18264
11761
5052
706
-1882
-3261
-3866
-5258
-8048
-11080
-13741
-16435
-18614
-18908
-16629
-11366
-3005
6732
15087
20355
22242
21005
16947
11099
4668
-1865
-7374
-10365
-11016
-10220
-9056
-9155
-10117
-9992
-8526
-5399
-42
5587
10294
14922
18246
18562
16154
10778
2728
-5016
-10256
-12962
-13167
-11480
-9168
-6419
-3508
-1244
413
1565
2190
3143
5372
8200
10092
10594
9483
6040
1129
-3604
-7906
-11451
-12990
-12117
-9387
-5371
-748
3387
6031
7439
8399
8507
7684
6934
6236
5212
4698
4771
4261
3179
2132
925
-186
-473
-261
32
664
1642
2878
4184
5084
5506
5617
5300
5065
5728
6708
6511
4346
-591
-9079
-18799
-26024
-29096
-26884
-19776
-10681
-1064
8545
15897
19837
20543
17006
9936
2973
-1917
-5024
-6364
-6555
-7056
-8214
-9581
-11267
-13379
-15400
-16083
-14045
-9051
-1514
7406
15134
19751
21273
19805
15300
9030
2284
-4389
-9548
-11754
-11555
-10064
-8266
-7615
-7880
-7382
-5807
-3016
1206
5427
9144
12960
15495
15505
13291
8400
1428
-4799
-8978
-11333
-11605
-10363
-8472
-5909
-3113
-834
854
1862
2530
3855
5927
7935
9284
9346
7518
4222
264
-3996
-8033
-11090
-12427
-11620
-8878
-4909
-560
3343
6185
8021
9162
9420
8684
7462
6065
4913
4482
4159
3457
2814
2043
1095
843
1059
999
1071
1577
2356
3597
4961
5840
6224
6193
6149
6664
7028
5918
2376
-4759
-14519
-23196
-28567
-29272
-24293
-16138
-7235
2759
12248
18584
21728
21111
15585
7739
1364
-2942
-5896
-7362
-7918
-8881
-10145
-11006
-12166
-14185
-15970
-15843
-12911
-6964
1556
10492
17280
21114
22016
19549
14134
7218
-299
-7228
-11520
-12652
-11716
-9740
-8283
-8113
-7717
-6473
-4626
-1251
3037
6896
11036
15123
17013
16155
12657
6424
-803
-6668
-10607
-12877
-12940
-10725
-7428
-3734
104
2757
3510
3676
4233
4869
5747
6879
7095
6003
4128
1393
-2177
-5985
-9465
-11803
-12255
-10580
-6977
-2474
1745
5324
8088
9739
10155
9331
7517
5199
3335
2590
2524
2621
2718
2583
2382
2314
2134
1839
1507
1397
2139
3649
5233
6500
7047
6901
6861
7129
6916
5178
557
-7549
-16970
-24544
-28411
-27040
-20999
-13257
-4594
4873
12809
18247
21110
19537
13665
6917
1430
-2724
-5386
-6868
-8145
-9561
-10708
-11599
-12821
-14644
-16175
-15720
-12405
-6206
2139
10455
16723
20587
21589
19193
14026
6935
-933
-7703
-11809
-12922
-11965
-10422
-9330
-8636
-7719
-6251
-3774
-281
3381
7323
11772
15245
16475
15070
10567
3911
-2483
-7123
-9687
-10287
-9372
-7336
-4566
-1569
802
1882
1781
1370
1710
3229
5464
7481
8140
7003
4714
1523
-2524
-6643
-10078
-12216
-12120
-9667
-5727
-1279
2698
5638
7662
8944
9327
8540
6970
5428
4310
3762
3815
4052
3674
2679
1915
1680
1784
2107
2378
2763
3771
5068
6294
7385
7858
7676
7219
5865
1957
-5274
-14423
-22867
-28011
-27458
-21843
-14504
-6213
2928
10372
15452
18850
18438
13435
7413
2963
-393
-2751
-3926
-5156
-7294
-9592
-11488
-13488
-15766
-17185
-16460
-13406
-7911
-225
7468
13242
17108
18830
17645
14025
8973
3068
-2705
-6749
-8526
-9021
-9334
-10093
-10843
-10693
-9456
-6731
-2504
1825
6137
11016
14751
16020
14871
10829
4675
-883
-4856
-7721
-8911
-8327
-6989
-4924
-1922
370
992
961
1063
1584
2878
4888
6756
7501
7070
5732
3056
-862
-5071
-8949
-11560
-11861
-9950
-6655
-2673
1356
4684
7079
8803
9599
9002
7521
5996
4944
4450
4126
3676
2906
1957
1496
1769
2300
2517
2485
2930
4094
5545
6896
7691
7767
7445
6233
2754
-3839
-12778
-21569
-27125
-26851
-21328
-13912
-5672
3158
10168
14852
18056
17567
12646
6892
2786
23
-1442
-1950
-3059
-5363
-8010
-10380
-12961
-15879
-17899
-17681
-14952
-9403
-1387
6324
11818
15451
16883
15662
12569
8183
2986
-1808
-4956
-5975
-5824
-6226
-7876
-10031
-11566
-11766
-9958
-6215
-1909
2630
8001
12972
15805
16010
13094
7401
1193
-3527
-6585
-7843
-7112
-5343
-3106
-580
1227
1581
925
-21
-510
316
2312
4717
6793
7773
7260
5193
1887
-2180
-6545
-10071
-11543
-10912
-8564
-4893
-772
2857
5721
7821
8919
8819
7992
7050
6216
5752
5613
5299
4657
4052
3502
2896
2411
2186
2191
2411
3024
4286
5855
6796
6658
4485
-1114
-9157
-17061
-22961
-24475
-20642
-14477
-7611
246
6908
11091
13932
14377
11151
6478
2945
1130
514
244
-370
-1891
-4539
-7472
-10164
-13196
-15984
-16873
-15408
-11321
-4643
2455
7980
11860
13794
13404
11212
7750
3596
-270
-2968
-3836
-3269
-3081
-4382
-6550
-8600
-10132
-10210
-8184
-5226
-1782
2906
7844
11370
12969
11923
8175
3594
-201
-2925
-4404
-4528
-3876
-2782
-1164
267
558
-50
-713
-877
-65
1910
4382
6077
6466
5886
4319
1815
-1083
-3985
-6368
-7536
-7243
-5777
-3774
-1782
-52
1266
2620
4273
5484
6072
6818
7809
8471
8614
8188
6954
5098
3542
2754
2522
2677
3022
3546
4390
5240
5549
5149
4013
954
-4854
-11726
-18132
-22942
-22896
-17465
-10750
-3806
3652
8479
10516
12138
11792
8056
3742
1185
170
287
1086
1386
-139
-3352
-6590
-9351
-12506
-15113
-15470
-13698
-9561
-2931
3713
8326
11050
11795
10698
8604
5824
2607
-266
-2074
-2361
-1556
-1628
-3940
-7226
-10219
-12612
-12550
-9404
-5784
-2157
2819
7399
10293
11948
10821
6795
2882
164
-1617
-1784
-1111
-1269
-1863
-1918
-1899
-2426
-3284
-3505
-2568
-619
2757
6774
8950
8830
7623
5303
2152
-670
-3234
-5540
-6625
-6248
-5054
-3706
-2572
-1844
-1282
-100
1840
3828
5541
7123
8709
10021
10467
10060
8974
7044
5055
4155
3946
3636
3204
2822
2784
3131
3556
3573
1460
-4085
-11229
-17857
-22798
-22781
-17445
-11427
-4942
3132
8711
11168
13269
12700
8019
3237
666
-204
-13
422
498
-825
-3810
-6574
-8862
-12056
-14713
-14888
-12989
-8807
-2384
3614
7527
9926
10720
9859
8304
6240
3713
1666
573
362
783
162
-2916
-6852
-10088
-12810
-13400
-10897
-7815
-4430
569
5239
8435
10200
8867
5390
2613
841
518
1883
2827
2649
2169
1150
-356
-2197
-4602
-6472
-6482
-4654
-1244
2709
5564
6818
6490
5031
3467
1459
-1205
-2901
-3320
-3345
-2677
-1542
-1265
-1803
-1949
-1232
57
1714
3541
5127
6677
8400
9426
9536
9137
7906
6411
5808
5867
6141
6206
5473
4751
4320
3244
1698
-1125
-7024
-14155
-20190
-24120
-22470
-16185
-10103
-3105
4525
8328
9955
11818
10592
6225
2783
1563
1793
2624
3439
3357
680
-3860
-7489
-10610
-14316
-16358
-15571
-13164
-8730
-2271
3370
6543
8207
8739
7908
6792
6120
5154
4180
3947
4040
3904
2153
-2059
-6572
-10623
-14311
-14667
-12029
-9390
-5471
-258
3428
5868
7074
5718
3720
3001
3058
3902
5387
5892
4644
2783
938
-1449
-4234
-6122
-6515
-5602
-3004
582
3082
4024
3995
2886
1515
846
226
-530
-484
346
887
857
414
-961
-2844
-3573
-2744
-1077
1115
3476
5575
7369
8732
9351
8934
7625
6251
5486
5657
6492
7065
6959
6442
5533
4452
2936
-900
-7363
-13876
-19878
-24071
-21827
-15690
-10750
-4134
3428
6839
8602
10847
10082
6630
4152
3777
4129
3987
4115
3648
333
-3921
-6814
-9888
-13478
-15097
-14275
-12373
-8875
-3671
696
3188
4828
5747
5780
5401
5305
5603
5894
6234
6699
6364
3753
-723
-4806
-8388
-11331
-11173
-9186
-7721
-5075
-1779
-61
656
545
-303
-647
204
2859
6182
8172
9225
9202
7284
4573
1643
-1693
-4193
-4823
-3727
-1709
257
1475
1204
-81
-1120
-1900
-2544
-2352
-1241
215
1807
3064
3216
2157
686
-460
-896
-289
1010
2413
4051
5747
6534
6607
6595
5669
4245
4184
4850
5480
6849
7846
7653
6910
5418
3190
-582
-6581
-12556
-17891
-21833
-20536
-16149
-12208
-6578
-1051
1720
4476
7070
7248
6324
5817
6265
7086
7301
7114
5515
1804
-2100
-5453
-9022
-12267
-14037
-13909
-12284
-9399
-5628
-2409
-280
1763
3674
4600
5249
6133
6342
6457
7210
7363
6287
3806
122
-3399
-6825
-9432
-9602
-9224
-8624
-6185
-3715
-1741
198
467
58
394
955
2625
5155
6618
6963
6769
5782
4060
1961
-155
-1914
-2746
-2050
-409
971
1726
1887
1244
210
-420
-1019
-1642
-1277
-288
435
1061
1227
492
-467
-663
-66
865
2221
3623
4485
5420
6464
6768
6855
6814
6034
5328
5194
5154
5000
4493
3730
2773
1663
910
-267
-2702
-5961
-9806
-13423
-14933
-14260
-12620
-9915
-6512
-3571
-1115
1181
2586
2553
2234
2788
3756
4774
5937
6423
5447
3609
1551
-1063
-4233
-6936
-8389
-8752
-8136
-6517
-4662
-3475
-2634
-1603
-744
-170
524
1491
2821
4374
5786
6780
6531
4606
2151
-194
-2479
-3798
-4067
-4129
-3834
-3105
-2624
-2536
-2779
-3364
-3810
-3362
-1664
611
2785
4540
5308
5128
4456
3438
2330
1393
911
1257
2088
2700
2895
2487
1535
550
-169
-546
-555
-313
-84
191
339
-229
-1084
-1671
-2120
-1851
-641
838
2360
3724
4715
5482
6021
6448
6790
6920
7176
7494
7483
7240
6562
5105
3096
1245
-452
-2593
-4435
-6136
-8936
-11230
-12181
-12973
-12417
-10457
-8642
-6402
-3897
-1887
-191
922
1472
1845
2293
3148
3893
4118
4028
3304
1848
48
-1767
-3575
-5397
-6204
-5832
-5326
-4358
-3035
-2321
-1973
-1726
-1592
-1415
-1118
-474
451
1654
2811
3322
3732
3572
2297
1690
1405
403
303
566
-51
-447
-618
-1333
-2349
-3131
-3498
-3525
-2883
-1543
-283
725
1494
1922
2213
2274
2378
2673
2946
3544
4124
4166
4134
3760
2800
1948
1212
401
-247
-523
-578
-752
-938
-1135
-1427
-1269
-796
-140
1002
2038
2596
3013
3425
3654
3647
3963
4586
4863
5380
6081
6087
5754
4956
3469
2214
1116
9
-426
-630
-1059
-1429
-2025
-3161
-4811
-6558
-7806
-8779
-9304
-8746
-7716
-6829
-5462
-3970
-3407
-2965
-1968
-1272
-465
1048
2297
2830
3128
3179
2554
1260
48
-758
-1760
-2444
-2312
-2491
-3054
-3299
-3576
-4082
-4253
-4026
-3658
-2731
-1176
205
1481
2621
2844
2856
3056
2565
2048
1989
1526
1141
1351
1224
607
-8
-630
-1256
-1587
-1606
-1565
-1306
-956
-498
222
638
747
997
1119
1304
1906
2324
2656
3215
3516
3681
3885
3629
2967
2402
1848
1230
924
749
341
113
113
-65
-146
-146
-457
-615
-303
238
973
2027
3041
3636
4037
4232
4114
3747
3264
3003
2891
2705
2709
2660
2281
1962
1452
801
422
-212
-849
-1206
-2000
-2958
-3984
-5327
-6399
-7144
-7850
-7989
-7532
-7090
-6283
-4959
-3804
-2838
-1653
-597
43
671
1302
1879
2376
2677
2871
2553
1655
691
-588
-2293
-3941
-5298
-6282
-6628
-6102
-5075
-4020
-2632
-1223
-428
492
1301
1329
1483
1852
1981
2245
2585
2625
2491
2086
1372
692
-16
-784
-1083
-886
-536
84
853
1288
1516
1585
1311
1011
756
630
900
1442
2121
2778
3065
3036
2768
2218
1745
1443
1373
1552
1852
2355
2656
2492
2163
1461
345
-493
-1021
-1378
-1217
-722
-124
615
1229
1639
1870
1821
1758
1918
2201
2510
2980
3474
3524
3380
3097
2196
1217
492
-214
-537
-584
-739
-835
-987
-1329
-1739
-2210
-2670
-3282
-3769
-3896
-3964
-3725
-3230
-2831
-2408
-2265
-2349
-2286
-2336
-2198
-1841
-1630
-933
-296
-236
149
-87
-1142
-1736
-2302
-2889
-3051
-2978
-2703
-2386
-1872
-1285
-1201
-1162
-1092
-1243
-984
-486
-186
209
573
721
761
660
375
-80
-419
-577
-655
-386
-1
305
702
959
1101
1171
1102
1218
1260
1391
2030
2374
2522
2890
2685
2265
2160
1970
1818
1778
1833
1987
2047
2181
2194
1830
1399
788
238
5
-242
-311
-170
-113
35
231
393
500
347
344
537
644
1009
1482
1784
2029
2139
2186
2060
1803
1594
1135
735
570
115
-211
-257
-557
-720
-676
-724
-801
-1012
-1170
-1269
-1478
-1438
-1335
-1361
-1248
-1224
-1165
-1003
-979
-833
-548
-297
18
210
259
22
-683
-1251
-1728
-2374
-2651
-2626
-2610
-2499
-2232
-2004
-2070
-2131
-2089
-2069
-1742
-1208
-697
-136
166
283
352
132
-128
-370
-646
-750
-825
-788
-659
-749
-845
-895
-986
-889
-667
-340
118
608
1118
1415
1621
1777
1517
1242
1224
1160
1264
1545
1784
2004
2090
2114
2024
1691
1311
821
388
275
183
107
123
56
-14
-103
-207
-306
-514
-590
-379
-36
431
904
1242
1498
1648
1668
1599
1473
1305
1156
1132
1130
995
758
416
18
-444
-851
-1074
-1276
-1294
-1012
-589
-107
214
373
479
274
-9
-103
-328
-498
-420
-251
36
289
428
416
128
-184
-358
-433
-346
-156
-35
-93
-278
-524
-842
-1062
-1180
-1151
-896
-672
-360
-16
-38
-76
-43
-227
-265
-201
-237
-106
-25
-28
-3
-300
-727
-1090
-1569
-1945
-2067
-1971
-1754
-1344
-704
-242
32
408
663
770
944
1102
1184
1257
1401
1471
1329
1170
894
425
107
-162
-468
-558
-632
-702
-683
-648
-530
-523
-401
-181
-249
-206
11
-8
75
380
451
515
591
443
266
59
-98
-77
109
438
688
821
867
733
450
104
-209
-537
-791
-734
-571
-433
-110
-15
-101
-126
-346
-436
-369
-231
81
397
803
1177
1196
1170
992
536
273
70
-108
-56
-4
82
196
261
175
-3
-122
-327
-383
-205
6
168
345
461
392
305
278
269
219
377
685
723
769
710
386
277
110
19
-32
-399
-606
-835
-1086
-1153
-1187
-1023
-698
-339
81
298
377
516
526
723
990
1009
1169
1188
993
915
587
207
-67
-474
-898
-1140
-1334
-1423
-1151
-926
-699
-493
-393
-248
-191
-20
38
170
413
396
556
501
323
148
-264
-455
-757
-1029
-849
-858
-886
-601
-649
-557
-347
-466
-352
-566
-758
-603
-699
-618
-435
-371
-294
-194
-210
-329
-389
-438
-330
-155
67
352
553
700
845
835
686
583
443
307
242
119
59
106
46
105
232
37
88
179
21
195
334
324
542
691
649
742
670
478
498
259
241
312
219
263
71
-152
-299
-469
-568
-418
-434
-331
36
48
405
706
791
1123
1153
1066
938
850
692
642
705
502
441
220
-115
-311
-623
-884
-697
-648
-715
-444
-559
-546
-240
-152
136
232
238
409
450
527
570
432
395
241
-12
-60
-223
-379
-331
-369
-464
-460
-614
-557
-515
-688
-526
-660
-707
-600
-738
-624
-564
-473
-445
-437
-503
-730
-780
-710
-691
-483
-39
164
553
725
537
439
-41
-101
-215
-186
238
155
549
644
445
459
176
-135
-238
-210
-188
347
405
612
720
159
167
-73
-170
-13
70
157
291
698
572
629
451
-104
-349
-642
-653
-536
-297
-55
327
422
331
366
-3
-17
71
289
761
1020
1273
1291
964
672
200
-322
-540
-847
-853
-692
-653
-471
-486
-479
-511
-491
-462
-264
76
350
719
959
983
566
387
0
-351
-238
-494
-116
77
-35
208
54
-289
-475
-478
-544
-320
-69
76
252
164
12
-220
-377
-509
-685
-656
-718
-796
-507
-561
-531
-162
-393
-148
92
-27
180
189
261
172
203
180
65
176
-67
-82
-119
-225
-94
39
104
158
277
241
360
488
422
452
449
244
258
162
-124
-57
-221
-224
26
-6
278
152
45
304
-161
115
370
-5
389
278
-129
213
-29
-190
86
-259
-123
104
41
486
611
624
736
436
209
26
-252
-220
-289
-376
-310
-500
-471
-483
-580
-395
-404
-210
25
113
406
375
586
649
305
510
94
-157
116
-567
-429
-174
-736
-105
-106
-508
83
-150
-39
494
260
337
391
67
84
-16
-346
-414
-726
-885
-714
-881
-755
-550
-657
-409
-243
-174
159
353
432
621
583
448
578
379
209
271
-91
-220
-99
-423
-277
-5
-261
132
234
152
393
379
455
453
521
376
294
334
246
209
147
127
-28
15
-134
-57
101
35
535
351
337
405
79
159
-33
29
162
154
315
430
244
247
102
-66
56
-159
210
282
219
473
103
-122
-482
-664
-584
-585
-210
92
-95
232
177
-192
260
-274
-116
107
-545
-9
3
-310
-18
-30
-546
-433
-510
-907
-512
-669
-328
-10
-43
341
313
334
335
420
225
-50
34
-225
-297
-39
-163
-196
-182
-446
-565
-718
-697
-556
-355
69
149
329
488
177
384
361
168
468
280
164
208
-9
-131
-157
-237
-306
-237
-84
-102
121
242
74
243
252
212
413
494
258
302
337
-91
32
-1
-318
-190
-52
-149
-36
250
-118
-184
-36
-557
-233
-80
-169
269
368
326
438
554
90
341
127
-383
338
23
-10
492
86
-62
240
-284
-255
39
-348
223
240
108
513
221
108
335
-142
-99
73
-486
125
-146
-463
-55
-577
-526
-491
-415
-527
-402
32
-244
465
344
378
716
-105
406
109
-310
458
173
-256
221
-347
-969
-151
-883
-773
7
-758
-145
238
-375
366
321
-117
749
228
339
765
132
601
234
-66
183
-577
-262
-309
-596
237
-194
71
439
-289
159
233
-2
499
676
543
500
457
221
-104
-1
-129
-266
-54
-194
-249
-31
-362
-293
46
-644
0
177
-294
617
323
103
455
83
-30
279
28
59
333
-36
93
8
-172
-166
-185
-45
-302
-47
83
-116
223
148
90
143
94
146
-88
241
42
-61
420
-213
1
163
-622
-236
-224
-741
-223
-149
-495
-117
-8
-443
-186
135
-353
-46
296
-97
246
348
-134
-64
-19
-541
-308
-166
-804
-313
-274
-683
-137
-156
-322
-21
134
63
410
673
493
691
505
320
28
21
-80
-239
130
-444
-152
-271
-467
-149
-244
162
-83
520
448
540
948
628
763
321
344
-8
-47
-170
-276
-76
-550
-73
-301
-590
-89
-336
-270
122
282
305
686
491
511
599
-7
304
-2
-26
120
70
-3
-183
-17
-560
-492
-415
-469
-260
4
96
104
338
-72
237
-174
-114
242
-247
330
186
94
275
-74
-193
-92
-402
-374
242
-239
106
470
-180
34
20
-243
-314
-177
-188
-197
-8
-169
29
-198
-344
-162
-407
-509
-250
-21
-371
162
-47
-242
19
-475
134
-256
-206
397
-33
51
425
96
37
477
41
235
203
-100
143
-161
-157
-46
-54
-206
-33
102
-209
140
255
173
364
515
467
375
488
148
199
-94
-197
28
-450
-122
-189
-340
-125
-226
-208
-36
-12
265
452
175
508
351
253
497
360
464
139
276
54
-377
-142
-589
-454
-258
-444
-74
-114
-233
-6
-29
-173
82
92
48
306
191
252
211
143
138
-64
-63
-324
-165
-278
-260
20
-237
-66
65
-137
-136
165
-188
-2
246
-267
89
-74
-290
-3
-317
-380
-221
-540
-309
-73
-247
194
192
192
434
174
183
109
91
-28
73
159
-186
148
-161
-377
-106
-459
-278
-35
-197
-3
184
-183
143
299
-107
316
270
41
335
304
99
221
169
-72
72
-18
-154
-112
-76
-263
-257
-114
-416
-168
-90
-273
123
22
86
353
139
178
280
240
177
329
208
96
159
39
48
-34
-28
-79
-55
-26
-23
-52
-55
-6
-171
-2
-129
-182
99
41
129
318
188
55
215
-11
-68
98
-59
-32
83
-20
-35
73
-74
-113
-42
-216
-123
44
30
136
231
139
43
119
-133
-248
-137
-332
-259
-52
-60
-127
-8
-128
-253
-62
-127
-86
187
158
86
315
55
-88
13
-261
-318
-282
-334
-370
-347
-399
-409
-417
-310
-191
-120
50
170
326
303
403
390
267
334
335
329
263
269
43
-49
-137
-223
-75
-93
174
289
251
465
389
429
520
500
554
648
621
563
542
190
146
20
-213
-139
-176
-145
-136
-59
-163
-259
-303
-397
-218
-216
-120
63
-159
-256
-219
-555
-502
-398
-469
-240
-253
-193
-207
-261
-203
-174
-84
-17
134
136
78
136
-16
-42
46
39
77
96
116
-56
-167
-310
-488
-464
-527
-315
-219
-206
-49
-193
-344
-343
-460
-443
-232
-144
29
37
-54
-122
-282
-294
-255
-90
146
283
422
450
292
297
364
325
569
753
774
873
878
859
864
916
1014
1078
1121
1117
1077
949
783
761
631
549
634
612
570
574
461
335
273
249
306
354
411
345
92
-233
-659
-1039
-1260
-1383
-1429
-1423
-1503
-1680
-1786
-1943
-2109
-2044
-1936
-1818
-1585
-1381
-1326
-1285
-1168
-1148
-988
-741
-462
-184
-20
117
185
262
436
690
894
1073
1176
1177
1173
1125
1023
913
760
615
484
262
136
-147
-439
-578
-805
-895
-955
-968
-1013
-960
-882
-889
-699
-616
-506
-253
-4
205
486
736
795
974
1102
1172
1292
1273
1280
1233
1299
1321
1334
1382
1253
1285
1306
1340
1438
1401
1273
1094
1001
901
940
1038
1090
1088
1086
1134
1036
1086
1095
1169
1423
1697
2032
2100
1760
1119
417
-253
-341
-219
-212
-204
-815
-1635
-2419
-3079
-3461
-3581
-3590
-3655
-3616
-3767
-3932
-4016
-4091
-3894
-3431
-2804
-2144
-1609
-1402
-1365
-1291
-1133
-580
56
617
1090
1244
1224
1234
1246
1419
1755
2075
2463
2558
2460
2204
1714
1402
1252
1245
1316
1357
1106
620
-12
-703
-1209
-1540
-1656
-1720
-1651
-1769
-2032
-2193
-2529
-2630
-2389
-2041
-1492
-881
-532
-365
-165
-35
192
759
1278
1729
2184
2402
2397
2403
2323
2182
2210
2147
2118
2023
1755
1366
923
571
298
291
370
396
371
228
-23
-181
-109
28
306
735
941
1103
1314
1317
1506
1741
1964
2339
2755
3081
3182
3202
2520
1719
1180
336
323
464
-145
-610
-1628
-3068
-3995
-4409
-4645
-4682
-4581
-4928
-5236
-5467
-5587
-5380
-5048
-4576
-3884
-3119
-2515
-1899
-1592
-1478
-1117
-501
321
1269
2016
2261
2255
2156
2173
2482
2951
3277
3509
3506
3120
2795
2501
2078
1899
1927
1766
1586
1282
592
-190
-850
-1282
-1428
-1414
-1484
-1794
-2160
-2639
-3054
-3089
-3165
-2925
-2526
-2240
-1737
-1488
-1362
-1106
-764
-202
559
1236
1673
1826
1789
1884
2122
2507
2907
2977
2845
2500
2005
1705
1381
1095
892
732
594
446
255
-97
-385
-537
-424
-56
304
503
535
529
609
987
1501
2008
2481
2727
2922
3169
3276
3438
3636
3882
4248
4472
4418
3667
2345
1051
-165
-628
-351
-555
-1299
-2500
-4297
-5840
-6369
-6236
-6021
-5874
-6116
-6603
-7054
-7111
-6713
-6153
-5417
-4564
-3634
-2980
-2468
-2030
-1843
-1256
-221
959
2072
2795
2901
2614
2555
2834
3489
4275
4691
4702
4351
3742
3155
2934
2698
2447
2514
2331
1861
1188
334
-600
-1256
-1389
-1338
-1250
-1461
-1960
-2593
-3088
-3185
-3053
-2789
-2563
-2492
-2551
-2505
-2221
-1833
-1353
-735
-111
290
617
908
999
1150
1532
2014
2429
2646
2541
2184
1823
1571
1536
1523
1438
1123
642
210
-160
-312
-317
-242
-264
-294
-388
-470
-325
-175
138
493
831
1183
1521
1911
2212
2582
2909
3292
3730
4000
4199
4233
4029
3825
3782
3759
3739
3504
2619
1337
133
-1016
-1505
-1270
-1559
-2366
-3534
-5154
-6376
-6664
-6278
-5861
-5798
-6194
-6782
-7159
-7025
-6229
-5314
-4595
-3882
-3284
-2811
-2159
-1469
-933
-195
719
1661
2515
3011
3057
2894
3004
3442
4181
4722
4623
4065
3272
2571
2261
2381
2435
2181
1810
1320
679
122
-264
-714
-1025
-1134
-1195
-1251
-1458
-1771
-2078
-2180
-1903
-1488
-1266
-1268
-1498
-1822
-1737
-1238
-791
-461
-376
-506
-491
-294
38
413
621
647
747
914
967
1049
1028
842
837
964
1064
1092
888
486
145
113
272
439
517
341
135
123
330
684
1020
1132
1107
1213
1417
1707
2027
2154
2242
2418
2543
2779
3007
2985
2951
3133
3342
3554
3756
3567
3283
3119
3065
3229
3096
2108
643
-764
-2019
-2267
-1871
-2158
-3044
-4414
-6037
-7023
-6878
-6190
-5873
-6058
-6542
-7129
-7303
-6643
-5521
-4638
-4076
-3614
-3262
-2956
-2313
-1530
-823
32
991
1916
2475
2790
2936
2982
3403
4103
4749
4985
4759
4244
3793
3523
3456
3561
3192
2510
2003
1440
913
596
254
-297
-843
-1182
-1465
-1752
-2050
-2336
-2577
-2647
-2486
-2396
-2538
-2720
-2878
-2868
-2436
-1833
-1504
-1455
-1481
-1454
-1185
-705
-209
47
7
22
173
532
964
1237
1311
1152
1115
1175
1285
1507
1514
1343
1209
1198
1198
1191
1124
924
745
608
576
647
642
528
463
494
630
921
1258
1527
1727
1806
1835
2018
2306
2529
2789
2986
2991
3006
3038
3147
3234
3132
2992
2910
2825
2826
2957
2751
1831
656
-440
-1447
-1627
-1339
-1692
-2668
-4023
-5611
-6657
-6478
-5791
-5477
-5769
-6504
-7164
-7436
-6780
-5390
-4382
-3925
-3608
-3333
-3028
-2280
-1207
-381
248
937
1555
1983
2311
2545
2655
2943
3501
4098
4404
4212
3816
3436
3108
3147
3379
3038
2349
1805
1187
576
367
192
-342
-926
-1389
-1780
-2131
-2360
-2437
-2540
-2645
-2597
-2517
-2612
-2606
-2453
-2241
-1785
-1181
-795
-713
-598
-456
-195
396
973
1299
1324
1275
1289
1333
1426
1485
1493
1345
1193
1201
1114
906
734
541
321
240
252
145
10
-94
-241
-186
66
212
268
229
35
-14
247
568
888
1147
1240
1292
1516
1893
2296
2651
2841
2947
3058
3137
3251
3413
3436
3340
3361
3345
3197
3071
2886
2640
2505
2521
2457
1984
914
-360
-1496
-2213
-2042
-1681
-2167
-3363
-4878
-6495
-7255
-6663
-5801
-5547
-5887
-6628
-7462
-7558
-6552
-5139
-4097
-3588
-3346
-3271
-2955
-2084
-989
-181
412
1046
1440
1673
1973
2230
2400
2817
3436
3779
3748
3432
3005
2698
2758
3105
3213
2804
2090
1473
931
665
783
630
97
-509
-1013
-1375
-1565
-1586
-1652
-1821
-1932
-1887
-1844
-1865
-1835
-1731
-1512
-1099
-632
-449
-465
-409
-241
158
730
1151
1224
1065
958
1014
1191
1368
1419
1191
816
668
601
497
386
52
-384
-624
-603
-513
-402
-399
-671
-799
-746
-617
-346
-176
-98
-23
147
417
724
1064
1267
1426
1639
1827
2109
2434
2686
2883
3046
3084
3047
3099
3173
3168
3173
3141
2994
2821
2712
2669
2568
2385
2197
2061
1904
1775
1573
753
-435
-1512
-2447
-2633
-2159
-2222
-3131
-4373
-5890
-6932
-6610
-5643
-5044
-5245
-6002
-6802
-7072
-6374
-5014
-3855
-3490
-3453
-3368
-3092
-2294
-1249
-467
-39
429
980
1498
2024
2352
2367
2508
3057
3676
4091
4096
3734
3275
2946
3059
3420
3372
2849
2338
1883
1423
1249
1167
707
50
-429
-724
-903
-1065
-1309
-1626
-1963
-2078
-1975
-1952
-2042
-2171
-2260
-2063
-1567
-1108
-921
-894
-837
-626
-168
471
942
1040
979
1028
1236
1402
1579
1609
1269
938
808
741
710
592
277
-107
-422
-586
-656
-719
-863
-1007
-1011
-872
-657
-469
-410
-369
-219
40
403
752
951
1064
1204
1365
1569
1894
2164
2308
2474
2589
2613
2643
2731
2827
2886
2931
2938
2783
2548
2503
2586
2594
2606
2444
2038
1748
1747
1873
1766
1169
6
-1330
-2352
-2573
-2172
-2186
-2793
-3851
-5308
-6341
-6239
-5603
-5233
-5252
-5648
-6230
-6503
-5990
-4962
-4161
-3633
-3134
-2745
-2378
-1743
-1000
-532
-53
801
1697
2328
2798
2898
2606
2625
3185
3817
4231
4298
3839
3170
2758
2718
2918
2948
2647
2162
1560
937
607
441
108
-220
-502
-852
-1209
-1535
-1843
-2124
-2193
-2065
-1928
-1907
-2023
-2245
-2410
-2193
-1692
-1230
-873
-674
-665
-589
-275
201
645
922
1113
1240
1253
1330
1408
1251
1062
902
779
740
632
371
-33
-468
-799
-857
-755
-739
-837
-1014
-1186
-1183
-903
-534
-293
-160
-64
16
210
547
855
1076
1225
1392
1594
1833
2045
2170
2281
2360
2517
2713
2857
2825
2719
2698
2651
2741
2906
2861
2683
2565
2440
2313
2249
2107
1927
1751
1658
1558
1180
400
-627
-1613
-2336
-2389
-2131
-2364
-2987
-3947
-5204
-5862
-5569
-5023
-4700
-4685
-5040
-5614
-5732
-5154
-4323
-3578
-2985
-2494
-2167
-1822
-1244
-673
-218
379
1184
1913
2464
2790
2701
2423
2378
2703
3128
3416
3409
2961
2308
1841
1689
1731
1687
1468
1167
696
231
-14
-239
-566
-786
-863
-977
-1147
-1294
-1516
-1790
-1878
-1765
-1613
-1522
-1474
-1473
-1471
-1255
-891
-638
-395
-146
46
276
567
797
921
1001
1135
1411
1637
1624
1354
921
415
178
380
541
506
253
-364
-992
-1220
-1126
-908
-675
-637
-867
-1110
-1121
-993
-763
-403
-66
198
429
667
883
1011
1180
1498
1843
2199
2540
2679
2614
2530
2481
2547
2719
2885
2922
2851
2670
2417
2291
2165
2018
1940
1810
1596
1417
1269
1034
792
593
384
280
337
418
257
-257
-1003
-1771
-2354
-2417
-2100
-2035
-2328
-2959
-3925
-4677
-4762
-4450
-4136
-3966
-4077
-4388
-4622
-4471
-4010
-3549
-3112
-2637
-2172
-1792
-1384
-1045
-912
-700
-204
467
1114
1595
1702
1482
1333
1449
1777
2196
2475
2468
2210
1881
1638
1543
1497
1439
1485
1475
1312
1079
745
270
-101
-199
-122
-5
-26
-251
-619
-934
-1038
-911
-696
-591
-561
-585
-637
-609
-570
-547
-462
-330
-148
31
145
145
54
-5
56
268
403
398
353
176
-23
-53
56
91
31
-19
-113
-226
-283
-256
-235
-237
-136
25
195
321
334
362
460
587
823
1125
1320
1381
1461
1570
1674
1833
2018
2117
2127
2160
2155
2084
2025
1983
1925
1949
2019
1989
1828
1580
1293
1030
895
853
795
671
581
482
332
247
106
-123
-231
-183
-105
-52
-239
-788
-1469
-2107
-2383
-2243
-2082
-2039
-2312
-3012
-3661
-3964
-4037
-3835
-3533
-3449
-3483
-3546
-3599
-3529
-3399
-3153
-2724
-2232
-1705
-1252
-1052
-1035
-988
-755
-278
360
959
1297
1315
1180
1087
1175
1428
1718
1941
2063
2034
1893
1737
1551
1331
1289
1412
1546
1663
1603
1308
909
567
411
494
629
661
548
293
-38
-324
-462
-522
-544
-570
-587
-667
-839
-991
-1126
-1219
-1136
-957
-773
-618
-622
-680
-681
-632
-480
-255
-83
80
226
277
337
430
468
533
676
851
976
1036
1059
958
858
874
935
1016
1050
1010
928
862
855
927
1013
1034
1063
1073
1045
1060
1079
1060
1077
1110
1080
1089
1075
1001
976
940
879
828
782
671
557
490
396
292
273
252
195
162
113
67
15
19
109
142
133
84
-83
-225
-261
-286
-349
-483
-771
-1191
-1541
-1749
-1852
-1945
-2105
-2327
-2621
-2899
-3069
-3149
-3254
-3300
-3238
-3129
-2940
-2704
-2537
-2448
-2323
-2103
-1797
-1404
-966
-652
-464
-276
-54
201
492
794
1053
1218
1361
1536
1660
1750
1853
1956
2033
2120
2195
2149
2067
1929
1742
1619
1509
1355
1191
995
779
568
341
177
16
-180
-303
-421
-576
-759
-966
-1133
-1253
-1327
-1285
-1226
-1199
-1189
-1168
-1078
-997
-887
-713
-517
-296
-71
216
487
638
795
923
994
1148
1303
1390
1485
1453
1382
1322
1179
1118
996
818
764
695
655
664
581
411
251
140
99
201
292
283
295
219
105
144
244
307
429
588
599
614
690
647
597
595
625
740
828
883
886
681
557
581
521
572
635
547
422
283
219
113
-18
13
-86
-244
-209
-291
-385
-371
-513
-615
-598
-689
-725
-796
-1020
-1216
-1330
-1383
-1460
-1419
-1449
-1673
-1754
-1839
-1971
-1927
-1954
-2015
-1957
-2001
-1897
-1691
-1660
-1465
-1272
-1195
-907
-626
-460
-275
-173
-56
148
343
638
814
828
920
896
939
1071
1085
1123
1125
1051
1047
1047
982
897
760
646
564
508
432
291
136
-107
-330
-418
-564
-669
-695
-811
-790
-737
-778
-725
-745
-792
-645
-459
-274
-72
33
124
194
357
531
621
790
831
860
1031
1092
1100
1076
962
902
875
934
1040
924
800
664
419
378
357
268
285
160
52
75
-85
-162
-123
-237
-192
-13
-3
171
168
1
112
107
158
471
572
655
719
611
655
501
456
582
437
620
786
535
668
492
105
211
125
167
290
168
128
-96
-345
-370
-461
-411
-379
-422
-409
-571
-587
-582
-695
-519
-502
-538
-375
-439
-443
-421
-489
-433
-455
-445
-309
-437
-393
-288
-464
-349
-292
-396
-258
-319
-448
-347
-500
-481
-317
-442
-422
-423
-543
-546
-537
-473
-459
-491
-473
-618
-547
-548
-641
-435
-575
-650
-456
-616
-529
-366
-593
-550
-556
-682
-483
-433
-469
-346
-449
-433
-275
-317
-203
-102
-166
-60
72
110
226
295
349
381
520
646
707
824
765
768
969
916
1044
1272
952
1102
1115
843
1170
992
879
1111
752
827
908
490
636
545
236
429
421
200
258
113
-115
-28
-146
-188
-6
-285
-328
-9
-346
-106
49
-377
-28
-194
-251
138
-88
181
91
-31
283
14
339
280
51
492
68
289
623
39
494
346
-75
507
102
198
471
-66
216
-13
-161
143
-168
8
-33
-188
49
-138
-129
-140
-291
-223
-189
-144
52
-134
-136
-38
-461
-98
-129
-277
174
-383
-255
-138
-720
-188
-327
-630
-130
-502
-557
-193
-680
-481
-347
-775
-311
-558
-554
-208
-631
-162
-357
-514
-34
-408
-133
31
-213
5
-170
-309
-142
-328
-204
15
-274
-86
-143
-317
-232
-335
-178
-338
-158
-61
-238
-46
-105
-209
-151
-56
-181
177
86
-74
298
-81
-21
179
73
149
278
265
169
408
233
310
413
153
446
283
338
436
398
467
294
377
322
168
251
345
92
205
345
-15
101
223
-146
-20
22
-209
-78
-64
-153
-135
-139
-191
-178
49
-37
11
332
22
216
344
229
394
525
453
461
630
336
653
525
486
681
314
610
340
413
576
113
560
60
-91
188
-272
37
-261
-223
-304
-674
-331
-657
-724
-376
-712
-686
-318
-811
-579
-312
-895
-238
-270
-513
266
-328
-84
122
-345
220
132
135
366
242
166
190
261
84
292
380
181
492
159
174
277
-30
95
194
84
-88
288
-320
-297
4
-697
-173
-367
-634
-258
-571
-452
-506
-544
-603
-566
-398
-472
-152
-376
-263
-289
-426
-247
-128
-85
-100
234
-163
10
154
-160
144
141
102
235
302
138
335
248
-22
468
130
313
485
246
346
86
325
-22
229
299
-32
343
-60
-62
66
-150
-149
-59
-167
-300
43
-249
-228
-102
-259
-111
-142
-49
-125
9
-111
-10
199
-185
321
31
-107
450
4
377
383
167
315
188
260
226
508
280
352
464
115
261
246
-17
211
161
21
273
58
52
25
-51
-45
-61
105
48
-4
211
-134
-68
233
-241
138
178
-232
289
8
-88
242
-149
77
145
6
21
236
-153
-150
202
-419
-108
136
-507
-155
53
-761
34
-252
-670
219
-501
-319
101
-736
-155
-199
-567
38
-255
-199
-129
-229
-253
-132
-173
-211
-19
-158
-143
-135
-61
-244
-69
16
-277
236
-127
-172
303
-373
75
264
-290
221
251
-231
191
177
-152
315
101
18
354
-44
209
248
4
241
50
50
166
-2
236
146
-11
235
-3
-146
114
-55
-215
225
3
-69
239
-154
-172
163
-341
119
139
-184
288
-79
79
131
64
180
93
123
254
213
233
367
189
175
252
149
259
243
310
198
164
355
-117
283
136
-164
297
-77
4
163
-85
10
-123
-93
-108
-123
32
-131
17
-126
-142
16
-23
-90
289
-56
-55
348
-320
213
155
-198
474
-58
-71
242
-316
-157
100
-302
-92
123
-446
-28
-222
-380
-72
-274
-229
-84
-110
-191
-111
-37
-268
-168
-53
-288
-99
17
-154
-95
92
-284
-7
-115
-393
190
-356
-65
261
-468
156
-72
-462
178
-274
-167
118
-228
-222
155
-421
-96
36
-330
67
-160
33
-56
-20
145
-125
100
150
-46
191
38
100
-42
100
97
-1
250
109
83
100
83
-9
131
199
65
234
186
-18
267
103
-31
216
149
-150
329
96
-121
353
-164
-38
70
-154
70
243
-84
365
127
-93
337
-86
78
369
25
318
454
-269
543
4
-315
752
-322
146
451
-299
257
-105
69
-94
-1
131
-208
97
-87
-98
-122
33
-254
47
-69
-260
158
-331
33
19
-335
250
-197
-270
360
-411
0
312
-532
58
161
-599
256
96
-561
447
-345
-301
259
-444
105
-34
-256
145
-271
-12
5
-271
229
-189
-85
216
-260
-1
72
-118
-24
106
-162
-70
-47
-239
134
-309
211
-9
-376
421
-498
66
54
-279
204
-109
76
-14
171
-106
111
134
-146
337
-1
216
71
198
172
-78
398
-82
167
154
-9
269
43
377
82
99
221
-140
127
-51
128
-144
82
-40
-280
201
-410
-144
-85
-433
-113
-122
-180
-128
-155
-99
-234
-84
150
-193
38
278
-268
244
229
-59
410
26
251
146
176
339
131
353
289
155
344
118
86
336
-81
68
287
-67
-37
330
-259
-141
228
-477
-59
3
-441
62
-225
-223
50
-333
-20
-276
-219
10
-289
40
28
-139
121
39
-218
129
-106
-121
140
-71
100
7
-44
1
-264
0
-199
-193
84
-213
10
45
-242
-133
79
-444
44
130
-410
433
-57
-90
361
-201
101
162
-83
217
153
144
135
149
146
-41
257
33
-49
209
-38
-22
212
-53
20
12
-199
-1
-157
-62
113
-253
118
-58
-350
247
-273
-195
235
-337
-55
171
-277
118
61
-134
156
-99
17
55
0
83
38
235
73
-16
390
-226
2
456
-376
415
286
-200
465
-80
44
238
-102
205
128
-44
209
76
-31
186
24
-23
109
-2
-90
234
-104
-18
329
-314
58
169
-370
186
106
-268
159
-31
-288
87
-145
-252
23
-172
-155
-49
-99
-236
-93
-139
-295
-106
-34
-228
-118
41
-334
-85
0
-293
126
-36
-39
83
-52
-6
-45
29
-13
16
210
-64
68
122
-136
-23
58
62
-146
241
26
-168
164
-37
-198
90
35
-272
295
-139
-214
260
-299
-101
80
-140
-94
47
-12
-267
59
-8
-221
129
132
-159
141
202
-286
295
153
-217
523
62
-127
531
-226
14
343
-194
168
253
-127
121
157
-174
104
91
-74
113
13
71
-38
-15
51
-99
8
27
5
-126
46
-76
-144
34
9
-101
104
59
-161
212
-47
-35
206
-7
-36
314
-55
36
318
-192
128
106
-153
191
37
-51
141
-107
-26
-95
-35
-109
-92
23
-93
-57
-35
-43
-293
-53
-113
-341
97
-127
-179
87
-199
-4
-167
-19
-18
-146
187
-11
37
210
66
-52
201
-135
109
229
-42
337
92
-33
174
-50
-50
137
-98
134
4
-32
118
-171
42
-24
-156
146
-72
-95
197
-211
-34
125
-294
138
48
-207
198
-161
-109
180
-301
180
35
-197
292
-124
-65
189
-142
95
159
-51
269
31
10
172
0
49
180
37
101
124
77
84
22
173
-36
55
170
-71
120
132
-120
203
-135
-29
135
-289
220
-45
-182
247
-152
-163
201
-255
-52
149
-234
9
55
-212
9
39
-160
-12
55
-213
-50
126
-316
123
78
-279
214
-82
-257
134
-120
-263
196
-145
-190
277
-305
-139
206
-381
-27
170
-377
134
0
-250
170
-154
-59
44
-162
0
-9
-16
21
105
-50
-21
72
-141
58
38
-19
115
94
-3
140
-42
-44
144
-158
139
109
-48
187
65
-40
44
61
-137
53
139
-95
166
116
-43
68
29
-5
-49
190
-61
-17
199
-196
88
5
-157
33
-74
-37
-57
-5
-25
-23
-9
-16
-97
30
-34
-126
123
-167
39
118
-120
150
-75
21
-23
-25
133
-57
122
94
37
35
159
10
-22
211
-31
41
258
3
74
219
-117
98
100
-119
144
17
-30
104
-42
-14
-93
-56
-79
-175
29
-133
-95
-38
-166
-104
-130
-123
-117
-124
-87
-129
-41
-63
-118
10
-33
-164
125
-30
-132
232
-148
7
135
-69
68
125
-30
21
172
-210
180
75
-165
265
-73
25
78
-28
43
-141
129
-32
-73
202
-89
-38
109
-139
-16
100
-111
109
79
-10
114
5
60
31
-1
153
-36
107
203
-108
185
64
-121
160
-44
-56
118
-56
-45
102
-124
0
32
-150
107
-70
-123
132
-190
-25
97
-178
26
51
-148
-41
32
-120
-68
143
-135
3
193
-211
94
112
-221
115
97
-159
236
68
-131
217
-113
-80
102
-106
-2
78
-44
-11
25
-87
-67
-61
-72
-23
-21
-46
37
-67
-78
4
-108
-87
8
-72
-32
25
-16
-50
37
-76
-68
61
-132
66
33
-85
114
-27
-51
80
-43
-74
75
-111
-22
103
-97
92
32
-112
19
-28
-141
58
30
-114
122
-22
-75
31
-18
-66
-7
90
-117
39
98
-136
67
52
-68
81
51
-15
66
31
39
87
54
102
103
13
94
60
-17
215
39
87
171
0
30
100
-4
-6
163
-46
18
140
-72
-8
81
-101
-45
56
-78
-34
69
-88
-37
18
-104
-50
21
-91
-54
-10
-9
-107
29
65
-172
130
2
-114
116
24
-9
95
81
39
71
60
20
-2
60
16
-33
106
-13
-54
81
-143
-14
-24
-123
16
-61
-68
-74
-80
-79
-125
-77
-55
-81
-35
-33
-57
-70
-1
-59
-72
42
-52
-10
60
-51
11
31
-29
30
12
19
2
-11
92
-96
31
91
-114
38
47
-122
-14
45
-82
-49
49
-41
-73
17
-24
-56
4
46
-69
47
35
-71
67
22
-66
101
21
-46
174
-1
33
151
-4
62
122
29
87
109
26
70
54
38
37
42
13
7
-11
33
-4
-12
40
-25
-21
-14
-1
-42
9
32
-63
33
39
-65
44
26
-111
47
-21
-74
48
-21
-43
9
-12
-40
-59
10
-41
-81
39
-25
-50
40
8
-69
7
-29
-62
-29
42
-44
6
108
-94
37
3
-107
28
28
-25
58
66
-41
28
-13
-56
41
15
6
43
-17
2
12
-42
1
40
-80
42
-2
-73
52
-65
11
32
-51
3
-9
-64
-19
-9
-51
4
49
-54
-1
-19
-66
-24
-66
20
-37
-22
39
-48
-55
25
-57
-50
31
-32
11
-1
42
-22
-13
43
-53
45
4
-22
71
-30
23
74
-11
59
89
-40
94
31
-22
94
25
83
51
85
27
35
60
-31
45
55
-20
41
54
-59
36
-3
-80
27
-38
-43
29
-49
-5
19
-93
-12
2
-117
1
31
-83
8
68
-50
-14
47
-40
-28
57
22
-39
131
24
-25
134
-30
-7
64
-27
15
54
-8
31
48
-34
4
-31
-32
27
-66
36
43
-91
81
-19
-73
72
-66
-1
0
-8
33
-17
21
23
-10
19
4
-31
12
-45
16
30
-51
83
-11
-58
56
-52
-31
24
6
5
-4
44
-11
-31
30
-52
-51
17
-41
19
43
-15
17
-11
-21
-44
-23
13
-34
42
28
-6
-14
12
-48
-73
25
-48
1
30
-16
6
-35
13
-27
-72
64
-40
-49
93
-9
-6
82
-65
4
16
-66
46
-4
33
68
-6
28
45
-35
12
35
-20
51
24
6
73
-39
4
51
-90
25
13
-107
10
27
-98
-3
16
-104
-65
6
-77
-63
65
-71
-21
76
-75
-28
46
-13
-23
63
15
-8
81
34
18
39
70
6
2
93
15
-18
148
27
-18
129
-21
-34
105
-38
6
121
-24
52
69
-23
-9
9
-20
-19
48
5
5
52
-28
-47
10
-21
-47
32
26
-50
29
23
-54
0
2
-46
2
13
4
-12
12
-5
-56
43
-18
-25
29
-42
-28
-7
-49
4
3
-36
6
-56
-24
-36
-46
-4
-47
30
-26
-43
0
-56
-61
-20
-8
-25
30
12
-35
-15
-10
-18
-52
33
10
-41
56
-7
-30
-9
16
-28
-55
42
-6
-29
42
11
-48
24
33
-72
16
46
-79
58
34
-36
38
-9
-5
-21
22
-8
-14
30
16
-21
29
16
-50
40
-17
-26
54
-9
20
28
-24
25
-3
-15
29
12
-9
41
-3
13
5
6
44
-30
35
31
8
38
62
8
35
64
-3
4
43
27
-15
51
41
-8
36
34
-43
10
0
-35
12
36
7
-13
39
-21
-43
-13
-16
-10
-3
16
-26
-3
-2
-46
-12
-8
-36
3
-6
-29
30
-25
-7
8
-45
7
-19
-30
-6
4
18
-5
20
-15
-11
-27
-9
-3
8
49
-7
8
29
-31
-19
36
-18
3
28
11
-1
36
-7
-22
6
-29
-14
-10
-30
1
9
-58
18
-32
-66
19
-70
-38
14
-49
21
-4
-35
-9
-35
-26
-13
19
1
9
24
-19
6
27
-10
21
30
3
22
17
28
25
6
39
14
-22
44
6
-28
46
-4
-12
23
3
-20
34
6
-38
45
1
-18
45
17
-2
40
38
-9
25
44
-10
23
52
11
29
26
-6
-2
6
14
11
34
14
4
14
-34
3
37
-12
10
33
-20
-27
5
-10
-25
28
7
-31
11
-7
-40
-10
-8
-34
5
3
-27
2
-22
-35
-12
-31
-7
1
-15
-3
-5
-23
-5
-19
-26
-4
-35
-1
2
-9
16
-21
-13
-13
-19
-9
-4
11
-6
-17
12
-3
-13
25
-16
-15
14
-3
-12
33
7
-29
55
-34
-23
39
-37
6
10
-8
4
15
-11
-19
-12
-20
-3
-6
10
11
-22
-8
8
-29
1
36
-34
2
39
-37
12
28
-16
5
25
-8
2
29
-13
2
19
3
-3
24
17
-15
3
10
-8
37
-3
4
37
-20
25
11
26
20
13
18
-7
15
29
4
31
45
-14
11
16
-17
15
31
-9
17
40
-21
-7
4
-16
11
-12
1
6
-3
-1
-11
-3
-8
-3
-7
5
-18
6
6
-12
23
-16
10
-22
-18
14
-26
15
6
-8
12
-16
-16
-14
-5
0
-2
12
-11
10
4
-3
6
-13
1
5
-2
13
10
-3
-1
-7
-9
-13
-10
-1
-14
-1
-8
-21
9
-25
-9
3
-22
-14
0
-1
-16
-7
7
-13
-7
10
-18
-3
7
-7
14
3
5
10
-14
5
-8
-8
15
11
-5
6
6
-27
-7
-5
-12
-7
-1
17
-24
-14
-8
-39
1
-9
-14
17
-5
-13
13
-12
-12
14
-8
18
7
6
36
-1
4
36
-10
14
42
2
30
34
20
27
14
20
26
-2
27
24
1
39
13
-6
15
-18
-3
-9
-1
5
-5
-2
-9
-8
-11
-26
-13
9
-32
16
1
-25
28
-14
-28
9
-3
-14
-4
2
-4
-6
9
-16
-5
-2
-21
-14
-7
-4
-16
11
2
-7
10
-16
-18
-10
-8
-12
18
3
-2
31
-24
-10
6
-27
-1
15
1
26
16
-15
13
-15
-26
4
-14
15
9
5
7
-31
-5
-5
-29
-2
2
-3
5
7
6
-26
7
-5
-20
20
7
3
13
6
10
4
9
23
-13
10
20
-13
15
31
-1
6
5
-2
-6
2
11
-12
23
-5
8
14
-16
1
-6
4
-9
1
16
0
2
4
-5
4
-9
17
8
-8
15
8
14
16
-9
-5
5
3
17
-6
4
19
-17
-3
11
-22
-1
21
-10
-18
11
-12
-11
8
-18
-12
-7
12
-14
-1
0
-20
6
-6
-11
-7
-8
7
0
-12
1
-15
-15
9
-22
-10
16
-9
0
-5
-14
-15
-3
-3
-13
8
-5
-7
-8
-1
-7
-15
0
5
0
-12
8
-5
-19
20
3
-19
32
-5
-25
26
-9
-7
25
-9
2
13
-19
1
-3
-9
-4
4
-3
-13
7
-16
-18
-5
-2
-12
0
-6
-21
7
-1
-3
0
-5
-3
-5
-1
-1
8
25
6
2
8
4
6
17
5
16
29
6
22
12
8
13
-3
4
15
10
14
-1
-1
16
-5
-4
12
2
-11
9
2
-1
27
-9
-3
17
-16
3
13
1
10
10
-4
4
-2
5
14
-8
2
-6
-2
27
-9
-2
20
-8
-5
7
-1
-12
10
9
-11
2
8
-17
3
-5
-22
-1
-1
0
-2
-2
-13
1
-11
-9
-8
-14
4
-8
-4
5
-6
-6
-19
-12
-5
-14
-11
15
3
-14
1
-6
-16
0
-1
-9
3
15
0
-10
16
-13
-4
7
-10
3
11
7
-8
10
2
-12
6
-4
0
7
-2
5
14
-11
-3
11
-13
-3
-5
-8
14
-8
-8
11
-10
-9
-4
-18
1
7
-13
16
11
-13
9
-1
-7
1
6
7
20
17
-9
7
19
-18
7
14
-4
11
10
4
0
17
-8
0
7
-6
-3
11
14
0
3
-5
-3
-10
4
8
-5
14
0
4
11
-5
-1
4
5
7
5
16
9
2
10
-7
5
9
2
17
7
-1
6
5
-10
13
-3
-6
11
5
0
2
-5
-8
0
-6
4
8
2
-8
-5
-6
-18
-3
8
-3
1
2
-11
0
-1
-20
0
5
-2
3
0
5
-13
-5
-3
-9
4
-7
-5
-4
-3
-12
6
-2
-14
-2
-14
-6
-7
-11
10
6
-12
-2
-4
-15
-6
-4
-8
15
1
-4
6
-2
-8
-19
6
2
-7
22
0
-6
9
-2
-6
-7
-1
0
3
15
2
1
11
-9
-9
-6
-4
9
8
3
13
10
-5
5
-9
-8
16
-7
6
16
4
10
-9
-2
1
-7
0
-4
14
9
1
6
-6
5
-8
-10
3
6
10
12
-6
-1
10
-16
-2
2
7
2
12
7
-12
11
1
-11
0
5
11
7
-3
6
-9
2
-2
-10
13
-2
-7
8
1
-8
-5
0
-6
-6
3
-8
7
3
-5
6
-12
-6
6
-6
7
3
-12
16
-1
-13
7
-7
-3
6
-3
6
9
-9
2
1
-7
-1
-1
-6
9
0
-5
-6
2
-2
-13
-7
-6
5
5
-2
-5
0
-12
-6
-5
-6
6
-3
6
3
-9
10
-4
-12
12
-1
-6
2
6
8
-2
-1
-6
4
8
-7
3
2
4
3
-2
4
1
0
-7
0
0
-6
5
4
0
3
-6
-9
-1
-3
-1
-2
13
2
-13
9
-5
-13
2
4
-8
18
5
-23
8
1
-7
0
6
-2
-2
8
0
-7
5
1
-1
6
-7
-2
6
-1
8
0
-13
-2
4
1
-2
-10
5
4
-12
-4
6
0
-7
2
-3
-2
1
-7
-1
2
-6
-3
2
3
-2
-12
2
0
-16
2
8
-4
1
3
-1
-6
-5
5
-5
-2
3
6
6
-3
-8
-6
-1
3
-2
3
-1
-1
2
-1
-2
-5
-2
0
-9
1
6
5
4
-8
-6
-5
-2
-4
8
4
-7
3
-7
-2
4
-3
2
-2
-6
1
11
6
2
-3
-4
0
8
-5
-7
6
6
9
5
-14
-2
9
-4
-1
-4
3
12
2
-6
4
-10
2
5
-8
8
-11
2
10
1
-6
-8
2
-5
6
-1
-6
5
-3
0
2
0
0
-4
-4
3
0
3
5
-10
6
1
-14
5
2
3
0
-10
1
-5
0
11
-3
-8
1
-1
-9
4
-1
5
0
-8
0
-6
4
-10
-4
9
-6
2
-3
-4
7
-4
-5
-4
-5
6
-1
-1
3
-5
4
-1
-11
0
2
-5
6
1
-6
7
-2
-5
-4
0
0
2
3
-7
0
8
-2
-8
4
1
-4
4
-5
-10
10
5
-4
3
-10
0
2
-5
1
2
4
-1
4
-5
-13
5
4
-7
12
-7
-5
5
-7
-1
2
3
-1
-3
-4
2
1
-2
7
1
-9
1
-5
-1
9
-5
3
3
-9
-2
3
-2
-1
5
-2
-8
2
0
2
2
-11
0
1
7
2
-6
-6
0
-1
1
-4
1
7
-1
-6
-3
1
-7
0
6
1
-4
-4
4
7
-4
-9
1
2
-5
8
5
-1
0
-11
-1
-2
-6
-1
16
7
-8
-4
-6
-8
-2
11
4
-2
-1
0
-6
3
-1
-7
8
-3
-8
1
4
4
2
2
-12
-5
2
0
3
6
3
-4
0
1
-8
0
0
2
2
-3
5
5
-2
-4
-2
-8
1
4
-6
6
12
-5
-1
3
-8
-7
2
4
-2
8
5
-6
1
-2
-7
-4
0
0
4
5
3
0
-4
-2
-5
-4
4
2
2
7
-4
0
-4
-3
7
-6
-13
0
10
9
2
-2
-12
-3
-1
-9
2
11
6
-2
1
-9
-8
0
4
5
2
-5
-3
1
-1
4
-3
-4
3
-4
-1
0
-4
0
6
5
-4
-6
-3
3
1
0
-1
-2
-1
5
2
-4
-3
-3
3
-6
-1
7
-1
0
2
-3
-1
-2
-7
2
5
5
2
-5
-2
4
-2
-9
2
5
3
3
-4
-3
-2
-5
-1
7
4
-6
-9
10
-5
1
5
-5
1
0
-6
-5
3
-5
8
7
-4
-10
2
4
-2
1
-2
3
2
-3
-1
-2
5
3
-5
-1
-3
4
1
-3
6
1
-2
-3
-3
1
3
3
2
2
-3
-1
-5
6
0
-4
3
-2
6
4
-9
-3
8
-5
0
-1
4
6
-6
-2
-1
7
-4
-3
7
0
-2
3
-2
-5
9
1
-3
-1
-6
3
7
0
-1
-5
-1
1
1
2
1
-1
1
-1
-5
0
4
2
-3
7
-5
-5
-1
6
6
-4
-5
-2
2
3
3
-6
2
2
-3
-2
-1
-1
5
9
-11
3
0
-7
7
1
-7
-1
3
1
5
-4
-9
6
0
0
-2
-3
1
8
2
-7
-5
-1
2
1
2
-5
4
-3
-6
9
-5
-6
1
10
-1
-14
6
5
-2
2
-4
-6
5
-1
-6
11
6
-14
-3
1
1
2
-2
3
-9
3
8
-5
-6
0
1
6
-2
-8
0
8
-1
-9
2
-1
0
3
1
-3
-4
0
1
-1
1
-2
-3
0
-2
-3
6
3
-10
-1
-1
2
-1
-4
1
4
0
-6
-6
3
-1
-3
5
3
0
-11
1
3
-2
2
2
-6
-3
8
-4
-4
5
-7
2
8
-11
-5
3
7
-1
-1
-4
-7
6
2
-6
-1
4
-2
-3
1
-1
-4
1
-4
0
10
-8
-8
1
3
0
-4
4
-6
5
-2
-6
1
3
-2
-1
2
-10
1
0
-2
3
2
-2
-6
-4
-3
2
2
2
2
-5
-7
-1
6
-2
-3
-2
2
3
-9
-7
3
6
2
-1
-4
-7
2
1
-1
0
1
0
-3
3
-1
-6
-2
-1
1
3
-2
-6
4
2
-3
-6
2
-6
-1
5
2
-1
-7
0
-2
-2
4
-4
-3
6
3
-2
-8
-3
1
3
-3
-4
1
3
-1
0
-6
-4
-2
6
-2
-7
2
-2
3
-7
1
4
1
-9
-10
7
-1
4
0
-2
0
-2
-7
1
1
-1
3
0
1
-6
-1
2
-4
-2
-3
3
0
-2
-2
0
3
-5
-6
-1
3
-3
3
-8
3
6
-7
-4
-5
-5
2
10
-6
-1
2
-3
-4
-4
-2
5
1
-4
-1
8
-7
-4
4
-7
-1
-1
4
-2
3
-2
-3
-2
5
-8
-3
8
-6
2
-1
-2
-1
0
-4
-4
5
1
-1
-1
0
1
-5
-4
2
3
3
-4
-4
1
-1
5
-6
0
0
-1
4
-3
0
-6
2
5
-2
-3
-3
3
1
0
-4
1
2
0
-2
-1
-2
2
5
-1
1
-5
2
0
-1
1
-1
8
-4
-6
-3
4
1
3
-5
4
-1
-1
-4
4
6
-7
4
-1
5
-4
-1
4
1
7
-4
-8
-1
4
9
-2
-5
0
4
6
-6
-6
6
4
-2
2
1
-4
-2
5
2
-6
1
1
1
3
0
2
-1
-1
1
-3
-2
3
6
-3
2
2
-3
0
-2
2
-1
8
-1
1
2
-7
4
1
-4
0
9
3
-2
0
1
0
-1
3
4
-1
-3
2
2
3
-1
4
1
-3
2
3
3
2
0
3
-1
0
-1
1
4
1
4
-4
3
-2
4
4
1
4
-5
3
2
0
-2
6
0
0
3
-4
8
-5
0
7
9
0
-5
5
2
2
-3
3
-2
4
5
-1
-1
0
4
5
2
2
0
2
6
-1
-1
-1
3
3
-2
1
-1
7
2
3
6
1
0
-1
7
5
-6
1
4
3
-2
-1
4
1
5
2
2
-1
6
4
2
0
2
2
-1
3
0
3
-1
5
2
2
5
0
4
5
2
1
-1
6
