-3
-4
0
1
-1
1
2
3
1
-1
1
1
-2
2
1
2
2
-2
1
-1
-2
0
-1
-3
2
-1
6
1
-4
-3
-6
-6
-2
0
-5
-1
-4
-3
-2
-5
-8
-2
-3
-6
-2
-5
-4
-4
-3
-8
-5
-1
-6
-4
-4
0
-2
-1
-2
-1
2
1
5
5
10
7
8
8
6
5
7
7
7
8
7
11
10
7
8
9
6
6
5
5
6
3
5
3
3
1
2
7
5
-1
0
-1
-1
-4
-8
0
-5
-9
-6
-4
-5
-5
-3
-4
-2
-3
-5
-2
-3
-5
0
1
-1
-3
-3
-1
1
-1
1
3
3
1
4
4
6
7
4
1
-2
4
4
0
-2
-1
-1
-2
3
-1
0
2
-2
0
2
3
3
0
-2
-1
0
0
-3
-3
-2
-6
-2
-4
-4
-3
-7
-6
-3
0
-3
-1
1
3
3
-2
5
7
5
7
3
5
3
3
2
-1
5
5
5
3
1
2
-2
-1
3
-1
-1
2
1
2
0
-1
-1
-1
-2
-2
-2
-6
-5
-3
-3
-1
1
-4
-3
-3
-4
-5
0
-1
-3
2
-5
1
-2
-4
-2
-2
-5
-4
2
-4
-4
-2
-4
-4
-4
-4
-2
2
1
-4
0
-2
-1
0
-1
-2
-1
0
-1
1
2
3
-1
1
5
5
4
6
5
6
6
5
2
0
0
-2
0
-1
2
-1
-1
1
-4
-5
-6
-2
-2
-3
-1
4
5
2
4
6
5
5
4
5
5
7
7
1
3
4
3
4
0
2
3
5
2
-1
4
0
4
4
1
2
0
1
0
2
1
0
-1
-1
-1
-2
0
3
3
1
-3
-2
0
-5
0
-1
1
-1
-2
-6
-5
-5
-9
-8
-9
-9
-8
-8
-4
-8
-9
-5
-4
-3
-4
5
6
-1
2
0
-2
1
2
3
-1
2
4
1
2
1
-1
-1
-2
2
1
-1
0
1
1
1
3
1
-1
-3
3
1
-1
1
-1
-2
-3
1
-2
-3
-6
-3
-3
-5
-2
5
-1
-5
-2
-3
0
-1
0
1
5
2
3
6
-3
0
1
1
4
5
3
1
2
4
1
-2
2
4
3
3
4
3
-1
-2
-2
0
4
2
2
0
6
4
1
4
3
2
0
-2
-1
-1
0
-5
-6
-6
-4
-5
-4
1
-4
0
-6
-7
-4
-9
-5
-3
-2
1
3
2
7
5
6
9
7
4
5
7
7
6
6
6
2
5
5
9
9
9
10
4
3
0
0
-2
-3
2
2
0
1
-2
-1
-1
0
0
-5
-2
-3
-1
0
-7
-5
-1
0
-5
-7
-3
-5
-6
-2
0
-4
-5
-7
-9
-7
-2
-2
3
0
0
1
-3
2
4
1
0
-1
3
2
4
6
0
1
3
5
4
2
3
2
3
1
2
2
-2
0
0
-3
-6
-7
-4
-1
-4
-6
-1
-2
-1
-2
-4
-5
-5
-7
-6
-3
-3
-3
-1
1
-6
-3
3
-1
1
3
8
6
3
6
5
3
4
3
1
1
4
2
3
3
4
3
0
3
7
3
3
-1
-4
0
2
4
5
8
4
2
-1
0
3
-4
-2
-3
-3
-3
0
-5
-3
-6
-4
1
-3
1
0
0
-5
1
-2
-5
1
2
3
0
-2
4
1
-2
2
-2
5
6
1
2
-1
-1
0
3
-2
-3
8
11
8
6
2
1
3
3
2
4
3
4
4
1
2
1
-2
-5
-8
-7
1
1
-8
-9
-8
-4
-4
-5
-2
0
-1
0
2
1
-1
0
-3
-4
0
-1
0
-1
-1
-3
0
2
-2
3
5
4
4
2
4
4
4
6
4
6
7
3
0
-3
0
1
1
2
2
0
3
1
-1
0
-2
-3
-4
-3
-7
-9
-9
-7
-6
-6
-10
-11
-11
-6
-3
-7
-9
-6
-3
-5
-12
-6
-1
0
1
-2
0
4
11
6
4
7
10
10
11
5
7
13
12
10
3
5
10
5
1
5
8
4
1
0
-8
-1
-1
-4
-8
-9
-2
-2
-9
-10
-5
-4
-1
-3
-7
-7
-4
-3
-4
-2
-1
7
-2
-5
-3
-3
1
-3
-7
-3
1
1
-1
-4
-4
0
3
-1
0
5
4
5
3
3
7
7
6
2
3
6
7
6
6
2
3
3
4
1
-1
-4
0
2
2
0
-11
-4
-1
-1
-5
-9
-9
-7
-5
-7
-13
-6
-3
-8
-6
-6
-3
-6
-9
-13
-13
-4
3
-3
-11
-5
2
1
-4
-12
-6
7
9
0
-12
-4
12
5
-3
-1
8
23
19
9
10
23
39
35
17
6
30
40
19
5
3
23
35
14
-7
2
13
7
-1
-18
-19
5
5
-28
-26
-7
-6
-18
-37
-25
-12
-15
-31
-47
-32
0
15
-20
-45
-13
25
17
-28
-42
3
50
22
-33
-34
14
42
22
-23
-21
24
48
15
-21
-1
34
50
2
-32
-5
28
28
1
-37
-4
57
25
-20
-30
3
51
20
-26
-27
8
19
-24
-58
-37
15
12
-23
-35
-6
41
14
-44
-48
1
43
-5
-70
-45
19
46
10
-51
-57
15
72
15
-48
-40
21
66
15
-59
-51
36
73
-8
-76
-14
67
33
-37
-45
42
122
30
-105
-61
61
92
7
-121
-62
107
100
-20
-123
-64
103
116
-31
-99
-29
37
56
1
-62
-21
21
26
1
-31
1
28
-5
-4
26
3
-11
-14
5
28
12
8
6
-47
-19
19
-3
54
-28
-90
53
40
-9
6
-74
-29
119
73
-62
-119
-36
132
59
-87
-30
16
9
28
19
14
-22
-19
39
30
18
-35
-100
10
107
44
-50
-63
36
92
35
-31
-40
28
79
20
-79
-87
6
89
25
-58
-50
-61
66
115
-123
-121
96
69
-26
-98
-96
31
24
-30
-3
-4
-57
-28
49
25
-16
-28
-3
31
-1
-47
-51
17
32
20
3
-29
32
21
-31
26
82
70
-30
-130
6
137
51
-72
-95
6
130
136
-67
-182
-42
170
236
-26
-241
-151
134
278
-36
-235
-59
92
150
42
-181
-142
61
171
109
-129
-142
39
20
-3
-3
-20
13
-74
-38
74
-57
46
61
-195
14
148
0
-78
-150
36
191
50
-77
-172
-60
236
145
-128
-154
-45
210
237
-217
-268
123
296
74
-259
-129
114
209
28
-311
-52
276
227
13
-405
-152
427
252
-196
-378
-68
291
158
-215
-283
30
228
86
-115
-159
41
208
-29
-146
-92
60
166
-161
-449
18
351
196
-140
-461
-12
467
348
-106
-663
-182
670
343
-212
-557
-234
590
359
-115
-287
-211
285
426
84
-260
-285
166
400
93
-282
-489
5
719
61
-648
-137
274
281
8
-379
-77
287
-72
-207
-128
-43
36
87
-160
-200
384
23
-234
219
71
-139
17
29
94
106
-122
-97
96
119
335
177
-536
-202
380
401
175
-719
-589
684
682
-257
-694
-273
513
589
-187
-652
-179
185
464
253
-634
-441
153
326
292
-202
-491
-80
329
304
70
-393
-384
273
570
106
-510
-613
328
722
147
-348
-493
126
241
186
251
-402
-418
84
232
485
-234
-654
165
479
85
-81
-120
-294
301
349
-425
-203
153
178
295
-59
-491
-94
544
393
-130
-337
-85
6
125
48
-225
19
-3
11
-35
-268
-91
634
135
-654
98
348
-101
-484
-509
-256
275
661
-409
-932
159
600
389
-31
-281
157
331
34
-226
3
43
-107
337
183
-53
107
-118
-227
465
423
-96
-14
-211
-78
141
26
127
12
-339
258
207
-588
-274
234
91
-49
211
-323
-240
212
-279
85
454
-272
-242
262
56
129
-25
-803
-83
893
550
-24
-1140
-801
879
956
189
-728
-1199
443
1299
-94
-886
-502
194
869
441
-687
-363
-63
-273
548
1001
-140
-1174
-621
385
829
810
-616
-960
211
761
752
-231
-1156
-509
997
1345
482
-1622
-1460
645
1155
664
-549
-1004
-271
748
222
-229
120
-758
-194
849
625
-42
-1170
-667
209
682
581
-303
-957
-286
569
710
-143
-385
59
-191
176
351
-183
-438
-139
214
348
196
-217
-803
-113
537
329
359
-288
-755
-154
776
403
-148
-331
-598
764
706
-211
-483
-887
243
866
794
417
-321
-598
-98
745
287
78
-68
-624
-85
85
-425
324
34
-493
-108
12
58
67
-130
-535
130
249
-598
-242
587
65
-312
-305
-75
15
637
577
-948
-627
-136
955
1328
-217
-1036
-860
960
950
-727
-482
20
422
702
-616
-875
691
479
-218
-204
-328
596
243
-668
-412
255
883
226
-857
-187
154
416
912
158
-923
-540
659
583
156
-530
-637
341
1085
-110
-661
-504
60
761
154
74
-473
-539
241
283
-756
-1574
-569
832
1020
-531
-1458
-455
974
1041
139
-478
-537
90
758
127
-190
81
-166
179
736
478
-18
-343
-228
649
970
424
-734
-1263
-281
992
1374
-233
-932
-678
32
530
-186
-612
-355
439
41
-58
423
4
-382
-205
241
1039
236
-816
-605
368
764
86
-432
-616
142
673
450
-456
-888
7
518
108
-71
-711
-706
149
167
717
-40
-994
-484
82
446
274
18
-602
-646
317
763
209
-780
-892
208
1158
894
-298
-1046
-557
855
1214
370
-778
-815
207
797
860
-231
-680
-368
323
983
-135
-812
240
-170
-5
881
77
-851
-559
-138
514
1101
-294
-764
-541
320
892
26
-508
151
-50
-138
732
228
-226
-711
-601
557
1087
-41
-940
-674
-97
755
595
-546
-817
-127
669
216
-288
-430
-397
423
465
-13
-420
-511
223
460
517
130
-625
-270
-17
471
806
-322
-842
-225
648
876
273
-1069
-658
485
515
590
-232
-878
-249
672
566
167
-353
-439
-63
460
497
-167
-403
-169
-41
497
466
-587
-235
-2
56
84
197
131
-472
-652
-95
931
524
-407
-284
80
73
193
-99
-308
73
406
1
-382
372
130
-660
1
139
247
510
-94
-852
-237
606
287
-238
-617
345
667
-87
-427
-666
-97
536
150
-45
112
-267
-603
-3
331
297
-22
-528
-86
379
223
-56
-638
-333
745
362
-133
-155
-702
-171
431
457
224
-327
-175
-328
-28
723
373
-445
-452
-39
310
360
-206
-522
-545
325
799
1
-405
-493
-241
457
694
140
-539
-605
206
717
79
-397
-47
-328
248
420
57
-186
-675
537
635
91
113
-188
-444
3
614
-138
-184
71
-27
76
303
-281
-482
544
608
128
-268
-114
-5
289
453
-114
311
149
-177
320
231
141
54
-75
-275
185
262
62
107
-285
-189
-191
176
169
-221
-420
-366
153
-44
239
-79
-744
-440
-98
179
23
-185
-637
-651
147
351
-17
-574
-691
-455
127
661
13
-790
-849
-82
464
161
-267
-514
-252
18
156
-46
-363
-250
-260
59
312
-51
-366
-524
-124
12
102
206
-102
-333
-337
78
218
222
33
68
138
299
573
511
631
338
439
643
805
1032
676
394
310
778
1345
1318
499
195
720
831
1381
1103
564
305
246
786
1025
890
74
-439
-26
1011
1033
84
-752
-731
79
790
789
-345
-1205
-1042
-365
64
-282
-1148
-1818
-1685
-1065
-913
-1407
-2180
-2425
-2074
-1701
-1583
-2080
-2616
-2722
-2145
-1642
-1543
-1655
-2033
-1979
-1618
-981
-580
-741
-922
-726
-177
324
485
418
375
615
1071
1447
1464
1325
1188
1313
1678
1778
1633
1489
1589
1719
1906
1937
1486
974
1146
1367
1205
1236
1282
1207
1073
1061
1223
1470
1603
1552
1225
1268
1385
1681
1945
1840
1950
1852
1965
1934
1952
2221
2197
2110
2015
2173
1558
-528
-3046
-3336
-736
2350
1907
-3005
-7016
-6950
-3275
-621
-2358
-5609
-6376
-4402
-2814
-3985
-6531
-6813
-4428
-1510
-216
-1666
-3641
-4180
-2877
-502
1252
1977
1748
1115
928
1398
2160
2653
2792
2897
2985
2842
2407
1441
334
51
410
1101
1109
191
-1114
-2176
-2342
-1768
-1045
-683
-1147
-2135
-2671
-2386
-1382
-660
-491
-491
-309
298
895
1212
1424
1787
2373
3135
3536
3495
3335
3339
3622
4043
4427
4290
3848
3332
2988
3028
3289
3270
2900
2571
2472
2280
1928
1784
1809
2083
2485
2131
603
-1781
-4509
-5341
-2962
686
2095
-1482
-7187
-9479
-6751
-2310
-1157
-3776
-6286
-5665
-3561
-3490
-5673
-6943
-4765
-1094
1207
512
-2109
-3576
-3014
-764
1810
3376
3695
3011
1691
888
1091
1991
3288
3925
3587
2764
1773
983
148
-532
-479
-281
-242
-1148
-2957
-4690
-5100
-4346
-3089
-2397
-2961
-3823
-4714
-4334
-2940
-1304
-270
-437
-840
-670
149
1061
1716
2096
2933
3893
4297
4220
3757
3844
4472
5156
5546
5280
4526
3810
3387
3166
3374
3362
3207
2943
2239
1686
1422
1651
2159
2476
2582
2389
2307
2315
2843
2603
1712
76
-3732
-4505
-2414
1560
4056
-200
-6265
-9271
-6554
-1281
-71
-3513
-6636
-6503
-4332
-3162
-5682
-7226
-5781
-2822
116
-663
-2767
-4238
-4149
-1846
618
2442
3041
2326
974
471
733
1719
3126
3403
3463
2747
1833
1212
139
-470
-244
665
1301
241
-2523
-5598
-6515
-4861
-2539
-1300
-2455
-4415
-5656
-5305
-3615
-1440
-118
-10
-548
-926
-150
452
1024
1788
2827
4292
4598
3956
3143
2970
3810
5172
5972
6018
5062
3562
3036
3121
3667
3927
3559
3098
2473
1904
1642
1723
2254
2871
3010
2752
2759
2946
3468
3750
2370
889
-1872
-4115
-2882
-249
2981
1948
-3626
-7925
-8103
-4110
-900
-2172
-5494
-6564
-5388
-3838
-4811
-7369
-6819
-4275
-935
305
-1623
-3604
-4547
-3176
-327
2181
3308
3329
2102
816
746
1097
2492
3419
3510
3169
2109
1202
81
-985
-1299
-559
408
471
-1446
-4398
-6466
-7463
-5731
-3312
-1959
-2453
-5077
-6593
-5861
-3051
-401
496
-43
-434
-103
585
1446
1750
2623
3697
4767
5396
4750
3708
3210
3979
5568
6791
6479
5046
3435
2676
3010
3653
4047
3666
2913
2089
1624
1542
1678
2234
2914
3684
3864
3751
3415
3865
3935
2341
193
-3628
-3549
-356
3114
4041
-1722
-7510
-8974
-5215
-602
-815
-5009
-7820
-6834
-4813
-4219
-7055
-8163
-5969
-2996
-374
-1640
-3913
-5240
-4766
-1965
950
3039
3342
2298
606
100
664
1979
3675
3848
3451
2325
1392
709
-520
-1113
-887
196
715
-383
-3077
-5691
-6921
-6723
-5024
-3380
-2469
-3625
-5820
-6622
-5146
-1981
-95
77
-395
-257
485
1130
1657
2274
3415
4502
5275
5345
4824
4243
4069
4859
6146
7024
6613
5289
4004
3397
3609
4035
4457
4281
3533
2282
1593
1641
2445
3488
3716
3963
3774
3933
3926
4240
3163
1126
-2320
-5231
-2919
771
4098
1231
-6342
-10466
-9230
-3555
-645
-3455
-7749
-8726
-6733
-4889
-5817
-8373
-7453
-4740
-1323
-105
-2370
-4073
-4827
-2953
408
3221
4712
4203
2333
729
925
2170
4130
4677
3830
2745
1549
1134
125
-1251
-1794
-1225
-222
-496
-2632
-5364
-7053
-7343
-6172
-5095
-4167
-4007
-5260
-6110
-5836
-3527
-930
186
121
49
753
1918
2649
2966
3700
4585
5664
6067
5828
5358
4888
5029
5674
6419
6523
5622
4407
3619
3298
3438
3556
3509
3270
2339
1559
1226
1516
2683
3407
3721
3826
3823
4267
4934
3717
1408
-2240
-5401
-3003
1264
4882
2631
-5527
-10605
-9786
-3956
75
-2303
-7057
-8708
-7072
-4974
-5372
-7916
-7315
-4597
-1405
136
-1963
-3785
-4522
-2985
204
3028
4761
4708
3027
617
30
1032
3664
5293
4361
2535
536
59
-463
-1532
-2241
-1877
-709
-649
-2521
-5632
-7513
-7875
-6512
-4732
-4023
-4240
-5843
-6755
-5988
-3483
-864
160
41
-68
667
1630
2626
3129
3855
4755
5472
5932
5612
5072
4742
5071
5789
6345
6187
5339
4309
3677
3581
3668
3846
3820
3639
2882
2076
1723
1898
3068
4098
4700
4876
4787
4853
5338
4234
2014
-1436
-4857
-3112
991
4774
2941
-5230
-11056
-10617
-4675
-264
-2394
-7514
-9453
-7712
-5378
-5647
-8291
-7666
-4752
-1418
30
-2078
-3763
-4307
-2736
487
3391
5312
5208
3171
483
-242
1110
4082
5639
4123
1823
-155
-195
-463
-1982
-3139
-2752
-1004
-768
-3035
-6404
-8406
-8105
-6357
-4586
-3793
-4387
-6206
-7171
-6018
-2669
354
983
363
48
1067
2526
3462
3984
4734
5533
6130
6206
5689
5190
4731
5123
6043
6620
6251
4742
3308
2793
3187
3764
3891
3604
2969
2176
1731
1785
2509
3402
4228
4622
5021
5301
5646
5379
2954
-370
-4268
-4008
662
5228
5103
-2403
-10102
-11429
-6030
-440
-916
-6009
-9542
-8359
-5910
-5479
-7996
-8911
-6153
-2418
-5
-1424
-3951
-5189
-4069
-788
2640
5092
5338
3642
936
-219
1027
3648
5500
4349
2380
817
728
379
-1669
-3230
-3022
-956
-139
-2092
-5442
-7626
-8185
-7083
-5403
-3900
-3289
-5361
-7289
-7169
-4226
-614
712
284
-115
526
1595
2467
2914
3894
4928
5650
6014
5577
4908
4238
4274
5176
6194
6432
5333
3680
2677
2861
3768
4325
4234
3569
2817
2485
2668
3142
3823
4492
5045
5638
5815
5933
5984
4543
1769
-2109
-4479
-1635
3190
5484
1025
-7663
-11550
-8535
-2667
-986
-5279
-9494
-9216
-6569
-5545
-7711
-9788
-7713
-3817
-789
-786
-3111
-4278
-3909
-1735
1342
4041
5512
5021
2846
909
983
2897
4876
4626
2930
1465
1238
808
-1289
-3580
-3864
-1901
-410
-1838
-4957
-7460
-8302
-7943
-7083
-5286
-3858
-4270
-6147
-7066
-5181
-1806
291
565
608
1327
2386
2803
2979
3852
5088
6146
6459
6191
5632
4901
4560
4961
5818
6264
5657
4373
3133
2671
2994
3473
3820
3566
2908
2468
2544
3085
3789
4327
4884
5911
6265
6667
6083
3352
-309
-4904
-4580
862
6323
6175
-2777
-11865
-12959
-6358
-43
-1050
-7376
-10750
-8759
-5977
-6048
-9640
-10248
-6276
-1671
687
-1678
-4639
-5418
-3730
-50
3385
5648
6094
4381
1585
505
1882
4783
6604
4895
2372
973
1046
925
-1576
-3700
-3348
-1084
-146
-2502
-6431
-8689
-8651
-7766
-6184
-4976
-4366
-5542
-7429
-7052
-4218
-848
367
78
156
1497
2580
2828
3002
3852
5446
6262
6324
5834
5226
4729
4555
5159
5994
6193
5191
3919
3005
2947
3317
3555
3809
3535
3115
2691
2728
3601
4624
5233
5609
5816
6433
7395
5866
2115
-3406
-6116
-1449
5276
8209
1705
-9122
-13405
-8844
-1392
120
-5351
-10307
-9475
-6388
-5499
-8530
-11025
-8293
-3676
-132
-557
-3550
-5161
-4901
-2145
1700
5020
6455
5333
2367
496
1469
4119
6424
5424
3154
1717
1523
1410
-1075
-3470
-3765
-1794
-528
-2078
-5418
-7843
-8453
-8469
-7744
-6885
-5370
-5289
-6634
-7148
-5823
-2758
-790
-142
237
1294
2482
3002
3092
3714
5044
6041
6629
6352
6009
5484
4953
5101
5414
5761
5422
4602
3827
3328
3121
3087
3357
3276
3186
2801
2723
3355
4129
5122
5632
6004
6135
6786
5600
2604
-2551
-5962
-2159
4377
8579
3024
-7999
-13403
-9789
-1603
912
-3977
-9586
-9781
-6843
-5489
-7785
-10102
-7698
-3655
-424
-863
-3498
-4700
-4443
-1961
1453
4756
6492
5468
2357
89
1059
4137
6783
5892
3397
1674
1317
876
-1374
-3426
-3335
-1460
-964
-2905
-5970
-7865
-8481
-9070
-8413
-6749
-4861
-5304
-7578
-8260
-5954
-2227
-227
55
190
1367
2449
2857
3229
4204
5682
6454
6675
6455
6005
5338
4904
5141
5649
5849
5198
4242
3260
2736
2581
3030
3499
3226
2519
1936
2434
3532
4514
4980
5613
6058
6674
6644
4200
764
-4189
-4297
1134
6979
7907
-1002
-10107
-11790
-5623
765
-351
-6146
-9307
-7525
-5460
-6160
-9513
-9456
-5498
-1636
109
-2295
-4586
-5306
-3993
-620
2868
5604
5827
3629
537
-159
1917
5220
6744
5068
2890
1364
1001
-130
-2286
-3237
-2329
-755
-1290
-4164
-7428
-8822
-8772
-7744
-6716
-6118
-6042
-7561
-8283
-7408
-4516
-1648
-619
-388
60
1242
2093
2736
3386
4885
6310
6872
6662
5788
5451
5267
5579
6003
6076
5517
4521
3554
2991
2962
3013
3545
3503
3178
2299
1966
2604
3639
5010
5568
6411
6714
6883
4798
838
-3710
-5025
276
6483
8656
1355
-8767
-11998
-6880
758
1079
-4514
-8966
-7704
-4714
-5189
-8812
-10388
-6341
-1448
1019
-1205
-4508
-5488
-4645
-1396
2208
5538
6483
4236
622
-1000
1120
4721
6958
5426
3053
1662
1373
573
-2066
-3507
-2679
-342
-40
-3035
-7362
-9813
-9815
-8227
-6173
-5367
-5476
-7683
-9331
-8493
-5351
-1744
-481
-697
-553
688
1865
2551
2643
3895
5895
7170
7462
6146
5076
4811
5372
6305
6532
5911
4700
3595
2808
2664
2849
3376
3677
3097
2300
1648
2264
3436
4650
5577
5936
6705
6537
4167
-78
-4886
-4862
1021
7402
8391
37
-9591
-11632
-5577
1718
1673
-4163
-8098
-6913
-4293
-4606
-8201
-9102
-5330
-792
1438
-1014
-4245
-5475
-4450
-999
2878
5821
6238
3590
-62
-1192
979
4652
6487
4956
2732
1478
1037
-77
-2504
-3646
-2318
-177
-29
-3046
-7248
-9612
-9714
-8065
-5994
-5237
-5688
-7748
-9121
-8178
-5372
-2286
-903
-834
-639
361
1380
2178
2493
3640
5432
6767
7142
5878
4771
4525
5495
6693
6786
5813
4340
3384
3117
3337
3506
3654
3353
2830
2603
2576
3094
3575
4203
5439
6313
7074
6248
3085
-935
-4953
-4293
1277
6662
6673
-1379
-9743
-10551
-4548
1190
168
-5210
-7439
-5300
-3268
-4569
-8306
-8353
-4169
119
1721
-664
-3312
-4199
-3175
-99
3467
5999
6168
3538
430
-218
1699
4513
5369
3737
2151
1428
1060
-493
-3285
-4381
-2892
-715
-693
-3946
-7861
-9810
-9740
-8123
-6655
-5659
-5743
-7172
-8419
-7929
-5437
-2440
-593
-241
39
378
1048
1764
2576
4132
5598
6636
6617
5665
4707
4495
5274
6482
6912
6009
4621
3349
3086
3279
3653
4068
4025
3752
2957
2532
2817
3867
5079
5975
6610
6424
4696
656
-3984
-6182
-2722
3522
6697
2465
-6532
-11206
-8546
-2020
299
-3077
-6402
-5829
-3106
-3355
-6733
-8586
-5368
-140
2714
1426
-1634
-3027
-2656
-529
2350
5216
6699
5435
2465
229
652
2883
4626
4176
2589
1442
931
-148
-2628
-4755
-4384
-2078
-618
-2373
-6288
-9348
-10005
-8510
-6627
-5319
-5134
-5924
-7210
-7404
-6019
-3728
-1542
-310
835
1459
1340
724
672
2321
4815
6557
6569
5434
4114
3663
3990
4878
5787
5908
5181
3978
2941
2447
2707
3388
4249
4629
4212
3356
3008
3376
4823
6299
7241
7624
5859
2476
-2212
-5881
-4706
450
5246
4600
-3068
-10096
-10771
-5818
-1208
-2550
-6205
-6682
-4092
-2546
-5129
-8786
-7596
-2281
2746
3781
656
-1959
-2515
-897
2222
5097
7171
6946
4453
1873
1147
2393
4116
4240
3097
2030
1300
160
-2249
-4877
-5320
-3484
-1569
-1986
-5224
-8607
-10194
-9392
-7444
-5906
-5205
-5549
-6340
-6725
-5938
-4141
-2079
-724
422
1326
1895
1805
1126
1344
2847
5095
6363
5815
4231
3122
3122
3947
4741
4899
4703
4031
3289
2640
2442
2972
3801
4295
4329
4110
4157
4603
5216
6179
7120
7802
7080
4124
-511
-4879
-5329
-1156
3780
4256
-1983
-9006
-10634
-6608
-2737
-4031
-7518
-7808
-4382
-2265
-4568
-8566
-8519
-3785
1455
3670
2069
-118
-1063
-282
2196
5077
7438
7676
5818
3490
2675
3403
4322
3958
2710
2042
1877
991
-1791
-5039
-6023
-4517
-2545
-2735
-5377
-8157
-9957
-9608
-8314
-6756
-5726
-5585
-5812
-5883
-5058
-3853
-2284
-1032
636
2055
2782
2509
1504
1369
2386
4416
5804
5704
4356
3089
2716
3096
3657
3757
3741
3499
3270
2658
2069
2212
2861
3830
4447
4507
4805
4902
5506
6615
7604
8479
7796
4970
635
-4257
-5613
-1928
3203
4721
-1074
-8896
-11151
-7501
-3286
-4441
-8654
-9057
-5208
-2186
-3984
-8598
-9392
-5102
425
3500
2801
988
-34
112
1885
4717
7395
8434
6921
4472
3293
3695
4470
3929
2471
1816
2160
1550
-1329
-5290
-6848
-5249
-3008
-2814
-5273
-8111
-9769
-9714
-8703
-6954
-5496
-4673
-4974
-5417
-4685
-3248
-1495
-303
934
2410
3408
3282
2279
1505
2053
3778
5308
5652
4474
2884
1993
2008
2557
2910
2848
2688
2523
2056
1762
1715
2273
3248
4032
4664
5234
5616
6295
7330
8278
9223
8216
5215
582
-4214
-4943
-1356
3226
3977
-2126
-9050
-10950
-7840
-4512
-6040
-9464
-8961
-5278
-2687
-4756
-9045
-9080
-4883
450
3351
2765
1510
842
1047
2695
5102
7511
8584
7255
5221
4194
4219
4595
3635
2176
1773
2064
1424
-1526
-5438
-6894
-5343
-3334
-3255
-5639
-8067
-9165
-9145
-8303
-6945
-5379
-4105
-4035
-4325
-3881
-2747
-1225
70
1475
3019
3827
3465
2390
1554
1875
3107
4415
5045
4380
2854
1436
841
1211
1879
2281
2352
2196
1620
1230
1248
2198
3586
4451
5157
5661
6413
7291
8090
8767
9543
8169
4729
-870
-5441
-4351
68
4115
1799
-5690
-10809
-10377
-6418
-5315
-8657
-11022
-8486
-4135
-2825
-6319
-9648
-7953
-3018
2013
3686
2877
1948
1615
2415
4226
6496
8190
8205
6498
5247
4939
4927
4198
2023
793
1170
1918
668
-3368
-7024
-7421
-5141
-3428
-4097
-6788
-8327
-8580
-7882
-6821
-5913
-4188
-3177
-2756
-2652
-2027
-1052
-10
905
2376
3856
4230
3524
1981
1468
2065
3175
3894
3703
3079
2278
1439
683
284
346
1061
1816
2093
1662
1110
1257
2269
3510
4722
5862
6796
7986
8726
9278
9784
8877
6239
1161
-4268
-5131
-1348
3212
2822
-4467
-10770
-11155
-7234
-5120
-8857
-12567
-10728
-5211
-2080
-4783
-9282
-9157
-4452
1193
4094
3643
2662
2383
3056
4771
6654
8128
8206
6571
5078
4997
5388
4745
2039
-650
-690
691
752
-2596
-7038
-8332
-6396
-4128
-4150
-6234
-7793
-7649
-6623
-5368
-4470
-3911
-2948
-2072
-930
57
130
195
664
2109
3856
4327
3463
2139
1128
1303
2092
2747
2879
2247
1689
1270
689
12
-408
-50
1148
2017
2052
1658
1456
2457
3505
4891
6276
7427
8690
9236
9756
10281
9728
7034
2080
-4294
-6068
-2618
2525
3447
-4127
-11638
-13152
-8467
-4786
-8166
-13585
-13300
-7190
-1943
-3009
-8181
-9411
-5395
809
4743
4740
3820
3359
3983
5606
7474
8753
8680
6775
4914
4619
4937
4621
1853
-1456
-2447
-1388
-690
-3221
-7520
-9342
-7664
-4949
-4377
-6333
-8101
-7852
-6183
-3960
-2562
-1743
-1079
-555
626
1757
2204
1825
1752
2755
4460
4940
3741
1748
464
666
1478
1928
1556
1007
569
517
60
-583
-1091
-849
361
1513
2064
1925
2052
2670
4094
5513
7156
8160
9128
10218
10523
11512
9879
6861
1050
-5723
-6692
-2894
3125
3043
-5732
-14026
-14854
-8983
-4875
-8945
-15028
-13963
-7005
-954
-2668
-8554
-9598
-4805
2672
6591
5917
4120
3633
4845
7070
8903
9360
8584
6080
4496
4397
4537
3503
-329
-3789
-4013
-2000
-1421
-5204
-10376
-11587
-8209
-4546
-4043
-6914
-8513
-7189
-4595
-1927
-1111
-183
709
1626
2930
3965
4089
3319
2621
3350
5256
5616
4138
1169
-674
-292
779
1246
442
-460
-615
-405
-791
-1458
-2070
-1399
199
1425
2283
2248
2982
3870
4951
6552
8280
10025
11101
11263
11253
11794
9633
5359
-2649
-8297
-6128
-706
3695
-1586
-11359
-15947
-13130
-7318
-7537
-13380
-16051
-11040
-3752
-750
-4850
-8685
-6652
-767
5610
7385
6299
5065
5075
6750
9094
10423
9766
7208
4103
3717
4528
4480
1225
-4093
-6525
-5078
-2643
-3962
-9066
-12864
-11464
-7126
-4484
-5464
-7794
-7640
-5161
-2005
-16
667
1224
2124
3607
5260
5989
5060
3771
3364
4565
5716
4959
2704
44
-1053
-556
165
26
-909
-1576
-1372
-1091
-1496
-2102
-2229
-1003
689
1790
2288
2573
3642
4928
6695
8405
10085
11090
11776
12101
12687
12388
8245
1585
-7278
-9179
-4426
1780
2068
-7526
-15672
-16416
-10225
-6827
-11175
-17051
-15480
-6997
-330
-919
-6713
-8161
-3778
3504
8216
8142
6619
5504
6521
8463
10640
10783
8749
5109
2615
3251
4026
2703
-2504
-7391
-8105
-5412
-4040
-7477
-12534
-14069
-10327
-5884
-4421
-6180
-7654
-6051
-2783
472
1939
2369
2717
3773
5432
7041
6994
5315
3924
3829
5299
5697
3952
999
-1395
-1651
-769
-466
-1061
-1759
-1726
-1246
-1442
-2152
-2506
-1689
170
1814
2617
2825
3313
4477
6365
8433
10113
11041
11621
12518
13009
13678
10617
4581
-4211
-10884
-8005
-1811
2874
-2887
-13723
-18107
-14256
-7646
-8345
-14837
-17562
-11137
-2203
1558
-2593
-7238
-5510
814
7812
9918
8384
6376
6017
7603
9908
11019
9663
6288
2160
1218
2164
2413
-919
-6898
-9854
-8411
-5507
-6463
-11129
-14398
-12417
-7429
-4312
-4561
-6392
-5852
-2945
789
3398
3864
3656
3757
5048
6828
7678
6457
4544
3486
4017
4919
4076
1543
-1484
-2789
-2005
-739
-862
-2064
-2746
-2108
-1062
-1033
-1637
-1799
-542
1427
3097
3754
3914
4519
5490
7655
9703
11432
11920
11971
12310
13096
13524
8933
1236
-9678
-13254
-7614
-164
2085
-7913
-17132
-18196
-11398
-6603
-10597
-16911
-15824
-6476
1817
2747
-3200
-6101
-2773
4526
10377
10857
8669
6338
6260
7830
10168
10307
7836
3186
-486
50
1176
394
-5109
-10643
-11290
-7952
-5518
-8437
-13238
-14559
-10244
-5059
-2785
-3871
-5222
-3497
-51
3941
5458
4748
3858
4166
6172
7716
7161
4748
2785
2422
3589
3814
1925
-1218
-3671
-3584
-1988
-1037
-1702
-2600
-2516
-1323
-659
-867
-949
-267
1624
3544
4739
5049
5135
5782
7199
9024
10610
11814
12326
12974
12514
12703
10494
4526
-4196
-13817
-12901
-6030
730
-2016
-13238
-18495
-14896
-7346
-7080
-13758
-17572
-11099
-522
4953
2070
-3556
-3244
1796
8161
10841
9814
8005
6877
7055
8064
9108
7910
4542
-534
-2513
-1040
68
-2735
-9417
-13042
-11033
-6497
-6223
-10493
-14053
-12026
-6379
-2603
-2099
-3401
-2836
-291
3048
5675
6054
4872
3848
4468
6238
6873
5211
2455
877
1056
1965
1518
-791
-3589
-4912
-3782
-1967
-1365
-2117
-2484
-1604
-300
149
-17
251
1510
3549
5220
6362
6372
6410
6958
8267
9901
10864
11382
11737
12452
11671
11305
7844
2279
-5748
-14298
-13339
-7639
-932
-3030
-12750
-17343
-13915
-6489
-5757
-11945
-15545
-9336
1092
6747
3839
-1844
-1730
3208
8889
10556
8669
6751
6204
6283
6864
6814
5236
2011
-2744
-4557
-3342
-1971
-4250
-10009
-13292
-11081
-6407
-5594
-8994
-12075
-9692
-4093
-327
-40
-1512
-1030
1442
4344
6106
5989
4432
3497
3692
4910
4977
2977
363
-1245
-998
-163
-275
-2096
-4407
-5454
-4134
-2024
-1023
-1391
-1628
-626
792
1494
1459
1645
2728
4433
5992
7120
7250
7186
7447
8370
9840
10585
10742
10644
10868
10476
10127
6801
865
-7018
-14381
-13148
-7794
-2166
-3901
-11868
-15135
-11993
-5796
-5347
-10504
-12961
-7236
2153
7235
4936
-85
-346
3667
8465
9983
8093
6139
5373
5453
5903
5384
3378
-22
-4042
-5373
-4312
-3408
-5678
-10320
-12539
-10300
-6311
-5603
-8135
-10163
-7818
-2892
501
1168
318
680
2340
4214
5667
5602
4339
2919
2687
3587
3655
1693
-1254
-2864
-2584
-1330
-1284
-2670
-4669
-5454
-4063
-1889
-645
-793
-963
73
1788
2548
2566
2389
3130
4746
6276
7407
7624
7281
7345
7945
8868
9578
9479
9222
9290
9009
8746
7862
4141
-1616
-10006
-14951
-12264
-6567
-2273
-6316
-12531
-12935
-8028
-3276
-5639
-10875
-10708
-3005
5283
7712
3683
-52
1416
5413
8835
8454
6260
4986
4468
4579
4469
3324
1137
-2305
-5469
-5780
-4478
-4088
-7057
-11181
-11906
-8507
-4813
-4864
-7377
-8197
-4880
-779
1711
1663
1395
2140
2795
4171
4420
4315
2742
1321
1302
1737
1336
-884
-3200
-4190
-3220
-2152
-1705
-3032
-4586
-4556
-2903
-684
60
58
756
2367
3547
3570
3091
3236
4366
5634
6959
7740
7876
7678
7425
7696
8206
8439
8499
8458
8455
8139
7592
5947
1831
-4368
-11814
-14123
-10546
-4771
-2184
-6977
-11191
-10754
-5907
-2940
-5992
-9393
-7560
9
6405
7035
3007
578
2325
5853
8168
7142
5331
4066
3414
3339
2826
1776
-287
-3602
-6073
-6150
-4802
-4677
-7659
-10921
-10653
-6872
-3613
-3915
-6201
-6313
-3213
431
2397
2399
1996
1806
2254
3227
4085
3405
1208
-500
-730
-106
-629
-2479
-4168
-4347
-3284
-1885
-1595
-2759
-3989
-3740
-1509
758
1707
1816
2338
3477
4085
4047
3798
3866
4579
5701
7126
7958
7673
6871
6651
6999
7861
8193
8100
8030
7402
7292
7007
4424
-1006
-8885
-14346
-12105
-6675
-2220
-4513
-10086
-10628
-7221
-2928
-4094
-8261
-8547
-3021
4133
7091
4821
1488
1659
4151
7056
7634
6148
4670
3140
2701
2832
2640
1086
-2388
-5787
-6375
-4751
-3912
-6265
-10217
-11152
-8038
-3937
-2962
-4981
-6291
-4393
-761
1885
2490
1695
1057
1116
2263
3753
3691
1543
-989
-1912
-1078
-677
-2158
-4250
-5165
-4200
-2313
-1273
-1911
-3339
-3740
-1952
657
2173
2433
2545
3420
4385
4677
4349
3878
3866
4876
6380
7625
7572
6577
6139
6246
7049
7464
7614
7598
7445
7141
7049
6123
2309
-3577
-10738
-12997
-9685
-4928
-2467
-6343
-9832
-9046
-5150
-2375
-4748
-7786
-6467
-592
4889
6245
3666
1814
2820
5140
7236
6862
5316
3623
2366
2384
2630
2026
-109
-3470
-5815
-5735
-4597
-4826
-7519
-10169
-9558
-6097
-3213
-3311
-5035
-5246
-2733
319
2247
2237
1118
506
704
2354
3355
2369
-136
-2162
-2287
-1648
-1941
-3374
-4576
-4703
-3402
-1957
-1360
-2164
-3250
-2739
-596
1702
2771
2832
3105
3943
4504
4629
4178
3657
4031
5024
6520
7230
6705
6131
5896
6428
7072
7500
7507
7191
6906
6961
7449
5031
-453
-7814
-12950
-10981
-6735
-3069
-4558
-8652
-9042
-6543
-3004
-3523
-6510
-7379
-3423
2503
5935
5353
2752
2530
4167
6655
7585
6164
4319
2627
2348
2851
2606
981
-2040
-4831
-5725
-5164
-4925
-6484
-8954
-9700
-7540
-4522
-3203
-4074
-5028
-3831
-1094
1348
2304
1679
840
945
1862
3279
2877
875
-1474
-2595
-2103
-2010
-2967
-4552
-5033
-4214
-2593
-1728
-1927
-2586
-2604
-1092
859
2237
2589
2840
3622
4545
4661
4082
3390
3382
4326
5434
6300
6436
6041
5808
5808
5837
6244
6390
6842
6902
6765
6864
6732
4896
-294
-6965
-12252
-11060
-6851
-3234
-3989
-8013
-8370
-6128
-2627
-3032
-6083
-6822
-3411
2333
5516
5353
3327
3198
4502
6205
6971
5864
4623
2956
2100
2056
1924
1119
-1388
-4478
-6209
-6097
-5366
-6120
-8249
-9351
-7774
-4827
-3082
-3343
-4160
-3407
-1285
782
2096
2018
1381
994
1105
2474
2729
1377
-1321
-3218
-3108
-2455
-2715
-4150
-4966
-4711
-3063
-1821
-1399
-1960
-2505
-1518
468
2374
3079
3050
3295
3948
4254
4154
3775
3570
4019
4785
5919
6563
6209
5583
5169
5461
6217
6603
6667
6279
6133
6365
7092
5715
907
-5976
-12157
-11581
-7585
-3409
-3576
-7520
-8226
-6021
-2241
-2243
-5399
-6955
-4002
1819
5770
6344
4194
3545
4162
5781
7073
6411
5112
2803
1315
1210
1683
1324
-1094
-4661
-6758
-6419
-5261
-5599
-7961
-9511
-8219
-4928
-2513
-2413
-3464
-3285
-1467
776
2401
2239
1479
841
1323
2919
3114
1608
-1409
-3411
-3475
-2854
-2868
-4157
-5250
-5140
-3444
-1815
-1242
-1990
-2577
-1672
264
2196
2984
3136
3323
3888
4424
4441
3961
3443
3588
4483
5557
6129
5917
5388
5147
5269
5826
6162
6160
5731
5698
6273
6965
6252
1787
-4376
-10857
-12031
-8521
-4521
-3021
-6482
-8028
-6391
-2700
-1464
-4287
-6500
-4864
734
5284
6808
4925
3325
3677
5131
7091
6752
5110
2619
753
554
1013
938
-977
-4164
-6637
-6742
-5682
-5514
-7293
-9115
-8397
-5363
-2405
-1540
-2457
-2958
-1846
269
2361
2899
2279
1380
1435
2563
2976
1801
-927
-3160
-3781
-3321
-2935
-3880
-5104
-5369
-4077
-2070
-1175
-1448
-2052
-1556
60
1887
3076
3373
3391
3559
4143
4486
4267
3669
3227
3839
4727
5509
5746
5342
5156
4848
5038
5274
5462
5334
4950
5540
6158
7082
4761
-664
-7156
-11965
-9924
-6105
-2878
-4288
-7609
-6771
-3743
-661
-2447
-5667
-6071
-1857
3600
6107
5615
3241
3088
4158
6126
6921
5284
2964
464
-162
511
1118
111
-2796
-5745
-6676
-5482
-4692
-5883
-8211
-8739
-6261
-2953
-1231
-1715
-2715
-2308
-526
1798
3010
2565
1330
639
1582
2617
2216
-131
-2991
-4323
-4041
-3167
-3316
-4611
-5610
-4916
-2763
-979
-802
-1567
-1605
-380
1439
2796
3275
3368
3413
3938
4583
4675
4138
3303
3237
4024
4845
5317
5015
4580
4470
4530
4980
5096
5013
4848
5338
6019
6620
5677
1675
-3431
-9192
-10364
-7702
-4532
-3053
-5676
-6416
-4729
-2038
-1582
-4116
-5449
-3489
1069
4210
5168
3832
3073
3713
4680
5840
4998
3375
1403
96
131
502
287
-1367
-3789
-5429
-5299
-4683
-5059
-6619
-7588
-6453
-3947
-2008
-1537
-1976
-1924
-845
661
2133
2461
1949
1190
885
1560
1652
667
-1411
-3378
-3974
-3694
-3390
-3839
-4702
-4893
-3691
-1934
-667
-564
-1003
-641
576
2105
3217
3482
3490
3603
3990
4387
4179
3434
2825
2947
3654
4166
4144
3903
3789
4015
4171
4400
4621
4827
4932
5205
5591
6019
5409
1988
-2839
-8020
-9292
-6824
-4124
-2968
-5198
-5855
-4310
-2037
-1423
-3493
-4580
-3366
145
2796
3925
3381
2776
3190
3654
4584
4136
2867
1109
-377
-411
221
527
-670
-2921
-4574
-4642
-4115
-4436
-5661
-6474
-5623
-3854
-2387
-1717
-1625
-1393
-945
-173
903
1601
1557
928
267
455
682
232
-1035
-2905
-3682
-3485
-2921
-2756
-3463
-3710
-2844
-1314
-53
203
-107
140
1010
2210
3109
3315
3264
3194
3246
3494
3492
3137
2685
2294
2649
3221
3665
3759
3524
3638
3958
4615
5101
5211
4975
5072
5750
6542
5814
2050
-3130
-7841
-8464
-5928
-3641
-3321
-5536
-5832
-3784
-1478
-1326
-3772
-5193
-3940
-574
2148
3239
2774
2236
2585
3271
4346
4002
2468
535
-639
70
1256
1479
-75
-2399
-3755
-3517
-3020
-3735
-5288
-6379
-5602
-3812
-2382
-1657
-1775
-1947
-1877
-1141
317
1093
764
-42
-101
602
794
-98
-1525
-2525
-2873
-2415
-1930
-1977
-2517
-2740
-1799
-515
119
87
63
518
1206
1825
2404
2670
2604
2453
2637
3020
3014
2481
1803
1771
2297
2939
3402
3533
3705
3996
4397
4882
5196
5226
5193
5578
6125
6684
5662
2308
-2450
-7039
-7922
-5917
-3659
-3524
-5517
-5666
-3535
-1317
-1765
-4484
-6065
-4661
-1350
1167
2182
1922
1937
2550
3200
3827
3392
2179
679
-141
576
1832
2142
749
-1355
-2675
-2625
-2416
-3341
-4960
-6133
-5464
-3696
-2415
-2044
-2567
-2844
-2529
-1744
-629
-94
-175
-442
-295
433
967
672
-388
-1652
-2052
-1413
-632
-556
-1228
-1490
-790
276
779
564
38
10
628
1498
2049
1894
1540
1564
1996
2414
2393
1839
1320
1276
1884
2809
3417
3663
3880
4334
4996
5477
5489
5181
5007
5373
6146
6679
5564
2289
-2565
-6727
-7491
-5593
-3548
-3970
-5850
-5814
-3345
-1144
-2065
-5204
-6952
-5136
-1695
808
1396
1137
1586
2432
3242
3666
3337
2183
723
29
1045
2588
2830
1298
-843
-1921
-1855
-1870
-3029
-4796
-5931
-5268
-3705
-2695
-2675
-3336
-3379
-3012
-2288
-1552
-1170
-926
-831
-292
531
1247
1142
108
-1072
-1422
-564
253
177
-420
-478
380
1118
1065
476
-103
-114
353
901
1208
1141
1123
1395
1756
1920
1716
1156
697
848
1745
2796
3369
3630
4101
4812
5328
5416
5201
5008
5142
5675
6269
6294
4914
2141
-1902
-5573
-6773
-5401
-3399
-3727
-5618
-5873
-3450
-1146
-2161
-5612
-7382
-5341
-1833
233
263
272
1461
2795
3328
3219
2866
2078
928
272
1338
3070
3557
2146
-72
-1121
-955
-945
-2284
-4426
-5663
-4972
-3364
-2458
-2741
-3541
-3871
-3555
-2906
-2378
-2149
-2022
-1516
-598
471
1221
1170
263
-846
-980
-6
901
753
173
289
1161
1739
1391
562
-157
-290
52
501
794
877
1035
1277
1345
1243
977
595
376
594
1426
2444
3191
3722
4141
4537
4847
4981
5025
4973
5173
5676
6062
5936
4641
2029
-1805
-5215
-6144
-4607
-3010
-3708
-5443
-5400
-3021
-1345
-2840
-6129
-7489
-5455
-2297
-639
-569
-144
1247
2614
2978
2761
2395
1616
584
359
1725
3493
3816
2376
638
8
119
-416
-2132
-4135
-4833
-3992
-2765
-2258
-2692
-3280
-3628
-3588
-3232
-2816
-2532
-2378
-1830
-732
547
1155
785
-203
-882
-539
311
903
755
612
1132
1895
2217
1648
729
10
-146
217
666
953
1010
1094
1203
1256
1088
699
225
-19
399
1285
2185
2724
3120
3582
4073
4402
4511
4589
4568
4802
5163
5571
5683
4821
2677
-959
-4320
-5438
-4019
-2480
-3191
-5080
-5244
-2904
-1135
-2531
-6000
-7671
-5938
-2912
-1248
-1169
-773
636
2047
2488
2301
1897
1180
254
159
1709
3592
4082
2765
1133
650
821
331
-1381
-3328
-4057
-3392
-2320
-1911
-2361
-3052
-3600
-3684
-3434
-3123
-2981
-2970
-2513
-1416
-84
610
236
-794
-1392
-909
184
894
796
628
1103
2022
2433
1879
809
125
212
714
1120
1114
950
908
1082
1300
1215
663
-29
-302
211
1179
1932
2378
2740
3221
3770
4097
4246
4249
4152
4354
4876
5551
5865
5223
3533
706
-2393
-4350
-4292
-3167
-2900
-3994
-4782
-3665
-1877
-1872
-4438
-6953
-6764
-4309
-2026
-1417
-1261
-246
1303
2214
2133
1597
1038
482
410
1363
2861
3721
3160
1968
1308
1303
924
-533
-2424
-3467
-3181
-2357
-1941
-2160
-2590
-2886
-3075
-3281
-3485
-3578
-3378
-2779
-1830
-710
70
125
-476
-1099
-977
-202
569
852
919
1362
2101
2529
2177
1276
581
485
805
1023
977
881
945
1148
1276
1195
742
40
-401
-115
730
1538
1970
2285
2820
3445
3790
3740
3443
3338
3692
4351
4983
5159
4824
4068
2794
812
-1765
-4000
-4828
-4181
-3411
-3600
-4100
-3751
-2768
-2714
-4239
-5737
-5701
-4288
-2706
-1716
-772
260
1113
1416
1320
1173
974
725
601
1193
2258
3045
2894
2048
1356
956
402
-667
-1889
-2617
-2542
-2039
-1670
-1695
-1976
-2134
-2303
-2642
-3055
-3193
-2862
-2353
-1792
-1220
-613
-285
-408
-701
-753
-281
355
833
1115
1380
1750
1965
1832
1447
1017
754
726
810
951
988
974
1048
1086
1009
662
182
-10
271
940
1559
1841
2118
2623
3232
3520
3345
3106
3176
3609
4038
4229
4130
3977
3861
3324
2098
2
-2411
-4172
-4658
-3929
-3252
-3476
-4102
-3929
-2968
-2567
-3537
-4876
-4975
-3745
-2106
-939
-242
297
691
950
1165
1280
1145
791
591
1131
2131
2736
2410
1554
925
636
204
-673
-1619
-2202
-2130
-1702
-1417
-1452
-1713
-1993
-2436
-2980
-3267
-3112
-2795
-2584
-2152
-1327
-494
-229
-499
-748
-615
-54
606
1043
1201
1349
1724
2001
1849
1353
887
683
686
773
870
901
937
1088
1108
803
385
204
456
841
1176
1580
1996
2477
2926
3212
3201
2992
2916
3098
3348
3393
3419
3398
3278
2796
1778
391
-1348
-2920
-3883
-3930
-3411
-3110
-3229
-3310
-2864
-2347
-2554
-3432
-3895
-3304
-2064
-1055
-517
-99
305
697
928
1008
900
611
471
726
1348
1893
1922
1508
992
629
273
-286
-923
-1345
-1412
-1302
-1203
-1174
-1322
-1723
-2384
-2969
-3133
-2978
-2745
-2588
-2304
-1683
-952
-497
-496
-696
-600
-85
573
1016
1232
1461
1780
1989
1927
1651
1287
991
824
870
1068
1329
1574
1625
1320
824
508
537
717
775
922
1327
1928
2479
2729
2703
2494
2344
2427
2622
2698
2629
2539
2485
2276
1680
743
-339
-1340
-2273
-3070
-3429
-3118
-2516
-2351
-2664
-2731
-2282
-1980
-2355
-2902
-2679
-1795
-992
-628
-429
-62
322
520
487
332
213
262
497
846
1146
1248
1042
673
331
128
-41
-326
-602
-843
-920
-892
-997
-1450
-2172
-2690
-2724
-2550
-2523
-2580
-2418
-1966
-1450
-1056
-888
-829
-693
-283
343
845
1153
1328
1566
1770
1845
1752
1494
1226
1041
1098
1307
1551
1668
1545
1184
757
546
592
699
707
755
1084
1685
2184
2297
2069
1845
1861
2032
2118
2014
1888
1886
1950
1827
1358
630
-131
-710
-1129
-1563
-2066
-2354
-2234
-1880
-1753
-1937
-2064
-1984
-1840
-1847
-1850
-1621
-1261
-967
-753
-505
-218
-34
-26
-80
-23
190
464
637
686
704
718
691
529
298
99
0
-61
-192
-403
-653
-982
-1428
-1876
-2115
-2107
-2151
-2321
-2431
-2242
-1773
-1360
-1140
-1047
-874
-435
128
558
745
862
1105
1423
1638
1660
1540
1344
1266
1384
1520
1523
1383
1289
1219
1024
777
628
580
549
537
673
935
1195
1383
1449
1442
1387
1370
1348
1272
1206
1221
1257
1205
1046
794
424
-85
-522
-739
-894
-1203
-1619
-1802
-1594
-1291
-1276
-1555
-1745
-1612
-1305
-1164
-1209
-1180
-1060
-892
-755
-583
-373
-309
-305
-223
6
235
304
282
269
357
451
459
327
163
89
-33
-331
-711
-925
-1000
-1171
-1537
-1795
-1742
-1584
-1535
-1654
-1680
-1481
-1105
-706
-440
-278
-66
316
712
969
1049
1123
1289
1445
1572
1600
1555
1467
1393
1429
1535
1482
1179
762
509
624
792
798
643
578
787
1017
1080
976
876
928
1070
1155
1119
976
868
865
862
731
434
102
-138
-305
-473
-698
-920
-1117
-1255
-1313
-1295
-1187
-1144
-1194
-1245
-1159
-914
-731
-746
-825
-844
-736
-638
-611
-584
-561
-489
-400
-281
-203
-186
-219
-222
-142
-68
-39
-124
-191
-149
-67
-89
-275
-454
-544
-598
-721
-879
-971
-977
-901
-776
-631
-492
-348
-155
55
233
371
513
654
787
954
1153
1344
1451
1495
1486
1359
1122
916
890
970
999
885
749
709
745
773
694
550
452
474
591
700
736
686
610
560
565
538
338
56
-116
-46
44
-99
-441
-776
-976
-1165
-1332
-1408
-1379
-1311
-1266
-1131
-921
-780
-832
-980
-1026
-863
-593
-450
-490
-586
-546
-417
-364
-465
-610
-666
-616
-457
-273
-135
-70
-24
67
153
178
126
35
-25
21
176
299
281
178
134
148
110
10
-112
-143
-69
123
387
552
624
633
675
789
857
834
670
530
616
886
1076
994
764
608
619
637
558
412
299
374
576
702
649
464
330
266
156
42
-35
-59
-43
-33
24
59
-7
-134
-292
-394
-453
-476
-484
-536
-628
-709
-739
-762
-842
-951
-973
-866
-702
-616
-599
-585
-523
-448
-409
-341
-282
-267
-319
-378
-352
-324
-355
-463
-547
-532
-435
-345
-323
-319
-264
-104
40
114
120
135
208
296
356
356
344
346
384
432
445
448
445
468
524
580
611
598
543
500
477
480
524
559
575
543
493
439
387
310
225
138
78
98
136
187
203
201
232
265
289
280
214
119
32
-28
-54
-94
-150
-198
-224
-228
-235
-274
-346
-400
-405
-406
-468
-552
-557
-488
-457
-537
-623
-598
-473
-385
-371
-349
-274
-181
-131
-112
-110
-129
-156
-134
-80
-92
-193
-279
-282
-243
-253
-319
-360
-391
-365
-280
-148
-43
-10
55
194
342
375
322
276
313
381
422
447
476
548
628
675
638
536
405
305
256
239
267
297
319
327
314
269
161
12
-114
-165
-140
-97
-61
-37
-12
0
-25
-50
-68
-56
-21
55
169
264
273
216
154
116
85
-1
-111
-204
-202
-111
-28
-50
-178
-284
-313
-312
-364
-431
-417
-282
-129
-79
-138
-214
-216
-169
-147
-170
-165
-128
-55
-5
-2
-31
-106
-142
-151
-158
-196
-235
-218
-159
-109
-85
-84
-109
-121
-89
-6
69
116
179
284
387
449
460
462
481
475
432
337
247
213
205
194
169
156
149
120
86
76
57
-10
-85
-113
-103
-134
-214
-259
-258
-243
-268
-319
-342
-333
-275
-190
-102
-23
44
86
108
121
140
139
67
-11
-11
58
103
54
-38
-112
-153
-174
-168
-169
-199
-216
-171
-43
63
101
75
62
101
143
171
142
148
185
220
217
152
85
13
-70
-131
-136
-101
-60
-50
-49
-8
10
-8
-84
-168
-151
-69
33
66
49
60
123
185
180
131
96
109
145
166
173
175
142
83
15
-17
-6
-34
-87
-148
-159
-137
-145
-163
-185
-204
-234
-248
-223
-211
-264
-319
-291
-186
-99
-88
-100
-84
-45
18
89
146
193
213
247
280
293
282
217
130
70
87
130
122
42
-32
-25
27
72
60
29
33
96
197
264
282
272
267
266
259
241
188
126
76
70
72
8
-103
-197
-233
-247
-290
-352
-379
-368
-354
-339
-320
-289
-270
-275
-238
-169
-86
-34
-16
20
39
66
77
89
90
71
84
85
98
86
65
42
-17
-43
-34
-11
-20
-48
-48
-30
-32
-52
-62
-59
-69
-82
-75
-49
-32
-23
16
76
124
127
102
105
130
153
158
160
207
269
303
280
212
159
128
94
33
-46
-98
-101
-87
-81
-101
-119
-105
-56
-9
14
30
59
115
130
108
77
48
41
17
2
-18
-56
-104
-158
-211
-268
-318
-344
-330
-296
-256
-250
-283
-311
-282
-219
-169
-171
-189
-146
-62
39
98
112
124
133
162
180
196
209
210
219
229
241
210
161
123
105
104
97
115
129
100
49
6
14
14
-12
-48
-63
-33
0
21
2
-29
-22
28
70
69
55
66
116
154
160
149
135
137
139
118
85
53
30
7
-36
-52
-56
-56
-81
-122
-132
-113
-63
-24
7
30
60
103
136
158
152
117
67
29
12
-12
-67
-135
-177
-193
-219
-270
-317
-339
-324
-300
-283
-273
-266
-237
-186
-140
-103
-92
-80
-60
-48
-13
29
84
107
78
72
89
122
111
67
55
81
130
150
132
91
69
88
124
135
96
50
32
37
46
20
-27
-72
-70
-26
-5
-27
-71
-63
-6
43
59
44
31
37
57
83
95
87
87
119
174
197
167
90
25
4
4
-3
-56
-98
-103
-68
-19
5
18
23
49
102
155
175
156
131
130
148
152
118
40
-36
-65
-49
-64
-142
-232
-260
-233
-227
-245
-265
-256
-226
-207
-188
-161
-140
-123
-138
-143
-104
-46
-11
-24
-26
15
58
64
42
45
65
81
89
97
128
151
163
156
151
160
165
143
96
70
60
59
38
13
-4
-30
-35
-31
-36
-62
-96
-94
-63
-28
-15
-13
-16
-7
16
42
61
68
81
100
120
123
108
56
0
-33
-33
-18
-31
-49
-65
-66
-54
-36
-18
-9
3
35
77
99
89
76
82
98
97
58
19
-16
-41
-65
-92
-109
-137
-159
-166
-160
-151
-153
-152
-137
-125
-121
-119
-114
-95
-82
-63
-51
-44
-34
-25
-13
-2
20
50
81
102
114
119
122
133
157
177
181
179
174
177
157
109
59
19
2
-17
-56
-88
-96
-88
-98
-141
-173
-162
-135
-114
-106
-83
-39
-5
14
12
7
7
22
51
78
103
124
146
149
131
102
70
45
27
30
41
48
51
65
88
95
79
67
79
112
135
137
125
128
148
156
122
52
-10
-55
-79
-88
-85
-93
-131
-172
-182
-173
-184
-218
-230
-212
-190
-176
-172
-165
-173
-179
-161
-143
-136
-145
-131
-88
-38
2
35
58
63
57
50
59
81
106
130
136
136
145
149
138
87
29
-4
-1
17
5
-25
-50
-47
-46
-63
-89
-105
-95
-65
-26
7
32
55
80
96
99
105
121
137
151
163
179
177
151
128
118
121
112
88
54
30
26
35
29
0
-14
-5
9
2
-8
4
11
-2
-21
-22
-16
-42
-87
-126
-140
-149
-157
-164
-165
-171
-185
-189
-182
-170
-170
-186
-193
-173
-131
-95
-85
-91
-85
-58
-34
-32
-37
-22
30
80
104
105
100
121
140
150
155
158
169
178
182
185
166
139
117
92
69
37
16
4
-7
-21
-32
-33
-38
-50
-65
-65
-51
-43
-34
-33
-21
-2
19
26
8
-7
9
49
83
86
75
76
83
83
65
28
3
-5
5
23
30
28
18
7
1
-2
-17
-35
-41
-29
-5
2
3
1
-7
-23
-42
-64
-84
-105
-112
-96
-83
-83
-97
-110
-114
-119
-124
-127
-110
-81
-49
-27
-19
-17
-16
-12
-8
-3
3
30
58
73
70
63
73
75
74
73
76
90
88
83
75
62
41
7
-21
-35
-30
-30
-42
-51
-44
-28
-24
-31
-41
-55
-61
-56
-39
-21
-20
-15
-1
21
34
31
25
28
53
78
91
89
89
105
126
146
147
133
113
108
119
114
87
48
22
11
1
-14
-39
-67
-77
-72
-56
-50
-66
-85
-99
-98
-99
-110
-131
-140
-124
-99
-73
-71
-69
-68
-64
-60
-67
-66
-61
-43
-27
-22
-24
-23
-8
8
16
21
37
63
71
65
57
65
77
73
65
58
60
65
69
66
51
28
9
0
-7
-11
-23
-31
-30
-25
-22
-26
-35
-45
-51
-54
-51
-41
-31
-33
-39
-39
-26
-15
-13
-9
-1
18
42
64
79
84
83
97
124
146
151
134
117
110
103
91
60
22
2
-1
-10
-32
-63
-71
-61
-45
-40
-49
-61
-62
-56
-55
-61
-71
-63
-52
-44
-35
-23
-15
-24
-43
-52
-39
-29
-34
-41
-31
3
22
11
-9
-15
5
26
22
6
-10
-11
-5
-5
-3
-8
-17
-26
-21
-2
5
-5
-16
-11
2
1
-3
-11
-11
-5
11
26
27
21
7
-4
-20
-33
-38
-38
-36
-36
-32
-26
-25
-31
-27
-9
10
25
37
61
89
101
100
102
115
123
117
107
109
116
110
95
68
44
20
-2
-27
-55
-72
-72
-56
-47
-45
-45
-43
-37
-35
-30
-27
-29
-32
-32
-22
-15
-17
-19
-22
-29
-38
-45
-43
-47
-49
-47
-30
-16
-16
-23
-32
-21
-9
5
7
0
7
11
14
8
1
-3
-9
-11
-10
-4
-1
1
-2
-7
-13
-17
-19
-17
-13
-8
-1
9
18
18
10
-1
-9
-14
-20
-20
-25
-25
-20
-6
6
13
21
29
43
56
79
102
112
115
126
150
165
154
129
106
89
79
63
37
6
-18
-25
-32
-50
-74
-89
-86
-77
-66
-60
-54
-53
-50
-45
-41
-41
-42
-43
-40
-30
-21
-22
-40
-56
-59
-55
-59
-64
-58
-47
-35
-23
-18
-19
-25
-19
-4
5
10
13
22
32
35
30
22
18
17
18
17
18
21
17
3
-9
-15
-18
-21
-20
-3
11
18
18
18
10
-1
-11
-18
-22
-25
-22
-18
-15
-12
-3
-1
5
11
24
40
56
75
95
104
106
100
100
101
94
88
76
65
50
32
17
-4
-22
-41
-50
-57
-64
-65
-61
-47
-33
-15
-6
-8
-14
-17
-17
-20
-25
-28
-28
-24
-21
-21
-30
-44
-52
-51
-44
-38
-37
-37
-31
-16
-2
-3
-8
-8
8
20
23
12
3
10
23
26
10
-12
-18
-7
2
-4
-11
-11
-7
-8
-13
-14
-13
-12
-4
11
26
30
20
8
1
-5
-14
-23
-28
-27
-24
-20
-13
-2
9
15
15
18
33
45
51
47
54
70
86
89
78
67
69
68
56
32
8
-5
-13
-21
-30
-35
-39
-38
-36
-30
-21
-10
1
6
6
8
5
0
-12
-18
-22
-24
-27
-36
-46
-56
-59
-58
-60
-62
-62
-53
-38
-24
-12
-7
5
21
36
42
37
34
32
32
34
33
27
13
-6
-18
-13
-5
-3
-12
-24
-20
-15
-12
-19
-24
-21
-18
-8
1
7
2
-8
-16
-19
-21
-26
-27
-28
-23
-18
-18
-12
-4
5
10
18
41
61
67
62
66
82
91
81
61
56
59
57
42
17
4
-3
-3
-6
-15
-18
-18
-12
-4
5
8
5
8
14
23
20
10
-2
-10
-8
-14
-22
-34
-42
-39
-38
-41
-54
-58
-51
-47
-41
-35
-16
-5
2
11
18
27
24
25
24
25
27
22
17
5
-7
-16
-26
-29
-32
-31
-32
-32
-29
-27
-25
-31
-31
-28
-25
-20
-18
-16
-17
-16
-18
-18
-16
-19
-19
-19
-11
-6
-5
-2
-1
4
10
20
30
35
45
54
64
66
64
59
51
48
44
44
34
23
16
14
15
11
6
4
8
17
24
33
36
40
41
40
36
27
20
11
6
1
-7
-11
-21
-36
-49
-57
-59
-66
-70
-68
-58
-44
-35
-25
-21
-13
-8
-8
-7
-6
3
7
8
3
-4
-4
-9
-12
-21
-21
-16
-12
-13
-16
-14
-14
-15
-21
-21
-14
-7
-4
-6
-8
-4
0
-2
-15
-23
-23
-14
-7
-6
-3
3
16
25
30
30
27
28
36
48
54
56
56
57
56
51
45
35
25
21
17
14
8
0
0
2
6
4
8
10
11
12
18
28
30
29
25
24
20
11
0
-12
-18
-20
-26
-34
-45
-51
-55
-51
-46
-45
-40
-36
-23
-12
-8
-9
-13
-11
-12
-12
-14
-16
-14
-12
-6
-5
-7
-12
-17
-16
-11
-5
-1
1
1
3
10
10
7
1
-2
-3
-7
-11
-16
-18
-20
-20
-20
-23
-26
-28
-23
-16
-7
0
5
12
20
29
33
30
35
42
50
52
55
56
52
52
48
42
28
21
13
8
9
10
14
15
16
18
18
16
10
15
25
30
28
20
22
21
15
1
-13
-20
-29
-33
-39
-44
-49
-56
-57
-54
-50
-51
-49
-43
-36
-29
-24
-22
-25
-25
-23
-23
-21
-20
-18
-13
-10
-7
-8
-3
0
4
7
12
19
21
18
15
16
21
20
17
10
9
10
5
-4
-12
-16
-17
-13
-14
-16
-16
-15
-7
1
10
10
13
25
34
39
37
37
40
45
47
44
42
38
33
28
25
20
15
8
5
5
12
15
13
7
6
9
8
7
6
11
8
4
-2
-4
-4
-10
-15
-21
-23
-25
-28
-26
-30
-36
-37
-37
-36
-33
-30
-29
-22
-15
-12
-15
-19
-22
-26
-27
-24
-20
-13
-8
0
4
7
7
7
4
3
5
8
10
13
14
16
19
12
6
2
1
-3
-6
-12
-20
-24
-24
-26
-28
-26
-23
-17
-8
1
8
12
13
12
17
20
21
21
22
27
30
32
32
30
26
21
21
20
20
21
17
15
15
19
18
14
13
12
15
14
12
3
0
2
3
1
-7
-12
-14
-13
-16
-22
-24
-19
-15
-15
-14
-12
-9
-8
-8
-10
-13
-14
-13
-17
-20
-18
-15
-17
-18
-18
-19
-14
-10
-10
-6
3
6
2
4
6
7
8
7
4
6
5
3
-2
-2
-6
-8
-12
-14
-15
-15
-15
-17
-15
-16
-13
-12
-10
-2
5
8
7
11
14
16
18
19
18
20
20
20
18
19
16
15
17
17
20
23
26
23
23
25
25
25
19
17
16
13
11
10
8
4
1
-4
-7
-10
-18
-23
-20
-18
-15
-16
-12
-11
-8
-7
-12
-11
-8
-8
-12
-9
-11
-17
-20
-24
-28
-27
-22
-22
-22
-17
-9
-4
-1
0
2
0
2
1
0
3
2
-2
-7
-4
-8
-11
-15
-18
-22
-22
-14
-17
-19
-18
-13
-11
-7
-5
-7
-2
7
13
15
18
19
17
19
22
19
17
18
19
21
25
27
19
21
26
30
29
31
35
32
34
34
33
29
23
16
12
12
8
2
0
0
-2
-7
-13
-20
-27
-27
-27
-25
-23
-20
-20
-17
-12
-10
-11
-16
-20
-22
-21
-21
-24
-26
-28
-27
-23
-21
-21
-17
-10
-5
2
7
7
7
8
8
9
6
7
6
8
5
3
-1
-6
-7
-11
-14
-15
-14
-15
-13
-10
-11
-6
-3
-3
0
6
10
12
15
18
19
20
17
16
17
16
14
12
15
14
16
16
16
18
18
20
21
24
21
20
21
17
15
12
8
4
1
-1
-4
-8
-10
-12
-9
-14
-14
-18
-18
-18
-15
-12
-12
-7
-5
-3
-2
-1
-3
-7
-8
-13
-13
-11
-13
-15
-15
-17
-17
-15
-13
-14
-11
-8
-4
-1
0
-2
-3
-4
-6
-3
-2
-1
2
5
6
3
3
0
-5
-7
-6
-6
-6
-4
-2
-2
1
0
1
0
1
1
3
8
11
12
14
15
16
14
14
12
14
13
15
14
13
17
17
14
14
18
17
16
16
15
11
11
8
1
-2
-2
-5
-6
-7
-9
-12
-10
-10
-13
-16
-15
-16
-14
-13
-12
-12
-10
-7
-5
-5
-6
-7
-11
-12
-10
-9
-9
-7
-8
-8
-7
-5
-8
-7
-6
-4
-2
0
1
1
1
-1
-1
0
-1
0
0
1
-2
-1
-1
-3
-4
-2
-1
1
2
0
-2
-2
-3
-5
-4
-3
-4
-2
0
2
3
6
4
6
8
10
12
11
14
14
14
12
13
13
15
17
18
18
16
16
14
13
10
8
5
3
2
1
1
-2
-2
-4
-6
-7
-5
-7
-10
-10
-10
-11
-8
-5
-7
-5
-1
0
-1
3
1
-3
-3
-1
-3
-2
-1
-5
-5
-1
-1
-3
-2
-1
-3
-1
0
-2
-7
-9
-9
-8
-9
-9
-10
-9
-6
-5
-7
-10
-8
-10
-12
-10
-10
-11
-8
-7
-6
-4
-2
-3
-2
1
3
4
6
7
7
10
11
10
10
10
11
11
14
14
13
13
10
12
11
13
13
12
12
13
13
13
13
11
8
8
8
6
3
3
1
-1
-2
-3
-7
-9
-8
-9
-12
-9
-8
-7
-7
-4
-5
-5
-5
-4
-2
-2
-1
-1
-2
-1
2
-2
-4
-4
-5
-8
-7
-7
-10
-11
-10
-13
-15
-12
-12
-13
-8
-6
-8
-6
-4
-6
-8
-8
-10
-10
-8
-7
-7
-2
0
1
4
5
5
8
7
8
11
14
14
16
17
17
18
17
14
12
10
7
7
7
5
4
4
4
3
5
5
7
7
7
8
11
8
7
5
2
1
-1
-4
-5
-7
-7
-6
-5
-8
-8
-9
-9
-9
-6
-7
-7
-5
-4
-5
-3
-4
-4
-3
-2
-1
-1
1
0
1
0
0
-3
-5
-4
-4
-4
-2
-3
-4
-5
-2
-4
-5
-6
-5
-9
-8
-7
-8
-9
-9
-8
-8
-6
-3
-3
-2
0
2
4
4
6
5
6
8
9
12
11
12
12
13
14
13
11
9
8
5
6
6
3
1
1
3
3
2
4
4
4
6
6
3
2
4
0
-1
0
-2
-4
-4
-6
-8
-7
-7
-9
-8
-9
-6
-5
-4
-3
-3
-2
-2
-1
-1
-2
0
1
0
-2
-2
-3
-4
-4
-3
-2
-2
0
1
1
1
0
-1
-4
-2
-1
-3
-2
1
-2
-3
-1
-4
-6
-7
-6
-6
-3
-3
-2
0
1
0
3
4
4
7
8
7
9
12
8
7
10
8
6
8
8
4
6
8
4
5
6
4
3
4
3
2
4
2
0
3
0
-2
-2
-1
-5
-4
-2
-6
-4
-1
-3
-4
-3
-4
-6
-5
-4
-4
-4
-3
-1
0
0
-2
-1
-4
-6
-7
-8
-10
-9
-9
-10
-9
-7
-8
-7
-5
-4
-4
-1
0
-1
1
0
-1
-4
-3
-3
-3
-2
0
0
-1
0
0
-2
-3
-1
-3
-3
1
2
2
4
7
4
7
10
11
10
12
13
11
12
11
10
7
8
7
7
8
6
7
7
5
5
4
4
3
3
1
1
-1
-1
-2
-2
-3
-2
-3
-4
-4
-5
-7
-8
-8
-9
-7
-6
-5
-4
-2
0
1
0
1
1
-1
-2
-1
-4
-6
-7
-8
-10
-10
-9
-11
-10
-6
-7
-6
-2
-1
-3
-1
0
-2
0
1
0
1
5
6
7
8
8
7
7
4
3
2
1
0
2
2
2
6
7
6
8
9
7
7
9
8
6
5
7
6
4
5
4
3
3
4
2
-1
1
1
-4
-4
-3
-5
-7
-2
-5
-6
-3
-3
-5
-4
-4
-7
-6
-6
-9
-8
-6
-8
-6
-3
-2
-2
2
0
0
2
2
2
2
3
2
2
1
1
0
-1
-1
0
-3
-2
0
-2
-4
-2
-4
-6
-3
-4
-4
-2
-1
-1
1
4
3
5
6
3
6
6
3
2
4
1
2
2
2
1
2
2
1
3
0
0
0
1
0
2
2
3
4
6
6
4
5
5
4
3
3
2
-1
-1
-1
-3
-3
-1
-1
-1
2
3
2
2
3
-1
-1
0
-4
-5
-4
-4
-5
-3
-4
-3
-4
-2
-3
-3
-4
-3
-5
-5
-4
-5
-6
-3
-3
-5
-3
-1
-5
-5
-3
-6
-7
-8
-8
-10
-7
-8
-6
-3
-2
-1
3
4
3
7
7
4
5
7
4
6
9
8
8
10
10
10
9
10
9
9
8
10
7
7
7
7
2
4
5
2
3
4
3
1
3
0
-2
-3
-3
-5
-5
-6
-5
-3
-4
-4
-2
-4
-4
-4
-5
-6
-4
-5
-6
-6
-6
-8
-6
-5
-7
-6
-5
-3
-3
-3
-2
-1
-2
-3
-2
-2
-3
-2
-1
-1
1
2
1
1
3
0
1
1
1
0
2
1
1
1
2
2
2
2
3
3
2
3
3
2
1
3
2
2
3
5
4
6
5
4
4
5
2
1
3
0
-1
0
-1
-2
-1
0
-2
-2
0
-2
-4
-1
-3
-3
-2
-1
-4
1
0
-2
-1
1
-3
-1
1
1
-1
1
3
-1
2
3
2
0
3
2
0
1
1
0
0
2
0
-2
-1
-1
-4
-4
-2
-6
-5
-4
-5
-5
-2
-2
-6
-2
-2
-4
-3
0
-4
-3
-1
-3
-4
-3
-2
-3
-2
-1
-1
0
0
0
1
-1
1
1
4
4
6
6
7
6
6
6
5
3
4
4
2
4
5
4
3
5
3
2
5
3
3
4
4
1
2
0
-1
0
0
-2
-1
0
-2
-1
-1
-2
-4
-2
-4
-5
-2
-4
-4
-1
-2
-3
-1
0
-4
-2
-1
-5
-6
-4
-6
-7
-4
-6
-7
-5
-6
-5
-5
-5
-5
-3
-4
-4
-2
-2
-3
-1
1
-1
1
3
3
2
4
5
2
1
3
2
1
2
2
3
2
5
5
5
7
8
8
8
7
7
6
5
4
3
3
1
2
2
2
0
3
1
-1
0
1
-2
-2
-1
-2
-2
-1
-1
-3
-1
0
0
-1
-1
0
-2
-3
-4
-5
-6
-4
-4
-4
-3
-1
-2
-2
1
-1
-1
1
0
-2
-1
-1
-3
-3
-1
-2
-2
0
-1
-1
-1
-2
-4
-2
-4
-3
-3
-4
-4
-1
0
-2
1
3
1
3
5
2
4
2
1
-2
0
0
-2
1
1
3
2
5
4
5
4
3
3
4
3
2
3
2
1
1
1
1
1
1
0
2
0
0
-2
-1
-2
-4
-3
-2
-1
-2
2
-1
1
2
2
1
1
0
-1
-1
-2
-3
0
-2
-1
0
1
0
0
2
-2
0
-2
-1
-3
-1
-2
-1
-2
-2
-1
-2
-3
0
1
-3
0
0
-3
-5
-2
-4
-6
-3
-3
-3
-2
1
-1
-2
1
0
0
-1
0
1
0
2
2
2
0
2
2
2
1
3
4
3
2
4
4
1
4
3
2
3
6
4
3
6
3
2
3
2
0
1
0
-1
-1
-1
-1
-1
1
-1
1
2
0
1
0
1
-2
-1
-1
-3
-2
-2
-2
-3
-3
-1
-3
-1
-1
-2
-2
-3
-3
-3
-3
-2
-3
-1
-2
-3
1
-1
-2
-1
0
-4
-3
-1
-4
-3
-2
-1
-3
1
1
-1
2
2
1
1
2
1
1
0
1
2
2
1
3
1
0
3
2
1
3
3
1
3
3
2
3
2
1
1
1
1
0
3
1
1
0
-1
0
-2
-1
-2
-2
-1
-1
-1
-2
0
-1
1
0
1
0
2
0
0
1
-2
-1
-1
-1
-2
1
0
1
2
1
2
3
1
-1
2
-1
-1
-1
0
-2
-1
1
-2
1
0
0
-2
-2
-2
-4
-4
-4
-4
-4
-3
-2
-4
0
0
-1
-3
2
-1
-3
-1
-1
-4
-4
-1
-5
-3
-1
1
-1
3
4
1
2
2
2
-1
1
1
1
2
1
4
3
4
4
5
2
4
5
1
2
1
0
0
0
1
2
4
2
6
4
3
2
4
-1
1
-1
-3
-2
-2
-1
-2
1
-2
2
0
-1
0
0
-2
-4
-2
-5
-4
-4
-3
-1
-2
-1
1
1
-1
0
-1
-4
-3
-3
-4
-6
-3
-2
-5
-2
0
0
0
3
1
3
0
-1
-1
0
-2
-1
2
-1
1
2
3
0
4
4
0
2
3
1
-2
2
1
-1
3
4
4
3
5
4
5
3
2
1
0
0
-1
-1
-2
0
-1
1
1
1
1
1
1
0
2
-2
-1
-1
-1
-1
-1
1
-2
0
0
1
-1
0
0
-3
-3
-2
0
-2
-1
1
0
1
2
2
0
1
1
0
-1
0
-1
-1
-2
-1
-1
-3
-1
-1
0
0
0
1
0
1
0
1
-2
-1
-2
-2
0
-1
0
-1
0
-1
1
-1
0
1
-1
0
0
0
-1
1
0
1
1
1
1
2
1
1
2
2
1
2
1
0
0
0
1
0
2
2
2
1
3
1
1
1
3
0
1
2
0
1
-1
1
-1
1
1
3
0
0
3
0
-1
0
-1
-4
-2
-2
-3
-3
-1
0
-2
1
1
-1
-1
1
-1
-3
-1
-3
-3
-1
-2
-5
-1
-1
-4
1
1
-1
0
3
-2
0
2
-1
0
0
1
1
2
1
3
3
1
2
2
1
-1
3
0
-1
2
4
0
3
6
1
3
4
3
0
3
0
0
0
-1
0
0
-1
0
1
0
0
2
0
0
0
-2
-2
-3
-2
-3
-1
-3
2
0
0
1
1
-3
-1
-2
-4
-2
-2
-3
-2
0
-2
1
2
0
3
2
1
0
1
-2
-2
-1
-3
-2
-1
1
0
2
4
3
2
4
4
0
3
2
-1
0
1
-2
0
2
0
1
4
2
2
5
1
0
3
-1
-2
1
-2
-3
1
0
-2
1
-1
0
-1
0
0
1
-2
1
1
-3
-1
0
-1
-3
1
-1
-2
-1
0
-1
0
1
1
1
1
3
1
1
2
2
-2
1
2
-1
0
2
1
1
2
3
0
2
2
2
2
1
0
1
-1
-1
1
0
-2
1
1
-1
-1
3
-2
-3
1
-1
-4
-2
-1
-5
-4
-2
-1
-4
0
0
-1
-2
0
1
-3
-2
-1
-2
-5
-1
-1
-5
-1
1
-2
-1
3
2
2
4
4
3
3
4
1
2
2
1
1
3
1
1
3
3
2
4
4
3
5
4
3
4
1
1
1
-2
-1
-1
-3
-2
-1
-1
-1
1
0
0
1
0
-1
-2
-4
-3
-4
-5
-4
-4
-3
-3
-1
0
0
1
2
1
-1
2
-1
-2
-1
0
-3
1
0
0
3
4
3
4
5
2
5
3
2
1
4
1
1
2
2
2
3
4
2
3
4
2
2
3
0
1
-1
-1
-1
-3
-2
0
-1
-1
1
-1
-1
1
-2
-3
-2
-3
-3
-4
-5
-3
-3
-6
-3
-1
-4
-2
-1
-3
-2
1
0
0
0
2
0
0
1
0
-2
0
1
0
0
2
2
3
6
3
4
4
3
5
5
2
3
2
0
1
2
0
-1
2
1
1
1
2
2
-1
0
1
-3
-4
-2
-4
-7
-4
-2
-4
-2
0
-2
-2
-1
0
-3
-4
-3
-3
-6
-3
-4
-3
-3
0
0
0
2
1
1
3
2
1
5
1
1
3
3
0
2
4
2
4
5
5
4
6
6
6
4
4
3
3
1
0
2
0
0
2
2
0
3
2
0
0
1
-2
-2
-1
-2
-2
-2
-4
-1
-3
-5
-2
-3
-4
-3
-1
-3
-1
0
0
-1
0
-2
-2
-2
-4
-2
-2
-2
0
3
3
2
4
4
1
4
2
1
1
3
1
2
2
3
2
4
4
2
3
3
2
1
4
1
0
2
1
-2
0
-1
-4
-3
-3
-2
-4
-1
1
0
-2
2
-1
-4
-3
-3
-7
-7
-3
-5
-4
-2
0
-2
0
1
-1
-3
0
-2
-2
-2
-1
1
0
1
1
2
0
1
0
0
2
3
2
3
3
4
5
0
3
1
0
0
0
1
3
1
4
4
2
4
3
0
-2
1
-4
-3
-1
-4
-1
1
-2
0
0
-3
-1
0
-3
-2
-1
-1
-2
-1
1
-3
-1
-1
-4
-4
-1
-2
-3
1
2
1
4
3
1
3
0
-1
-1
-1
-1
-1
2
1
3
4
4
4
4
3
1
1
0
-1
0
2
-1
1
2
0
2
1
0
1
1
0
1
1
2
0
0
0
0
-2
-3
-1
-4
-3
-1
-3
-1
0
-1
1
-2
-1
-3
-2
-3
-2
-2
-1
-2
0
-1
0
0
-1
-1
-2
-1
-1
0
2
0
1
3
1
1
1
-2
-1
-1
-2
-2
0
2
1
4
3
3
3
2
0
-1
-3
-2
-3
-3
-1
0
1
1
2
3
-1
1
2
-1
-3
0
0
-4
-2
-1
-2
-2
-1
0
0
-1
2
1
-1
2
1
-2
-1
-2
-4
-3
-2
-3
-1
0
-2
2
4
2
3
2
-1
-1
-4
-3
-2
-4
0
1
0
3
5
2
2
4
0
0
1
-4
0
0
-2
2
1
0
3
2
1
0
1
1
1
0
0
1
0
-1
2
0
-1
1
0
0
-1
1
0
-1
1
2
-1
-1
-1
0
-3
-2
0
-2
0
-1
0
-1
-1
-2
-1
-2
-2
-2
-1
-1
-2
2
0
1
1
-2
-1
-1
-3
-2
-1
-1
-2
1
3
0
3
2
1
-1
-1
0
-2
-2
0
2
0
1
4
4
0
2
3
-2
-1
-1
0
-2
0
2
-1
-1
1
0
-1
-1
0
0
-3
1
0
-1
-1
0
-2
-3
-2
-2
-2
-4
-3
-2
-1
-4
2
0
-2
-1
-1
-3
-1
-1
-1
1
-1
2
2
0
-1
1
0
-2
1
-1
2
1
2
4
3
2
4
2
-1
3
-2
-1
0
1
-1
3
2
2
5
2
0
3
0
-3
-1
-2
-3
-2
0
-1
-1
0
0
0
0
-2
0
-2
-4
-1
-2
-3
-3
-1
-2
-2
-2
-1
-2
-1
0
0
-1
0
2
-1
1
0
-2
0
-2
-2
2
0
-1
3
4
1
4
2
1
2
1
-2
2
-2
-1
2
0
1
2
1
0
2
-1
-1
