1
4
0
-2
-1
-2
-2
-1
-4
-3
0
0
-1
-1
-1
-1
2
1
1
1
2
-1
-4
0
1
2
4
1
-4
0
2
3
-2
-5
-1
-2
-4
0
-1
-8
2
-2
0
0
-3
-2
-7
-3
-2
-1
0
2
-5
-2
-5
-7
-4
-4
-1
-4
-3
-5
-3
-1
-4
4
4
-1
-1
1
-4
-1
4
4
1
-6
-6
-6
-3
-5
-2
2
-3
-2
2
0
-4
1
-3
-2
-4
-1
1
-4
-4
-2
-4
-3
2
-4
1
7
5
2
3
6
3
2
2
3
0
1
0
2
10
9
5
7
6
5
5
5
4
2
2
-3
0
5
5
7
0
3
8
6
9
6
4
8
5
4
0
4
3
1
-1
-6
-1
-6
-6
-5
-1
-2
0
0
-6
-1
-1
-4
-3
-6
-6
-2
-4
-7
-3
0
0
2
7
6
-3
-1
3
2
0
-1
0
-3
2
1
0
1
-2
-1
0
3
5
0
-3
-3
-5
2
2
-5
-3
-5
-3
-5
1
-4
-3
-4
-5
-1
-3
-2
-4
-3
-5
-5
-2
-3
-4
1
2
-1
1
-2
0
2
-3
0
0
4
1
3
3
-7
-1
-2
-5
-5
-5
-3
-4
-3
3
2
3
2
-1
3
3
3
2
4
3
5
6
8
7
5
3
4
4
1
3
4
-1
2
5
1
1
-3
-1
1
-1
0
-1
0
2
4
1
-1
0
4
-1
-1
3
-1
3
0
-1
1
-2
0
1
1
0
-1
2
1
0
1
-1
4
1
-1
-1
3
-2
-2
4
-1
1
2
0
1
0
-3
-4
-7
-6
-1
-4
-6
-4
-3
-3
-3
-2
-5
-2
-2
0
-1
0
1
-3
-3
-1
-5
-3
-5
-2
2
1
1
-3
-3
-7
-7
-4
-1
-2
-1
1
-3
2
-1
-2
1
1
-2
1
4
0
4
2
0
-1
1
4
0
3
2
1
-1
-1
2
3
6
3
2
2
1
2
1
2
0
3
0
2
3
3
5
5
8
3
3
6
4
6
2
-1
2
2
-2
4
-3
0
2
-1
2
2
3
1
2
1
-2
-2
-1
-3
-4
2
-3
-1
-1
-1
-1
-5
-3
-6
0
-1
-3
-5
-5
-8
-7
-1
-6
-5
-5
-4
-1
-3
-5
-3
-3
-1
-2
-3
-6
-1
1
-6
0
-2
-3
-5
-4
2
-4
3
1
3
3
6
9
1
3
0
3
8
5
4
3
4
5
5
6
0
4
5
6
3
3
10
7
6
3
6
7
7
2
2
3
6
3
2
8
6
5
5
4
6
7
5
5
1
6
2
1
1
-2
0
-6
-6
-1
-1
-4
-1
-4
0
-1
-2
2
-3
-3
-5
-2
0
-1
-1
-1
-2
-1
0
-1
-4
-4
-4
-6
-5
-7
-6
-5
-3
-5
-4
-5
0
1
0
0
-4
-5
-4
-1
-2
0
-1
2
3
-2
0
1
-1
1
-1
-3
0
-5
-2
0
-6
-3
2
2
-1
2
2
3
-2
-1
5
0
1
0
2
2
-1
-3
-2
-1
-2
2
1
-4
-4
-2
-1
0
3
9
3
-2
4
3
2
1
0
-1
-4
-2
-1
-2
-4
-3
-2
-1
0
1
2
0
4
2
3
4
2
4
5
4
0
2
1
0
2
5
3
-4
0
1
2
0
-3
3
2
-2
0
4
1
3
3
6
4
4
5
5
2
3
8
5
5
3
1
4
4
1
2
1
2
5
5
5
3
-3
-4
-2
-2
-3
4
3
-2
-1
1
0
-4
-2
0
-7
-1
4
-2
1
0
-5
-1
0
-2
0
-6
-4
2
-1
-2
-4
-7
-6
-3
-3
-5
-5
-8
-5
-6
-6
-6
-11
-10
-11
-12
-11
-9
-10
-4
1
0
-2
-1
6
1
1
-1
-4
1
2
3
5
9
6
6
11
8
7
3
6
10
4
-3
-5
0
3
2
-5
-5
-11
-11
-5
-4
-3
-9
-8
-4
-3
-6
-7
-2
-1
3
3
5
9
4
4
7
11
13
6
9
14
13
14
10
5
10
8
5
6
5
10
11
6
6
8
0
-5
-6
-7
-3
-9
-10
-5
1
-2
4
3
-7
-8
-10
-12
-12
-11
-14
-15
-14
-12
-10
-2
-1
-2
3
7
10
15
22
18
16
17
16
24
22
12
12
12
10
4
5
3
-7
-8
-10
-11
-12
-15
-18
-13
-9
-10
-7
0
3
6
5
-2
1
0
-4
-5
-6
-10
-15
-13
-3
0
-4
-14
-14
-8
-5
-4
-2
-2
-2
-1
2
5
0
-6
-11
-10
-6
-6
2
4
9
11
14
15
15
10
5
1
-2
0
-3
-7
-7
-7
-10
-11
-11
-7
1
-2
-1
-1
-1
-1
0
3
-5
-6
-10
-1
6
6
10
9
9
12
14
14
17
11
8
1
4
10
7
-1
-2
3
5
10
9
7
3
0
1
1
4
-6
-15
-12
-10
-14
-16
-15
-11
-13
-12
-2
3
2
-3
-1
1
-6
-9
-12
-9
-2
-9
-8
-4
0
-2
-6
-4
0
-2
-11
-17
-8
8
13
5
-5
-5
-2
1
5
15
20
10
-3
5
32
36
18
6
12
21
15
16
23
21
-4
-14
7
27
14
-14
-12
2
5
-4
11
28
20
-6
-4
18
17
0
-15
-7
-2
-19
-21
1
11
-9
-36
-28
-12
-12
-14
-22
-26
-44
-55
-54
-38
-27
-42
-44
-32
-14
-8
1
3
-6
-11
-4
-1
-14
-22
-17
-6
-15
-25
-12
0
-14
-36
-25
-1
5
-5
10
38
38
19
15
47
65
72
74
90
90
73
72
95
111
72
41
33
59
65
64
62
42
25
20
31
43
35
42
46
17
-19
-25
24
23
-25
-49
-24
-21
-50
-34
4
-22
-145
-195
-113
-21
-56
-136
-130
-109
-205
-355
-482
-694
-1084
-1359
-1149
-675
-417
-396
-124
455
764
560
404
696
947
666
329
532
985
1012
783
882
1096
822
169
16
402
563
219
-17
243
479
401
219
29
-516
-1340
-1493
-742
-51
-312
-968
-790
111
901
845
315
-282
-620
-367
141
418
-151
-753
-687
-35
435
298
29
-288
-469
-488
-137
199
-39
-602
-850
-431
152
440
423
136
-102
-108
211
222
-730
-1972
-2623
-2161
-1673
-1579
-1539
-1071
-261
361
1169
1816
2019
1474
1117
1508
2002
1908
1337
1186
1332
1379
1349
1578
1779
1486
1119
1414
2079
2330
1831
1114
118
-1390
-2939
-3745
-3738
-4102
-4967
-5448
-4403
-2361
-574
262
364
557
1265
2465
3276
3079
2169
1650
2019
2600
2448
1637
738
20
-725
-1475
-1991
-2485
-3164
-3974
-4146
-3496
-2346
-1290
-540
104
873
2068
3342
3998
3574
2598
2038
2010
1819
1016
-70
-807
-1450
-2154
-2988
-3417
-3550
-3887
-4237
-4096
-2740
-1254
-189
431
1504
2879
3681
4025
4084
4120
3417
2547
2225
2251
1687
476
1
386
727
577
659
1324
1601
1416
1403
1732
1179
-888
-2998
-4109
-4155
-4393
-4724
-4917
-4739
-3714
-1948
134
903
621
412
1297
2568
2995
2741
2337
2338
2423
2589
2590
2039
846
-613
-1685
-2346
-2827
-3350
-3912
-4263
-4158
-3247
-1673
-180
577
864
1599
2835
3809
3783
3050
2215
1671
1393
1230
860
-10
-894
-1377
-1589
-2477
-3655
-4372
-4603
-4927
-5066
-3886
-2132
-719
152
1796
3830
4817
4773
4618
4771
3898
2571
1928
1892
1233
11
-186
302
433
14
160
967
1273
1306
1647
2401
2602
2287
2083
1112
-818
-3096
-3919
-3879
-4396
-5564
-6553
-5845
-4197
-2079
-720
-195
148
970
2773
4016
4246
3532
3076
3244
3341
3097
2192
1286
258
-944
-2003
-2703
-2968
-3688
-4622
-5223
-4884
-3675
-2341
-1105
-369
410
1573
3161
4247
3971
2979
2294
2204
1986
1373
717
172
-452
-1087
-1578
-1903
-2792
-4296
-5647
-5913
-5112
-4244
-3348
-2157
-251
1863
3712
5201
5943
5781
4863
4194
3841
2932
1351
-35
-425
-502
-725
-814
-566
-265
-79
553
1711
2608
2885
3103
3821
4720
5026
4608
2835
60
-2874
-4548
-5002
-5863
-7457
-9302
-9112
-6936
-3721
-1340
-596
-213
681
2990
4880
5494
4633
3433
3209
3583
4131
3546
2323
834
-561
-1626
-2603
-3224
-4353
-5851
-7111
-7010
-5384
-3540
-2113
-1330
-276
1361
3528
5254
5435
4376
3296
3263
3614
3511
2552
1358
517
203
-36
-888
-2544
-4513
-6072
-7127
-7314
-6676
-5429
-4380
-2972
-441
2603
4761
5408
5670
5641
5214
4196
3279
2282
591
-889
-1173
-498
-559
-1074
-943
-201
429
857
1750
2511
2754
3127
4189
5603
5987
5910
6087
6384
5566
2643
-1220
-5628
-8268
-9186
-9434
-10968
-13125
-12206
-8351
-3008
-309
249
403
1908
4767
6318
6524
4993
4256
4717
5652
5948
4930
3975
2271
286
-2119
-4091
-5344
-6778
-8415
-10236
-10085
-7765
-4360
-1866
-864
338
2713
6025
7828
7407
5747
4534
4473
4735
4452
3154
1741
908
529
-158
-1335
-2967
-5137
-8209
-10809
-10841
-8959
-7471
-7192
-5121
-882
3371
5811
7116
8111
7465
5985
5084
5168
3721
552
-1098
-422
344
-524
-972
-603
-792
-1265
-583
936
1174
528
985
2994
4906
5672
6300
7135
7111
6867
6930
6978
4017
-1389
-6907
-10685
-11065
-10574
-10237
-12735
-13887
-11079
-4757
1314
2178
808
-453
2531
6428
8513
7900
5538
5426
6561
8431
7887
5748
2878
-595
-3221
-5563
-6626
-7885
-9139
-10634
-11489
-9590
-5797
-1838
-785
-1303
-542
2999
7168
8416
7074
5189
5052
6330
7556
6948
4377
1563
19
-625
-1792
-3762
-6451
-9290
-12296
-12973
-10674
-7666
-6684
-6623
-3354
1779
6087
7490
8024
8156
7203
6427
6317
6275
3486
-13
-1080
-92
-202
-2113
-3041
-3096
-3283
-3140
-1511
375
589
515
2084
4880
6512
6426
6531
7051
7520
7676
8112
8021
6376
4906
2992
-619
-6883
-11684
-11963
-10568
-11088
-15025
-16142
-12102
-4582
547
896
-23
490
4947
9233
10688
8243
5402
5771
7434
8185
5511
2391
327
-1186
-3452
-6619
-7880
-8364
-9212
-11363
-12476
-10516
-6619
-2669
-1193
-839
649
4988
9911
11484
9301
6425
6231
7520
7391
4917
1749
-179
-1167
-1836
-2794
-4298
-6680
-9983
-12321
-12651
-10798
-9089
-8195
-6557
-2735
2600
6507
8878
9835
9891
8895
7966
7566
5865
2548
-789
-1888
-1774
-2342
-3500
-4023
-3663
-3460
-2629
-600
1510
2169
2371
3904
6051
7335
7344
7337
7447
7858
8203
8634
8210
7076
5910
5440
4418
33
-6579
-13182
-14875
-13766
-12426
-14494
-17515
-15921
-9704
-1258
1953
1572
-223
1512
6434
9863
10261
6905
5559
6227
8139
8316
6133
4003
979
-1865
-5389
-7458
-8462
-9830
-11813
-14415
-14329
-11116
-5512
-1580
-839
-657
1988
7537
11352
11020
7789
5574
6102
7319
7587
5665
3163
1154
-239
-1049
-2462
-4499
-9332
-14311
-16312
-14121
-10925
-10067
-8699
-5577
15
4678
8563
10981
10713
8704
7344
8754
8608
5475
1579
272
432
-358
-1405
-2236
-3197
-4580
-4570
-2478
-290
407
813
2524
5159
7052
8380
9132
8999
8320
8237
8970
8741
7308
5427
4572
4148
3482
472
-5250
-12392
-16376
-15229
-12671
-13240
-17461
-18292
-13161
-3898
2228
3012
1327
1347
5577
9835
11658
9096
6137
5309
6308
7445
6353
4711
1950
-1005
-4520
-7310
-8009
-8433
-10007
-13941
-16048
-13569
-7318
-1888
-720
-1404
-127
5013
10384
11895
9105
5334
4523
6265
7667
6180
3150
865
-239
-625
-1282
-2464
-6215
-10871
-13588
-12208
-9572
-9013
-8925
-7276
-2737
1481
5325
7763
8340
7237
6632
8498
9439
7725
4239
2591
2380
1719
533
-668
-1635
-3081
-3359
-1743
444
1137
683
1231
2835
4399
5185
5464
5042
4225
4365
5821
7038
6699
5890
5997
6904
7129
6532
4284
-674
-8151
-13910
-14062
-11345
-10960
-15294
-18343
-15650
-7517
-215
1591
-976
-3791
-1688
3777
8612
8189
4831
3707
6310
10134
10795
9236
6334
3068
-952
-4713
-6390
-7568
-9637
-13546
-16226
-15292
-10697
-5082
-2481
-3041
-3832
-713
5300
9253
8281
4708
3656
6072
9073
9855
8357
6531
4627
3347
2310
1196
-1934
-7785
-12966
-14975
-12956
-11569
-11230
-10983
-8361
-3885
527
4875
6985
7601
6928
8438
11026
11817
9771
6675
5476
4767
3777
1802
-239
-2326
-4062
-4029
-2512
-1096
-1291
-1674
-526
1600
3373
4208
4772
5150
5425
6392
7954
9180
8776
7914
8078
8858
8708
7057
4093
-1402
-8919
-14157
-14041
-11559
-12937
-18352
-21350
-17251
-8605
-2553
-2001
-4714
-5637
-1984
4325
8571
7651
4982
5141
8784
12021
12024
10128
7619
4585
158
-3777
-5494
-6427
-9077
-13829
-16816
-15625
-10603
-5640
-4088
-5360
-5748
-1661
4560
8173
6646
3435
3250
6460
9771
10522
9334
7828
6331
4912
4123
3443
826
-5895
-12313
-14409
-11958
-10553
-11802
-12058
-9845
-5156
-858
4001
6742
6717
5696
7212
11177
12011
9575
6669
6312
6070
4598
3267
1833
-308
-3312
-4177
-2759
-1440
-2040
-3245
-2200
259
2648
4123
5361
5772
5544
6315
8487
9795
8788
6817
6521
7664
8330
7255
3492
-2602
-10164
-13819
-12663
-10522
-13549
-19989
-22007
-16869
-7883
-2965
-3117
-5969
-6254
-2005
4071
7943
6533
3923
3811
7191
10257
10692
9713
7579
4494
273
-1942
-1630
-1665
-5154
-10906
-13819
-11913
-6997
-3603
-3924
-6402
-7030
-3305
2096
4538
2354
-847
-776
2465
5953
7448
7578
6788
5889
5456
6498
7680
6048
194
-6814
-8990
-7061
-5201
-7491
-9894
-9726
-6864
-3093
256
2671
1771
418
1310
5732
8780
7845
5767
5103
5948
5800
5726
5119
2962
-224
-1737
20
1728
1365
-754
-1023
825
2927
3824
3805
3702
3044
3041
4151
5775
5896
4617
3968
5018
6683
7147
5062
434
-6044
-10308
-10153
-7891
-9009
-14831
-18721
-16508
-9055
-3970
-3722
-6479
-7783
-5063
-467
3556
3534
1955
1558
4074
7463
9147
9830
9183
7538
3990
1045
688
1174
-724
-6161
-10454
-10831
-7541
-4318
-3805
-5567
-7238
-5716
-1898
1201
728
-2045
-3221
-1353
2087
4447
5811
6494
6526
6381
6900
8676
8793
5275
-1185
-5001
-4412
-3081
-4619
-7561
-8015
-6965
-5058
-2814
-32
402
-1491
-2048
886
4944
5677
4414
3738
4537
5093
5545
6372
5554
2891
371
753
2407
2674
1225
-172
519
2005
3423
4132
4475
3986
2908
3321
4719
5501
4257
2799
2961
4362
5735
4588
848
-4644
-8436
-8477
-7002
-7926
-13110
-16913
-15550
-9856
-5463
-5054
-6330
-6722
-4219
-1011
1612
2248
1860
1903
2703
4424
5809
7326
8103
7211
4442
1660
1479
2379
1529
-2713
-7182
-8422
-6276
-3466
-2895
-4054
-5170
-4129
-1504
573
415
-1427
-2625
-2227
-691
872
2350
3789
4583
4593
4851
6438
7613
5697
1142
-2250
-2755
-2424
-3351
-4650
-4845
-4551
-3853
-2185
415
1277
-176
-1376
-95
2212
2938
2643
2397
2419
2332
3052
4461
4906
3590
1755
1347
2342
3269
2982
2120
1866
2241
3081
4197
5164
4977
3894
3630
4448
5452
5081
4048
3461
3754
4034
2410
-680
-5003
-7709
-8373
-7794
-8975
-12711
-14871
-13490
-8980
-6318
-6231
-7192
-6599
-3962
-1565
143
530
1173
2020
3245
4625
5444
6546
7228
7064
4940
2338
1576
2104
1867
-1266
-4775
-6049
-4404
-2142
-1744
-2591
-3740
-3313
-2001
-816
-933
-2376
-3305
-3211
-1919
-688
727
2401
3472
3753
3574
4353
4627
3343
947
-958
-1511
-2011
-2222
-2109
-1554
-1534
-1624
-564
975
1535
567
243
895
1538
1622
1761
2210
1952
1371
1351
2272
2971
2497
1557
1348
2153
2752
2936
3171
3398
3335
3311
4321
5619
6080
5645
5378
6083
6624
6225
5083
4407
3674
1223
-2709
-6632
-8211
-8405
-8432
-9971
-12465
-13516
-12166
-8644
-6375
-6378
-7992
-8174
-5715
-2579
-597
-372
319
1835
3794
5322
6196
7130
7310
6518
4515
2679
2203
2494
2243
29
-2609
-3905
-2763
-918
-483
-1683
-3405
-3625
-2752
-1677
-1609
-2468
-3357
-3747
-2980
-1559
90
1122
1220
1047
1180
1983
1893
1170
235
-281
-559
-760
51
854
1358
1010
987
1572
2351
2473
1828
1513
1370
1343
1341
1715
1847
1106
287
140
734
1297
1162
774
788
1458
1967
2394
2879
3242
3083
2894
3633
4640
5540
5716
5692
5849
6052
6111
5593
5017
3479
552
-3371
-6200
-6825
-6565
-6923
-9018
-10846
-10960
-9111
-7052
-6446
-7083
-8274
-8377
-7002
-4721
-2949
-2045
-1237
-9
1744
3448
4907
5901
5872
4871
3286
2619
3036
3439
2855
1251
-51
-503
85
706
673
-248
-1443
-2232
-2606
-2387
-2102
-2101
-2713
-3606
-3694
-2575
-736
345
146
-531
-626
-158
181
251
160
190
-7
96
1006
2472
3252
2629
1617
1434
2204
2832
2810
2195
1585
1379
1778
2571
2640
1658
358
-149
260
644
574
271
304
667
1196
1682
2262
2657
2490
2188
2286
3099
4086
4803
5099
5171
5272
5563
5792
5672
4465
1658
-2043
-4546
-4822
-4127
-4685
-7064
-9001
-8937
-7075
-5797
-5994
-6946
-7830
-8153
-7947
-6884
-5471
-4092
-3140
-2514
-1673
-183
2201
4183
4585
3263
1687
1758
3142
4223
3569
2104
1326
1611
2226
2424
2281
1654
765
-414
-1362
-1606
-1300
-1045
-1718
-2949
-3563
-2699
-884
109
-470
-1719
-1954
-1414
-1158
-1442
-1605
-1225
-990
-560
409
1982
3006
2789
1982
1605
1980
2428
2639
2499
2045
1630
1836
2696
3016
2107
749
15
302
683
670
457
549
970
1218
1408
1735
2142
2063
1784
1830
2383
3173
3827
4438
4770
4843
4731
4869
5123
4687
2690
-457
-2784
-3359
-2922
-3431
-5280
-7048
-7353
-6150
-5163
-5378
-6355
-6907
-6769
-6583
-6618
-6507
-5416
-3726
-2521
-2453
-2432
-998
1304
2674
2104
665
183
1274
2736
3030
2193
1683
2304
3274
3531
3063
2616
2619
2449
1418
27
-511
32
408
-363
-1590
-1991
-1166
-199
-346
-1405
-2182
-2070
-1878
-2159
-2670
-2659
-2154
-1429
-550
333
1160
1559
1719
1826
1862
1718
1741
2162
2518
2366
2028
2138
2419
2158
1349
562
374
569
818
1065
1218
1334
1289
1326
1474
1775
1926
1789
1694
1932
2603
3123
3470
3586
3495
3302
3164
3333
3618
3459
2112
-266
-2265
-2588
-1877
-1821
-3447
-5600
-6373
-5159
-3661
-3790
-5301
-6579
-6641
-6215
-6002
-6021
-5619
-4632
-3727
-3502
-3364
-2379
-492
909
687
-565
-1083
352
2556
3477
2563
1669
2212
3716
4503
3992
3132
2653
2579
2217
1656
1356
1366
1091
183
-720
-903
-371
-18
-518
-1545
-2014
-1470
-943
-1455
-2484
-2956
-2540
-1991
-1489
-754
44
517
466
589
1191
1929
2102
1859
1658
1712
1948
2235
2370
1793
738
115
502
1369
1862
1675
1307
1165
1348
1554
1702
1871
1814
1384
1144
1780
2898
3502
3189
2571
2279
2406
2670
2822
2822
2777
2122
624
-1128
-1834
-1287
-803
-1786
-4135
-5744
-5204
-3329
-2788
-4305
-6254
-6801
-5948
-5152
-5129
-5525
-5333
-4395
-3583
-3441
-3394
-2551
-1063
-143
-478
-1294
-776
1289
3333
3677
2879
2703
3564
4599
4652
4036
3454
3255
3022
2452
1870
1625
1530
965
-121
-1077
-1282
-709
-276
-673
-1391
-1491
-814
-655
-1390
-2265
-2484
-2259
-2109
-1810
-1180
-406
-95
40
512
1219
1446
1090
957
1236
1404
1171
988
1023
963
694
648
1103
1649
1858
1683
1565
1554
1487
1406
1557
1831
1741
1432
1515
2282
2902
2726
2127
1770
1909
2032
2109
2232
2511
2612
1977
684
-644
-1004
-700
-634
-1929
-4020
-5203
-4594
-3226
-3236
-4705
-6141
-6177
-5278
-4704
-4881
-5200
-4830
-4007
-3407
-3194
-2939
-2055
-1057
-467
-519
-571
375
1992
3269
3209
2727
2917
3798
4269
3689
2956
2808
3305
3276
2459
1572
1334
1561
1285
398
-489
-737
-466
-268
-386
-558
-368
-191
-680
-1824
-2720
-2673
-2331
-2301
-2498
-2182
-1248
-321
260
576
800
699
371
327
787
1121
809
389
422
846
1248
1526
1791
1754
1510
1491
1831
2152
1879
1317
1155
1645
2051
1888
1617
1799
2245
2208
1881
1778
2069
2446
2602
2775
3088
3028
2044
258
-1004
-930
-340
-744
-2625
-4518
-4941
-3719
-2692
-3336
-5228
-6615
-6338
-5329
-4695
-4891
-5205
-4895
-4175
-3536
-3150
-2508
-1586
-1092
-1296
-1425
-315
1753
3358
3322
2276
2214
3519
4907
4723
3440
2651
2945
3772
3918
3227
2248
1638
1315
793
217
-172
-222
-386
-835
-1181
-985
-265
-311
-1747
-3637
-4448
-3885
-3129
-2850
-2760
-2308
-1409
-344
730
1460
1408
478
-392
-175
737
1309
978
578
680
1126
1706
2157
2280
1794
1305
1385
1967
2348
2141
1869
1957
2384
2528
2354
2336
2441
2337
1977
1976
2477
2895
2979
2825
2934
2740
1705
-157
-1556
-1322
-574
-590
-2273
-4086
-4631
-3755
-2746
-3389
-5177
-6688
-6590
-5551
-4812
-4657
-4771
-4437
-4046
-3893
-3653
-2925
-1511
-837
-1095
-1433
-398
2076
3966
4117
2811
2342
3372
4786
5005
3932
3151
3120
3637
3725
3297
2717
1909
970
-209
-993
-986
-548
-466
-1280
-2063
-1942
-872
-447
-1838
-3991
-5209
-4454
-3218
-2577
-2446
-2216
-1478
-667
398
1204
1292
333
-664
-471
681
1735
1633
1215
1097
1410
1957
2502
2951
2671
1927
1538
1988
2816
3096
2839
2389
2264
2260
2314
2615
2851
2750
2150
1976
2605
3441
3636
3172
2188
746
-1105
-2128
-1311
220
324
-2153
-4738
-5080
-3179
-2023
-3359
-6033
-7828
-7439
-6009
-4705
-4363
-4574
-4672
-4565
-4182
-3542
-2602
-1541
-1173
-1453
-1566
30
3018
5229
4947
2876
2093
3395
5512
5942
4589
3240
2981
3675
3984
3665
2966
1854
291
-1345
-1856
-1141
-410
-957
-2745
-3679
-2869
-983
-703
-2652
-4901
-5624
-4265
-2677
-1651
-1635
-1896
-1704
-696
962
1907
1509
-19
-785
116
1607
2505
2136
1463
861
900
1885
3033
3544
2648
1601
1329
2503
3909
4261
3609
2562
2424
2769
3541
4032
3724
3043
2501
3038
3884
4411
3932
1931
-760
-3336
-3312
-1215
1060
670
-3122
-6395
-6818
-4054
-2513
-4054
-7229
-9250
-8268
-6101
-4079
-3738
-4328
-4899
-5101
-4013
-2349
-451
304
-456
-1188
-1040
1651
4890
6546
5077
2309
1747
3360
5696
5605
3936
2273
2125
3062
3241
2958
2032
625
-1349
-2919
-2515
-1122
-361
-1707
-3904
-4528
-3149
-1295
-1809
-3509
-4924
-4449
-2877
-1431
-441
-1003
-1933
-2489
-1053
1289
2648
1917
232
66
1280
2773
3103
2595
1710
712
849
2230
3842
3948
2384
1254
1801
3835
5071
4771
3584
2856
2875
3271
4322
5035
4853
3763
3216
3936
4879
4034
808
-3370
-4998
-3136
-14
897
-2027
-6024
-8144
-6584
-4294
-4165
-6590
-8980
-8911
-7223
-5069
-4028
-3991
-4480
-5220
-5026
-3334
-71
2556
2131
-200
-1607
622
4540
7064
6161
3347
2123
3143
5344
5757
4437
2414
1062
1144
1718
2274
1909
519
-1760
-3936
-3984
-2085
-294
-1151
-3880
-5352
-4433
-2437
-2351
-3644
-4465
-3535
-1691
-257
751
640
-498
-1768
-1098
1211
2843
2502
1230
1216
2201
2977
2928
2427
2028
1337
1164
2056
3603
3875
2326
903
1243
3275
4625
4783
4034
3394
3155
3310
4381
5418
5785
5021
4423
4692
4178
1708
-2415
-4227
-2406
409
634
-3308
-7046
-8283
-6598
-5247
-6263
-7924
-9006
-7831
-6513
-5583
-5426
-5679
-5492
-5675
-4922
-3161
-9
2835
2765
865
-645
1385
5146
7108
5941
3259
3004
4650
6299
5464
3195
1690
1094
1244
918
770
262
-1285
-3653
-5584
-4911
-2585
-1152
-2359
-4707
-5178
-3871
-2685
-3450
-4608
-4286
-2449
-276
903
1552
1179
218
-413
758
3139
4333
3661
2392
2434
3045
3202
2717
2203
1896
1577
1830
2814
3572
2833
1058
367
1624
3481
4168
3960
3748
3779
3559
3472
4247
5308
6055
5803
5560
4307
1463
-2406
-4018
-1180
2220
2013
-3536
-8658
-9367
-6578
-4685
-6540
-9165
-10046
-8097
-5779
-4899
-5188
-6138
-6442
-6212
-4809
-2063
989
3243
2511
402
-542
2092
6435
7987
6086
2971
3067
5397
6768
5003
1691
303
635
1390
1189
559
-269
-2411
-5151
-6810
-5543
-2793
-2088
-3810
-6013
-5515
-3701
-3069
-3875
-4627
-3235
-1260
519
1257
1255
664
-308
244
2254
4779
5330
4298
3520
3432
3704
3326
3229
3116
2670
2229
2620
3906
4105
2556
402
186
1950
3627
3979
3378
3224
2968
2832
3178
4288
5681
6002
5780
3784
762
-2831
-4034
-897
2778
3347
-2375
-8335
-9659
-6466
-3489
-5399
-8711
-10545
-8470
-5478
-4418
-4880
-6563
-6956
-6768
-4860
-1391
1677
3517
1910
-353
-1225
1647
6504
8357
6425
2483
2135
4920
7526
6525
2433
-32
-74
1373
1403
253
-1020
-3335
-5915
-7399
-5604
-2243
-1384
-4115
-7736
-7585
-4651
-3007
-4412
-5799
-4266
-1498
618
1332
1431
670
-435
116
3057
6323
6586
4280
2765
3746
4998
4690
3986
3981
3812
2857
2600
3563
4194
2773
847
866
2919
4881
4601
3664
3237
3437
3623
3937
5517
6276
6258
4580
1707
-1603
-4582
-2623
1479
4316
627
-7469
-11624
-9819
-4344
-4015
-7522
-10314
-9347
-5872
-4924
-5037
-6548
-6981
-6416
-5256
-1826
1206
3616
2499
-315
-1356
436
5755
8905
8447
4200
1473
3295
5891
6406
2638
-115
0
1843
2583
455
-1610
-3625
-5378
-6811
-6251
-3078
-1668
-3709
-7900
-8917
-5848
-3052
-3231
-5501
-4597
-1922
375
535
-162
-233
-833
137
2775
6484
7185
4497
2013
2151
4188
4570
3997
3808
3928
3451
2664
3424
4406
3746
1863
1544
3828
5824
5506
3592
3087
3821
4846
5418
6212
7016
6857
5288
2061
-1594
-4729
-3116
1328
4478
948
-7817
-12985
-11223
-5249
-3994
-7548
-10573
-9246
-5634
-4957
-6209
-7584
-7018
-5434
-4148
-1566
1289
3845
3233
130
-1417
474
5937
9414
8511
3953
1072
2767
5722
6227
2842
298
567
2034
1839
-832
-3142
-4397
-5235
-5999
-5346
-2570
-1214
-3547
-8039
-9178
-5842
-2339
-2911
-5712
-5292
-2031
929
313
-1367
-2056
-1286
786
3696
6305
5561
2524
613
2540
5585
5932
4320
3235
3523
3406
2709
2930
3591
3564
2273
2487
4448
6145
5177
2973
2973
4711
6982
7182
6906
6154
5865
4462
1774
-1660
-3687
-552
3556
5251
-908
-9579
-13202
-9442
-3418
-3761
-7978
-10837
-8665
-5874
-6290
-7726
-8128
-5949
-4123
-3234
-1615
403
2560
1145
-1180
-1292
2482
7961
9495
6847
1940
916
3534
6248
5600
2327
1113
1709
2264
656
-2381
-4020
-4439
-4422
-4607
-3904
-2186
-2843
-6240
-9863
-8632
-4135
-1495
-3694
-6792
-5248
-1228
1353
-346
-2201
-1949
-166
2387
4798
5968
3769
591
317
3956
7247
6165
3239
1682
2472
3174
2874
3151
3490
3335
2281
2795
4495
5221
3748
2433
3709
6099
7719
7453
6506
6103
5688
3902
1377
-1757
-1045
2305
5346
3793
-4353
-11238
-12214
-5773
-1263
-3239
-8308
-10616
-7814
-6211
-6617
-7995
-7192
-4519
-3509
-2778
-2060
-24
881
-750
-1395
402
5549
8841
8072
3495
-373
782
4396
7228
5244
2079
852
1431
1732
-476
-2883
-4001
-3960
-3825
-3906
-2756
-2346
-4542
-8629
-10125
-6112
-1428
-769
-5272
-7787
-5483
-1205
744
-900
-1727
-1312
650
2775
4615
4381
1550
-184
1545
5982
7639
5255
2151
1028
2208
3140
3914
4368
4142
2946
1846
2840
4288
4601
3191
3117
4857
6767
7438
6643
5800
5152
3943
1744
-828
-1872
1340
4862
5255
-862
-9218
-12115
-7706
-491
58
-4997
-9860
-9162
-5776
-4892
-5773
-6485
-4678
-2761
-2137
-1596
-768
475
-649
-2278
-1289
2870
7529
7686
4017
-851
-1352
2369
6343
6631
2931
303
-94
910
593
-1389
-2997
-3456
-3161
-3061
-2694
-1904
-2922
-6291
-9331
-7648
-2445
627
-2367
-7881
-8816
-4585
616
1221
-1030
-2887
-2509
-233
2472
4215
2812
313
-92
3284
6892
6643
3325
571
998
3143
4873
5467
4823
3460
1783
2065
4159
5696
5070
3550
3961
5505
6942
6749
5674
5359
4589
2625
-363
-2481
291
4331
5551
591
-7968
-11602
-8453
-1089
736
-3597
-8851
-9388
-5511
-3864
-4377
-5984
-4924
-2534
-1647
-1395
-1288
251
446
-991
-1002
1819
6723
7866
4629
-571
-2049
1725
5581
6470
2815
-40
-557
176
211
-1597
-2843
-3409
-3347
-3591
-3645
-2874
-3146
-5374
-8295
-7717
-3112
532
-1163
-7227
-9200
-5316
579
2404
-533
-2880
-3249
-673
2096
4007
3236
481
-394
1926
5845
6040
2941
123
582
3193
4743
5253
4539
3405
1937
1694
3797
5642
5519
3744
3523
5072
6384
6758
5804
5899
5594
3347
126
-3135
-1062
3744
6364
2933
-6206
-11658
-10045
-2451
1478
-2144
-8002
-10224
-6410
-3927
-4039
-5568
-5154
-2575
-1689
-1148
-834
830
1448
-294
-834
1320
6373
8437
5884
1024
-1676
1149
4972
6771
3884
341
-700
-172
322
-1484
-2956
-3661
-3599
-3854
-4309
-3521
-3330
-4898
-7880
-8107
-3956
114
-502
-6433
-9291
-5929
52
2878
115
-2647
-3589
-1502
1285
3441
3450
841
-606
945
5190
6177
3301
159
167
3134
4867
5258
4019
2574
1691
1713
3745
5395
5384
3709
3246
4678
5712
5921
5132
5338
5716
4188
1457
-2325
-3024
1106
5221
5291
-1860
-9602
-11248
-5990
577
105
-4894
-9310
-7704
-4384
-3567
-4220
-5011
-2989
-1857
-1319
-1136
-304
1273
448
-563
49
3938
7570
6926
3141
-991
-362
3556
6891
6088
1917
-323
-484
443
-81
-1561
-2287
-2830
-3097
-3904
-3671
-3021
-3973
-6648
-8526
-5804
-1286
268
-3557
-9512
-9768
-4345
1894
3095
-844
-4181
-4587
-1498
1886
3585
2405
72
182
2619
5565
4801
1814
4
1379
4679
6139
5685
3575
2149
1988
3161
5382
6018
5102
3492
3517
4903
5540
5829
5084
5225
4672
2252
-777
-3716
-1082
3286
5123
1051
-7292
-10772
-8404
-1724
535
-3048
-7353
-8534
-5028
-3620
-3624
-4753
-4121
-1622
-1103
-617
-901
559
1157
191
286
2133
6346
7343
4882
758
-949
2085
5262
6404
3471
685
20
150
343
-1211
-1906
-2371
-2740
-3388
-4057
-3241
-3365
-4922
-7338
-7055
-3206
-169
-929
-5824
-9744
-7906
-1912
2831
2081
-2259
-5267
-4277
-384
2570
2680
690
-435
740
2819
3928
2649
677
353
2339
4921
5590
4221
1957
1136
2709
5213
6670
5941
4393
3628
4445
5792
6424
6395
5752
5678
4928
2592
-833
-3573
-1260
3427
5630
840
-7970
-11740
-8386
-1666
-161
-4161
-8313
-8689
-5638
-4394
-4348
-4645
-3401
-1736
-1716
-1121
-258
1558
1658
269
193
2684
7157
8095
4961
309
-768
2975
6554
6942
3106
61
-283
437
385
-1228
-1792
-2235
-2752
-3637
-3744
-2675
-3077
-5271
-7674
-6449
-2209
428
-1335
-6170
-9227
-7232
-1363
3200
2504
-2314
-6016
-4896
-505
2810
2488
233
-651
574
2144
2695
2019
902
621
1825
4055
5080
4012
1724
632
2376
5199
6821
5870
4066
3379
4344
5978
6568
6452
5568
5531
5430
3531
511
-2828
-1530
2879
5625
2212
-6334
-10985
-8782
-2406
-255
-3755
-7810
-8940
-6306
-5093
-4951
-4974
-4030
-2518
-2938
-2466
-1258
903
1247
-254
-314
2167
6922
8189
5204
645
-359
3611
7274
7665
4026
860
590
1448
1570
-102
-1161
-1793
-2455
-3077
-3210
-2439
-3299
-5709
-7858
-6622
-2454
52
-1649
-6285
-9072
-7194
-1985
2117
1785
-1881
-4839
-4011
-643
2114
2292
861
343
1033
2091
2556
2183
1231
628
1358
3126
4424
3581
1377
-134
906
3888
5624
5040
3077
2252
3392
5229
6319
5831
5366
5230
5880
5266
2905
-331
-2048
1100
5394
6129
-119
-8058
-10045
-5315
299
-228
-5028
-8792
-8316
-5963
-5320
-5169
-4859
-3997
-3915
-4274
-2909
-991
334
-692
-1640
39
4132
7359
6102
2259
-378
1522
5947
8374
6702
2806
1031
1757
2444
1575
33
-626
-1098
-1667
-2385
-2525
-2665
-4383
-6670
-7056
-4212
-1085
-1214
-4504
-7620
-8205
-5556
-1092
1639
787
-2748
-5070
-3617
67
2538
1963
623
608
1810
2639
2617
2239
1264
1031
2140
4178
4620
2624
396
210
2836
5063
5037
3344
2447
3209
4269
5216
5242
5198
4741
4926
5497
4220
1499
-2116
-1517
2962
6517
3959
-4510
-9739
-7974
-1798
673
-2429
-6567
-8245
-6297
-5000
-4632
-4609
-4375
-3837
-4266
-3279
-1746
-246
-369
-1479
-885
1430
5309
6245
3787
399
-110
3400
6707
7147
4120
1481
1269
2102
1992
510
-37
-246
-856
-1961
-2638
-2214
-2831
-4666
-6299
-5146
-2105
-852
-2906
-5907
-6864
-5917
-3445
-907
588
-313
-3084
-4357
-2567
723
2213
1281
501
1384
2535
2212
1523
1310
1706
2259
2971
3755
3067
1461
338
1411
3692
4839
4036
2528
2451
3339
4116
4529
4644
4802
4689
5219
5572
3950
615
-2778
-1307
3658
7094
3720
-4972
-9997
-7904
-1518
902
-2125
-6576
-8237
-6215
-4801
-4485
-4880
-4722
-4074
-4066
-3065
-1720
-274
-389
-1519
-1207
1220
5343
6346
3898
449
118
3780
7017
7185
3952
1390
1364
2210
2047
665
77
-416
-1369
-2462
-2887
-2233
-2878
-4763
-6434
-5384
-2491
-1378
-2875
-5468
-6297
-5670
-3582
-572
1168
379
-2634
-3908
-2056
1071
2483
1754
1749
2290
2397
1270
1152
2421
2960
2518
1880
2430
2431
1541
680
1241
3045
3855
3373
2357
2597
3354
3635
4076
4383
5109
5358
5758
5595
3291
246
-2379
-385
4247
6998
3371
-5358
-10226
-8332
-1939
781
-2083
-6557
-8695
-6837
-5433
-5130
-5530
-5199
-4118
-3906
-2664
-1427
-277
-690
-1945
-1093
1970
6489
7182
4030
325
277
4402
7596
7560
4075
1515
1692
2627
2264
303
-621
-934
-1473
-2292
-2898
-2627
-3401
-5353
-6995
-5816
-2470
-1086
-2811
-5809
-6431
-5163
-3186
-777
673
691
-1315
-2738
-1964
508
2580
2749
2737
2387
1910
1090
1372
2843
2890
1948
1154
2016
2665
1851
788
735
2235
3124
3027
2531
2685
3395
3345
3615
4164
5097
5713
5684
5687
3964
1472
-1337
-1271
2686
6197
5251
-2373
-9367
-10091
-4628
536
-409
-4885
-8906
-8469
-6455
-5577
-5394
-5425
-4242
-3776
-3194
-2183
-1226
-695
-1690
-1312
1226
5615
7749
5257
1366
-80
3277
7301
8490
6122
3022
2171
2329
2104
815
66
80
-491
-1623
-2871
-2970
-3312
-5038
-6892
-6526
-3203
-1050
-2543
-5952
-7218
-5318
-3394
-2200
-953
616
660
-1735
-3300
-1802
1625
3378
3013
2517
2251
1794
1057
1583
2723
2775
1939
1647
2480
2482
1191
88
589
2301
3094
3248
3163
3129
2684
2075
3078
4828
6392
6203
5225
4806
3725
1875
-973
-1116
2744
6529
5426
-2759
-10216
-10682
-4264
1469
-277
-5943
-10303
-9077
-6353
-5556
-5934
-6133
-4332
-3585
-3326
-2909
-1761
-616
-1358
-896
1842
6580
8406
5102
745
-124
4408
8928
9633
6416
2900
1882
2046
2265
1466
773
381
-597
-1986
-3459
-3773
-4156
-5496
-6824
-6169
-3105
-1449
-3481
-7191
-8006
-4948
-2014
-1558
-1659
-511
528
-715
-2371
-1595
1344
3548
3514
2960
2279
1409
544
1200
3181
3795
2646
1594
1821
1819
553
-137
1172
3530
4259
3195
2264
2318
2880
3044
3920
5560
6417
5670
4450
4570
5066
3479
301
-2016
-42
4335
5620
777
-7621
-11483
-8392
-1871
398
-3691
-9113
-10954
-8392
-6305
-5968
-5959
-4952
-3548
-3628
-3548
-2535
-768
-49
-468
1172
4682
7731
6420
2666
940
3257
7692
9426
7721
4170
2131
1881
2126
2244
1767
1176
-279
-2161
-3627
-4031
-3494
-4047
-5514
-6409
-5027
-2824
-2921
-5434
-7600
-5998
-2282
-6
-1246
-3103
-2409
-306
1064
673
361
813
1471
2096
2801
3201
2113
667
738
2766
4156
2775
703
-23
960
1844
2249
2735
2842
2341
1661
2212
3602
4497
4247
3833
4327
5060
4977
4539
4309
4586
4502
3045
791
-1710
-1400
1250
3036
428
-6208
-10232
-8643
-3374
-1619
-5165
-9175
-9801
-7271
-6138
-6054
-5553
-4194
-3424
-4244
-3591
-1102
1730
1717
25
765
3982
7298
6833
4216
2546
3759
6615
7559
6236
3631
2538
2553
2399
1613
303
-352
-1325
-2682
-3870
-3907
-3145
-3928
-5933
-7159
-5702
-3348
-3189
-5116
-6414
-4374
-1331
-404
-2540
-4048
-1763
1914
3544
1473
-764
-590
1467
3380
3666
3093
1730
675
731
2047
3137
2253
865
325
1208
1921
1865
1666
1402
1641
2171
3391
4169
3856
3002
2903
4282
5327
5182
4261
3971
4552
4650
4525
3343
1196
-1748
-3498
-887
2993
3504
-2966
-10815
-12144
-6448
-471
-1733
-7053
-10624
-9071
-5710
-4595
-4727
-4944
-3876
-3039
-2085
-377
1010
1385
11
278
3034
6788
8089
5317
2028
1250
4328
7336
7464
4753
2015
1524
1724
1415
59
-800
-1047
-1959
-3339
-4194
-3648
-3583
-5250
-7147
-6719
-3838
-2098
-3291
-5710
-5809
-3135
-639
-486
-1834
-2244
-636
1748
2924
2083
294
-389
956
3310
4420
3394
1369
506
1363
2700
2905
2021
1145
947
1336
1836
2178
2057
1568
1094
1525
2661
3551
3514
2924
2888
3465
3939
3718
3249
3283
3695
4024
3609
3336
2663
681
-2528
-4680
-1780
3255
4700
-1808
-10662
-12586
-6384
795
246
-5400
-9430
-8097
-4972
-4269
-4457
-4074
-2618
-2412
-2609
-1289
599
1344
-590
-1183
1668
6303
8106
4754
511
-612
2957
6644
7124
4407
1451
751
743
644
-133
-388
-488
-1619
-3106
-3971
-3308
-3187
-4643
-6102
-5303
-2461
-1403
-3180
-5715
-5287
-2166
224
99
-1924
-2559
-1078
1537
3053
2311
553
-362
1155
3585
4662
3266
1033
408
1577
3081
3016
1797
676
363
739
1135
1541
1440
858
369
748
1821
2394
2188
1776
2264
3357
3874
3378
2646
2798
3772
4397
4277
3705
3616
3603
2069
-866
-3322
-1358
3458
5606
718
-8014
-11388
-6882
179
1083
-3872
-8366
-8632
-6185
-5347
-5095
-4402
-3266
-3253
-4207
-3255
-1129
348
-875
-2044
-20
4080
6738
4639
760
-1071
1330
5332
6926
5431
2458
1043
811
938
907
1061
1403
272
-1859
-3234
-2413
-1239
-2394
-4953
-5770
-3249
-758
-1438
-4495
-6271
-4596
-1662
20
-523
-1926
-2601
-1632
556
2060
1799
553
482
1871
3095
2869
1868
1508
1886
2338
2490
2449
1952
905
-24
237
1441
2072
1299
93
124
1231
1762
1155
774
1810
3401
3686
2679
2028
2662
3835
4222
3922
3634
3698
3932
4204
4557
3393
410
-3138
-3131
1597
5750
3808
-4792
-11104
-9490
-2620
1114
-2149
-7183
-9527
-7975
-6326
-5480
-4797
-4497
-4717
-5621
-4599
-2151
-340
-1068
-2981
-1989
1804
5902
5950
2566
-309
450
4513
7395
7325
4591
2463
1914
2289
2806
2692
2316
744
-1156
-2138
-1551
-911
-2405
-4971
-5925
-4022
-1868
-2353
-4836
-6374
-5194
-3051
-1606
-1222
-1540
-2248
-2604
-1053
1637
2990
1811
310
963
2936
3845
3076
2370
2633
3061
3026
2664
2436
1860
1010
686
1171
1857
1556
718
405
975
1297
674
141
860
2445
3153
2826
2373
2459
2758
3029
3811
4524
4384
3281
2748
3631
4801
4819
2578
-640
-3554
-3246
709
4157
2123
-6222
-12397
-10491
-3110
206
-4267
-10056
-11210
-7852
-5838
-5974
-6118
-5141
-4491
-5033
-3957
-1250
1000
111
-1669
-275
3930
7560
6787
3554
1398
2565
5757
7709
7288
4698
2592
1640
1830
2129
1713
843
-1145
-2931
-3356
-2043
-1394
-3819
-7305
-7857
-4278
-1035
-1772
-5150
-6899
-5441
-2770
-459
653
334
-1479
-2412
-359
3276
4883
3174
1419
2080
4118
4690
3608
2803
3083
3615
3434
3033
2562
1590
242
-260
839
1984
1493
-251
-1203
-614
258
541
470
697
1029
1125
1392
1986
2554
2692
2649
3185
3947
4239
3668
2879
2545
2586
2920
3023
3143
2461
459
-2708
-5426
-4534
-698
2268
-412
-7343
-11711
-9853
-4495
-2410
-4416
-7010
-7358
-6273
-5841
-5181
-4088
-2814
-2594
-2247
-623
1015
1271
-170
-357
1646
4574
6052
5298
3704
2316
2271
3166
4560
5020
4013
2316
863
396
36
-228
-670
-1186
-1789
-2505
-2731
-2979
-3490
-4326
-4521
-3572
-2334
-1882
-2601
-3168
-2881
-1728
-466
265
599
770
1191
1665
2129
2579
3110
3496
3467
3267
3209
3423
3469
3123
2457
1979
1980
1935
1444
559
16
115
282
71
-449
-702
-643
-564
-494
-101
590
835
428
-56
280
1240
2042
2397
2454
2538
2461
2282
2112
1793
1344
1372
2534
3737
3331
974
-1401
-2697
-3643
-3281
-887
2354
1344
-5395
-11421
-10331
-3374
443
-2291
-6858
-7726
-5758
-4780
-4409
-3203
-1632
-2088
-2978
-1618
847
1280
-920
-1273
1859
5346
5611
3296
1716
1707
2532
3470
4775
5111
3572
1317
413
1271
1561
701
-370
-454
-306
-1037
-2038
-2523
-2501
-2674
-2639
-2006
-1205
-1386
-2501
-2949
-2213
-783
64
236
430
630
721
477
710
1587
2585
2848
2386
2017
1837
1969
1969
2116
2206
1884
1279
611
402
420
432
182
-273
-746
-1002
-891
-601
-444
-654
-868
-647
-21
478
468
190
291
889
1622
2125
2217
2108
1798
1588
1868
2624
3199
2665
1264
170
453
1520
1842
782
-988
-2179
-2913
-3175
-2736
-1756
-1390
-3210
-5549
-6197
-4572
-2909
-3034
-3839
-4100
-3513
-3046
-2391
-1501
-979
-1165
-1284
51
1649
2025
1110
774
1956
3210
3509
2915
2574
2398
2225
2330
2816
3090
2168
829
232
825
1253
568
-646
-1410
-1278
-1003
-1028
-1389
-1872
-2240
-2285
-1899
-1399
-1188
-1457
-1778
-1612
-890
-24
236
-175
-584
-280
616
1285
1234
885
828
1190
1556
1466
1135
818
851
1043
1080
922
551
260
90
-11
-153
-350
-443
-476
-445
-417
-424
-611
-914
-870
-394
216
258
-181
-443
-156
575
1071
1062
807
771
1117
1496
1623
1592
1661
1743
1605
1425
1448
1637
1610
1423
1381
1402
986
-37
-1021
-1373
-810
213
688
-366
-2581
-4111
-3533
-1582
-496
-1123
-2363
-2895
-2649
-2185
-1615
-988
-764
-1009
-947
-204
399
77
-504
-144
1211
2294
2240
1430
619
421
895
1696
2132
1766
929
350
320
369
123
-354
-598
-605
-706
-997
-1339
-1605
-1946
-2187
-2024
-1426
-986
-1180
-1572
-1623
-1311
-1237
-1233
-511
528
817
-133
-889
-363
716
1229
945
714
597
406
190
387
787
661
69
-331
-74
102
-335
-1072
-1139
-464
63
-83
-705
-1039
-936
-420
226
753
841
500
396
754
1420
1837
2023
2172
2388
2531
2478
2461
2507
2746
2905
2953
2757
2388
2025
1744
1706
1727
1891
1767
887
-397
-1074
-560
-149
-782
-1707
-1733
-1268
-2021
-3415
-3733
-2533
-1639
-2231
-2953
-2783
-2218
-2369
-2417
-1591
-696
-876
-1647
-1289
-59
648
204
-289
188
898
1122
980
1077
1235
896
400
592
1420
1669
875
-207
-408
79
254
-187
-792
-1004
-1081
-1309
-1562
-1583
-1598
-1840
-2116
-2000
-1574
-1558
-1910
-2072
-1653
-1089
-1049
-1262
-1264
-769
-237
-22
65
234
389
366
544
1116
1815
1861
1357
1081
1352
1882
2007
1771
1562
1583
1633
1561
1414
1310
1173
977
969
1099
1283
1242
988
650
332
378
779
1309
1525
1351
957
685
701
927
1313
1616
1815
1714
1352
976
863
1104
1368
1446
1248
952
473
-87
-358
-190
6
-692
-1781
-2097
-1406
-989
-1886
-3055
-3368
-2840
-2387
-2265
-2124
-2260
-2809
-3182
-2605
-1549
-1099
-1419
-1616
-1146
-669
-611
-674
-274
443
799
688
427
291
229
289
584
988
969
355
-363
-582
-305
-215
-547
-922
-978
-936
-1161
-1553
-1659
-1479
-1339
-1308
-1149
-730
-604
-1041
-1427
-862
411
1097
721
185
447
1094
1428
1484
1746
2169
2226
1963
1857
2056
2236
2174
1999
1956
1851
1578
1293
1176
1153
952
722
596
513
317
78
63
200
226
13
-219
-312
-292
-152
62
366
462
215
-150
-261
154
777
1175
1080
779
598
680
886
1049
1231
1293
1196
895
668
696
729
485
-7
-192
44
97
-577
-1638
-2100
-1706
-1209
-1409
-2141
-2778
-3008
-2994
-2877
-2577
-2361
-2456
-2729
-2739
-2478
-2232
-2064
-1723
-1136
-716
-639
-722
-585
-181
280
671
1006
1192
1074
867
862
1147
1405
1433
1351
1231
1122
854
513
356
452
604
395
-15
-322
-305
-251
-336
-348
-344
-331
-462
-379
41
332
249
-22
191
798
1207
1142
877
898
1140
1451
1613
1647
1522
1268
1066
973
1069
1037
776
439
232
173
-62
-509
-848
-836
-605
-505
-702
-1053
-1326
-1385
-1186
-851
-541
-352
-294
-292
-268
-190
6
316
724
1114
1233
1103
873
831
1073
1408
1631
1569
1318
1017
785
682
721
734
469
62
-220
-212
-228
-728
-1516
-2035
-1746
-1048
-894
-1510
-2341
-2668
-2474
-2008
-1481
-1158
-1309
-1797
-1988
-1564
-874
-564
-594
-472
-110
162
133
123
352
645
881
1169
1432
1354
985
751
992
1412
1590
1438
1107
807
576
610
809
857
576
143
8
132
226
28
-263
-431
-449
-340
-272
-259
-464
-728
-886
-742
-370
-184
-328
-724
-883
-672
-266
-47
-102
-235
-325
-207
-111
-46
-66
-62
27
79
90
30
-46
-149
-144
42
309
374
120
-221
-292
-16
328
444
313
159
127
184
192
210
314
515
705
778
807
803
747
729
890
1221
1409
1306
1081
994
1084
1120
997
828
749
702
559
385
159
-222
-607
-709
-457
-380
-800
-1368
-1631
-1576
-1474
-1408
-1335
-1296
-1357
-1357
-1230
-1103
-1036
-873
-440
51
269
231
196
318
569
855
1168
1380
1325
1067
840
845
969
925
718
498
356
184
-155
-549
-811
-916
-951
-977
-1076
-1258
-1660
-2093
-2202
-1900
-1425
-1270
-1417
-1648
-1702
-1476
-1039
-575
-372
-341
-279
-41
281
540
686
677
753
956
1219
1322
1138
874
699
770
985
1089
897
490
127
42
234
402
305
-70
-342
-229
41
193
96
-22
15
184
417
576
661
687
744
912
1180
1429
1491
1416
1405
1547
1679
1613
1475
1448
1506
1459
1237
1003
807
593
358
240
262
144
-222
-662
-898
-920
-884
-912
-1095
-1311
-1444
-1389
-1304
-1341
-1424
-1426
-1250
-1045
-917
-953
-1039
-997
-770
-478
-389
-484
-584
-525
-374
-287
-286
-351
-443
-566
-630
-584
-520
-574
-737
-814
-762
-737
-855
-957
-872
-690
-599
-655
-717
-718
-618
-428
-221
-112
-104
-93
-35
102
292
505
634
644
636
684
809
919
993
1043
1056
1042
1004
987
977
951
872
788
761
805
819
686
479
366
390
438
462
519
578
543
392
263
305
502
701
740
636
570
634
726
768
750
724
758
837
891
819
649
513
478
497
463
340
152
-41
-170
-285
-357
-441
-571
-753
-905
-945
-992
-1119
-1271
-1320
-1317
-1355
-1413
-1420
-1407
-1438
-1464
-1392
-1227
-1123
-1128
-1138
-1036
-862
-724
-656
-607
-506
-403
-316
-245
-194
-154
-116
-79
-41
-34
-54
-67
-76
-70
-88
-89
-53
-23
-50
-127
-133
-52
37
64
66
141
241
296
314
379
489
570
670
813
970
1050
1025
1038
1133
1293
1383
1362
1298
1248
1221
1175
1090
1049
1102
1114
958
637
409
412
521
526
376
192
36
-73
-130
-84
-50
-130
-256
-311
-232
-210
-278
-357
-346
-239
-149
-88
-144
-311
-492
-539
-388
-189
-128
-305
-579
-774
-768
-600
-495
-560
-753
-868
-815
-733
-700
-750
-794
-773
-682
-549
-504
-569
-649
-632
-505
-345
-260
-284
-365
-420
-372
-257
-149
-142
-262
-335
-230
-56
-28
-192
-318
-276
-163
-66
-41
-60
-128
-172
-103
50
186
207
165
141
254
434
577
619
571
630
766
920
991
952
924
972
1140
1261
1254
1147
1049
1004
962
974
1008
1063
965
750
546
443
450
427
405
325
181
6
-121
-170
-199
-228
-274
-317
-382
-466
-528
-581
-599
-595
-570
-558
-564
-628
-742
-790
-739
-629
-593
-618
-667
-715
-736
-714
-642
-568
-536
-527
-528
-542
-530
-468
-346
-236
-198
-206
-198
-145
-43
40
83
118
145
153
143
172
240
275
235
203
227
220
149
79
85
95
45
-30
-91
-120
-167
-206
-221
-221
-203
-177
-149
-147
-140
-103
-21
75
158
232
301
366
393
428
510
635
731
741
723
739
796
852
863
788
681
656
723
759
655
500
396
345
296
239
196
116
14
-78
-123
-148
-216
-287
-313
-293
-285
-348
-446
-485
-440
-346
-302
-374
-501
-591
-592
-526
-493
-511
-573
-639
-669
-679
-682
-722
-776
-760
-675
-601
-622
-746
-827
-736
-524
-359
-340
-399
-398
-319
-179
21
203
281
253
278
433
589
635
614
634
730
834
871
823
708
616
619
706
780
725
577
437
348
313
333
376
365
267
138
90
75
51
28
11
19
40
61
30
-56
-117
-88
-3
65
71
25
-26
-77
-82
-23
74
109
20
-105
-139
-70
-19
-37
-73
-76
-65
-75
-108
-149
-168
-162
-147
-131
-126
-124
-159
-222
-271
-286
-247
-214
-212
-279
-369
-420
-400
-337
-347
-412
-496
-510
-468
-444
-453
-499
-519
-517
-463
-406
-395
-411
-408
-342
-282
-237
-213
-152
-68
-9
17
35
142
234
274
265
277
353
432
514
544
543
522
515
560
605
650
654
630
612
602
605
596
600
603
596
583
573
574
536
468
435
463
515
493
389
301
267
275
263
221
156
84
26
-23
-58
-119
-191
-261
-314
-346
-392
-459
-558
-627
-635
-588
-533
-561
-654
-741
-726
-627
-528
-472
-476
-484
-489
-469
-413
-345
-297
-274
-230
-200
-214
-269
-286
-248
-217
-212
-200
-196
-251
-341
-373
-299
-220
-207
-244
-273
-269
-254
-197
-134
-72
-24
32
83
103
124
156
252
370
452
477
466
461
456
473
508
553
574
517
415
331
337
384
385
317
229
201
192
162
114
90
108
151
191
197
178
147
139
193
284
349
351
347
358
385
413
430
428
397
371
373
363
328
279
216
139
61
6
-31
-96
-189
-284
-345
-376
-430
-509
-572
-586
-578
-582
-614
-649
-676
-685
-649
-597
-549
-539
-564
-558
-509
-447
-409
-379
-340
-287
-260
-268
-253
-205
-139
-113
-113
-118
-108
-80
-59
-34
-23
-10
7
46
88
95
83
85
151
234
283
291
312
348
360
360
391
462
528
554
524
485
479
494
511
504
483
457
438
415
357
273
207
203
216
196
110
7
-63
-96
-95
-89
-95
-118
-168
-201
-200
-178
-157
-144
-122
-102
-97
-109
-100
-74
-36
-4
3
-2
3
19
7
-19
-46
-31
2
4
-34
-91
-145
-207
-228
-193
-155
-182
-282
-360
-363
-319
-271
-278
-321
-359
-346
-299
-272
-276
-291
-259
-193
-134
-133
-171
-175
-148
-79
-15
30
41
15
-7
3
47
102
136
130
115
117
143
157
147
145
162
209
244
245
227
209
211
241
271
289
293
291
265
239
253
274
265
228
218
213
183
143
126
122
93
66
51
42
5
-51
-83
-86
-77
-80
-96
-117
-136
-162
-166
-129
-101
-99
-132
-148
-112
-86
-77
-87
-103
-95
-76
-59
-80
-122
-142
-127
-99
-120
-151
-174
-187
-192
-178
-156
-176
-217
-233
-206
-168
-146
-152
-160
-132
-85
-53
-41
-29
0
56
106
129
147
162
168
180
209
254
273
251
218
191
193
214
223
197
150
134
149
141
92
55
47
60
74
71
47
23
6
19
43
63
65
45
37
31
44
70
91
96
62
30
16
20
9
-10
-14
-17
-47
-109
-143
-150
-138
-147
-175
-188
-225
-247
-241
-211
-192
-195
-216
-235
-214
-168
-129
-130
-136
-121
-86
-60
-61
-58
-41
-20
-17
-19
-9
-10
-36
-64
-54
-33
-20
-43
-80
-108
-143
-136
-92
-53
-67
-117
-139
-123
-89
-63
-26
11
26
25
41
69
97
142
203
262
279
274
273
286
325
376
420
447
455
427
379
359
378
405
403
386
362
326
266
219
201
202
189
156
115
63
19
-13
-35
-51
-73
-95
-126
-158
-192
-218
-219
-207
-195
-214
-245
-262
-274
-271
-257
-245
-249
-272
-288
-280
-266
-261
-261
-262
-263
-264
-252
-240
-247
-254
-253
-224
-193
-181
-189
-201
-191
-169
-144
-122
-95
-72
-69
-79
-71
-40
-12
9
21
33
38
43
50
61
84
101
111
111
89
91
98
107
111
111
119
128
134
119
104
106
134
170
185
170
141
138
163
190
204
205
210
214
217
223
245
272
268
241
244
284
312
293
248
222
236
259
286
265
183
123
118
165
180
129
58
4
-9
-17
-47
-92
-130
-153
-175
-198
-218
-251
-305
-336
-329
-314
-326
-355
-386
-403
-395
-361
-323
-311
-333
-352
-341
-305
-259
-225
-209
-194
-185
-174
-155
-128
-105
-79
-58
-41
-20
-11
-5
-4
4
27
56
73
71
44
22
28
55
86
103
101
90
79
77
91
104
127
154
163
152
145
155
166
172
189
211
218
199
173
179
210
220
210
182
162
163
163
149
127
117
119
109
83
62
55
45
31
29
43
55
39
8
0
17
36
56
58
55
52
43
41
44
46
44
49
34
12
-7
-25
-50
-75
-87
-101
-123
-156
-190
-216
-241
-265
-285
-293
-298
-306
-314
-317
-322
-329
-314
-279
-240
-231
-227
-208
-182
-151
-123
-81
-43
-24
-20
-20
-6
24
46
59
70
74
73
59
47
39
43
54
56
60
55
43
34
32
42
54
65
81
105
113
106
103
132
172
191
205
206
210
213
215
225
220
217
222
229
213
170
136
119
116
118
113
82
36
4
-18
-26
-27
-36
-50
-63
-76
-85
-98
-102
-98
-87
-69
-55
-50
-68
-82
-80
-60
-32
-5
-6
-32
-56
-59
-36
-17
-14
-25
-44
-51
-60
-61
-60
-69
-68
-67
-66
-69
-80
-95
-104
-98
-81
-56
-51
-69
-90
-90
-73
-48
-34
-35
-36
-44
-40
-33
-21
-12
-7
-7
-11
-9
-8
-6
-12
-16
-3
10
14
-1
-17
-14
0
21
21
20
20
26
27
22
39
60
75
83
79
80
87
96
109
125
135
140
146
149
142
129
129
144
156
140
110
96
87
86
79
63
39
9
-10
-19
-31
-41
-62
-91
-112
-128
-135
-142
-155
-169
-173
-163
-167
-187
-193
-183
-168
-160
-146
-125
-119
-119
-127
-112
-83
-53
-34
-22
-13
-10
-8
3
35
64
77
74
67
70
78
93
112
120
116
108
104
106
108
112
104
107
114
94
78
67
67
77
70
64
50
32
24
23
28
12
0
2
5
-7
-15
-19
-20
-18
-22
-20
-19
-17
-16
-14
-2
1
-2
-8
-13
-7
-12
-6
10
16
9
-13
-18
-5
-2
-7
-13
-18
-23
-24
-19
-24
-37
-48
-48
-38
-34
-40
-52
-62
-60
-48
-41
-40
-54
-66
-71
-77
-61
-49
-55
-71
-83
-77
-71
-70
-71
-81
-88
-90
-78
-61
-65
-76
-85
-65
-34
-20
-28
-44
-35
2
37
51
46
42
51
72
104
125
125
118
118
133
157
171
168
149
132
137
150
155
137
113
100
98
105
98
71
49
44
52
52
30
13
5
2
4
7
6
0
-16
-27
-20
-7
-4
-14
-20
-17
-20
-25
-30
-37
-38
-43
-42
-43
-51
-64
-74
-78
-82
-81
-76
-80
-95
-100
-92
-87
-96
-98
-87
-71
-65
-68
-67
-62
-58
-51
-36
-22
-22
-30
-30
-16
-2
-4
-13
-13
-6
3
-2
-9
-15
-15
-9
-4
-9
-16
-15
-15
-13
-13
-4
1
1
2
8
20
23
18
23
40
55
58
54
49
49
64
76
82
84
77
71
72
74
74
73
70
72
77
71
59
56
56
54
55
56
54
46
35
34
41
43
40
34
28
21
12
8
12
19
14
-4
-17
-27
-27
-31
-40
-43
-50
-59
-67
-75
-92
-101
-100
-97
-94
-96
-104
-124
-137
-138
-122
-104
-99
-105
-120
-131
-125
-106
-88
-85
-91
-93
-86
-72
-65
-60
-54
-51
-43
-22
-10
-8
-8
-7
8
31
52
56
52
54
65
79
94
108
112
115
116
120
125
130
134
136
133
128
128
129
122
115
105
103
100
86
75
58
52
54
46
36
26
11
-2
-8
-8
-8
-11
-19
-27
-29
-27
-19
-20
-27
-37
-30
-12
-9
-12
-15
-12
-3
6
7
-1
-7
-9
-3
8
12
9
-8
-21
-21
-18
-17
-24
-35
-47
-51
-55
-59
-68
-75
-79
-82
-85
-92
-99
-106
-101
-94
-91
-97
-95
-92
-90
-92
-84
-71
-62
-61
-61
-48
-40
-40
-37
-25
-8
1
-2
-3
-2
8
13
22
36
36
31
30
43
47
51
53
60
70
73
74
73
75
84
94
101
104
100
95
97
102
108
112
106
96
90
84
81
76
70
60
51
43
30
16
9
-1
-7
-16
-26
-36
-46
-48
-51
-52
-62
-64
-58
-57
-54
-52
-47
-48
-47
-39
-28
-21
-22
-20
-20
-16
-7
-2
0
-4
-9
-13
-20
-19
-13
-14
-21
-28
-37
-42
-47
-46
-46
-46
-47
-47
-49
-56
-52
-48
-36
-29
-27
-27
-28
-21
-11
2
7
13
9
13
22
28
25
24
29
37
39
36
31
22
17
27
40
40
27
12
10
12
22
27
29
21
15
7
13
24
23
21
18
25
27
24
21
13
11
14
23
29
19
7
0
-5
-2
8
9
3
-12
-19
-20
-14
-9
-14
-17
-23
-21
-13
-18
-19
-22
-24
-21
-9
-5
-13
-19
-21
-15
-11
-9
-11
-9
-14
-16
-10
-8
-15
-20
-18
-12
-4
-8
-17
-20
-17
-7
-7
-7
-2
-3
-3
-2
4
7
8
7
10
18
19
24
21
15
16
29
33
26
26
25
26
25
28
31
29
25
22
21
22
26
20
15
18
20
15
11
5
0
7
8
5
7
-5
-13
-12
-9
-5
-6
-9
-17
-20
-19
-17
-20
-20
-15
-15
-17
-18
-19
-26
-22
-14
-10
-9
-15
-20
-18
-16
-11
-7
-11
-11
-13
-12
-11
-15
-12
-9
-7
-11
-11
-12
-15
-13
-8
-3
-2
-7
-11
-11
-3
-3
0
3
6
9
3
0
5
9
12
17
21
20
11
12
17
25
32
28
29
26
27
31
34
35
39
38
37
41
39
38
38
39
38
34
33
29
23
26
18
13
9
2
-6
-10
-13
-22
-32
-33
-38
-43
-45
-55
-61
-65
-63
-59
-61
-63
-67
-65
-62
-53
-47
-46
-47
-46
-40
-30
-21
-22
-22
-14
-11
-5
-4
-6
-5
-3
1
3
4
1
-4
-6
0
3
0
-2
-2
0
1
5
7
7
11
16
16
20
28
29
34
39
43
43
45
49
47
56
58
52
53
52
54
50
41
39
40
39
34
34
30
20
18
13
9
18
17
11
9
5
7
8
12
18
15
14
11
13
16
17
17
17
14
15
14
10
5
-3
-7
-4
-4
-9
-22
-35
-39
-34
-33
-40
-46
-56
-62
-60
-57
-57
-60
-67
-67
-64
-57
-52
-57
-58
-58
-54
-46
-44
-43
-39
-40
-35
-28
-34
-32
-32
-30
-21
-15
-15
-21
-25
-22
-14
-8
0
0
-10
-9
0
5
13
17
14
14
23
29
31
31
33
37
38
50
54
46
44
47
47
54
61
59
53
44
45
50
50
50
49
47
40
42
38
31
33
39
33
31
28
22
20
17
20
19
14
12
4
2
1
1
2
-8
-9
-8
-16
-19
-21
-22
-21
-22
-26
-27
-36
-36
-32
-32
-33
-30
-31
-39
-41
-38
-33
-32
-28
-32
-34
-31
-30
-32
-33
-27
-26
-29
-26
-23
-25
-26
-24
-23
-20
-15
-14
-18
-18
-14
-13
-10
-2
0
-2
-1
6
7
6
10
15
15
20
22
23
21
22
26
22
27
30
25
25
22
24
21
13
21
21
14
15
11
4
6
9
10
8
3
5
4
5
7
6
8
10
14
15
14
13
16
17
21
24
26
20
15
21
22
22
18
12
10
11
8
5
1
-8
-11
-11
-15
-15
-21
-32
-32
-30
-31
-34
-38
-41
-39
-38
-35
-34
-37
-36
-34
-28
-23
-22
-25
-23
-18
-15
-10
-7
-9
-10
-7
-5
-1
-1
0
4
-4
-4
2
0
0
4
7
3
5
7
4
4
11
13
11
16
20
18
16
21
23
20
24
29
27
23
26
23
20
20
22
19
15
13
12
8
3
2
4
-5
-6
-1
-7
-10
-6
-7
-14
-13
-8
-9
-9
-6
-3
-5
-5
-2
1
-1
7
7
2
5
8
5
4
7
6
6
2
3
1
-2
0
-1
-5
-4
-3
-8
-11
-9
-10
-9
-7
-7
-9
-12
-10
-9
-7
-1
-1
-4
-5
-4
-1
1
1
5
2
-1
2
6
4
3
9
5
6
9
5
6
6
8
11
7
9
11
5
5
11
7
8
7
5
6
4
1
4
-2
-6
-3
-5
-10
-11
-12
-17
-17
-17
-19
-24
-23
-20
-26
-24
-22
-26
-24
-26
-21
-16
-20
-16
-15
-16
-10
-9
-6
-8
-2
0
-3
2
4
0
5
6
4
7
5
6
6
6
6
6
6
4
7
6
-1
4
7
3
8
11
5
5
8
6
8
16
17
11
15
14
15
16
16
19
20
21
20
18
18
17
18
21
18
18
20
16
13
15
13
13
16
15
12
13
10
10
11
10
15
11
5
7
8
7
7
6
4
2
1
5
-4
-4
-3
-10
-9
-7
-13
-16
-18
-21
-21
-21
-21
-27
-32
-34
-32
-30
-32
-33
-37
-38
-37
-36
-35
-34
-33
-31
-33
-31
-25
-29
-26
-21
-16
-14
-14
-12
-8
-13
-4
1
0
3
7
6
4
10
11
9
15
17
12
12
17
14
15
16
18
17
17
16
14
19
17
17
21
20
19
21
18
18
20
25
26
21
26
22
18
22
25
25
24
23
19
18
17
17
14
11
13
11
7
6
1
0
-3
-2
0
-5
-5
-9
-11
-14
-10
-11
-12
-10
-15
-12
-14
-14
-13
-14
-13
-12
-12
-13
-13
-12
-16
-15
-12
-16
-13
-12
-17
-18
-12
-15
-17
-10
-16
-16
-14
-15
-9
-13
-8
-9
-11
-9
-9
-6
-3
-2
-1
-1
-2
0
0
3
1
5
6
5
5
5
4
6
6
7
9
4
9
7
5
9
9
9
8
10
12
10
13
17
12
17
17
15
19
18
21
18
18
17
17
18
17
16
15
12
9
12
7
5
5
2
0
2
-4
-6
-8
-12
-7
-11
-12
-12
-15
-18
-15
-17
-17
-15
-20
-17
-17
-16
-13
-20
-18
-17
-17
-16
-15
-15
-15
-14
-11
-17
-14
-14
-14
-9
-10
-6
-7
-10
-9
-5
-7
-3
2
-2
2
2
3
1
4
6
8
12
8
8
10
6
11
11
8
12
9
11
7
6
11
5
6
6
6
4
5
3
2
5
5
5
3
3
4
6
8
8
9
9
9
8
10
13
11
13
17
11
15
15
12
12
13
15
10
14
8
7
6
4
7
3
3
3
0
-3
-3
-4
-6
-5
-3
-8
-7
-7
-12
-8
-10
-9
-10
-9
-11
-9
-10
-13
-9
-14
-10
-9
-12
-12
-9
-11
-12
-11
-10
-12
-11
-9
-10
-9
-9
-9
-10
-7
-7
-7
-5
-6
-4
-2
-2
-2
0
0
-2
3
1
2
2
5
1
2
5
1
3
4
2
3
3
-2
2
-2
-1
1
0
1
0
2
-3
-1
0
1
2
3
3
4
2
3
4
2
6
6
6
8
7
6
7
4
3
9
5
6
6
3
1
2
1
1
1
-1
1
-3
-1
-1
-4
-1
-2
-4
0
-3
-2
-2
-3
2
-1
1
0
0
3
2
3
3
2
4
2
4
5
6
5
5
4
3
5
4
4
4
5
3
3
4
2
2
6
0
3
5
2
2
2
3
0
4
-1
1
1
-1
1
-2
-2
-3
-4
-6
-4
-4
-4
-7
-5
-9
-7
-9
-7
-8
-9
-5
-8
-8
-7
-7
-7
-5
-4
-6
-4
-2
-2
-4
1
-1
-2
1
0
0
2
1
1
0
1
3
-2
2
2
0
2
1
-1
-2
0
-1
1
-1
-1
0
-3
-2
-1
0
0
0
0
2
0
-1
3
2
2
6
5
2
4
5
4
5
6
7
3
6
4
5
8
8
3
6
3
4
6
3
5
6
7
2
4
2
3
2
6
4
3
4
1
-1
-1
2
0
2
-1
-2
-3
-5
-5
-5
-2
-4
-3
-5
-6
-10
-5
-6
-7
-4
-5
-5
-7
-6
-7
-4
-5
-3
-3
-5
-2
-4
-5
-1
-2
-1
3
-5
0
0
-3
-1
0
0
-1
1
-1
-2
0
2
-3
2
1
-2
0
0
0
2
4
1
1
2
1
2
3
4
4
4
6
4
3
5
5
7
4
6
8
2
6
5
2
5
4
4
3
3
4
4
1
3
2
1
1
2
1
2
-2
1
1
-5
2
0
-3
0
1
-3
-1
-4
-2
-1
-3
-1
-4
-1
-4
-5
-2
-3
-6
-2
-3
-8
-4
-1
-6
-5
-2
-6
-3
-3
-2
-3
-4
1
-5
-2
-1
-3
0
-1
-3
1
-1
-4
3
0
-2
1
1
-3
0
1
-1
1
1
-1
1
1
-1
3
3
1
3
3
2
4
5
4
6
4
7
7
5
10
7
7
9
8
7
9
7
8
7
7
8
8
6
6
7
1
7
5
0
6
1
0
2
-1
-1
1
-2
0
-2
-2
-4
-4
-3
-5
-3
-5
-5
-4
-3
-6
-4
-5
-6
-5
-6
-6
-6
-4
-5
-5
-5
-5
-7
-3
-6
-5
-3
-4
-4
-4
-2
-5
-3
-2
-3
-2
-1
-3
-1
-1
-2
0
-2
-1
0
-2
-3
-1
-3
0
-1
-2
0
-3
-3
-3
-4
-3
0
-4
-3
1
-3
-1
-2
-2
-1
1
0
1
2
3
1
6
3
2
6
5
6
6
8
6
8
7
5
8
6
5
10
7
7
9
5
4
5
5
4
5
6
5
3
4
4
0
4
3
2
2
3
1
1
3
-2
1
2
-2
0
-1
-3
0
-1
-2
-1
-1
-1
-3
-3
-4
-3
-3
-5
-3
-2
-5
-4
-2
-6
-4
-3
-5
-4
-2
-3
-4
-3
-4
-4
-4
-4
-3
-2
-3
1
-4
-3
-3
-5
-2
-4
-4
-1
-3
-3
-1
-4
-2
-2
-3
-1
-1
0
-1
0
0
0
1
1
0
2
4
3
3
4
5
2
6
3
3
4
3
3
3
4
4
4
1
3
-1
1
2
1
0
2
1
0
2
-2
1
0
-1
1
1
0
3
0
2
2
2
1
1
2
1
2
4
1
4
5
1
2
3
2
2
4
4
3
2
3
3
-2
4
3
-1
3
3
1
3
0
2
2
-1
4
0
-1
2
1
-2
0
-1
-3
-2
-1
-3
-3
-1
-4
-3
-3
-5
-5
-4
-5
-7
-3
-5
-6
-4
-5
-4
-3
-4
-3
-4
-3
-2
-1
0
-2
1
-2
-2
0
0
0
0
1
1
-2
1
2
-3
2
1
-1
1
-2
0
1
-2
-1
0
-4
-2
-1
-2
-2
2
-1
-1
-1
-3
0
-1
-1
3
1
1
1
2
1
-1
3
2
1
6
3
3
4
3
4
3
4
4
5
3
5
4
4
5
5
4
4
5
2
5
3
6
3
4
3
2
4
1
2
2
0
1
2
-2
0
-1
-1
-1
-2
-2
-3
-2
-2
-3
-3
-3
-4
-2
-3
-3
-2
-1
-2
-1
-1
-3
0
0
-2
1
0
-1
2
0
0
0
0
-1
0
0
1
0
-1
-1
-2
-2
-1
1
-2
-3
1
0
-4
-1
-1
-6
-1
-1
-5
-1
-2
-3
0
-4
-1
-1
-3
-3
-1
-1
-3
0
-1
-4
0
-4
-3
0
-4
0
2
-2
-1
-1
1
-2
0
3
-2
0
2
0
1
3
2
3
1
2
2
2
1
2
3
1
4
0
1
2
0
1
2
1
0
1
1
-1
-1
2
-1
-2
2
-1
-1
0
1
-2
0
0
-2
-1
1
-1
0
2
0
2
1
-1
0
2
0
1
1
2
1
-1
2
-1
-1
0
0
0
1
0
1
-1
0
0
-1
1
-3
2
0
0
2
0
-2
0
-1
0
1
-2
2
1
0
0
1
0
-2
1
0
-2
2
-1
0
2
-2
1
-2
-3
0
-3
-1
2
0
0
3
-1
-3
3
0
0
4
1
0
2
2
0
1
2
0
3
1
0
5
0
2
3
0
3
1
2
3
-1
3
5
-2
2
1
0
1
0
1
0
1
2
1
0
0
1
-2
-2
1
-2
-1
0
-4
-1
-3
-2
-2
-4
-2
-2
-4
-4
-3
-3
-3
-5
-1
-5
-5
-2
-5
-3
0
-4
-4
-3
-4
-3
-3
-2
-3
1
-3
-1
-1
-3
-2
-1
-1
-1
0
0
-2
-1
0
-1
1
-3
-1
0
-3
-2
0
0
-1
-1
0
-2
-3
0
0
-1
-2
1
0
-3
1
-1
-1
1
0
2
-1
3
2
0
3
1
2
3
1
3
3
3
3
4
3
1
6
2
3
5
3
5
3
4
5
3
5
5
2
4
5
5
3
5
4
4
3
3
5
2
3
5
1
1
4
1
1
0
2
3
-2
2
2
-2
1
2
-1
-2
2
0
-1
0
1
0
0
0
0
-1
1
0
-1
1
-1
2
-1
0
-1
-1
-1
-2
-1
0
-1
-1
0
-2
-1
-1
-2
-1
0
-3
-1
-1
-3
-1
-3
-3
-1
-2
-2
-3
0
-4
-4
-1
-4
-4
0
-5
-3
-2
-2
-2
-4
-1
-2
-5
-3
-1
-3
-4
-3
-1
-4
-2
0
-4
-4
0
-3
-4
1
-1
-2
1
-1
-1
0
-1
-1
1
0
0
1
1
0
1
0
-1
1
-1
1
0
1
1
1
0
0
1
1
0
1
3
-2
2
0
0
1
3
0
1
1
3
0
1
4
0
0
3
1
0
2
2
2
0
3
2
0
3
1
1
3
2
1
3
3
0
4
2
0
4
3
0
3
3
2
2
4
3
2
4
3
2
2
4
2
1
2
2
0
3
2
1
3
1
1
0
2
2
-1
3
1
0
0
1
-1
0
1
0
-2
0
0
0
1
-2
0
1
-1
-1
0
-1
-1
0
0
-1
-1
0
-1
-1
-2
0
-2
-2
1
-3
-2
-1
-2
-2
-3
-2
-2
-3
-2
-4
-2
-1
-5
-1
-3
-4
-2
-2
-2
-3
-2
-5
-1
-3
-5
-1
-4
-6
0
-4
-5
-1
-4
-2
-3
-4
-4
-1
-2
-4
0
-2
-3
-2
-1
-3
-2
-2
0
-2
1
-1
-1
-1
-2
2
-1
0
2
0
0
0
2
1
-1
2
1
-1
3
2
1
1
1
3
-1
1
2
1
1
2
3
0
1
2
2
1
1
2
2
1
3
2
2
2
1
2
2
2
0
3
2
1
4
2
1
2
1
3
1
2
5
0
3
3
1
1
3
4
0
3
3
-1
4
1
0
2
1
1
3
0
2
1
-1
2
0
-2
1
1
-2
3
0
-1
0
-2
0
0
-1
0
-1
0
0
-1
-1
-1
-1
0
-1
-2
-2
0
-3
0
0
-3
-1
-1
-3
-2
-1
-2
1
-1
-1
-2
1
-3
-1
0
-3
1
-2
-1
-2
-1
-1
-1
-2
2
-3
-2
1
-3
-2
0
-1
-3
-2
-1
-3
-2
0
-2
0
-2
-3
1
-3
-3
1
-1
-5
0
1
-2
-4
2
-2
-4
1
0
-4
-1
1
-2
-1
-1
-1
-1
-2
-1
0
0
-1
0
1
-2
-1
1
-2
1
1
0
-1
1
1
-1
1
1
-2
1
2
-2
1
1
1
0
0
1
1
0
2
2
-2
3
4
-1
1
3
0
1
1
1
3
1
1
2
1
0
3
1
0
2
1
2
1
0
2
1
-1
2
2
0
2
1
2
1
1
1
1
-1
3
1
1
2
1
2
0
2
0
1
1
0
1
1
-2
3
0
-1
2
-1
2
0
0
1
0
0
0
0
-1
0
-1
-2
2
-1
-2
2
-3
-3
3
-2
-3
-1
0
-2
-2
0
-1
-3
-1
1
-4
-3
1
-2
-2
0
-3
-1
-2
-1
0
-2
0
-1
-1
-1
-2
0
-1
-3
1
-1
0
0
-1
0
-1
1
-2
-1
1
-1
-1
3
-2
-1
2
-1
-3
1
-1
-2
1
-1
0
0
-2
1
-1
-2
2
-2
-1
1
-1
2
-1
-1
2
0
0
0
-1
2
-1
1
0
0
-1
1
0
-3
1
2
-2
0
1
0
0
-2
2
-2
-1
3
-1
-2
2
1
-2
0
0
-2
0
-1
0
-1
-1
1
0
-3
1
-1
-1
-1
-1
0
-1
0
-1
-2
-1
0
-4
1
-1
-3
0
1
-3
-1
1
-3
-1
0
0
-2
-1
0
-2
0
-1
0
0
-3
1
1
-4
1
-1
-2
0
-1
-1
-2
2
-2
0
2
-3
1
1
-4
1
0
-2
1
-1
-1
1
-2
-1
1
-2
-1
0
-2
0
-1
0
1
-3
0
1
-3
0
-1
0
0
-1
0
-1
-1
-1
-2
0
-1
1
1
-2
0
1
-2
1
-2
-1
2
-2
1
1
-2
1
-1
0
1
-3
2
1
-3
3
0
-1
3
0
0
2
-1
0
1
0
-1
3
0
-1
2
0
1
1
0
2
2
-1
2
0
1
0
1
2
1
1
2
2
-2
3
1
-1
1
2
0
3
-1
1
3
-1
2
0
1
1
0
2
0
-1
3
1
-1
2
0
2
0
-1
3
0
-2
0
3
-2
-1
4
-1
-3
3
0
-3
1
0
0
-2
1
-1
-1
1
-2
1
-3
-1
1
-2
-1
-1
-1
1
-3
0
0
-3
1
-3
0
-2
-2
0
-1
-3
0
0
-2
-2
0
-1
-3
0
-2
-1
-2
-2
1
-5
0
0
-3
-2
0
-2
1
-2
0
0
-3
1
-2
-1
-2
-1
0
-2
-1
1
-3
0
0
-2
1
-1
-1
1
-1
-1
0
0
0
-1
2
-1
-1
0
0
0
-1
0
0
-3
1
1
-3
2
0
0
0
0
0
0
1
-1
1
-1
1
0
2
-1
2
0
-1
2
-1
0
3
0
-2
4
0
-1
2
-1
0
2
1
-1
2
2
-1
2
0
0
1
1
0
2
0
2
0
1
1
0
2
0
1
0
1
1
1
0
2
-2
2
0
-2
3
-1
1
1
-1
2
-1
1
0
1
1
1
1
0
0
2
-1
0
0
1
2
-1
3
-1
0
1
-1
0
2
-1
0
1
-1
-1
0
0
-2
1
-2
2
0
-2
2
-1
0
0
-1
1
-1
-1
