SAMPLES:	11932
BITSPERSAMPLE:	16
CHANNELS:	1
SAMPLERATE:	16000
NORMALIZED:	FALSE
6
3
0
-6
0
4
4
8
0
6
9
-6
4
5
-4
-4
-11
-6
-2
-4
4
-7
3
8
7
5
0
9
1
-5
5
11
-13
-5
-8
-3
-2
-6
-5
-11
-3
-5
-3
1
6
-1
6
2
2
0
-1
-3
-1
-8
2
-5
-8
-1
-16
-1
-14
-10
5
5
-9
-8
-7
9
2
-8
4
-8
-7
-4
-3
-3
-2
-3
-1
-4
2
-2
2
-1
3
-5
-9
-14
-15
0
-5
3
7
5
6
2
5
3
-2
0
2
-2
3
7
-1
-6
-12
-2
-10
3
0
-9
7
6
6
5
1
1
7
-4
-4
3
-9
-5
8
4
-2
-6
3
6
10
0
-16
10
7
-3
-6
-3
1
-2
-5
12
10
5
2
5
7
-6
5
2
12
11
-8
2
5
-4
-4
-5
0
-4
-2
-10
0
9
7
13
-3
6
11
10
6
3
9
6
2
-7
-8
1
-7
-8
3
-12
4
3
-1
8
7
11
10
8
5
9
8
-5
3
-2
1
-14
-7
5
-16
3
-4
0
6
3
-4
3
3
3
16
-10
-12
-13
-3
-5
-3
4
2
7
1
-2
-5
-1
1
-5
-2
-2
-6
0
-1
1
1
-12
-13
-8
0
2
1
0
9
-3
3
8
-4
12
3
-13
-7
-5
-10
-1
-10
1
-4
-5
4
-8
-2
2
0
0
6
6
1
-2
0
-4
-1
5
2
-2
-2
-2
-6
0
1
-2
-2
3
0
3
-4
-1
3
-4
11
10
-1
-2
2
-4
-4
8
5
4
-3
-8
-5
-7
3
7
-1
6
-2
-1
4
-9
-3
-2
0
5
11
9
1
15
-3
-16
8
2
-8
-10
-6
0
9
7
-2
4
3
5
12
5
1
1
4
-6
7
2
-9
-2
-7
5
-1
-9
7
9
-1
1
4
3
5
7
1
2
3
-5
2
9
-2
1
-3
-2
-8
-10
-2
-2
16
1
2
4
-6
-1
1
-8
-2
14
14
-2
5
6
-1
-6
-11
-2
-2
-2
-10
-10
-1
5
-4
-5
-4
1
0
0
10
3
-2
-3
-1
9
2
-3
9
2
-9
-12
-5
-12
-14
-2
1
-3
2
2
-2
5
8
7
9
7
-1
5
9
1
5
-2
-3
-10
-14
-9
-11
-4
1
0
5
8
20
7
10
8
-3
1
2
-1
-12
-13
-4
14
1
4
2
5
3
-12
-5
2
-5
4
8
4
12
1
7
5
9
6
-2
-7
-12
-6
-9
9
5
3
13
6
19
7
-10
-3
4
1
-7
4
6
9
4
4
4
-6
4
2
6
-5
-2
-3
6
3
6
8
3
9
4
5
-3
2
2
-13
3
16
-4
7
6
9
0
-6
2
-15
3
-2
-7
13
12
2
-3
-3
4
4
7
5
-1
-3
-7
-14
0
2
5
2
-10
7
-1
6
6
-5
-8
-12
-6
-4
7
-2
-5
0
8
8
-5
11
2
-9
-5
1
12
-7
-5
-4
-2
6
-3
-11
-12
-7
-1
0
-2
11
-1
6
-4
1
7
0
13
-2
-6
-4
-5
-4
-6
-5
-3
2
-7
-3
-16
-2
9
2
5
-17
-3
4
5
12
2
5
2
4
4
2
-4
-6
-13
-7
-12
-10
1
-2
3
0
0
-2
6
13
14
9
-2
-4
1
-2
0
5
2
-4
1
-6
-10
-5
5
1
9
12
0
0
-13
0
5
3
7
9
1
5
3
5
13
2
3
1
-1
-10
1
7
-5
-2
9
9
-1
-1
0
-4
5
2
-8
6
13
6
17
7
-1
5
-5
2
8
-8
-6
2
-10
-4
8
4
-1
-3
7
3
3
10
3
0
-1
4
8
4
2
0
5
2
2
7
-4
-3
0
-1
4
-4
4
3
12
0
-6
-4
6
5
3
9
1
2
2
5
5
2
-5
0
-3
1
2
1
4
5
1
-8
-4
1
10
4
0
-7
1
11
-5
4
-4
-3
13
2
1
9
1
5
-8
0
-7
-18
2
6
9
-3
0
-4
-3
5
1
-6
-6
9
-2
-1
4
3
0
-8
4
-5
-7
-2
-6
4
6
-5
3
6
-4
-10
-5
7
5
-1
-6
-8
-3
4
5
-1
-5
0
1
5
1
-4
3
-9
-6
3
-7
-3
14
7
-3
-4
-9
-5
-8
4
4
1
-7
-16
1
3
-2
-2
2
0
10
-2
-6
3
-1
2
-5
-3
7
-2
-14
-2
0
-9
2
-5
-8
10
4
1
2
3
5
-10
6
3
2
2
-6
3
-7
-3
3
3
-2
-1
0
0
-1
-3
-5
3
-7
8
8
-7
7
2
0
6
9
1
-3
-12
2
7
-6
-2
1
-4
5
12
2
5
0
-2
9
-3
-3
-2
-10
-12
7
10
1
7
6
-4
6
5
-6
4
-2
-4
2
-5
-1
-1
-9
0
-3
-5
0
-13
-8
-8
-2
-1
7
6
5
12
-10
-10
-7
-5
-14
-5
-5
-10
0
-9
5
-4
-4
1
0
-2
-8
-16
-18
-7
-1
-1
11
13
1
7
-2
-8
-3
-7
-1
-3
-4
9
-8
-14
-12
-14
-6
11
11
1
4
5
7
4
2
2
-4
-3
3
-7
-6
0
-5
-2
-5
-5
6
6
4
-5
-3
2
-9
-9
-5
2
-2
2
10
-7
-1
-1
-9
-4
-7
-7
0
-6
7
5
-5
-2
-4
-1
-14
-8
-8
-11
-5
-16
-12
-1
8
7
2
4
7
4
-8
-4
-5
-5
-3
-3
-5
-6
3
1
-12
-4
0
-5
-7
2
8
7
1
12
1
6
19
-2
0
8
8
1
0
-4
2
1
-1
1
4
-6
4
9
3
2
3
8
2
-2
14
10
3
3
-9
-7
-14
-4
0
3
3
0
-2
-5
-3
-3
2
-10
-3
-1
-7
-6
-6
-18
-3
-6
-6
0
-8
3
-6
1
6
-4
1
-2
-7
-2
0
-3
-10
-9
-8
4
-10
-9
8
0
4
8
3
0
10
5
12
9
12
7
-4
7
9
13
15
7
14
18
0
-3
8
16
6
17
17
13
14
23
17
3
18
24
14
17
24
15
14
18
8
13
13
7
0
12
9
-5
11
0
0
-2
-10
-19
-13
-9
-7
-11
-8
-9
-20
-22
-15
-24
-33
-20
-29
-22
-22
-20
-8
-15
-24
-23
-7
-14
-30
-23
-28
-24
-14
-17
-18
-19
-11
0
-15
-11
-7
-3
-4
-10
-5
-4
2
1
4
2
15
14
2
3
9
25
26
27
16
23
32
35
42
42
32
32
33
28
26
12
18
21
22
14
18
15
24
19
22
21
11
16
17
23
3
7
4
1
9
-11
-9
-17
-20
-9
-10
1
-6
-13
-15
-5
-8
-20
-15
-21
-25
-37
-42
-45
-34
-40
-41
-23
-34
-37
-32
-31
-41
-22
-11
-11
2
-2
7
5
-3
7
0
3
14
5
3
0
9
10
20
13
15
31
22
34
27
29
33
46
43
34
23
27
33
28
28
11
19
26
20
21
36
29
34
32
21
42
35
27
31
27
24
17
7
11
1
-20
-28
-45
-31
-38
-42
-28
-39
-33
-29
-29
-20
-16
-10
-25
-34
-32
-44
-50
-62
-58
-57
-54
-51
-45
-32
-30
-23
-1
6
-13
-19
-20
-29
-31
-19
-27
-28
-32
-34
-37
-36
-31
-36
-15
-15
-7
-5
7
23
30
56
64
60
60
60
56
53
48
46
43
44
29
25
32
34
44
49
50
41
43
39
40
40
40
44
52
59
46
50
53
43
38
39
33
16
15
19
19
22
15
13
17
7
12
1
-17
-32
-27
-28
-54
-56
-65
-72
-61
-71
-83
-69
-61
-59
-42
-34
-20
-4
8
19
11
25
27
17
17
3
-22
-13
-7
-23
-23
-17
-16
-11
-11
-2
-9
-24
-12
-18
-31
-26
-31
-44
-31
-23
-20
-7
-1
2
0
14
24
32
52
75
113
134
135
160
172
179
175
167
138
100
66
27
-1
-42
-67
-99
-130
-128
-126
-119
-83
-59
-35
2
23
48
64
57
32
3
-46
-110
-154
-202
-229
-242
-247
-226
-201
-186
-167
-147
-133
-124
-118
-102
-96
-87
-81
-74
-57
-35
-31
-46
-54
-75
-104
-118
-137
-164
-169
-157
-129
-87
-18
48
122
188
240
284
313
311
297
270
248
217
187
164
131
114
80
69
45
36
25
3
10
6
37
67
91
147
194
233
256
279
288
287
269
237
206
167
135
106
78
39
11
-10
-19
-39
-45
-36
-47
-18
12
31
47
40
20
-47
-134
-246
-365
-484
-594
-646
-676
-647
-592
-493
-356
-238
-115
-2
69
108
132
129
99
62
44
22
9
8
-9
-12
-49
-103
-163
-243
-298
-344
-368
-359
-310
-228
-140
-1
126
226
326
382
411
394
348
279
184
95
26
-36
-66
-85
-88
-78
-65
-39
-22
-8
11
18
29
51
99
129
164
221
253
272
281
262
202
118
39
-52
-150
-240
-304
-334
-344
-318
-261
-186
-92
22
126
216
297
348
369
379
353
319
287
226
176
120
59
4
-49
-105
-152
-174
-217
-229
-242
-217
-159
-98
-23
64
141
217
284
313
313
288
247
181
135
81
58
45
44
64
69
70
67
56
27
11
-20
-11
9
64
120
167
197
165
89
-65
-262
-517
-763
-970
-1124
-1159
-1090
-907
-646
-340
-18
264
465
584
597
529
373
193
25
-113
-200
-254
-255
-230
-212
-216
-245
-326
-442
-560
-659
-720
-722
-648
-485
-288
-42
196
410
573
658
652
567
441
263
57
-130
-276
-378
-408
-411
-363
-305
-223
-142
-70
-28
6
48
70
147
232
330
455
581
678
742
754
697
573
409
221
22
-155
-290
-366
-378
-312
-211
-63
120
293
445
584
692
780
858
924
975
1025
1062
1070
1068
1011
916
772
586
384
180
19
-112
-200
-226
-192
-97
51
218
406
606
773
923
1022
1074
1043
933
728
385
-136
-770
-1470
-2252
-3011
-3604
-3985
-4142
-3974
-3491
-2720
-1756
-729
318
1243
1943
2377
2544
2444
2108
1612
1053
495
-38
-492
-851
-1157
-1421
-1644
-1855
-2047
-2201
-2275
-2275
-2143
-1812
-1310
-647
116
945
1776
2499
3063
3407
3471
3262
2799
2132
1333
504
-282
-952
-1440
-1737
-1853
-1780
-1597
-1332
-1062
-800
-575
-396
-227
-67
126
355
619
897
1193
1401
1487
1406
1154
736
155
-482
-1134
-1704
-2117
-2324
-2278
-2013
-1529
-903
-207
476
1101
1601
1937
2113
2145
2065
1895
1683
1472
1271
1045
845
626
391
109
-189
-459
-714
-884
-958
-864
-612
-236
260
832
1398
1882
2265
2480
2533
2400
2117
1769
1358
937
583
340
192
153
261
501
761
1056
1322
1475
1419
1077
481
-439
-1707
-3140
-4518
-5818
-6864
-7364
-7246
-6596
-5392
-3664
-1705
232
1990
3422
4337
4630
4405
3817
2905
1788
747
-92
-775
-1297
-1580
-1752
-1966
-2251
-2548
-2930
-3439
-3876
-4109
-4150
-3888
-3191
-2075
-690
850
2493
4067
5252
5984
6248
5911
4984
3663
2163
560
-944
-2105
-2864
-3236
-3234
-2883
-2305
-1759
-1294
-929
-755
-754
-804
-789
-709
-490
-13
629
1341
2054
2612
2907
2805
2327
1523
436
-797
-1994
-2954
-3586
-3762
-3483
-2741
-1666
-424
859
1982
2858
3363
3510
3333
2906
2323
1740
1253
910
729
669
709
739
693
555
303
-54
-447
-722
-837
-750
-368
306
1201
2144
3107
3941
4452
4575
4289
3651
2670
1505
377
-585
-1288
-1563
-1340
-756
93
1094
2008
2565
2598
2050
890
-953
-3159
-5330
-7371
-9003
-9795
-9631
-8686
-6964
-4554
-1887
639
2792
4441
5342
5365
4740
3737
2413
976
-181
-926
-1377
-1543
-1378
-1070
-997
-1149
-1453
-2106
-3096
-4106
-4920
-5508
-5683
-5162
-3988
-2358
-390
1870
4099
5851
7074
7733
7598
6672
5258
3578
1740
-36
-1426
-2353
-2904
-3074
-2863
-2460
-2152
-1978
-1931
-2130
-2516
-2890
-3116
-3129
-2845
-2120
-992
366
1808
3180
4268
4845
4852
4292
3239
1769
128
-1421
-2679
-3510
-3782
-3447
-2634
-1501
-199
1126
2255
3041
3472
3554
3324
2875
2372
1937
1636
1450
1424
1545
1671
1755
1763
1617
1290
817
340
-68
-352
-388
-94
436
1123
1994
2879
3551
3914
3973
3654
2946
2057
1193
395
-210
-455
-342
-43
308
588
508
-222
-1573
-3298
-5435
-7786
-9780
-11108
-11689
-11284
-9637
-6997
-3826
-390
3036
5888
7746
8586
8466
7322
5293
2931
672
-1390
-3017
-3843
-3988
-3736
-3215
-2446
-1811
-1698
-1994
-2597
-3567
-4737
-5598
-5913
-5667
-4787
-3038
-542
2155
4861
7405
9236
9999
9735
8596
6621
3988
1241
-1299
-3440
-4946
-5596
-5444
-4824
-3957
-2969
-2123
-1649
-1522
-1614
-1898
-2280
-2412
-2125
-1397
-259
1208
2800
4177
5188
5666
5503
4635
3145
1294
-698
-2517
-3870
-4539
-4483
-3724
-2336
-545
1425
3278
4777
5692
5961
5649
4808
3676
2472
1333
426
-118
-221
23
477
1049
1538
1796
1813
1623
1303
905
507
308
400
713
1311
2113
2926
3562
3982
4175
4005
3550
2903
2124
1259
399
-352
-1041
-1798
-2720
-3798
-5023
-6442
-7927
-9240
-10267
-10876
-10863
-10061
-8479
-6313
-3655
-711
2110
4538
6405
7590
7908
7366
6146
4490
2578
650
-970
-2211
-3070
-3522
-3565
-3363
-3148
-3023
-3049
-3369
-3928
-4511
-4967
-5203
-5065
-4348
-3023
-1215
966
3383
5677
7514
8708
9163
8782
7605
5843
3673
1299
-986
-2882
-4254
-5063
-5327
-5100
-4540
-3783
-2940
-2137
-1466
-981
-632
-373
-131
183
593
1091
1637
2188
2673
3010
3163
3065
2662
2008
1198
326
-496
-1124
-1438
-1426
-1101
-395
609
1681
2722
3630
4304
4573
4435
4077
3450
2606
1739
1023
443
-19
-218
-183
-27
136
385
693
881
975
1142
1333
1441
1580
1854
2179
2412
2696
3071
3316
3383
3395
3332
2947
2282
1435
295
-1285
-3233
-5213
-7168
-9164
-10850
-11852
-12278
-12136
-11152
-9328
-7058
-4577
-1855
844
3069
4721
5901
6481
6288
5526
4594
3525
2269
1177
422
-202
-763
-1117
-1273
-1558
-2076
-2639
-3333
-4269
-5220
-5873
-6232
-6365
-5988
-4916
-3382
-1571
561
2829
4754
6163
7101
7483
7135
6167
4913
3418
1731
192
-884
-1637
-2104
-2185
-1941
-1605
-1321
-1007
-767
-798
-1043
-1274
-1527
-1779
-1850
-1668
-1355
-947
-373
319
952
1473
1912
2148
2167
2057
1945
1804
1682
1698
1859
2155
2560
3087
3600
3953
4119
4062
3725
3164
2460
1673
842
98
-441
-803
-913
-762
-436
-42
406
881
1281
1553
1756
1931
1986
2001
2123
2291
2459
2701
3042
3333
3479
3539
3479
3121
2375
1350
-8
-1821
-3909
-6011
-8115
-10112
-11667
-12578
-12874
-12506
-11323
-9445
-7187
-4729
-2102
374
2387
3933
5023
5552
5460
5015
4476
3777
2990
2392
1970
1530
1121
822
445
-182
-1010
-1958
-3107
-4421
-5582
-6457
-7047
-7276
-6874
-5860
-4472
-2691
-625
1409
3119
4445
5351
5693
5473
4887
4042
2994
1984
1252
841
637
672
923
1171
1305
1323
1179
710
-49
-896
-1774
-2621
-3252
-3555
-3569
-3361
-2863
-2121
-1318
-517
242
839
1203
1428
1589
1746
1928
2214
2671
3232
3906
4713
5485
6069
6385
6379
6004
5249
4242
3076
1778
499
-563
-1334
-1817
-1968
-1796
-1464
-1076
-606
-134
239
522
805
1071
1321
1715
2313
3014
3724
4435
5036
5340
5237
4754
3749
2115
13
-2352
-4863
-7423
-9689
-11442
-12663
-13264
-13078
-12125
-10674
-8869
-6769
-4612
-2673
-995
454
1555
2240
2688
3076
3373
3628
3975
4393
4734
4915
5000
4858
4312
3403
2165
622
-1171
-2967
-4597
-6015
-7079
-7656
-7640
-7140
-6190
-4836
-3288
-1744
-334
873
1772
2323
2569
2576
2384
2164
2075
2161
2453
2893
3445
3981
4411
4653
4601
4184
3385
2315
1010
-390
-1715
-2869
-3793
-4430
-4727
-4688
-4416
-3952
-3344
-2724
-2145
-1574
-996
-409
196
899
1736
2663
3698
4818
5970
7001
7818
8423
8683
8527
8000
7177
6064
4732
3340
2044
864
-178
-958
-1507
-1866
-2065
-2096
-2021
-1898
-1728
-1455
-1079
-612
-42
632
1352
2005
2570
2965
3033
2681
1909
800
-679
-2437
-4220
-5913
-7405
-8591
-9279
-9452
-9176
-8494
-7488
-6272
-5048
-3880
-2816
-1923
-1257
-796
-402
-13
410
907
1552
2294
3004
3691
4282
4642
4655
4346
3665
2636
1375
19
-1291
-2491
-3434
-4021
-4253
-4163
-3781
-3171
-2509
-1935
-1468
-1157
-1021
-1027
-1111
-1186
-1231
-1127
-803
-266
461
1310
2224
3059
3771
4301
4580
4589
4289
3770
3060
2238
1400
603
-103
-755
-1321
-1777
-2144
-2461
-2718
-2926
-3101
-3219
-3210
-3007
-2608
-1980
-1131
-79
1149
2466
3827
5133
6262
7148
7750
8058
8085
7811
7333
6714
5919
5007
4114
3280
2433
1634
916
254
-362
-916
-1287
-1530
-1694
-1695
-1523
-1294
-1051
-722
-464
-398
-566
-927
-1458
-2255
-3165
-4017
-4842
-5640
-6174
-6364
-6337
-6089
-5583
-4931
-4293
-3704
-3105
-2599
-2270
-2049
-1828
-1613
-1395
-997
-411
232
938
1739
2521
3159
3607
3844
3785
3371
2691
1865
934
-37
-923
-1595
-2062
-2337
-2354
-2139
-1873
-1634
-1438
-1397
-1529
-1768
-2068
-2425
-2721
-2876
-2790
-2436
-1807
-925
105
1194
2222
3124
3805
4258
4442
4334
4007
3520
2950
2367
1823
1323
872
435
35
-328
-721
-1153
-1596
-2053
-2492
-2841
-2960
-2883
-2614
-2083
-1296
-301
798
2035
3276
4356
5265
5961
6408
6606
6606
6456
6142
5721
5320
4974
4635
4291
3958
3592
3155
2677
2211
1721
1200
700
207
-268
-708
-1130
-1571
-2138
-2856
-3647
-4539
-5523
-6450
-7258
-7969
-8470
-8634
-8460
-8004
-7271
-6281
-5218
-4167
-3107
-2144
-1353
-737
-256
82
321
588
914
1274
1671
2108
2567
2921
3179
3343
3241
2883
2318
1605
799
-24
-741
-1273
-1632
-1797
-1709
-1444
-1130
-850
-655
-644
-862
-1234
-1708
-2242
-2773
-3167
-3362
-3313
-2966
-2332
-1494
-555
408
1324
2108
2701
3103
3345
3405
3323
3228
3133
3026
2910
2791
2624
2357
1974
1437
766
-47
-939
-1854
-2686
-3342
-3765
-3847
-3588
-3009
-2144
-1047
198
1471
2675
3773
4684
5381
5873
6188
6350
6369
6330
6248
6114
5929
5724
5494
5196
4816
4382
3901
3368
2817
2275
1708
1087
419
-312
-1178
-2193
-3259
-4424
-5675
-6932
-8015
-8916
-9616
-9955
-9942
-9649
-9103
-8300
-7343
-6349
-5359
-4407
-3592
-2892
-2212
-1533
-861
-104
762
1682
2630
3538
4381
5017
5383
5465
5233
4668
3839
2869
1833
813
-98
-759
-1167
-1344
-1305
-1099
-856
-680
-636
-735
-1032
-1517
-2089
-2697
-3273
-3689
-3855
-3756
-3405
-2825
-2051
-1219
-389
386
1061
1573
1908
2167
2331
2468
2657
2901
3163
3426
3675
3803
3735
3455
2933
2132
1107
-14
-1132
-2168
-3022
-3539
-3719
-3585
-3093
-2328
-1392
-406
606
1575
2407
3123
3768
4319
4786
5237
5713
6139
6508
6859
7119
7233
7158
6980
6680
6225
5661
5076
4427
3664
2857
2000
980
-286
-1678
-3180
-4860
-6594
-8215
-9630
-10840
-11705
-12073
-12039
-11669
-10946
-9951
-8891
-7846
-6783
-5826
-5009
-4270
-3500
-2690
-1797
-732
471
1773
3099
4365
5481
6325
6807
6925
6637
5987
5060
3985
2897
1861
1004
423
65
-77
-75
-26
-24
-196
-529
-1087
-1819
-2655
-3506
-4216
-4747
-4986
-4896
-4484
-3815
-2962
-2024
-1118
-296
350
811
1129
1383
1577
1793
2092
2493
2992
3504
4008
4405
4581
4483
4081
3376
2385
1258
113
-1010
-1966
-2652
-3008
-3062
-2837
-2376
-1792
-1174
-559
65
666
1252
1884
2556
3294
4103
4989
5909
6761
7482
8030
8352
8418
8299
8018
7600
7108
6563
5990
5389
4720
3939
2922
1573
-8
-1830
-3876
-5999
-7999
-9828
-11397
-12483
-13060
-13156
-12829
-12139
-11250
-10300
-9354
-8472
-7693
-7034
-6388
-5681
-4857
-3793
-2438
-862
834
2555
4188
5560
6601
7248
7426
7147
6502
5618
4642
3707
2913
2311
1937
1730
1630
1581
1435
1121
584
-203
-1188
-2281
-3343
-4276
-5014
-5436
-5514
-5248
-4678
-3882
-3002
-2139
-1373
-778
-332
-21
224
459
747
1153
1720
2441
3249
4057
4753
5236
5419
5267
4746
3903
2843
1632
429
-628
-1467
-2004
-2240
-2194
-1966
-1621
-1211
-835
-506
-238
28
360
785
1378
2196
3183
4286
5433
6551
7534
8270
8770
8998
8985
8774
8457
8049
7557
6994
6348
5557
4432
3037
1400
-556
-2764
-5018
-7167
-9183
-10878
-12089
-12837
-13195
-13128
-12747
-12221
-11660
-11070
-10491
-9981
-9462
-8827
-7998
-6952
-5582
-3935
-2090
-136
1795
3570
5068
6188
6893
7187
7073
6697
6163
5596
5081
4655
4389
4193
3998
3774
3432
2883
2084
1097
-67
-1319
-2521
-3588
-4465
-5094
-5438
-5515
-5387
-5077
-4654
-4219
-3804
-3393
-2976
-2529
-1979
-1306
-502
433
1460
2568
3649
4595
5369
5897
6106
5995
5626
5031
4237
3346
2468
1615
837
211
-293
-694
-1048
-1358
-1599
-1809
-1960
-1949
-1763
-1407
-804
44
1111
2327
3632
4953
6176
7239
8134
8852
9348
9684
9867
9889
9741
9403
8874
8038
6803
5228
3358
1214
-1136
-3463
-5665
-7705
-9419
-10720
-11647
-12252
-12546
-12621
-12596
-12516
-12371
-12168
-11880
-11428
-10709
-9716
-8404
-6794
-4944
-2967
-1003
858
2481
3828
4839
5509
5880
6060
6121
6112
6132
6179
6235
6263
6241
6025
5571
4867
3921
2753
1443
127
-1159
-2301
-3215
-3914
-4437
-4788
-5026
-5210
-5372
-5505
-5616
-5657
-5534
-5231
-4697
-3891
-2811
-1558
-229
1136
2395
3447
4269
4848
5153
5213
5133
4948
4680
4342
4004
3663
3236
2737
2220
1585
836
63
-703
-1392
-1940
-2292
-2353
-2103
-1598
-849
93
1108
2141
3141
4094
4961
5756
6578
7418
8257
9087
9871
10497
10862
10861
10396
9308
7653
5596
3173
572
-1988
-4262
-6266
-7931
-9162
-10069
-10766
-11354
-11849
-12333
-12825
-13222
-13431
-13403
-12997
-12190
-10949
-9319
-7400
-5296
-3217
-1265
416
1738
2746
3507
4075
4546
5027
5587
6172
6768
7359
7756
7891
7727
7201
6320
5192
3934
2564
1196
-13
-1031
-1890
-2578
-3143
-3735
-4394
-5086
-5832
-6578
-7155
-7484
-7534
-7202
-6457
-5352
-3995
-2433
-799
717
2051
3232
4195
4890
5438
5834
6081
6194
6251
6230
6020
5665
5144
4411
3475
2474
1446
406
-498
-1206
-1734
-2071
-2155
-2057
-1803
-1365
-806
-175
573
1465
2445
3521
4752
6086
7421
8713
9903
10803
11301
11325
10769
9520
7761
5734
3436
1063
-1088
-2974
-4699
-6156
-7336
-8452
-9591
-10699
-11748
-12817
-13737
-14288
-14449
-14185
-13390
-12104
-10473
-8601
-6548
-4569
-2809
-1253
80
1156
2134
3134
4072
5017
5925
6744
7365
7743
7843
7573
7015
6248
5280
4244
3253
2348
1466
632
-133
-939
-1788
-2678
-3622
-4648
-5675
-6549
-7229
-7611
-7616
-7276
-6675
-5834
-4825
-3795
-2732
-1620
-555
475
1517
2579
3654
4654
5584
6313
6736
6887
6740
6305
5656
4899
4067
3220
2430
1782
1239
750
341
-38
-418
-787
-1027
-1085
-930
-525
152
1075
2166
3360
4655
5962
7165
8269
9239
9960
10308
10356
10006
9013
7479
5695
3663
1403
-756
-2646
-4408
-6094
-7544
-8788
-10050
-11266
-12289
-13183
-13894
-14191
-14025
-13452
-12398
-10900
-9186
-7374
-5462
-3639
-2066
-646
673
1829
2939
4144
5385
6536
7500
8185
8422
8180
7572
6597
5407
4240
3191
2263
1542
1007
482
-169
-934
-1849
-2977
-4162
-5253
-6234
-7063
-7550
-7657
-7517
-7101
-6373
-5517
-4657
-3788
-2824
-1851
-846
320
1571
2825
4024
5109
5937
6424
6596
6431
5927
5198
4452
3720
2994
2361
1841
1315
719
160
-342
-806
-1193
-1409
-1384
-1097
-477
422
1504
2745
3979
5151
6244
7305
8341
9373
10447
11398
12079
12392
12067
10684
8416
5763
2794
-331
-3020
-4905
-6420
-7852
-8947
-9950
-11296
-12884
-14312
-15510
-16415
-16646
-16093
-14858
-12969
-10651
-8277
-5975
-3780
-1965
-606
658
1980
3258
4638
6317
8027
9425
10456
10930
10607
9613
8197
6443
4644
3241
2223
1348
631
-69
-1133
-2636
-4287
-5891
-7394
-8404
-8781
-8727
-8357
-7718
-6989
-6415
-5915
-5331
-4671
-3881
-2698
-1054
884
2961
5033
6748
7867
8366
8334
7810
6979
6062
5109
4179
3337
2617
1889
997
-64
-1264
-2585
-3814
-4678
-5049
-4889
-4231
-3206
-2002
-662
757
2087
3373
4723
6109
7540
9142
10894
12666
14411
15865
16704
16784
16022
14023
10731
6986
3394
-150
-3243
-5204
-6575
-8302
-10297
-12257
-14533
-17090
-19104
-20116
-20285
-19546
-17781
-15484
-13050
-10542
-8309
-6433
-4556
-2459
-372
1837
4507
7185
9354
11130
12486
13018
12719
11972
10827
9348
7857
6398
4840
3392
2113
605
-1196
-3044
-4965
-7018
-8769
-9859
-10334
-10269
-9689
-8984
-8553
-8149
-7552
-6916
-5975
-4334
-2364
-467
1501
3551
5295
6637
7819
8728
9085
9080
8962
8518
7626
6562
5237
3454
1510
-251
-1801
-3196
-4294
-5111
-5899
-6666
-7096
-7087
-6694
-5778
-4412
-2798
-852
1263
3282
5244
7138
8792
10323
11936
13539
15204
17001
18580
19356
19245
18335
15798
11195
6290
2267
-1685
-5208
-6923
-7740
-9868
-12985
-15735
-18525
-21601
-23440
-23149
-21737
-19666
-16802
-13984
-11686
-9502
-7565
-5799
-3192
264
3634
6853
10103
12566
13489
13505
13342
12755
11843
11185
10524
9395
7913
5750
2580
-526
-2869
-5022
-6719
-7372
-7721
-8678
-9836
-10607
-11116
-11275
-10641
-9588
-8386
-6562
-4329
-2257
-123
1995
3256
3874
4776
6048
7523
9269
10906
11689
11188
9781
7890
5539
3329
1813
427
-1073
-2185
-3351
-5105
-6930
-8468
-9774
-10550
-10291
-8978
-7117
-5012
-2895
-1207
173
1828
3688
5753
8469
11431
13991
16082
17487
18064
18315
18751
19082
19015
18778
17652
13891
7922
2571
-1840
-6601
-9935
-10567
-11427
-14547
-17847
-20258
-23025
-25352
-25172
-22757
-19816
-16604
-13281
-10885
-8996
-6828
-4632
-1779
2549
7099
10371
12766
14537
14692
13482
12634
12486
12101
11557
10858
8903
5684
2138
-1953
-6179
-8550
-9157
-9630
-9765
-9402
-9998
-12002
-13695
-13896
-12923
-10745
-7364
-4037
-1671
266
1893
3036
4487
6637
8550
9954
11563
13021
13386
12778
11721
9950
7533
5458
3950
2459
857
-995
-3576
-6489
-8872
-10585
-11577
-11678
-11108
-10428
-9862
-9106
-7807
-5987
-3864
-1331
1578
4529
7227
9588
11812
13778
15323
16719
18029
19016
19950
20946
21081
20015
18480
15899
10603
3996
-584
-3722
-7573
-10332
-10916
-12886
-17623
-21669
-23567
-24836
-25075
-22906
-19310
-16252
-14100
-12583
-11245
-8954
-5476
-1367
3664
9205
12736
13372
13205
13104
12422
12109
13211
14326
13926
12149
9003
4347
-213
-3470
-6495
-9122
-9526
-9213
-10591
-12253
-13133
-14597
-16223
-15732
-12928
-9275
-5517
-2394
-977
-842
-133
1763
4507
8428
12325
13907
13351
12472
11683
10690
10256
10576
10084
7934
5367
2895
-114
-2963
-4961
-6926
-8759
-9647
-10149
-10761
-11227
-11398
-11311
-10721
-9014
-6033
-2709
61
2289
3989
5513
7608
10171
12918
15609
17286
17765
17814
17603
17295
17555
18099
17894
16877
15169
10987
3498
-3102
-6273
-9423
-12733
-12531
-11876
-15915
-21248
-23304
-23890
-24231
-21906
-16924
-12833
-11152
-10266
-9277
-7599
-4079
742
5712
10703
14026
13694
11900
11483
11574
11377
12052
13070
12234
9101
5033
681
-3325
-5563
-6908
-9104
-10336
-9984
-11403
-13895
-14153
-13577
-13894
-12958
-9772
-6297
-3558
-1334
17
584
1810
4480
7520
10442
12979
13261
11159
9395
9125
9246
9368
9513
8606
5719
2006
-759
-2736
-4451
-5467
-6556
-8403
-9737
-10338
-11042
-11167
-10275
-9174
-7956
-6209
-3905
-1387
864
2832
4796
6914
9452
12007
13813
15147
16046
15903
15515
15860
16092
15881
15982
15868
14557
12832
10784
5889
-1428
-5978
-7601
-10607
-12907
-11781
-12717
-18363
-22493
-22482
-21754
-20448
-16441
-11866
-10008
-9863
-9141
-7586
-4497
546
5274
8724
11802
12879
11053
9810
10822
11534
11263
11606
11372
8522
4354
488
-3259
-5878
-6387
-7296
-9928
-11224
-11332
-13268
-14731
-13058
-11311
-11107
-9775
-6958
-4493
-2303
133
1955
3153
4995
7261
8913
10520
11919
11181
9127
8523
8759
8206
7558
7044
5115
1721
-1086
-2608
-3764
-4912
-6042
-7697
-9474
-10343
-10495
-10317
-9663
-8689
-7641
-6425
-4773
-2515
58
2219
3779
5565
7716
9575
11333
13317
14499
14511
14493
14726
14808
14661
14203
13540
13028
12515
11650
10513
8888
4656
-2330
-7048
-7958
-9589
-11794
-11224
-11845
-17292
-21770
-21129
-18993
-17250
-14186
-10851
-9696
-9737
-8499
-5833
-2343
1885
5400
7301
9252
10847
9982
8912
9960
10719
10201
10141
9728
7145
3036
-882
-3774
-5506
-5644
-5671
-8174
-10989
-11460
-12316
-13405
-11131
-8131
-8042
-8397
-6920
-4795
-2691
-91
2533
4002
4716
5917
7206
8387
9867
10000
8420
7526
7631
7028
5925
5244
4051
1547
-885
-1834
-2458
-3887
-5382
-6893
-8546
-9333
-9248
-9038
-8436
-7589
-6946
-6037
-4570
-2813
-892
935
2492
4203
6241
8005
9379
10802
12028
12553
12903
13649
14114
13885
13485
12944
12263
12060
12175
11605
10329
8172
3282
-3205
-6298
-6429
-8377
-10540
-10245
-12049
-17548
-20298
-18518
-16845
-15903
-13634
-11436
-10967
-10549
-8591
-5756
-2475
1288
4190
6006
8027
9068
8217
8312
10244
11220
11020
10778
9130
5667
2170
-193
-1591
-2350
-2544
-4048
-8050
-10958
-10928
-11136
-11122
-8789
-7452
-8806
-9438
-8055
-5934
-3304
-475
1387
2018
2741
4185
5544
7146
8787
8610
7341
7159
7536
7288
6788
6201
4931
2762
832
39
-782
-2301
-3833
-5545
-7211
-7908
-8119
-8350
-8102
-7533
-6903
-5996
-4781
-3507
-2336
-909
1052
3093
5065
6925
8171
9155
10245
11152
12266
13526
13875
13646
13483
12943
12628
13270
13680
12800
11265
8953
3928
-2434
-5109
-4949
-7120
-9694
-9673
-11961
-17801
-20397
-18676
-17439
-16764
-14727
-12871
-12527
-12125
-10124
-7168
-3896
-112
2946
4948
7386
9084
8906
9577
11557
12255
12093
11949
10486
7847
5400
3307
1297
-245
-1002
-2979
-7335
-9812
-9050
-9530
-10460
-9007
-8697
-10985
-11776
-9966
-7445
-4722
-2193
-979
-888
-136
1573
3208
5607
8267
8280
6970
7291
7833
7473
7443
7502
6626
4866
3125
2061
856
-805
-2233
-3939
-5674
-6257
-6736
-7739
-7959
-7549
-7414
-7021
-6028
-4928
-3826
-2227
-11
1947
3505
5254
6453
7161
8934
11112
12330
13201
13852
13550
12965
13036
13493
13829
13879
13375
11809
9708
7647
3632
-1943
-4243
-4429
-7706
-10954
-10971
-13076
-18450
-20491
-18370
-17355
-17676
-16133
-14116
-14045
-13353
-10147
-6897
-4163
-535
2425
4281
6943
9238
9724
10396
12262
13464
13280
12680
11613
9457
6756
4600
2984
1645
450
-2240
-6581
-9016
-8881
-9628
-10484
-9370
-9478
-12116
-13117
-11093
-8613
-6542
-4295
-2744
-2514
-1880
159
2509
4909
7129
7639
7010
7467
8765
9178
8706
8484
7813
5628
3906
3818
2973
906
-758
-2593
-4833
-6112
-6599
-7164
-7729
-8114
-8099
-7747
-7192
-6224
-4877
-3444
-1867
0
1908
3599
5138
6848
8761
10551
11960
13096
14133
14574
14348
14274
14399
14195
13766
13572
13163
11531
9191
6397
1368
-3916
-5354
-6027
-9391
-11535
-12201
-16208
-20846
-20746
-18635
-18339
-17915
-16139
-15052
-14431
-12183
-8751
-5764
-2802
504
3223
5841
8917
10473
10312
11373
13284
13709
13577
13598
12125
9265
6619
4659
3165
1745
-74
-3392
-7551
-9308
-9286
-10326
-10655
-9920
-11329
-13565
-13226
-11091
-8860
-6674
-4941
-4273
-3776
-1802
962
3386
6199
8094
7605
7496
8984
9833
9855
9885
9376
7968
6184
5084
4339
2699
771
-1023
-3460
-5491
-6271
-7198
-8403
-8942
-9106
-9210
-8983
-8291
-7144
-5731
-4095
-2141
19
2091
3785
5417
7441
9517
11188
12751
14090
14576
14480
14680
14954
14765
14412
13868
13022
11992
10487
8807
6902
2428
-3442
-5777
-6344
-9569
-12152
-12099
-14795
-20020
-21198
-18900
-18358
-18486
-16614
-15073
-14760
-12850
-9105
-5986
-3464
-209
2865
4969
7525
10000
10478
10854
12739
13874
13628
13285
12111
9677
7126
5112
3531
1912
202
-2486
-6654
-8947
-8415
-9122
-10577
-10207
-10828
-13213
-13567
-11270
-8658
-6849
-5572
-4629
-4109
-2748
211
2971
5101
7127
7514
6859
7651
9270
9884
9669
9431
8752
6916
5136
4570
3606
1737
141
-1736
-3934
-5347
-6423
-7674
-8487
-8774
-8668
-8261
-7886
-7172
-5884
-4525
-2998
-918
1243
2741
3985
5802
7800
9531
11309
12678
13136
13207
13261
13494
13940
13949
13211
12251
11202
9840
8623
7912
6155
1483
-3429
-5002
-6180
-9451
-10892
-10738
-14034
-18487
-18869
-17362
-17402
-17273
-15554
-14069
-13507
-11861
-8890
-6554
-4361
-1036
1844
3998
6917
8786
8677
9355
11147
12085
12232
12029
11103
9375
7136
5360
4279
2998
1372
-1375
-5206
-6815
-6408
-7509
-8653
-8450
-9651
-11889
-12049
-10045
-7987
-6939
-6171
-5334
-4914
-3665
-1066
1177
3111
4874
5096
5019
6334
7734
8227
8397
8653
8264
6677
5486
5428
4689
3029
1601
12
-1904
-3284
-4303
-5313
-6117
-6556
-6694
-6847
-6797
-6089
-5170
-4396
-3185
-1593
-313
869
2436
4183
5863
7463
8861
9911
10498
10856
11463
11997
12185
12230
11755
10801
10117
9758
9301
8448
7490
5988
1766
-3200
-4266
-4283
-7266
-9210
-9125
-12307
-17104
-17731
-15911
-15888
-15970
-14186
-13447
-14230
-13032
-10145
-7942
-5264
-1854
216
1675
3986
5702
6279
8013
10738
11795
11497
11339
10452
8882
7995
7378
6197
4740
3283
542
-3235
-4513
-3689
-4815
-6505
-6791
-8658
-11416
-11301
-9255
-7736
-7079
-6920
-7026
-7079
-5722
-2683
-56
1717
2893
2510
2247
4099
6480
7893
8463
8437
7939
6750
6066
6851
6974
5621
4107
2353
601
-435
-1505
-2775
-3799
-4889
-5948
-6487
-6547
-6297
-5901
-5493
-4776
-3706
-2586
-1653
-569
992
2708
4389
6049
7445
8345
8921
9705
10824
11720
12231
12154
11284
10513
10262
10194
10361
10039
8757
6409
1710
-2826
-3169
-2997
-6004
-8073
-8822
-12949
-17650
-17357
-14999
-15191
-15812
-14985
-15270
-16140
-14012
-9947
-7381
-5552
-2869
-1008
68
2879
6209
7538
8689
10558
11102
10722
10863
11099
10887
9860
8251
6858
5423
3930
1706
-1354
-2510
-2432
-4521
-6648
-7124
-8859
-11024
-10629
-8780
-7914
-8346
-8706
-8495
-8105
-6120
-2750
-798
154
1197
1207
1802
4724
7487
8341
8394
8440
8230
7707
7990
8917
8437
6615
4971
3265
1546
688
-29
-1557
-3509
-5175
-6236
-6818
-7155
-6915
-6381
-6286
-6181
-5364
-4221
-3243
-2047
-235
1645
2950
4145
5618
6891
7931
9211
10529
11420
11640
11443
11263
11012
10730
10652
10550
9945
8705
7418
5998
2424
-2244
-3579
-3510
-6529
-9097
-9082
-11741
-16544
-17280
-15085
-15017
-16061
-15337
-14697
-15287
-13892
-10112
-7564
-6281
-3998
-1580
228
2785
5518
6656
7334
9038
10550
10802
10762
10952
10505
9230
8116
7201
5719
4137
2266
-666
-2384
-2002
-3096
-5591
-6566
-7506
-9532
-10110
-8720
-7547
-7595
-7826
-7482
-6827
-5337
-2862
-986
99
1170
1597
2241
4290
6254
7109
7466
7579
7737
7840
7706
7929
7699
6276
4716
3347
2025
1133
58
-1522
-2951
-4289
-5451
-6119
-6537
-6682
-6545
-6359
-5924
-5120
-4165
-3203
-2103
-624
973
2255
3403
4654
5881
6965
8099
9266
9918
10106
10377
10484
10298
10255
9961
9075
8212
7640
7075
6201
5226
3919
402
-3873
-4724
-4488
-7034
-8857
-8871
-11742
-15748
-15499
-13255
-13502
-14226
-13226
-12953
-13486
-11516
-7955
-6250
-5239
-2870
-839
379
2737
5165
5494
5725
7263
8245
8386
8801
9095
8489
7219
6177
5505
4464
3465
1990
-726
-1973
-1637
-3036
-4672
-4783
-5823
-7601
-7636
-6289
-5480
-5678
-5528
-4937
-4896
-3941
-1821
-741
55
1217
1115
1280
3073
4353
4744
5280
5648
5651
5299
5101
5429
5236
4394
3585
2583
1771
1412
645
-393
-1066
-1889
-3026
-3801
-4125
-4374
-4616
-4522
-4273
-4110
-3663
-2903
-2175
-1347
-127
939
1593
2536
3692
4409
5220
6451
7270
7745
8146
8298
8495
8646
8518
8480
8223
7578
7035
6484
5960
5400
4631
3345
214
-3213
-3741
-4218
-7131
-8287
-7853
-10476
-13515
-12971
-11723
-12594
-13269
-12084
-11600
-12105
-10226
-7080
-6194
-5470
-3031
-1522
-686
1839
4144
4225
4497
6335
7487
7298
7743
8622
7988
6474
5916
5791
4896
4046
2808
316
-857
-370
-1385
-2848
-2964
-4187
-6375
-6727
-5564
-4779
-4985
-5160
-4915
-5206
-4886
-2960
-1689
-1153
-187
-159
-124
1793
3665
4201
4610
5110
5268
5179
5708
6835
6638
5330
4669
3982
2939
2619
2227
763
-923
-2123
-3134
-4175
-4825
-5148
-5902
-6642
-6483
-5894
-5402
-4819
-3923
-2855
-1881
-638
1011
2391
3559
4753
5606
6643
7841
8501
9154
9746
9630
9323
9143
8723
8279
7869
7347
6522
5267
4252
3325
2115
1552
368
-3359
-6084
-5809
-6728
-8814
-8407
-8253
-11303
-13434
-12196
-10962
-11140
-10382
-9046
-9416
-9758
-7392
-4640
-3795
-2558
-560
-41
560
2812
4180
4030
4683
5859
5966
5703
6160
6473
5572
4467
4112
3503
2814
2551
870
-1260
-994
-535
-1887
-2535
-2489
-3836
-5022
-4271
-2875
-2612
-3158
-3073
-2777
-2785
-1667
74
492
367
514
528
1265
3025
4120
3808
3277
3419
3615
3657
4250
4691
3729
2217
1342
911
750
580
-188
-1559
-2986
-3829
-4064
-4201
-4304
-4364
-4650
-4918
-4537
-3567
-2635
-1935
-1069
21
951
1959
3240
4287
4980
5616
6116
6558
7070
7369
7415
7254
6912
6560
6143
5736
5375
4829
4011
3085
2320
1863
1516
1129
779
453
239
-974
-3664
-4672
-3425
-4020
-5914
-5725
-6081
-8799
-9587
-7614
-7090
-8319
-8305
-7657
-8345
-8209
-5624
-4056
-4696
-4126
-2551
-2360
-1318
1523
2379
1294
1733
3086
3445
3904
5117
5562
4542
3595
3670
3619
3596
4139
3117
1211
1365
1587
299
47
395
-827
-2119
-1933
-1321
-1584
-2237
-2117
-2033
-2504
-2129
-1331
-1331
-1195
-913
-1081
-820
92
699
768
896
1334
1416
1207
1788
2376
2032
1761
1737
1343
979
846
554
91
-398
-731
-1101
-1665
-1800
-1712
-2007
-2150
-1967
-1839
-1623
-1266
-769
-106
371
943
1903
2570
2811
3319
4005
4406
4740
5130
5322
5319
5340
5345
5256
5098
4870
4531
4017
3482
3047
2559
1948
1433
1182
1043
545
-150
-264
-1172
-3643
-4431
-3385
-4340
-6010
-5402
-5564
-8002
-8804
-7205
-6752
-7722
-7376
-6621
-7436
-7415
-5145
-3868
-4199
-3353
-1864
-1383
-465
1480
2275
1844
2373
3604
4135
4563
5347
5476
4805
4304
4270
4138
4066
3991
2718
1204
1296
1297
190
-76
-92
-1497
-2666
-2320
-1912
-2338
-2681
-2613
-3040
-3371
-2525
-1769
-1881
-1667
-1410
-1764
-1323
163
939
798
1024
1532
1516
1747
2749
3153
2491
1989
1845
1439
1281
1558
1230
72
-845
-1211
-1604
-1869
-1740
-1810
-2317
-2622
-2432
-2007
-1579
-1224
-871
-477
-24
590
1398
2294
3077
3498
3705
4067
4439
4720
5115
5245
4792
4383
4208
3947
3809
3832
3395
2414
1601
1264
936
562
518
329
-305
-651
-626
-477
23
-387
-2313
-3354
-3010
-3301
-3597
-2873
-3209
-5176
-6190
-5309
-4485
-4624
-4518
-4430
-5346
-5500
-3809
-2486
-2470
-2199
-1682
-1603
-865
719
1364
893
962
1636
1996
2367
3105
3316
2608
2080
2325
2597
2800
2794
1800
893
1312
1735
1397
1397
1184
-118
-1141
-721
89
-161
-1017
-1442
-1863
-2299
-1794
-995
-1138
-1777
-2187
-2242
-1782
-1008
-587
-846
-1158
-1028
-734
-171
716
1086
595
78
-6
245
686
961
827
306
-157
-126
68
122
196
71
-390
-552
-130
350
464
415
465
508
578
946
1591
1944
1910
1923
1988
2094
2360
2685
2835
2838
2586
2140
1928
2055
2338
2493
2405
2149
1886
1780
1933
2074
2024
1936
1608
1193
1330
1821
1966
1899
1888
1166
-606
-1562
-1026
-1264
-2487
-2799
-3312
-5199
-6004
-5084
-4872
-5688
-5956
-6034
-6907
-6939
-5109
-3833
-4166
-3934
-2955
-2618
-1791
111
1069
776
1109
2064
2559
3145
4169
4507
3917
3565
3711
3675
3623
3639
2776
1465
1135
1122
467
-6
-428
-1636
-2671
-2670
-2603
-3084
-3465
-3535
-3820
-4095
-3568
-2929
-2982
-2917
-2392
-2032
-1527
-466
324
438
699
1392
1824
2004
2597
3071
2704
2306
2484
2463
1959
1747
1739
1180
327
-44
-222
-742
-1060
-1049
-1348
-1720
-1612
-1365
-1202
-852
-446
-150
181
629
1037
1469
2031
2509
2815
3133
3516
3750
3877
3992
3929
3720
3557
3401
3183
2898
2619
2382
2065
1645
1268
1024
744
435
221
-68
-466
-554
-205
90
130
99
80
-266
-988
-1254
-870
-917
-1445
-1543
-1814
-2820
-3320
-2908
-2736
-3228
-3702
-4046
-4609
-4768
-3998
-3352
-3512
-3663
-3477
-3282
-2784
-1713
-1061
-1347
-1499
-988
-370
246
1015
1396
1128
789
940
1464
1913
2104
1806
1093
796
1005
1084
1180
1169
372
-575
-777
-583
-420
-414
-706
-1224
-1668
-1663
-1287
-964
-822
-925
-1219
-1198
-742
-330
52
437
497
405
516
950
1380
1515
1575
1493
1193
1184
1495
1485
1233
1046
739
390
281
404
412
189
45
-3
-146
-46
283
406
437
522
562
646
936
1319
1564
1605
1665
1759
1758
2006
2376
2345
2120
2073
1969
1848
1992
2082
1891
1723
1668
1492
1357
1433
1426
1185
1024
1030
948
808
810
697
375
261
354
447
317
-356
-1257
-1718
-1867
-2034
-2156
-2555
-3480
-4364
-4605
-4437
-4451
-4653
-4865
-5266
-5592
-5173
-4314
-3876
-3748
-3552
-3352
-2949
-1976
-855
-404
-428
-183
369
972
1734
2384
2451
2135
2036
2270
2608
2874
2866
2402
1816
1594
1620
1668
1461
876
199
-169
-243
-298
-432
-714
-1056
-1300
-1328
-1205
-1130
-1145
-1214
-1174
-856
-436
-117
126
274
337
520
909
1285
1407
1328
1235
1159
1171
1341
1356
1144
939
570
190
166
254
97
-118
-213
-378
-574
-491
-193
-41
0
77
100
209
555
979
1279
1374
1373
1389
1466
1731
2044
2071
1886
1738
1715
1759
1834
1964
1904
1487
1185
1203
1243
1244
1242
966
569
418
363
344
330
259
67
-217
-365
-237
-133
-207
-168
-377
-1044
-1479
-1500
-1623
-1884
-2006
-2240
-2767
-3289
-3433
-3414
-3565
-3628
-3575
-3822
-4064
-3726
-3249
-3057
-2720
-2235
-2033
-1816
-1235
-672
-376
-28
514
927
1142
1483
1907
2062
2074
2247
2396
2388
2312
2106
1852
1691
1519
1268
1007
804
525
123
-53
-59
-285
-606
-762
-841
-947
-906
-743
-720
-771
-674
-544
-475
-327
-153
-50
63
151
194
304
391
414
524
631
563
484
464
345
191
151
93
-100
-250
-309
-362
-350
-276
-349
-502
-438
-255
-158
30
363
599
690
818
1022
1162
1333
1597
1826
1951
2047
2090
2017
1930
1953
1978
1882
1694
1485
1254
986
836
797
668
430
233
98
-15
-68
-95
-121
-141
-170
-91
56
150
295
483
504
537
702
681
387
106
-92
-302
-510
-726
-1020
-1445
-1979
-2355
-2487
-2685
-2906
-3089
-3387
-3641
-3581
-3352
-3136
-2952
-2761
-2523
-2222
-1763
-1248
-871
-609
-277
136
569
995
1365
1619
1729
1798
1975
2241
2395
2315
2149
1972
1856
1846
1722
1391
1008
680
405
183
-87
-426
-745
-1051
-1287
-1384
-1482
-1676
-1840
-1833
-1771
-1742
-1569
-1301
-1240
-1234
-985
-645
-409
-177
77
275
368
479
760
940
961
1065
1094
902
821
884
833
751
650
484
320
243
284
300
198
156
101
-34
41
214
321
449
551
509
494
595
743
931
1056
1074
1054
1131
1263
1371
1453
1512
1548
1532
1518
1521
1501
1463
1487
1532
1475
1376
1256
1113
1029
1042
1020
872
658
434
265
201
183
84
-200
-612
-975
-1201
-1353
-1533
-1782
-2119
-2493
-2794
-2927
-2882
-2840
-2977
-3159
-3154
-3044
-2856
-2502
-2222
-2128
-2029
-1785
-1427
-1045
-665
-349
-168
-24
273
598
859
1115
1258
1234
1241
1311
1320
1315
1283
1213
1084
859
711
570
355
229
92
-172
-346
-424
-581
-721
-793
-828
-912
-952
-898
-913
-903
-833
-807
-748
-544
-348
-271
-197
-66
11
88
334
551
522
455
511
520
558
729
810
718
597
531
561
585
609
608
492
379
415
511
566
640
695
657
624
694
806
874
894
935
1002
1056
1056
1085
1174
1173
1119
1096
1082
1018
952
946
979
978
834
695
633
587
540
507
504
444
293
216
323
400
378
349
328
288
248
263
300
296
254
198
-5
-284
-453
-627
-899
-1123
-1322
-1669
-2006
-2170
-2311
-2486
-2603
-2717
-2859
-2951
-2911
-2808
-2661
-2451
-2231
-2044
-1796
-1438
-1155
-921
-624
-292
-55
177
465
705
856
964
1042
1115
1168
1182
1180
1050
873
753
621
504
432
280
33
-168
-326
-506
-645
-708
-774
-837
-871
-876
-852
-800
-717
-615
-482
-339
-141
72
188
326
510
689
873
1043
1141
1195
1245
1287
1293
1245
1149
1019
866
730
616
509
384
227
107
-45
-174
-161
-105
-129
-137
-134
-139
-84
45
265
419
499
652
782
841
998
1179
1290
1374
1442
1483
1500
1469
1480
1519
1406
1241
1168
1033
872
810
751
603
431
286
174
95
78
82
-32
-144
-148
-129
-143
-142
-135
-183
-207
-211
-202
-175
-189
-296
-429
-573
-721
-822
-898
-1062
-1354
-1564
-1674
-1828
-1990
-2054
-2161
-2400
-2447
-2331
-2320
-2347
-2269
-2140
-2037
-1852
-1567
-1351
-1260
-1053
-716
-448
-201
101
293
398
586
736
801
862
921
889
791
743
710
647
562
413
180
2
-115
-278
-394
-432
-465
-543
-582
-548
-478
-379
-285
-213
-132
-6
102
250
421
519
627
764
847
915
1019
1095
1153
1202
1171
1084
1029
998
939
850
768
713
604
455
320
255
255
234
181
142
103
72
112
211
298
361
421
488
592
696
846
962
1032
1081
1090
1140
1198
1276
1286
1248
1156
1055
957
879
843
757
616
464
323
143
30
-1
-42
-140
-223
-287
-368
-377
-287
-201
-194
-210
-223
-224
-176
-82
-16
-29
-101
-160
-274
-373
-445
-630
-832
-1034
-1324
-1596
-1739
-1857
-2035
-2199
-2324
-2507
-2670
-2668
-2527
-2433
-2374
-2254
-2144
-2035
-1793
-1431
-1132
-931
-776
-618
-431
-173
151
370
484
566
619
658
742
875
906
828
768
721
614
569
565
470
350
277
194
121
65
-1
-32
-52
-32
24
41
69
123
182
239
340
454
535
628
741
844
929
1026
1048
1064
1097
1089
1091
1077
1020
926
813
725
628
531
414
332
250
140
72
30
18
-15
-30
-5
49
115
190
305
396
482
619
776
897
978
1079
1149
1193
1267
1306
1262
1218
1186
1118
1020
898
741
561
411
317
188
-4
-192
-370
-533
-628
-654
-703
-835
-966
-986
-966
-936
-882
-839
-855
-844
-787
-723
-660
-624
-634
-708
-738
-753
-798
-875
-928
-1003
-1150
-1242
-1259
-1337
-1449
-1511
-1573
-1616
-1644
-1656
-1637
-1627
-1564
-1443
-1316
-1191
-1032
-900
-799
-602
-402
-217
0
197
377
513
628
746
880
946
964
977
977
985
950
904
867
775
605
496
428
367
300
188
92
0
-39
-29
-21
-33
-64
-48
-31
0
93
184
256
330
452
564
633
732
847
932
986
1068
1150
1154
1117
1093
1065
1028
967
847
749
605
472
397
303
195
80
-2
-110
-212
-236
-214
-195
-194
-182
-157
-119
-14
110
194
244
281
342
436
550
617
658
639
596
573
561
543
504
436
295
205
136
58
-9
-100
-221
-321
-392
-458
-514
-569
-605
-704
-805
-862
-876
-877
-855
-851
-898
-883
-857
-848
-800
-729
-705
-730
-730
-677
-645
-624
-546
-498
-547
-587
-573
-559
-567
-561
-550
-597
-628
-613
-595
-592
-553
-542
-580
-574
-541
-510
-475
-414
-344
-327
-338
-281
-190
-105
-19
42
60
80
164
275
370
442
485
507
497
536
607
657
703
735
722
683
667
686
715
746
743
680
628
565
552
598
606
584
543
481
453
475
463
426
386
309
236
208
191
162
125
81
56
38
31
54
39
-4
8
58
81
102
111
125
124
137
186
228
218
177
178
187
209
224
232
208
199
233
259
303
306
243
206
226
249
244
266
263
209
161
125
97
108
128
81
-6
-74
-107
-154
-212
-241
-309
-427
-487
-497
-544
-623
-684
-743
-842
-901
-915
-956
-976
-1009
-1055
-1083
-1075
-1046
-1032
-1013
-993
-964
-930
-884
-832
-774
-715
-639
-532
-431
-362
-334
-273
-201
-135
-33
52
90
78
93
117
164
217
228
218
189
181
204
252
299
305
289
269
274
298
353
409
446
456
463
462
489
560
638
651
631
637
633
625
652
700
683
607
547
503
452
427
400
337
244
184
146
104
110
98
42
5
28
55
41
75
119
151
185
216
253
256
282
344
394
421
446
452
447
468
514
527
501
478
448
426
403
388
379
354
285
200
169
130
77
29
-25
-106
-186
-225
-238
-274
-331
-351
-408
-476
-476
-478
-507
-535
-575
-630
-663
-662
-653
-662
-690
-701
-722
-751
-749
-740
-748
-746
-776
-820
-846
-837
-815
-816
-804
-813
-837
-837
-797
-767
-725
-670
-639
-599
-534
-462
-365
-264
-189
-116
-64
-20
76
173
238
272
280
314
344
361
376
385
373
343
319
291
264
242
220
184
177
156
166
184
207
241
249
278
307
339
389
464
541
597
604
623
660
696
711
717
733
696
665
668
649
610
605
588
547
483
428
377
309
272
225
171
133
102
61
7
-15
-35
-42
-25
-5
24
63
109
164
212
262
337
391
409
419
445
461
475
505
467
394
335
279
187
112
31
-89
-212
-308
-388
-487
-580
-668
-751
-823
-862
-878
-906
-925
-931
-912
-873
-837
-790
-753
-737
-707
-644
-577
-540
-495
-472
-470
-443
-398
-366
-377
-384
-392
-407
-391
-387
-382
-376
-395
-431
-438
-395
-358
-342
-343
-321
-297
-257
-193
-150
-131
-91
-41
5
57
126
192
204
218
274
340
387
423
426
424
416
441
493
525
514
470
426
384
383
395
393
364
315
256
214
232
264
264
248
229
242
271
328
389
416
422
434
465
506
564
599
609
600
587
593
613
612
591
543
511
466
424
407
385
340
276
248
215
166
127
103
81
55
41
14
-21
-33
-46
-71
-95
-106
-115
-153
-181
-192
-211
-216
-228
-245
-282
-326
-368
-404
-407
-426
-462
-493
-520
-558
-579
-590
-600
-614
-651
-641
-644
-647
-610
-577
-570
-559
-539
-530
-506
-478
-451
-435
-413
-400
-395
-371
-331
-291
-287
-275
-246
-240
-226
-209
-193
-173
-167
-173
-162
-149
-114
-116
-139
-121
-99
-90
-89
-61
-35
-31
-13
20
74
107
121
151
194
232
251
266
290
309
328
367
403
408
436
441
429
449
481
519
505
508
519
512
525
529
544
538
525
513
505
503
505
491
447
422
402
357
321
303
278
217
163
118
75
56
44
26
-16
-57
-68
-93
-89
-67
-46
-43
-61
-60
-53
-46
-31
-10
-14
-25
-41
-58
-47
-32
-24
-44
-106
-146
-160
-189
-192
-200
-239
-292
-336
-346
-360
-374
-405
-443
-449
-454
-452
-461
-456
-429
-409
-397
-382
-367
-355
-327
-291
-263
-255
-243
-231
-211
-191
-166
-159
-175
-174
-182
-178
-172
-155
-145
-173
-188
-198
-184
-165
-161
-144
-138
-132
-140
-109
-85
-55
-9
3
6
18
54
110
157
177
192
205
211
228
271
306
315
308
310
317
338
364
377
362
321
312
308
315
313
296
275
253
231
231
226
213
193
171
162
138
126
138
136
104
97
114
123
118
110
103
82
74
81
79
70
48
19
3
-12
-18
-19
-52
-73
-99
-110
-102
-104
-86
-95
-101
-108
-88
-66
-60
-59
-69
-59
-60
-60
-45
-48
-71
-81
-88
-103
-116
-143
-160
-173
-184
-200
-205
-203
-217
-242
-261
-263
-260
-255
-239
-232
-231
-224
-203
-177
-159
-123
-114
-88
-62
-42
-15
-3
20
30
47
40
44
66
53
47
34
31
37
31
41
38
23
2
14
21
15
18
25
22
22
30
36
21
20
34
32
38
41
59
73
64
67
84
86
89
102
103
106
98
114
106
100
118
111
90
73
78
69
60
54
64
48
26
17
3
20
27
16
19
15
8
15
27
57
45
27
32
25
13
15
39
22
-9
-10
-8
-24
-39
-40
-53
-69
-67
-52
-41
-31
-4
-3
8
36
47
57
69
76
83
84
92
96
89
73
62
27
23
7
-19
-46
-68
-71
-111
-124
-134
-136
-148
-162
-161
-170
-169
-148
-132
-113
-104
-87
-73
-55
-31
-15
-7
10
28
46
65
69
79
94
96
89
86
95
92
90
95
80
61
57
44
28
13
4
-16
-44
-54
-60
-55
-60
-52
-63
-54
-47
-37
-4
18
48
49
75
105
135
160
178
203
185
188
202
208
210
195
183
151
117
105
92
65
34
14
-19
-41
-54
-62
-60
-75
-73
-85
-90
-80
-48
-26
-15
12
23
33
71
108
123
158
168
166
173
196
217
231
216
207
190
170
172
168
148
109
80
56
31
20
8
-27
-56
-80
-89
-92
-101
-106
-112
-113
-124
-119
-112
-97
-85
-77
-69
-71
-66
-60
-54
-46
-47
-43
-44
-63
-68
-71
-81
-90
-101
-105
-122
-141
-157
-168
-175
-174
-170
-189
-194
-198
-184
-184
-182
-161
-145
-131
-124
-83
-66
-42
-7
8
22
34
57
79
89
92
100
94
83
82
77
83
73
58
39
13
-5
-5
-8
-6
-25
-44
-48
-66
-50
-36
-37
-48
-56
-50
-44
-24
2
16
28
33
53
85
112
126
137
156
166
183
191
209
218
214
219
215
210
211
195
183
158
148
146
128
104
87
77
44
33
27
22
6
-18
-23
-27
-23
-28
-14
-14
-24
-22
-4
15
27
30
32
32
39
59
48
39
23
14
7
-3
-23
-42
-70
-102
-119
-145
-148
-172
-195
-218
-236
-242
-243
-231
-231
-233
-232
-225
-212
-181
-159
-143
-135
-131
-99
-70
-51
-22
-9
-7
-5
7
37
45
48
45
40
39
31
38
32
22
9
0
-19
-31
-29
-37
-43
-63
-70
-72
-70
-60
-52
-56
-60
-51
-33
-7
1
13
31
42
55
70
81
108
114
126
131
129
132
130
143
142
129
108
109
108
98
98
75
44
39
39
34
30
27
18
7
9
18
25
29
33
34
36
46
59
83
85
100
92
87
97
89
93
82
73
51
28
24
16
5
-23
-57
-81
-98
-103
-113
-130
-135
-151
-153
-144
-142
-142
-144
-150
-135
-117
-113
-88
-92
-86
-69
-63
-42
-51
-48
-48
-41
-43
-37
-47
-38
-47
-66
-67
-92
-96
-98
-100
-124
-133
-146
-152
-143
-136
-138
-149
-150
-136
-120
-108
-84
-64
-59
-43
-21
-4
21
35
59
60
65
83
92
94
87
86
67
50
59
47
40
27
12
0
-16
-20
-14
-13
-16
-15
-8
3
28
50
59
79
96
117
130
140
151
167
184
185
177
168
176
163
153
140
123
104
92
72
55
39
12
8
-12
-17
-29
-46
-52
-48
-36
-45
-48
-60
-50
-34
-19
-5
-11
2
9
13
41
37
42
28
27
30
20
25
7
1
-16
-25
-46
-65
-87
-95
-103
-117
-135
-141
-143
-157
-145
-156
-149
-150
-150
-139
-121
-105
-93
-77
-69
-57
-45
-26
-15
6
13
14
20
24
37
41
38
22
7
4
-7
-11
-8
-26
-45
-58
-69
-68
-68
-84
-77
-78
-77
-59
-49
-23
-22
-9
10
18
44
49
67
84
109
114
109
113
108
134
126
106
93
72
77
75
71
55
24
1
-6
-10
-4
-13
-27
-45
-46
-36
-16
-2
-9
4
1
20
32
56
76
87
86
92
108
110
123
121
122
113
102
103
94
85
73
52
32
15
1
-14
-30
-36
-51
-68
-80
-94
-100
-99
-104
-113
-108
-104
-109
-103
-89
-73
-72
-60
-46
-34
-20
-1
11
15
27
43
59
57
55
60
53
55
57
48
27
16
-2
-11
-11
-28
-39
-78
-82
-87
-79
-79
-92
-103
-115
-102
-87
-66
-59
-54
-60
-49
-34
-11
3
8
11
11
20
28
46
44
40
25
19
27
19
19
16
7
0
-1
-17
-22
-22
-21
-19
-43
-39
-34
-26
-12
-15
-5
-1
7
17
31
41
57
65
74
76
95
103
109
116
96
106
95
95
93
89
73
55
45
35
33
6
-4
-16
-31
-34
-46
-55
-68
-71
-64
-65
-71
-70
-59
-57
-40
-29
-18
-9
5
27
37
51
63
84
93
108
109
116
119
123
125
129
117
104
97
72
73
61
52
29
4
-17
-20
-27
-31
-43
-67
-74
-76
-71
-66
-70
-65
-64
-59
-52
-39
-32
-14
-8
-13
1
4
21
30
37
33
29
30
28
28
24
15
3
-14
-23
-24
-34
-47
-70
-75
-85
-93
-95
-105
-106
-105
-96
-106
-92
-86
-78
-51
-56
-44
-25
-4
11
29
34
42
56
67
78
74
75
67
69
69
58
54
39
18
2
-9
-16
-31
-40
-68
-78
-80
-83
-78
-88
-85
-88
-75
-60
-51
-34
-12
3
25
43
53
89
90
112
139
132
141
141
153
166
152
145
126
114
108
101
81
66
42
21
13
-6
-11
-15
-39
-49
-56
-55
-45
-49
-43
-43
-35
-27
-15
0
8
15
24
32
43
53
64
55
58
61
59
56
37
32
28
19
11
-12
-27
-40
-52
-49
-69
-75
-85
-101
-94
-91
-79
-81
-86
-82
-69
-50
-38
-33
-27
-15
-6
3
16
30
31
25
28
26
41
39
28
20
9
13
6
-3
-18
-30
-33
-34
-49
-49
-53
-62
-60
-61
-58
-52
-48
-42
-37
-17
-7
5
14
14
34
41
54
59
69
68
66
75
67
71
61
59
53
38
32
17
22
15
-2
-11
-18
-26
-15
-24
-28
-25
-26
-25
-16
-8
-12
2
1
11
17
30
30
34
51
51
48
45
48
47
52
46
43
35
24
30
20
9
4
-11
-19
-32
-29
-23
-37
-41
-48
-49
-47
-45
-47
-52
-52
-48
-47
-44
-38
-35
-40
-35
-39
-38
-38
-37
-34
-39
-33
-42
-45
-38
-40
-37
-48
-46
-40
-44
-38
-33
-32
-26
-27
-21
-19
-11
-3
0
10
10
17
23
17
29
32
37
27
23
33
32
38
35
21
18
17
21
18
7
2
1
2
6
5
0
-1
-6
4
2
6
5
7
13
16
24
26
26
23
33
33
33
37
32
25
30
32
17
26
11
10
7
1
1
-11
-8
-15
-10
-13
-11
-13
-15
-4
-5
10
5
9
17
17
25
34
37
41
44
31
43
40
43
42
39
24
12
17
6
11
2
-23
-38
-41
-45
-46
-53
-68
-80
-74
-68
-81
-66
-76
-71
-61
-61
-49
-35
-29
-19
-7
-1
9
10
20
22
37
38
40
27
37
36
38
41
10
16
2
-3
2
-9
-20
-29
-37
-39
-42
-48
-60
-65
-59
-65
-58
-55
-56
-51
-43
-35
-31
-27
-18
-15
-2
7
17
19
31
32
31
36
33
40
42
36
29
30
22
25
20
21
6
-4
-7
-9
-5
-6
-12
-19
-21
-15
-14
-12
-10
-12
-4
2
0
12
18
26
38
32
37
35
47
59
60
62
50
55
57
63
60
47
36
31
33
28
26
14
13
2
3
-8
-10
-9
-18
-16
-22
-14
-11
-8
-5
-7
0
4
5
9
12
12
21
28
31
30
31
34
31
32
25
21
21
13
16
2
-2
0
-14
-12
-27
-38
-32
-46
-49
-49
-47
-53
-48
-57
-56
-47
-44
-31
-38
-40
-28
-24
-9
1
-10
6
-2
7
18
16
20
17
21
13
14
16
12
12
4
-3
-6
-12
-4
-7
-18
-20
-27
-26
-24
-27
-26
-22
-24
-18
-11
-16
1
3
0
13
6
19
27
28
39
34
42
42
44
45
45
37
38
35
28
34
25
16
20
14
6
12
-9
-4
-8
-7
-8
-17
-11
-11
-6
4
-2
-10
2
3
15
17
7
8
15
25
29
25
17
16
17
25
14
8
5
-1
-3
-2
-9
-11
-15
-16
-19
-26
-22
-30
-23
-21
-20
-10
-19
-6
1
5
3
3
15
15
22
20
26
22
36
26
25
26
16
26
13
11
0
2
-3
-16
-7
-18
-20
-28
-30
-37
-30
-32
-36
-31
-37
-34
-28
-20
-19
-11
-13
-5
-4
10
15
13
21
21
26
27
40
32
40
33
29
38
31
27
24
18
19
16
10
3
10
5
5
-4
-14
-1
-8
-3
-9
-11
-10
-5
-5
-1
1
-5
-4
-4
-6
5
-2
-10
-6
-8
-6
-6
-15
-15
-13
-25
-23
-25
-32
-25
-39
-36
-30
-39
-27
-38
-30
-27
-27
-26
-30
-20
-13
-10
-12
-7
0
6
3
4
8
6
13
2
7
9
3
12
1
-1
0
-1
-7
-15
-8
-13
-21
-16
-22
-16
-14
-23
-17
-19
-14
-14
-13
-15
-14
0
1
-1
-1
5
8
13
12
11
16
14
15
16
17
16
19
16
11
14
17
11
7
1
7
10
1
-2
-7
0
0
-2
-2
-9
-10
-4
-4
-9
0
-11
-7
-6
-7
8
-6
-4
-2
-4
-2
-4
-5
-4
-2
-6
-9
-6
-11
-1
-7
-15
-13
-16
-15
-20
-12
-11
-14
-20
-18
-15
-6
-9
-11
-14
-8
-5
0
2
-7
4
7
6
4
5
2
9
7
5
3
-5
-6
3
-3
-7
-13
-21
-14
-21
-13
-28
-26
-32
-30
-22
-33
-27
-31
-21
-24
-21
-14
-18
-4
-7
-2
0
7
18
23
20
22
36
36
40
35
36
40
39
41
43
33
35
31
23
25
16
16
7
-8
-3
-4
-15
-15
-21
-29
-24
-36
-34
-31
-38
-34
-36
-32
-34
-26
-23
-20
-19
-17
-11
-12
1
-1
2
2
4
13
13
5
11
14
8
10
1
5
-1
-1
-6
-8
-11
-16
-15
-13
-20
-16
-20
-28
-22
-21
-16
-24
-19
-17
-8
-13
-5
-6
-4
1
-7
4
7
7
6
7
5
11
14
7
1
7
7
2
2
0
5
0
-4
-3
2
0
5
-3
4
9
3
20
4
18
21
18
26
25
31
36
38
31
40
36
33
38
36
34
33
25
31
18
21
16
4
8
-6
-5
-6
-8
-14
-17
-22
-22
-18
-21
-27
-29
-20
-20
-17
-15
-15
-3
-8
-1
-5
-1
10
6
14
8
15
15
18
13
18
12
8
9
-1
13
3
-4
-6
-10
-16
-12
-19
-28
-24
-27
-25
-23
-34
-22
-30
-29
-20
-34
-17
-22
-12
-10
-11
-6
-4
6
-2
4
4
11
12
14
11
16
19
18
23
9
12
17
10
15
16
8
19
7
12
14
9
17
5
10
16
9
22
19
13
24
20
24
20
21
25
23
25
22
21
21
21
16
16
17
7
15
3
-2
8
-2
3
-10
-10
-6
-11
-6
-18
-9
-11
-15
-9
-15
-9
-3
-8
-6
-11
4
5
4
5
-3
9
13
7
10
6
9
14
13
13
4
11
9
5
5
3
-1
2
-4
-7
-5
-9
-7
-10
-15
-19
-12
-17
-13
-19
-22
-16
-17
-18
-12
-20
-17
-11
-16
-5
-18
-10
-6
-10
2
-9
-2
-4
3
8
5
3
4
6
9
10
8
13
11
14
9
17
16
9
14
11
7
13
10
3
9
7
7
0
0
2
-4
-2
-7
-9
-4
-11
-12
-5
-10
-7
-10
-16
-8
-10
-7
-10
-10
-5
4
-4
-5
1
5
7
3
8
-2
12
14
8
11
10
5
12
12
4
8
6
2
2
8
0
-9
-3
-4
-7
-5
-9
-16
-10
-6
-14
-7
-15
-15
-3
-11
-5
-7
1
2
-1
8
-1
9
14
9
16
12
13
22
20
15
20
15
16
5
19
6
9
10
0
7
-3
3
-10
-3
-5
-14
-5
-15
-15
-4
-7
-14
-6
-12
-4
-4
-3
1
-3
3
4
3
8
5
9
7
3
4
2
4
0
4
-6
-12
-8
-16
-12
-19
-26
-19
-26
-28
-26
-28
-28
-28
-29
-28
-25
-20
-17
-16
-11
-10
-2
-5
3
6
8
9
9
21
20
18
16
14
20
16
13
9
5
7
4
-3
-11
-3
-9
-15
-22
-25
-20
-18
-28
-26
-25
-25
-17
-18
-16
-16
-7
-5
-2
0
8
10
18
14
23
25
24
31
31
32
29
30
30
27
25
24
24
14
18
11
8
12
-3
5
0
-13
-1
-7
-13
-1
-13
-6
-12
-9
-4
-3
-6
-8
-1
-1
4
-2
1
2
1
0
4
-7
-4
0
-7
-5
-7
-14
-14
-8
-20
-11
-22
-21
-16
-18
-14
-26
-16
-14
-12
-14
-15
-6
-6
1
-1
-6
10
4
6
9
5
12
10
7
4
12
3
9
-6
-8
6
-14
-6
-16
-19
-12
-19
-23
-21
-22
-28
-20
-31
-16
-21
-20
-15
-22
-4
-6
-3
-6
2
9
11
8
8
24
19
24
20
19
27
23
21
19
19
15
18
11
8
11
7
1
1
-7
2
-6
-14
-8
-12
-9
-12
-8
-14
-4
-11
-6
-8
-5
-7
-2
7
-4
5
0
7
8
11
6
3
5
14
11
4
6
0
10
9
-4
-6
8
-3
-1
-1
-12
-1
1
-5
-10
-7
-6
3
-9
-4
-6
1
7
-6
-4
6
1
-3
8
-5
6
5
5
4
5
3
1
6
-6
5
1
-1
-2
-1
2
-1
-2
-5
-4
-5
-6
-1
-1
-7
-3
-2
-2
-5
-2
-2
-3
-2
-6
0
-1
1
1
-4
-2
-4
3
-1
-6
-4
1
-2
-2
-8
2
-1
-6
-1
-6
-2
-6
1
-5
-6
2
-7
-5
-4
-10
2
-5
-10
-8
-2
-6
-11
-4
-13
-6
-8
-11
-3
-12
-4
-7
-6
-4
-4
-3
-5
-3
2
6
0
3
1
11
9
9
4
12
12
8
16
4
14
13
12
10
4
12
8
8
2
7
2
7
0
-6
6
1
-1
-4
-4
-1
3
2
-5
4
0
2
8
-3
8
14
6
7
11
10
14
15
6
16
17
12
10
16
14
14
10
10
2
12
15
4
6
-2
8
6
2
0
-1
-1
2
-4
-1
3
-7
-4
2
-8
-2
-2
-7
-3
-6
2
-7
-6
-2
-1
-4
-2
-7
0
0
-2
-4
-3
6
-2
2
2
-5
8
11
-2
6
5
15
13
7
6
12
17
10
14
8
15
13
15
11
9
16
5
18
2
7
12
1
9
1
5
0
0
4
3
-2
-1
-2
3
6
-1
0
6
9
6
9
5
11
17
14
15
13
17
22
23
19
22
19
24
22
18
27
14
20
20
14
18
15
11
11
9
6
8
11
-4
4
4
1
7
-1
-5
0
7
2
4
-2
-5
17
8
3
5
-3
19
9
11
7
4
17
10
16
2
6
11
6
8
0
6
2
1
3
-1
0
-5
-7
-3
-3
-7
-2
-6
-7
0
1
-1
-7
0
3
1
11
-2
7
11
6
16
7
9
12
7
17
9
4
18
6
7
8
6
1
2
5
-3
0
6
-7
1
2
-6
-1
0
-1
-4
7
1
1
13
7
4
12
11
13
16
9
18
14
23
21
11
17
17
15
13
12
4
12
11
7
4
4
3
-5
-1
-5
-7
-3
-3
-7
-3
0
-6
-5
-6
-4
-1
0
-1
2
2
9
3
6
3
4
12
-2
8
2
8
12
-1
1
-2
1
2
-7
-8
-9
-7
0
-11
-15
-11
-12
-7
-11
-16
-10
-15
-3
-2
-12
2
-10
-6
4
-6
0
-2
1
2
11
7
-4
1
-1
7
-4
1
-8
-1
3
-4
-4
-9
-10
-7
-8
-11
-11
-8
-8
-6
-4
-5
-4
-8
0
-8
5
0
-1
11
2
12
8
11
7
7
11
5
10
11
6
10
9
6
3
-2
-1
-2
1
-5
-6
-5
0
-8
-9
-5
-20
-2
-7
-15
-1
-12
-7
-1
-7
-9
-2
-7
-1
-3
-2
-1
1
3
-1
4
-5
2
0
-5
-1
-4
-2
-1
-3
-5
-8
-2
-11
-10
-10
-19
-5
-8
-9
-14
-16
-10
-17
-10
-19
-19
-17
-12
-15
-16
-13
-23
-13
-17
-22
-16
-18
-19
-16
-20
-13
-20
-19
-14
-20
-15
-17
-17
-16
-16
-15
-15
-9
-14
-14
-16
-14
-9
-11
-9
-14
-13
-3
-6
-10
-16
