SAMPLES:	9851
BITSPERSAMPLE:	16
CHANNELS:	1
SAMPLERATE:	16000
NORMALIZED:	FALSE
-9
6
4
-7
-7
6
1
1
4
-3
-3
3
11
2
-8
-5
6
11
7
7
9
14
15
10
6
-3
3
1
7
-4
-10
-9
-12
-5
-11
8
10
-4
3
9
3
13
7
2
4
-7
1
4
2
9
3
-1
11
17
12
0
5
10
-5
-15
-20
3
3
-9
2
0
-2
-11
-10
-9
-14
-13
-23
-18
-14
-12
-4
-9
-13
-7
-12
-19
-14
0
4
-8
-7
-1
2
3
15
21
12
22
8
11
15
4
0
-7
4
-4
4
-2
6
15
-6
4
0
4
-10
1
-3
-10
-4
-3
3
-1
3
-3
-5
-5
5
3
-4
-2
3
15
12
5
5
-2
6
10
6
-1
11
7
2
-6
7
4
-2
13
-11
4
5
1
13
4
3
5
-2
-1
-5
-12
7
-2
-1
9
-7
-9
-10
-2
-3
-1
-1
-3
-8
-4
-8
-27
-19
-18
-19
-8
-7
-20
0
-2
-13
0
3
-7
-5
-1
-9
-2
-8
-1
7
7
-6
-5
8
0
4
-5
1
0
2
1
-1
9
6
3
2
0
-2
-5
4
15
6
10
-7
-5
8
1
7
5
0
6
2
4
9
3
-11
-3
3
-5
-5
-6
-12
-22
-11
-14
-22
-19
-7
-6
-1
-1
-20
-8
-12
-18
-11
-5
-7
-10
-11
-6
6
-10
-4
4
9
10
10
15
13
25
13
8
10
0
6
7
12
17
1
1
1
-2
6
-3
-1
8
-2
3
17
8
6
12
-2
1
10
13
20
18
12
6
4
4
0
10
10
4
4
-3
10
-6
-2
15
-4
-6
-5
-18
-17
-22
-14
-4
-10
-14
-11
-5
-8
-3
-3
0
1
1
-11
-13
-12
-1
-2
-5
-3
4
6
-4
2
-8
-2
1
2
-10
-5
0
-14
-20
-21
-8
-14
-21
-10
-10
-11
-9
-10
2
3
-2
-9
-1
-1
0
0
-3
1
3
11
-2
-5
1
-2
-1
-9
-1
1
-7
-3
-9
-15
-9
-2
-6
-2
-1
-7
-3
-8
-5
-8
-11
-2
-10
-9
3
-9
-2
17
18
12
2
3
6
1
-10
6
14
4
14
12
7
5
12
0
10
28
8
16
10
9
12
4
7
2
-4
-8
-3
-2
12
0
-10
-1
-1
10
-2
-3
-3
-12
5
4
-3
-8
-15
-5
4
1
-2
6
8
3
2
-9
-13
-13
-12
-4
-9
-1
3
-4
3
-6
-6
-11
-10
-10
-18
1
-8
-10
0
-8
6
12
-2
2
2
-13
5
-2
-11
0
11
8
3
0
0
1
-7
-6
-17
-13
-10
-14
-7
-7
-13
-7
-10
-17
-14
-23
-6
-13
-18
-19
-13
2
-4
3
-5
-1
-1
11
4
-8
2
5
0
-9
-12
-6
-5
3
-1
-1
4
-2
-6
-10
3
12
18
4
10
3
-1
10
10
13
13
13
4
11
15
23
16
12
14
14
12
2
3
0
5
6
-7
-2
7
-1
-1
-12
3
14
-6
-12
-1
-2
-12
7
15
1
10
3
-1
-2
-10
3
-3
3
9
-2
7
6
-5
7
7
12
9
2
-3
13
6
-6
9
-5
-4
-3
-12
-10
-7
-8
-3
-5
-12
-5
-9
-9
-14
-6
1
10
10
2
2
4
4
3
-1
-6
5
-5
10
5
-3
1
-8
-1
-8
-7
-6
-9
-11
-13
-3
4
-1
-8
-5
1
-5
-3
-10
-5
-13
-20
-8
-23
-6
5
-5
-1
-5
-8
-9
-2
0
-1
-6
-4
8
-6
5
10
4
3
6
-1
-1
-5
-11
6
7
-4
-4
-3
-9
-9
-4
-3
-5
-1
-6
-9
-2
7
6
15
10
-2
6
7
3
0
0
-3
-13
-2
-4
-4
-2
-5
-4
-11
-8
-4
-3
-4
-4
1
6
1
-5
-1
-5
-6
2
2
5
8
4
-3
-4
0
6
11
11
6
15
20
8
7
9
14
17
8
3
4
6
10
3
-13
-12
5
15
8
10
8
-2
1
-5
1
-3
-23
-6
10
-1
-12
6
14
15
3
-7
17
15
6
-11
-4
31
29
8
8
11
10
2
-1
1
-2
-5
5
14
10
7
10
0
-3
-4
-12
-6
-8
-2
4
6
11
1
-5
-6
8
12
-24
-91
-113
-24
124
121
-59
-132
4
124
44
-88
-60
38
38
-29
-24
37
35
-37
-49
13
22
-48
-90
-35
55
41
-54
-54
20
65
35
-35
-45
-11
19
17
-18
-28
-36
-1
28
27
11
-10
-15
-23
-11
31
37
0
-27
-21
21
31
36
0
-52
-53
-7
48
37
-20
-16
44
64
36
-16
-18
-2
-1
5
-12
-15
-2
10
29
26
-9
-15
1
-3
-1
2
1
-20
-44
-21
48
48
-48
-85
-30
46
42
-9
-40
4
46
3
-27
2
29
-5
-45
-68
7
76
37
-12
-39
43
112
59
-69
-124
-23
124
22
-176
-98
124
192
-24
-156
24
189
74
-109
-116
61
105
-69
-95
60
156
-32
-137
30
136
31
-118
-17
141
32
-139
-67
124
85
-176
-221
-29
138
72
-126
-59
97
91
16
-28
41
48
-53
-123
-56
41
23
-86
-100
80
189
8
-188
-85
158
176
-180
-336
-100
156
120
-112
-68
113
109
11
67
149
6
-201
-121
116
120
-98
-221
-23
115
48
-37
-42
20
1
-18
89
119
-64
-128
82
199
-2
-270
-138
212
203
-185
-267
124
271
41
-178
-91
146
79
-199
-173
85
149
-12
-157
-27
178
129
-40
-9
114
61
-140
-167
85
181
-26
-269
-170
229
350
-44
-320
-67
205
151
-177
-217
93
202
-59
-236
23
320
178
-349
-275
321
394
-179
-526
112
651
33
-691
-235
562
317
-531
-469
478
610
-352
-780
212
947
27
-939
-386
758
602
-490
-669
62
478
238
-274
-156
177
5
-89
10
14
-145
-131
85
249
12
-222
127
144
-67
1
-1
-61
-165
-57
334
42
-486
-85
432
362
-294
-406
146
156
-154
-254
265
355
-288
-443
181
512
146
-421
-468
325
413
-111
-485
-255
283
490
347
-652
-517
680
656
-388
-927
33
797
158
-452
-182
602
468
-812
-370
751
410
-457
-865
272
956
-138
-878
-35
746
477
-483
-740
308
442
22
-275
-513
109
679
61
-365
-78
-59
344
122
-324
134
29
-236
-1
-92
61
461
35
-290
-120
148
-49
-105
170
26
-9
-241
155
392
-119
-276
-212
-38
208
264
-260
-255
290
292
20
-358
-405
662
829
-756
-914
223
763
237
-749
-403
897
475
-695
-394
305
494
-271
-554
178
269
-106
-276
-79
49
311
327
-310
-409
202
374
-279
-621
172
890
36
-1031
-66
1062
225
-861
-759
556
1256
-161
-1038
-227
703
478
-396
-579
85
580
24
-518
-123
537
262
-636
-528
528
998
80
-1196
-712
918
959
-375
-985
32
989
19
-1146
-140
1222
456
-842
-959
436
1225
-292
-1057
15
744
572
-506
-822
789
497
-708
-348
-38
281
642
-49
-442
-279
-166
781
365
-677
-299
192
217
19
-151
45
-34
-355
217
323
164
31
-391
-126
-81
137
588
-119
-648
31
289
71
-76
-28
481
-14
-433
-64
184
-78
163
359
-319
-213
-100
211
476
-329
-687
-44
708
289
-431
-209
323
65
-192
-486
279
843
-404
-1035
-226
1053
761
-644
-917
289
646
104
-92
6
42
-581
-124
605
308
-207
-451
-165
301
471
-83
-129
258
-178
-298
25
125
193
395
-557
-347
644
258
-549
-489
261
384
282
-645
-339
764
277
-419
-396
55
575
163
-765
-278
447
329
-213
-343
212
466
-57
-662
55
774
267
-842
-857
372
792
-136
-777
549
373
-574
-254
604
517
-522
-503
-7
391
134
-94
-192
32
-146
-232
757
389
-538
-422
-86
472
445
-343
-277
-47
25
240
18
107
97
-131
-390
-145
101
454
593
-416
-450
-777
413
1488
-294
-1255
93
832
-8
-63
-342
466
401
-1239
-637
1287
890
-734
-666
-443
549
365
-291
-100
40
110
-376
193
323
-298
-296
-116
430
548
-34
-118
-116
-110
174
-158
-22
332
183
-319
-503
-6
474
287
-534
-209
571
-220
-591
-22
461
421
-441
-1168
288
880
-48
-307
-246
395
98
-452
-282
574
699
-105
-326
-160
536
52
-494
157
345
215
-78
-223
261
10
-360
-311
218
352
-282
-305
215
-255
-788
-288
408
825
-301
-1422
92
918
-359
-719
-216
810
520
-851
-483
771
657
-626
-553
692
1289
-256
-920
97
355
226
182
541
435
-609
-857
270
602
65
-337
-240
556
123
-256
92
54
-383
-521
40
470
249
-500
-632
40
773
363
-265
-552
-20
181
-230
193
250
225
-124
-454
-270
484
940
343
-304
-319
147
290
-77
-41
-39
-196
179
377
119
356
-128
-685
-324
-270
-38
442
376
-679
-843
-100
557
338
-429
-662
-88
494
110
485
620
-48
-578
-380
302
937
395
-330
-284
-519
64
803
617
-285
-949
-342
720
411
-582
-484
-413
-621
-140
363
363
-233
-1033
-786
8
207
210
-35
-724
-646
-320
65
246
-58
-370
-292
212
291
410
-9
-161
124
267
428
568
388
-334
-497
-390
-79
19
-20
-158
-477
-357
12
320
50
-213
-101
-143
58
356
629
622
353
-51
-136
580
756
569
122
-49
48
25
223
373
382
203
154
673
931
449
384
382
537
900
1176
1278
1144
768
332
456
792
1068
699
63
55
483
726
815
733
769
1075
980
877
697
-335
-1820
-2598
-2331
-1246
-655
-1329
-2632
-3793
-4114
-3747
-3017
-2509
-2417
-2616
-2829
-2430
-1678
-1075
-535
-204
-65
441
982
976
1006
1159
1264
1502
1502
1404
1158
608
201
9
-253
-645
-859
-750
-987
-1254
-1093
-810
-525
-556
-631
-616
-610
-442
-120
244
531
799
875
1070
1531
1651
1605
1682
1706
1894
2320
2724
2867
2760
2734
2823
2845
2690
2421
2174
1996
1869
1694
1396
1165
843
574
631
482
261
325
531
1042
1686
2296
3152
3614
4002
4333
4132
2615
-417
-3591
-4733
-2966
-1043
-942
-2751
-5656
-8527
-9662
-8594
-6319
-4890
-5266
-5862
-5697
-4640
-3543
-2423
-1504
-575
752
1346
1696
1988
1732
1526
1962
3025
3762
3663
2911
2143
1484
1323
1365
1032
418
-811
-2018
-2557
-2327
-1809
-1537
-1963
-3009
-4018
-4575
-4476
-4213
-4060
-3807
-3398
-2401
-847
218
568
648
806
1605
3037
4396
5013
4909
4823
4843
4932
5029
4774
3988
2889
1852
1081
452
-218
-986
-1796
-2512
-2724
-2513
-2494
-2492
-2386
-2044
-1354
-789
-128
604
1334
2106
3061
4380
5292
5718
5999
6319
6800
7045
6938
6930
7378
7707
8181
8857
8969
8513
7538
6221
3603
-873
-6031
-10108
-10567
-8496
-7492
-8533
-11407
-15636
-18812
-18641
-15419
-11642
-9110
-8054
-6941
-5283
-3480
-1293
1301
3857
6013
7500
7988
8275
7787
6838
6491
6619
6727
6003
4506
2723
735
-1168
-2492
-3542
-4620
-5936
-7388
-8694
-8943
-8279
-7240
-6164
-5819
-5974
-6025
-5591
-4534
-2947
-1039
774
2406
3989
5494
6645
7087
7205
7402
7582
7506
7460
7233
6509
5476
4257
2993
1936
567
-1074
-2292
-3364
-3944
-4412
-4826
-5125
-5402
-5346
-4802
-3753
-2609
-1426
-604
222
1481
2644
3580
4594
5619
6615
7536
8551
9259
9198
9223
9119
8524
7839
7353
7251
7421
7894
8412
8452
7615
5915
2540
-2983
-9316
-14177
-15076
-12293
-9633
-9610
-11514
-15513
-19638
-20223
-16681
-11360
-6980
-4077
-2169
-640
462
1913
4319
7073
9673
11154
11128
10330
8681
6324
4620
3922
3357
2286
507
-1586
-3728
-6264
-8320
-9399
-10004
-10535
-10910
-11119
-10605
-8980
-7013
-4724
-2481
-1376
-865
-5
1451
3136
4599
5814
6721
7610
8083
8307
7955
6580
5067
3887
3171
2730
2292
1583
727
-276
-1298
-1698
-1984
-2441
-2517
-2392
-2329
-2365
-2305
-2206
-2223
-2157
-1842
-1095
-223
708
1517
1830
2125
2659
3130
3794
4818
5702
6302
7013
7476
7432
7502
7453
7028
6412
5585
4730
4320
4622
5435
5956
6064
6124
5868
5456
4358
1503
-3490
-9361
-13747
-14118
-10824
-8114
-8148
-10303
-14236
-17650
-17346
-13453
-8517
-4647
-2274
-681
601
1447
2582
4472
6424
7976
8809
8444
6992
4921
2516
859
322
-99
-1089
-2670
-4565
-6514
-8092
-8806
-8988
-8822
-8783
-8699
-8350
-7141
-4449
-1634
808
2542
2898
2637
2892
3968
5480
6741
7227
6974
6259
5362
4639
3781
2561
1429
315
-689
-1351
-1660
-1759
-1722
-1612
-1545
-1235
-897
-935
-777
-187
303
443
505
361
-64
-596
-744
-262
272
658
767
658
578
764
1059
1652
2634
3592
4625
5756
6562
6712
6908
7124
7176
7096
6703
5908
4947
4449
4264
3958
3433
3281
3365
3721
4604
5370
5938
6021
5084
2687
-1703
-7888
-14122
-17243
-15461
-11865
-10203
-10491
-12932
-17073
-19267
-16745
-11164
-5523
-972
2234
4294
5091
5262
6163
8040
10113
11285
11189
9716
7021
3244
-372
-2647
-3891
-4844
-6111
-7305
-8939
-10937
-12407
-12834
-11987
-10542
-8803
-6993
-5096
-2500
431
3126
5661
7364
7798
8114
8951
9617
9853
9349
7915
6246
4685
3256
1628
-692
-3698
-6586
-8128
-8091
-7229
-5766
-4169
-3341
-2989
-1889
-68
1433
2951
4814
6198
6670
6663
6086
4999
3627
2165
1190
519
-128
-902
-1812
-2787
-3183
-2716
-1814
-280
1499
2855
4082
5461
6659
7609
8564
9095
8720
8114
7612
6740
5664
4843
3814
2427
1170
424
320
799
1576
2392
3423
4159
4247
3895
2295
-1970
-8430
-14969
-18168
-16108
-11891
-9258
-8493
-9921
-13891
-16249
-13772
-8144
-2133
2982
6500
8166
8147
7144
6785
7610
8801
9338
8600
6292
2659
-1906
-6298
-8830
-9648
-10049
-10370
-10674
-11372
-12382
-12669
-11508
-9476
-7112
-4650
-2225
93
3100
6502
9244
11419
12514
11804
10326
9412
8800
8076
7062
5252
2656
-191
-2897
-5311
-7675
-9592
-10405
-10215
-9000
-6964
-4872
-3000
-735
1793
4251
6628
8569
9788
10339
10382
9851
8702
6831
4098
1131
-1688
-4261
-6254
-7482
-8201
-8748
-8584
-7622
-6050
-3868
-1148
1674
4170
6718
9134
10882
12073
12862
12949
12291
11084
9579
7772
5679
3659
1882
107
-1540
-2768
-3643
-3714
-2727
-942
1057
2874
4455
5480
5912
5332
2613
-2358
-8830
-14684
-15919
-12336
-8749
-7309
-7412
-10139
-14452
-15455
-11442
-5587
-355
3783
6411
7155
6407
5361
5355
6324
7038
6783
5246
2205
-1840
-5971
-9159
-10330
-10378
-10566
-10709
-10618
-10425
-9964
-8656
-6737
-4449
-1852
591
2852
5416
8391
10802
12436
13414
12672
10324
8112
6651
5391
4182
2422
-226
-2967
-5226
-6791
-7991
-9371
-10406
-10321
-9041
-6454
-3038
500
3650
5936
7568
9065
10299
10674
10647
10512
9322
6824
3613
138
-3455
-6675
-9074
-10702
-11489
-11492
-10917
-9421
-6943
-4204
-1400
1855
5489
8809
11714
14265
15846
16074
15403
14495
12986
10692
8158
5674
3020
235
-2254
-4415
-6172
-7241
-7462
-6990
-5602
-3288
-691
2020
4595
6720
8364
9394
9062
6279
732
-6764
-12959
-13812
-10492
-7844
-7011
-7459
-10934
-15574
-16191
-12229
-6719
-1575
2571
5280
6226
5493
4391
4810
6287
7128
6693
5051
2209
-1861
-6023
-8828
-9664
-9616
-9906
-10072
-9738
-9365
-8796
-7232
-4841
-2112
334
2296
4105
6348
8924
10778
12038
12703
11391
8386
5920
4470
3247
2027
253
-2501
-5311
-7292
-8302
-8476
-8652
-9013
-8725
-7336
-4935
-1482
2501
5679
7730
9145
10126
10406
9940
9200
8301
6795
4214
980
-2397
-5827
-8867
-10895
-11557
-11196
-10303
-8872
-6610
-3838
-1058
1802
4915
8336
11349
13535
15156
15842
15035
13383
11629
9349
6575
3979
1360
-1568
-4093
-5865
-7100
-7996
-8611
-8436
-6918
-4423
-1664
1303
4383
7428
10121
12235
13703
14293
13995
12782
10221
5072
-3291
-12991
-19204
-19279
-16609
-14575
-13518
-14787
-18741
-20982
-18461
-12898
-6132
586
5863
9324
10810
10406
9815
10529
11386
10938
9173
6243
1959
-3159
-7547
-10102
-11612
-12982
-13794
-13644
-12862
-11540
-9193
-6452
-4009
-1396
1390
4058
7062
10718
13746
15077
15394
14402
11382
7849
5390
3406
1174
-1161
-4003
-7150
-9591
-10604
-10439
-10072
-9995
-9633
-8256
-5724
-2063
2181
6347
9549
11257
12001
12295
11818
10486
8925
7156
4618
1209
-2630
-6383
-9504
-11849
-13137
-12952
-11680
-10125
-8294
-5694
-2421
972
4328
7917
11388
13985
15541
16186
15695
14219
12355
10071
7258
4447
1807
-1078
-3880
-5700
-6661
-7342
-7441
-6684
-5460
-3990
-1961
702
3792
7062
9857
11700
12775
13257
13233
12695
11020
7036
-496
-10705
-19423
-22230
-19670
-16292
-14188
-13620
-16201
-20002
-19790
-14583
-7354
9
6599
11223
13542
13511
12138
11752
12534
12323
10381
7375
2995
-2647
-7887
-11523
-13545
-14715
-15771
-16169
-15281
-13466
-10863
-7618
-4521
-1688
1233
4187
7411
11146
14582
16301
16408
15637
13366
9695
6356
3924
1315
-1592
-4509
-7536
-10290
-11969
-12248
-11575
-10540
-9673
-8486
-5978
-2853
-54
3410
7555
10256
11462
12599
12669
10763
8406
6438
4152
1597
-964
-3954
-7076
-9886
-12417
-13532
-12304
-10039
-7849
-5167
-2044
777
3647
6769
9873
12512
14309
15450
15750
14574
12253
10134
7946
4932
2148
-135
-2966
-5521
-6486
-6725
-6738
-6249
-5614
-4762
-3086
-766
1802
4702
7497
9805
11606
12631
13040
13110
12801
11874
9461
4019
-5122
-15859
-23253
-23866
-20336
-16941
-14613
-14439
-17558
-20160
-17809
-11368
-3653
3830
9984
13931
15456
14615
13052
12666
12743
11578
9088
5607
682
-5177
-10401
-13911
-16021
-17426
-18038
-17364
-15186
-12071
-8830
-5933
-3479
-771
2913
6959
10792
14686
17440
17752
16872
15461
12404
8413
5057
2147
-773
-3932
-7505
-10649
-12413
-12902
-12466
-11573
-10723
-9613
-7980
-5544
-1903
2146
5773
9185
11686
12456
12454
11987
10241
8082
6475
4228
1064
-1926
-4856
-8090
-10814
-12206
-11933
-10340
-8450
-6340
-3594
-710
1892
4618
7508
10136
12320
14018
14861
14511
12967
10564
8124
5808
3106
176
-2289
-4144
-5651
-6557
-6944
-7084
-6443
-5001
-3327
-1118
1873
4746
6914
8557
10022
11448
12297
12288
12197
12073
10954
8665
5256
-740
-10515
-21080
-26441
-24799
-20597
-17110
-14301
-13936
-16830
-18301
-14407
-6939
1037
8052
13294
16173
16290
14451
13033
12960
12436
10063
6327
1811
-3514
-9244
-13970
-16468
-17494
-18418
-18413
-16365
-13353
-10270
-6790
-3492
-828
2633
7001
10721
13549
15773
16629
16032
15199
13759
10560
6204
2083
-1461
-4782
-7928
-10412
-11794
-12257
-11833
-10569
-9293
-8423
-6955
-4411
-1587
1243
4671
8267
10812
12327
13143
12824
11116
8759
6724
4895
2404
-762
-3860
-6863
-9949
-12164
-12357
-11062
-9520
-7811
-5547
-3067
-703
1775
4415
7269
10153
12466
14180
15054
14189
12039
10135
8319
5711
2958
621
-1831
-4195
-5716
-6722
-7223
-6739
-5732
-4530
-2917
-1078
888
3352
5869
7901
9913
11873
13026
13380
13367
12569
10606
7800
3332
-4551
-14790
-22543
-24128
-21504
-18383
-15664
-14608
-16962
-19678
-17785
-11264
-3328
4130
10213
13947
15169
14647
13963
14144
14134
12273
8719
4597
-124
-5537
-10529
-14078
-16368
-17916
-18637
-17786
-15338
-12509
-9900
-7255
-4489
-1175
3307
8012
11519
13920
15500
15982
16009
15985
14337
10461
6080
2258
-1207
-4323
-6945
-8862
-9978
-10622
-10757
-10580
-10562
-9886
-7548
-4265
-943
2675
6170
8280
9179
10006
10686
10489
9678
8707
7003
4172
870
-2256
-5040
-7391
-9186
-10147
-10060
-9386
-8535
-7216
-5074
-2364
259
2715
5488
8375
10498
11818
12811
12930
11845
10653
9587
7568
4668
1906
-771
-3400
-5136
-5995
-6662
-7091
-6786
-5852
-4635
-2941
-662
1988
4908
7399
9069
10669
12158
12766
12685
12371
11507
9938
7715
4092
-2341
-11621
-20631
-24818
-23254
-19421
-15846
-13692
-14975
-18366
-18478
-13275
-5402
2633
9294
13322
14601
14064
13126
13083
13513
12573
9746
6075
1732
-3646
-8932
-12719
-15121
-16861
-17875
-17262
-14889
-12399
-10788
-8864
-5996
-2582
1864
7027
10847
12564
13599
14565
15334
15998
15419
12381
8157
4335
735
-2602
-5229
-7302
-9184
-10570
-10808
-10335
-10064
-9601
-8056
-5871
-3415
-87
3767
6522
7982
9282
10151
9955
9216
8290
6849
4964
2840
392
-2270
-4977
-7547
-9189
-9453
-9072
-8519
-7420
-5813
-4117
-2334
-281
2145
4971
7604
9598
11093
11765
11309
10497
9825
8452
6332
4385
2413
-16
-2056
-3271
-4179
-4790
-4936
-4648
-3836
-2713
-1597
-7
2319
4665
6383
7829
9357
10482
10981
11089
10871
10032
8419
6257
3151
-2320
-10697
-19220
-23293
-21803
-18129
-15006
-13485
-14956
-17930
-17683
-12349
-4354
3372
8929
11698
12488
12353
12168
12804
13545
12310
8907
4911
705
-3924
-7980
-10893
-13334
-15520
-16592
-16037
-14476
-12856
-11283
-9240
-6456
-2529
2503
7111
9787
11124
12597
14303
15848
17048
16376
13011
8774
5111
1826
-1033
-3350
-5601
-7953
-9853
-10735
-11032
-11333
-11201
-9911
-7588
-4686
-1399
1596
3727
5621
7579
9227
10678
11359
10480
8806
6957
4632
2033
-426
-2849
-5345
-7470
-8919
-9697
-9726
-9096
-7980
-6428
-4475
-2061
829
3925
6647
8785
10547
11717
12095
12004
11439
9963
7819
5623
3286
751
-1484
-3348
-4829
-5667
-6007
-5654
-4632
-3669
-2719
-1047
1371
3741
5653
7431
9148
10367
11080
11393
10915
9520
7695
5656
2327
-3722
-12028
-19224
-21828
-20131
-17077
-14497
-13904
-16208
-18459
-16721
-10792
-3228
3559
8303
10821
11702
11911
12322
13217
13510
11964
8996
5714
1988
-2393
-6427
-9527
-12172
-14461
-15423
-14753
-13492
-12410
-11201
-9377
-6725
-2929
1521
5256
7742
9678
11654
13546
15434
16508
15122
11868
8644
5821
3051
474
-1982
-4682
-7442
-9228
-9701
-10017
-10696
-10938
-10158
-8479
-5725
-1972
1473
3746
5324
6566
7844
9280
10041
9829
8844
6946
4369
1787
-572
-2951
-5190
-6921
-8257
-9145
-9219
-8665
-7720
-6075
-3872
-1510
1162
3986
6357
8315
10138
11395
11890
11927
11289
9680
7525
5338
3096
977
-738
-2233
-3707
-5112
-5962
-5878
-5293
-4492
-3112
-1031
1344
3570
5723
7986
9862
10927
11440
11396
10742
9817
8559
5726
-360
-9131
-16786
-19766
-18546
-15961
-14002
-14288
-17413
-20187
-18576
-12751
-5620
580
4867
7253
8702
10276
12205
13843
14105
12526
9956
7311
4214
252
-3842
-7377
-10377
-12816
-14164
-14143
-13548
-13261
-12838
-11411
-8748
-4864
-353
3343
5681
7785
10364
13078
15544
16913
15967
13130
10196
7698
5189
2720
212
-2753
-5840
-8000
-9016
-9708
-10403
-10644
-10182
-8798
-6508
-4017
-1751
358
2450
4777
7284
9213
9853
9486
8635
7274
5675
4194
2225
-524
-3412
-5767
-7226
-7806
-7993
-8242
-8190
-7345
-5829
-3817
-1316
1347
3840
6218
8357
9949
10794
11106
11049
10167
8390
6442
4552
2226
-51
-1505
-2625
-3819
-4670
-4974
-5068
-4773
-3640
-1879
74
1974
3748
5443
7078
8516
9810
10745
10790
9946
8734
7444
5574
2003
-4124
-11980
-18259
-19840
-17544
-14564
-12913
-13688
-16462
-18047
-15461
-9116
-1914
3713
7194
9120
10076
10757
11849
12893
12613
10833
8587
5964
2412
-1664
-5538
-8878
-11432
-12987
-13541
-13182
-12549
-12199
-11624
-9927
-6868
-2891
1118
4173
6130
8035
10476
12922
14801
15211
13453
10642
8069
5763
3572
1348
-1359
-4406
-6747
-7767
-8086
-8650
-9749
-10852
-10763
-8722
-5381
-2017
401
1669
2709
4358
6514
8558
9672
9338
7841
5911
4138
2603
932
-1204
-3749
-6099
-7505
-8029
-8195
-8044
-7437
-6300
-4606
-2510
-87
2562
5109
7430
9370
10489
10754
10691
10334
9254
7632
5979
4095
1919
20
-1530
-2864
-3723
-4014
-3905
-3528
-2948
-2000
-550
1333
3356
5120
6591
7797
8631
9274
9723
9505
8607
7680
6598
4153
-988
-8638
-15992
-19358
-18098
-14870
-12167
-11762
-14413
-17466
-16771
-11656
-4787
1271
5442
7648
8428
8930
10044
11486
11880
10544
8514
6493
3495
-725
-4692
-7884
-10635
-12351
-12571
-12040
-11660
-11638
-11461
-10300
-7730
-3874
512
3911
5617
6861
8823
11138
13303
14689
14118
11729
9136
6930
4565
2007
-531
-3106
-5435
-6988
-7781
-8514
-9465
-10032
-9626
-8089
-5844
-3566
-1547
346
2218
4218
6290
7718
8111
7819
7174
6226
4977
3383
1361
-1050
-3487
-5369
-6317
-6538
-6647
-6718
-6332
-5451
-4158
-2343
-197
1954
4026
6008
7799
8991
9337
9294
9171
8464
7060
5571
4034
1890
-392
-1726
-2469
-3251
-3668
-3730
-3685
-3132
-1944
-352
1520
3420
5115
6505
7403
7761
7967
8267
8298
7697
6727
5653
4247
2237
-1260
-7009
-13728
-18351
-18725
-16032
-13081
-11385
-11717
-13699
-14271
-10954
-4893
956
4998
7336
8327
8664
9283
10212
10438
9455
7666
5640
3224
-67
-3694
-6827
-9415
-11403
-12172
-11792
-11049
-10584
-10126
-8889
-6720
-3693
-25
3237
5064
5984
7337
9366
11397
12881
12982
11032
7989
5238
3002
1171
-462
-2358
-4440
-6039
-6775
-7209
-7853
-8365
-8087
-6849
-5018
-3036
-1336
76
1591
3467
5454
7089
7843
7559
6614
5434
4204
2856
1478
-108
-2156
-4129
-5492
-6359
-6863
-6979
-6788
-6114
-4796
-3143
-1301
771
2779
4486
6173
7831
9009
9511
9490
8985
7848
6491
5212
3628
1638
-112
-1158
-1869
-2570
-3047
-3376
-3608
-3212
-1833
137
1954
3363
4471
5291
5934
6617
7440
8158
8272
7573
6286
4593
2813
1547
897
-173
-3233
-8707
-14925
-18825
-18609
-15435
-11702
-9378
-9631
-11241
-11101
-7739
-2492
2380
5547
7134
7823
8122
8493
8866
8308
6373
4030
2217
328
-2452
-5499
-8069
-10284
-11595
-11453
-10452
-9419
-8560
-7410
-5545
-3117
-301
2663
4953
6181
7155
8709
10298
11123
11252
10279
7894
5315
3392
1632
-247
-2196
-4283
-5990
-6610
-6112
-5311
-5227
-5961
-6644
-6176
-3983
-856
1808
3197
3178
2727
3177
4474
5622
5859
4943
3273
1753
1053
657
-433
-2174
-3923
-5073
-5240
-4747
-4269
-3921
-3453
-2667
-1466
27
1684
3283
4603
5680
6560
7038
7263
7485
7269
6271
4947
3787
2570
1287
441
-143
-903
-1496
-1526
-1277
-892
-242
534
1514
2731
3808
4495
4782
4670
4440
4427
4354
3973
3428
2754
1961
1034
120
-469
-599
-728
-1928
-5210
-10248
-14499
-15266
-12709
-9059
-6183
-5555
-7384
-9003
-7730
-4071
-168
2629
4122
4629
4860
5358
5875
5650
4367
2659
1542
868
-497
-2687
-4928
-6963
-8474
-8716
-7793
-6575
-5752
-5294
-4633
-3536
-1985
140
2281
3607
4293
5182
6497
7698
8361
8112
6750
4912
3403
2313
1374
195
-1507
-3339
-4553
-4781
-4342
-3990
-4186
-4833
-5454
-5292
-3856
-1626
410
1613
1984
1982
2128
2758
3695
4389
4408
3805
2892
1989
1040
-198
-1435
-2324
-2906
-3126
-3140
-3273
-3459
-3383
-2852
-1854
-428
1127
2415
3466
4435
5185
5757
6432
6970
6970
6539
5818
4822
3790
3105
2654
2037
1209
399
-277
-616
-427
25
534
903
974
1158
1689
2160
2381
2491
2546
2525
2486
2637
2764
2440
1820
1224
745
593
874
1256
855
-1423
-5749
-10684
-13713
-13301
-10472
-7422
-5760
-6529
-8873
-10012
-8210
-4386
-563
2200
3869
4600
4701
4769
4850
4515
3637
2804
2529
1879
-167
-2907
-5407
-7443
-8393
-7860
-6535
-5626
-5496
-5525
-4970
-3615
-1443
1143
3107
4037
4608
5572
6746
7652
8173
7849
6428
4805
3511
2183
578
-1302
-3216
-4604
-4943
-4417
-3993
-4391
-5403
-6254
-5979
-4235
-1878
245
1734
2323
2572
3222
4140
4923
5333
5253
4782
4120
3352
2288
721
-1118
-2684
-3566
-3772
-3720
-3820
-4045
-4106
-3753
-2890
-1536
188
1877
3195
4318
5292
5978
6507
6969
7115
6805
6220
5442
4284
2984
2068
1352
520
-191
-730
-1166
-1359
-1294
-980
-424
359
1284
2087
2526
2639
2589
2526
2584
2614
2644
2796
2694
2122
1419
803
220
-200
-193
193
653
846
-165
-3234
-7787
-11834
-13163
-11266
-8024
-5487
-4744
-6138
-8054
-8077
-5681
-2161
921
2833
3689
3906
3919
3920
3730
3161
2278
1493
935
-213
-2283
-4369
-5985
-7116
-7299
-6612
-5736
-5049
-4563
-3923
-2820
-1330
353
1983
3228
3935
4472
5401
6394
6882
6875
6162
4659
3112
1911
766
-365
-1567
-2821
-3696
-3919
-3652
-3440
-3686
-4125
-4340
-4022
-3013
-1367
472
1936
2683
2999
3342
3698
4192
4697
4798
4415
3737
2904
1880
615
-747
-1926
-2738
-3118
-3152
-3094
-3126
-3137
-2924
-2472
-1665
-401
958
2097
3109
4052
4713
5142
5562
5788
5701
5347
4740
3857
2949
2317
1794
1190
593
51
-404
-595
-391
91
611
1011
1354
1671
1836
1788
1617
1396
1197
1269
1606
1757
1517
1023
401
-106
-270
-256
-217
-162
-1
419
1069
1439
822
-1286
-4883
-8842
-11106
-10331
-7877
-5838
-5007
-5895
-7908
-8636
-6810
-3707
-834
1266
2559
3172
3610
4229
4544
4154
3323
2387
1616
737
-796
-2671
-4401
-5911
-6872
-6979
-6511
-5771
-4927
-3986
-2885
-1773
-516
820
1901
2765
3713
4912
6119
6907
7130
6651
5350
3977
2995
1956
831
-210
-1368
-2534
-3167
-3187
-3132
-3335
-3664
-3880
-3713
-2843
-1587
-393
778
1744
2443
3040
3505
3681
3679
3649
3603
3490
3219
2612
1522
212
-956
-1753
-2183
-2394
-2534
-2662
-2746
-2693
-2394
-1952
-1373
-511
521
1550
2464
3191
3674
4053
4400
4481
4386
4283
3956
3440
3246
3169
2725
2126
1585
993
546
529
766
982
1100
1088
928
786
721
692
772
830
681
617
782
900
937
904
701
586
698
771
703
507
181
-136
-192
78
547
1069
1099
-245
-3095
-6724
-9923
-10975
-9537
-7337
-5835
-5718
-7044
-8260
-7668
-5382
-2545
-84
1740
2970
3754
4303
4378
3733
2748
2037
1881
1885
1050
-799
-3037
-5256
-6664
-6767
-6144
-5448
-4840
-4301
-3707
-2838
-1657
-307
903
2002
3209
4516
5862
6748
6940
6614
5780
4737
3964
3160
1982
601
-880
-2185
-3021
-3323
-3319
-3523
-4149
-4777
-4944
-4390
-3108
-1523
-41
1171
2062
2786
3448
3949
4291
4590
4858
4943
4664
3931
2696
1137
-319
-1376
-1980
-2263
-2568
-2920
-3129
-3270
-3292
-2886
-2047
-999
216
1552
2726
3556
4182
4772
5351
5752
5920
5893
5507
4738
3833
3005
2240
1479
842
280
-277
-640
-745
-686
-461
-50
262
452
732
976
1190
1328
1249
1140
1155
1080
831
582
377
197
75
22
-52
-193
-294
-198
-43
91
305
467
45
-1511
-4183
-7239
-9271
-9227
-7687
-6010
-5042
-5373
-6579
-6983
-5718
-3500
-1257
534
1645
2290
2844
3400
3550
3084
2432
1865
1423
909
-164
-1794
-3476
-4856
-5577
-5452
-4915
-4444
-4196
-3967
-3421
-2595
-1539
-280
825
1662
2584
3753
4808
5527
5900
5745
5058
4295
3722
3051
2196
1192
-4
-1067
-1629
-1818
-1970
-2353
-2945
-3504
-3788
-3540
-2758
-1887
-1074
-149
693
1434
2282
3077
3595
3865
4087
4230
4138
3787
3122
2162
1187
353
-428
-1088
-1637
-2143
-2497
-2638
-2708
-2711
-2377
-1665
-658
652
1938
2718
3071
3463
3866
4178
4490
4584
4203
3580
3136
2788
2289
1716
1219
747
321
130
111
47
-16
132
420
641
797
919
967
919
899
954
914
688
411
132
-36
-71
-140
-136
-48
-139
-522
-742
-580
-257
210
583
657
653
765
745
-138
-2307
-5363
-8026
-8795
-7665
-6010
-4998
-5239
-6451
-7217
-6444
-4467
-2345
-733
393
1239
1919
2621
3080
2874
2285
1844
1620
1290
433
-790
-2096
-3416
-4238
-4404
-4357
-4289
-4091
-3783
-3288
-2557
-1641
-677
97
777
1657
2810
4132
5301
6005
6048
5408
4514
3914
3501
2953
2272
1317
144
-870
-1457
-1797
-2258
-2798
-3089
-3123
-2944
-2458
-1900
-1353
-647
222
1293
2326
3006
3348
3385
3269
3337
3590
3699
3404
2565
1333
150
-689
-1184
-1492
-1762
-1971
-2233
-2546
-2587
-2329
-1865
-1095
-51
1035
1865
2371
2767
3165
3458
3703
3933
3915
3674
3487
3370
3018
2394
1715
1079
551
339
325
282
240
197
137
150
219
267
362
420
432
542
742
807
728
580
397
278
282
350
273
60
-230
-543
-693
-631
-501
-398
-313
-206
-100
-203
-1010
-2773
-5198
-7437
-8213
-7288
-5710
-4508
-4236
-4945
-5772
-5608
-4289
-2584
-1159
-26
891
1560
2092
2371
2222
1816
1485
1418
1434
991
-1
-1122
-2163
-2937
-3233
-3123
-2880
-2636
-2337
-1971
-1691
-1382
-749
-11
697
1463
2264
3062
3762
4264
4459
4193
3616
3152
2779
2318
1785
1098
334
-261
-575
-740
-1061
-1528
-1874
-2120
-2201
-1994
-1665
-1262
-637
62
621
894
914
1039
1388
1809
2293
2592
2382
1855
1254
724
293
-15
-198
-420
-662
-866
-1128
-1377
-1428
-1276
-870
-170
538
1163
1694
1952
2140
2486
2844
3053
3120
2964
2523
2083
1913
1866
1624
1297
939
477
184
151
235
366
477
610
820
1016
1178
1268
1227
1175
1307
1485
1486
1274
846
286
-240
-562
-694
-829
-963
-1076
-1331
-1656
-1773
-1642
-1312
-827
-356
87
506
826
821
163
-1234
-3077
-4580
-5029
-4484
-3580
-2944
-3175
-4197
-5035
-5093
-4503
-3559
-2550
-1650
-873
-75
690
1045
928
730
770
1080
1468
1633
1379
711
-89
-712
-1055
-1229
-1244
-1190
-1216
-1210
-1210
-1306
-1409
-1424
-1296
-895
-124
823
1596
2034
2070
1862
1675
1694
1890
2104
2122
1867
1524
1197
881
568
343
76
-332
-764
-1140
-1413
-1502
-1344
-1087
-935
-887
-862
-695
-404
30
539
931
1216
1463
1657
1663
1609
1620
1585
1475
1384
1282
1018
689
446
244
89
-21
-8
183
435
676
908
1057
1158
1303
1443
1546
1555
1544
1571
1576
1504
1350
1112
890
799
843
988
1080
1109
1209
1351
1399
1420
1419
1329
1229
1189
1218
1178
936
476
-95
-653
-1018
-1113
-1071
-1048
-1159
-1336
-1482
-1516
-1340
-1066
-791
-444
-135
99
366
653
834
721
50
-1238
-2782
-3940
-4202
-3687
-2972
-2699
-3156
-3992
-4525
-4387
-3778
-3063
-2443
-1816
-1075
-287
356
564
370
169
234
570
981
1175
1028
664
218
-235
-672
-1005
-1200
-1240
-1057
-833
-793
-939
-1162
-1349
-1346
-1028
-427
338
1093
1644
1804
1553
1186
953
942
1112
1328
1380
1225
1057
931
747
429
98
-172
-355
-317
-144
-27
-65
-164
-138
-8
215
486
687
856
987
1042
1078
1081
993
875
823
738
565
382
237
96
-15
-2
50
75
130
223
354
571
872
1154
1424
1691
1875
1966
1951
1857
1737
1605
1470
1345
1129
818
458
163
-63
-300
-409
-407
-380
-311
-190
-63
64
147
274
526
818
1114
1364
1482
1425
1287
1130
1020
968
931
799
509
87
-412
-927
-1357
-1604
-1676
-1618
-1522
-1514
-1578
-1643
-1591
-1289
-879
-520
-216
75
244
174
-231
-981
-1813
-2313
-2269
-1845
-1421
-1321
-1617
-2110
-2484
-2605
-2542
-2403
-2239
-1906
-1367
-772
-306
-219
-483
-741
-711
-405
70
509
728
695
499
270
16
-205
-276
-173
-3
168
241
107
-197
-587
-880
-942
-743
-329
205
605
613
297
-127
-395
-376
-72
388
713
831
919
1001
996
854
642
455
385
537
889
1189
1230
1015
692
387
245
260
335
408
429
461
464
406
321
242
227
363
552
707
813
822
751
684
639
659
749
855
955
1059
1110
1145
1130
1007
831
645
525
538
603
683
745
696
542
343
112
-85
-164
-57
143
242
303
330
259
189
199
191
243
345
550
860
1065
1102
944
693
457
349
366
398
341
140
-150
-460
-714
-875
-970
-964
-849
-732
-650
-591
-606
-665
-712
-721
-668
-537
-323
-69
194
401
484
335
-48
-589
-1224
-1734
-1998
-1985
-1805
-1682
-1748
-1966
-2224
-2441
-2485
-2374
-2151
-1804
-1320
-738
-248
18
57
-59
-125
-21
179
333
409
380
264
64
-258
-643
-948
-1104
-1046
-819
-646
-647
-783
-948
-1104
-1128
-955
-609
-199
262
690
911
946
817
667
614
640
735
908
1057
1092
1058
887
523
139
-104
-106
53
249
406
452
441
443
508
606
684
735
831
966
1045
1041
880
601
369
274
297
343
330
268
223
229
276
304
250
204
237
385
661
890
971
912
806
789
878
989
1020
918
721
630
659
702
744
709
591
485
478
567
631
636
603
585
623
704
741
655
453
246
209
337
487
549
469
294
115
-11
-45
-8
-4
-57
-124
-237
-369
-453
-491
-487
-489
-512
-549
-573
-559
-576
-653
-737
-763
-687
-515
-341
-285
-381
-536
-719
-1015
-1413
-1838
-2145
-2203
-2035
-1790
-1665
-1724
-1845
-1894
-1847
-1772
-1661
-1511
-1264
-878
-465
-205
-154
-274
-429
-502
-471
-400
-364
-300
-288
-330
-416
-588
-788
-896
-864
-774
-615
-440
-312
-260
-210
-159
-148
-51
220
545
799
944
933
752
519
368
314
334
405
529
706
866
950
929
800
630
463
420
550
757
971
1085
1072
956
771
604
498
433
388
407
478
512
446
278
78
-39
-11
144
353
500
555
536
584
747
914
1035
1096
1096
1122
1259
1447
1506
1389
1148
897
729
685
691
622
510
393
287
219
167
118
78
46
135
308
488
628
702
709
617
508
472
497
565
634
615
458
245
79
-48
-207
-416
-629
-808
-832
-711
-573
-577
-758
-962
-1079
-1003
-803
-596
-475
-459
-484
-466
-425
-420
-452
-472
-436
-453
-581
-831
-1211
-1605
-1896
-2055
-2093
-2053
-1983
-1898
-1854
-1804
-1753
-1739
-1668
-1543
-1334
-1016
-635
-285
-71
-47
-161
-350
-492
-491
-386
-265
-167
-139
-220
-345
-442
-488
-506
-462
-336
-154
13
147
223
187
103
83
196
403
605
746
790
745
653
550
416
280
247
362
609
823
884
805
634
478
459
518
593
665
748
889
1019
1060
993
782
532
386
382
453
525
552
491
398
356
363
393
427
485
572
701
892
1059
1132
1090
964
891
927
1008
1086
1085
978
851
748
677
576
444
340
309
349
467
589
606
526
411
349
360
433
544
627
592
501
414
348
296
284
234
84
-120
-322
-441
-478
-476
-479
-481
-509
-548
-584
-663
-752
-830
-818
-731
-612
-476
-399
-406
-504
-652
-797
-873
-841
-744
-656
-598
-580
-620
-731
-875
-1051
-1279
-1454
-1550
-1580
-1599
-1643
-1716
-1766
-1779
-1729
-1642
-1578
-1439
-1205
-895
-603
-370
-265
-232
-174
-35
124
230
267
237
174
82
-12
-148
-278
-367
-421
-377
-297
-240
-218
-203
-195
-197
-135
-34
115
307
530
714
806
858
835
769
736
739
804
869
896
899
867
773
690
644
584
546
566
618
659
693
696
688
707
734
787
818
844
830
794
803
762
723
697
658
624
612
607
619
639
653
648
619
585
565
555
588
630
639
672
668
669
648
611
570
511
439
369
339
318
298
281
246
140
44
-10
-25
-13
25
37
7
-40
-73
-104
-109
-95
-97
-117
-179
-231
-266
-290
-320
-356
-421
-503
-544
-545
-536
-581
-667
-760
-827
-858
-814
-754
-709
-697
-690
-665
-682
-714
-786
-857
-907
-906
-847
-790
-806
-923
-1089
-1250
-1347
-1346
-1271
-1189
-1138
-1121
-1073
-1002
-901
-803
-731
-705
-661
-554
-388
-210
-108
-86
-136
-187
-206
-177
-149
-129
-124
-128
-126
-118
-101
-91
-73
-17
94
242
381
472
499
469
424
422
462
516
573
589
619
646
627
588
504
431
406
478
617
723
787
804
787
804
816
805
801
799
831
873
896
881
798
691
582
502
447
416
424
430
422
384
324
260
242
289
402
522
606
631
618
580
544
504
471
464
476
542
608
620
585
491
379
273
192
121
71
48
38
50
52
26
-44
-90
-100
-93
-39
17
30
8
-55
-131
-188
-231
-255
-262
-277
-307
-338
-352
-373
-451
-560
-658
-697
-666
-561
-468
-456
-524
-597
-628
-644
-657
-704
-734
-717
-648
-553
-535
-627
-773
-866
-866
-773
-655
-604
-620
-658
-690
-710
-724
-755
-794
-785
-712
-630
-565
-554
-591
-635
-662
-636
-551
-422
-271
-126
-24
27
23
6
-12
-33
-43
-2
82
155
199
177
75
-64
-159
-158
-86
27
125
185
210
200
219
246
281
318
394
480
567
633
661
623
548
510
469
487
525
584
631
649
659
619
562
498
481
521
587
637
646
617
530
453
422
400
383
370
376
380
406
430
455
462
436
429
441
491
545
587
614
576
541
510
495
498
493
477
449
418
368
294
184
68
-34
-103
-118
-112
-123
-132
-132
-135
-143
-160
-177
-190
-177
-140
-82
-27
-9
-25
-88
-183
-279
-345
-380
-422
-453
-485
-515
-527
-530
-567
-634
-702
-739
-711
-643
-565
-523
-533
-566
-569
-557
-534
-511
-490
-464
-462
-479
-505
-552
-590
-596
-574
-526
-473
-430
-405
-408
-449
-470
-451
-418
-361
-296
-230
-185
-146
-114
-138
-166
-192
-200
-195
-160
-122
-95
-70
-65
-68
-66
-82
-92
-72
-43
-5
21
54
63
83
103
121
136
158
178
216
249
261
242
236
247
272
321
351
379
384
391
390
405
416
421
440
475
511
542
571
592
600
605
588
570
536
518
506
475
464
418
385
355
334
306
277
259
266
292
325
369
395
421
439
451
436
418
404
396
391
382
353
286
231
189
160
155
144
124
90
69
58
40
28
5
5
6
32
50
37
-4
-75
-151
-212
-261
-307
-331
-356
-384
-445
-490
-561
-610
-613
-592
-537
-489
-441
-398
-359
-314
-270
-231
-211
-200
-195
-211
-226
-254
-297
-351
-404
-465
-543
-617
-679
-726
-729
-693
-634
-555
-485
-405
-351
-331
-291
-257
-193
-108
-29
8
-18
-70
-134
-170
-186
-191
-197
-202
-212
-206
-190
-196
-214
-245
-241
-222
-172
-100
-37
15
29
33
32
23
69
130
192
241
269
279
261
226
185
158
157
218
308
375
398
378
304
248
224
240
297
356
432
475
518
525
498
460
403
368
359
410
471
531
545
477
373
259
199
197
213
242
248
251
258
247
217
155
103
88
120
192
256
288
263
206
147
95
48
64
89
133
184
193
176
98
2
-84
-131
-135
-92
-29
3
-12
-71
-150
-229
-283
-306
-315
-285
-241
-192
-167
-169
-213
-273
-307
-308
-268
-214
-144
-102
-105
-128
-155
-187
-207
-218
-214
-194
-180
-176
-195
-237
-315
-368
-377
-373
-345
-325
-317
-324
-319
-302
-274
-259
-280
-271
-241
-174
-104
-46
-38
-71
-103
-131
-133
-143
-139
-133
-134
-124
-108
-119
-146
-161
-156
-135
-78
-36
-2
45
84
150
206
245
243
248
252
248
262
273
260
243
222
195
185
175
172
168
164
160
176
201
211
229
243
254
280
318
364
400
410
393
365
325
299
270
244
219
192
176
152
136
92
45
4
-18
-25
-19
6
27
56
60
56
53
29
20
22
31
30
6
-15
-35
-42
-52
-58
-62
-70
-74
-73
-82
-89
-102
-92
-83
-97
-122
-166
-186
-176
-145
-119
-116
-131
-146
-135
-108
-75
-59
-55
-67
-64
-50
-60
-71
-108
-141
-151
-140
-113
-105
-109
-126
-146
-142
-144
-134
-135
-130
-116
-92
-67
-53
-65
-101
-118
-146
-138
-119
-111
-102
-113
-115
-127
-117
-110
-110
-102
-97
-67
-38
-6
11
4
-5
-11
11
29
51
78
81
73
74
69
75
97
125
154
165
172
151
146
129
121
137
129
142
157
164
154
140
105
80
79
81
99
105
104
108
112
112
96
73
59
63
86
135
168
190
191
175
157
123
119
129
136
156
161
152
135
105
89
50
19
-14
-28
-18
-16
-12
-20
-50
-72
-68
-78
-62
-63
-52
-56
-51
-57
-87
-100
-123
-114
-97
-72
-44
-34
-40
-61
-81
-97
-95
-69
-40
4
18
31
16
-15
-52
-84
-91
-90
-70
-65
-67
-84
-99
-109
-134
-149
-161
-163
-130
-105
-71
-72
-90
-100
-101
-73
-51
-18
-8
-19
-33
-45
-61
-74
-81
-98
-112
-120
-127
-113
-108
-109
-116
-145
-150
-142
-112
-70
-38
-9
17
30
57
60
46
43
24
45
50
69
77
48
17
-29
-65
-90
-93
-77
-43
-19
6
24
20
20
10
34
59
86
125
161
173
181
179
160
153
119
115
104
106
109
104
91
53
34
16
13
19
19
28
55
78
109
112
97
81
75
100
130
168
184
187
178
146
125
92
77
69
76
88
92
87
50
16
-25
-58
-79
-67
-54
-31
-16
-6
-4
-25
-42
-74
-101
-110
-87
-37
4
17
10
-30
-55
-67
-72
-61
-69
-66
-70
-62
-65
-85
-97
-124
-124
-113
-91
-65
-61
-68
-79
-91
-105
-125
-131
-139
-127
-111
-105
-111
-128
-146
-152
-128
-110
-82
-69
-55
-58
-67
-74
-95
-106
-119
-118
-121
-125
-130
-145
-153
-156
-155
-136
-120
-93
-51
-28
-6
5
15
20
39
47
45
42
29
17
14
-4
-27
-45
-57
-47
-51
-40
-37
-34
-32
-20
18
36
76
100
123
144
158
181
187
189
176
172
168
162
156
142
131
114
117
128
132
139
126
108
112
112
130
144
154
154
159
170
161
159
136
126
120
103
100
94
85
74
60
45
29
38
31
36
35
11
9
12
18
4
10
1
-4
-2
-8
-13
-39
-61
-80
-75
-80
-76
-90
-114
-133
-144
-128
-119
-101
-96
-91
-84
-78
-68
-65
-52
-65
-65
-78
-82
-77
-83
-89
-111
-127
-140
-144
-135
-138
-128
-119
-122
-101
-93
-80
-64
-63
-50
-41
-20
-10
-5
-21
-47
-52
-62
-58
-48
-65
-67
-70
-70
-67
-65
-66
-69
-61
-49
-17
-13
-3
2
-16
-16
-11
-4
19
37
77
93
88
84
54
48
48
59
65
72
90
93
99
100
74
60
55
52
73
94
111
138
146
144
143
127
122
130
135
159
176
177
163
146
131
113
109
118
116
121
129
121
109
90
71
65
59
66
74
88
90
75
64
31
18
11
13
10
14
13
8
15
1
-5
-22
-31
-32
-29
-23
-17
-18
-33
-41
-54
-66
-90
-96
-107
-105
-92
-91
-97
-110
-114
-116
-91
-88
-73
-67
-70
-55
-53
-39
-29
-30
-35
-34
-27
-25
-21
-29
-50
-83
-98
-108
-125
-120
-119
-106
-101
-79
-63
-69
-58
-68
-71
-60
-40
-12
5
22
20
14
10
-6
-16
-30
-21
-17
-10
1
-5
-6
-12
-20
-19
-13
-6
14
24
25
30
25
32
39
53
61
80
82
82
85
86
89
83
93
83
85
88
91
89
87
74
74
61
59
57
59
74
59
68
69
67
88
92
105
107
99
114
114
121
140
141
151
152
148
136
114
96
63
49
45
35
21
-2
-18
-47
-42
-40
-41
-35
-24
-13
-12
3
4
3
15
0
-2
-7
-3
7
-1
-12
-42
-79
-101
-116
-126
-125
-124
-121
-118
-119
-113
-118
-117
-113
-112
-93
-74
-59
-47
-43
-45
-58
-71
-70
-87
-83
-77
-89
-80
-96
-90
-97
-117
-109
-110
-97
-71
-62
-56
-52
-57
-55
-57
-54
-50
-50
-33
-29
-28
-21
-20
-26
-32
-16
-12
4
17
24
20
22
32
22
31
30
37
42
57
59
55
46
41
31
25
42
40
52
56
59
54
64
58
65
78
82
91
90
96
90
93
104
100
82
88
82
85
102
90
87
67
60
59
52
64
60
61
69
73
75
89
89
86
91
94
99
104
104
97
92
75
68
53
34
31
15
17
3
8
2
-10
-11
-21
-22
-20
-1
-3
-3
-4
-9
-22
-21
-26
-44
-43
-49
-52
-60
-59
-73
-77
-91
-95
-98
-95
-93
-93
-95
-99
-80
-99
-84
-77
-94
-76
-69
-73
-77
-76
-92
-98
-91
-91
-84
-85
-88
-108
-96
-89
-91
-74
-81
-76
-72
-48
-48
-47
-56
-65
-62
-54
-39
-37
-21
-21
-16
-16
-13
-23
-29
-35
-36
-29
-29
-26
-21
-31
-31
-14
-23
-10
2
5
16
24
18
27
34
35
41
41
45
38
43
32
21
13
6
26
27
34
36
30
30
22
34
35
39
49
53
64
72
88
89
84
91
74
78
80
67
68
78
77
76
84
62
57
39
26
28
24
41
46
46
43
32
26
34
33
39
45
52
56
44
44
27
7
9
1
-1
2
-8
-16
-29
-42
-42
-55
-43
-50
-51
-26
-25
-26
-29
-44
-54
-59
-57
-45
-54
-45
-43
-53
-46
-59
-63
-67
-72
-69
-64
-54
-49
-55
-56
-58
-57
-57
-45
-43
-45
-35
-32
-33
-37
-40
-43
-48
-41
-48
-41
-38
-45
-42
-47
-51
-43
-40
-31
-21
-17
-15
-13
-5
-15
-2
1
-15
-2
-6
4
7
8
-1
-9
-9
-11
-10
-13
-10
-24
-3
0
5
26
24
30
35
36
54
60
68
78
75
73
76
72
66
64
51
45
36
36
30
34
46
32
39
45
44
51
62
63
68
74
75
78
74
77
68
64
62
51
50
40
36
25
18
28
24
25
21
20
13
9
20
17
14
22
15
16
21
10
14
6
-14
-17
-22
-26
-15
-20
-28
-30
-36
-43
-32
-33
-34
-27
-28
-30
-39
-33
-44
-43
-46
-44
-47
-47
-41
-47
-42
-44
-51
-59
-54
-61
-51
-47
-47
-49
-47
-36
-34
-26
-24
-25
-23
-20
-23
-27
-23
-30
-30
-33
-37
-39
-41
-26
-37
-39
-35
-39
-38
-28
-24
-31
-20
-19
-8
7
15
14
18
14
10
25
22
26
28
19
30
25
26
19
22
17
17
32
22
26
32
29
35
35
40
49
47
61
61
70
75
75
68
64
57
59
61
56
62
48
41
33
27
21
25
32
23
32
31
31
39
37
38
36
40
41
46
47
42
40
30
30
18
19
23
12
13
11
8
5
7
-2
-7
-3
-11
-1
-1
-2
-1
3
-2
-6
-12
-14
-16
-25
-21
-23
-26
-18
-21
-28
-26
-32
-27
-22
-23
-25
-23
-25
-36
-25
-37
-40
-29
-46
-39
-38
-47
-43
-36
-38
-32
-30
-33
-38
-45
-42
-46
-35
-37
-37
-27
-35
-28
-30
-29
-25
-32
-28
-25
-29
-13
-13
-12
-9
-25
-22
-15
-14
-10
-2
-6
-3
-5
7
-2
4
6
3
18
14
32
34
43
37
41
47
34
47
36
33
32
29
21
27
20
20
26
25
35
34
40
37
32
32
28
36
32
39
44
48
48
42
43
29
27
23
26
16
19
15
6
21
9
12
14
4
10
13
16
20
19
21
19
19
21
12
13
8
2
5
2
0
-2
-1
-5
-4
-11
-3
-8
-14
-1
-9
-6
-3
-14
-15
-11
-21
-9
-17
-17
-17
-20
-21
-27
-29
-35
-23
-25
-20
-16
-13
-18
-27
-24
-33
-34
-29
-24
-22
-15
-18
-16
-22
-35
-29
-37
-36
-29
-33
-26
-21
-25
-21
-26
-31
-16
-19
-8
2
-4
-2
-4
-15
-14
-14
-10
-3
5
3
12
6
4
3
-6
1
-2
14
15
21
23
25
14
14
13
8
18
19
25
20
27
20
20
16
17
17
19
35
32
32
25
22
10
4
10
4
12
6
18
12
4
16
2
3
-1
1
7
5
14
10
5
6
1
-1
4
-1
3
4
-3
-4
-7
-15
-12
-17
-23
-18
-16
-18
-8
-2
-12
-5
-3
-17
-11
-19
-24
-15
-21
-17
-19
-22
-27
-22
-28
-30
-25
-30
-27
-31
-31
-29
-27
-25
-18
-23
-19
-12
-10
-22
-18
-19
-35
-27
-37
-40
-38
-34
-22
-33
-22
-24
-22
-15
-30
-14
-22
-14
-7
-16
-17
-18
-11
-11
-3
-3
-1
-1
6
3
-10
-4
-12
-15
-12
-7
3
5
11
18
9
16
20
18
17
14
20
19
19
23
17
20
28
30
28
37
30
28
34
18
22
17
20
13
14
22
16
30
38
21
29
28
16
28
22
15
19
17
13
16
16
14
14
11
9
9
7
11
2
-7
-14
-14
-12
-12
6
4
5
9
8
0
-9
-9
-14
-15
-20
-6
-8
-15
-2
-11
-20
-17
-23
-20
-19
-20
-17
-24
-24
-18
-24
-14
-20
-11
-8
-12
-9
-9
-18
-14
-24
-27
-27
-32
-15
-21
-13
-11
-17
-14
-19
-22
-16
-21
-19
-10
-18
-7
-11
-8
-11
-6
-7
-1
-2
-1
-5
-7
-5
-14
-16
-11
-14
-11
6
-3
2
7
9
12
6
8
8
2
9
16
11
17
18
17
18
19
23
20
14
11
11
14
11
19
13
13
21
25
26
24
32
19
28
18
18
17
12
24
13
24
21
24
19
20
16
8
12
0
-1
-4
2
9
5
9
4
-1
9
3
5
1
-6
4
-3
-7
-4
-8
-10
-10
-8
-4
-9
3
-5
-15
-13
-22
-23
-25
-21
-25
-13
-12
-13
-5
-14
-13
-5
-11
-11
-8
-10
-16
-20
-15
-27
-18
-16
-17
-9
-15
-3
-13
-13
-17
-18
-19
-16
-14
-13
-3
-3
2
-4
-2
-3
-1
-1
-6
-9
-10
-15
-9
-14
-14
-6
-11
-4
1
1
5
11
-3
-3
0
-5
6
1
7
1
8
12
11
8
3
7
1
3
7
-2
7
6
3
9
12
14
15
18
11
15
14
20
10
15
11
10
12
16
7
10
17
7
19
13
12
11
14
10
12
7
2
11
2
9
8
11
9
7
10
5
7
2
9
4
-4
10
0
3
8
-6
2
0
-10
9
-6
-8
4
-10
-2
-4
-8
-3
-3
7
-2
0
5
-3
7
5
0
3
-1
0
6
-8
1
-1
-4
2
-8
3
3
6
3
6
4
7
8
10
10
9
15
18
17
9
14
11
5
3
4
2
4
5
9
11
10
8
21
7
6
21
10
11
14
11
11
12
9
20
0
7
17
0
12
6
4
5
0
4
2
3
3
6
5
2
14
11
3
7
7
3
7
4
4
-2
-4
-1
-3
-8
-4
1
0
2
-4
6
-2
-10
-1
-9
-4
-11
-5
0
-16
-8
4
-13
-9
-4
-5
-4
-12
-2
-13
-15
-14
-15
-14
-15
-13
-5
-8
-18
-11
-13
-20
-13
-15
-11
-11
-14
-4
-16
-12
-15
-10
-17
-18
1
-15
-5
-8
-5
-17
-12
-6
-17
-11
-9
0
-11
-7
2
-8
-2
-4
0
1
3
3
7
7
-9
6
7
-5
2
10
4
5
7
6
8
-3
7
12
4
10
18
15
13
16
15
12
15
7
12
14
7
16
11
9
6
14
9
16
9
11
17
8
13
13
7
4
9
5
8
13
14
13
12
11
9
2
7
5
-3
-4
1
1
-1
5
6
2
3
3
6
0
-3
9
-7
-2
-3
-8
1
-7
-3
-8
-4
-4
-7
3
-4
-15
-5
-7
-11
-11
-10
-10
-7
-11
-5
-5
-13
0
-16
-9
-12
-20
-1
-12
-16
-12
-11
-5
-13
-6
-10
-21
-3
-11
-13
-13
-15
-14
-10
-8
-13
-2
-11
4
-11
-10
-2
-13
-11
-10
-6
-16
-4
3
-6
0
3
0
-3
1
-10
-4
-2
-4
-5
0
2
1
5
5
8
-1
10
3
9
3
2
11
-4
5
6
4
9
3
12
12
9
10
6
11
1
11
10
4
13
6
11
11
5
8
8
7
8
8
6
15
0
6
7
-3
2
9
5
-2
10
3
12
1
1
4
-5
3
2
0
-3
3
3
-7
0
-5
-3
-3
-4
-4
-8
3
-6
-2
-8
-4
-5
-4
-7
-8
-2
-12
-2
-10
-8
-12
-8
-5
-13
-9
-6
-7
-12
-6
-10
-5
-11
-8
-5
-10
-7
-7
-8
-13
-6
-10
-8
-8
-14
-4
-4
-9
-6
-4
-8
-11
-1
-10
-11
-3
-9
0
-8
-1
-4
-3
-1
-7
-4
-1
-1
0
-4
-5
-1
-3
2
-6
0
2
3
5
7
-5
6
5
-1
-1
2
4
-1
10
5
4
8
11
4
9
6
10
11
7
6
5
10
5
8
5
9
13
8
13
9
8
10
10
5
9
14
12
10
14
8
5
15
6
5
8
11
9
7
8
5
8
3
12
3
-1
14
5
8
5
4
2
0
8
0
7
3
0
13
-5
1
1
-8
1
-4
-3
1
-2
2
7
-9
0
3
-4
3
0
-9
-1
-2
-10
-4
-9
-6
-1
-4
0
-7
0
0
-5
-6
-6
-11
-9
-2
-5
-11
0
-3
-3
-2
-7
-1
-11
1
-3
-10
-7
-4
-4
-11
-4
-5
-7
0
0
-5
-6
-2
-3
-4
-13
-8
0
-8
1
-2
-6
3
0
0
-6
-3
-3
-2
0
-8
