SAMPLES:	14538
BITSPERSAMPLE:	16
CHANNELS:	1
SAMPLERATE:	16000
NORMALIZED:	FALSE
5
4
18
9
8
13
11
4
11
3
-9
5
2
-5
-2
-8
-3
-2
-1
0
-4
-9
-3
11
2
-4
-4
-5
-4
6
-3
1
7
3
-15
1
3
-4
-2
-3
10
-15
-5
-8
-6
3
-5
6
-2
-2
0
4
4
0
1
6
9
-3
-1
-9
10
18
10
-3
-4
3
-5
1
-16
-10
-3
0
-3
1
-6
-1
-6
-6
11
-3
-3
1
-3
-4
6
1
9
3
-3
6
-1
-10
-8
13
3
0
0
1
10
-3
4
7
-2
3
-1
-1
-1
18
23
10
2
11
1
-2
6
2
10
-1
-1
13
0
-3
10
4
-1
5
-3
-7
5
6
-1
0
4
-5
-6
7
7
4
1
3
12
1
-4
13
5
15
2
5
2
-2
10
9
7
-9
7
6
-2
-6
7
7
-8
-13
-17
-7
-8
-4
1
-1
-15
2
-7
-6
1
-7
5
-13
2
2
-10
4
-2
-3
-4
1
-2
-2
-1
-3
6
8
7
-14
-5
4
14
20
7
6
3
4
9
11
6
5
13
0
-1
3
2
-2
-9
3
0
-9
-2
4
-6
-9
-6
-3
4
0
-6
11
5
-6
-5
-3
5
-5
9
9
-4
-8
-8
-1
6
7
-3
-7
-3
1
2
-4
-11
-5
-11
-5
-14
-10
2
-4
9
4
-3
-3
-1
-5
-14
-9
-2
-2
7
4
3
9
9
10
13
15
8
3
7
2
-8
12
15
13
13
1
-6
-5
4
6
-1
-16
-21
-16
-10
0
-10
-6
-15
-6
1
-5
3
1
-6
-1
5
5
11
0
5
0
10
14
14
14
-2
1
-1
7
5
-8
-10
3
-1
-3
5
-6
-4
-4
2
-4
-15
-14
-9
-9
1
-12
-17
-1
-5
0
0
9
3
-16
-1
-3
-16
-4
0
-5
-2
0
-4
-5
7
-8
-4
-3
-6
-2
-8
-4
-7
-9
-8
-6
1
3
5
-7
-8
-10
-8
-1
7
6
6
17
7
-4
-4
7
2
1
7
21
17
-2
11
0
1
3
1
9
0
-4
-3
-2
-7
6
2
0
15
4
2
-2
-1
-10
-5
-7
-5
1
-1
-15
-7
1
-14
-15
-14
-6
-2
0
-5
-15
-5
-3
6
-3
-7
-2
-4
-5
-4
1
-8
-7
-11
-11
-3
-15
-11
4
-9
-16
1
2
4
7
1
10
8
-1
-7
7
14
12
9
4
9
-2
2
3
-6
3
6
4
4
6
8
3
4
13
6
3
1
8
10
6
17
3
-7
5
9
8
7
-10
-3
3
-8
-4
-12
-2
-4
0
-7
-3
-4
-18
-3
0
-8
-12
-9
-15
-11
-5
-1
-3
-6
-2
-9
-19
-15
-14
-16
-15
-13
-13
-15
-10
-4
5
8
-4
-3
-4
-12
-15
-1
5
3
5
0
-3
-3
9
8
-2
-14
-13
-2
-6
-1
7
-7
-9
-6
-3
-2
0
-1
3
-1
-2
4
-14
-9
5
-2
-16
-13
-15
-12
-2
-12
-7
-10
0
-2
-6
17
6
14
4
1
7
0
8
4
6
4
5
13
6
-1
9
0
-8
-8
-24
-10
-2
-2
-2
-12
2
-1
-7
2
-14
-11
-8
1
-3
-9
1
-8
9
0
-7
-1
-6
-6
-6
-2
-8
-2
3
4
10
10
0
0
-1
-5
2
4
6
7
11
-3
0
0
-13
4
13
1
-1
-3
8
3
-3
1
6
7
-2
-7
-2
7
-4
-9
3
-1
-2
9
0
2
-3
-1
4
2
2
4
22
13
9
18
20
7
15
30
17
17
17
13
21
10
4
-2
-2
-3
-18
-6
-7
-2
0
-16
-17
-11
-5
-8
2
6
-11
-11
-14
-3
9
-4
7
6
-5
-7
-5
-6
-4
0
7
1
2
4
-11
-3
-3
-5
2
0
2
4
0
5
2
-3
-12
-13
-3
-4
-2
-7
-8
1
-2
-4
-3
10
8
10
11
5
6
6
15
11
17
10
-3
17
19
-4
12
10
-11
1
16
15
14
8
-8
5
1
7
15
6
17
6
-5
-3
-9
-6
-7
1
6
-6
-1
-1
1
5
7
2
13
11
8
6
10
8
8
23
5
7
3
12
14
-3
16
3
-1
10
2
4
4
6
-3
-6
2
0
4
-3
9
14
-1
-2
-5
-12
8
6
3
2
-6
3
-7
15
8
4
-6
6
6
6
11
7
17
-4
-11
9
15
9
-7
5
-3
-2
4
-2
2
0
10
6
5
0
-2
-2
-2
4
8
-2
6
2
-14
-3
10
11
-4
2
7
-6
7
7
-7
-2
-2
-8
-7
9
7
-7
-18
-17
-7
-8
-6
13
13
-3
6
2
-16
-7
-6
-5
2
2
-20
-7
4
-4
-6
-16
2
7
-3
0
5
4
5
-11
-7
9
9
10
22
15
13
6
-8
-2
-3
9
-4
-8
-9
0
1
-12
-12
0
-2
-4
4
-3
-3
19
13
-1
14
17
7
11
19
12
16
21
11
8
15
11
22
28
14
19
14
14
4
7
7
-2
6
1
13
0
-7
-4
-6
-3
-12
-8
-1
5
5
6
-4
4
15
7
25
9
-4
-2
-14
-7
-11
-12
-19
-11
-17
-13
-12
-25
-31
-32
-12
-8
-16
-12
-4
-10
-9
-7
-13
-24
-11
-11
-12
-11
-17
-9
-14
-14
-22
-20
-16
-10
-13
-13
-20
-19
-11
-9
-7
3
7
2
6
0
-10
-1
2
-9
-9
-5
-7
-7
5
10
4
10
4
11
16
3
4
-6
-5
0
4
5
0
4
0
-3
1
-6
-10
-5
-10
-1
4
13
11
7
14
22
18
7
-1
-4
10
9
13
25
16
13
5
7
18
24
17
15
14
-7
-5
3
10
12
14
5
-1
12
2
4
-2
-7
-6
-6
7
0
4
0
-13
-6
4
-8
6
3
-16
-12
-9
-4
-8
1
-10
-14
-12
-6
-9
-14
3
6
-3
-1
-4
-12
-7
-5
-1
-8
-7
-12
-12
-11
-10
-9
-23
-21
-15
-11
-18
-17
-16
-3
-1
-7
0
-5
-10
-14
-9
-5
-6
-6
-6
-15
-12
-8
-5
-16
-21
-3
-7
3
-1
-7
0
-10
-13
-3
-12
4
-7
-10
1
-11
7
-6
-9
-1
-2
-2
-6
5
4
-3
-4
4
4
9
13
13
9
2
3
-5
3
0
5
8
9
12
8
16
13
24
27
26
30
27
21
26
25
19
32
21
19
20
21
19
3
13
17
2
-3
-10
-3
1
7
-3
-2
5
3
2
1
3
-5
-11
-9
-22
-11
0
-9
-7
-12
-14
-9
-8
-16
-28
-23
-27
-45
-24
-21
-24
-19
-30
-33
-23
-26
-18
-21
-21
-15
-21
-23
-22
-18
-15
-17
-31
-17
-30
-21
-13
-19
-17
-11
-13
-17
-22
-19
-19
-24
-21
-28
-19
-24
-15
-13
-10
-8
-6
-1
-6
-3
-6
-6
5
-4
4
-4
0
16
13
17
6
18
22
17
31
33
11
11
13
15
28
31
30
27
35
34
34
37
37
26
39
43
23
37
35
32
36
32
34
31
29
30
37
24
32
40
31
38
30
16
22
25
17
17
21
6
8
3
3
11
6
14
4
-1
-3
-4
-6
-6
-18
-8
5
-6
-14
-16
-15
-25
-23
-30
-36
-36
-33
-39
-31
-40
-40
-34
-44
-49
-46
-26
-39
-47
-40
-41
-44
-49
-55
-57
-44
-54
-55
-54
-49
-40
-48
-44
-39
-44
-48
-32
-36
-39
-32
-28
-15
-10
-18
-18
-14
-23
-11
-9
7
6
-8
-6
2
15
8
14
15
28
23
20
32
37
47
41
39
41
41
36
42
51
40
54
56
54
69
56
67
63
62
66
66
64
65
62
59
76
60
75
71
67
61
59
62
50
55
50
50
42
51
46
40
46
50
61
48
43
35
36
45
45
33
27
25
16
17
13
20
18
11
13
10
-5
-2
-4
-14
-17
-8
-11
-29
-28
-39
-45
-47
-50
-59
-74
-83
-87
-77
-86
-99
-104
-116
-112
-119
-135
-138
-140
-147
-145
-155
-157
-146
-162
-151
-166
-166
-145
-160
-159
-149
-154
-154
-146
-154
-140
-134
-138
-128
-122
-121
-114
-109
-101
-88
-93
-70
-68
-70
-67
-58
-33
-24
-4
7
6
22
39
57
58
67
83
84
109
105
126
136
130
147
152
181
180
177
189
200
224
216
228
234
231
250
236
233
237
225
235
241
237
243
239
234
226
235
233
225
222
220
221
200
205
205
204
201
191
185
179
177
161
142
133
135
129
119
101
100
86
69
70
52
48
34
26
11
-5
-13
-18
-22
-44
-57
-72
-83
-100
-124
-123
-147
-157
-179
-202
-200
-218
-223
-253
-274
-287
-304
-316
-340
-352
-355
-374
-386
-390
-409
-414
-425
-442
-451
-454
-450
-456
-448
-450
-454
-439
-433
-416
-404
-390
-376
-363
-344
-332
-300
-280
-268
-234
-195
-161
-134
-119
-87
-55
-22
18
50
80
115
142
163
197
231
252
285
305
339
372
392
408
427
439
459
470
464
489
492
498
488
491
505
489
490
477
477
468
457
464
444
418
413
394
383
362
337
330
315
321
299
282
256
233
221
207
198
188
176
169
147
131
125
120
95
91
79
65
69
61
58
32
22
20
9
0
-3
-24
-32
-51
-58
-72
-92
-105
-127
-132
-175
-192
-206
-242
-260
-295
-322
-355
-389
-429
-478
-522
-562
-603
-640
-678
-710
-755
-782
-808
-849
-858
-878
-893
-892
-883
-880
-869
-850
-824
-796
-760
-711
-680
-645
-587
-520
-464
-417
-335
-277
-237
-173
-118
-57
6
68
121
180
237
271
310
359
402
440
447
457
496
511
536
548
551
561
558
557
548
542
528
520
512
501
488
468
452
448
446
437
409
387
383
373
365
363
364
355
339
330
318
312
313
312
316
318
314
308
308
304
301
305
305
307
313
309
316
317
325
316
310
305
305
307
295
283
285
277
275
269
249
248
230
223
204
180
174
168
143
143
132
107
97
89
70
51
51
28
14
-19
-27
-26
-48
-75
-103
-128
-148
-175
-202
-232
-271
-304
-360
-408
-461
-523
-570
-610
-656
-721
-767
-817
-872
-913
-960
-1009
-1029
-1051
-1055
-1062
-1069
-1059
-1043
-1026
-1009
-963
-937
-890
-836
-784
-718
-647
-578
-513
-428
-346
-270
-178
-108
-45
37
100
168
222
292
350
418
457
494
536
536
560
567
595
592
595
598
588
589
570
562
530
501
485
460
437
414
391
376
363
318
300
300
267
247
241
233
224
233
248
249
253
271
283
310
319
328
335
342
358
361
364
370
370
359
368
372
370
358
346
335
315
306
303
292
286
300
293
289
293
280
283
272
267
263
257
260
246
244
235
235
218
220
221
199
195
179
168
148
132
117
109
111
101
113
105
98
88
71
45
7
-34
-97
-167
-245
-327
-416
-512
-600
-677
-777
-866
-947
-1038
-1119
-1208
-1302
-1362
-1401
-1436
-1451
-1456
-1437
-1411
-1376
-1339
-1309
-1255
-1192
-1128
-1049
-960
-874
-765
-647
-539
-433
-355
-263
-194
-123
-41
32
132
211
305
381
458
530
578
614
645
677
701
708
716
718
707
687
644
607
572
534
501
480
471
429
388
365
339
312
290
280
261
266
264
258
246
253
277
279
294
317
343
368
379
404
433
446
466
471
483
489
482
491
505
506
520
539
529
544
541
531
517
480
459
433
420
413
409
412
422
407
393
390
367
349
340
303
285
280
257
255
270
287
273
273
280
271
243
214
203
190
179
170
166
141
117
91
52
18
-41
-108
-170
-254
-325
-396
-493
-580
-685
-796
-909
-1017
-1125
-1232
-1343
-1476
-1589
-1686
-1741
-1794
-1811
-1824
-1841
-1821
-1766
-1687
-1588
-1472
-1375
-1286
-1191
-1098
-1052
-1013
-971
-903
-748
-497
-183
108
351
550
667
696
649
575
488
403
375
450
616
796
958
1078
1100
1043
900
721
550
442
404
445
567
686
756
739
652
508
336
146
-8
-97
-120
-82
-20
72
181
239
257
252
225
180
85
-34
-145
-177
-90
145
496
889
1230
1414
1426
1275
1043
822
696
688
776
919
967
839
479
8
-447
-712
-655
-269
395
1060
1576
1839
1724
1226
482
-250
-700
-712
-281
516
1386
2056
2352
2206
1693
956
198
-400
-650
-411
180
924
1540
1787
1557
906
67
-657
-1014
-963
-539
81
684
1010
822
118
-968
-2176
-3181
-3702
-3664
-3214
-2643
-2220
-2187
-2554
-3213
-4025
-4711
-5031
-4868
-4173
-3153
-2061
-1156
-682
-684
-1008
-1389
-1597
-1433
-856
36
1056
1955
2545
2725
2453
1848
1126
566
359
563
1036
1572
1962
2033
1760
1191
505
-137
-566
-705
-600
-280
62
270
232
-62
-546
-1042
-1381
-1502
-1357
-1027
-629
-263
36
178
205
129
2
-25
94
366
735
1164
1522
1728
1798
1741
1603
1415
1197
1020
917
890
941
1056
1148
1131
1001
773
529
307
146
45
1
47
173
354
586
777
876
927
972
1048
1203
1417
1643
1843
1974
2088
2130
2081
1952
1726
1513
1408
1379
1417
1439
1361
1206
1008
800
614
446
254
51
-106
-160
-124
-76
-84
-176
-302
-377
-382
-437
-620
-1038
-1700
-2434
-3054
-3453
-3702
-3916
-4167
-4417
-4538
-4453
-4257
-4144
-4218
-4420
-4625
-4595
-4206
-3600
-2908
-2277
-1716
-1135
-528
62
506
686
685
709
920
1389
1973
2403
2519
2400
2194
2066
2053
2022
1894
1630
1329
1143
1088
1083
977
681
280
-81
-247
-223
-170
-196
-369
-583
-721
-751
-767
-890
-1122
-1333
-1350
-1130
-758
-444
-282
-263
-261
-164
29
236
377
442
534
771
1091
1404
1578
1567
1471
1415
1428
1448
1387
1193
957
802
806
931
1024
1003
819
626
544
601
758
886
950
984
1087
1268
1550
1824
1997
2095
2147
2186
2263
2354
2380
2352
2312
2275
2293
2318
2266
2145
1968
1777
1612
1496
1363
1161
861
499
179
-66
-217
-323
-412
-469
-473
-447
-533
-869
-1539
-2476
-3400
-4072
-4436
-4609
-4869
-5296
-5693
-5900
-5826
-5564
-5437
-5540
-5734
-5858
-5666
-5153
-4540
-3999
-3536
-2994
-2218
-1264
-404
148
403
595
1023
1710
2376
2774
2793
2612
2576
2803
3211
3511
3497
3176
2785
2513
2382
2229
1848
1344
860
604
555
537
379
52
-287
-550
-688
-806
-1015
-1307
-1601
-1763
-1785
-1773
-1768
-1773
-1759
-1681
-1544
-1419
-1266
-1087
-851
-418
-3
361
763
1084
1450
1920
2338
2612
2741
2730
2665
2632
2582
2480
2303
2105
2020
1970
1893
1729
1442
1147
941
871
842
802
749
711
826
1057
1299
1443
1489
1544
1654
1838
2039
2158
2191
2267
2420
2640
2855
2901
2816
2719
2587
2465
2293
1977
1668
1456
1338
1282
1184
931
647
389
66
-413
-1294
-2491
-3725
-4701
-5251
-5621
-6125
-6835
-7455
-7736
-7575
-7161
-7019
-7273
-7648
-7880
-7607
-6886
-6054
-5274
-4601
-3784
-2717
-1533
-493
302
783
1115
1559
2040
2550
3064
3581
4112
4607
4892
4887
4625
4228
3875
3549
3164
2654
2078
1596
1408
1413
1375
1056
380
-395
-1004
-1369
-1584
-1812
-2189
-2508
-2577
-2402
-2049
-1724
-1581
-1595
-1705
-1826
-1888
-1841
-1669
-1401
-1058
-708
-250
268
875
1607
2103
2321
2361
2175
2135
2319
2526
2709
2689
2500
2312
2238
2247
2179
1842
1233
639
305
361
664
883
859
709
630
825
1191
1491
1602
1557
1581
1830
2237
2646
2974
3126
3193
3282
3338
3397
3454
3424
3348
3244
3059
2881
2722
2520
2330
2121
1831
1552
1283
1039
827
508
13
-797
-1973
-3280
-4467
-5369
-6027
-6699
-7544
-8296
-8585
-8445
-8056
-7817
-8059
-8473
-8644
-8382
-7624
-6716
-5870
-5059
-4229
-3163
-1850
-530
546
1187
1395
1506
1905
2678
3628
4413
4785
4825
4820
4989
5260
5238
4718
3817
2931
2430
2303
2266
2009
1509
900
410
43
-378
-907
-1580
-2266
-2762
-3011
-3037
-2918
-2741
-2563
-2393
-2255
-2137
-2052
-2054
-2072
-1989
-1801
-1441
-957
-429
239
966
1577
2051
2285
2273
2362
2550
2791
3038
3043
2911
2813
2785
2786
2660
2247
1630
993
509
296
245
213
155
59
49
190
399
561
615
626
744
1103
1589
2081
2453
2684
2957
3269
3583
3833
3930
3959
4054
4166
4205
4145
3922
3600
3315
3006
2652
2265
1831
1504
1269
1014
726
340
-275
-1156
-2319
-3701
-5039
-6175
-7076
-7878
-8633
-9060
-8994
-8730
-8547
-8596
-8919
-9079
-8780
-8259
-7660
-7007
-6127
-4822
-3278
-1759
-489
386
1022
1599
2061
2455
2933
3463
4011
4590
5107
5488
5689
5660
5339
4672
3819
3071
2535
2157
1874
1486
989
573
271
-78
-675
-1521
-2325
-2879
-3150
-3200
-3236
-3244
-3033
-2587
-2158
-1859
-1690
-1542
-1285
-1027
-847
-739
-539
-90
490
910
1173
1450
1791
2255
2626
2710
2607
2482
2507
2583
2557
2411
2185
1902
1590
1329
979
579
259
-25
-203
-274
-258
-175
-102
-17
147
345
604
988
1385
1742
2119
2481
2837
3242
3566
3757
3828
3851
3937
4054
4080
4082
4022
3915
3808
3602
3280
2805
2407
2167
1975
1789
1571
1349
1007
683
355
-338
-1467
-2923
-4550
-5999
-7053
-7816
-8450
-8922
-8985
-8711
-8543
-8509
-8519
-8670
-8627
-8316
-7956
-7406
-6488
-5091
-3524
-2163
-969
70
900
1524
2015
2335
2545
2993
3616
4178
4712
5167
5407
5373
5004
4382
3525
2603
1967
1518
1117
778
438
43
-283
-592
-1072
-1765
-2502
-2943
-3122
-3187
-3081
-2859
-2551
-2060
-1533
-1192
-980
-685
-263
134
357
437
497
645
958
1331
1566
1730
1950
2225
2523
2684
2635
2510
2277
2044
1875
1657
1413
1156
903
651
423
201
-1
-165
-344
-508
-502
-383
-134
237
525
821
1201
1635
2120
2560
2935
3227
3443
3693
4017
4310
4537
4706
4731
4692
4665
4607
4379
4044
3736
3362
2866
2428
2264
2326
2449
2353
1625
493
-270
-601
-1077
-2237
-4192
-6535
-8741
-10153
-10698
-10874
-10792
-10337
-9768
-9398
-8855
-7880
-7180
-6867
-6405
-5704
-4538
-2754
-538
1360
2443
3297
4164
4619
4689
4656
4289
3530
3094
3312
3520
3336
2862
2040
843
-321
-1206
-2290
-3641
-4494
-4564
-4290
-3898
-3471
-3301
-3447
-3363
-2907
-2345
-1657
-644
438
1284
2251
3411
4223
4552
4605
4463
4391
4688
5214
5274
4540
3440
2130
604
-810
-1893
-2792
-3487
-3573
-3119
-2734
-2467
-2301
-2532
-2918
-2931
-2421
-1688
-883
111
1115
1915
2650
3212
3267
2939
2630
2587
2775
3244
3973
4464
4541
4461
4326
4094
3796
3493
3137
2799
2809
3080
3263
3169
2820
2425
2059
1765
1603
1327
963
954
1144
1309
1368
1236
961
602
472
609
656
450
149
-114
-504
-1170
-2561
-5285
-8888
-11797
-12754
-11882
-10140
-8366
-7195
-6685
-5943
-4513
-3452
-3214
-3015
-2281
-698
1785
4640
6638
6764
5781
4673
3393
2172
1105
-146
-1724
-2850
-2860
-2675
-3062
-3970
-5325
-6765
-7462
-6882
-5717
-4747
-3648
-2088
-348
1578
3317
4020
3779
3602
4422
5904
7124
7827
7595
6552
5617
4766
3279
1095
-1040
-2407
-2907
-2529
-1780
-1774
-2755
-4118
-5442
-6645
-7363
-7136
-6143
-4417
-1703
1339
3682
4839
4862
4264
3578
3390
3922
4409
4606
4707
4412
3677
2459
706
-1329
-3150
-3976
-3598
-2518
-1152
74
1010
1769
2407
3023
3472
3864
4619
5652
6745
7608
7783
7259
6084
4613
3327
2089
998
320
-74
-49
253
569
674
223
-367
-777
-1093
-936
-206
619
1171
1417
1640
1627
758
-1302
-4897
-9396
-12816
-13503
-11685
-9150
-6918
-5333
-4782
-4390
-3474
-2821
-2897
-3073
-2280
-299
2233
4843
6337
5693
3760
1829
254
-1075
-2185
-3127
-4046
-4423
-3790
-2969
-2768
-3243
-4153
-4811
-4475
-3036
-1227
192
1418
2651
3846
4960
5253
4210
2410
1125
1261
2175
2894
3059
2139
617
-375
-1055
-2200
-3765
-4785
-4535
-2987
-430
2046
3050
2656
1875
1235
659
129
-133
-368
-293
707
1866
2229
1504
-175
-2057
-3358
-3496
-2723
-1959
-1290
-559
131
839
1252
1066
521
264
915
2322
3865
4987
5323
5075
4745
4482
4277
3955
3580
3437
3650
4218
4494
3985
2960
1773
885
672
800
841
755
852
1400
2064
2632
2981
2862
2603
2623
2871
3164
3347
3161
2296
1138
470
-103
-1449
-4158
-8578
-13866
-17899
-18403
-15863
-12686
-9555
-6555
-4367
-2288
600
2881
3176
2757
3566
5309
7018
8732
9384
7446
3805
668
-2001
-5271
-8290
-10191
-11562
-12061
-10610
-8097
-6480
-5800
-4872
-3579
-2066
321
3265
5369
6785
8447
10082
10608
9492
6946
3407
55
-1468
-1401
-1455
-1999
-2707
-3544
-4059
-4102
-4494
-5513
-5933
-4589
-1568
2208
5617
7607
7791
6948
6156
5135
3400
1345
-816
-2821
-4010
-4305
-4350
-4797
-5616
-5950
-5524
-4413
-2556
-569
893
2073
3455
4814
5626
5624
5000
4160
3486
3215
3056
2367
1176
224
-206
-135
407
1095
1754
2584
3727
4992
5786
5757
5139
4183
3332
3059
3065
2883
2401
1682
1066
862
1074
1621
2230
2591
2957
3358
3731
4139
3950
2778
1231
-129
-1385
-2941
-5643
-10122
-15346
-19039
-19134
-16200
-12447
-8445
-4663
-1866
1009
4602
7014
7011
6043
5634
5604
5877
6596
6309
3560
-488
-3864
-6925
-10122
-12553
-14134
-14981
-14017
-10608
-6070
-2303
337
2397
3964
5540
7532
9101
9558
9473
9424
9174
8139
5722
1574
-3441
-7579
-9422
-9264
-8490
-7432
-6313
-5272
-3426
-1052
326
668
1132
2663
5279
8302
10898
11632
10071
7577
4964
1949
-1260
-4176
-6883
-8957
-9707
-9457
-8786
-8150
-7592
-6205
-3749
-812
2430
5317
7147
8135
8700
8673
7552
5463
3121
961
-619
-1306
-1555
-2026
-2581
-2750
-2468
-1530
29
1666
3310
5051
6804
8314
8974
8588
7276
5280
3426
2124
1171
599
267
118
366
857
1402
2141
2990
3625
4157
4772
5179
5356
5173
4270
3004
1580
-421
-3492
-8154
-14077
-19887
-23005
-21546
-17339
-12378
-6648
-1424
2299
5956
9569
10707
9227
7641
6653
5690
5339
5346
3834
97
-4273
-7930
-11557
-15038
-17111
-17901
-17387
-14367
-8783
-2544
2646
6596
9278
10590
11364
11919
11584
10252
8636
7223
5824
3775
527
-3963
-9020
-12865
-13960
-12941
-10993
-8121
-4817
-1659
1908
5248
6737
6744
6637
6904
7842
9173
9768
8760
6338
3320
17
-3517
-6844
-9601
-11458
-11777
-10667
-8825
-6803
-4863
-2788
-248
2808
5752
7850
8931
9018
8263
7003
5246
2731
-283
-2853
-4529
-5282
-5036
-4231
-3352
-2257
-902
802
2963
4867
6276
7559
8520
9132
9344
8556
6627
4080
1588
-363
-1640
-2431
-2773
-2321
-1025
831
2822
4526
5823
6634
7023
7197
7267
7088
6515
5439
3826
2001
-252
-3695
-8745
-15207
-22014
-26606
-25963
-21047
-14875
-7375
526
6008
10170
14487
16027
13547
10168
7393
4486
2293
1515
341
-2939
-7230
-10592
-13553
-16893
-19088
-19337
-18394
-15095
-8317
-168
6941
12472
16075
17233
16592
14979
12328
8561
4578
1522
-480
-2371
-4874
-8064
-12030
-15587
-16264
-14331
-11548
-7373
-2052
2782
7477
11955
13994
13131
11142
9044
7074
5882
5071
3424
854
-1932
-4471
-6997
-9515
-11572
-12851
-12565
-10121
-6184
-1944
1482
3750
5452
6762
7553
7779
7096
5504
3729
2463
1360
-183
-2028
-4003
-5708
-6283
-5616
-4283
-2467
-415
1629
3945
6296
7878
8524
8377
7528
6579
5793
4726
3269
1526
-92
-971
-1255
-1284
-987
-446
504
2293
4423
6147
7549
8514
8580
8147
7781
7259
6279
5085
3684
1636
-1428
-6033
-12186
-19395
-26651
-30150
-26999
-20308
-12237
-1911
7398
12902
17381
20827
19320
13954
8703
3883
-524
-2861
-3337
-4379
-7335
-10604
-13038
-15955
-18959
-20002
-19320
-16911
-11056
-2311
6595
14082
19371
21563
20863
18146
13768
8324
2781
-2075
-5316
-6921
-8231
-9906
-11893
-14326
-15658
-13957
-10455
-6315
-760
5009
9646
14061
17053
16406
13352
9655
5692
2372
349
-1289
-3259
-5174
-6735
-8062
-9294
-10260
-10709
-10276
-8481
-5292
-1369
2467
5751
7986
9103
9554
8862
6650
3919
1375
-1147
-2972
-3501
-3886
-4560
-4524
-3773
-2928
-1762
-195
1347
2781
4340
6084
7389
7709
7462
6778
5419
3884
2436
838
-672
-1458
-1395
-743
346
1711
2896
3834
5050
6510
7558
8054
8472
8932
9092
8752
7925
6309
3367
-1325
-7867
-15920
-24452
-30720
-30982
-25565
-18143
-8962
1893
10474
16229
21468
23378
19439
13369
8017
2663
-1880
-4206
-5395
-7666
-11024
-13378
-15098
-17809
-19911
-19728
-18087
-14025
-6185
3130
11302
17568
21232
21910
20157
16259
10625
4291
-1673
-6024
-8222
-9178
-10097
-11422
-12924
-13999
-13246
-10235
-6575
-2201
3614
9116
13634
17449
18312
15255
10802
6241
1485
-2266
-4584
-6289
-7385
-7618
-7183
-6647
-6854
-7517
-7569
-6699
-4624
-1129
2743
5674
7334
8094
8066
6741
4222
1151
-2163
-4932
-6127
-5809
-4740
-3339
-1787
-177
1387
2552
3230
3424
3323
3515
4266
5186
5774
5705
4910
3865
2712
1358
144
-780
-1435
-1309
-9
1762
3456
5029
6019
6315
6729
7293
7435
7634
7988
7840
7569
7446
6283
2992
-2959
-11448
-20711
-28549
-32243
-29312
-22008
-13545
-3001
8248
16107
21328
24653
22423
15357
8562
3202
-1551
-4606
-5759
-6814
-8995
-11311
-12866
-15098
-18262
-19911
-19001
-15749
-9019
580
9921
17180
21859
23258
21318
16663
9907
2207
-4676
-9306
-11264
-11196
-10448
-10199
-10264
-10326
-10089
-8286
-5303
-2263
2074
7834
12808
16667
18922
17296
12610
7545
2356
-2708
-6391
-8791
-10169
-9951
-8183
-5836
-4008
-3086
-2508
-1769
-478
1551
3406
4295
4051
2811
1537
568
-1058
-3111
-4581
-5723
-5986
-4481
-2509
-1010
775
2603
3979
5426
6336
6039
5321
4638
3855
3216
2698
1899
927
136
-58
249
503
785
1178
1587
2548
4065
5255
5989
6492
6569
6609
7269
8181
8505
8280
7811
6719
5020
2514
-2746
-11045
-19653
-27302
-31640
-28593
-21091
-13501
-3495
7572
14796
20444
25041
23359
16751
10197
4010
-1320
-4431
-6220
-7815
-10018
-12167
-13019
-14280
-16710
-17817
-17208
-14888
-8737
293
9085
16362
21219
22906
21533
17222
10679
2919
-4941
-10816
-13492
-13728
-12874
-12028
-11107
-9784
-8218
-5488
-1964
676
3850
8422
12173
15107
16972
15027
10505
6206
1543
-3115
-6360
-8953
-10837
-10837
-9118
-6371
-3825
-2258
-931
239
1305
2953
4306
4435
3996
3336
2427
1441
-34
-2312
-4934
-7137
-8046
-7549
-6187
-4105
-1531
1170
4141
6962
8501
8595
7682
6254
4918
3854
2925
2138
1548
1434
1708
1880
1734
1095
217
-97
471
1624
3337
5238
6679
8144
9882
10995
11263
10957
9500
6773
2822
-3859
-12712
-21081
-28291
-31580
-27740
-20720
-13024
-1933
9014
15657
21204
24618
21575
15228
9256
3144
-2033
-5008
-6322
-7109
-8802
-10574
-11543
-13965
-17295
-18439
-17940
-15418
-8509
793
9612
17574
23115
24785
23093
18147
10457
1779
-6202
-11945
-14564
-14633
-13740
-12539
-10705
-9050
-7416
-4248
-1099
1080
4826
9210
12009
14630
15926
13601
9951
6232
1434
-3139
-6618
-9497
-11158
-11176
-9675
-7423
-5541
-3609
-1254
714
2735
4965
6012
5984
5569
4650
3489
1965
-363
-3145
-5946
-8182
-9103
-8898
-7594
-5182
-2437
712
4226
6799
8106
8552
8091
7193
6186
5104
4290
3508
2727
2571
2468
1737
862
-19
-694
-471
926
3077
5358
7722
9926
11238
12017
12280
10724
6987
384
-9286
-18911
-26997
-32298
-30293
-23212
-16362
-6376
6065
13950
19563
24811
23815
17859
12366
6890
1589
-2091
-4558
-6250
-8537
-11342
-12835
-14949
-18461
-19880
-19225
-17149
-11034
-1921
7007
15274
21746
25011
25036
21606
15206
7046
-1476
-8476
-12987
-14999
-15371
-15417
-14391
-12231
-10280
-7045
-2785
115
3988
9310
12793
15606
17655
15659
11634
8102
3567
-1361
-5331
-8799
-11329
-12265
-11480
-9544
-7723
-5861
-3119
-150
2898
5863
7379
7373
6837
5947
4562
2892
585
-2564
-5717
-7742
-8443
-8599
-7926
-6127
-3952
-1086
2712
5869
7574
8473
8498
7795
7056
6214
4952
3455
2418
2068
1941
1719
1240
407
-352
-322
912
2938
5162
7667
9873
11266
12336
11990
8971
3351
-5609
-16091
-24857
-31227
-31890
-25921
-18924
-10350
1696
10774
16184
21739
22795
17846
12777
8702
4682
1955
174
-1327
-3736
-7497
-10423
-13391
-18162
-21627
-22284
-21112
-15995
-6939
2640
11595
19173
23722
24869
22766
17783
10609
2479
-4417
-9160
-11860
-12751
-13321
-13507
-12416
-11295
-9192
-5314
-2344
889
6226
10705
14148
17250
16934
13909
10773
6593
1930
-1888
-5613
-8764
-10547
-11137
-10574
-9884
-9367
-7843
-5680
-2951
1185
5078
7573
9609
10524
9816
8289
5119
87
-4950
-9056
-11776
-12390
-11150
-8636
-5362
-1597
2763
6585
8436
8945
8734
7806
7293
7759
8094
7736
7064
6061
4631
2850
775
-1487
-3404
-3912
-2382
750
4609
8254
10972
12407
12208
10289
5902
-2436
-12704
-21379
-27943
-29625
-24357
-17542
-10812
-1139
7301
11879
16235
18105
14491
9887
6826
4390
2807
1785
847
-1019
-4761
-8205
-11050
-15783
-20222
-21805
-21416
-17604
-9671
-860
7283
14482
19228
21133
20419
17048
11507
4932
-695
-4453
-6857
-8311
-9751
-11357
-12077
-12382
-11674
-8845
-5963
-2850
2607
8189
12488
16267
17227
15042
12320
8994
4972
1700
-1303
-4450
-6603
-7698
-8454
-9451
-10889
-11771
-11296
-9372
-5327
476
6044
10446
13801
15215
13864
10307
4989
-1594
-7580
-11489
-13365
-13141
-10788
-7545
-4319
-789
2435
4309
5311
6374
7625
9165
11161
12976
13777
13317
11564
8914
5717
1947
-1377
-3303
-3728
-2029
987
3731
6595
8448
7444
4509
-1344
-10510
-18551
-23870
-25328
-20085
-12611
-6165
2229
9024
11165
13108
13260
8407
3495
1087
-93
590
2207
3174
2671
-118
-3705
-7404
-12666
-17579
-19934
-20175
-16913
-9870
-2175
4554
9916
13042
14008
13140
10828
7381
3267
413
-715
-1291
-1608
-3186
-6456
-9043
-10981
-12014
-10325
-7938
-5224
75
5553
9558
13043
13564
10818
8222
5959
3663
2470
1930
1443
1109
567
-719
-3602
-7957
-11850
-14077
-13911
-10482
-5079
969
7454
12505
14852
15008
12071
6001
-641
-6209
-10060
-11517
-10525
-7893
-4908
-1998
937
2774
2978
2869
3069
3861
6009
9030
11648
13190
13548
12798
10730
7614
4325
1137
-1044
-766
953
3095
5966
7681
6690
3414
-3365
-12893
-21249
-27087
-27666
-21034
-12552
-4080
5996
12841
15115
16755
15030
8421
2251
-1508
-3112
-1876
616
2570
2687
241
-3068
-6992
-12424
-17293
-19853
-19714
-15419
-7660
629
7652
12117
13715
13032
10346
6582
2292
-1829
-3590
-3014
-1653
-156
-543
-3289
-6139
-9043
-11015
-10332
-8915
-6409
-1021
4525
8906
12272
12108
8982
5696
2450
-242
-1617
-2543
-2888
-2075
-696
508
582
-719
-2334
-3395
-3087
-1206
1254
3559
5256
6132
6425
5500
2751
-784
-4441
-7740
-9109
-8634
-7494
-5581
-3026
-316
2586
5325
7207
8119
8634
9295
9901
10229
10239
9382
7838
6425
5149
3970
3041
2299
2122
2615
3499
4498
4943
4445
2172
-3163
-9889
-16251
-22196
-23559
-18716
-13137
-6909
1549
7034
9352
12203
12471
8446
4114
1301
-130
179
1889
3475
2810
234
-2456
-5959
-10584
-14561
-17272
-18131
-15354
-9290
-2432
3550
7974
10291
10372
9211
7693
5162
2077
472
471
1025
1247
-183
-3161
-6904
-10621
-11949
-10918
-9638
-6936
-2369
1810
5707
8720
8476
6097
3764
1897
1234
1853
2704
3056
2954
3164
3001
1075
-1631
-4076
-6150
-6292
-4074
-1260
1279
3022
3686
4197
4023
2444
495
-1569
-3521
-4082
-3394
-2651
-2035
-1599
-1115
-57
1285
2531
3616
4734
6212
7971
9766
11049
11092
10167
9090
7857
6652
5578
4002
2586
2113
2026
2344
2832
2448
889
-2657
-7997
-13337
-18831
-22303
-19978
-15024
-10084
-2711
4020
6908
9377
11367
9601
5803
3013
1352
486
1093
2732
2874
995
-1159
-3792
-7588
-11347
-14237
-15949
-15307
-11723
-6300
-913
3352
6424
7854
7689
7275
6452
4380
2735
2500
2598
2846
2237
-342
-3948
-8024
-11177
-11642
-10920
-9679
-6331
-2209
1345
4878
6953
6481
4918
3703
3240
3510
4253
4882
4763
4224
3657
2349
-36
-2660
-4600
-5280
-4382
-2020
611
2180
2847
3231
2919
1817
654
-596
-1884
-2240
-1727
-1233
-760
-547
-790
-472
443
1195
2105
3248
4376
5965
7874
9350
10150
10079
9200
8288
7484
6202
4465
2833
1439
327
105
525
54
-1850
-4651
-8327
-12465
-15426
-16436
-15507
-12362
-7769
-2850
1713
4963
6485
6634
5596
3802
2156
1193
1155
1627
1846
1559
474
-1571
-4061
-6421
-8637
-10222
-10403
-9132
-6705
-3647
-824
1310
2633
3056
3117
3193
3103
3119
3499
3869
3730
2685
475
-2680
-5943
-8340
-9353
-8718
-6431
-3529
-648
2297
4281
4570
3812
2573
1114
364
1028
2362
3532
4480
4698
4123
3314
2041
460
-561
-933
-591
613
1941
2794
2868
2140
1343
614
-211
-658
-744
-875
-755
-433
-469
-670
-734
-543
323
1772
3207
4479
5374
5868
6249
6237
5800
5525
5375
5366
5731
5923
5263
3357
1236
-151
-1617
-2459
-2026
-2278
-3224
-3218
-3528
-4717
-5622
-6796
-8016
-8408
-7874
-6253
-4394
-2849
-1185
5
395
652
642
117
-276
-82
372
732
873
665
-254
-1584
-2681
-3799
-4990
-5596
-5421
-4817
-3755
-2433
-1541
-1205
-991
-674
-316
37
576
997
1113
1754
2078
1291
592
-539
-2348
-2907
-2387
-2235
-1724
-755
-441
-280
180
344
102
73
406
798
1534
2488
2906
3071
3441
3604
3561
3641
3553
3121
2681
2310
1796
1088
456
36
-147
112
555
892
1240
1459
1353
1269
1184
634
176
218
221
525
1494
2212
2579
3241
3809
4102
4552
5064
5352
5517
5688
5710
5240
4427
3736
3052
2420
1942
982
-599
-2362
-4130
-5822
-7355
-8424
-9022
-9282
-8574
-7185
-6088
-5020
-3979
-3290
-2409
-1211
-85
1046
1882
2301
2703
2483
1540
456
-1114
-2672
-3469
-3978
-4315
-4430
-4751
-5037
-4898
-4746
-4597
-4306
-4030
-3331
-2053
-615
930
2203
2697
2900
3048
2529
1592
775
-116
-839
-877
-528
-464
-649
-756
-980
-1219
-1057
-854
-736
-237
544
1336
2149
2705
2930
3073
3161
3367
3578
3536
3443
3259
2937
2717
2437
1966
1667
1577
1546
1804
2012
1829
1674
1423
1001
825
686
437
425
666
968
1281
1388
1143
781
619
757
1310
2112
2808
3650
4480
4924
5240
5040
4007
2993
2147
1158
334
-538
-1834
-3035
-3727
-3927
-3795
-3612
-3395
-3098
-2608
-1747
-859
-531
-487
-451
-889
-1243
-1149
-1977
-3200
-3406
-3804
-4307
-3597
-3143
-3367
-2811
-2110
-1954
-1768
-1741
-2231
-2621
-2321
-2040
-2210
-2343
-2820
-3620
-3776
-3460
-3347
-3161
-2735
-2127
-1338
-335
666
1111
1266
1476
1530
1597
1676
1385
985
892
901
747
677
546
44
-144
286
526
758
1347
1750
2356
3304
3798
3887
3813
3428
3110
3057
2926
2573
2138
1729
1350
1184
1083
871
690
610
734
1025
1191
1262
1242
983
831
722
294
-181
-497
-637
-449
-11
533
912
1052
1362
1846
2102
2300
2487
2258
1869
1600
1104
423
-30
-255
-320
-174
-122
-423
-826
-1207
-1478
-1449
-1431
-1339
-921
-535
0
717
940
733
478
-36
-589
-927
-1165
-1460
-1919
-2211
-2518
-3217
-3721
-4050
-4609
-4708
-4228
-3776
-3279
-2616
-2119
-1965
-1793
-1525
-1594
-1624
-1347
-1359
-1364
-1055
-999
-1097
-1120
-1226
-1471
-1643
-1600
-1432
-1132
-671
-131
549
1201
1502
1780
1952
1740
1734
1965
2037
2124
2290
2371
2375
2276
2132
1923
1726
1734
1797
1836
1815
1596
1268
1084
954
846
947
1134
1238
1512
1893
1836
1584
1424
1036
723
777
821
797
827
883
908
769
522
159
-272
-430
-393
-355
-153
-97
-226
-22
167
102
193
157
-52
58
280
316
324
308
302
320
325
347
186
-140
-163
-1
76
191
179
-61
-188
-174
-224
-330
-446
-519
-550
-566
-664
-1076
-1648
-1947
-2086
-2058
-1832
-1733
-1714
-1545
-1322
-1158
-1076
-1208
-1380
-1353
-1300
-1158
-973
-1145
-1405
-1539
-1806
-1981
-1893
-1829
-1652
-1289
-993
-685
-322
-118
27
254
443
609
810
1031
1148
1183
1159
919
513
173
-70
-151
15
258
535
766
928
1025
944
808
831
919
1101
1471
1694
1735
1780
1581
1208
929
595
244
174
236
154
268
439
468
610
672
591
539
417
273
204
-19
-176
-143
-293
-322
-218
-420
-544
-406
-243
118
504
733
883
712
556
608
424
289
246
-86
-341
-404
-567
-541
-438
-347
106
662
1104
1385
1370
1061
665
289
151
86
-97
-111
-242
-627
-872
-1124
-1565
-1667
-1599
-1552
-1075
-518
-154
249
493
434
150
-208
-526
-893
-1155
-1050
-982
-939
-686
-667
-726
-611
-617
-596
-412
-151
264
641
1085
1365
1273
1064
635
36
-432
-791
-1147
-1246
-1228
-1235
-943
-667
-699
-564
-431
-454
-132
151
239
434
484
606
843
823
909
908
587
592
382
-61
99
5
-167
171
122
-191
-346
-740
-1071
-1261
-1393
-1190
-1057
-761
-355
-365
-245
-40
-172
44
476
801
1115
1555
1999
1979
1781
1549
936
120
-427
-757
-962
-956
-538
-133
216
834
1068
956
1077
762
588
899
980
1143
1152
1041
886
537
157
-365
-936
-1202
-1420
-1345
-872
-654
-242
230
426
706
993
907
752
636
441
321
333
330
311
317
286
222
-62
-447
-558
-624
-443
170
213
432
547
363
536
287
-64
-237
-676
-855
-444
-595
-601
-183
-648
-511
-257
-654
-399
-395
-391
5
-11
339
461
177
167
-187
-733
-826
-986
-837
-535
-326
-56
-161
-114
-519
-924
-1045
-1527
-1470
-1380
-1192
-528
-533
-484
-220
-613
-636
-194
-365
-248
144
-80
411
737
850
1279
1073
969
604
15
-94
-281
-507
-158
-152
-61
267
276
504
615
772
1015
988
1317
1230
1255
1499
1116
986
690
276
14
-131
-321
-514
-552
-628
-500
-190
54
164
473
447
344
581
309
165
526
235
438
546
101
111
-141
-342
-417
-610
-590
-259
-257
-18
148
-15
-82
-110
-351
-112
66
-98
463
544
72
263
-122
-802
-197
-558
-437
520
-92
66
313
-362
101
198
-309
170
-147
-426
14
-83
-99
139
-33
-92
-214
-324
-497
-742
-642
-777
-641
-613
-665
-625
-751
-576
-278
-633
-268
-254
-571
277
291
265
1039
738
806
1145
352
306
-323
-862
-759
-936
-490
-190
-76
445
556
494
654
226
287
221
410
877
943
1363
1433
1124
1233
455
-285
-257
-497
-450
-253
131
155
286
352
497
-27
-118
24
-746
-80
-23
-347
335
73
99
360
-346
2
-92
-382
248
69
85
386
-39
14
-242
-519
-258
-414
218
216
164
67
-423
-660
-574
-670
-738
17
-240
-326
160
-688
-395
-111
-615
219
247
501
752
629
167
-32
-437
-745
-168
-394
42
159
-20
76
-169
-240
-596
-538
-638
-408
-38
-185
256
-105
-58
-66
-271
-187
-260
35
333
588
632
776
413
261
502
-147
-208
-194
-512
127
117
307
537
279
162
-56
-178
-233
106
435
661
1166
999
623
741
72
-406
-101
-435
-438
258
-15
30
524
10
89
248
-214
57
45
149
677
455
542
643
587
43
197
78
-528
-43
-383
-538
-380
-498
-378
88
74
412
517
161
486
402
99
157
-55
6
16
-169
81
-190
-754
-658
-994
-1653
-746
-1086
-818
326
-384
726
398
-599
650
-475
-712
376
-427
-40
895
315
163
646
-666
-538
-540
-1198
-233
-655
-523
-104
-121
-47
-260
0
-16
-562
155
-192
-110
839
269
763
882
271
683
87
-352
456
-744
-107
315
-258
510
-188
-25
87
-454
326
-175
-33
855
260
381
726
318
-41
711
-20
-158
113
-471
-333
-528
-439
-293
-508
-48
353
135
273
682
476
-144
307
388
-341
730
1189
-30
915
461
-589
-176
-705
-315
-327
-113
374
191
39
162
-226
-631
265
-468
159
644
186
1040
67
53
369
-632
-714
-307
-748
-625
212
-526
255
394
-722
23
-498
-383
-8
144
-65
242
389
-378
110
-376
-511
-674
-622
-431
-284
-345
-96
141
-332
172
29
-515
159
335
-21
804
612
394
489
330
-132
227
-352
-311
61
-556
354
-420
-286
300
-472
49
14
-71
619
506
351
596
780
316
796
287
125
340
155
145
349
412
-438
-2
-1004
-617
-523
-671
229
323
482
480
349
-373
-238
-470
-460
-224
222
656
121
171
459
-523
-345
35
-415
-279
-85
48
-438
-45
306
-216
-403
237
-216
-443
363
12
364
335
-27
421
-731
-408
-227
-757
-127
9
409
-254
226
140
-403
-59
-200
-293
-62
302
-95
234
124
-202
-211
-511
-457
-705
-317
-218
-460
412
156
-383
179
-32
-936
-172
-36
-384
762
711
590
815
430
306
107
-236
459
29
306
764
-123
-55
-438
-442
-848
-529
-246
-167
146
496
653
405
991
296
585
550
525
735
396
895
360
91
123
-313
-866
-649
-538
-928
-36
-57
-111
276
87
291
60
294
418
162
694
339
36
547
-344
5
-18
-682
-266
-363
-381
-140
308
-118
198
-479
-356
-387
-774
128
81
135
576
312
-63
150
-144
-18
-312
8
40
-117
92
399
71
155
108
-300
-456
-779
-143
-470
-321
94
-517
-328
-471
-696
-308
-655
-2
-140
-226
402
194
-211
231
-274
-313
430
-531
124
299
-142
-112
157
-564
-197
29
-168
375
504
675
522
888
337
338
161
-245
-60
-173
-359
-219
141
-59
-23
145
77
124
239
389
368
991
752
307
778
448
-381
162
-6
-597
456
-335
-757
-21
-320
-562
374
473
267
758
143
-93
402
82
-173
235
89
-247
140
-325
-201
301
-316
-367
-400
-349
-461
-40
45
-134
354
80
-320
239
172
-325
-32
121
-376
27
-36
-581
124
130
-38
-69
263
129
222
429
-83
133
-204
-645
-531
-626
-588
-458
-547
-602
-282
-430
-879
-381
-365
-163
450
656
761
659
813
-110
-333
-337
-613
-232
-79
173
-153
45
-329
-491
-291
-276
184
297
775
799
774
682
212
144
10
-206
-149
6
172
321
364
111
215
27
-166
224
95
265
660
567
397
434
-33
-229
-272
-337
-80
-216
-76
363
359
528
364
231
53
-129
-33
-209
20
225
641
323
253
433
-352
-504
-28
-423
-159
334
-85
188
168
-226
-379
-399
-478
-29
181
248
414
83
-184
-360
-611
-517
-232
-262
343
283
239
249
-198
-530
-616
-678
-630
-248
-192
374
196
23
-106
-484
-697
-585
-581
-602
334
255
312
677
-79
41
-67
-652
-202
-377
80
433
103
213
-39
-471
-165
81
32
400
93
373
414
380
437
-27
217
247
-72
64
-120
-188
290
-19
134
186
-482
-91
-326
-254
282
-115
521
736
529
712
123
-237
213
-330
-25
220
212
472
220
490
-43
-13
13
-221
-300
45
2
-162
247
87
183
-21
120
69
196
282
318
310
-109
-92
-416
-500
-425
34
6
-80
318
-183
-541
-199
-623
-659
-113
-398
92
242
97
308
23
26
-68
-139
-31
-76
-1
123
-215
-95
-141
-423
-153
-173
-74
-343
-431
-336
-293
166
169
330
381
216
246
152
-223
-189
-137
-497
88
83
-152
194
-88
-139
11
-266
-70
194
205
471
318
242
84
-124
-213
-168
-182
-68
64
71
11
-84
-14
-384
-184
-131
-210
253
336
388
482
407
105
53
18
-66
101
171
393
524
456
301
-199
-231
-131
-171
203
333
295
241
-79
-291
-252
-174
28
294
381
314
132
-246
-187
-61
35
216
214
297
209
197
-196
-391
-366
-484
-333
-190
-27
-110
-38
-168
-154
20
-96
179
232
226
224
-18
-204
-123
-105
9
152
44
6
-287
-461
-549
-591
-386
-10
164
454
511
328
209
-164
-138
-224
-228
-48
148
107
128
53
-361
-252
-277
-287
-42
350
455
472
435
-41
-24
-76
-161
73
177
237
21
-239
-550
-595
-635
-405
-262
-137
151
-58
61
36
-69
105
40
-28
315
284
208
202
109
61
-36
2
-129
-125
-30
-50
-9
63
7
-25
38
11
196
243
61
256
216
136
128
-16
-80
-196
-42
57
-74
39
13
-251
-190
-141
-185
-57
-10
-9
-24
-10
122
120
177
265
243
210
216
229
163
317
285
444
495
373
461
114
101
111
-114
46
108
68
216
112
-78
-191
-301
-230
-140
-124
-26
-61
-190
-253
-372
-380
-375
-243
-127
-32
27
-60
-52
2
-3
128
149
189
365
375
161
-19
-214
-422
-271
-230
-151
-181
-315
-531
-670
-617
-704
-737
-708
-860
-787
-754
-904
-883
-939
-983
-929
-819
-821
-763
-915
-931
-952
-640
-439
-339
-69
-64
140
237
429
415
645
710
829
1168
1144
1241
1213
1073
1073
1196
1216
1148
1101
1009
825
707
678
609
764
777
839
967
1038
1273
1184
1123
1210
1235
1353
1544
1589
1657
1506
1541
1684
1765
2081
2004
1983
1972
1864
1793
1683
1710
1713
1896
1885
1628
898
-84
-1223
-1984
-2154
-2295
-2160
-2554
-3443
-4536
-5332
-5832
-5801
-5541
-5313
-5030
-5108
-5062
-5106
-4922
-4600
-3952
-3152
-2216
-1356
-911
-794
-819
-549
-11
1023
2058
2768
3097
3040
2803
2779
2820
3000
3215
3352
3322
3057
2629
1778
1161
643
304
285
140
-325
-1076
-1940
-2792
-3111
-2935
-2724
-2392
-2237
-2418
-2483
-2450
-2232
-1769
-1228
-627
186
885
1487
1726
1787
2002
2310
2910
3452
3774
3746
3478
3178
2985
2920
2948
2820
2625
2382
2064
1775
1405
1006
549
408
468
706
824
736
515
141
202
454
902
1409
1706
1859
1956
2044
2195
2391
2624
3035
3415
3666
3787
3278
2190
1055
-168
-762
-616
-717
-1227
-2200
-3872
-5593
-6337
-6617
-6584
-6217
-6479
-6915
-7300
-7649
-7662
-7280
-6624
-5735
-4692
-3819
-3180
-2926
-2898
-2667
-1864
-500
1013
2172
2673
2681
2561
2697
3112
3779
4328
4616
4620
4361
3930
3374
2861
2382
2336
2347
2103
1482
532
-829
-1935
-2436
-2717
-2407
-2374
-2757
-3158
-3678
-3968
-3746
-3395
-2813
-2063
-1628
-1095
-648
-409
36
547
1248
2147
2883
3312
3290
3187
3043
3136
3593
3840
3905
3592
3016
2569
2244
1996
1937
1713
1380
1152
793
525
284
117
202
401
759
1002
1018
1058
1046
1163
1590
2241
2772
3294
3673
3755
3989
4115
4196
4482
4727
4913
4733
3729
2323
673
-657
-926
-1045
-1342
-2147
-4122
-6343
-7784
-8373
-8225
-7689
-7667
-8122
-8759
-9206
-9099
-8546
-7709
-6817
-5823
-4859
-3958
-3352
-2969
-2518
-1697
-460
1095
2528
3257
3322
3047
2997
3504
4362
5099
5371
5050
4544
4014
3692
3594
3257
3006
2509
1920
1377
611
-405
-1272
-1849
-2251
-2279
-2441
-2991
-3628
-4109
-4274
-3909
-3321
-2965
-2773
-2633
-2426
-1852
-1048
-360
107
556
980
1614
2197
2639
2847
2867
3138
3430
3733
3786
3394
2750
2375
2172
2252
2360
2043
1468
780
374
231
367
478
473
411
331
473
724
969
1217
1285
1535
1993
2514
3013
3280
3382
3613
3957
4370
4712
4771
4644
4343
4377
4391
4192
3266
1781
53
-1355
-1536
-1665
-2181
-3175
-5224
-7434
-8567
-8715
-8383
-7937
-8273
-9143
-9735
-9819
-9203
-8120
-7029
-6200
-5361
-4548
-3716
-2922
-2298
-1696
-848
446
1817
2874
3349
3235
3037
3275
4091
4988
5503
5414
4703
3994
3640
3624
3757
3503
3067
2547
1853
1365
914
226
-377
-736
-1132
-1281
-1400
-1908
-2443
-2888
-3074
-2916
-2605
-2606
-2681
-2852
-2800
-2342
-1747
-1090
-618
-286
-2
450
853
1263
1530
1671
1835
2116
2343
2410
2316
2014
1917
1963
2077
2151
1935
1417
859
583
643
912
1073
1007
780
548
496
693
912
1108
1236
1299
1538
1831
2096
2363
2575
2817
3146
3445
3729
3891
3807
3873
3928
3849
3916
3711
3357
3139
2939
2664
1952
548
-1196
-2832
-3449
-3312
-3194
-3543
-4900
-6923
-8475
-8722
-8162
-7212
-6807
-7452
-8514
-9144
-8903
-7971
-6663
-5677
-5054
-4621
-4038
-3235
-2425
-1617
-841
111
1228
2325
3093
3297
3185
3197
3672
4529
5271
5464
4938
4075
3519
3420
3725
4037
3878
3376
2663
1984
1664
1412
1033
737
283
-209
-524
-878
-1361
-1823
-2140
-2295
-2224
-2051
-2215
-2558
-2930
-3157
-2965
-2418
-1886
-1615
-1423
-1414
-1226
-777
-203
354
658
944
1168
1336
1523
1613
1648
1834
2077
2305
2430
2221
1822
1378
1212
1329
1569
1788
1629
1249
921
794
939
1241
1483
1377
1127
883
805
1056
1488
1849
1965
2000
1831
1685
1782
1941
2104
2255
2306
2359
2421
2492
2582
2534
2521
2483
2452
2501
2446
1924
796
-584
-1874
-2579
-2415
-2365
-2929
-4121
-5934
-7487
-7906
-7435
-6770
-6374
-6882
-7788
-8330
-8101
-7130
-5864
-4812
-4301
-3986
-3595
-2911
-2120
-1363
-582
179
1123
2108
2776
3067
3029
3058
3504
4347
5121
5412
5085
4405
3911
3799
4036
4246
3985
3454
2740
1990
1577
1217
765
279
-289
-882
-1290
-1630
-2080
-2479
-2735
-2915
-2931
-2849
-2958
-3085
-3178
-3141
-2806
-2441
-2052
-1777
-1615
-1321
-854
-326
253
766
1100
1366
1629
1887
2141
2296
2371
2419
2483
2572
2506
2443
2251
1995
1824
1692
1581
1403
1122
726
434
309
293
425
412
253
48
-97
-38
143
407
632
794
931
1173
1484
1827
2136
2351
2507
2652
2846
2994
3125
3219
3259
3370
3378
3266
3084
2757
2553
2479
2350
1812
738
-682
-2139
-2877
-2829
-2680
-2984
-3955
-5700
-7227
-7757
-7393
-6595
-6154
-6462
-7262
-7845
-7775
-6933
-5751
-4754
-4114
-3732
-3422
-2909
-2212
-1523
-720
179
1156
2053
2685
2900
2820
2903
3258
3951
4642
4876
4473
3790
3237
3094
3366
3510
3217
2611
1782
1036
710
421
37
-338
-819
-1272
-1485
-1670
-1916
-2132
-2290
-2308
-2168
-1918
-1859
-1947
-1993
-1912
-1552
-939
-499
-532
-785
-1095
-1076
-471
176
596
689
417
263
542
1065
1527
1813
1746
1452
1355
1456
1472
1514
1386
1103
1075
1103
1058
946
589
152
-7
86
381
615
557
359
283
543
1045
1581
1900
1831
1684
1730
1886
2285
2724
2840
2873
2948
2889
2954
3028
2931
2927
2967
2888
2856
2817
2566
2364
2132
1971
1924
1932
1786
1381
505
-788
-1961
-2788
-2853
-2659
-2785
-3359
-4655
-6168
-7023
-6993
-6510
-5895
-5802
-6427
-7111
-7446
-7149
-6215
-5168
-4431
-3990
-3734
-3419
-2927
-2423
-1812
-1093
-246
742
1572
2061
2224
2205
2362
2872
3538
4064
4119
3837
3519
3276
3272
3522
3558
3381
3010
2344
1709
1246
791
497
405
190
-167
-673
-1306
-1771
-2039
-2080
-1806
-1602
-1677
-1866
-2189
-2354
-2103
-1706
-1191
-685
-373
-310
-404
-790
-1039
-1054
-844
-17
745
1158
1160
692
148
44
332
1037
1914
2225
1988
1413
770
601
940
1394
1729
1669
1105
531
472
617
816
962
912
890
1062
1327
1572
1802
1902
1888
1974
2126
2149
2078
2000
2033
2267
2640
2708
2669
2495
2061
1897
1879
1821
1814
1749
1588
1587
1567
1284
923
641
584
728
943
1039
630
-426
-1609
-2561
-2962
-2657
-2393
-2463
-2916
-4143
-5561
-6349
-6550
-6121
-5472
-5357
-5632
-6024
-6474
-6430
-5765
-5044
-4282
-3508
-2978
-2454
-2044
-1895
-1658
-1046
-77
1117
2164
2696
2618
2257
2227
2722
3570
4227
4272
3866
3319
2883
2823
3010
3054
2876
2401
1768
1325
973
461
-52
-473
-813
-900
-916
-1084
-1460
-1968
-2308
-2246
-1830
-1370
-1205
-1314
-1517
-1694
-1647
-1318
-1027
-802
-615
-677
-528
-176
-155
-42
286
551
1057
1643
1752
1741
1747
1538
1648
2168
2385
2212
1890
1380
1065
1051
974
806
652
353
148
205
215
184
72
-102
-59
171
348
488
613
598
648
964
1468
1945
2329
2386
2198
2157
2146
2254
2475
2646
2611
2455
2314
2204
2158
1949
1578
1333
1272
1294
1282
1090
708
203
-119
-116
109
423
492
-74
-1076
-2190
-3275
-3648
-3357
-3083
-3090
-3540
-4551
-5535
-6022
-6096
-5699
-5138
-4932
-5044
-5228
-5362
-5175
-4726
-4080
-3194
-2200
-1379
-811
-564
-603
-475
-51
702
1664
2422
2675
2512
2261
2129
2217
2489
2831
3040
3073
2912
2548
2120
1670
1361
1343
1515
1598
1388
852
154
-413
-761
-810
-620
-435
-472
-707
-1074
-1400
-1550
-1511
-1262
-966
-828
-809
-956
-1095
-970
-793
-491
-46
302
533
694
679
672
760
908
1236
1581
1678
1580
1435
1243
1190
1241
1223
1188
1106
869
638
429
224
118
77
181
354
425
378
277
175
210
400
665
963
1145
1169
1179
1251
1464
1734
1969
2226
2391
2432
2388
2230
2027
1949
1922
1986
2123
2048
1745
1360
943
603
374
186
18
-176
-473
-761
-906
-1053
-1114
-1152
-1187
-1091
-1001
-985
-1064
-1312
-1685
-2039
-2322
-2357
-2262
-2266
-2325
-2581
-2920
-3185
-3366
-3483
-3492
-3376
-3265
-3080
-2955
-2907
-2932
-2930
-2766
-2464
-2051
-1602
-1234
-1106
-1122
-1152
-1012
-554
46
546
896
1047
1034
1107
1191
1266
1446
1509
1578
1733
1753
1620
1404
1179
1133
1266
1468
1599
1475
1228
934
674
543
512
425
331
205
30
-152
-365
-582
-797
-918
-837
-611
-448
-396
-464
-496
-397
-116
227
496
694
755
779
843
929
989
1031
1089
1163
1235
1292
1261
1117
987
845
800
821
790
711
561
428
339
303
302
318
281
197
194
262
410
570
639
669
749
918
1173
1412
1540
1633
1665
1613
1591
1567
1482
1433
1369
1282
1187
978
738
537
390
307
219
85
-115
-329
-499
-603
-666
-726
-847
-989
-988
-975
-958
-952
-1094
-1272
-1359
-1377
-1255
-1024
-942
-967
-1002
-1089
-1168
-1208
-1370
-1476
-1561
-1729
-1780
-1889
-2141
-2303
-2422
-2467
-2267
-2079
-1970
-1960
-2085
-2141
-2098
-1959
-1693
-1491
-1334
-1143
-969
-746
-462
-248
-111
22
124
329
654
955
1186
1317
1383
1472
1620
1800
1896
1893
1802
1644
1471
1337
1161
964
797
554
305
190
112
-39
-169
-459
-737
-743
-718
-660
-562
-650
-694
-617
-596
-445
-270
-214
-65
135
289
489
596
658
857
1098
1283
1455
1550
1570
1544
1490
1489
1485
1462
1431
1427
1416
1439
1359
1170
1018
826
674
670
614
476
316
72
22
137
222
226
201
172
169
178
198
169
91
98
85
177
334
322
298
286
179
127
115
45
109
154
38
34
22
-28
-119
-239
-263
-205
-159
-273
-402
-611
-851
-883
-714
-510
-290
-268
-434
-612
-680
-603
-498
-328
-243
-278
-357
-363
-378
-375
-449
-488
-396
-310
-225
-174
-238
-369
-480
-658
-714
-659
-694
-789
-910
-1041
-1105
-1218
-1232
-1251
-1283
-1220
-1139
-1018
-940
-891
-889
-901
-843
-698
-625
-531
-413
-339
-234
-163
-135
-116
-173
-97
12
144
281
294
257
190
144
85
129
62
99
216
250
317
205
-52
-221
-235
-108
93
334
426
391
427
497
625
731
846
917
1100
1253
1345
1362
1166
1108
1067
1132
1334
1385
1347
1254
1112
930
867
673
531
489
310
418
398
328
271
34
-152
-282
-309
-248
-147
-59
-103
-144
-55
-76
-43
217
292
330
705
622
678
756
517
465
356
439
540
631
637
605
360
184
177
78
84
-1
-96
-33
-55
-112
-278
-540
-823
-962
-879
-883
-757
-897
-1038
-1133
-1101
-1030
-1013
-899
-965
-735
-697
-689
-405
-665
-667
-454
-515
-216
24
36
83
175
155
168
77
133
115
96
359
314
338
249
69
66
58
78
36
-47
-39
-133
-113
-145
-236
-331
-427
-455
-390
-230
-294
-154
-317
-512
-409
-741
-683
-471
-583
-439
-363
-524
-541
-606
-722
-638
-695
-489
-391
-478
-259
-341
-362
-162
-57
143
284
408
385
500
641
573
750
671
652
750
802
755
802
859
669
761
673
562
610
523
484
595
497
495
727
406
319
336
-197
103
198
71
279
-28
22
-104
-84
11
-3
-6
-56
87
-106
118
148
-145
-49
-39
-12
208
352
246
421
256
201
362
170
385
151
279
302
198
274
-118
78
-174
-6
247
-152
112
-78
-487
-111
-313
-268
-141
-329
-133
-138
-210
-179
-90
-301
-43
-78
-118
-8
67
-123
-108
118
-121
309
183
118
205
-114
-115
48
-23
-49
-90
-215
-497
-156
-396
-444
-129
-836
-506
-494
-789
-323
-437
-931
-375
-584
-577
-31
-287
-165
-277
-209
-328
-73
-126
-161
133
-203
144
178
-239
161
-150
-194
180
-110
170
91
-115
-22
78
-7
290
320
96
248
69
-53
130
172
7
156
124
23
293
130
195
308
308
419
194
462
330
257
560
224
403
415
261
335
306
214
157
90
35
-158
-160
-261
-328
-211
-497
-451
-472
-442
-395
-290
-393
-349
-352
-416
-208
-277
-44
-107
59
222
350
315
526
602
454
821
599
673
831
748
480
831
518
426
771
326
548
387
176
291
81
88
-65
-49
-109
19
-36
-355
-126
-439
-291
-275
-346
-185
-252
-276
-332
-233
-399
-177
-219
-259
-124
-233
-217
-95
-104
-182
-213
-117
-233
38
9
-226
169
-298
-175
-155
-350
-12
-180
91
9
-20
291
-210
82
16
-175
165
13
47
116
-117
-279
-63
-303
49
65
-79
69
-49
-228
-229
-110
-615
81
-413
-357
115
-654
-67
-284
-551
-206
-449
-539
-255
-329
-401
108
-281
-8
-120
-188
13
24
346
4
332
-35
18
309
-110
305
200
137
481
307
377
174
278
-20
160
350
-97
527
-14
11
163
-265
94
116
-104
159
105
-75
173
161
32
354
196
163
563
84
612
310
425
366
378
359
239
685
181
523
172
171
185
74
85
-6
-6
-230
-149
-198
-300
-216
-303
-411
-212
-380
-376
-261
-423
-239
-115
-241
24
-192
-116
-34
19
85
142
165
138
174
74
174
124
274
254
171
268
119
123
101
-43
-83
20
-150
-93
-120
-310
-201
-264
-349
-202
-407
-484
-235
-558
-278
-446
-460
-400
-499
-320
-435
-244
-290
-231
-240
-194
-116
-161
-82
-8
-71
81
-5
92
84
70
217
-89
213
7
-13
152
-23
142
145
73
114
85
130
169
182
169
209
250
92
241
109
209
211
268
328
208
206
164
144
225
143
29
84
-18
30
47
21
97
-40
82
28
81
237
13
82
83
74
104
207
63
132
114
-13
197
105
107
176
17
279
134
158
209
75
155
63
208
37
159
42
154
97
61
196
-155
130
-101
-85
-21
-74
10
-51
-27
-87
-37
-16
-6
97
-101
7
-11
-143
-4
-205
-137
-235
-27
-152
-109
71
-350
19
-192
-273
74
-317
-28
-228
-237
-83
-285
-3
-296
-145
-392
-255
-183
-168
-70
-196
-154
-249
-82
-280
107
-259
64
22
-146
117
-103
34
-155
222
-132
215
222
-86
361
-99
134
181
88
148
199
137
39
225
-23
66
-66
-50
-29
-53
62
-203
7
-263
-88
-49
-129
88
-131
-58
-31
-204
-116
-134
-304
-68
-218
-71
-34
131
-127
84
-14
-166
431
-109
385
139
134
178
112
316
97
395
139
381
313
181
311
120
144
87
222
124
333
236
109
259
-34
223
37
138
150
-26
120
-48
123
-93
146
16
102
164
66
209
84
97
182
30
170
117
73
170
-26
140
-174
132
-261
-38
-210
-252
-29
-334
-28
-309
-234
-265
-271
-214
-239
-157
-286
-227
-180
-350
-51
-175
-59
23
-159
49
-24
6
67
55
103
63
153
43
-22
174
-196
199
-55
9
-46
-64
-140
-16
-51
-183
85
-379
67
-296
-93
-20
-222
-130
-215
-211
-191
-90
-91
-141
33
-126
-66
124
-163
122
-95
-29
80
56
54
105
-27
76
44
146
79
149
131
-23
229
-31
129
82
73
171
179
142
228
64
88
158
-24
257
2
191
-20
73
76
47
217
67
142
46
133
-95
137
-15
47
90
-23
192
27
111
91
-63
139
-62
52
75
-15
47
-119
24
-145
118
-95
55
54
-39
56
58
29
92
74
-65
244
-35
339
22
137
14
-78
105
-107
73
-25
-25
-95
75
-204
84
-191
-32
-47
-164
53
-185
-110
-104
-104
-118
23
-116
-2
-121
-69
-63
-96
-55
-155
-74
-121
-37
8
-11
33
-151
58
-230
35
-34
-214
118
-306
1
-158
-164
-17
-70
-65
-27
-30
-109
34
-144
12
-144
-96
-66
-74
66
-168
87
-116
-9
86
-88
118
-7
16
25
77
0
123
61
-61
228
-115
183
16
26
113
-25
144
38
97
-34
35
-1
39
93
-19
2
35
-87
70
-129
39
-30
-83
140
-117
107
-85
-53
97
-122
155
-6
84
159
58
101
85
44
54
199
-91
320
-27
157
253
-48
308
-60
99
46
24
58
73
14
-35
42
-249
59
-50
-20
140
-81
72
-16
11
56
-11
157
33
132
63
74
26
122
14
108
187
-181
297
-154
84
186
-174
117
-130
-109
-113
-85
-191
-110
-117
-335
-1
-328
-70
-83
-365
-24
-352
-161
-155
-180
-111
-151
-104
-140
-53
-90
-27
-71
20
-29
-53
64
-103
25
30
-77
191
13
97
198
-66
143
-22
-32
35
15
-28
33
31
-156
115
-246
52
0
-86
119
-133
-28
-87
-126
-70
-50
-13
-43
15
-51
-3
-34
11
-4
-45
114
-76
155
14
34
57
-56
55
25
80
44
82
-69
90
8
2
143
32
109
100
89
106
149
49
164
132
105
168
24
202
8
124
148
-83
245
-114
36
33
-116
-10
-14
-166
3
-48
-140
79
-68
-44
-28
-124
-91
3
-209
152
-160
-32
5
-154
-25
-12
-82
85
23
-78
116
-122
30
-20
-44
45
40
87
87
-27
66
-69
-15
74
-78
101
-5
-10
43
-107
-9
-12
30
29
52
1
52
-15
-63
107
-203
194
-134
6
81
-151
64
-95
-4
-91
25
-78
97
-66
-17
-4
-164
20
-82
-44
129
-70
50
25
-95
70
-23
24
183
-41
127
80
-29
198
-80
113
63
19
75
149
-84
184
-62
-16
105
-175
116
-73
50
-28
64
-119
86
-89
-36
159
-157
166
-61
-81
82
-144
-7
-17
-108
49
-62
78
-5
22
39
-90
39
-21
-14
42
25
-102
-18
-63
-143
-8
-135
-54
-26
-193
-57
-141
-145
-83
-114
-62
-37
-197
22
-118
-82
127
-191
98
5
-75
61
15
-45
107
6
-7
221
-130
218
14
-18
182
-64
127
129
-25
41
93
-110
60
-12
-97
120
-81
33
50
-62
8
0
-59
19
-49
-68
48
-148
73
-178
5
-23
-145
153
-144
169
-43
40
69
-62
79
-35
128
-1
145
-53
136
38
-38
174
-34
95
9
74
17
70
31
12
131
-7
113
11
129
53
2
108
-80
122
31
-41
178
-82
93
107
-50
117
-43
-22
43
1
-28
67
-159
51
-118
-76
-13
-88
-109
-40
-124
-140
-11
-255
0
-147
-135
32
-131
2
-86
-84
-86
-80
-64
-61
57
-174
112
-213
45
-42
-107
131
-155
153
-213
124
-178
57
-27
-11
104
21
77
-45
163
-227
197
-150
89
119
-94
67
-18
-64
25
9
-95
150
-148
49
53
-210
156
-214
45
-15
-52
160
-104
181
-157
104
-25
-26
79
16
102
10
128
-73
108
-41
33
99
82
96
83
-8
57
-48
48
-23
79
16
-40
84
-143
62
-117
107
-70
116
1
-38
177
-231
227
-126
72
124
-67
179
-49
36
44
77
-28
170
-59
96
75
-1
112
-64
143
-101
113
-123
80
-22
-71
63
-254
119
-267
63
-105
-119
13
-167
-21
-134
57
-243
137
-186
-67
118
-287
172
-185
-42
10
-87
-29
24
-62
-45
33
-111
54
9
-99
153
-109
97
-41
-15
44
-121
157
-113
194
-56
27
13
20
30
24
71
-74
154
-155
138
-78
-31
6
-50
7
-24
50
-32
57
-46
-29
26
-97
55
-39
25
42
0
65
-45
127
-173
234
-119
132
31
-11
73
-71
84
-137
234
-160
231
-23
83
53
27
-25
55
41
-106
257
-250
306
-173
-3
102
-221
229
-112
76
-23
7
-76
33
-47
-14
97
-127
174
-119
71
25
-87
156
-169
153
-17
22
59
-11
-39
34
9
-153
323
-325
209
5
-176
172
-95
-73
93
-42
-195
301
-446
270
-191
-159
222
-356
209
-94
-52
89
-133
17
21
-148
178
-120
35
102
-151
97
64
-229
270
-157
37
147
-248
209
-143
-25
14
41
-135
143
-68
-72
185
-185
19
120
-225
159
-27
-127
245
-193
141
21
-7
41
112
-93
140
30
4
153
-60
134
-69
121
11
95
73
112
-25
123
-22
-24
140
-97
190
-62
71
-32
-27
-82
34
-49
-123
160
-318
173
-118
-207
244
-378
200
-118
-71
71
-112
14
-127
129
-296
318
-256
195
-51
-71
164
-233
323
-266
337
-181
194
-44
19
68
-100
228
-209
257
-266
217
-180
0
9
-135
90
-173
245
-317
315
-225
-38
218
-400
352
-257
67
29
-83
-48
63
-148
-6
182
-343
449
-337
97
114
-357
295
-230
49
91
-114
-17
112
-309
209
-149
-85
266
-370
325
-198
-52
183
-219
148
75
-164
181
-23
-158
308
-247
94
139
-245
287
-71
-12
210
-145
57
146
-228
243
-33
-114
291
-262
123
85
-179
260
-88
-31
175
-197
170
-7
-77
183
-211
172
-50
-113
273
-296
204
-42
-200
304
-268
124
55
-172
142
-22
-86
147
-107
35
74
-71
59
4
-32
79
-20
29
59
-43
87
-120
149
-149
128
-51
8
70
-96
153
-172
136
-61
-1
114
-134
113
-44
-35
71
-59
44
29
-60
-23
42
-164
125
-131
-17
-25
-79
-55
-13
34
-171
177
-232
141
-39
-72
110
-81
-14
-12
-68
-19
44
-101
120
-157
55
-72
6
73
-106
151
-173
92
-68
-105
54
-102
-11
3
-48
-117
179
-277
207
-96
-129
239
-319
275
-219
25
4
-116
100
-85
14
-29
13
-108
132
-102
57
81
-146
193
-99
-5
135
-104
140
37
-106
174
-60
-68
207
-194
156
26
-80
166
-26
28
90
-17
-49
155
-164
203
-29
-38
61
-48
-43
60
-15
-22
195
-166
154
-52
-58
100
-99
63
72
-48
75
-24
-80
85
-56
4
145
-91
97
66
-131
214
-134
96
80
-17
93
6
-28
72
2
-19
144
-114
137
39
-59
150
-3
-70
127
-139
56
71
-146
89
-119
-115
-3
-133
-103
40
-176
28
-68
-206
41
-167
-25
65
-115
43
-25
-146
83
-91
-26
81
-125
80
-67
-29
85
-108
77
7
-47
109
-12
-55
126
-105
-14
116
-215
118
-5
-202
255
-201
-5
168
-293
187
-13
-160
247
-163
-18
176
-246
155
10
-156
183
-94
-17
159
-184
120
28
-90
204
-156
117
14
-105
148
-67
-29
134
-142
67
31
-155
181
-92
7
131
-192
89
47
-171
271
-58
-20
244
-247
188
47
-100
290
-127
103
98
-116
95
76
-93
181
-24
-64
215
-216
189
-85
-69
183
-214
202
-63
-83
156
-171
39
54
-125
84
24
-146
186
-114
5
143
-182
142
19
-82
150
-46
-81
166
-199
127
11
-123
187
-152
45
13
-103
44
26
-86
87
-54
-90
90
-126
53
26
-136
119
-148
3
70
-160
158
-120
-25
38
-59
30
48
-36
-20
-3
-145
42
-49
-54
55
-84
-33
12
-155
30
-37
-89
101
-90
-5
44
-88
71
-8
-52
147
-79
107
49
-39
116
-41
31
102
-41
108
18
13
99
-2
84
-16
10
32
-32
31
21
-21
21
-57
-19
-40
-2
15
-37
34
-80
-49
7
-57
34
12
-20
3
-19
-25
37
27
31
67
-29
51
16
27
58
22
58
-10
32
55
9
56
23
-26
1
-7
-42
70
-19
-6
32
-125
87
-84
40
55
-73
97
-46
10
16
30
-3
34
33
-24
52
-26
40
12
7
44
-13
26
-19
26
-32
6
9
-50
37
-49
-6
-22
-74
21
-58
11
17
-63
39
-67
-23
5
-2
14
10
-7
-29
6
-43
59
-43
15
23
-78
55
-76
-20
18
-67
43
-37
-43
14
-78
-19
-34
-82
25
-38
-27
25
-83
-22
-46
-57
59
-17
10
47
-58
26
12
-40
58
-32
1
25
-55
59
-57
-10
9
-84
23
-38
-27
21
-1
-49
10
-52
-59
36
-59
31
-3
-57
25
-66
-4
50
-30
48
16
-40
40
13
-13
95
-27
21
41
-61
44
-29
4
29
-13
42
-2
7
15
11
38
-12
34
1
13
17
26
-11
16
5
-16
28
-2
42
18
44
54
15
41
16
25
41
17
44
16
-5
-19
-18
21
16
-6
-5
-47
-48
4
-8
35
16
-11
-17
-65
-25
-23
8
42
13
-16
-37
-34
-43
58
-27
28
28
-64
49
-44
30
2
-35
-1
-73
-13
-14
-31
6
-61
-49
-29
-49
16
-21
-24
-7
-73
-14
-20
-32
27
-58
-1
-52
-37
-16
-33
4
-4
-21
-17
-14
-14
14
-34
-17
-61
15
-9
-1
12
-46
-38
-43
-25
-7
32
-9
9
-24
-26
14
13
44
7
35
-17
35
15
26
91
-27
66
-20
32
18
16
80
-13
38
-13
20
34
37
14
10
3
-35
37
-15
20
33
-14
20
-10
-1
35
2
4
37
-18
22
32
12
16
17
-14
18
40
11
52
18
25
19
11
8
20
13
20
22
19
12
41
0
6
16
-60
36
-12
4
8
-9
-13
-26
-6
-39
17
-45
-18
-5
-72
19
-41
-38
-8
-72
-21
-26
-11
-9
-20
-43
-20
-34
-18
5
-23
-1
-22
-21
-12
8
-18
42
-3
8
-4
-1
32
-6
33
6
5
10
25
-21
27
-29
12
-4
-25
21
0
25
12
-18
-25
13
-16
35
16
-24
23
3
-24
45
-5
24
62
-36
57
18
-7
63
-6
24
20
-18
32
13
19
19
-9
-35
19
-16
0
35
-39
43
-25
-47
9
-56
35
-3
-15
36
-30
6
5
-42
12
12
-23
63
-13
9
51
-38
37
1
-25
49
6
12
31
-14
7
-14
-16
-14
0
-1
-14
11
-31
10
-17
-5
10
-26
12
-18
10
12
8
26
-5
10
-15
2
8
14
-6
-6
29
-16
21
-14
-17
2
-24
1
-8
21
-13
-9
-24
-32
4
-4
-1
9
-9
5
-12
-3
27
-2
15
28
-10
6
5
2
46
18
-12
37
-15
18
30
-12
40
-26
4
27
-7
32
-12
9
-3
-11
4
-10
-1
-6
3
-36
5
-20
-19
9
-19
1
-3
-7
-4
-2
-16
10
-14
-7
0
-26
19
-25
-9
-10
5
10
9
29
-9
1
-10
21
25
31
36
8
30
5
14
27
5
19
23
26
42
21
24
12
3
-7
17
15
31
35
-9
31
-32
-8
10
-31
56
-9
4
36
-29
40
-6
11
4
1
24
30
14
26
5
-26
17
-17
33
2
21
-2
-4
14
0
17
1
-19
4
-21
-19
22
-18
25
-22
-28
-21
-19
2
22
16
-21
7
-32
-9
-6
-4
33
-20
-5
-14
-4
-9
14
-14
-8
0
-35
17
-25
9
-26
-14
-30
-35
15
-47
15
-21
-19
4
-29
-2
-1
-5
-7
7
-27
22
-4
-4
13
-22
26
-6
19
19
-18
0
-1
0
17
3
-5
-1
-25
-12
11
16
35
-9
-6
-12
-38
26
-7
37
32
-9
6
-4
5
34
24
11
39
-8
12
16
13
35
7
-9
15
-10
26
21
7
19
-18
-7
-14
-2
2
17
-12
-10
-9
-10
-13
-3
-5
-11
-5
2
-11
5
11
-14
15
-12
-3
1
-3
-21
9
-24
0
-21
-20
4
-43
-5
-31
-24
-2
-19
-18
-20
-36
3
-36
-2
-1
-36
2
-12
-6
-7
0
-15
10
-7
-9
22
10
16
4
3
7
3
4
26
-3
-7
16
-14
8
4
11
1
-4
10
-16
22
-9
3
3
-10
10
-8
7
26
0
15
3
-24
25
4
22
8
13
19
-11
32
0
16
15
-12
13
15
16
8
4
-14
-25
-15
3
18
1
27
-1
10
-17
-18
21
3
18
1
2
23
-14
7
3
-11
11
-13
6
25
9
9
4
-35
7
-8
-10
12
-19
-7
-14
-16
-9
-13
-11
-24
-10
-25
-16
11
-22
9
-30
-6
-18
-23
-11
-11
8
-21
3
-24
-12
-8
-12
6
-19
-9
5
-13
11
-6
-7
-3
-21
-14
0
-12
-7
-2
-9
3
-25
-1
-7
-8
15
-9
2
3
-17
-1
1
-25
10
-18
-7
11
-28
23
-14
-16
12
-11
10
-8
2
3
8
-4
-6
3
-9
19
-7
16
15
-8
20
-7
8
6
2
-4
-9
3
-3
11
-6
0
-22
-23
4
-30
4
13
-21
9
-30
-15
-12
-14
2
-8
20
-5
8
7
0
-9
-2
4
-10
27
12
21
12
-11
-2
2
9
18
18
5
7
-11
6
1
-16
1
-5
-2
4
-2
-4
8
-7
-6
-1
-28
15
2
6
13
-17
-2
0
-4
6
7
14
3
3
2
1
13
3
-7
3
8
-2
9
-3
6
1
-8
-3
7
-2
20
2
5
6
-15
8
-1
2
5
6
3
15
0
5
-6
-10
0
-10
8
1
-2
-2
-23
-5
-17
-19
2
-14
5
-19
3
-15
-14
-16
-16
-3
-10
3
-11
4
-6
-14
-8
-4
-8
11
0
-8
-4
-17
2
7
2
1
-11
-12
1
-16
-17
16
-10
-2
-2
-28
4
-16
9
-10
-8
11
-9
14
-12
2
8
3
-16
12
9
8
30
-8
25
-9
-4
32
0
21
16
4
22
-3
-1
16
-9
1
17
-5
15
9
0
15
-1
1
9
5
-4
16
0
7
10
-5
8
5
4
9
-2
0
10
6
10
-7
-2
3
3
7
11
1
0
3
-18
4
-5
-7
8
-12
-11
3
-1
2
8
-13
7
-17
-10
5
-12
5
-7
-2
-11
-14
-12
0
16
-5
-3
-9
-9
-9
2
2
3
-8
-5
4
-14
-7
-17
-5
-6
-13
1
-9
-2
4
-3
2
-11
-11
-3
-5
2
-2
-9
-1
4
-11
-1
-1
-4
23
-6
10
5
-9
12
-16
8
11
7
20
14
0
9
-8
-3
3
-11
21
1
22
15
3
10
-6
1
5
4
15
11
1
6
-6
1
1
18
21
10
21
11
5
6
5
7
6
7
10
19
17
1
17
-8
6
-7
-7
12
0
17
-3
-2
5
-6
4
2
-7
0
-2
-5
6
0
-2
5
-5
4
-4
5
15
-3
6
-8
0
4
-10
9
0
3
8
-2
-2
-10
2
-16
-10
-6
-5
6
3
0
-9
-6
-7
-11
-6
2
-6
-5
-14
-8
-2
8
2
4
1
-1
1
-1
-3
-4
8
-9
-3
0
3
16
-2
-1
5
-12
-5
-7
3
7
1
-12
10
0
8
14
-4
16
-21
7
0
5
15
10
1
0
5
-5
15
-8
18
6
-4
1
-12
-2
2
-6
2
10
-4
5
-4
-11
-18
-18
3
-1
4
7
3
3
-1
2
-4
-6
-3
-1
3
2
3
4
10
0
-9
5
2
4
11
-4
4
-4
-20
4
-7
2
5
-10
-2
4
-14
-4
-2
-28
7
-15
1
18
-2
13
-6
0
1
-9
-9
-4
6
6
8
-3
3
10
-5
10
-3
-2
0
7
15
-9
-4
0
-4
14
8
1
2
3
-3
6
2
-10
9
0
4
6
9
17
2
-2
-1
-6
-12
-3
3
11
5
-6
1
1
0
0
-5
4
-8
-10
1
-5
4
-11
-9
-4
4
4
-9
5
-8
-7
2
-10
-2
4
5
4
3
5
-5
3
-4
-11
-7
-3
5
-1
5
4
-13
6
-8
5
4
-5
2
-3
-1
-14
-6
9
12
0
0
-3
6
7
-5
-3
-6
3
6
5
10
5
1
0
-5
-8
7
-3
3
12
-9
4
-2
3
13
3
11
-2
-6
6
-2
-4
3
-2
0
3
-2
7
4
1
0
-8
4
-4
-6
0
-5
-5
2
-4
0
0
-14
-4
-12
-6
-7
-8
12
-7
-7
-2
-5
1
-11
3
4
-6
-6
0
2
0
-6
-1
11
-2
-2
2
5
3
-6
5
-12
8
4
-4
6
-5
6
2
-5
-1
1
0
6
1
-1
4
12
10
3
0
-1
12
3
2
2
7
7
9
9
5
3
10
9
4
-3
10
7
3
9
-10
1
9
7
7
9
-13
8
1
-3
0
0
12
6
4
0
4
-5
10
0
11
4
1
1
2
6
-13
4
-2
6
1
-4
0
-5
4
-7
-10
1
-3
-4
-3
-5
0
1
-11
-6
-8
6
1
-9
15
-4
1
1
-7
0
-6
-1
1
2
1
0
0
7
-2
-8
-11
-5
2
2
3
-4
-3
-14
-10
-6
