SAMPLES:	9737
BITSPERSAMPLE:	16
CHANNELS:	1
SAMPLERATE:	16000
NORMALIZED:	FALSE
0
-15
-17
-5
-2
5
10
1
4
11
11
15
14
10
6
3
3
13
16
10
-14
-9
0
-5
3
10
13
6
3
7
18
8
3
6
-6
-2
3
-6
-3
-7
1
-1
-8
-17
-11
-3
8
22
-1
0
-4
-2
11
11
10
2
1
-10
-10
-13
-2
7
-4
7
9
12
17
7
-9
-15
5
21
15
13
-9
-14
-5
-7
-2
-3
-9
-9
-7
-4
-1
5
17
13
-2
0
3
7
13
18
18
-2
-5
-13
-11
8
7
11
7
5
11
12
18
22
24
23
12
-1
-1
3
4
5
-6
-7
-2
9
10
5
3
5
7
8
12
20
18
7
14
14
6
12
7
-1
5
7
20
14
6
-6
-4
-1
-15
-7
-13
-3
-8
-12
-13
-12
-4
-16
-7
-2
-12
-15
-6
-4
-17
-15
-13
-15
-6
-8
-1
13
9
2
4
5
0
1
8
6
4
4
8
16
-3
13
33
34
25
3
1
4
1
11
-8
-10
-10
-17
-4
-3
-5
-7
-9
-16
3
3
-3
-4
-3
-15
-18
6
-6
-2
11
-6
-3
-2
-20
-8
-1
-6
-7
-4
-7
7
22
1
7
10
-4
6
16
7
6
-2
-4
-7
-3
-2
-5
0
-7
-1
8
7
16
10
-6
5
6
15
9
10
5
-3
4
-3
-4
-4
-1
1
2
3
-3
-4
-10
-3
7
1
13
4
7
14
9
15
10
26
15
9
10
12
2
-1
4
-7
-11
-17
-17
-15
-11
-12
-1
2
-12
-10
-2
-3
1
10
11
-8
-9
4
-2
7
11
14
8
-9
-12
-3
-6
-9
6
-5
-8
-14
-7
9
-1
-7
-8
-13
-13
0
-3
-13
-8
-15
-21
-6
3
-1
7
18
16
13
9
5
13
6
27
9
3
-1
-7
19
-1
-1
-10
10
13
-4
-9
0
23
-1
1
-2
-15
-2
-11
0
7
-5
-3
8
8
7
5
-13
-10
-6
-8
-3
-6
-7
-6
-3
-2
-2
22
12
19
3
-2
5
-8
-5
-10
2
4
-6
-8
-12
-8
-6
-20
-7
5
2
-4
6
1
-2
4
-5
-5
-10
-6
-1
4
-1
7
9
7
15
8
4
0
0
-4
6
16
2
1
1
-4
8
19
8
-2
-5
-8
-17
-17
-4
1
0
-3
-16
-11
-5
-7
-1
-8
-7
-4
-8
-5
-10
-5
12
6
6
4
4
10
-1
4
-7
-3
2
-2
-9
7
16
6
-2
-6
5
-2
-5
-10
-9
-7
-8
-2
3
-3
10
-1
-5
-6
-6
-5
-7
3
-11
3
2
-4
3
0
17
7
7
20
22
11
2
7
8
9
-6
0
4
1
10
6
1
8
5
7
-9
2
7
8
14
6
16
6
5
11
1
-3
-7
-11
-22
-20
-11
-5
5
-1
2
5
-4
-5
-6
-1
-10
-12
-1
2
-3
3
8
-1
-6
-12
-4
-13
-8
-4
-15
-11
-16
-11
-1
-1
-7
8
-4
-3
-2
-7
-9
-14
-7
-8
-7
0
-4
-3
-9
-11
-3
-5
1
0
-1
-4
-7
-4
-9
-10
8
-2
-6
-6
-8
0
2
-5
11
20
9
10
16
8
2
3
3
11
9
10
1
-2
7
12
15
29
21
10
15
3
2
11
12
8
0
4
-2
-6
6
9
3
4
4
-9
-4
5
8
6
-4
0
-5
6
7
-1
13
9
-1
-6
7
-3
-4
-7
-11
3
4
-9
-10
-2
3
4
10
5
-2
9
11
-7
-3
-3
4
4
-8
4
2
-5
-10
-1
-2
-5
2
1
-10
-12
-11
-9
-4
-2
2
-5
-6
-1
-10
-2
8
-5
-2
0
4
2
-3
-3
-2
0
-6
2
-12
-1
5
4
6
-8
2
7
2
-2
9
-4
4
4
2
15
5
0
7
7
9
7
11
1
7
-5
-7
6
-4
9
9
1
-4
7
4
3
4
7
2
-7
3
-3
-13
3
2
-4
-14
-14
-11
-7
-11
3
-2
-2
5
-9
0
-3
6
2
-4
-3
10
16
-9
3
18
20
16
2
-6
7
16
0
-8
-9
-5
-3
4
5
7
13
9
3
-1
3
-5
-10
4
2
-10
-15
-10
-7
0
-5
-14
-13
-15
-7
3
-7
-10
-14
-8
-1
-2
5
-10
-8
-5
-5
-36
-36
-12
10
13
8
4
-9
-8
-8
4
-37
-84
-108
-66
57
126
98
1
-23
49
84
53
-12
-35
-15
17
14
-36
-41
4
-4
-39
-67
-56
-15
4
10
-16
5
28
21
12
-1
-6
0
-5
-28
-36
-37
-22
0
7
25
18
-8
-23
-13
4
0
-26
-43
-32
11
71
78
30
-15
-21
12
30
21
-18
-27
11
37
45
2
-31
-1
28
19
-15
-34
-20
14
20
10
-3
2
29
30
29
33
41
42
3
-30
-35
-12
-11
-20
-29
-38
-28
-11
-2
3
-12
-31
-28
-2
-5
11
21
9
-7
-6
28
37
6
-9
3
65
87
-2
-89
-73
35
74
-7
-88
-71
18
81
40
-33
-28
13
30
1
38
67
56
25
-13
-9
-7
-16
-40
-34
-25
-31
-50
-53
-13
22
30
-15
-14
29
74
75
-2
-24
1
47
49
-23
-75
-69
6
65
43
-29
-88
-72
18
68
52
14
-12
-4
31
42
25
-16
-65
-40
25
63
30
-39
-18
33
47
-24
-118
-99
28
134
101
-1
-66
-42
38
99
20
-135
-179
-29
160
115
-78
-176
53
237
134
-143
-270
-47
218
142
-185
-303
-49
199
63
-191
-165
99
223
13
-170
-17
259
241
11
-119
20
188
27
-290
-403
-223
-30
-54
-131
17
301
447
295
25
-61
72
227
138
-93
-222
-90
152
193
-14
-213
-188
-9
61
-8
-68
-56
-41
4
122
240
163
-94
-185
-13
170
54
-258
-277
48
276
97
-168
-101
206
232
-72
-253
-90
144
95
-83
-136
20
206
173
52
-5
-62
-180
-164
-20
171
211
-27
-149
-12
141
171
-36
-222
-169
-28
22
36
123
88
-66
-150
5
244
178
-7
-54
-22
-13
-8
3
35
40
59
-71
-186
-11
140
153
-25
-256
-175
32
67
98
15
-171
-152
101
267
135
-165
-238
73
204
25
-81
-33
-39
-105
-159
-74
123
149
-68
-132
39
146
89
-103
-159
62
188
6
-96
18
187
198
-246
-419
151
446
-70
-522
-315
290
599
128
-457
-353
224
600
287
-443
-486
250
492
-74
-523
-347
135
288
-89
-343
-92
354
479
125
-371
-427
119
613
358
-241
-453
-229
196
248
-66
-225
-180
57
321
140
-9
199
-2
-298
-125
97
255
113
-252
-126
64
-58
-227
-219
162
388
34
-336
-103
232
89
-139
63
191
-8
70
172
-90
-342
-234
144
296
-57
-202
-104
-4
167
78
-213
-94
299
240
-32
-161
-185
-22
64
83
76
-52
-182
-79
81
64
-40
-124
-100
88
309
323
115
-253
-350
-164
-48
73
382
313
-284
-456
-3
348
41
-248
-54
162
73
-224
-140
355
471
-148
-853
-473
800
1041
-215
-948
-444
313
609
66
-258
94
217
132
-197
-245
202
141
-407
-425
142
496
328
-324
-663
-170
388
717
167
-695
-349
252
325
-12
-222
392
503
-460
-934
-290
876
1096
-372
-1378
-590
742
1287
309
-1038
-702
311
398
28
-173
214
237
-570
-540
167
542
514
-260
-838
-214
568
674
-41
-688
-346
97
280
383
139
-124
-170
-310
-211
329
527
145
-709
-906
278
1030
522
-372
-932
-193
622
282
-128
-285
165
378
-396
-386
412
745
82
-1088
-604
986
1197
84
-1391
-1221
560
1227
410
-485
-515
108
329
-201
-224
438
446
-123
-710
-411
672
544
-96
-374
-673
-233
505
493
59
-439
-413
224
169
120
260
-117
-47
39
-323
-108
175
193
257
-104
-281
38
-72
-234
-6
265
562
-141
-984
-314
578
848
21
-844
-331
401
727
340
-402
-378
-138
-186
-121
148
369
331
-283
-662
67
409
119
-70
-278
-98
69
24
185
167
-180
-321
40
321
256
-187
-401
11
144
55
-33
-144
-29
65
-82
-68
266
466
-62
-882
-382
810
694
39
-542
-465
600
651
-7
-425
-656
-145
303
273
192
38
-133
5
-37
-418
-37
486
256
-312
-578
-93
413
422
-72
-428
-170
77
217
0
-356
-214
-75
-54
29
307
401
188
-86
-255
-69
91
140
185
26
-148
-186
49
163
52
194
137
158
103
-139
-45
-35
-169
-170
-262
-159
444
625
-55
-664
-466
48
369
398
216
32
-144
-457
-328
37
310
310
-326
-597
-58
513
458
-169
-466
-303
-56
198
236
356
175
-412
-662
-354
116
499
487
-86
-418
-245
98
379
47
-395
-129
318
398
26
-199
-130
131
144
-68
55
84
-77
-31
75
159
101
-155
-426
-280
350
784
573
-317
-904
-495
12
215
515
213
-466
-829
-771
-86
426
364
49
-432
-356
173
510
601
147
-221
-327
-111
397
603
398
-89
-530
-358
144
503
547
230
-173
-385
-110
153
65
110
322
220
42
-141
-192
-55
-28
-225
-347
-174
50
202
-131
-482
-284
-264
-110
283
365
522
232
-249
-290
-97
106
368
488
301
-46
-435
-425
8
257
206
-45
-150
62
53
-27
-101
-97
-30
-6
-19
136
244
-57
-393
-515
-179
251
288
323
75
-274
-242
-215
-37
150
313
259
100
-52
-195
-175
-24
149
-10
-53
191
82
-45
-209
-284
-71
15
133
106
112
212
190
-81
-333
-392
-338
26
279
133
24
-161
-290
-232
-36
248
314
294
64
76
141
234
281
79
60
21
88
219
78
20
-105
-153
-61
-134
-54
24
26
-151
-312
-254
0
-22
-365
-536
-479
-176
-65
-178
-147
-104
-29
-243
-411
-62
123
125
45
69
271
385
330
150
62
172
398
538
519
431
265
229
215
142
46
103
425
355
195
-9
-192
-103
-203
-245
-152
-68
38
-126
-305
-327
-225
-64
-54
107
353
539
634
588
580
694
635
547
700
764
756
695
499
540
702
784
772
564
281
193
266
329
402
273
119
-94
-407
-626
-906
-1230
-1543
-1894
-2130
-2355
-2495
-2579
-2847
-3102
-3207
-3055
-2708
-2369
-2218
-2067
-1870
-1713
-1371
-874
-358
79
297
464
603
788
1130
1330
1519
1731
1751
1685
1574
1491
1500
1256
1082
1023
742
672
643
594
559
251
21
-101
-163
-103
144
415
423
425
463
690
1121
1500
1958
2210
2307
2510
2709
2936
3171
3291
3305
3284
3267
3307
3357
3343
3364
3328
3115
2806
2643
2797
3017
2926
2269
644
-1975
-4781
-6528
-6428
-5000
-3811
-4045
-6122
-9116
-11228
-11346
-9228
-6268
-4133
-3272
-3822
-4800
-4836
-3210
-498
1798
3040
3298
3171
3271
3693
4302
4491
4297
4131
4107
4306
4425
4099
2975
1064
-873
-1872
-1510
-537
2
-510
-2162
-4183
-5590
-5851
-4954
-3660
-2823
-3018
-4090
-4786
-4438
-3330
-1892
-856
-75
691
1304
2094
2867
3337
3743
4137
4790
5642
6270
6247
5282
3569
2144
1735
1827
1819
1290
-105
-2127
-3974
-4899
-4703
-3795
-3071
-2946
-3348
-3888
-3746
-2721
-1280
134
1271
2186
3010
3866
4838
5794
6320
6432
6491
6772
7353
8032
8473
8246
7347
6308
5600
5572
5896
5981
5452
4129
2029
-910
-4318
-7527
-9523
-9591
-8650
-8064
-8650
-10703
-13698
-16081
-16063
-13295
-9173
-5645
-3650
-3350
-4093
-3984
-2009
1269
4534
6769
7659
7425
6847
6530
6596
6594
6106
5440
4809
4167
3386
2281
517
-1955
-4345
-5877
-6049
-5172
-4228
-4037
-5146
-7160
-8876
-9127
-7605
-5053
-2720
-1743
-1894
-2195
-1701
161
2768
5111
6362
6456
6099
6032
6468
7053
7414
7157
6268
5323
4529
3656
2392
907
-849
-2531
-3358
-3578
-3688
-4258
-5410
-6501
-7220
-6974
-5509
-3716
-2341
-1521
-1242
-1056
-218
1446
3716
5888
7351
7998
7977
8006
8357
8928
9530
9682
9512
9079
8560
8243
7978
7369
6267
5095
3900
2711
1089
-1740
-5855
-10641
-13830
-13720
-11723
-9905
-9362
-10941
-14536
-17640
-17241
-12994
-7283
-2696
-193
154
-803
-656
1873
5467
8353
9781
9699
8545
7381
6878
6527
5533
3800
1793
158
-875
-1365
-1959
-3898
-6931
-9705
-11107
-10497
-8305
-5670
-3977
-4182
-5747
-7173
-6897
-4520
-864
2501
4145
4243
3871
3932
4811
6357
7686
7783
6863
5783
5161
4940
4687
4015
2544
673
-509
-691
-572
-833
-1651
-3135
-4829
-5552
-5019
-3900
-2905
-2660
-3231
-4032
-4168
-2924
-829
968
2105
2409
2212
2234
2979
4372
5813
6823
7068
6777
6468
6370
6467
6296
5781
5166
4556
4143
3939
3814
3492
2767
1990
1705
2024
2710
3556
4051
3470
1440
-2024
-6415
-10512
-12251
-10576
-7577
-5582
-5286
-7438
-11789
-15187
-14351
-9612
-3951
461
2738
2336
216
-924
476
3351
5976
7421
7205
5716
4106
2838
1497
-131
-1662
-2665
-3042
-2746
-2184
-2300
-4037
-6919
-9103
-9579
-8115
-4912
-1335
810
704
-940
-2622
-2973
-1237
2064
5158
6619
6421
5376
4139
3561
4148
4933
4755
3675
2484
1565
823
205
-359
-1150
-2169
-2708
-2376
-1747
-1363
-1423
-2110
-2994
-3090
-2207
-1008
-33
289
-291
-1244
-1585
-922
330
1430
1981
1954
1505
1231
1688
2695
3781
4635
5098
5252
5313
5411
5512
5523
5176
4586
4298
4196
4162
4005
3260
2026
1014
785
1352
2405
3513
4074
3834
3160
2640
2216
878
-2145
-6793
-11461
-13374
-11840
-8861
-6235
-5235
-7344
-11721
-14307
-12220
-6873
-1107
3347
5252
4414
2568
2135
3768
6161
7765
7614
5844
3521
1776
543
-907
-2727
-4778
-6479
-7144
-6669
-5570
-5016
-5990
-8183
-9883
-9717
-7422
-3335
1097
3978
4618
3588
2186
1843
3271
5842
7888
8389
7761
6602
5186
4002
3444
2758
1114
-811
-2121
-2925
-3388
-3588
-3960
-4683
-5090
-4490
-3093
-1414
57
889
976
902
1406
2277
3076
3617
3421
2290
968
211
-69
-167
-141
-376
-968
-1463
-1497
-992
-35
1131
2260
3359
4348
5132
5710
5883
5766
5456
5039
4866
4880
4624
3883
2518
829
-315
-714
-778
-498
358
1332
1815
2050
2431
2796
3056
3648
4598
4765
2803
-1741
-8047
-13253
-14077
-10942
-6895
-3516
-2428
-5791
-11463
-13829
-10873
-5299
322
4829
6678
5482
3364
2677
3510
4469
4575
3657
2269
1189
410
-829
-2922
-5535
-8102
-9578
-9089
-6952
-4415
-3175
-4162
-6317
-7714
-7248
-4291
715
5756
8917
9355
7470
4908
3611
4191
5852
7368
7619
6392
4237
1810
-83
-1172
-2181
-3438
-4223
-4257
-4065
-3840
-3459
-3095
-2938
-2452
-885
1197
2857
3942
4338
3795
2677
1938
1647
1231
599
-342
-1728
-3208
-4250
-4639
-4429
-3812
-2937
-2008
-1259
-335
1083
2612
4122
5632
6868
7853
8495
8426
7703
6587
5150
3637
2417
1574
957
110
-1416
-3251
-4390
-4654
-4409
-3425
-1739
-157
790
1399
2027
2760
3677
4781
5987
7152
8035
8301
7914
7338
6179
2994
-2630
-9304
-14322
-15405
-13229
-10207
-7500
-6845
-10434
-15676
-16751
-12308
-5636
910
5942
7686
6347
4522
4211
5604
7652
8630
7509
5136
3044
1166
-1265
-3892
-6069
-8001
-9376
-9184
-7438
-5417
-4358
-4767
-5906
-6191
-4855
-1703
2958
7735
10923
11503
9628
6839
4978
4523
4860
5269
4951
3507
1170
-1426
-3407
-4427
-5125
-5924
-6065
-5295
-4387
-3601
-2746
-2008
-1418
-497
1084
2873
4014
4351
4156
3311
2141
1533
1226
526
-315
-1142
-2300
-3363
-3613
-3325
-2710
-1503
-204
491
1023
1895
2740
3627
4881
5953
6352
6260
5877
5044
3838
2609
1376
195
-541
-788
-964
-1198
-1628
-2566
-3293
-3063
-2090
-520
1435
2980
3754
4300
4703
4638
4606
5074
5611
5908
6049
5857
5085
4190
3589
2756
678
-3462
-9825
-16601
-19859
-17884
-13451
-9115
-5702
-5778
-10013
-13041
-10281
-3683
3080
8674
11900
11704
9432
7556
7123
7502
7232
5350
2607
315
-1601
-4095
-7177
-10017
-12105
-13165
-12394
-9613
-6009
-3210
-2302
-2696
-2679
-1574
623
4376
9158
12832
13905
12461
9209
5423
2548
1294
1182
1141
505
-1031
-3478
-5952
-7139
-7146
-7079
-6725
-5377
-3860
-2754
-1269
718
2316
3444
4775
5988
6379
6214
5795
4692
3036
1764
801
-684
-2428
-3758
-4949
-6104
-6466
-5777
-4554
-3119
-1551
-140
999
2234
3652
5020
6346
7698
8492
8265
7477
6365
4725
2718
836
-513
-1279
-1636
-1833
-2021
-2453
-3408
-4278
-4185
-3111
-1370
908
3061
4290
4523
4316
4160
4107
4126
4300
4585
4655
4302
3525
2483
1590
1187
1337
1681
1326
-1061
-6464
-13475
-18059
-17558
-13570
-8656
-3830
-1403
-3780
-7766
-7938
-4144
660
5301
9072
10424
9486
7951
6619
5398
4016
1929
-627
-2252
-2663
-3535
-5801
-8544
-10839
-12208
-11697
-8769
-4675
-1277
477
629
115
202
1434
3824
7122
10328
12033
11466
8856
5106
1490
-968
-1913
-1841
-1693
-2138
-3375
-5031
-6217
-6431
-6017
-5162
-3658
-1958
-711
410
1720
2819
3735
4879
5877
6121
5856
5128
3554
1702
547
-210
-1337
-2550
-3615
-4821
-5789
-5756
-4852
-3765
-2578
-1201
-15
993
2236
3460
4392
5321
6215
6628
6555
6328
5567
4080
2446
964
-336
-1204
-1507
-1437
-1187
-1248
-1844
-2386
-2245
-1423
-99
1703
3675
5185
5683
5374
4753
4104
3609
3420
3395
3174
2611
1621
368
-553
-851
-681
48
1453
2863
3002
738
-4216
-10841
-16191
-16792
-12623
-6878
-1781
957
-1376
-7181
-10075
-7588
-2749
2521
7715
10372
9225
6504
4300
2796
1729
717
-520
-1344
-1491
-2357
-4694
-7518
-9912
-11465
-11213
-8387
-4284
-856
894
747
-400
-810
116
2112
5438
9207
11321
11062
9083
5782
2121
-274
-990
-964
-926
-1163
-2117
-3750
-5038
-5242
-4852
-4317
-3203
-1593
-478
77
657
1204
1869
3098
4534
5471
5479
4194
2315
1065
422
41
-73
-604
-2159
-3776
-4644
-4947
-4529
-3332
-2100
-1158
-100
991
1881
2795
3786
4640
5360
6056
6559
6495
5815
4664
3028
1255
2
-624
-878
-840
-889
-1343
-1951
-2463
-2531
-1621
-8
1596
3121
4358
4737
4424
3978
3520
3192
3254
3344
2973
2082
961
2
-667
-900
-363
774
1878
2859
3268
1674
-2556
-8460
-13786
-15352
-12261
-7401
-3313
-1164
-2914
-8084
-11413
-9406
-4259
1181
5856
8256
7510
5246
3569
3081
3256
3168
2303
1347
828
-190
-2504
-5280
-7567
-9141
-9122
-6814
-3553
-1236
-457
-1112
-2318
-2475
-1145
1091
4138
7351
9176
9136
7861
5558
2779
919
479
563
418
-187
-1430
-3166
-4602
-4896
-4401
-3959
-3421
-2519
-1899
-1721
-1211
-221
1017
2524
4131
5272
5284
4078
2607
1789
1493
1467
1489
708
-1250
-3277
-4675
-5420
-5065
-3813
-2752
-2025
-1180
-637
-297
673
2071
3336
4671
6041
6806
6777
6246
5365
4064
2769
1971
1490
1165
977
586
-289
-1295
-2004
-2256
-1718
-403
969
2041
2803
3009
2780
2597
2707
3024
3446
3708
3445
2605
1485
784
600
508
768
1418
1862
2286
2842
2174
-887
-5966
-11731
-15448
-14404
-9802
-5123
-2103
-2127
-6080
-10481
-10291
-5450
616
5768
8747
8482
5905
3708
3364
4088
4590
4041
2372
344
-1529
-3735
-6306
-8258
-9406
-9804
-8747
-6384
-4219
-3172
-3079
-3352
-2863
-1088
1392
4288
7294
9341
9787
9026
7525
5606
3962
3095
2693
1939
292
-1910
-4075
-5624
-5863
-5060
-4526
-4709
-4874
-4938
-4909
-3912
-1734
649
2489
3825
4747
4924
4361
3956
4194
4514
4488
4047
2677
385
-1845
-3468
-4452
-4483
-3805
-3280
-2970
-2537
-2137
-1741
-869
558
2279
4067
5738
6873
7092
6624
5886
5031
4183
3590
3096
2414
1575
482
-795
-1930
-2839
-3326
-2896
-1739
-663
248
1186
1820
2273
3111
4208
5127
5571
5304
4524
3682
3123
2922
2822
2479
1858
1273
1038
1242
1037
-1086
-5658
-11536
-16089
-16373
-12386
-7340
-3911
-3391
-6422
-10526
-10835
-6166
235
5418
8145
7917
5751
4107
4355
5688
6504
5962
4148
1723
-476
-2450
-4723
-6921
-8317
-8808
-8232
-6585
-5109
-4741
-5006
-5245
-4706
-2654
333
2992
5212
7018
7739
7555
7173
6499
5413
4532
4136
3437
1824
-254
-2131
-3534
-3964
-3421
-3142
-3943
-5138
-5870
-5711
-4239
-2023
-92
1252
1940
2122
2636
3614
4165
4243
4357
4238
3579
2643
1377
-457
-2334
-3492
-3812
-3549
-3003
-2625
-2746
-2987
-2642
-1612
-119
1825
3811
5226
6034
6471
6546
6293
5877
5399
4891
4227
3338
2281
967
-519
-1698
-2363
-2578
-2283
-1752
-1417
-1079
-340
671
1754
2850
3727
4258
4602
4775
4757
4717
4611
4089
3218
2465
1901
1426
1367
1515
600
-2264
-6786
-11748
-14848
-14061
-10524
-7159
-5326
-5753
-8529
-10737
-8858
-3772
1055
4204
5649
5155
3830
3795
5060
5945
5727
4593
2781
1005
-354
-2078
-4434
-6392
-7522
-7988
-7330
-5842
-5015
-5189
-5336
-4924
-3802
-1856
382
2257
3787
5100
6057
6548
6503
5921
5071
4388
4038
3505
2199
428
-1131
-2124
-2328
-2081
-2278
-3309
-4586
-5427
-5246
-3867
-2136
-960
-353
68
465
1087
2087
3021
3461
3630
3841
3805
3176
2109
852
-422
-1239
-1200
-840
-806
-1234
-1933
-2512
-2441
-1547
-169
1271
2432
3255
3872
4412
4892
5170
5102
4823
4528
4173
3705
3153
2283
1078
30
-631
-899
-718
-378
-338
-350
9
596
1329
2184
2858
3199
3518
3839
3880
3728
3506
3074
2544
2043
1435
1095
1370
1616
887
-1231
-5092
-10181
-13779
-13359
-10027
-6683
-4761
-5159
-8102
-10705
-9536
-5072
-271
3154
4603
3958
2777
2933
4285
5512
5923
5208
3455
1679
401
-1047
-2932
-4686
-5961
-6600
-6293
-5456
-5188
-5653
-6036
-5781
-4661
-2650
-473
1058
2243
3481
4558
5387
5893
5789
5173
4707
4445
3776
2459
882
-490
-1251
-1162
-811
-1168
-2529
-4179
-5320
-5605
-4833
-3281
-1872
-1158
-696
-295
-43
560
1708
2844
3771
4628
4794
3964
2790
1758
932
642
899
943
342
-646
-1645
-2372
-2445
-1772
-786
162
1047
1855
2483
3093
3775
4234
4509
4740
4679
4355
4067
3676
3047
2397
1747
1028
538
324
104
-197
-341
-131
335
945
1698
2403
2669
2614
2710
3139
3642
3949
3767
3025
2187
1661
1690
2170
1898
-534
-4997
-9997
-13131
-12638
-9586
-6781
-5765
-7053
-10049
-11688
-9352
-4303
215
2766
3491
2913
2311
3167
5147
6477
6382
5252
3554
1843
512
-846
-2602
-4257
-5347
-6060
-6374
-6215
-6185
-6567
-6606
-5735
-4276
-2762
-1490
-251
1238
2892
4635
6062
6483
5898
5144
4944
5164
5021
4021
2504
928
-208
-431
-260
-863
-2277
-3655
-4633
-5003
-4477
-3549
-3027
-2645
-1860
-967
-302
290
832
1291
1929
2923
3864
4019
3396
2418
1506
1114
1265
1459
1223
518
-402
-1135
-1359
-1062
-502
64
625
1322
1959
2466
2983
3495
3848
4022
4107
3958
3557
3107
2749
2527
2247
1689
1044
515
63
-170
-22
384
757
1111
1463
1847
2334
2747
2940
2970
3004
3031
2941
2780
2454
1926
1592
1549
1052
-788
-4218
-8672
-12299
-12772
-10355
-7610
-6158
-6684
-9223
-11363
-10016
-5593
-1080
1832
3050
2740
2040
2763
4771
6288
6486
5682
4189
2512
1163
-147
-1838
-3534
-4754
-5574
-5885
-5779
-5949
-6489
-6594
-5885
-4558
-2922
-1498
-409
824
2564
4649
6508
7314
6754
5662
5039
5094
5205
4604
3237
1517
53
-542
-583
-1119
-2402
-3762
-4523
-4396
-3599
-2846
-2753
-3048
-2830
-1788
-355
963
1761
1821
1579
1902
2861
3550
3427
2774
1844
1040
916
1218
1212
691
-149
-975
-1305
-1037
-615
-328
31
565
1230
1908
2517
2895
2976
3077
3364
3617
3606
3338
2783
2216
1970
1832
1633
1419
1041
557
411
752
1259
1556
1636
1583
1540
1842
2453
2835
2944
2892
2482
1926
1576
1449
1433
1701
2002
1255
-1380
-5475
-9898
-12622
-11720
-8583
-6204
-5589
-7022
-10170
-11913
-9575
-4716
-499
1999
2968
2496
1875
2874
4787
5886
5972
5286
3927
2542
1340
-310
-2219
-3670
-4560
-5071
-5081
-4974
-5661
-6717
-6887
-6097
-4814
-3129
-1594
-451
917
2756
4561
5848
6261
5953
5586
5641
6020
5835
4599
2886
1436
567
488
465
-591
-2359
-3814
-4460
-4343
-3695
-3083
-3118
-3438
-3034
-1832
-603
298
843
978
1155
1854
2816
3275
2968
2255
1433
964
1193
1538
1246
522
-262
-927
-1067
-645
-188
104
389
768
1256
1856
2391
2666
2819
3173
3589
3741
3712
3467
2779
2141
1979
1895
1740
1677
1421
851
529
814
1311
1634
1985
2146
1976
2021
2314
2462
2590
2662
2356
2010
1865
1741
1769
1985
1821
347
-2707
-6636
-10354
-11936
-10358
-7704
-6164
-6196
-8159
-10843
-11082
-7971
-3675
-223
1823
2360
1894
2091
3637
5106
5726
5818
5087
3831
2687
1189
-870
-2738
-3980
-4560
-4531
-4297
-4676
-5842
-6791
-6780
-5895
-4323
-2506
-1210
-168
1321
3084
4637
5660
5869
5553
5364
5592
5868
5328
3842
2193
905
279
280
-33
-1288
-2985
-4256
-4703
-4521
-4043
-3602
-3457
-3135
-2058
-750
145
565
546
549
1264
2494
3378
3346
2473
1309
478
513
1185
1502
1074
195
-726
-1227
-1068
-512
-59
261
704
1255
1682
2041
2274
2215
2349
2987
3608
3831
3716
3194
2399
1903
1905
1994
1929
1847
1601
1158
1002
1259
1593
1890
2168
2240
2188
2283
2514
2615
2421
1971
1466
1177
1170
1267
1245
1148
1058
984
528
-1121
-4098
-7610
-10430
-10840
-8666
-6250
-5229
-5807
-7933
-9975
-9303
-5682
-1517
1228
2406
2249
1442
1705
3404
4963
5544
5133
3814
2400
1337
106
-1458
-2935
-4004
-4521
-4420
-4070
-4358
-5412
-6134
-5918
-4868
-3026
-1273
-328
484
1590
2817
4176
5221
5405
5031
4801
4850
4581
3710
2563
1338
534
601
805
169
-1368
-3195
-4442
-4530
-3738
-2790
-2386
-2552
-2606
-2197
-1277
-192
411
692
1188
1941
2737
3206
2890
1930
1018
733
1086
1537
1516
802
-240
-998
-1153
-866
-303
260
550
838
1347
1849
2153
2458
2842
3116
3375
3743
3765
3222
2646
2292
2069
1977
1911
1674
1255
941
983
1298
1636
1718
1532
1530
1789
2050
2207
2117
1752
1332
1031
1023
1244
1290
1129
993
925
977
1262
1577
1363
-63
-2807
-6362
-9402
-10089
-8365
-6243
-5035
-5343
-7664
-10138
-9874
-6678
-2786
96
1697
1864
1162
1397
3031
4531
5172
5123
4384
3392
2343
942
-779
-2396
-3529
-4010
-4022
-4022
-4564
-5728
-6455
-6032
-4784
-3124
-1663
-883
-198
968
2545
4250
5422
5541
4918
4380
4394
4468
3930
3009
1946
906
468
476
-34
-1386
-2965
-4088
-4313
-3730
-2787
-2312
-2528
-2721
-2445
-1660
-467
676
1337
1637
1872
2256
2658
2685
2356
1904
1442
1122
1013
871
429
-229
-739
-848
-672
-387
-151
57
330
638
1071
1721
2336
2702
2954
3171
3209
3056
2856
2656
2424
2212
1992
1574
1147
945
794
766
1117
1559
1811
2000
2073
1991
1914
1899
1850
1682
1408
1056
718
678
845
770
543
319
6
-131
66
378
701
1085
1272
738
-914
-3554
-6651
-9016
-9040
-7226
-5644
-5006
-5631
-7681
-9076
-7751
-4442
-1152
1034
2009
1901
1553
2250
3670
4479
4564
4077
2998
2036
1147
-419
-2295
-3752
-4631
-4959
-4684
-4233
-4460
-5143
-5216
-4540
-3514
-2170
-1078
-438
516
1944
3426
4698
5275
4893
4126
3779
3938
3894
3235
2212
1046
91
-135
-138
-746
-1886
-3020
-3638
-3450
-2657
-1952
-1829
-1980
-1704
-844
352
1428
1921
1896
1884
2209
2819
3176
2848
1999
1086
605
602
676
471
-61
-738
-1170
-1101
-713
-302
6
258
654
1190
1693
2178
2565
2778
2951
3150
3301
3252
3038
2775
2498
2263
2092
1869
1545
1234
922
714
749
927
1035
1038
1028
967
820
720
701
636
595
698
815
857
841
621
258
216
620
982
1249
1458
1227
858
961
1204
649
-1118
-3801
-6848
-8996
-8819
-7131
-5802
-5348
-6069
-7889
-8774
-7162
-4263
-1610
488
1696
1693
1552
2394
3442
3859
3987
3796
2962
2015
989
-609
-2269
-3357
-3963
-4146
-3848
-3690
-4233
-4892
-4848
-4285
-3479
-2319
-1230
-421
695
2182
3427
4171
4316
3918
3588
3750
4080
3900
3028
1873
856
366
468
554
-150
-1464
-2672
-3335
-3194
-2493
-1807
-1528
-1315
-851
-261
445
1109
1478
1725
2257
3035
3537
3377
2638
1591
661
265
344
434
201
-418
-1194
-1743
-1891
-1689
-1166
-476
275
972
1547
2074
2498
2791
3136
3562
3913
4110
4022
3663
3194
2594
2021
1624
1213
774
345
-55
-204
-132
-41
124
289
335
384
484
639
816
904
963
1037
1036
992
868
728
790
807
778
955
1036
864
707
634
656
925
1184
800
-779
-3354
-6158
-8346
-8735
-7253
-5781
-5357
-5815
-7103
-8123
-7266
-4656
-1838
133
1283
1851
1956
2346
3214
3613
3472
3278
2856
2205
1329
-137
-1923
-3381
-4095
-4017
-3610
-3393
-3607
-4240
-4662
-4358
-3582
-2450
-1262
-379
611
1878
2966
3738
4090
4023
3887
3954
4225
4241
3501
2380
1379
680
635
805
231
-1006
-2329
-3208
-3307
-2807
-2047
-1598
-1673
-1528
-849
-100
634
1285
1700
2103
2695
3279
3404
2778
1743
857
399
437
615
423
-234
-1133
-1823
-1921
-1531
-946
-386
123
614
1121
1634
2158
2597
2829
3039
3268
3340
3194
2874
2401
1923
1598
1301
956
587
212
-141
-304
-169
121
283
314
407
460
543
854
1221
1456
1539
1482
1305
1035
788
675
701
823
1009
944
510
153
-1
28
277
585
708
635
466
34
-1187
-3267
-5704
-7911
-8645
-7440
-5841
-5002
-4942
-6001
-7320
-6924
-4548
-1735
375
1700
2175
1922
2060
3024
3603
3497
3280
2639
1699
985
-80
-1709
-3163
-4002
-4242
-4023
-3607
-3644
-4405
-4957
-4547
-3617
-2309
-809
134
819
1839
3005
4019
4734
4947
4753
4552
4628
4629
3883
2713
1747
922
451
436
33
-1166
-2546
-3491
-3763
-3346
-2522
-1914
-1811
-1598
-945
-188
726
1698
2160
2242
2551
2911
2934
2651
2021
1152
473
180
-8
-326
-787
-1338
-1830
-1835
-1417
-1082
-730
-172
446
1103
1869
2448
2628
2678
2806
3023
3236
3284
2985
2412
1879
1548
1260
958
635
224
-111
-195
45
385
600
677
762
943
1110
1296
1450
1399
1192
1042
1035
1065
1059
975
769
509
301
204
95
77
209
281
303
390
479
440
363
127
-794
-2578
-4774
-6843
-7978
-7585
-6376
-5407
-5086
-5612
-6592
-6617
-5012
-2729
-680
950
1863
1992
2137
2765
3177
3107
3003
2762
2179
1488
506
-1069
-2596
-3422
-3745
-3671
-3243
-3190
-3734
-4135
-3946
-3368
-2455
-1223
-110
818
1978
3196
4075
4696
4967
4783
4680
4805
4603
3889
2862
1675
605
54
-109
-486
-1299
-2237
-3020
-3463
-3252
-2603
-1983
-1278
-448
281
825
1096
1087
1102
1528
2303
2980
3206
2667
1399
189
-330
-409
-285
-123
-437
-1195
-1744
-1879
-1753
-1319
-651
-29
465
978
1368
1507
1731
2155
2569
3088
3596
3598
3191
2801
2511
2270
2081
1902
1427
740
271
47
-52
7
-27
-248
-362
-332
-216
-28
97
96
141
298
684
1197
1476
1433
1107
774
690
776
1071
1341
1084
641
463
326
301
429
357
52
-187
-391
-1104
-2666
-4686
-6708
-8114
-7698
-6033
-4894
-4551
-5038
-6292
-6763
-5289
-2798
-606
968
1847
1875
1802
2512
3185
3099
3037
2953
2419
1957
1353
-58
-1729
-2831
-3296
-3250
-2828
-2672
-3204
-3805
-3688
-3062
-2188
-1027
-181
337
1316
2563
3569
4176
4168
3677
3309
3501
3868
3722
2939
1885
783
93
89
54
-549
-1393
-2082
-2415
-2350
-2003
-1610
-1386
-981
-121
726
1151
1118
798
638
1008
1711
2183
1968
1020
-102
-757
-771
-460
-255
-386
-787
-1070
-993
-639
-187
283
687
1135
1769
2322
2540
2637
2782
2944
3167
3351
3108
2445
1778
1242
914
761
429
-241
-884
-1233
-1304
-1141
-798
-538
-544
-381
103
498
755
1034
1166
1280
1689
2221
2449
2290
1872
1322
808
568
509
192
-274
-656
-1111
-1415
-1301
-1124
-1039
-833
-532
-299
-60
180
-143
-1289
-2743
-4270
-5572
-5609
-4534
-3751
-3519
-3704
-4684
-5691
-5221
-3559
-1976
-642
513
860
691
1167
1956
2188
2313
2588
2342
1837
1486
682
-529
-1377
-1768
-2001
-1948
-1784
-2058
-2587
-2701
-2443
-2175
-1673
-1047
-618
46
1143
2080
2603
2786
2521
2175
2310
2787
3020
2789
2307
1635
993
821
903
542
-144
-744
-1233
-1467
-1374
-1166
-994
-785
-413
61
340
289
16
-221
-35
489
950
1194
951
249
-287
-398
-255
23
238
271
145
27
71
168
297
617
1014
1362
1654
1734
1593
1412
1329
1371
1421
1356
1163
893
644
489
407
258
-4
-224
-278
-163
15
235
402
411
454
713
972
1097
1176
1171
1094
1123
1262
1303
1146
860
555
299
173
102
-43
-272
-446
-557
-570
-402
-226
-168
-53
195
435
772
1069
944
171
-1150
-2745
-4239
-4924
-4534
-3900
-3580
-3589
-4345
-5415
-5610
-4700
-3355
-1997
-739
48
252
565
1250
1695
1968
2397
2569
2423
2266
1713
684
-212
-784
-1157
-1291
-1204
-1393
-2013
-2424
-2495
-2588
-2448
-1986
-1600
-1027
-62
825
1410
1725
1733
1673
1911
2490
2942
2906
2575
2033
1413
1159
1193
1026
658
193
-342
-765
-1029
-1120
-1158
-1142
-887
-565
-384
-333
-478
-630
-467
-97
354
710
666
330
-9
-140
-31
104
252
378
327
293
328
280
202
268
498
897
1347
1574
1546
1378
1222
1196
1302
1451
1436
1232
1009
834
583
341
207
96
71
160
264
276
193
165
320
586
850
1039
1088
1071
1082
1178
1303
1365
1326
1247
1166
1147
1155
1031
746
412
108
-150
-277
-276
-317
-427
-433
-327
-176
-57
-39
-98
-136
-30
161
11
-714
-1969
-3421
-4339
-4336
-3792
-3227
-3076
-3578
-4315
-4578
-3978
-2945
-1943
-985
-289
58
445
893
1023
942
1041
1311
1616
1785
1567
842
-99
-690
-847
-774
-598
-609
-973
-1349
-1545
-1654
-1681
-1600
-1391
-947
-280
418
866
860
576
420
601
1110
1658
1880
1695
1247
889
867
1054
1172
1076
809
513
250
39
-169
-427
-602
-513
-180
75
-26
-466
-982
-1224
-1006
-456
28
92
-238
-577
-710
-570
-207
130
361
547
737
912
972
925
890
1047
1433
1906
2187
2093
1729
1318
1109
1161
1297
1311
1088
740
482
325
174
37
-145
-302
-245
33
401
641
638
515
520
736
1074
1435
1668
1666
1486
1358
1404
1456
1458
1444
1319
1058
721
407
125
-117
-240
-318
-409
-507
-614
-649
-516
-254
-12
102
115
143
310
543
630
263
-702
-2036
-3268
-3832
-3671
-3283
-3056
-3191
-3826
-4516
-4658
-4192
-3402
-2522
-1637
-944
-506
-110
249
400
593
969
1379
1804
2064
1885
1313
670
132
-211
-225
-108
-173
-455
-806
-1251
-1726
-1942
-1926
-1779
-1356
-784
-385
-177
-169
-315
-377
-121
320
741
1027
1106
1003
895
956
1066
1124
1173
1180
1158
1160
1065
870
661
499
468
562
586
297
-220
-757
-1156
-1301
-1208
-1063
-1067
-1149
-1201
-1151
-950
-693
-417
-54
377
813
1234
1514
1605
1636
1744
1987
2281
2445
2430
2185
1797
1444
1156
944
783
613
459
330
170
-33
-225
-427
-560
-487
-248
88
427
663
783
795
809
935
1111
1367
1651
1814
1868
1841
1669
1436
1304
1253
1229
1174
1041
769
291
-170
-452
-659
-794
-810
-796
-848
-898
-895
-822
-755
-635
-390
-104
212
475
569
333
-270
-1127
-1986
-2537
-2657
-2430
-2209
-2254
-2618
-3162
-3584
-3612
-3238
-2711
-2201
-1712
-1297
-966
-667
-466
-370
-220
123
601
1049
1303
1192
783
380
173
149
257
394
320
84
-180
-553
-997
-1351
-1573
-1625
-1446
-1123
-921
-981
-1199
-1418
-1502
-1301
-861
-456
-106
225
497
796
1133
1374
1466
1555
1697
1888
2041
2082
1991
1709
1455
1311
1181
1043
822
469
55
-351
-724
-969
-1122
-1141
-1087
-1050
-989
-958
-950
-812
-519
-167
218
607
991
1287
1557
1805
1970
2030
2061
2088
2017
1940
1765
1450
1150
883
655
465
313
141
-45
-165
-174
-100
-24
64
133
245
401
561
725
819
807
757
747
813
909
987
1027
1037
1007
917
849
784
630
471
381
297
195
96
26
-91
-187
-231
-337
-519
-708
-811
-841
-793
-686
-662
-761
-855
-862
-797
-645
-476
-330
-229
-174
-233
-472
-905
-1433
-1867
-2071
-2021
-1888
-1835
-1939
-2174
-2446
-2532
-2420
-2214
-1886
-1487
-1081
-739
-489
-327
-343
-369
-211
36
331
606
695
545
282
6
-238
-405
-457
-425
-387
-346
-343
-495
-760
-1002
-1137
-1092
-861
-545
-277
-158
-192
-243
-234
-162
39
355
716
1074
1344
1519
1544
1438
1348
1392
1532
1689
1778
1739
1586
1355
1144
957
749
494
269
115
14
-70
-186
-329
-514
-617
-602
-483
-323
-176
-23
123
280
428
531
612
719
867
1056
1242
1333
1281
1142
1045
995
979
990
927
789
630
483
348
214
81
-70
-130
-79
7
97
136
105
36
35
135
265
350
391
387
413
474
564
621
546
413
294
272
340
414
392
224
-28
-238
-356
-357
-283
-257
-331
-463
-603
-748
-823
-837
-825
-817
-798
-774
-746
-689
-665
-698
-736
-740
-710
-577
-388
-263
-219
-247
-298
-349
-374
-337
-295
-283
-242
-290
-463
-660
-902
-1102
-1197
-1173
-1155
-1227
-1313
-1385
-1446
-1416
-1272
-1168
-1096
-984
-886
-748
-570
-432
-364
-313
-228
-127
-38
81
120
53
24
63
100
160
242
249
271
318
375
399
387
406
435
525
652
729
720
678
668
710
810
865
797
699
594
540
627
747
782
710
562
381
244
158
105
72
47
83
144
266
420
467
509
575
659
754
861
928
903
863
836
831
770
645
479
272
117
58
57
29
-3
-22
-31
26
100
133
115
69
72
117
192
265
278
240
212
235
261
288
281
209
136
104
108
134
154
155
134
96
81
46
-16
-72
-125
-110
-74
-54
-62
-145
-248
-322
-341
-326
-306
-314
-375
-401
-409
-415
-388
-380
-338
-283
-195
-71
6
24
33
7
-41
-41
-93
-188
-273
-366
-449
-510
-556
-642
-772
-894
-950
-977
-958
-897
-907
-937
-950
-958
-944
-891
-814
-771
-678
-571
-518
-517
-560
-612
-644
-565
-432
-312
-244
-213
-210
-214
-173
-114
-52
-6
67
147
202
223
212
204
182
166
195
222
230
258
284
262
219
173
131
130
208
298
342
360
338
314
328
396
485
551
585
604
606
641
694
700
730
721
671
619
583
569
485
443
433
394
337
280
210
107
32
43
137
228
313
340
335
299
295
360
441
557
629
663
687
678
619
555
490
432
389
332
288
206
89
-15
-101
-144
-163
-185
-164
-136
-104
-48
1
30
20
-24
-62
-67
-42
36
100
128
91
18
-41
-76
-97
-109
-113
-136
-141
-115
-124
-206
-306
-401
-445
-418
-368
-367
-431
-541
-620
-659
-664
-656
-681
-697
-674
-627
-601
-597
-633
-696
-672
-575
-440
-321
-302
-361
-474
-581
-641
-638
-617
-592
-584
-595
-621
-666
-691
-690
-632
-551
-433
-294
-207
-139
-83
-38
-16
13
63
106
156
214
250
213
171
142
111
130
168
193
181
179
193
208
239
281
262
261
301
344
415
491
528
497
463
462
455
475
509
506
494
475
483
489
489
494
494
500
526
562
577
590
587
593
617
594
568
505
431
397
407
441
427
379
289
208
153
157
208
235
256
265
281
273
246
232
200
194
236
291
321
293
211
86
-21
-58
-28
15
67
54
-38
-134
-193
-198
-176
-126
-115
-164
-225
-250
-251
-248
-258
-282
-344
-392
-435
-464
-488
-549
-598
-627
-633
-639
-610
-596
-583
-558
-516
-469
-434
-396
-373
-355
-341
-316
-307
-302
-316
-317
-317
-314
-315
-349
-397
-441
-489
-497
-480
-501
-518
-556
-613
-639
-635
-632
-597
-557
-520
-468
-418
-380
-328
-282
-210
-138
-99
-64
-47
-29
25
98
143
175
146
104
98
105
150
190
209
221
207
209
225
225
231
244
271
323
402
451
482
514
537
573
605
661
704
707
730
760
739
698
662
622
595
612
637
623
604
556
495
457
430
422
403
393
387
380
354
348
325
286
282
267
281
304
312
286
245
195
156
140
151
182
178
164
148
124
58
7
-42
-99
-126
-106
-86
-95
-127
-165
-205
-231
-197
-161
-142
-146
-176
-210
-256
-282
-313
-344
-359
-386
-394
-400
-419
-463
-509
-529
-544
-516
-443
-395
-373
-388
-418
-446
-465
-438
-424
-420
-417
-398
-387
-361
-365
-414
-465
-491
-482
-466
-432
-448
-468
-488
-478
-436
-401
-386
-392
-372
-357
-348
-346
-325
-332
-331
-286
-261
-263
-259
-255
-231
-183
-160
-146
-153
-147
-130
-61
42
132
191
214
233
230
224
251
263
271
294
308
318
340
352
328
332
356
379
417
448
476
494
493
522
555
545
538
530
507
505
525
532
532
523
499
463
446
444
444
472
488
489
484
468
447
445
459
486
497
513
505
464
397
330
284
236
228
246
250
228
189
112
30
-20
-55
-42
-37
-34
-50
-78
-84
-90
-78
-74
-62
-46
-30
-9
-14
-46
-78
-111
-131
-143
-155
-191
-239
-270
-289
-309
-344
-362
-389
-399
-368
-329
-331
-345
-369
-416
-410
-384
-373
-374
-390
-422
-476
-498
-503
-514
-546
-553
-590
-651
-672
-684
-667
-650
-621
-598
-594
-575
-544
-489
-434
-388
-341
-314
-304
-295
-283
-268
-261
-259
-246
-230
-212
-171
-149
-146
-159
-183
-198
-179
-130
-83
-28
10
37
47
69
83
98
130
173
231
298
363
394
425
450
464
474
504
525
539
569
581
593
574
559
531
502
483
465
461
458
467
471
462
442
424
429
445
498
542
582
621
601
592
586
570
558
559
564
573
572
549
527
466
394
341
316
310
311
305
295
275
228
174
131
77
30
15
11
4
-6
-53
-115
-160
-186
-187
-148
-102
-92
-87
-109
-125
-151
-173
-193
-214
-220
-211
-204
-219
-253
-323
-376
-422
-420
-421
-413
-413
-427
-416
-428
-425
-454
-482
-505
-514
-490
-492
-495
-516
-559
-566
-562
-550
-551
-569
-560
-540
-497
-437
-410
-416
-456
-486
-474
-443
-390
-355
-334
-337
-357
-376
-381
-392
-397
-369
-317
-249
-199
-156
-148
-149
-131
-105
-39
25
90
121
122
113
89
63
65
99
116
147
170
179
189
190
210
243
272
318
346
372
413
450
482
500
512
482
472
492
516
548
572
576
562
527
496
452
422
421
426
457
476
477
469
442
423
419
420
443
471
503
528
529
517
474
428
401
369
368
354
355
347
331
311
265
201
124
90
55
70
90
74
57
-6
-66
-106
-143
-151
-141
-145
-136
-137
-172
-200
-251
-293
-311
-304
-287
-259
-241
-262
-299
-345
-383
-412
-408
-383
-356
-346
-347
-378
-423
-469
-506
-525
-523
-503
-474
-457
-478
-524
-574
-632
-647
-635
-613
-587
-571
-541
-532
-526
-520
-522
-528
-502
-470
-423
-380
-344
-314
-308
-297
-271
-250
-227
-181
-135
-104
-61
-24
-22
-17
-25
-14
17
71
93
122
129
109
98
90
95
97
120
152
195
228
255
267
278
275
280
307
335
387
416
446
467
465
450
432
423
407
412
430
443
436
421
401
357
340
337
320
338
356
361
376
376
364
349
328
335
337
349
370
366
358
347
319
290
268
235
232
238
250
257
247
208
171
138
110
97
82
59
33
18
-1
1
-10
-31
-65
-105
-134
-136
-114
-101
-96
-117
-148
-171
-185
-188
-176
-180
-180
-195
-196
-218
-238
-257
-281
-288
-297
-295
-292
-295
-315
-340
-376
-393
-412
-416
-406
-398
-389
-391
-398
-410
-427
-441
-429
-400
-381
-354
-342
-357
-355
-361
-354
-324
-309
-285
-254
-245
-219
-193
-185
-164
-139
-113
-76
-41
-11
17
20
47
51
52
56
59
66
68
86
85
91
92
101
109
103
113
132
139
172
213
232
265
266
272
284
285
322
343
351
345
329
303
302
320
324
333
323
313
293
287
276
269
246
240
259
261
274
272
256
246
249
262
279
269
260
243
246
256
276
276
266
239
187
182
141
129
115
93
86
71
71
57
24
1
-28
-37
-23
-5
3
-5
-17
-26
-44
-61
-69
-97
-116
-125
-137
-162
-190
-212
-238
-230
-216
-200
-178
-165
-152
-151
-141
-146
-150
-159
-165
-167
-173
-177
-174
-203
-230
-249
-284
-295
-298
-291
-291
-283
-290
-295
-298
-301
-297
-287
-278
-280
-272
-259
-261
-260
-246
-247
-232
-202
-174
-144
-118
-104
-83
-66
-54
-44
-37
-30
-23
-14
-1
6
6
0
-12
-15
-15
2
18
32
59
54
58
58
57
65
71
104
120
139
156
162
157
151
158
143
167
186
197
223
219
223
228
208
219
238
231
261
272
262
243
216
194
175
183
186
190
200
202
195
190
165
161
167
177
199
214
215
206
194
179
169
154
149
141
131
117
99
84
77
65
49
35
10
8
-11
-10
-21
-50
-72
-96
-102
-121
-101
-112
-114
-120
-139
-142
-137
-127
-123
-105
-103
-98
-96
-90
-105
-106
-111
-113
-116
-131
-143
-163
-169
-169
-158
-167
-171
-179
-192
-194
-180
-172
-162
-142
-147
-144
-147
-152
-146
-148
-146
-128
-118
-119
-100
-106
-104
-86
-88
-69
-68
-52
-45
-37
-26
-48
-53
-54
-65
-50
-46
-50
-38
-33
-34
-22
-11
-11
3
1
10
23
38
61
79
76
72
68
71
77
77
81
77
91
91
98
102
105
116
122
133
138
138
139
144
152
168
176
180
195
178
173
176
172
176
171
166
155
148
151
158
153
156
154
151
139
127
119
108
114
101
95
76
57
64
53
62
48
50
49
53
66
60
66
53
52
41
27
14
-6
-31
-56
-79
-91
-98
-102
-101
-118
-131
-136
-137
-133
-123
-116
-110
-105
-98
-92
-101
-103
-110
-124
-124
-125
-128
-140
-150
-167
-175
-182
-166
-166
-169
-152
-154
-135
-131
-134
-139
-146
-134
-117
-117
-116
-125
-128
-118
-90
-78
-77
-72
-83
-76
-54
-30
-12
-10
-20
-36
-46
-45
-36
-25
-22
-25
-29
-23
-31
-35
-35
-24
3
34
78
89
93
88
82
78
89
108
109
121
124
112
100
96
78
74
82
82
104
123
127
128
130
132
142
154
162
165
159
151
163
150
141
125
114
107
94
108
95
89
91
96
93
103
105
99
102
107
112
121
125
114
105
84
71
55
47
35
30
17
11
11
2
-9
-30
-40
-51
-54
-53
-52
-61
-67
-78
-83
-94
-99
-99
-104
-95
-103
-88
-98
-99
-91
-99
-93
-83
-69
-69
-61
-71
-83
-93
-104
-111
-119
-111
-118
-110
-109
-122
-113
-130
-126
-120
-126
-114
-114
-104
-109
-113
-119
-133
-135
-139
-138
-134
-129
-117
-115
-100
-82
-89
-69
-63
-59
-39
-30
-20
-24
-36
-49
-58
-62
-55
-56
-55
-60
-70
-71
-63
-50
-26
-4
6
38
44
59
80
81
78
82
87
82
92
99
90
97
101
91
88
84
79
87
101
103
118
125
120
128
124
129
133
140
146
144
139
131
123
122
115
126
115
119
127
108
118
122
118
107
115
99
95
94
81
83
68
62
57
47
42
28
25
27
25
33
38
33
26
16
9
2
2
-9
-24
-39
-56
-64
-74
-76
-90
-101
-114
-106
-104
-110
-95
-104
-103
-97
-99
-81
-82
-80
-71
-75
-72
-81
-81
-82
-81
-76
-72
-72
-81
-81
-89
-76
-65
-64
-63
-63
-70
-71
-67
-70
-70
-68
-69
-78
-70
-73
-80
-69
-51
-49
-41
-30
-32
-34
-20
-17
-8
-2
-1
6
12
19
13
17
12
6
12
21
25
25
29
21
20
26
26
43
56
54
68
67
69
69
62
54
51
51
51
68
62
62
66
61
58
61
61
59
78
73
77
73
70
69
61
71
66
66
57
51
43
31
24
30
22
14
8
-1
7
16
13
15
24
10
13
18
15
13
28
13
18
3
-8
-21
-19
-10
-31
-13
-14
-19
-27
-26
-37
-41
-37
-40
-36
-37
-36
-39
-42
-53
-70
-67
-74
-78
-86
-85
-82
-89
-73
-78
-80
-61
-54
-48
-28
-30
-33
-20
-30
-29
-20
-34
-26
-24
-27
-28
-32
-22
-38
-41
-48
-55
-51
-52
-40
-36
-29
-37
-24
-29
-32
-22
-18
2
9
15
21
20
9
9
12
26
34
44
53
51
50
48
49
52
37
36
38
43
43
43
37
35
28
34
50
52
62
65
69
73
75
67
72
62
65
57
56
60
51
45
37
43
20
33
42
34
39
42
39
46
55
55
62
58
62
49
43
35
21
20
6
-1
-4
-16
-18
-11
-13
-21
-18
-24
-26
-39
-35
-31
-46
-41
-51
-46
-46
-43
-35
-33
-43
-51
-50
-49
-51
-50
-44
-42
-40
-43
-48
-50
-50
-59
-56
-51
-54
-55
-65
-66
-69
-62
-43
-30
-25
-22
-21
-10
-11
0
-1
3
5
-9
-3
-11
-10
-12
-19
-10
-16
-9
1
-4
2
8
-4
13
18
15
22
26
33
33
38
36
43
43
49
46
45
43
42
54
44
50
51
52
62
65
60
59
63
48
50
41
38
39
23
32
34
30
30
40
33
32
32
33
31
29
27
17
17
13
3
12
9
-1
14
16
12
13
13
8
17
24
15
20
16
20
16
16
25
11
12
14
7
2
1
-1
-4
-3
-19
-14
-23
-18
-13
-23
-20
-32
-25
-34
-40
-44
-46
-41
-40
-42
-40
-46
-43
-35
-53
-42
-41
-37
-24
-30
-16
-23
-23
-14
-25
-16
-22
-21
-24
-31
-31
-44
-40
-40
-52
-50
-52
-53
-39
-41
-30
-27
-27
-16
-16
-15
-20
-11
-7
-6
-8
-4
-14
-8
-11
-9
7
6
10
15
18
13
19
10
7
11
9
14
16
20
29
20
26
17
8
13
13
19
17
28
29
27
33
20
23
30
27
45
47
48
41
37
33
19
19
24
11
22
19
4
10
-1
-2
-11
-19
-14
-11
-3
-9
-5
-7
-16
-15
-15
-19
-18
-9
-7
-12
-12
-16
-16
-21
-18
-13
-8
5
-5
-4
-5
-21
-11
-15
-14
-11
-20
-19
-20
-27
-32
-36
-34
-38
-39
-30
-37
-34
-37
-39
-35
-37
-33
-32
-24
-31
-17
-10
-10
-3
2
-9
0
-2
-10
-2
-2
3
0
12
10
8
2
2
-2
5
8
10
13
13
15
9
11
10
10
14
17
13
17
20
18
19
24
18
24
38
25
29
33
24
24
32
29
31
30
39
38
34
37
29
38
39
35
36
42
44
41
42
36
29
23
28
22
12
25
12
17
20
4
19
8
4
4
-5
6
-4
6
5
2
7
4
15
9
7
1
-2
-5
-7
-10
-21
-19
-24
-32
-33
-34
-38
-33
-32
-30
-27
-23
-25
-31
-24
-27
-22
-16
-23
-20
-15
-15
-16
-12
-10
-15
-14
-12
-23
-9
-18
-17
-22
-22
-24
-20
-16
-29
-16
-25
-24
-24
-25
-30
-27
-31
-22
-20
-29
-13
-19
-14
-10
-2
0
7
11
4
10
-4
2
1
0
4
0
11
20
13
13
21
19
25
12
17
17
11
11
14
13
14
9
16
16
11
7
18
15
9
23
13
21
18
22
28
26
28
24
34
26
21
28
19
24
28
19
23
25
10
17
22
17
29
30
34
29
27
31
24
23
19
24
14
14
14
14
15
6
8
9
5
-2
1
-3
-7
-6
-8
-19
-21
-12
-19
-24
-15
-27
-22
-21
-25
-22
-11
-11
-20
-2
-14
-20
-12
-22
-20
-23
-22
-20
-24
-22
-27
-29
-26
-30
-36
-18
-27
-28
-20
-25
-17
-23
-17
-24
-24
-25
-32
-23
-26
-25
-33
-23
-23
-26
-16
-21
-12
-4
-2
0
9
4
9
8
-10
1
-6
2
3
-2
0
-1
11
-3
7
12
5
16
17
17
18
16
19
18
19
20
22
26
30
16
28
26
22
30
30
28
27
34
30
36
27
25
26
29
22
23
23
17
23
10
14
5
9
6
8
12
10
22
21
18
22
23
14
17
15
14
21
9
13
11
6
7
1
8
-2
1
9
5
9
3
9
6
-2
-2
-9
-7
-14
-20
-14
-19
-29
-27
-20
-27
-22
-6
-13
0
-5
-15
2
-19
-10
-2
-12
-3
-17
-9
-9
-26
-24
-13
-20
-21
-13
-11
-8
-12
-14
-10
-10
-13
-7
-8
-13
-17
-13
-22
-24
-25
-33
-31
-29
-25
-23
-18
-18
-16
-4
-5
0
3
2
3
8
-3
2
-5
-3
0
-6
1
-9
-3
2
0
2
10
7
11
10
17
16
14
25
17
17
16
18
16
16
16
9
10
15
14
12
14
10
27
21
18
28
16
26
24
19
16
12
19
10
10
13
10
17
18
19
22
16
17
24
19
12
5
11
14
4
9
5
-6
5
0
-8
-5
-6
-10
-8
-5
-16
-7
-7
-10
-3
-14
-7
-13
-16
-12
-19
-15
-18
-15
-17
-16
-15
-22
-12
-13
-12
-13
-8
-10
-8
-9
-13
-14
-11
-11
-18
-22
-21
-15
-24
-10
-20
-16
-11
-14
-6
-13
-9
-8
-5
-9
-3
1
1
0
-3
15
-5
-10
-3
-13
-8
-15
-14
-5
-9
-5
-5
-4
5
-1
2
3
7
2
5
4
1
5
3
7
2
11
9
17
14
9
29
17
18
23
15
19
15
18
10
12
12
10
9
-6
10
3
6
-1
-3
6
4
7
3
10
9
13
11
14
11
15
9
6
17
0
9
7
7
8
9
5
10
12
1
6
-10
3
1
-10
-12
-14
-13
-18
-14
-21
-22
-16
-11
-11
-20
-11
-16
-18
-20
-25
-20
-23
-11
-18
-22
-12
-14
-16
-15
-23
-17
-15
-15
-21
-15
-18
-29
-14
-22
-23
-17
-15
-20
-8
-17
-23
-12
-18
-13
-16
-11
-12
-11
-5
-9
-8
-8
-3
-4
-7
-6
8
0
0
3
-2
4
4
-1
13
8
6
13
7
5
2
10
1
5
11
10
13
20
13
17
22
20
20
21
26
18
26
18
13
18
20
10
14
20
10
13
16
15
17
17
18
26
29
22
27
34
25
28
21
20
24
16
15
13
12
20
22
16
21
21
17
30
17
16
21
14
18
18
8
10
14
6
5
15
1
6
11
-2
9
3
1
-1
4
7
2
0
-1
8
-4
-6
-2
-10
-4
-5
-7
-11
-6
-10
-18
-9
-20
-17
-10
-21
-18
-19
-21
-23
-17
-23
-23
-17
-18
-13
-23
-15
-19
-33
-20
-22
-24
-31
-28
-21
-20
-27
-31
-19
-26
-16
-18
-27
-11
-22
-18
-18
-13
-21
-21
-6
-21
-6
-10
-11
-5
-8
-7
-4
-2
-9
-2
9
2
-1
2
-2
0
3
-2
-3
-5
4
4
1
-2
4
7
-3
6
11
10
5
13
17
16
12
10
12
23
13
15
22
14
28
14
26
25
14
31
19
27
29
22
24
26
20
14
23
18
13
17
13
15
20
14
12
16
18
13
15
21
10
15
16
12
18
16
6
22
14
