SAMPLES:	13892
BITSPERSAMPLE:	16
CHANNELS:	1
SAMPLERATE:	16000
NORMALIZED:	FALSE
-2
3
1
-11
-6
-3
-5
6
-6
-5
4
-8
7
-9
-5
-1
-7
-2
-11
-6
-12
-11
-5
-10
-5
4
-1
8
9
-2
0
13
10
16
14
-4
19
8
0
10
-2
1
-2
1
-10
-7
1
1
-3
-2
14
11
5
3
-5
5
6
11
20
18
12
11
29
18
10
22
17
5
10
4
1
0
-10
3
2
-12
-4
-3
-9
-10
-8
3
14
12
9
1
14
11
-3
0
0
1
-5
-10
-4
-6
-14
-9
-21
-10
-4
-9
-7
-9
-5
-11
-15
-8
-2
-8
3
13
8
15
13
10
8
4
3
-4
1
-4
-5
-6
-4
-18
-9
-3
-4
-10
-1
1
-6
6
-8
-4
2
14
0
-2
4
-5
-3
14
18
9
13
19
24
22
17
21
21
22
14
21
21
6
11
18
19
10
20
13
13
17
5
7
-10
-1
-12
-24
-10
-13
-10
-11
-5
-1
-2
4
2
3
1
-9
-1
-2
1
-3
-7
-5
-13
-3
-6
-4
-7
-7
0
-11
-10
-15
-11
-9
-12
-8
-6
-13
-9
-6
-13
-6
-3
-6
1
3
4
13
1
4
3
-1
-6
-3
10
-3
-4
9
-2
-7
5
5
-2
1
-5
-6
2
-13
-4
-7
-5
10
-7
6
9
10
15
14
4
3
9
-1
12
16
20
19
12
2
13
1
-2
9
14
23
9
13
9
2
14
12
8
11
6
10
18
11
10
19
8
1
8
1
6
9
20
27
4
-1
8
10
6
0
11
-1
14
3
-1
15
4
6
-11
-8
-11
-17
-12
-22
-7
0
-9
-3
-3
-9
-3
-11
-8
-7
-10
0
5
-3
-14
-1
6
1
-1
4
5
-6
-19
-7
-4
7
3
-6
-3
8
14
4
8
2
2
-3
12
11
2
5
-7
-6
-7
-7
-5
7
-5
-5
0
-5
-9
-9
-11
-14
-22
-12
-4
-8
-7
-2
5
-5
-6
-12
5
-3
-1
0
-14
6
-7
3
2
-1
-3
-6
-8
-7
-4
-9
-2
-11
-16
-4
-10
-4
-9
-11
-3
-22
-14
1
1
-2
5
-3
-3
0
-4
-1
15
12
4
9
2
8
9
9
0
7
6
10
12
11
8
-2
-2
1
12
3
11
6
8
13
12
4
4
9
-6
-12
-4
-1
-5
-7
8
-1
-12
-10
-14
-2
-10
-5
0
2
-5
-6
0
1
5
5
13
8
2
6
15
-3
0
4
-1
16
14
10
18
6
0
-4
-4
0
5
6
6
5
0
-7
-21
-20
-21
-13
-8
-12
-4
-1
-13
-21
-15
-8
-5
-5
-1
-3
-9
-12
-11
-4
1
0
8
-2
5
8
-2
-6
-7
-6
-2
-3
-8
-15
-11
7
-9
-2
0
-10
-7
-7
0
2
-5
17
11
5
4
21
13
-9
-9
-17
-6
-2
-4
3
8
0
3
-1
3
-2
-11
-2
-1
-5
2
12
1
19
19
9
11
3
11
5
1
13
17
-2
14
17
-3
5
-2
-5
-6
-1
5
5
3
0
3
4
12
5
0
5
4
9
9
11
12
12
1
12
4
-5
10
-1
-2
-6
1
8
6
7
5
-3
-15
-5
3
2
6
-12
-2
5
-7
4
-9
-4
2
-6
-4
7
-16
-16
5
-1
6
-12
1
-1
-9
1
-7
-1
-3
-11
-19
-9
-8
-11
-1
5
-2
2
6
9
5
0
6
7
7
-4
-7
-5
5
3
-3
5
-1
0
14
8
5
8
0
-1
0
8
-2
-15
-1
0
-8
3
6
-3
-10
-8
-17
-1
-9
-5
2
-13
-13
-17
-8
0
4
-5
-4
-2
2
4
10
14
10
17
10
1
3
-13
-3
-1
-8
2
0
0
1
-6
-17
-12
2
-3
-9
-12
-2
5
-4
0
2
-7
-5
-8
-16
-6
6
-2
-12
3
3
-2
1
-3
-6
-14
5
3
-19
-12
-8
-16
-1
0
-4
2
3
14
11
3
-1
2
4
-3
-7
-1
0
-7
3
-6
-4
2
-9
-1
3
7
13
2
6
6
9
21
8
10
2
2
-3
-11
-13
-7
-6
-3
-11
-9
7
-3
15
12
3
5
-4
7
4
2
6
4
2
2
10
-3
-10
-3
-3
2
15
11
-4
9
14
5
1
-6
-2
4
10
4
2
0
-3
-11
-6
-4
-17
10
6
6
0
-10
8
4
4
1
7
-2
-6
-3
0
-3
-4
-6
1
-5
-19
-16
0
-1
6
9
-8
0
2
4
6
-8
-8
-2
0
2
2
-8
-4
-4
-14
-10
-17
3
-2
-12
-5
-6
-2
-9
4
2
5
8
1
10
-1
-7
3
-11
-4
-3
-18
-8
-1
11
10
2
22
17
12
23
8
4
14
9
13
4
-6
9
-2
-12
-8
1
-2
0
1
-7
-16
-15
-9
-7
-6
-7
5
6
2
-5
-12
-5
1
0
3
1
-2
-2
-11
-10
-7
-9
-12
-14
-4
0
2
-8
-4
-2
-5
0
6
14
-2
-10
-12
-5
-5
5
6
-5
0
1
7
11
13
1
-2
1
4
10
-4
4
6
3
-5
-1
5
-1
-8
-12
3
3
6
1
7
-3
-7
-5
-6
-1
7
0
-24
-7
-2
-2
-9
3
7
7
6
-2
3
-8
-7
3
1
6
-8
-11
-1
-12
-5
-3
-5
-4
-5
-11
-8
7
2
-9
-9
3
-1
13
10
14
16
17
12
6
20
18
11
8
9
11
12
14
9
11
7
-1
7
-9
4
5
-8
2
8
19
5
18
7
9
4
-13
-3
-11
9
8
-6
-12
-8
5
4
-4
1
-5
-10
7
6
6
7
10
6
8
0
-7
4
-2
-6
7
0
-10
0
-5
-6
0
5
0
-12
-16
-4
-11
3
-1
-3
2
-12
-8
-12
-17
-14
-11
-2
1
-4
-4
2
-2
3
7
3
-5
0
3
-3
-3
-4
1
-1
1
-2
1
11
5
8
11
5
-1
-8
-2
-7
-10
-2
1
-8
-2
-3
-1
-4
-6
4
3
9
13
-4
-3
7
-5
3
2
11
-1
2
10
1
11
11
2
-3
-1
-6
-6
-1
-5
-2
-3
-21
-15
2
-3
-7
-12
-7
-8
-4
2
-4
-5
-18
-10
-7
-11
-12
-25
-12
-13
-7
-4
-6
-5
-14
-8
-9
-5
0
0
-14
-14
-10
-9
0
-8
-13
-7
1
-12
-6
-17
-26
-5
-12
-7
8
13
-4
-3
-3
-8
-18
-16
-10
-19
-21
-5
0
-14
-16
-11
-17
-21
-20
-20
-8
-3
1
6
-2
-3
-5
0
10
-5
10
13
9
-5
-3
8
-1
-3
2
0
4
10
14
-2
3
14
8
8
3
14
14
12
5
6
13
9
6
12
9
19
19
5
4
6
7
8
22
10
10
9
5
10
11
11
15
0
-8
5
3
-1
1
10
-12
-1
-7
-1
2
-4
-8
-15
-5
-9
4
-6
-1
-1
-5
-7
-13
2
-7
-13
-16
-4
-15
-8
-5
-14
-2
-17
-23
-18
-24
-28
-25
-25
-6
-15
-15
-14
-17
-7
-13
-6
-17
-9
-3
-11
-9
2
-7
-12
4
-1
-5
-7
0
-5
-4
6
15
19
8
0
5
-6
-6
4
-2
-11
-10
-7
-11
-3
-10
-12
-9
-11
-6
-4
-9
-6
6
3
2
-1
-2
4
7
-6
-10
4
-1
-8
-2
-3
-13
-6
7
3
-12
-4
1
1
0
2
-1
4
2
-8
3
5
3
-5
3
-1
-10
-5
-10
-6
-10
-8
0
1
3
-13
-14
-9
-12
-3
-4
-7
-5
-1
-8
-18
-8
4
2
-3
2
-1
0
1
-3
7
10
3
-1
-2
5
-3
-6
-7
5
-3
0
9
4
9
2
2
3
10
1
2
6
-1
-4
-7
4
11
7
3
8
17
18
12
4
-4
6
8
2
-3
6
-3
-8
-2
-5
8
10
1
-10
-4
-5
0
1
6
12
8
1
10
13
30
9
1
22
9
9
3
14
8
16
-1
9
18
2
8
9
13
1
15
24
15
3
7
7
8
5
5
9
-8
7
23
12
-2
-3
2
4
4
3
2
-6
-7
-4
6
4
15
15
5
7
12
1
2
2
3
-2
0
4
-7
12
10
4
-15
-14
-4
-2
-2
-10
-3
8
8
4
15
6
16
15
11
16
5
-2
8
14
0
11
8
7
13
-3
7
15
2
9
12
6
7
3
1
1
2
0
-7
-2
1
-1
7
5
2
4
8
11
9
17
13
16
14
4
0
7
-1
10
17
15
26
14
11
12
17
20
22
19
16
10
26
13
14
13
17
13
4
19
-3
12
9
10
3
4
-3
-8
9
-19
-8
0
-6
-9
-5
-3
-11
5
-6
-2
4
2
4
-5
-1
-4
-8
4
1
5
8
4
2
-2
3
13
14
14
5
-8
7
14
11
10
8
18
24
18
20
11
13
25
4
4
3
5
8
7
5
5
20
26
13
14
8
11
5
-5
8
4
-8
0
2
3
4
-9
-15
-6
8
16
4
-6
-2
-16
-8
2
4
8
-3
6
-7
-8
-14
-16
-9
-15
-8
-13
-10
-5
-2
-9
-8
-6
-3
-5
-21
-15
-13
-12
-14
-13
-19
-19
-15
-17
-7
-12
-10
-17
-12
-3
0
-2
-2
1
2
8
5
5
3
3
-1
-5
-5
-8
-3
0
19
12
2
14
-5
4
10
12
9
-2
6
12
21
24
18
5
13
2
-6
-2
-8
-4
-3
0
-14
-6
-15
-12
-9
-12
-14
-19
-16
-16
-5
-19
-16
-1
-6
-11
-10
-1
-3
-12
-7
-1
3
5
0
-3
13
9
0
-3
4
5
0
-4
-10
-6
2
-10
-10
1
-13
-4
-3
-2
-5
4
8
-5
8
-6
0
7
-2
-8
-4
2
4
8
-4
3
-9
-20
-12
-19
-10
-19
-14
-4
-14
-4
-9
-15
-18
-20
-13
-13
-17
-21
-13
-9
-7
-14
-12
-11
-4
0
-3
6
13
9
10
7
4
12
5
2
-4
-2
0
-18
-21
-12
-11
-16
-13
-17
-6
-5
-13
-3
-5
-12
2
-9
-20
-26
-20
-5
1
-4
-10
-5
-4
-7
-14
-15
-9
-22
-6
-9
-18
-25
-16
-17
-16
-1
-18
-5
-10
-20
-17
-26
-22
-13
-21
-25
-23
-30
-32
-30
-27
-20
-15
-15
-13
-15
-12
-10
-16
-5
-1
-11
5
1
14
12
11
20
13
18
21
19
17
15
18
23
23
27
22
16
14
9
0
10
14
-1
8
6
6
10
-2
6
16
9
-13
-14
-7
-2
-3
-15
-7
-11
-10
-12
-6
-11
-9
-5
-16
-16
-7
-4
-19
-20
-27
-19
-19
-23
-30
-29
-27
-27
-34
-23
-16
-25
-8
-8
-7
-3
-5
-6
-6
15
8
9
14
19
35
38
39
32
35
41
42
33
37
28
19
12
9
-3
-18
-22
-33
-32
-39
-65
-68
-61
-77
-67
-70
-78
-63
-69
-65
-67
-61
-47
-48
-36
-28
-29
-13
0
-1
9
8
24
37
42
52
52
48
43
56
52
65
57
47
59
38
37
34
25
30
22
16
30
29
34
52
59
70
82
104
115
131
145
162
172
189
220
227
225
228
222
228
217
217
220
203
193
168
161
134
116
106
77
55
39
28
5
-6
-8
-7
-11
-15
-17
-15
-4
2
6
21
16
22
32
21
1
-20
-42
-76
-87
-135
-207
-251
-314
-384
-440
-501
-564
-617
-674
-719
-748
-776
-797
-799
-789
-778
-766
-726
-696
-662
-593
-550
-500
-441
-389
-328
-274
-224
-171
-108
-54
-7
47
89
140
174
208
247
274
281
305
330
322
329
323
319
314
307
312
313
312
310
313
330
347
361
382
401
413
435
468
489
515
548
562
582
601
611
619
624
626
645
637
633
640
604
598
579
545
514
485
456
416
376
346
313
289
278
246
238
221
217
229
242
262
271
302
328
353
373
383
391
380
346
302
247
164
74
-44
-180
-324
-463
-608
-765
-913
-1054
-1202
-1331
-1428
-1520
-1592
-1633
-1670
-1676
-1653
-1620
-1568
-1509
-1428
-1343
-1249
-1134
-1023
-891
-778
-662
-540
-423
-283
-174
-60
40
127
218
303
383
429
487
522
557
575
585
583
562
555
543
527
503
490
469
450
439
418
404
400
373
350
343
328
302
264
246
203
171
158
113
100
70
30
19
3
17
18
15
34
46
62
75
83
87
89
90
82
90
97
93
100
98
99
96
93
110
135
154
190
220
256
302
344
363
390
431
455
492
521
543
546
555
578
586
587
594
582
565
557
560
564
552
535
508
484
456
438
426
399
370
329
302
282
276
281
279
273
286
322
347
361
383
392
364
335
262
165
51
-93
-257
-439
-632
-845
-1064
-1265
-1459
-1653
-1820
-1989
-2137
-2238
-2287
-2294
-2284
-2235
-2172
-2071
-1956
-1808
-1657
-1520
-1379
-1246
-1089
-947
-814
-697
-620
-528
-419
-305
-191
-95
1
85
182
293
414
534
653
761
847
922
958
971
977
985
982
975
947
868
799
720
666
641
613
574
516
477
445
400
363
313
263
235
216
221
241
253
264
264
257
281
280
288
308
330
375
414
464
492
533
565
587
588
570
548
500
452
426
405
396
402
426
449
428
419
406
396
397
405
441
483
542
566
597
609
571
528
465
422
382
387
413
426
445
464
484
498
531
554
578
644
714
821
918
975
984
987
1015
1045
1070
985
751
370
-99
-618
-1160
-1722
-2247
-2661
-2921
-3006
-2983
-2925
-2860
-2838
-2845
-2857
-2869
-2841
-2786
-2679
-2510
-2272
-1985
-1692
-1413
-1173
-959
-803
-663
-574
-507
-416
-330
-158
49
274
490
667
823
973
1116
1207
1247
1233
1207
1165
1130
1089
1028
996
979
983
987
953
889
775
620
422
208
14
-142
-221
-233
-218
-196
-192
-170
-175
-229
-290
-353
-349
-268
-128
15
150
259
370
491
619
734
792
800
769
747
752
759
719
612
520
508
609
729
678
361
-154
-565
-490
126
1017
1693
1784
1465
1088
951
1123
1448
1770
1945
1878
1567
1137
744
547
622
859
1083
1111
839
419
110
93
364
735
959
911
682
428
353
517
804
1068
1241
1322
1310
1163
757
58
-735
-1308
-1435
-1244
-1170
-1601
-2550
-3581
-4220
-4344
-4153
-4059
-4248
-4533
-4676
-4502
-4085
-3660
-3394
-3254
-3104
-2741
-2214
-1741
-1410
-1207
-935
-462
189
741
943
781
458
402
749
1395
1991
2188
2072
1886
1849
1901
1869
1756
1687
1824
2062
2097
1697
994
398
222
518
883
861
336
-418
-966
-1120
-1031
-1007
-1207
-1503
-1634
-1553
-1397
-1369
-1513
-1626
-1393
-741
-38
347
307
28
-9
463
1228
1891
2126
1954
1723
1760
2008
2187
2095
1781
1560
1608
1726
1620
1197
619
286
338
567
661
458
114
-74
51
341
544
549
470
543
834
1153
1284
1209
1108
1221
1588
2008
2188
2101
1904
1792
1891
2047
2071
1863
1542
1327
1309
1417
1481
1392
1151
997
1050
1249
1386
1170
415
-769
-1992
-2820
-3071
-2984
-3082
-3783
-4957
-6091
-6687
-6562
-6091
-5880
-6139
-6608
-6814
-6440
-5592
-4621
-3865
-3367
-2900
-2238
-1378
-515
250
905
1511
2096
2574
2829
2939
3076
3384
3771
3976
3803
3325
2835
2586
2638
2659
2264
1417
458
-133
-182
39
71
-382
-1108
-1666
-1798
-1671
-1622
-1848
-2201
-2299
-2004
-1527
-1234
-1265
-1387
-1224
-700
-67
268
178
13
168
744
1465
1949
1969
1765
1772
2095
2555
2820
2668
2296
1972
1832
1767
1559
1187
768
523
427
317
37
-380
-663
-610
-297
-28
-61
-302
-405
-78
594
1250
1523
1413
1275
1485
2079
2703
3016
2926
2690
2644
2920
3239
3365
3217
2911
2730
2691
2674
2505
2120
1700
1423
1329
1242
1011
660
402
392
507
307
-582
-2054
-3504
-4262
-4277
-4211
-4845
-6242
-7628
-8071
-7368
-6253
-5853
-6644
-7823
-8227
-7362
-5680
-4245
-3650
-3634
-3368
-2301
-771
522
1120
1219
1305
1732
2451
3138
3600
3871
4104
4320
4338
4066
3621
3210
2956
2810
2583
2089
1447
915
622
474
194
-330
-1094
-1782
-2088
-2045
-1879
-1930
-2218
-2498
-2514
-2197
-1788
-1539
-1509
-1499
-1251
-798
-304
67
299
529
821
1105
1330
1481
1668
1979
2323
2508
2422
2267
2162
2189
2225
1998
1529
998
704
716
780
655
278
-214
-517
-497
-250
-41
-15
-98
-100
145
593
1094
1452
1648
1784
2005
2340
2650
2889
3008
3065
3132
3201
3234
3199
3133
3076
3015
2917
2742
2556
2439
2390
2330
2112
1787
1442
1188
1070
1014
904
644
184
-583
-1664
-2877
-3945
-4622
-5060
-5661
-6618
-7611
-8089
-7919
-7416
-7200
-7650
-8413
-8597
-7862
-6574
-5379
-4635
-4132
-3472
-2336
-985
42
507
756
1150
1768
2553
3298
3823
4127
4306
4356
4267
4040
3789
3523
3169
2744
2369
2121
1880
1550
1058
406
-242
-699
-1042
-1471
-1899
-2189
-2300
-2293
-2303
-2415
-2579
-2596
-2416
-2160
-1958
-1723
-1276
-674
-129
152
213
281
633
1271
1875
2176
2250
2375
2679
3030
3195
3008
2602
2310
2235
2215
2051
1698
1280
929
718
561
264
-144
-532
-752
-761
-615
-364
-165
-56
124
409
749
1083
1374
1598
1824
2178
2707
3249
3562
3654
3592
3469
3413
3426
3405
3250
2999
2838
2805
2809
2716
2453
2080
1720
1526
1450
1354
1223
1138
1194
1184
751
-235
-1712
-3302
-4492
-5171
-5760
-6741
-7803
-8269
-8048
-7627
-7513
-8085
-9177
-9728
-9088
-7755
-6594
-5765
-4915
-3915
-2689
-1269
-175
232
338
683
1335
2104
3174
4307
4940
5053
4949
4741
4427
4135
3791
3155
2443
2160
2385
2546
2197
1367
249
-729
-1208
-1358
-1713
-2299
-2604
-2490
-2160
-1928
-2119
-2689
-3193
-3188
-2797
-2346
-1907
-1457
-891
-283
230
460
435
473
694
1092
1635
2302
3002
3570
3843
3735
3332
2906
2699
2600
2398
2061
1747
1628
1610
1480
967
144
-569
-906
-845
-666
-552
-428
-205
136
480
701
778
867
1136
1562
2024
2462
2982
3521
3946
4098
3970
3697
3473
3428
3450
3352
3195
3197
3324
3420
3325
3003
2444
1938
1784
1756
1643
1570
1586
1402
772
-342
-1912
-3706
-5219
-6324
-7459
-8754
-9426
-9058
-8344
-7981
-8234
-9209
-10421
-10606
-9592
-8302
-7159
-5748
-3992
-2441
-1131
25
725
892
1131
1728
2368
3181
4526
5784
6137
5830
5376
4855
4159
3417
2670
1880
1460
1716
2076
1735
703
-463
-1436
-2168
-2586
-2864
-3183
-3196
-2595
-1787
-1382
-1520
-2047
-2619
-2823
-2506
-1830
-996
31
1167
2058
2482
2394
1932
1474
1277
1473
2008
2673
3315
3669
3622
3156
2379
1440
542
-23
-154
5
213
291
137
-272
-742
-1149
-1504
-1657
-1428
-780
65
932
1692
2121
2207
2213
2306
2448
2749
3275
3857
4333
4684
4913
4830
4393
3795
3202
2724
2539
2674
2892
2878
2610
2281
1864
1387
1005
710
597
822
1246
1566
1709
1666
1034
-382
-2597
-5534
-8452
-10203
-10356
-9765
-8944
-7928
-7390
-7640
-7872
-7693
-7682
-7409
-6005
-3883
-1668
858
3369
4524
4155
3491
3093
2704
2687
3315
3754
3529
3247
2849
1599
-357
-2245
-3788
-4876
-5024
-4212
-3447
-3378
-3630
-3782
-3806
-3585
-3008
-2452
-1840
-541
1518
3420
4571
5122
5017
4447
4059
3990
3806
3532
3486
3414
3010
2468
1668
37
-2127
-3837
-4682
-4869
-4487
-3800
-3463
-3320
-2727
-1831
-1226
-847
-292
423
1413
2787
4070
4580
4286
3773
3262
2781
2500
2295
1888
1465
1459
1659
1597
1328
1060
851
993
1695
2570
3165
3529
3897
4246
4534
4720
4659
4290
3836
3540
3285
2774
1822
636
-322
-822
-775
-424
-61
182
286
542
986
1321
1380
1492
1883
2350
2523
1674
-1170
-5820
-10319
-12657
-12558
-10998
-8851
-7326
-7179
-7293
-6540
-5754
-5604
-5008
-3315
-808
2507
6138
8251
7793
5932
4128
2561
1430
974
400
-808
-1977
-2715
-3756
-5461
-7309
-8845
-9426
-8328
-5919
-3579
-2030
-992
-87
1147
2834
4381
5157
5296
5519
6304
7346
7793
7091
5361
3221
1499
360
-987
-2979
-5091
-6418
-6418
-5272
-3999
-3568
-3914
-4188
-3626
-2179
-347
1199
2412
3658
5119
6580
7281
6720
5082
3285
2123
1623
1226
486
-661
-2063
-3085
-3471
-3742
-4225
-4274
-3459
-1860
478
3005
4740
5436
5867
6478
7176
7834
8146
7899
7434
7133
6892
6171
4521
2206
-102
-1754
-2349
-2147
-1892
-1945
-2094
-1897
-1132
-107
786
1417
2025
3011
4471
5838
6465
6476
5972
4315
806
-4731
-11409
-16666
-17955
-15743
-12331
-9297
-7940
-8313
-8369
-7056
-5432
-3807
-1370
1962
5648
9221
11440
10878
7893
4253
1386
-305
-1118
-1882
-3368
-5343
-7009
-8291
-9467
-10260
-10392
-9669
-7243
-3150
898
3649
5135
5671
5914
6837
8101
8454
7414
5463
3514
2285
1462
45
-2023
-4091
-5592
-5926
-5531
-5718
-6678
-7301
-6580
-4166
-521
2894
4888
5847
6395
6616
6524
5947
4636
3057
2260
2347
2288
1183
-949
-3556
-5715
-6493
-5913
-4860
-3918
-2953
-1752
-363
872
1697
2137
2568
3580
5355
7214
8105
7678
6500
5312
4590
4422
4362
3966
3446
3367
3759
3935
3316
1998
468
-489
-390
408
1116
1229
989
1034
1641
2510
3066
3256
3519
4009
4966
6159
6572
5850
4355
1874
-2366
-8411
-15431
-21171
-22963
-20573
-15923
-10928
-7349
-6008
-5154
-3208
-947
968
3319
6365
9509
12239
13724
12704
8809
3491
-1387
-4990
-7434
-9059
-10093
-10868
-11321
-11056
-10223
-9300
-8214
-6406
-3371
941
5610
9297
11393
11847
11080
9911
8508
6341
3281
-174
-3319
-5146
-5651
-5958
-6483
-7070
-7549
-7245
-5802
-4104
-2889
-1579
605
3539
6603
8832
9341
8221
6526
4956
3560
2114
349
-1472
-2679
-3027
-3033
-3181
-3721
-4554
-4959
-4184
-2317
-180
1470
2457
2916
3108
3177
3042
2585
1943
1786
2429
3501
4290
4373
3794
2955
2525
2806
3464
4070
4610
5149
5723
5986
5305
3468
999
-1188
-2128
-1539
-243
974
1790
2346
3016
3722
3977
3692
3323
3403
4408
6545
8690
9012
6591
1015
-7529
-16976
-23811
-25944
-23672
-18287
-11714
-6142
-2537
-202
1417
1941
1834
2691
5311
8886
12193
13908
12428
7671
1522
-4345
-9290
-12840
-14781
-15287
-14188
-11549
-8434
-5760
-3836
-2597
-1323
1016
4440
7940
10621
12136
12400
11543
9757
6947
2950
-1949
-6704
-9978
-11002
-10072
-8314
-6622
-5175
-3693
-2036
-477
624
1139
1646
3263
6210
9125
10377
9431
6583
2853
-461
-2946
-4716
-5869
-6309
-5495
-3474
-1376
-192
-189
-1049
-1633
-961
660
2515
3929
4417
4147
3435
2269
565
-1204
-2200
-1776
54
2553
4797
6067
6206
5852
5636
5573
5511
5418
5428
5647
5911
5633
4053
1142
-2170
-4665
-5344
-3743
-802
2047
4140
5248
5769
6128
6179
6097
6313
6833
7544
7580
4671
-2683
-13197
-23290
-28797
-28204
-23152
-15562
-7864
-2243
2058
6093
8263
7426
5419
4460
5160
7478
10666
12096
9291
3151
-3848
-10529
-16034
-19462
-20715
-19817
-16200
-10105
-3266
2431
5865
6934
6732
7133
8694
10321
11150
11079
9813
7515
4591
501
-5208
-11449
-16095
-17273
-14545
-9692
-4597
-301
2444
4224
5897
6779
6328
5139
4276
4736
6379
7788
7382
4359
-442
-5013
-8143
-9351
-8728
-7188
-5046
-1818
1949
4766
5781
4955
2942
1096
571
1187
1738
1468
482
-846
-1982
-2654
-3221
-3612
-3016
-1000
2316
6317
9572
10994
10676
9371
8017
6996
5943
4613
3188
1916
1016
217
-1035
-2631
-4058
-4480
-2979
95
3234
5346
6383
6892
7163
7112
7084
7223
7164
7008
6118
2055
-6522
-17695
-27218
-31382
-29507
-22890
-13713
-5086
1539
7423
12493
14465
12800
9362
6172
4572
5304
7322
7539
4146
-1556
-7735
-13553
-18115
-20950
-22194
-20827
-15655
-7453
1561
8991
13157
13930
12694
11265
10219
8808
6865
4974
3262
1771
37
-3422
-8935
-14918
-19146
-19268
-14922
-8399
-1626
4427
8870
11599
12850
12059
8994
4967
2112
1535
2476
3343
2660
-390
-4587
-8036
-10029
-10225
-8931
-6602
-2855
2305
7343
10621
11223
8839
4701
990
-1330
-2447
-2790
-2956
-3260
-3352
-2956
-2645
-2717
-2467
-1189
1373
5246
9516
12394
12920
11758
9821
7328
4689
2364
380
-1053
-1363
-663
-109
-360
-1099
-1741
-1577
-180
1779
3577
5215
6650
8012
9253
9992
10046
9239
6874
2060
-5651
-15896
-26074
-31739
-30905
-25544
-17406
-7812
282
6201
11774
15816
15594
12302
8806
6068
4493
4456
4527
2248
-2335
-7154
-11470
-15575
-18819
-20701
-20792
-17757
-10969
-1917
6966
13743
17277
17771
16269
13688
10311
6186
2142
-668
-1879
-2350
-3439
-6207
-10685
-15243
-17398
-15544
-10647
-4628
1726
7375
11301
13853
14473
11745
6761
1745
-2047
-3330
-2121
-634
-586
-1617
-3017
-4706
-5992
-6108
-5553
-4220
-819
4049
8325
10799
10599
7485
3056
-843
-3739
-5527
-6064
-5625
-4478
-2558
-280
1354
1951
2207
3015
4562
6548
8604
9848
9593
8478
7033
5137
2857
327
-2040
-3298
-3085
-1830
-250
967
1642
2127
2875
3925
4891
5443
5577
5728
6887
8777
9900
8862
3921
-5627
-17356
-26995
-31161
-29439
-23799
-15464
-5951
2378
9613
15969
18430
15397
9962
5431
2339
1148
2019
2287
-165
-3590
-6525
-10070
-14406
-18276
-20766
-20702
-16313
-7803
1915
10125
15713
18268
18124
16029
12348
7446
2028
-2327
-4071
-3619
-2725
-3168
-5870
-9861
-13235
-14111
-11508
-7112
-2293
3599
9432
13261
14900
13469
8245
1766
-2828
-4611
-4160
-2664
-1360
-865
-1097
-1585
-2413
-3878
-5419
-5963
-4329
-209
5003
9145
10719
9375
5953
1959
-1877
-5320
-7659
-8345
-7259
-4241
-321
2538
3796
4091
4105
4417
5287
6470
7412
7980
8727
9342
8737
6929
4263
955
-1689
-2838
-2828
-1887
-651
439
1729
3168
4369
5088
4983
4298
4259
5658
7556
7575
3646
-4969
-16659
-26315
-29353
-27081
-22145
-14206
-5296
1803
8980
16360
18725
14618
8785
4114
583
-432
1095
1269
-1628
-4829
-6934
-9425
-12527
-15445
-18129
-18953
-15405
-7699
1493
9491
14775
17149
17126
15361
12328
7813
2054
-2985
-5395
-5300
-4556
-4815
-6460
-9313
-11982
-11626
-8187
-4494
-514
4660
9312
12810
15433
15142
10745
4413
-1268
-5032
-6494
-6127
-5218
-4397
-3403
-2243
-1229
-771
-1123
-1776
-1416
872
4470
7649
9138
8516
5932
2411
-1109
-4560
-7649
-9446
-9320
-7183
-3518
434
3308
4899
6119
7226
7775
7998
7929
7257
6677
6788
7080
6769
5380
3364
1456
139
-97
330
644
1002
1883
3161
4299
5042
5354
5040
4754
4288
1050
-5912
-15055
-23811
-27599
-25045
-19391
-11743
-3361
2747
7808
13609
16641
14187
9045
4474
596
-1620
-877
-344
-2870
-6045
-8076
-10219
-12483
-14212
-15637
-16229
-13925
-7819
-143
6813
12161
15095
15570
14528
12322
8563
3312
-1766
-4864
-5888
-5454
-5181
-6373
-8264
-10080
-10423
-7899
-4825
-2265
1917
6390
9727
13045
14097
10734
5674
1321
-1965
-3472
-2933
-1959
-1728
-958
467
749
-90
-1323
-3277
-4542
-3141
-14
3097
5537
6587
5798
3900
1655
-1317
-4581
-6678
-7015
-5542
-2493
1043
3654
4953
5682
6215
6094
5597
5089
4567
4954
6330
7308
7549
6852
4714
2641
1837
1506
1362
1743
2536
3728
5028
5977
6434
6152
5186
3597
207
-6156
-14914
-23704
-28417
-26928
-21602
-14011
-4728
3010
8345
13612
17167
15458
10085
4897
830
-1898
-2041
-969
-2116
-4993
-7117
-9144
-11914
-14342
-16241
-17238
-15327
-9703
-2006
5423
10939
14008
14801
13711
11374
7923
3239
-1391
-4138
-4760
-4045
-3498
-4700
-7232
-9759
-10958
-9349
-6034
-2771
1560
6643
10583
13648
14953
12192
6496
778
-3751
-6426
-6947
-5928
-3883
-1218
1474
3524
4262
3103
636
-1146
-1213
-94
1750
3705
4602
4169
3084
1410
-1384
-4824
-7599
-8870
-8117
-5256
-1170
2858
5977
8279
9746
9892
9260
8115
6269
5223
5396
5359
5279
5389
4810
3913
3527
3414
3318
3440
3685
3779
4130
4989
5718
6077
4704
-985
-9700
-18925
-26918
-28654
-24005
-17929
-9602
385
7462
12821
17758
18157
12768
5934
846
-3028
-4947
-3962
-3280
-4644
-5770
-6447
-8177
-10688
-13202
-15277
-15619
-12381
-5701
1835
8301
13083
15289
14767
12304
8281
2781
-3183
-7340
-8580
-7487
-5034
-3742
-4586
-5800
-7584
-8449
-6275
-4251
-2546
1874
6652
10206
13446
13544
9086
3328
-1295
-4623
-6154
-5713
-4676
-3265
-282
3140
4834
4938
3670
1160
-394
407
2050
3102
3509
3224
2210
1042
-175
-2313
-4994
-7007
-7376
-5731
-2907
294
2901
4454
6083
7688
8110
7821
6950
5766
5747
6595
7084
7131
6514
5226
4556
4565
4038
3277
2890
2740
3435
5498
7334
7366
5720
603
-8458
-18004
-26471
-30743
-27708
-21110
-12474
-1140
8191
14043
18763
20073
15412
7718
1510
-2735
-5536
-5185
-3279
-3387
-4611
-5473
-7380
-10770
-14313
-16977
-17643
-15012
-8468
390
8118
13593
17024
17126
14339
10247
4759
-1543
-6547
-8553
-7683
-5384
-3765
-4416
-6299
-8722
-10855
-9746
-6960
-4699
66
6311
10793
14324
15460
11844
5758
409
-3408
-5640
-6020
-5167
-3790
-1485
1424
3425
3633
2392
372
-1090
-285
1888
3730
5172
5500
4513
3251
1366
-1533
-4735
-7366
-8269
-6897
-3943
-443
2554
4391
5638
6968
7633
7164
6330
5595
5609
6965
8856
10138
10318
9632
8871
8340
7200
5271
3590
2240
1389
558
-3656
-11645
-20469
-28192
-30103
-24859
-17567
-8346
2547
10629
16861
22658
23559
17593
9204
2164
-3705
-7501
-7432
-6579
-7814
-8595
-8117
-8924
-10939
-12759
-14363
-14614
-11290
-4247
3840
10513
15451
17831
16703
13480
8989
2652
-4302
-9124
-10774
-10036
-7821
-6226
-6223
-6379
-7118
-7381
-5254
-3994
-3350
521
4898
7830
10830
11222
7509
3237
284
-2014
-3231
-3260
-3030
-2612
-1254
559
1214
969
473
-502
-114
2193
4151
5426
6229
5585
3760
1831
-387
-3321
-5861
-6908
-6385
-4380
-1576
1186
3266
4381
5339
5847
5277
4702
4187
3651
4366
5877
6880
7433
7314
6507
5962
6031
5973
5621
5462
5287
5434
6059
4636
-1222
-9939
-19912
-28765
-30288
-25371
-19210
-9619
1882
9536
15687
21459
21172
14078
6146
246
-4658
-6534
-4296
-2548
-3336
-3838
-4136
-6481
-10333
-13903
-16582
-17242
-13498
-5291
3743
10839
15916
18061
16647
13065
8036
1932
-3877
-7785
-8373
-6151
-3921
-3343
-4083
-6028
-8883
-9813
-8183
-7274
-5304
-138
4478
8511
12630
12688
8473
3541
-666
-3685
-4769
-4344
-3619
-2479
-489
1550
2722
2675
1212
-762
-980
861
2952
5046
6654
6192
4497
2933
699
-2552
-5425
-6727
-6488
-4781
-1475
1938
3890
4993
6037
6717
6697
6268
5595
4845
5070
6305
7280
7635
7014
5623
4957
5035
5061
5443
5776
5340
4867
2030
-5699
-14827
-23766
-30478
-29145
-22554
-14769
-4288
5673
12586
18401
21442
18594
11246
3834
-1518
-5092
-5614
-3856
-3544
-4508
-4990
-6183
-9014
-12656
-15850
-17322
-15633
-9715
-1023
7096
13225
17410
18375
15886
11785
6183
-890
-6258
-7973
-7394
-5352
-3180
-3395
-5077
-6707
-8670
-8774
-7331
-6452
-3044
2701
7480
11596
13336
10386
4866
19
-3112
-4833
-5128
-4000
-2492
-1059
1231
2971
2064
-65
-1947
-3046
-1987
1027
4253
6610
7608
7216
5705
2879
-1014
-4689
-7267
-7972
-6109
-2689
694
3542
5446
6265
6907
7110
6223
5204
4696
4893
6203
8027
9481
9883
9158
8001
6584
5282
4095
2657
1377
-815
-5783
-12056
-18455
-24445
-25243
-21117
-15850
-7566
1628
7884
13523
18226
18261
13838
8460
3517
-1151
-3498
-3296
-3770
-5481
-6504
-7511
-9896
-12679
-14926
-16608
-16262
-12083
-5044
2082
8531
13961
16504
16363
14698
10969
5487
331
-3030
-4567
-4567
-4237
-5249
-7048
-8748
-10788
-11291
-9765
-8855
-6797
-1945
2813
7079
10784
11529
9357
6765
4874
2817
1275
561
-768
-1843
-1714
-1744
-2838
-4216
-5074
-5356
-3916
-613
2461
4684
6417
7167
6874
5926
4022
1126
-1535
-2789
-2720
-1904
-764
125
377
743
1724
2636
3360
4145
4941
6100
8079
9984
10606
10605
10054
8490
7301
6354
4443
2593
1255
102
-1043
-4508
-10334
-16422
-22790
-25376
-21977
-17149
-10610
-2004
4829
10376
15409
17223
14528
9353
4694
1145
-1508
-2173
-2104
-3647
-5554
-6541
-8071
-10720
-13379
-15039
-15098
-12580
-7122
-803
4541
8807
11695
12830
12332
10385
7098
3304
692
-413
-611
-525
-1891
-4618
-6909
-9411
-11319
-10749
-9904
-8525
-4332
273
3903
6917
7493
5592
3670
2576
1868
2046
2846
3094
3276
3756
3316
1419
-1111
-3384
-4990
-4971
-3035
-780
974
2556
3497
3627
3252
2098
547
-485
-472
477
1747
2903
3513
3302
3034
3193
3257
3292
3708
4522
6010
7927
9332
9960
9544
7939
5989
4474
3604
2767
2171
1735
-987
-5618
-10633
-17090
-21981
-22088
-20212
-16256
-8916
-1841
3823
9555
13342
13240
10973
8300
5269
2596
1590
1088
-777
-3052
-4857
-7431
-10833
-13631
-15560
-16754
-15725
-11618
-6210
-922
4093
8156
10727
11824
11821
10857
8753
6659
5414
4445
3319
1193
-2061
-5693
-9631
-12295
-12536
-12161
-10699
-6569
-2194
1288
4979
6747
5515
4181
3655
2960
3024
4025
4499
4384
4506
4069
1822
-1282
-4144
-6533
-7025
-5122
-2386
177
2533
4053
4356
4137
3156
1280
-409
-1206
-603
753
2013
3183
3350
2739
2561
2570
2490
2659
3353
4673
6608
8745
10241
10610
9671
7587
5134
2518
-434
-2314
-2474
-1891
-526
653
-377
-3871
-8164
-11973
-15070
-15725
-13860
-11008
-6433
-955
3536
6623
7482
6007
3513
1259
-275
-1012
-1263
-1276
-1168
-1540
-2325
-3776
-6169
-8528
-9869
-9706
-8187
-5692
-2644
92
2283
4154
4914
4379
3399
2254
1471
1734
2565
3212
3027
2081
679
-1646
-4002
-5571
-6763
-6692
-4766
-1931
658
2527
3403
2661
1191
262
-422
-711
-39
1237
2668
4042
4767
4327
2704
635
-790
-1429
-1288
-220
995
1887
2728
3047
2524
1566
293
-725
-656
190
1287
2490
3284
3285
3023
2817
2272
1916
2382
3271
4704
6795
8540
9343
9473
8953
7601
6006
4839
3639
2462
1764
389
-2188
-5414
-9393
-12992
-15309
-16153
-14998
-12799
-10043
-6576
-3115
-319
1831
3228
3704
4173
4849
5233
5342
4807
3455
1233
-1340
-3752
-6536
-9005
-10451
-11135
-10921
-9692
-7979
-6204
-4309
-2555
-838
1099
2961
4454
5679
6751
6951
6610
5971
4286
2395
659
-1014
-2206
-3026
-3577
-4116
-4359
-4211
-4044
-3613
-2896
-1702
-182
1540
3441
4567
5156
5390
4952
4327
3595
2727
1814
1211
998
817
577
240
-235
-751
-742
-291
239
1039
1792
2318
2615
2845
2734
2016
1449
1025
791
1222
1931
2638
3372
4079
4538
5064
5518
5175
5220
5432
5226
5916
6457
6095
5777
5067
3592
1672
-753
-3996
-7833
-10854
-12436
-13484
-13033
-11154
-9940
-8156
-5477
-3718
-2335
-928
-63
539
1503
2766
3227
2860
2419
1380
-132
-1234
-2422
-4031
-5190
-5706
-5735
-5429
-4951
-4453
-4435
-4154
-3405
-3181
-2457
-1402
-1114
-41
1396
1864
2324
2625
2178
1471
1036
761
196
108
695
887
1253
1834
1321
438
-253
-1208
-1803
-1580
-898
-91
1003
2153
2729
2959
2966
2405
1848
1895
2214
2675
3444
4098
4139
3917
3718
3076
2188
1668
1323
1076
1356
1843
1886
1643
1249
709
119
-169
47
247
701
1697
2576
3412
4261
4740
4989
5430
6064
6659
7199
7481
7200
6274
4927
3151
776
-1675
-4082
-6422
-8210
-9800
-11130
-11635
-11569
-11169
-9759
-7997
-6809
-5165
-3263
-2027
-817
557
1163
1167
1504
1845
1612
1229
800
-220
-1465
-2253
-2909
-3553
-3898
-4077
-4086
-3957
-3706
-3363
-3227
-2972
-2624
-2391
-2053
-1652
-1227
-777
-234
230
473
684
864
984
1263
1603
1816
2076
2362
2328
2241
2162
1725
1315
1074
850
530
350
409
229
225
494
570
857
1466
1900
2472
3360
3844
4118
4463
4448
4236
4091
3985
3731
3363
3048
2520
1823
1260
569
-220
-606
-754
-716
-184
476
1048
1767
2321
2500
2906
3292
3319
3638
4054
4207
4395
4517
4267
3561
2460
1342
178
-978
-1787
-2624
-3604
-4206
-4815
-5448
-5766
-6310
-6659
-6569
-6473
-6066
-5527
-5183
-4763
-4130
-3509
-3025
-2489
-2172
-1750
-1071
-570
-34
382
338
138
-25
-484
-909
-1111
-1501
-1609
-1615
-1834
-1862
-2077
-2391
-2622
-2961
-3095
-3134
-2975
-2492
-2003
-1302
-479
18
541
1164
1301
1505
2027
2251
2618
3012
3117
3095
2847
2409
1785
1261
755
334
441
657
979
1480
1790
1967
1991
1943
1971
2138
2384
2822
3369
3648
3819
3773
3373
2712
1956
1404
803
508
660
744
1019
1378
1517
1480
1419
1262
990
980
1044
1073
1187
1223
1202
1138
1134
1033
969
1188
1288
1365
1457
1318
919
319
-79
-373
-597
-502
-483
-678
-980
-1524
-2297
-3151
-3995
-4684
-5192
-5317
-4976
-4644
-4225
-3688
-3421
-3119
-2717
-2447
-2091
-1681
-1278
-757
-238
78
192
-14
-483
-921
-1465
-1992
-2266
-2456
-2474
-2283
-2103
-2040
-2180
-2335
-2306
-2196
-1802
-1255
-795
-209
367
823
1174
1264
1158
1030
951
994
1119
1302
1496
1572
1713
1787
1566
1303
1062
837
837
1138
1509
1803
2088
2314
2353
2224
2071
1842
1566
1563
1790
2078
2436
2632
2526
2289
1895
1450
1134
980
979
990
1218
1432
1267
1066
671
15
-477
-719
-763
-731
-396
91
309
524
652
386
73
9
94
458
1039
1610
1978
2101
1921
1403
762
-67
-912
-1366
-1792
-2054
-1899
-1993
-2215
-2250
-2299
-2445
-2579
-2495
-2260
-1953
-1297
-304
279
358
467
142
-475
-694
-877
-1179
-1288
-1247
-1394
-1566
-1673
-2057
-2478
-2629
-2750
-2594
-2116
-1609
-968
-455
-213
-76
-186
-414
-609
-811
-752
-594
-329
39
160
190
268
143
60
125
195
380
625
916
1072
1067
1005
811
565
358
135
66
151
365
647
896
1144
1429
1676
1812
2071
2043
1895
2097
1913
1785
1839
1335
986
508
-101
-420
-925
-1029
-932
-965
-557
-311
-179
67
128
183
256
422
657
974
1311
1566
1766
1814
1680
1477
1015
492
196
-76
-210
-177
-228
-395
-528
-718
-975
-1141
-1197
-1369
-1111
-858
-588
26
78
299
376
23
178
-8
-121
156
-166
-21
-176
-641
-577
-1099
-1364
-1295
-1657
-1522
-1257
-1226
-716
-428
-362
-181
-255
-442
-450
-429
-422
-226
38
249
514
631
645
604
315
290
163
113
401
384
585
727
599
518
19
-416
-846
-1128
-1013
-806
-164
294
805
1280
1165
1234
1163
825
879
979
1048
1078
1105
897
442
76
-497
-1010
-1311
-1332
-1210
-1107
-675
-549
-650
-503
-706
-696
-553
-399
-20
429
759
882
994
790
576
462
298
252
207
194
324
293
278
183
-225
-693
-925
-1194
-1335
-1049
-948
-723
-561
-478
-294
-262
-203
16
58
293
633
702
897
873
390
218
-129
-593
-508
-667
-684
-513
-218
-51
181
203
154
49
-150
-9
66
27
188
322
188
467
413
164
300
15
-215
1
-68
122
309
450
491
605
426
269
172
-437
-315
-659
-786
-272
-357
-63
489
365
837
1102
980
1445
1513
1433
1660
1351
1112
794
324
115
-498
-576
-944
-1050
-1023
-1197
-939
-1102
-1045
-640
-706
-139
200
204
700
518
508
640
227
270
134
-141
113
-37
116
-161
-299
-454
-799
-491
-571
-499
-210
-448
-180
35
-445
-134
-565
-985
-623
-932
-742
-255
-488
98
244
120
528
81
121
130
-28
123
269
57
247
143
-253
-179
-417
-558
-556
-417
-367
-315
46
81
241
374
481
558
402
695
460
471
534
441
540
295
464
265
40
95
-390
-400
-350
-625
-19
27
121
501
353
472
501
308
692
576
759
1372
1067
1478
1244
931
665
82
112
-337
-513
-401
-711
-615
-532
-657
-437
-715
-562
-587
-675
-22
-287
282
570
391
829
567
485
366
169
347
-56
44
118
-476
-114
-577
-655
-719
-1012
-858
-1031
-1038
-642
-797
-558
-244
-652
-260
-601
-577
-376
-426
-189
60
64
223
127
167
128
160
78
313
204
393
676
292
584
75
-123
-341
-550
-526
-508
-534
-283
-385
-215
-175
-204
10
-210
151
140
364
754
728
930
759
514
365
-214
-354
-673
-902
-822
-709
-501
-201
-7
96
258
357
350
573
778
895
1248
1409
1450
1389
1325
740
647
23
-133
-393
-585
-360
-704
-461
-681
-713
-809
-720
-645
-491
-83
30
238
528
272
521
167
97
122
-45
335
247
421
550
235
288
-32
-281
-227
-746
-332
-494
-481
-341
-340
-435
-493
-500
-772
-661
-880
-479
-629
-249
-160
-48
54
160
58
-27
65
-48
154
501
424
502
795
192
586
194
-7
-90
-415
-300
-454
-193
-17
-142
96
-65
-14
-141
-87
-53
-16
166
470
481
682
700
360
461
-86
18
-417
-490
-460
-732
-216
-505
-194
22
-428
313
-220
231
646
181
1107
840
724
1226
664
542
640
8
199
-303
-244
-330
-711
-406
-606
-708
-419
-508
-248
-239
57
73
68
285
121
337
200
538
253
509
514
147
488
8
96
31
-153
-132
-106
-298
-156
-93
-366
-43
-298
-421
-60
-819
-64
-485
-356
81
-367
95
-124
-34
-21
-67
-239
36
-371
242
100
271
604
164
529
269
-98
227
-526
-207
-251
-556
213
-381
139
24
-164
104
-341
-149
-170
-280
184
21
175
381
45
312
-21
73
-31
-255
-94
-270
-200
-147
-59
-182
36
-64
-51
95
44
65
170
104
345
336
239
580
241
413
579
132
351
69
-372
-1
-718
-317
-351
-733
-23
-556
-357
66
-639
107
-212
-296
299
-175
414
353
201
669
244
350
448
-70
199
-264
-90
-306
-166
-177
-212
-78
-177
-56
-82
-110
23
33
-184
261
-317
227
36
-87
355
-355
245
-154
-223
309
-458
287
148
-185
773
2
619
378
119
417
-369
-78
-145
-535
5
-94
-146
269
-77
277
-178
96
-10
-249
252
-28
210
384
82
418
-58
-33
-154
-520
-387
-524
-458
-302
-217
-60
-71
-87
157
-211
234
121
-65
529
-69
530
228
193
454
-215
383
-158
-43
79
-247
-4
-148
-32
-50
-237
159
-342
-208
-15
-533
-101
-188
-203
48
12
235
166
255
327
219
143
106
234
-143
108
145
-342
140
-105
-357
107
-429
-262
-19
-504
249
-145
99
509
-124
686
211
165
612
-240
418
19
-189
562
-578
316
-220
-396
13
-353
-262
109
-171
37
347
-322
511
-195
35
251
-151
210
85
221
-8
280
93
-122
286
-289
187
-71
44
269
-118
500
-45
163
135
-385
-10
-337
-423
128
-476
104
122
-456
447
-497
78
21
-276
348
114
203
605
66
317
77
-253
-25
-534
-253
-444
-333
-145
-289
-2
-98
-347
58
-531
-128
-61
-183
398
339
388
749
288
451
180
-57
-50
-355
-131
-434
-131
-454
-220
-417
-482
-285
-448
-241
0
-76
272
159
120
423
-266
337
-203
31
174
24
384
58
263
155
-50
47
64
-334
201
-127
-92
407
-183
120
82
-411
-70
-335
-309
-196
52
-103
258
250
14
424
-153
94
39
-86
82
232
214
340
384
235
100
138
-160
-22
-146
10
242
86
407
197
221
19
-15
-42
-192
174
-41
144
387
137
323
255
9
12
-152
-240
-165
-48
-212
126
-155
-160
-89
-420
-300
-279
-362
-123
-82
96
371
114
327
218
-98
205
84
-128
230
-309
7
-312
-290
-318
-574
-454
-687
-289
-416
-241
149
-175
135
196
128
144
309
23
219
153
98
251
-161
289
-229
-152
129
-616
207
-281
52
370
-72
538
-63
125
81
-246
-131
-142
-264
128
-92
189
33
-305
171
-547
-314
225
-549
441
270
48
653
-117
481
-44
57
494
-287
462
183
-50
310
-58
-172
144
-380
-31
99
-298
466
146
267
399
194
117
45
215
33
-209
175
-270
-429
195
-449
-346
55
-439
-236
191
-364
188
68
-28
476
33
525
306
86
394
11
-70
149
-251
-77
-129
-215
-175
-355
-314
-322
-387
-167
-218
-179
73
-88
231
-67
114
-157
-146
55
6
135
303
171
76
157
-248
-101
-369
-201
4
-69
207
327
23
137
108
-279
-188
33
-160
-47
362
43
-92
139
-241
-282
-168
-249
-64
-174
290
83
53
400
96
-58
238
109
-264
295
-11
-248
216
37
-332
225
88
-244
413
-119
-55
354
-196
535
430
343
779
339
327
84
139
-215
-360
278
-334
-136
206
-372
-398
-100
-411
-445
12
56
90
262
593
-58
122
285
-332
5
130
-34
-79
181
69
-433
22
-390
-511
-217
-408
-62
-262
-69
82
-309
-14
-96
-285
-76
-120
-62
-78
-177
118
-343
-215
246
-486
0
159
-388
81
23
-202
96
-48
134
-50
48
197
-78
131
42
74
-11
14
182
-102
56
201
-210
-56
71
-284
-192
159
-115
87
540
143
185
365
54
-141
366
-52
120
382
157
205
23
-154
-279
-434
-141
48
57
503
378
299
278
307
7
251
301
237
478
403
44
93
-216
-445
-118
-423
-66
-46
-183
-51
-17
-154
-165
304
-96
224
700
-70
314
190
-388
-172
-138
-304
-140
12
-112
-150
-237
-248
-448
-301
-74
2
186
190
215
-96
-175
-159
-462
-142
-176
-250
45
-218
-236
-289
-344
-346
-154
-23
6
370
230
212
274
-35
-3
-43
-93
69
105
39
178
-40
-160
-110
-366
-119
-125
-34
135
6
82
13
-57
36
135
158
207
295
156
-17
75
-179
-87
138
123
213
284
70
-97
-34
-231
-94
102
258
387
516
456
254
204
1
46
82
79
299
176
190
250
-33
-142
-124
-233
-224
5
-127
-138
-175
-292
-196
-264
-64
-94
-24
29
-41
-107
-83
-145
-119
-42
-83
-42
-207
-211
-221
-311
-232
-126
-196
-111
-32
-82
-99
-105
-73
-106
63
254
49
119
86
-277
-189
-141
-269
-65
8
-22
104
-29
-68
-53
-136
131
165
226
364
213
217
132
99
79
91
93
140
36
17
-21
-136
16
0
190
249
283
294
90
144
55
59
268
285
316
304
144
3
-44
-87
-28
42
145
232
223
256
138
125
92
115
227
199
250
120
-56
-136
-254
-302
-191
-138
-84
10
-112
-200
-157
-273
-151
-24
3
-12
-7
-142
-202
-152
-162
-63
-75
60
-145
-324
-330
-574
-508
-268
-249
-53
-85
-213
-358
-507
-510
-415
-295
-126
25
-104
-143
-254
-327
-279
-51
74
141
289
158
127
13
92
139
236
485
441
460
397
217
228
201
354
464
548
660
407
439
270
135
255
279
339
449
363
230
150
24
-10
46
112
166
232
162
18
-86
-222
-356
-271
-345
-251
-229
-333
-256
-387
-456
-392
-385
-335
-184
-54
-112
-59
36
-42
90
165
82
26
2
-74
-56
-37
69
71
34
38
-49
-168
-268
-169
-157
-78
89
-66
-167
-261
-442
-461
-374
-313
-346
-310
-412
-604
-632
-620
-585
-338
-143
-115
-59
-105
-243
-264
-2
106
350
611
573
526
508
330
394
490
696
902
975
1054
939
793
747
622
705
843
897
1089
843
838
588
319
429
434
581
753
827
797
713
668
634
607
789
933
929
1004
907
459
235
-70
-401
-473
-563
-838
-1155
-1487
-2124
-2438
-2676
-2787
-2773
-2685
-2681
-2810
-2813
-2893
-2834
-2615
-2173
-1796
-1298
-885
-686
-501
-291
0
352
861
1223
1477
1622
1686
1609
1701
1699
1733
1807
1615
1580
1286
928
681
402
164
177
80
-250
-418
-813
-1236
-1264
-1338
-1392
-1318
-1350
-1405
-1318
-1236
-1028
-825
-561
-266
-27
278
515
760
960
1229
1513
1646
1832
1911
1790
1903
1938
1983
2067
1986
1855
1677
1530
1401
1234
1050
895
673
591
536
386
240
68
11
65
301
560
719
873
912
1171
1465
1803
2125
2286
2367
2458
2549
2311
2056
1497
719
335
74
-244
-613
-1330
-2378
-3307
-3831
-4080
-4086
-4128
-4459
-4799
-5109
-5277
-5099
-4913
-4575
-4141
-3757
-3263
-2849
-2626
-2401
-1986
-1412
-580
228
766
996
1146
1395
1820
2415
2897
3102
3046
2958
2876
2772
2785
2641
2310
2102
1823
1520
1071
586
32
-434
-589
-778
-1067
-1524
-2069
-2561
-2691
-2463
-2360
-2311
-2383
-2613
-2431
-2020
-1405
-892
-580
-336
-90
357
930
1355
1698
1955
2127
2456
2674
2741
2582
2356
2217
2180
2196
2049
1650
1197
731
572
537
408
229
-106
-393
-469
-389
-356
-316
-292
-269
5
440
694
912
1066
1173
1603
2201
2556
2942
3047
3021
3338
3629
3855
3878
3686
3424
3301
3364
3196
2543
1505
370
-658
-978
-1113
-1661
-2508
-3829
-5145
-5916
-6045
-5975
-6062
-6312
-6824
-7066
-6994
-6627
-6105
-5653
-5133
-4429
-3714
-3057
-2442
-2070
-1565
-660
371
1245
1946
2070
2006
2252
2707
3346
3805
3800
3519
3176
3046
3161
3140
3005
2551
1976
1584
1315
1029
644
193
-215
-504
-693
-905
-1389
-1871
-2225
-2236
-1978
-1724
-1757
-1991
-2251
-2161
-1819
-1306
-865
-827
-748
-599
-231
262
612
833
961
1145
1515
1913
2111
2033
1901
1804
1894
2085
2009
1762
1402
1090
990
1065
985
713
366
114
119
296
474
435
367
269
451
765
1013
1188
1153
1311
1522
1880
2172
2102
2010
1920
2027
2392
2660
2696
2531
2409
2407
2487
2538
2339
2091
1914
1940
1972
1622
612
-600
-1670
-2141
-1816
-1851
-2407
-3653
-5294
-6313
-6357
-5816
-5495
-5615
-6313
-7053
-7138
-6592
-5717
-5068
-4663
-4327
-3952
-3282
-2534
-2065
-1573
-947
-140
810
1547
1854
1762
1845
2345
3117
3840
4031
3666
3141
2914
3143
3565
3669
3428
2797
2309
2168
2063
1948
1554
969
447
210
100
-200
-642
-1081
-1385
-1378
-1236
-1374
-1792
-2201
-2401
-2214
-1712
-1390
-1470
-1716
-1791
-1598
-1016
-427
-203
-219
-220
10
455
977
1247
1282
1293
1453
1655
1866
1876
1627
1442
1459
1563
1612
1492
1113
794
745
804
884
837
433
151
81
225
486
575
408
246
269
443
762
912
890
839
970
1248
1597
1786
1733
1633
1794
2073
2429
2620
2468
2198
2055
2073
2198
2259
2058
1792
1520
1368
926
209
-707
-1694
-2087
-2040
-2136
-2591
-3621
-4983
-5851
-5811
-5365
-4983
-5052
-5782
-6501
-6630
-6067
-5084
-4219
-3717
-3481
-3210
-2698
-2016
-1306
-665
-51
656
1329
1820
2067
2089
2269
2724
3349
3804
3799
3369
2880
2748
3034
3436
3417
2922
2095
1424
1241
1260
1301
1049
394
-254
-620
-790
-867
-1014
-1255
-1486
-1563
-1551
-1605
-1763
-1916
-1880
-1574
-1122
-823
-829
-973
-969
-684
-100
389
608
477
313
349
633
1039
1221
1168
938
756
786
907
965
860
685
568
542
569
485
311
129
6
18
129
111
-72
-195
-290
-172
78
265
355
333
370
488
741
1009
1159
1271
1370
1489
1622
1764
1877
1914
1990
2099
2192
2226
2203
2090
2070
2128
2170
2306
2281
2140
1947
1720
1606
1618
1665
1598
1319
612
-236
-1087
-1599
-1670
-1708
-1961
-2640
-3707
-4742
-5200
-5152
-4863
-4666
-4881
-5401
-5861
-5941
-5528
-4859
-4236
-3763
-3455
-3237
-2936
-2520
-2021
-1300
-495
271
869
1188
1261
1345
1718
2326
2970
3359
3289
2937
2637
2598
2896
3198
3185
2830
2273
1803
1593
1466
1392
1078
610
193
-223
-495
-757
-1019
-1212
-1285
-1350
-1438
-1566
-1846
-1979
-1830
-1527
-1142
-876
-885
-951
-886
-592
-179
260
524
554
642
794
1034
1274
1449
1444
1351
1267
1167
1066
934
743
505
330
130
-66
-195
-349
-398
-411
-457
-502
-600
-643
-613
-410
-216
-47
153
224
348
562
701
876
1030
1132
1282
1436
1554
1619
1665
1719
1788
1918
1991
1932
1811
1684
1675
1747
1822
1753
1537
1336
1146
1123
1173
1222
1154
988
859
716
626
654
697
769
846
658
142
-595
-1351
-1834
-1826
-1645
-1783
-2345
-3365
-4459
-4934
-4821
-4408
-4087
-4244
-4789
-5263
-5320
-4938
-4221
-3603
-3158
-2845
-2609
-2281
-1870
-1460
-964
-297
338
947
1352
1467
1476
1693
2177
2708
3107
3136
2756
2397
2315
2449
2724
2838
2591
2142
1741
1471
1291
1109
895
509
207
-23
-315
-560
-805
-974
-938
-856
-773
-903
-1193
-1351
-1352
-1074
-685
-481
-541
-667
-714
-544
-189
170
329
380
444
597
826
1033
1135
1082
1037
1074
1130
1122
1002
717
433
268
197
101
-80
-345
-701
-931
-1013
-1033
-1036
-1079
-1142
-1170
-1090
-943
-739
-502
-248
6
267
579
805
1025
1233
1436
1665
1855
1990
2081
2108
2098
2100
2031
1966
1903
1757
1645
1502
1333
1201
1094
991
928
798
608
424
224
180
231
297
303
267
245
219
317
462
544
620
684
692
639
441
26
-418
-762
-871
-852
-969
-1321
-2058
-2913
-3429
-3584
-3474
-3353
-3469
-3837
-4231
-4425
-4295
-3947
-3588
-3238
-2988
-2739
-2428
-2136
-1849
-1487
-1037
-472
132
588
816
868
996
1304
1781
2273
2539
2537
2391
2298
2389
2569
2690
2574
2326
2070
1847
1737
1584
1334
1002
723
512
325
72
-267
-650
-902
-998
-984
-974
-1136
-1369
-1541
-1508
-1289
-1052
-917
-898
-910
-775
-514
-205
65
195
323
505
740
970
1047
1017
951
939
1054
1216
1241
1054
766
470
277
168
66
-130
-450
-643
-739
-818
-741
-820
-950
-939
-860
-680
-443
-260
-204
-123
60
311
578
850
959
1034
1187
1285
1448
1522
1526
1558
1611
1723
1810
1789
1677
1567
1494
1443
1433
1321
1116
914
771
717
677
613
470
299
231
238
267
303
271
217
283
410
510
605
580
524
569
658
609
311
-186
-829
-1256
-1329
-1334
-1415
-1800
-2531
-3275
-3685
-3748
-3596
-3456
-3530
-3773
-3969
-3951
-3747
-3408
-3044
-2708
-2392
-1981
-1630
-1399
-1150
-896
-530
38
618
1013
1169
1162
1165
1330
1660
1970
2127
2079
1966
1851
1839
1861
1792
1660
1470
1334
1197
1022
787
470
197
96
74
60
-66
-309
-568
-699
-648
-528
-441
-480
-581
-651
-550
-396
-228
-96
-32
45
176
342
439
510
564
666
851
1048
1178
1106
961
812
712
717
680
521
298
95
-102
-212
-285
-455
-604
-721
-797
-777
-761
-787
-807
-738
-598
-384
-162
-40
19
148
305
516
766
864
874
951
1035
1224
1430
1506
1478
1376
1325
1322
1384
1394
1330
1227
1126
1051
985
890
713
541
404
315
257
148
-37
-202
-308
-331
-304
-296
-328
-391
-428
-353
-241
-93
42
118
280
434
593
746
770
720
622
489
323
77
-142
-362
-608
-793
-1080
-1467
-1795
-2145
-2369
-2442
-2541
-2625
-2777
-2904
-2918
-2865
-2714
-2531
-2383
-2247
-2078
-1864
-1636
-1401
-1168
-937
-662
-370
-128
32
152
274
390
576
776
874
919
949
968
1027
1097
1115
1078
1048
1046
1026
1036
987
829
744
682
692
732
714
625
522
438
449
537
560
586
553
522
568
589
583
517
400
338
325
314
288
171
5
-82
-182
-217
-226
-366
-508
-631
-663
-663
-620
-617
-683
-686
-716
-636
-477
-369
-283
-195
-111
-1
181
285
395
515
589
735
828
912
1005
1040
1133
1240
1256
1291
1304
1229
1222
1183
1074
988
896
820
821
788
679
539
359
246
207
197
196
130
-11
-113
-155
-146
-98
-67
-99
-119
-82
-61
-24
18
-39
-34
12
17
74
92
79
116
119
113
148
92
-4
-26
-48
-23
6
-93
-178
-308
-474
-561
-668
-817
-1003
-1219
-1375
-1457
-1553
-1586
-1690
-1802
-1880
-1942
-1920
-1889
-1850
-1800
-1759
-1698
-1616
-1580
-1448
-1341
-1231
-987
-838
-694
-536
-505
-370
-207
-52
202
353
439
500
500
558
654
716
830
877
865
889
865
861
893
880
897
895
846
826
771
727
708
675
679
642
590
556
475
449
409
369
338
251
181
94
27
-1
-27
-56
-101
-169
-256
-306
-319
-295
-240
-178
-141
-150
-133
-119
-52
41
130
239
271
326
393
424
525
613
622
695
723
735
827
831
834
844
751
706
687
608
614
578
467
408
345
258
220
201
156
126
89
67
59
66
95
87
101
138
159
199
215
224
195
217
218
146
203
169
60
140
50
-10
24
-121
-187
-184
-277
-319
-278
-363
-347
-330
-372
-263
-311
-390
-352
-461
-365
-357
-418
-321
-444
-480
-416
-483
-552
-484
-669
-638
-558
-724
-655
-719
-869
-860
-820
-752
-699
-684
-725
-869
-757
-771
-759
-588
-635
-642
-588
-601
-624
-594
-633
-595
-485
-423
-322
-303
-361
-292
-293
-150
53
60
221
251
195
384
354
340
468
399
390
533
462
333
319
113
142
159
263
167
133
196
-127
91
235
56
350
272
53
400
232
212
481
284
391
580
393
522
477
254
469
442
469
720
455
461
487
309
638
692
674
662
781
479
666
974
444
989
721
462
833
599
455
551
536
145
505
370
19
422
-82
-61
196
-156
140
-16
-204
-101
-356
-214
-151
-245
-164
-229
-279
-297
-163
-347
-144
-79
-305
-4
-246
-110
-260
-128
-190
-331
105
-445
-133
-185
-442
-196
-346
-242
-470
-221
-406
-549
-124
-587
-401
-287
-610
-353
-437
-424
-303
-347
-259
-347
-334
-396
-412
-381
-319
-267
-378
-155
-529
-344
-340
-533
-95
-407
-149
-205
-284
-145
-322
-87
-180
-93
19
-47
37
-87
32
-144
-88
19
-255
136
19
-33
226
-19
-2
76
-35
139
135
267
185
365
302
272
523
287
539
458
528
531
611
540
519
616
360
557
436
456
591
356
441
343
20
351
16
102
328
-74
125
8
-247
-21
-281
-164
-106
-315
-107
-269
-281
-202
-202
-355
39
-321
-91
47
-251
146
-7
-4
141
215
28
329
157
143
277
188
129
299
66
119
128
-47
236
-79
203
14
-139
98
-183
-146
52
-231
13
-162
-114
-173
-194
-157
-243
-97
-300
-60
-296
15
-262
-34
-154
-236
6
-224
8
-3
-4
-71
-45
-201
-144
-179
-88
-127
-30
-193
-1
-251
-214
-5
-462
66
-171
-277
114
-193
-191
22
-266
-61
-81
-9
-35
81
-38
-43
9
-186
-4
-192
28
-143
81
-2
-223
115
-348
-113
-23
-162
106
-5
111
-14
214
-176
238
59
-119
738
-222
515
404
-291
551
-56
169
420
178
350
180
230
101
214
162
113
349
40
405
149
73
269
-144
199
-82
58
210
-283
329
-341
52
29
-312
305
-451
236
-159
-110
235
-210
238
-103
207
66
75
397
-28
354
177
166
206
97
203
-34
304
52
158
150
-90
100
-236
64
-47
-98
134
-174
-35
28
-342
217
-333
-2
92
-323
344
-358
225
-176
-96
256
-397
269
-95
-219
158
-221
-10
-51
-156
-54
-285
88
-259
-58
41
-364
6
-162
-299
117
-323
-145
7
-478
61
-241
-270
38
-453
-58
-141
-381
221
-485
14
-76
-425
201
-423
55
-87
-385
366
-325
5
303
-465
336
-17
-21
366
70
240
55
253
-50
140
195
-67
296
-41
45
60
-122
28
-157
87
-95
89
-48
-13
1
-93
106
-179
256
-73
118
242
10
294
-43
243
40
111
410
29
434
232
63
415
-81
408
183
128
604
-87
487
92
-5
308
-261
379
-156
188
107
-320
349
-548
96
-144
-310
94
-222
-114
-27
-111
-274
117
-376
78
-20
-94
64
-173
24
-399
162
-333
-113
157
-438
175
-72
-427
297
-401
-180
177
-400
236
-54
-96
98
-263
119
-245
153
-66
-41
275
-270
226
-121
-120
-7
3
-129
225
9
-48
198
-352
114
-137
-26
84
-85
158
-236
69
-127
-329
144
-400
64
-21
-263
200
-342
-45
-145
-168
-43
-51
-18
-129
108
-163
-40
120
-264
227
-65
-119
298
-234
139
-24
-40
47
15
59
18
148
-152
249
-85
133
80
-39
277
-199
482
-86
140
397
-375
589
-208
133
396
-354
474
-142
46
292
-251
465
-262
290
152
-237
620
-407
493
30
-75
442
-266
356
-95
125
76
-70
205
-220
180
-184
14
1
-164
98
-180
21
-105
-3
-20
-146
104
-164
77
92
-34
193
-56
-30
143
-137
196
-76
142
-86
55
89
-252
269
-345
145
-141
-67
161
-331
194
-248
-251
78
-373
97
-118
-194
62
-372
8
-257
-187
17
-298
25
-57
-222
77
-242
-134
29
-236
164
-152
133
-74
43
60
-101
189
5
177
93
268
17
222
122
117
192
34
357
-215
341
22
-158
311
-258
123
-30
-178
188
-279
49
50
-396
263
-356
-68
103
-345
272
-151
-31
163
-205
100
-110
13
92
-58
224
-100
16
131
-256
250
-89
57
56
8
-18
29
-40
-71
116
-178
278
-133
23
71
-241
133
-196
101
-59
-151
211
-303
63
137
-322
303
-150
-106
274
-250
230
103
-97
149
-39
42
-6
225
-110
123
184
-299
357
-252
62
155
-144
220
-46
-2
-34
-74
-73
9
-14
-31
-43
-3
-272
67
-152
-114
44
-145
54
-130
56
-177
49
-132
30
37
-82
115
-22
-108
83
-82
-44
177
-120
172
-43
52
81
72
-31
180
-23
13
230
-125
214
23
-54
254
-148
176
79
-172
403
-332
300
-50
-169
245
-279
140
4
-65
76
-58
-139
84
-206
40
-20
-34
-109
-1
-93
-154
151
-253
51
16
-250
161
-114
-162
180
-203
-13
123
-164
16
107
-273
224
-100
-87
208
-196
92
-23
-21
-26
25
7
-115
134
-110
-58
125
-217
57
22
-225
118
-159
-22
-40
-123
37
-188
77
-111
-68
109
-202
229
-142
65
118
-154
195
6
84
217
47
114
171
-66
193
42
148
110
135
150
-35
190
-43
79
100
69
83
147
-16
221
-91
102
47
-111
224
-153
230
-132
44
-74
-119
-22
-121
17
-99
34
-144
52
-253
91
-111
-37
144
-73
109
60
-50
156
-15
79
168
-47
188
-19
26
69
-60
12
7
-136
55
-212
48
-100
-116
43
-215
-12
-164
-36
-97
9
-95
33
-126
-110
40
-281
159
-105
-43
125
-170
-7
-38
-104
-21
86
-103
73
15
-114
47
-13
-118
81
-111
-2
-17
-56
4
-67
39
-167
136
-144
32
14
-144
114
-121
-21
94
-118
61
81
-180
225
-141
61
58
-135
171
-142
52
28
4
-27
197
-269
307
-143
-22
289
-275
267
-50
22
31
95
-18
70
35
26
-18
61
-28
-12
137
-115
166
-59
37
11
43
-57
157
-70
63
115
-121
232
-166
202
-43
58
157
-92
173
-47
10
173
-207
250
-69
-87
280
-284
155
-96
-35
-65
-4
-18
-130
92
-172
45
-59
-123
90
-92
-8
127
-113
88
-40
32
-62
105
-4
-4
231
-299
303
-210
-53
253
-361
326
-154
11
41
-44
21
-90
162
-281
238
-113
-87
221
-321
146
-47
-262
280
-301
55
53
-246
175
-256
107
-149
-73
72
-198
124
-157
24
-30
-136
53
-42
-67
-2
39
-128
56
26
-233
223
-224
32
77
-135
159
-102
84
-126
185
-79
74
143
-69
97
152
-151
311
-100
9
329
-329
442
-133
90
128
-61
105
57
26
56
126
-93
202
-181
175
-80
-1
140
-147
157
-56
6
64
-77
68
65
-34
125
20
-18
78
-27
85
-33
68
-54
43
-41
-85
142
-298
167
-54
-162
185
-150
16
-20
-53
-24
60
-125
106
51
-250
321
-270
31
120
-266
284
-261
162
-58
-141
131
-228
163
-126
44
41
-121
80
-81
9
13
-72
98
-150
91
23
-218
283
-325
122
-50
-192
212
-309
124
-98
-171
115
-155
-62
61
-145
8
-28
-36
-21
28
-112
49
-21
-118
189
-242
187
-91
-23
101
-169
153
-44
-42
127
-1
-9
60
56
-44
32
90
-81
121
-46
35
5
-87
111
-73
-53
129
-112
-8
126
-163
152
-37
-48
71
-31
-47
82
-3
-49
84
25
-109
151
-40
-71
257
-203
208
56
-82
255
-138
145
57
11
139
13
106
-40
102
-54
46
109
-163
268
-176
71
79
-124
137
-76
40
-55
90
-70
64
15
-30
62
-86
109
-112
65
107
-182
168
-33
-188
222
-209
7
178
-263
157
-16
-176
138
-107
8
61
-63
48
-24
-18
4
25
-85
88
-63
-32
49
-50
-78
53
-112
-93
151
-273
131
-77
-153
122
-215
70
-91
-51
63
-134
46
-24
-73
59
-108
51
-40
20
35
-42
63
-52
57
-22
55
-8
26
34
-90
137
-116
-18
95
-129
47
63
-84
23
20
-59
-6
59
-57
3
81
-162
183
-118
30
90
-127
155
-58
36
26
78
-51
124
60
-23
157
-50
97
30
43
-9
95
-15
-75
182
-186
109
54
-130
120
-143
59
-74
1
43
-155
172
-210
83
-22
-123
111
-75
-19
85
-39
-5
119
-134
136
38
-72
195
-39
-24
207
-144
106
157
-207
269
-89
46
97
-18
34
-13
141
-193
211
-87
-68
160
-184
70
-7
-122
74
-126
-37
-1
-117
37
-99
-43
-55
-24
-95
26
-48
-58
26
-67
-18
-1
-39
7
-2
34
25
-91
164
-211
101
47
-192
213
-87
-49
61
-74
-57
3
27
-85
51
5
-102
151
-181
85
31
-149
244
-175
89
52
-125
144
-64
22
27
43
-68
94
-7
-58
138
-81
36
30
-13
49
-36
99
-15
-49
155
-155
68
17
-61
112
-110
139
-148
67
-23
-73
125
-152
132
-67
-30
54
-88
70
-55
46
43
-68
132
-57
33
65
-11
71
-7
122
-24
22
112
-79
106
10
23
63
-19
110
-52
95
-25
35
23
-36
102
-119
105
-72
-6
37
-113
43
-37
-101
59
-40
-113
111
-105
-30
38
-49
18
-32
36
-42
-33
45
-32
-30
41
-33
-46
25
-16
-11
47
-74
46
-23
-72
78
-87
3
42
-112
61
-19
-80
96
-133
13
44
-121
44
40
-150
102
-4
-136
147
-100
-25
78
-61
10
55
-92
73
-5
-98
162
-131
21
86
-131
77
-7
-81
110
-101
27
19
-55
107
-66
69
21
-10
75
-17
58
32
24
32
27
37
-45
70
-45
-5
49
-81
31
-22
-43
0
-5
-50
20
-30
-27
58
-108
52
24
-137
152
-87
-38
149
-144
84
-8
-74
94
-39
26
9
19
-12
18
21
-3
38
-15
78
-22
-12
103
-66
32
83
-82
93
30
-48
133
-89
41
54
-101
99
-49
-33
86
-93
28
33
-129
109
-45
-64
137
-87
-5
89
-83
19
95
-88
104
12
-69
134
-115
80
44
-99
118
-68
-8
34
-50
-10
-19
-36
-13
-13
-28
-1
-33
-15
8
-25
-6
11
-16
23
-43
28
34
-105
90
-52
-18
41
-41
53
-58
50
-55
20
-18
-17
49
-94
87
-67
7
18
-63
53
-71
4
24
-62
9
47
-100
52
4
-88
62
-29
-57
71
-84
15
43
-110
102
-66
-3
16
-15
-24
19
-4
-37
26
-65
16
-29
-2
0
-31
-18
-11
-16
-21
-20
52
-65
11
44
-76
66
-13
36
-9
33
-13
5
41
-30
89
-41
39
63
-67
77
25
-39
111
-27
40
59
-35
66
24
-6
42
35
-4
36
20
6
-7
37
-23
23
38
-27
44
-31
21
-17
4
17
-9
-9
17
-21
-42
51
-54
-9
40
-69
36
-19
-14
8
-22
4
-15
-9
-15
5
-19
2
-13
-5
-6
-7
2
-18
0
0
2
-22
7
-14
-23
11
-31
-10
6
-14
7
-25
6
-6
-41
16
12
-34
42
-26
-45
36
-85
19
-47
-8
0
-94
51
-76
-27
29
-82
25
-17
-33
37
-32
-4
30
-13
-6
29
-5
-13
27
9
16
6
12
26
-26
35
34
-22
57
46
-50
61
30
-51
67
12
-18
75
-37
-5
65
-96
63
2
-37
53
-42
7
-6
-25
24
-1
-19
41
-2
-32
50
-9
-40
61
-2
-16
56
-14
1
57
-46
32
18
-19
56
-28
21
-9
-20
24
-31
-15
20
-57
24
14
-82
56
-53
-18
19
-55
24
-45
4
3
-55
27
-29
-17
3
12
-23
23
28
-40
35
-1
-16
44
-14
-13
34
-35
2
14
-43
20
-19
-15
18
-39
27
-14
-68
67
-50
-12
38
-55
26
-8
-41
20
-21
2
32
-37
33
4
-11
29
-7
12
46
-9
-5
60
-47
43
15
-24
34
7
-11
7
19
-20
25
-7
-18
-12
18
-31
3
16
-47
10
-13
-23
-7
-4
0
-15
19
-35
27
8
-43
50
-32
19
53
-56
47
11
-26
82
-73
59
16
-35
70
-30
28
15
19
-10
25
37
-24
57
-5
16
38
-13
42
-20
43
-15
20
20
-7
27
-64
78
-69
5
55
-95
77
-43
-53
58
-98
32
4
-63
46
-52
15
-4
-23
5
-18
0
22
-1
-31
53
-55
-2
35
-60
23
23
-41
14
-2
-33
35
-39
10
17
-53
37
1
-43
40
-45
-11
29
-65
32
-8
-37
54
-42
-19
33
-53
16
1
-14
2
-25
25
-20
-16
11
-8
-18
32
-51
25
-3
-29
30
-30
-5
11
-12
-18
29
-32
6
-3
-9
-3
1
-24
31
-15
-44
65
-79
39
5
-64
54
-26
-20
50
-22
-11
50
-43
38
27
-47
56
-2
-17
56
-40
21
44
-38
42
-6
-17
39
7
-8
33
-29
30
7
-24
37
-17
23
4
-12
28
-3
-1
33
-27
34
16
-28
33
-12
-16
26
-14
-13
40
-20
2
44
-51
53
3
-37
75
-33
7
37
-36
24
5
-24
30
-18
3
11
-10
9
-2
23
-37
13
9
-13
13
10
-9
-8
19
-29
-8
3
3
-4
-6
-3
-11
-12
-8
-7
-16
-13
-2
-16
-15
5
-35
-10
-3
-27
9
-32
-1
3
-39
13
-30
12
-30
3
17
-45
39
-25
6
12
-2
4
5
25
-13
11
30
5
-2
24
11
-18
37
7
-3
34
-20
5
11
-2
6
8
7
-3
7
-7
-10
27
-15
8
27
-16
3
7
4
-11
12
1
3
0
-4
18
-24
29
1
-11
39
-8
1
16
0
1
22
-9
-7
29
-22
6
9
-16
22
-6
6
-2
-1
18
-20
11
6
-5
-10
11
-7
-9
10
-19
4
-3
1
3
-3
-3
-1
-12
4
-5
-11
24
-33
12
7
-38
50
-19
-16
37
-10
8
5
5
2
15
-3
5
5
5
-8
-10
22
-18
5
-10
-17
7
-25
-11
-8
-15
-3
-34
-10
2
-46
17
-11
-29
24
-31
8
-10
-2
1
-20
35
-31
15
6
-34
24
-14
6
5
-12
13
-26
12
-20
-7
7
-17
15
-18
4
-11
-5
17
-16
6
1
-14
15
-3
-22
10
4
-19
9
-23
-7
16
-20
14
-6
-4
10
-14
25
-22
4
24
-19
10
-4
-5
5
-4
-15
11
-2
-2
8
-37
24
-10
-21
14
-25
7
-13
-12
0
-2
-2
2
6
-21
26
-4
-14
33
-11
17
0
-10
23
-18
11
4
-5
17
-2
-9
4
-2
2
2
-2
2
-4
1
-6
-1
-3
-3
0
10
-1
8
3
6
18
-11
20
3
21
21
1
15
5
8
23
9
5
21
4
19
-4
10
5
1
15
0
-4
12
2
-7
9
-10
6
-6
-6
4
-7
1
-7
-1
-8
-8
-7
-5
-6
-4
10
-14
-8
12
-19
-17
23
-20
-2
24
-38
14
-3
-17
15
-2
0
10
-2
-13
33
-33
15
9
-21
20
-21
9
-4
-7
1
2
-14
14
-6
-6
11
-7
-1
-9
4
-9
-4
7
-4
-13
0
1
-2
-1
6
-5
12
-12
3
3
-15
12
-6
-17
8
2
-21
26
-20
10
2
-19
21
-18
7
13
-28
4
-4
-24
10
-14
-6
5
-14
10
-9
-8
14
-10
4
17
-21
1
3
-14
11
-8
-7
12
0
-12
15
1
-8
25
-13
-4
13
-18
-2
4
-13
1
0
-2
-1
5
9
-9
12
5
-6
4
-4
-9
13
-20
-11
-1
-16
6
-18
-1
6
-4
4
-4
-6
13
-12
1
3
-18
7
1
-11
-1
5
-6
5
3
5
9
5
6
-1
-15
11
7
-14
20
-14
7
2
-5
9
11
6
10
12
-1
14
-13
7
11
-10
6
-14
10
7
-15
22
2
-4
17
5
0
10
9
-8
14
-7
-17
17
-9
3
13
-9
22
-1
4
8
12
2
10
9
0
10
-18
25
-12
-5
25
-9
17
10
-6
14
2
2
-4
-2
16
-23
0
-4
-16
2
-8
-11
-3
13
-10
1
-3
-7
4
-4
-18
3
-7
-17
3
-14
1
-3
-3
3
3
3
7
3
4
16
-20
-1
5
-15
0
-11
0
0
-9
-2
-9
12
-5
3
0
-8
4
-12
2
-10
-3
-9
-6
5
-5
-14
19
-2
-2
15
-23
19
-6
-6
0
-22
8
-21
-9
5
-13
-3
1
2
-4
7
-5
9
9
-12
8
-5
-9
10
-9
-1
9
-13
5
5
3
2
-3
15
2
-14
2
-2
4
-4
-9
6
-12
3
6
-19
10
3
-3
12
-10
6
2
-7
-3
1
-5
4
-4
-14
19
-16
-1
11
-15
14
-5
-4
5
-11
-1
2
-4
-12
1
4
-7
0
-7
9
8
-14
6
0
2
-6
-3
1
-1
9
-19
6
-6
-5
15
-15
4
12
-7
-1
5
-7
9
7
-6
6
3
-6
11
0
3
11
-6
10
1
-4
8
-1
3
-4
-3
8
-10
2
1
3
-5
6
-7
-2
12
-9
9
-8
11
-7
1
8
-12
10
-1
-5
5
-1
-2
8
-3
4
-3
-4
9
6
0
-1
1
-1
5
-3
-4
3
2
0
-1
-1
-8
1
4
-6
3
-5
-2
4
-5
-4
-6
3
-12
7
-9
-4
-1
-4
14
-20
7
7
-16
9
3
-8
7
-13
9
-6
-8
8
-17
10
0
-10
4
1
-6
6
-5
-8
5
-4
-6
2
-12
-7
12
-19
1
5
-5
6
-6
3
2
-10
8
5
-16
9
-9
-15
10
-17
0
0
-4
-5
-2
-5
-4
2
-11
7
-11
-6
-5
-8
-3
-6
1
-4
3
-3
-3
11
-3
10
-3
-1
16
-18
8
-1
-1
-1
-12
12
-14
1
4
-10
11
-9
-9
9
-12
-6
0
-12
-3
0
-13
-5
-2
-3
5
-12
5
8
-5
3
-4
-4
0
2
-4
-3
-5
3
5
-12
-2
0
11
-5
-2
2
-7
5
-9
-7
3
-9
-5
7
3
-11
7
13
-4
10
1
-1
18
-1
-3
10
-5
-2
6
-6
-1
-2
5
2
-6
0
-2
-6
0
-4
-5
-3
-14
-3
-3
-3
-5
-3
13
-8
8
7
-6
12
3
-5
0
3
-5
-3
1
-2
-3
-6
-1
1
-2
-3
6
-2
-3
-7
-4
5
-12
-3
3
-5
-2
-2
1
6
2
4
10
-2
2
7
7
-3
-8
9
-9
-1
1
-8
8
-9
-1
0
-2
-5
-5
8
-9
-11
1
-6
-1
-2
-1
-6
5
7
-1
14
2
7
14
5
-4
6
10
-5
5
4
-8
9
-5
-5
7
2
-1
-5
2
3
6
-15
-3
5
-3
0
-8
0
12
3
-1
7
3
15
0
8
6
5
7
-5
-1
-3
5
-1
-6
-4
12
-2
-7
0
-3
9
-4
-11
-2
2
6
-10
-14
14
-3
-1
3
-4
21
3
0
11
-2
6
4
-5
0
7
-7
-2
-4
-11
6
-3
-9
5
-8
4
-2
-15
7
-5
-12
4
-5
-3
2
-4
9
1
-7
13
6
3
8
1
5
0
2
0
-13
6
0
-9
3
-7
-4
10
-10
-5
7
-7
0
0
-2
2
-2
-7
2
3
-4
10
3
4
4
1
9
2
2
4
3
-2
2
-9
-5
4
-8
-4
-6
-4
6
-9
2
-2
-9
7
-3
-2
-4
-5
8
4
-7
8
-3
11
11
-6
10
1
4
6
0
-8
-1
-2
-3
-3
-13
-2
4
-10
-5
-1
-4
1
-7
2
1
-6
-6
4
4
-10
6
0
3
10
-8
12
0
6
10
-5
9
-6
2
0
-7
-2
1
-7
-9
1
-6
-4
2
-1
2
1
-7
4
3
-2
-2
2
9
0
-1
1
9
3
1
6
4
4
3
1
-4
3
-1
-7
3
-9
-1
5
-11
1
-3
-7
7
-3
-2
8
-2
2
3
-2
6
5
1
2
7
7
2
0
5
13
-4
0
4
3
4
-4
1
-4
0
0
-6
-4
5
1
-4
-1
0
5
1
2
-4
3
13
-2
-6
10
1
3
6
1
0
2
11
-1
2
-6
5
5
-3
2
-5
5
-1
3
-3
-4
4
2
1
1
4
-4
3
10
3
-2
4
3
4
9
-1
-7
14
7
-6
0
1
5
1
-4
5
-1
-2
1
-5
7
-2
2
0
-5
11
2
-5
0
9
5
2
-3
0
8
7
3
-7
5
5
-3
0
0
0
0
5
-3
-5
4
-4
5
1
-3
1
-5
6
0
-6
4
-1
3
2
-5
8
2
-5
1
4
4
-6
-1
5
3
-7
-3
1
0
-2
-3
3
-3
2
-3
-2
7
-6
-2
2
1
0
-4
2
3
1
-2
0
1
2
1
2
-2
-1
5
-8
-2
5
1
-6
-2
5
-6
0
-1
-3
2
2
1
-4
-2
7
-6
-1
4
0
-4
4
0
-4
6
-3
1
0
-1
3
-4
-1
6
-7
-1
5
-7
-4
5
-3
3
2
-8
8
0
-4
4
-3
1
5
-2
-1
0
4
-4
-2
5
-3
-4
5
0
-7
5
2
-7
1
-1
2
1
-2
1
-3
2
3
-4
1
4
-2
0
5
0
-1
2
5
-2
-1
6
-7
2
3
-7
4
-5
-5
3
-1
-1
0
1
-4
4
-2
0
3
-2
6
-4
-2
7
-1
-5
4
4
4
-2
-5
6
6
1
-7
-1
1
0
-5
3
-4
-13
7
2
-4
-2
1
2
8
1
-4
4
1
2
6
1
-7
3
8
0
-1
1
3
4
3
-1
4
-2
-3
5
0
-4
-3
-6
5
4
-6
2
1
3
7
1
-1
6
4
7
-7
0
6
0
1
-4
5
2
4
0
-1
6
5
-1
-2
2
-6
4
1
-5
0
-5
4
7
-6
-2
5
11
2
-2
2
3
3
5
-4
-5
1
5
3
0
-6
1
13
0
-2
-4
6
4
-5
0
-8
1
-1
-1
-2
2
1
0
10
-2
7
0
0
7
-1
-3
0
4
