SAMPLES:	9955
BITSPERSAMPLE:	16
CHANNELS:	1
SAMPLERATE:	16000
NORMALIZED:	FALSE
-2
-5
-11
-13
-1
0
-12
-13
-6
-14
-21
-6
-20
-21
-15
-14
-9
-19
-18
-10
-5
-19
-22
-25
-19
-12
-10
-5
-16
-10
-9
-16
-8
-15
-24
-14
-15
-12
-15
-21
-12
-8
-14
-14
-9
-12
-5
-15
-12
-17
-19
-15
-25
-7
-7
-10
-4
-4
-2
-8
1
-3
-6
4
5
7
3
3
-10
-4
5
-3
-20
-10
-1
-10
-7
-8
-2
0
1
8
9
1
-7
6
9
8
16
7
5
13
-2
-1
1
-1
0
6
5
1
0
6
0
-3
-3
-6
-5
2
0
-3
-5
2
9
3
1
-6
-7
-4
3
-7
-3
3
5
-5
5
1
-10
-5
-12
-15
-10
-8
-7
-4
1
-6
-1
-2
-12
-9
2
5
-6
-6
-3
-2
-9
-8
-3
-2
9
6
-2
-2
1
-4
1
3
8
4
-6
-3
4
8
-2
-13
-1
0
-12
-5
1
3
7
20
15
15
12
0
-5
-6
-1
-8
-5
1
-4
-12
-9
5
-11
-17
-5
-1
5
4
6
3
-2
0
5
-2
1
-5
2
6
8
-3
-13
2
-3
-1
-5
0
-1
4
-10
-10
-2
-3
2
-4
-1
-8
0
2
13
1
2
6
5
13
5
-1
7
0
10
10
-3
6
6
-2
-2
-1
-12
-2
-4
-7
1
-7
-4
-6
-6
-5
-6
1
-5
-2
0
-1
5
-1
0
5
13
3
-1
3
-3
3
5
6
-4
-1
-1
5
-3
-3
1
-11
0
-8
-17
-19
-12
-6
-6
-12
5
-1
-1
-9
-6
-6
-17
4
10
12
0
3
-6
-10
-3
2
5
1
5
-4
-3
9
6
4
7
2
-5
6
6
6
2
0
5
-10
-3
-1
5
-5
-12
-2
4
6
-4
2
0
2
-8
-6
9
-3
-4
-1
10
6
1
15
1
3
-6
-8
-1
5
-4
-7
5
4
7
1
13
9
9
7
0
11
19
10
2
22
6
2
4
-13
-11
-8
-6
6
10
8
2
0
2
7
4
5
4
6
9
11
20
12
20
27
28
15
10
21
24
22
18
13
4
15
11
11
16
20
24
11
9
7
12
12
-5
-8
5
8
-3
1
5
3
-4
2
11
11
10
6
0
5
9
4
-1
5
10
-5
2
-1
3
-2
-19
-8
-7
-3
-1
-9
-8
0
-5
-4
-5
-8
2
-1
-10
4
5
-2
8
14
16
-2
-3
12
7
-3
-3
0
-8
1
4
-14
-18
-2
-7
-15
0
-5
-2
7
0
-4
-7
-4
2
6
-3
0
6
0
7
6
-9
1
4
-11
3
-3
-6
-1
-5
2
3
2
-4
-4
-16
-15
-6
-13
-9
4
-4
-3
4
-2
-2
1
10
6
6
8
11
7
9
9
10
8
-6
0
6
3
5
9
6
5
6
3
4
-10
-1
14
4
4
6
1
3
9
3
4
2
11
7
-1
-3
5
2
3
2
2
1
-9
-10
5
10
-2
-4
-8
-6
-11
-9
-2
-8
-17
-16
-7
1
0
7
7
0
2
7
-7
-2
2
0
2
4
8
9
9
11
6
1
6
-15
-22
-15
-11
-11
-18
-10
4
9
-4
-8
5
21
1
5
19
5
18
9
14
7
9
17
8
1
-10
2
-2
2
-8
-20
-5
-7
-5
3
-2
-14
-17
-12
-21
-13
-3
-3
5
0
2
-7
-6
-1
-15
-17
-19
-4
5
9
11
11
8
2
1
11
0
2
16
-1
2
5
3
4
-4
-7
1
0
1
5
-1
-10
-10
-10
-6
5
6
2
-4
11
0
-17
-12
-3
-2
5
3
-8
-6
-1
-17
-22
-30
-22
-10
-11
3
8
15
8
8
-3
-20
-3
13
27
16
-8
19
18
9
-3
-7
11
16
10
-7
0
8
8
-22
-25
-3
10
8
-8
-9
-21
-10
-29
-37
-12
0
5
3
-15
-12
8
-2
-18
-70
-59
-6
47
50
7
-6
12
43
16
-25
-16
19
40
14
-8
12
26
12
-20
-25
-4
24
0
-10
5
26
25
-14
-17
-8
15
17
17
3
-11
-8
1
-1
-27
-29
4
54
43
-8
-41
-11
12
-6
-44
-36
25
55
9
-20
14
45
30
-36
-47
-2
26
-6
-26
-11
32
30
-10
-28
-24
7
13
14
7
-2
-10
-6
-1
-4
-19
6
52
33
-9
-46
-30
19
-6
-59
-51
30
76
10
-52
-36
21
-23
-126
-141
-21
112
74
-44
-56
29
45
-23
-78
-17
54
-2
-68
-47
27
24
-39
-40
-1
4
-27
-20
53
52
-39
-71
-30
23
15
-35
-2
91
83
-33
-51
14
47
-37
-92
13
122
86
-52
-84
13
72
-26
-134
-32
117
111
6
-35
26
42
-17
-53
-21
29
31
29
25
1
-21
-61
-49
20
7
-50
-38
58
95
36
-51
-49
25
16
-55
-83
74
172
23
-141
-98
90
133
-34
-121
-5
124
73
-81
-59
59
77
-15
-86
-62
41
120
107
22
-48
-78
-50
15
42
17
-29
-24
58
94
22
-38
-37
7
37
55
25
-19
-2
-22
-41
56
74
-38
-143
-98
32
-13
-135
-142
-27
62
33
-33
-20
71
128
94
-43
-146
-49
57
-49
-121
65
270
185
-123
-223
79
286
83
-188
-189
30
156
151
12
-118
-82
-94
-20
161
121
-110
-273
-132
141
35
-247
-158
305
575
115
-395
-199
309
221
-331
-392
135
483
67
-427
-45
501
113
-680
-942
-406
122
-104
-154
666
1140
339
-612
-278
673
657
-319
-833
-94
569
151
-483
-321
365
486
-95
-450
-209
38
-21
47
276
79
-384
-397
160
539
192
-177
-58
265
281
-369
-791
-206
508
452
-139
-295
377
705
-327
-1246
-430
800
594
-432
-713
113
1012
622
-370
-714
-184
597
320
-495
-539
-69
399
573
402
-12
-394
-383
-87
314
303
-114
-459
-328
316
471
-171
-297
186
256
62
-23
-77
-277
-329
-128
273
487
-63
-392
295
498
-355
-882
-198
968
468
-929
-782
488
1042
96
-861
-183
829
469
-660
-810
270
873
325
-741
-492
640
468
-154
-265
-123
99
-104
-178
244
258
-80
-469
-146
724
688
-303
-926
48
865
-263
-1097
-320
714
855
23
-618
-356
389
345
-283
-567
-99
816
573
-554
-654
-29
528
487
-323
-438
-197
-155
177
-117
-239
865
626
-574
-845
-158
729
386
-225
-144
25
119
-102
-433
-207
490
518
-163
-67
20
-100
-245
-58
358
-242
-46
552
-420
-540
189
362
448
-50
-309
-489
-336
834
611
-1167
-753
837
1095
233
-1319
-1066
796
1034
-75
-441
198
676
-104
-884
-42
1011
-112
-924
9
772
512
-964
-999
283
865
643
-649
-738
558
622
25
-892
-444
1125
409
-978
-462
494
488
201
-185
-337
-169
333
526
-489
-1199
-162
1269
797
-817
-1130
-1
1034
554
-461
-550
-45
752
548
-465
-612
-334
274
644
199
-255
-647
319
696
-812
-347
827
444
-460
-372
620
203
-936
-329
798
104
-563
95
695
136
-907
-830
774
1720
-163
-1911
-964
941
1112
-76
-173
314
-98
-989
-1009
655
1516
495
-763
-946
-232
505
777
407
-388
-914
-505
578
1527
-294
-1726
-483
822
1175
-232
-1218
-155
1242
1020
-1334
-1896
1188
2346
151
-1926
-1507
1216
1902
-493
-1756
-39
1871
-164
-2137
-664
1472
1766
-295
-1579
-1133
603
1561
553
-905
-928
-44
988
565
-912
-881
103
1050
277
-1079
-297
1016
566
-938
-899
723
864
558
-364
-889
139
908
337
-764
-673
675
808
-562
-1058
-1051
758
1604
216
-1290
-1384
805
1373
-140
-413
333
497
-130
-415
315
337
-296
-516
-460
-68
276
755
429
-1214
-1395
195
1772
600
-1676
-842
1369
1309
-658
-1251
-109
1470
1132
-928
-1530
-20
1453
955
-552
-1208
-264
911
245
-974
-363
1374
1381
-1326
-2899
-396
2810
2262
-745
-2208
-1034
1363
1925
74
-1869
-1505
1499
2331
-294
-2214
-1065
1441
1471
-735
-1529
-78
1948
802
-2396
-2583
983
2469
417
-1196
-1435
534
1869
114
-2500
-1188
2490
2662
-822
-2537
-1040
1242
1544
-221
-1447
-612
864
1042
-1184
-2611
-101
2290
1877
-607
-1826
-727
1448
918
-792
-800
447
1930
850
-1712
-1778
-19
1195
1633
-694
-1065
543
792
-448
-1723
-472
1450
1619
-421
-1410
-242
1108
871
-71
-1009
-809
247
825
723
325
-438
-764
18
769
-151
-667
295
312
387
-120
-492
137
-265
-159
-347
114
1149
-395
-663
32
43
342
139
-231
-104
1
1057
557
-906
-567
201
1000
280
-1277
-561
733
-84
-660
177
674
675
-710
-1570
7
1341
499
-931
-119
705
412
-653
-378
262
-303
-127
638
1110
164
-1759
-748
1497
1014
-950
-1721
553
1605
-184
-1141
193
302
-391
-320
-39
910
1173
-226
-697
-691
-305
1329
1362
-218
-1504
-784
1045
1523
-229
-1070
-993
-352
966
532
-530
-635
-759
-297
133
-53
84
652
553
-1178
-1675
450
2208
1107
-1047
-1395
505
1476
-51
-1286
-327
1574
1176
-701
-1575
-155
1351
178
-1045
-223
939
301
-762
-552
284
676
121
-947
-357
259
275
533
-185
-808
-467
82
731
358
-932
-1346
-558
1274
1168
-634
-902
-566
-279
146
-171
-298
272
-76
-1134
-1189
463
1135
-122
-538
-520
162
753
283
-136
-101
322
403
-102
-586
-570
677
1253
418
-124
-230
466
724
62
-284
-214
566
1234
818
203
-670
-908
40
791
348
66
-48
-132
-201
-78
286
263
-208
-111
71
557
1299
712
368
369
965
1153
749
240
1091
2245
1617
320
-429
835
1386
506
740
947
377
139
432
1296
1866
837
-73
728
2019
2644
2042
718
-106
-652
-1685
-1621
-1318
-1349
-1910
-3341
-4229
-4333
-4104
-4022
-4289
-4585
-4159
-3693
-3783
-3618
-3190
-2421
-1538
-776
-76
178
206
233
454
1356
2235
2395
2079
1892
1931
1426
1069
1355
1470
398
-1443
-2355
-2041
-1644
-1324
-1458
-1892
-1612
-1650
-2019
-1717
-903
-51
317
342
516
757
1112
1650
2165
2651
2626
2230
2114
1990
1837
2104
2462
2806
2642
1794
1437
2128
2600
1950
1429
1747
2288
1976
649
-46
668
1621
1971
1414
708
600
829
825
782
1840
2636
2367
2006
2226
3280
4032
4444
4179
4475
5551
6287
5209
2415
-1048
-3768
-3530
-1380
-8
-1176
-4524
-9227
-11755
-10705
-8132
-6576
-7034
-8366
-9362
-9185
-8051
-6211
-4806
-3736
-2340
-1107
-178
8
-21
589
2060
3915
5220
5082
4067
2962
2372
2814
3984
4399
3442
1874
256
-891
-1527
-1370
-890
-595
-914
-2148
-4246
-5890
-6334
-5606
-4406
-3876
-4271
-5053
-5342
-4562
-2803
-1184
-12
685
1315
2238
3394
4567
5406
5848
6382
6714
6834
6705
5813
4807
4128
3810
3258
2243
878
-554
-1546
-1756
-1462
-1213
-1466
-2034
-2175
-2057
-1714
-966
210
1348
1639
1592
2077
2883
3610
4389
4979
5531
5954
5874
6274
6929
7458
7067
6332
6178
6679
7287
7286
6757
5647
4704
2726
-852
-5468
-8967
-8393
-6051
-5299
-7359
-11844
-16843
-18630
-16258
-12466
-9963
-9763
-10750
-11600
-10528
-7593
-4265
-1607
459
1790
2743
4218
5279
5459
5873
7226
8792
9217
8065
6341
4888
3990
3722
3236
1973
163
-1808
-3555
-5142
-5904
-5763
-5957
-6582
-6893
-7513
-8767
-9735
-8908
-7229
-5851
-4403
-3626
-3006
-1647
323
1998
3611
5263
6388
7074
7776
8485
8682
9187
9307
8921
8074
7077
6161
4484
2937
1769
852
-336
-1550
-2723
-3960
-4520
-4471
-4427
-4459
-4162
-3470
-2807
-2311
-1416
271
1888
3478
4869
5425
5967
6887
8444
10086
10877
11183
11095
10922
11067
11092
11209
10876
10362
9262
7852
6147
2167
-3951
-10043
-13349
-11660
-8495
-8733
-13168
-20006
-25043
-24522
-19633
-14817
-12583
-13043
-14086
-13688
-10510
-5611
-999
2204
4303
5904
7388
9115
10121
10096
10693
12115
13047
12647
10292
7068
4507
2752
2328
1965
662
-1694
-5587
-9224
-11365
-11631
-10096
-8587
-9131
-10790
-12885
-14156
-12745
-9650
-6271
-3703
-2563
-2028
-739
1716
5052
8042
9893
10676
10749
11272
11972
12115
12097
11494
10124
8766
7260
5283
3169
958
-802
-1768
-2976
-4172
-5216
-6692
-7406
-7249
-6639
-5614
-4504
-3627
-2933
-2155
-683
1603
3678
5440
6495
7402
8778
10327
11681
12595
13292
13546
13660
13867
13776
13101
12254
11460
10403
8932
6099
366
-7183
-13973
-16675
-13976
-10802
-11700
-16780
-24051
-29027
-27682
-21922
-16237
-13114
-12880
-13451
-12564
-8987
-3420
1683
5450
8294
10216
11475
12562
12777
12492
12870
13628
14240
13027
9948
6371
3126
547
-1287
-2755
-4317
-6020
-8532
-11764
-14559
-15341
-13872
-11361
-9102
-8952
-10931
-12470
-11587
-8279
-3754
465
2770
3549
4000
5179
7589
10036
11662
12274
12047
11713
11696
10969
9625
8322
6802
5551
4360
2563
214
-2224
-4039
-4977
-5458
-5718
-5945
-6589
-7118
-6899
-6111
-4504
-2534
-852
209
957
2226
4129
6191
8105
9725
10636
11126
11458
12232
13698
14843
14689
13447
11935
11098
11133
11021
10205
8550
6256
3311
-1427
-8039
-15077
-19819
-19442
-15662
-13959
-16330
-21778
-27488
-28866
-23945
-16505
-10796
-8126
-8061
-8331
-6211
-755
5423
9961
12518
13576
13757
14147
14136
13318
12474
11784
10816
8992
6247
2724
-1043
-4548
-7226
-8773
-9736
-10633
-12056
-14187
-16473
-17242
-15291
-11607
-7899
-5807
-5764
-6874
-6417
-3343
961
5035
7475
7944
7677
8010
9216
10437
11065
10662
9181
7892
7464
6886
5468
3780
2107
577
-348
-913
-1784
-3113
-4503
-5215
-5209
-4723
-4094
-3578
-3616
-3483
-2519
-1378
274
1842
3031
4032
4949
6244
7749
9413
10617
10995
10852
10871
11115
11344
11558
11230
10153
9038
8369
7871
7357
6644
5638
4224
2859
899
-3421
-10171
-16944
-20934
-19813
-14935
-12105
-14081
-19313
-24464
-25180
-19743
-11826
-6171
-3957
-3820
-3776
-1904
2617
7764
11361
13225
13840
13651
12887
11820
9964
7991
6786
5755
4208
1481
-2136
-5942
-9212
-11174
-11683
-11533
-11830
-12904
-14248
-14951
-14189
-11082
-6356
-2963
-1625
-1331
-1815
-985
2200
5901
8495
9397
8837
8113
8217
8956
9255
8326
6659
4981
3895
3417
2816
1722
282
-1258
-2203
-2486
-2464
-2464
-2745
-3231
-3435
-2970
-2286
-1609
-1177
-921
-371
588
1806
2908
3461
3782
4385
5227
6486
7829
8704
9132
9206
9246
9434
9689
9837
9727
9311
8303
7110
6435
5806
5106
4599
3889
3174
2823
1768
-1686
-7621
-14708
-20333
-20859
-16074
-11173
-10585
-14210
-19921
-23373
-20607
-13067
-5627
-1234
-124
-1198
-1334
1505
6275
10369
12562
13214
12765
11860
10703
8868
6195
3839
2330
1226
-204
-2761
-6352
-10084
-12765
-13276
-12145
-11078
-11119
-12306
-13613
-13264
-10023
-5111
-671
1822
2166
1398
1243
3008
5910
8596
9613
8888
7813
7117
6947
6775
6024
4499
2740
1442
1003
835
74
-961
-2060
-2941
-2931
-2134
-1420
-1267
-1537
-1691
-1480
-695
292
769
856
958
1644
2617
3523
4173
4307
4349
4748
5498
6378
7108
7594
7645
7488
7703
8099
8181
8076
7583
6641
5669
4914
4570
4284
4125
3799
2961
2069
1927
1794
106
-4019
-10578
-16996
-19926
-17768
-12965
-10067
-11425
-15905
-20089
-20336
-15293
-8054
-2290
503
485
104
1575
4990
8965
11786
12874
12584
11784
10659
8760
6107
3393
1298
-182
-1451
-3412
-6394
-9710
-12506
-13777
-13136
-11555
-10529
-10529
-11399
-11755
-9837
-5421
-31
3793
5190
4457
3004
3103
4973
7281
8794
8817
7343
5616
4936
4863
4491
3086
1369
85
-448
-241
-136
-866
-2167
-2813
-2460
-1333
39
742
567
90
176
759
1286
2088
2507
2262
2076
2434
3004
3578
4028
4120
4147
4180
4507
5042
5452
6031
6714
7338
7564
7292
6759
6103
5685
5427
5265
4841
4373
4017
3521
3090
2907
2792
2672
2464
644
-4031
-10745
-17045
-20103
-18148
-13030
-10003
-11242
-15306
-19413
-19861
-14966
-7564
-1683
1261
1773
1665
2858
5995
9790
12428
13444
13080
11751
10001
7736
4932
2079
-394
-2444
-4252
-6394
-9081
-11729
-13887
-14952
-14522
-12982
-11318
-10311
-9819
-9174
-7438
-3988
717
5208
8119
8603
7134
5524
5054
6285
8444
9589
8666
6256
3275
902
-63
-263
-532
-1044
-1640
-2150
-2684
-2912
-2618
-2008
-869
551
1672
2301
2573
2475
2200
2228
2730
3363
3524
3200
2742
2182
2016
2417
2934
3300
3375
3147
2843
2964
3743
5010
6246
7072
7237
6717
6038
5629
5637
5641
5463
5056
4272
3729
3828
4276
4358
3940
3330
2582
1263
-1519
-6497
-12807
-17868
-19008
-15875
-11900
-10692
-12865
-16750
-19052
-16819
-10592
-3813
685
2577
2977
3645
6007
9544
12305
13207
12773
11553
10020
8357
5927
2461
-1252
-4255
-6447
-8139
-9900
-11868
-13960
-15645
-15828
-14646
-12703
-10512
-8661
-7066
-4965
-1936
1989
5741
8158
9371
9532
8762
8126
8020
7570
6809
5920
4424
2574
1270
108
-1575
-3028
-3793
-4183
-3782
-2539
-1717
-1539
-1187
-575
277
1690
3357
4384
4427
3978
3487
3198
3125
3118
2826
2137
1633
1382
1062
715
383
277
548
1183
1960
2554
2968
3573
4492
5393
6182
6658
6660
6299
5933
5675
5429
5054
4506
3894
3390
3308
3519
3299
2591
1783
1152
1100
1292
285
-3362
-9523
-16166
-20222
-19356
-14636
-10349
-9379
-11725
-15345
-16524
-13024
-6307
340
4972
7087
7253
7422
8659
10393
11706
12183
11697
10278
8058
4924
824
-3640
-7310
-9625
-10739
-11201
-11953
-13454
-15142
-16077
-15221
-12440
-8630
-5032
-2528
-937
712
3479
7240
10648
12722
13290
12666
11382
9718
7440
4454
1376
-616
-930
-568
-1097
-3207
-6662
-9801
-10228
-7566
-3581
-151
1586
1371
669
1253
3258
5816
7970
8814
8075
6429
4676
3359
2410
1579
766
-98
-965
-1601
-2022
-2535
-2815
-2369
-1261
213
1967
3393
4041
4336
4930
6142
7734
9294
9991
9194
7401
5730
4863
4775
4880
4529
3401
1909
842
320
170
301
420
683
853
-489
-4432
-10721
-17245
-20725
-18717
-12896
-8124
-7296
-10262
-14409
-15615
-11369
-3664
3326
7471
8536
7775
7273
8292
9967
10826
10656
9598
7835
5285
2006
-2105
-6611
-10209
-12181
-12601
-12322
-12376
-13092
-14266
-14750
-13259
-9807
-5577
-1817
794
2205
3483
5898
9526
12946
15056
15320
13445
10463
7619
5107
2810
918
-700
-2211
-3542
-5044
-6846
-8648
-9585
-8985
-6779
-3541
-540
1359
2247
2934
4036
5775
7822
9214
9413
8493
6916
5029
3037
1370
-172
-1594
-2777
-3702
-4378
-4758
-4972
-5028
-4459
-3172
-1195
1212
3435
5023
6044
7001
8250
9679
10910
11480
11052
9556
7796
6289
5135
4531
3999
2765
857
-1115
-2723
-3227
-2671
-2025
-1638
-1401
-1106
-856
-1556
-4801
-10497
-15899
-17937
-15037
-9132
-4651
-4340
-7539
-11091
-11264
-6699
142
5904
8534
8162
6674
5864
6257
7028
7304
6608
5194
3346
879
-2354
-6117
-9599
-11867
-12350
-11550
-10700
-10419
-10858
-11324
-10464
-7701
-3680
441
3399
4543
4861
5753
8023
11249
13807
14385
12667
9419
6036
3552
1870
133
-2204
-4881
-6790
-7376
-7237
-7220
-7942
-9055
-9055
-6597
-2329
1917
4899
5981
5787
5829
6918
8469
9512
9425
7876
5322
2603
230
-1764
-3559
-5141
-6283
-6814
-6748
-6292
-5729
-4945
-3384
-922
2160
5275
7760
9202
9964
10728
11611
12499
12918
12393
10845
8579
6131
3966
2196
770
-452
-1928
-3640
-4969
-5640
-5471
-4286
-2420
-703
915
2583
3351
2253
-1174
-6430
-11492
-13392
-10654
-5709
-2522
-2956
-6664
-11152
-12445
-8875
-2880
2326
4924
4612
2829
1887
2686
4163
5217
5407
4652
3315
1539
-1013
-4202
-7189
-9096
-9418
-8653
-7842
-7744
-8469
-9337
-9137
-7158
-3893
-341
2297
3596
4144
4843
6712
9572
12016
13065
12217
9655
6528
3926
1853
-56
-2075
-4090
-5559
-6291
-6573
-6985
-7744
-8504
-8277
-6288
-3141
-37
2361
3732
4174
4542
5481
6624
7497
7605
6572
4682
2474
400
-1402
-2910
-4081
-4731
-4844
-4563
-4121
-3718
-3133
-1767
359
2694
5079
7112
8257
8804
9284
9594
9653
9521
8973
7670
5692
3599
1652
28
-956
-1554
-2161
-2755
-3345
-3832
-3745
-3034
-2016
-583
1233
2993
4556
6137
7559
8351
7707
4558
-1270
-8062
-12937
-13555
-10490
-7290
-6844
-9551
-13836
-16321
-14447
-9264
-3741
22
1547
1603
1856
3281
5310
6770
7225
6924
6108
5028
3506
1133
-1964
-4873
-6846
-7743
-7687
-7352
-7411
-7887
-8083
-7324
-5423
-2727
-162
1660
2677
3505
5138
7608
9864
10934
10390
8206
5231
2718
1125
-13
-1327
-3091
-5111
-6846
-7891
-7957
-7368
-6753
-5804
-4309
-2590
-698
1203
2968
4469
5798
6965
7626
7804
7362
6315
4891
3237
1543
-45
-1681
-3378
-4818
-5672
-5654
-4847
-3641
-2493
-1463
-517
500
2021
4096
6246
8055
9099
9156
8605
7989
7757
7721
7227
6098
4465
2602
1176
420
74
-373
-1036
-1721
-2180
-1891
-1039
-25
1193
2348
3338
4368
5358
5855
4895
1713
-3637
-9843
-14433
-14886
-11588
-8088
-7067
-8936
-12470
-14596
-12565
-7314
-1910
1871
3632
3900
4121
5188
6501
7254
7427
7131
6443
5309
3196
1
-3519
-6530
-8219
-8482
-8235
-8101
-8386
-9013
-9179
-8062
-5833
-3272
-975
598
1648
2812
4756
7341
9395
10223
9742
8046
5752
3695
2187
848
-487
-1993
-3712
-5263
-6475
-6940
-6477
-5806
-5071
-3909
-2474
-870
1008
3028
4467
5326
6022
6251
6075
5718
4816
3358
1674
-40
-1644
-3134
-4427
-5367
-5769
-5311
-4037
-2563
-1341
-192
1105
2584
4574
6925
8713
9672
10026
9743
9092
8420
7897
7288
6122
4532
2690
722
-800
-1726
-2356
-2944
-3386
-3530
-3319
-2471
-1483
-608
586
2006
3500
5019
6320
7135
7553
7159
4777
-194
-6730
-12387
-14239
-11723
-7987
-6230
-7831
-12118
-15532
-14623
-9791
-3938
442
2376
2500
2474
3550
5377
6834
7368
7127
6505
5549
3995
1471
-1919
-5078
-7254
-8187
-8032
-7655
-7835
-8522
-9025
-8677
-7068
-4385
-1515
686
2082
3085
4543
6848
9079
10412
10547
9142
6685
4402
2748
1477
399
-791
-2216
-3847
-5482
-6766
-7781
-8382
-8056
-6721
-4655
-2418
-666
332
1034
1924
3137
4726
6172
6725
6391
5476
4133
2762
1721
816
-208
-1360
-2354
-2919
-3007
-2625
-2023
-1404
-767
127
1583
3309
4831
6011
6476
6427
6502
6746
6969
6865
6183
4794
3085
1750
869
410
125
-313
-902
-1527
-1575
-972
-288
469
1304
2278
3643
5054
5941
5971
5597
5977
6932
6600
3304
-3178
-11068
-16678
-16786
-12631
-8673
-7761
-10335
-14749
-16942
-14097
-8073
-2266
1746
3659
4088
4685
6183
7515
8077
8179
8197
8097
7184
4880
1131
-3269
-6789
-8348
-8227
-7624
-7705
-8777
-10306
-11138
-10131
-7384
-3979
-1035
908
1798
2312
3833
6575
9327
10908
10694
8597
5618
3346
2074
937
-726
-2720
-4467
-5531
-5670
-5388
-5653
-6562
-6972
-6066
-3963
-976
1825
3225
3454
3530
4009
4998
6335
7127
6743
5551
3908
2113
537
-727
-1768
-2484
-2786
-2884
-2917
-2861
-2669
-2157
-1103
478
2252
3734
4772
5447
5965
6677
7407
7865
7863
7173
5918
4641
3574
2623
1953
1423
597
-332
-1000
-1305
-1126
-587
-58
373
915
1777
3057
4204
4518
4121
3755
4072
4936
4800
1672
-4699
-12172
-17151
-16772
-12275
-8047
-6913
-9276
-13280
-14916
-11846
-5953
-507
3032
4648
5023
5581
6713
7448
7355
6946
6792
6674
5742
3217
-871
-5267
-8346
-9390
-8978
-8246
-8130
-8929
-9982
-10128
-8734
-6031
-2754
120
2011
2969
3646
5187
7581
9611
10463
9794
7630
5005
3201
2168
951
-828
-2836
-4678
-5796
-5967
-5712
-5889
-6395
-6084
-4690
-2492
210
2407
3401
3742
4216
4946
5803
6613
6682
5771
4482
2884
1058
-564
-1989
-3270
-3988
-3937
-3532
-3098
-2695
-2210
-1502
-354
1347
3339
5130
6405
7232
7742
8062
8258
8284
7988
7084
5694
4384
3062
1557
249
-855
-1819
-2441
-2618
-2661
-2645
-2259
-1591
-623
742
2171
3395
4435
5128
5447
5911
6879
7647
6798
3289
-2759
-9860
-14992
-15292
-11908
-8837
-8233
-10434
-14469
-16660
-14196
-8882
-3782
85
2410
3438
4450
6054
7305
7674
7735
7939
8013
7121
4695
858
-3399
-6642
-7967
-7895
-7683
-7998
-8828
-9878
-10342
-9344
-7136
-4528
-1918
361
1837
2876
4646
7131
9210
10436
10496
8908
6493
4718
3676
2564
1153
-677
-2874
-4739
-5789
-6128
-6219
-6422
-6295
-5403
-3889
-1831
336
1953
3106
4197
5272
6198
6799
6831
6238
5288
4124
2777
1309
-295
-1798
-2888
-3296
-3131
-2781
-2490
-2363
-2129
-1197
457
2510
4528
5828
6431
6775
6990
7218
7371
7125
6344
5067
3603
2131
619
-630
-1452
-1972
-2089
-1756
-1447
-1240
-807
-313
406
1645
2996
4181
5138
5346
4911
4684
4938
5071
3728
-139
-6244
-12749
-16459
-15496
-11937
-9227
-9011
-11207
-14094
-14462
-10809
-5445
-1096
1877
3687
4626
5823
7329
7889
7439
6974
6802
6538
5479
2855
-975
-4765
-7351
-8128
-7901
-7790
-8079
-8708
-9145
-8616
-6961
-4630
-2238
-160
1614
2945
4129
6061
8245
9561
9930
9264
7449
5377
4153
3341
1929
15
-2147
-4314
-5726
-5911
-5373
-5087
-5072
-4782
-4117
-2805
-850
1267
2932
3939
4728
5358
5665
5831
5613
4794
3816
2648
1264
-34
-1318
-2646
-3490
-3561
-3246
-2752
-2222
-1797
-1331
-452
1062
2915
4627
5707
6184
6311
6247
6305
6355
6083
5214
3896
2677
1576
587
-94
-690
-1256
-1684
-1818
-1720
-1543
-980
-230
511
1507
2405
3012
3703
4257
4410
4611
5123
5523
5205
3180
-1350
-7440
-12907
-15212
-13539
-10304
-8446
-9185
-12017
-14622
-14030
-9971
-4994
-932
1749
3207
4285
5644
6838
7154
7067
7201
7458
7432
6049
2921
-949
-4333
-6193
-6531
-6433
-6653
-7346
-8286
-8758
-8191
-6764
-4855
-2662
-661
988
2311
3664
5590
7533
8892
9513
8998
7508
6079
4969
3705
2102
129
-1960
-3471
-4174
-4326
-4360
-4855
-5412
-5326
-4287
-2534
-786
560
1320
1789
2738
4029
4993
5360
4950
4063
3229
2474
1713
865
-307
-1448
-2016
-2191
-2153
-1986
-1946
-1813
-1344
-586
500
1753
2827
3719
4438
4888
5204
5416
5461
5352
4804
3973
3184
2176
1313
636
-95
-467
-551
-602
-604
-485
-213
127
652
1255
1608
1938
2455
2918
3075
3150
3544
4182
4641
3443
-467
-6231
-12078
-15215
-13975
-10539
-8125
-8047
-10231
-12888
-13122
-10003
-5350
-1225
1780
3861
5079
5939
6774
6939
6646
6882
7542
7595
6222
3336
-465
-3889
-5781
-6199
-6048
-6226
-6836
-7646
-8329
-8089
-6878
-4982
-2681
-553
1260
2403
3153
4624
6563
8210
9295
9209
7606
5474
3896
2612
1307
-63
-1423
-2516
-3290
-3624
-4032
-4997
-5733
-5592
-4626
-2953
-1089
274
1094
1875
2862
3837
4530
4832
4818
4492
4050
3413
2134
562
-807
-1696
-1965
-2035
-2175
-2507
-2925
-2891
-2168
-1019
308
1775
2893
3661
4529
5254
5755
6061
6047
5767
5043
4117
3146
1895
679
-180
-778
-1223
-1413
-1547
-1709
-1653
-1483
-1125
-431
311
1242
2200
2882
3384
3603
3749
3941
4080
4051
3777
3603
3382
2304
-167
-4036
-8911
-13047
-14051
-12394
-10329
-9010
-9301
-11017
-11891
-10038
-6056
-1932
1318
3513
4498
5068
6227
7394
7714
7555
7265
6562
5464
3720
1211
-1645
-4246
-5757
-6391
-6912
-7427
-7934
-8326
-8107
-6925
-5105
-3236
-1474
274
1696
2728
4103
5882
7206
8188
8733
7991
6318
4581
3046
1651
359
-709
-1820
-3044
-3951
-4553
-5063
-5537
-5516
-4796
-3548
-1924
-384
763
1431
2040
3061
4080
4926
5461
5267
4614
3801
2942
2123
1141
15
-1109
-2054
-2537
-2567
-2397
-2250
-2011
-1731
-1186
-40
1165
2201
3125
3714
4072
4468
4905
5143
5029
4540
3754
2843
1974
1462
1098
736
512
85
-347
-450
-470
-304
49
499
1078
1674
2338
2775
2836
2766
2807
3029
3172
3478
3734
3266
1703
-1471
-5725
-10217
-13273
-12982
-10784
-8840
-7965
-8770
-10468
-10770
-8443
-4624
-883
2124
4189
5333
5906
6522
6787
6399
6399
6534
5981
4646
2229
-861
-3806
-5804
-6772
-7384
-7825
-7996
-7878
-7635
-6888
-5613
-4345
-2663
-645
1279
2953
4105
5406
6775
7582
8158
8109
6951
5260
3685
2190
567
-953
-2299
-3368
-4086
-4445
-4455
-4738
-4937
-4510
-3663
-2112
-340
1125
2219
2793
3177
3618
4276
4799
4823
4445
3452
2145
823
-297
-1062
-1847
-2368
-2679
-2902
-2708
-2401
-1905
-1169
-475
377
1526
2790
3843
4694
5248
5231
5007
4825
4744
4563
3955
3096
1817
339
-673
-1195
-1363
-1319
-1193
-1152
-970
-598
-261
400
1118
1778
2770
3501
3833
3876
3583
3367
3370
3561
3551
3227
2793
1942
417
-2044
-5456
-9366
-12397
-12860
-11378
-9529
-8124
-7998
-8821
-8969
-7232
-4096
-1073
1461
3483
4693
5555
6391
6566
5946
5301
4839
4459
3709
1935
-503
-3076
-5158
-6074
-6393
-6671
-6878
-6879
-6413
-5511
-4280
-3055
-1974
-753
741
2234
3376
4524
5619
6203
6614
6546
5430
3797
2227
949
-161
-1173
-1852
-2420
-2778
-2621
-2489
-2712
-3061
-3106
-2443
-1178
208
1324
1900
1883
1907
2347
2732
2904
2844
2431
1859
1373
991
414
-379
-1126
-1620
-1706
-1417
-970
-807
-884
-862
-724
-220
551
1304
2008
2498
2939
3257
3342
3489
3510
3385
3205
2737
2111
1511
1062
874
909
957
796
625
512
529
967
1531
2029
2356
2324
2314
2222
1988
1800
1495
1105
833
944
1179
1215
1076
842
674
525
159
-1116
-3698
-6878
-9487
-10130
-8903
-7165
-5816
-5757
-6717
-7262
-6422
-4466
-2316
-233
1578
2870
3873
4484
4447
3819
3278
3323
3437
3199
2084
90
-2102
-3960
-4956
-5294
-5413
-5373
-5182
-4873
-4564
-4150
-3604
-2902
-1702
-114
1502
2811
3889
4812
5297
5620
5732
5276
4565
3872
3120
2110
873
-380
-1582
-2312
-2491
-2512
-2628
-3090
-3507
-3472
-2959
-2045
-1068
-331
45
393
989
1625
2201
2714
2977
2913
2732
2434
1819
1163
672
301
154
106
-38
-361
-639
-656
-563
-272
104
406
764
1323
1976
2360
2608
2724
2647
2730
2927
2994
2863
2524
2219
1943
1789
1831
1750
1626
1537
1483
1547
1642
1678
1664
1699
1647
1615
1520
1132
814
650
689
985
1315
1433
1360
1475
1638
1172
-340
-2900
-6253
-9102
-9740
-8587
-7161
-6177
-6319
-7518
-8296
-7534
-5510
-3231
-1136
780
2139
3059
3865
4223
3981
3750
3859
4019
3806
2778
1086
-981
-2974
-4125
-4609
-4913
-4959
-4866
-4899
-4910
-4700
-4262
-3584
-2539
-1148
166
1277
2529
3764
4634
5195
5327
4879
4218
3655
3120
2332
1115
-173
-1219
-1933
-2158
-2189
-2535
-3097
-3520
-3489
-2895
-2049
-1175
-455
163
783
1458
2056
2339
2418
2491
2643
2742
2597
2105
1298
390
-209
-468
-546
-524
-550
-673
-751
-751
-668
-260
429
1254
2162
2886
3250
3402
3503
3724
3952
3976
3759
3290
2668
2127
1782
1450
1183
936
681
634
564
569
797
986
1277
1623
1824
1913
1797
1690
1570
1347
1226
1115
1068
1097
1245
1323
1299
1379
1409
1246
305
-1708
-4460
-7400
-9240
-9246
-8195
-6984
-6389
-6769
-7567
-7604
-6475
-4646
-2596
-715
840
1952
2816
3471
3562
3382
3372
3479
3553
3056
1860
73
-1980
-3438
-4210
-4513
-4622
-4755
-4884
-4920
-4684
-4230
-3645
-2918
-2010
-741
642
1975
3194
3935
4312
4482
4442
4211
3750
3174
2400
1450
591
-195
-943
-1543
-1962
-2373
-2671
-2828
-2917
-2675
-2204
-1480
-597
58
567
915
1165
1742
2412
2983
3400
3396
3037
2582
2153
1597
1074
622
152
-121
-178
-220
-411
-634
-681
-587
-177
618
1343
1906
2391
2685
2926
3177
3481
3833
3969
3848
3560
2957
2183
1553
1020
683
515
432
450
310
126
160
366
697
1228
1637
1589
1339
1118
1003
1054
1196
1108
732
386
355
597
964
1301
1403
1239
627
-743
-2876
-5629
-8178
-9240
-8767
-7531
-6326
-6045
-6785
-7630
-7507
-6116
-4100
-2003
-85
1310
2317
3122
3574
3439
3022
2880
3015
3154
2899
1941
272
-1611
-3007
-3775
-4059
-4072
-4064
-4009
-4004
-3981
-3759
-3488
-3030
-2076
-773
563
1875
2989
3587
3887
4017
3957
3725
3400
3160
2731
2060
1357
518
-362
-997
-1361
-1572
-1828
-2057
-2124
-2059
-1749
-1161
-495
9
447
918
1426
1909
2266
2597
2695
2626
2674
2629
2302
1893
1473
984
562
352
151
-134
-298
-351
-350
-305
-92
187
423
817
1246
1589
1953
2261
2499
2669
2765
2772
2631
2391
2070
1724
1417
1179
989
780
638
585
645
877
1092
1114
1023
806
525
422
501
651
756
729
575
287
12
125
590
1139
1737
2190
2244
1850
929
-631
-2831
-5250
-6986
-7628
-7440
-6921
-6748
-7373
-8323
-8627
-7900
-6288
-4356
-2504
-960
264
1511
2630
3261
3554
3730
3901
4177
4216
3655
2475
856
-720
-1873
-2743
-3357
-3757
-4158
-4449
-4588
-4637
-4561
-4257
-3600
-2575
-1400
-189
1034
2047
2870
3570
4000
4101
3981
3814
3644
3361
2911
2323
1587
857
331
-66
-513
-1023
-1473
-1685
-1608
-1389
-1107
-945
-898
-664
-144
554
1216
1654
1896
1955
1993
2106
2095
1892
1535
1156
784
490
362
252
94
-30
-153
-316
-342
-155
158
548
956
1294
1554
1820
2105
2333
2468
2501
2430
2325
2157
1960
1744
1426
1142
921
798
787
838
971
1031
1004
944
806
660
560
577
631
639
672
607
481
423
463
667
990
1402
1779
1974
2024
1704
766
-782
-2842
-5002
-6542
-7069
-6846
-6336
-6133
-6508
-7058
-7357
-6991
-5935
-4563
-3087
-1631
-316
801
1572
1986
2161
2307
2633
3062
3281
2969
2180
1083
-23
-919
-1643
-2076
-2417
-2616
-2578
-2572
-2683
-2914
-3112
-3013
-2525
-1715
-655
307
1024
1617
2006
2164
2267
2347
2425
2596
2635
2448
2043
1510
1179
1053
1082
1107
853
394
-80
-399
-510
-443
-320
-237
-230
-296
-285
-298
-321
-149
84
331
632
747
696
582
442
487
686
903
1088
1152
1062
935
820
746
759
767
844
985
1104
1280
1436
1518
1587
1575
1497
1472
1508
1530
1592
1592
1436
1226
1088
1109
1233
1364
1481
1463
1313
1214
1140
1043
931
747
573
424
250
159
76
-81
-181
-175
-125
-15
233
514
712
919
1062
1022
793
286
-669
-2097
-3633
-4856
-5573
-5666
-5381
-5268
-5542
-5973
-6260
-6213
-5677
-4741
-3708
-2582
-1400
-292
558
1094
1415
1609
1916
2372
2755
2861
2638
2106
1412
667
-46
-650
-1108
-1381
-1472
-1578
-1905
-2408
-2986
-3395
-3387
-2936
-2089
-1171
-420
143
373
411
535
828
1290
1913
2530
2921
3104
3081
2887
2599
2201
1781
1332
928
648
370
121
-132
-476
-757
-974
-1181
-1261
-1185
-993
-648
-177
237
491
645
733
820
950
1195
1443
1551
1666
1652
1468
1276
1067
908
921
1040
1184
1297
1313
1245
1139
1083
1042
1029
1167
1397
1588
1699
1674
1372
1016
806
689
641
585
474
320
206
209
260
211
98
36
11
109
325
439
458
405
368
451
583
712
802
764
747
840
948
1026
1056
993
896
824
652
165
-777
-2052
-3367
-4409
-4986
-5098
-5089
-5148
-5273
-5400
-5355
-5108
-4673
-4079
-3391
-2578
-1623
-707
19
516
773
973
1227
1531
1819
1939
1824
1497
1038
504
-10
-461
-780
-906
-950
-1022
-1213
-1577
-1991
-2294
-2369
-2167
-1768
-1298
-794
-331
11
239
420
610
877
1269
1725
2075
2220
2184
1998
1779
1583
1425
1325
1245
1216
1228
1210
1085
815
506
244
145
235
407
553
571
470
329
204
155
181
322
483
598
710
713
614
522
454
458
543
684
838
924
926
899
882
900
1021
1224
1408
1521
1548
1489
1396
1306
1263
1204
1080
947
799
687
620
522
407
234
35
-83
-118
-154
-187
-177
-204
-172
-109
-121
-179
-291
-325
-287
-220
-119
-73
-80
-43
54
133
164
204
241
268
342
395
355
242
109
-67
-352
-733
-1233
-1755
-2211
-2595
-2888
-3125
-3352
-3498
-3535
-3481
-3394
-3349
-3284
-3100
-2786
-2336
-1774
-1252
-859
-540
-255
-17
140
296
466
541
615
624
525
377
240
186
177
154
124
73
23
38
133
228
294
394
461
569
705
814
877
852
771
621
423
259
176
183
287
409
487
517
513
526
609
679
757
866
947
1048
1140
1188
1215
1192
1182
1175
1096
982
831
665
510
360
156
-83
-314
-517
-643
-689
-728
-739
-684
-622
-546
-446
-289
-98
216
617
938
1191
1398
1558
1712
1883
1990
1990
1955
1881
1791
1620
1318
912
468
101
-169
-340
-499
-682
-898
-1064
-1151
-1179
-1124
-1048
-945
-782
-564
-332
-88
103
216
301
407
513
584
637
618
549
467
423
352
213
28
-209
-408
-541
-601
-604
-598
-619
-686
-763
-908
-1087
-1249
-1336
-1339
-1348
-1350
-1441
-1623
-1798
-1863
-1853
-1800
-1721
-1673
-1648
-1602
-1525
-1426
-1325
-1201
-980
-683
-322
56
344
530
678
806
985
1158
1258
1299
1232
1139
1084
1013
893
738
515
272
60
-77
-141
-192
-226
-246
-318
-445
-514
-560
-582
-543
-491
-464
-412
-300
-119
109
290
430
516
561
635
740
821
879
932
959
946
869
755
594
446
372
334
224
54
-109
-275
-303
-173
-3
124
184
229
287
370
544
690
744
800
857
874
879
881
822
751
672
599
486
346
232
163
113
96
96
69
66
102
131
141
166
182
283
445
603
725
732
667
583
485
336
151
-89
-289
-380
-413
-416
-509
-684
-829
-874
-805
-680
-578
-514
-447
-327
-138
48
160
232
328
452
615
726
698
553
308
50
-181
-386
-584
-772
-952
-1159
-1379
-1594
-1779
-1864
-1855
-1774
-1687
-1608
-1498
-1362
-1163
-917
-669
-472
-280
-95
25
121
193
257
303
355
390
299
140
-14
-150
-214
-213
-208
-222
-261
-288
-261
-186
-117
-30
48
87
119
126
89
-18
-167
-320
-448
-537
-576
-577
-592
-591
-562
-538
-483
-393
-291
-114
159
505
841
1128
1327
1407
1451
1519
1604
1687
1733
1715
1610
1429
1193
907
600
310
74
-77
-162
-210
-285
-395
-521
-628
-670
-596
-395
-129
186
503
740
873
953
1030
1113
1248
1413
1530
1567
1498
1367
1117
811
518
232
36
-55
-101
-170
-299
-476
-626
-731
-702
-602
-511
-385
-271
-179
-91
-6
37
63
105
155
178
146
124
71
-27
-102
-208
-335
-427
-420
-375
-313
-254
-256
-285
-318
-345
-345
-331
-299
-226
-150
-120
-182
-327
-512
-718
-871
-915
-956
-982
-989
-1032
-1098
-1162
-1196
-1206
-1193
-1114
-982
-847
-701
-542
-445
-370
-274
-190
-76
35
137
198
191
163
125
33
-20
-53
-105
-142
-199
-266
-346
-418
-474
-499
-516
-506
-467
-398
-324
-240
-151
-46
58
148
252
315
372
474
600
726
828
888
921
937
976
1011
1020
982
944
900
851
830
759
671
596
514
453
398
326
280
259
258
288
281
227
214
228
264
340
394
386
350
356
374
387
389
362
282
217
217
226
240
272
269
250
264
267
241
206
175
159
166
214
247
235
186
109
19
-84
-155
-206
-254
-268
-274
-288
-316
-372
-442
-506
-535
-489
-371
-240
-113
-22
21
32
30
35
48
78
158
238
241
170
6
-232
-442
-570
-648
-693
-743
-796
-872
-955
-1009
-1080
-1126
-1125
-1033
-882
-693
-497
-356
-263
-233
-189
-156
-105
-25
53
102
70
8
-109
-246
-350
-431
-503
-546
-564
-548
-515
-511
-510
-550
-580
-543
-444
-299
-151
-29
68
131
166
199
216
226
273
332
398
436
408
378
315
268
249
229
224
251
346
451
560
613
602
556
515
531
590
668
746
812
833
804
731
626
505
421
399
417
428
406
337
198
55
-40
-69
-34
67
178
253
293
303
298
281
282
292
307
351
391
430
442
413
375
316
246
221
214
241
289
307
281
194
77
-3
-52
-64
-46
-24
-17
0
18
11
-20
-73
-135
-191
-225
-243
-276
-306
-349
-414
-457
-473
-488
-481
-441
-396
-354
-306
-299
-352
-427
-475
-465
-379
-266
-197
-220
-308
-410
-481
-501
-520
-545
-603
-648
-637
-614
-578
-547
-536
-531
-476
-406
-341
-289
-261
-225
-186
-156
-130
-133
-190
-257
-301
-364
-398
-431
-480
-530
-592
-619
-612
-582
-498
-421
-360
-291
-241
-198
-139
-63
16
127
241
344
425
441
435
401
355
337
341
371
430
469
496
492
443
401
360
365
382
435
495
540
569
548
523
469
466
490
567
654
703
712
668
595
534
510
512
536
558
560
558
531
486
435
373
338
346
391
454
506
529
500
459
407
352
345
329
372
397
384
369
277
178
72
-16
-73
-95
-74
-40
-36
-71
-142
-216
-266
-261
-237
-215
-197
-179
-154
-126
-123
-165
-213
-255
-241
-194
-148
-105
-96
-99
-102
-116
-177
-270
-346
-403
-433
-453
-491
-556
-654
-710
-753
-801
-837
-855
-830
-794
-721
-673
-685
-712
-717
-672
-611
-510
-436
-419
-416
-418
-441
-449
-458
-476
-490
-507
-507
-503
-486
-485
-477
-502
-533
-543
-533
-473
-383
-291
-212
-164
-160
-145
-136
-109
-57
24
92
185
252
292
310
297
297
307
354
416
499
560
608
638
632
619
590
572
575
607
643
673
684
656
611
561
518
488
477
492
530
559
580
596
569
547
543
578
627
693
777
831
866
890
881
834
775
715
668
636
615
597
547
479
395
299
207
132
78
29
11
-11
-38
-60
-90
-127
-179
-214
-231
-239
-207
-161
-138
-122
-125
-141
-157
-169
-171
-164
-140
-109
-97
-93
-136
-203
-270
-315
-341
-358
-357
-375
-418
-458
-513
-588
-653
-711
-732
-726
-700
-643
-623
-619
-628
-680
-732
-767
-777
-743
-673
-618
-594
-607
-664
-708
-722
-722
-707
-681
-650
-614
-585
-560
-564
-590
-586
-537
-473
-389
-321
-288
-277
-273
-263
-262
-269
-247
-197
-143
-63
2
20
18
20
53
91
165
257
322
387
435
466
453
446
457
480
537
593
634
640
622
612
606
610
637
655
673
692
704
698
688
674
667
685
701
727
721
701
689
683
688
690
692
672
654
654
668
684
678
672
638
591
567
523
501
473
455
452
436
398
352
290
222
179
143
127
100
62
37
-18
-62
-116
-171
-226
-272
-294
-307
-300
-317
-336
-379
-412
-419
-389
-335
-292
-280
-298
-325
-361
-364
-349
-318
-302
-266
-257
-276
-308
-377
-450
-523
-559
-566
-571
-570
-580
-623
-687
-745
-801
-857
-864
-859
-821
-775
-745
-695
-702
-699
-689
-682
-620
-558
-485
-425
-411
-415
-427
-436
-447
-438
-433
-425
-387
-359
-342
-347
-388
-424
-436
-399
-336
-245
-146
-74
-3
31
47
29
30
64
114
206
278
337
354
344
334
307
296
329
381
467
552
622
633
612
596
567
595
641
704
764
803
823
812
768
711
659
612
619
634
670
684
646
598
522
453
434
462
498
576
631
650
656
627
597
570
564
560
576
575
578
546
483
380
269
167
76
60
41
43
19
-40
-99
-177
-222
-246
-239
-211
-174
-122
-83
-73
-70
-103
-130
-157
-164
-145
-136
-121
-126
-156
-207
-281
-352
-414
-452
-456
-445
-434
-457
-498
-554
-609
-633
-630
-608
-584
-553
-549
-549
-562
-581
-576
-568
-528
-481
-438
-402
-382
-386
-415
-452
-497
-521
-519
-475
-428
-399
-390
-420
-473
-508
-538
-520
-492
-432
-368
-322
-300
-319
-339
-374
-351
-296
-215
-132
-75
-49
-45
-35
-21
26
77
135
202
245
287
312
308
298
288
281
299
333
376
409
431
430
423
412
416
430
434
472
491
520
551
550
542
514
493
497
512
550
598
618
642
651
634
629
601
601
606
623
657
666
650
614
568
508
484
456
439
429
407
382
343
294
235
172
123
110
92
118
106
73
21
-58
-115
-166
-178
-180
-169
-159
-153
-155
-151
-153
-163
-153
-161
-152
-128
-130
-128
-173
-231
-289
-361
-396
-422
-441
-455
-451
-448
-453
-457
-462
-473
-460
-425
-401
-378
-374
-388
-405
-436
-467
-491
-512
-495
-464
-438
-433
-451
-485
-511
-513
-502
-476
-469
-438
-414
-409
-396
-416
-437
-456
-442
-399
-364
-302
-260
-246
-218
-217
-207
-180
-154
-94
-55
-31
-14
-37
-53
-67
-82
-70
-36
11
65
119
136
142
150
160
197
256
320
384
434
455
447
404
351
304
285
288
324
347
359
357
329
305
277
276
298
349
427
476
514
511
473
435
418
407
413
438
449
463
459
435
395
331
289
277
297
324
364
362
338
306
248
215
179
168
181
212
238
253
233
169
116
61
34
47
68
108
133
131
114
48
-23
-82
-120
-125
-102
-67
-46
-37
-49
-78
-125
-152
-169
-152
-100
-56
-10
-3
-32
-76
-133
-175
-199
-200
-191
-171
-182
-205
-266
-358
-432
-493
-496
-464
-412
-366
-371
-399
-449
-521
-549
-558
-540
-467
-400
-322
-280
-286
-310
-356
-383
-345
-306
-205
-124
-72
-37
-77
-134
-224
-288
-321
-308
-259
-203
-166
-168
-201
-243
-295
-307
-266
-210
-106
-10
54
89
70
44
6
5
39
102
183
232
250
225
171
116
82
80
109
163
220
268
274
253
206
149
109
108
131
186
251
295
314
304
264
217
206
209
260
320
385
426
431
405
357
300
269
276
313
375
422
449
430
383
318
259
214
218
243
285
331
332
309
260
202
150
125
111
117
140
156
174
156
130
79
46
41
54
100
124
130
124
85
43
11
-35
-51
-61
-62
-40
-51
-59
-87
-122
-159
-173
-184
-198
-178
-177
-167
-165
-190
-231
-286
-341
-374
-384
-381
-360
-341
-348
-354
-375
-394
-400
-393
-365
-335
-295
-264
-251
-229
-241
-247
-259
-270
-269
-269
-255
-257
-255
-255
-270
-260
-253
-242
-211
-183
-157
-145
-129
-122
-131
-124
-118
-126
-124
-111
-109
-102
-100
-106
-124
-143
-147
-156
-153
-142
-118
-94
-53
-12
17
43
60
96
113
158
189
200
233
233
239
223
191
147
110
95
96
116
127
144
138
138
142
138
142
174
209
262
318
359
371
370
365
348
354
349
356
371
379
387
389
375
346
319
290
270
255
255
256
255
250
228
209
169
153
142
142
152
167
188
186
185
164
137
113
96
99
98
104
104
87
65
36
17
-7
-23
-28
-40
-45
-48
-64
-79
-116
-153
-186
-212
-215
-207
-204
-197
-219
-237
-263
-292
-299
-306
-294
-283
-272
-272
-262
-270
-264
-251
-260
-239
-231
-205
-171
-165
-145
-171
-205
-224
-259
-262
-264
-249
-234
-213
-205
-219
-235
-275
-288
-288
-256
-211
-159
-120
-107
-109
-133
-161
-182
-181
-171
-135
-93
-68
-55
-66
-83
-109
-111
-94
-62
-17
20
48
46
27
-14
-30
-52
-44
12
50
102
142
162
160
156
162
165
185
231
261
297
301
279
240
191
143
123
128
143
174
206
232
235
241
241
238
250
286
323
365
387
383
358
302
253
205
166
145
144
156
155
167
157
131
116
114
121
158
193
218
234
226
197
165
127
98
79
73
71
63
51
24
-9
-56
-75
-95
-88
-57
-33
-5
-5
-16
-38
-72
-95
-105
-102
-92
-66
-66
-75
-112
-160
-200
-242
-246
-250
-237
-219
-208
-204
-212
-231
-252
-261
-251
-218
-182
-142
-122
-119
-124
-140
-140
-148
-135
-127
-113
-103
-107
-128
-152
-177
-211
-199
-202
-193
-181
-174
-176
-170
-166
-169
-156
-149
-125
-91
-65
-43
-32
-35
-62
-68
-80
-95
-76
-64
-53
-44
-36
-40
-35
-10
10
48
89
117
134
140
124
97
84
66
59
68
78
76
75
69
40
33
25
31
65
105
149
190
221
231
236
237
232
237
256
271
281
289
267
236
199
159
128
111
98
103
108
99
91
77
56
43
59
69
84
115
127
135
135
128
112
97
95
97
102
115
108
86
65
22
-17
-33
-52
-45
-37
-21
-24
-31
-45
-63
-79
-90
-90
-83
-74
-68
-58
-75
-95
-116
-143
-163
-157
-162
-150
-132
-137
-131
-138
-143
-158
-157
-146
-137
-105
-90
-61
-64
-71
-77
-109
-115
-118
-107
-89
-71
-61
-63
-83
-95
-114
-114
-101
-94
-68
-58
-57
-60
-78
-101
-112
-116
-104
-72
-51
-36
-21
-36
-46
-47
-58
-58
-47
-30
-15
5
15
11
-7
-15
-29
-34
-25
-16
14
28
57
70
65
63
63
66
80
104
113
126
126
129
114
96
86
59
65
79
96
120
128
135
125
111
114
103
98
114
125
128
136
132
97
76
66
42
54
70
85
104
122
126
124
122
115
118
122
130
140
129
111
91
53
27
10
2
-12
6
17
6
24
18
4
-7
-6
-19
-12
-5
11
5
-1
-15
-51
-77
-98
-99
-109
-100
-90
-94
-94
-96
-111
-123
-131
-133
-127
-116
-97
-91
-89
-90
-97
-117
-108
-102
-99
-69
-46
-49
-47
-53
-76
-84
-98
-84
-91
-87
-72
-91
-96
-114
-122
-131
-130
-115
-99
-80
-67
-50
-55
-60
-49
-64
-52
-28
-29
-2
8
9
5
-6
-12
-29
-20
-14
0
-1
15
16
11
25
32
39
48
67
77
74
77
70
45
46
41
36
37
44
40
45
52
61
65
82
95
109
128
131
148
133
126
128
113
106
115
114
108
121
119
104
103
90
87
77
87
94
92
106
103
90
80
63
47
44
36
50
47
52
61
64
64
68
69
53
66
57
52
49
30
10
-16
-40
-57
-73
-84
-73
-79
-73
-64
-80
-83
-93
-95
-89
-85
-71
-64
-67
-71
-68
-95
-99
-100
-116
-102
-96
-99
-97
-112
-119
-136
-131
-119
-109
-91
-68
-55
-48
-31
-36
-51
-50
-59
-64
-61
-62
-63
-84
-91
-111
-129
-145
-150
-142
-141
-110
-84
-73
-54
-33
-34
-11
10
33
63
85
103
104
96
80
63
44
48
47
48
55
54
33
26
10
1
6
14
43
52
76
90
84
83
71
72
67
86
104
122
130
132
125
100
89
73
68
70
84
97
101
109
98
87
76
69
60
70
81
91
100
99
88
56
46
24
18
30
37
51
53
52
46
30
17
11
7
13
29
36
40
38
20
12
-11
-10
-9
-21
-2
-13
-20
-36
-57
-89
-117
-112
-130
-114
-101
-101
-93
-98
-101
-101
-107
-90
-80
-71
-44
-45
-46
-59
-80
-106
-119
-122
-129
-116
-112
-106
-105
-103
-100
-101
-91
-79
-53
-40
-24
-12
-23
-31
-42
-49
-55
-57
-54
-52
-57
-53
-56
-60
-61
-54
-44
-29
-10
2
20
20
28
23
18
18
14
23
37
40
49
57
52
56
56
55
63
66
81
91
90
92
85
75
66
56
51
42
43
47
55
54
57
61
58
64
78
78
95
101
94
101
91
76
62
60
44
43
55
39
43
30
20
31
22
40
56
62
75
81
88
73
71
65
51
46
49
33
36
31
11
16
7
-10
0
0
-3
11
4
10
-5
-11
-11
-26
-25
-26
-30
-30
-36
-37
-40
-49
-52
-53
-50
-62
-53
-50
-65
-57
-62
-70
-72
-77
-79
-83
-84
-86
-86
-83
-90
-83
-77
-76
-74
-52
-60
-48
-40
-45
-32
-47
-43
-50
-55
-61
-62
-67
-75
-73
-75
-61
-66
-49
-42
-43
-34
-31
-21
-22
-6
0
9
11
16
16
7
8
-1
4
-3
0
9
0
7
11
5
15
16
24
38
40
51
54
52
49
43
46
46
44
53
61
60
55
65
57
47
52
42
45
39
43
43
42
38
32
35
31
31
44
51
54
67
70
80
74
83
78
77
84
74
86
77
69
64
55
36
28
26
13
18
17
21
20
22
19
19
24
19
30
28
22
19
11
-1
-17
-28
-35
-41
-44
-37
-37
-41
-44
-41
-47
-47
-41
-40
-27
-25
-17
-21
-23
-38
-47
-47
-64
-54
-62
-58
-55
-70
-65
-74
-95
-88
-86
-89
-65
-65
-52
-47
-51
-45
-49
-52
-48
-46
-40
-29
-32
-26
-35
-45
-49
-61
-59
-58
-63
-52
-52
-58
-47
-49
-50
-36
-34
-19
-4
4
15
20
17
12
15
6
14
15
15
22
22
6
11
-1
-11
2
3
22
26
39
39
40
38
31
40
33
39
45
55
50
55
55
36
51
41
47
61
64
69
74
73
61
60
56
54
52
62
71
71
74
73
69
52
59
57
58
66
79
76
78
74
57
56
41
37
42
42
38
38
30
19
2
-2
-7
-12
-2
-1
6
7
-1
1
-7
-15
-15
-13
-16
-15
-14
-18
-30
-38
-49
-47
-62
-53
-48
-51
-42
-40
-37
-49
-43
-51
-50
-42
-42
-40
-32
-40
-51
-44
-56
-66
-52
-52
-55
-36
-38
-39
-41
-47
-53
-58
-55
-54
-50
-53
-50
-60
-66
-65
-72
-60
-51
-40
-21
-16
0
-10
4
-7
-9
0
0
4
5
12
1
0
-13
-10
-21
-18
-12
-7
0
-6
4
-6
-4
-7
2
8
10
25
25
26
29
20
22
23
19
31
34
32
39
35
31
34
26
32
39
32
43
51
38
42
38
35
29
35
40
30
48
43
41
45
44
37
41
42
48
50
49
53
47
41
29
28
13
8
13
0
5
4
-1
-2
0
-1
-3
13
4
16
15
15
15
5
8
-6
-11
-15
-14
-26
-22
-20
-28
-24
-28
-25
-26
-29
-19
-17
-22
-14
-14
-17
-25
-19
-26
-35
-27
-33
-30
-32
-32
-29
-34
-36
-37
-37
-40
-38
-42
-32
-28
-41
-23
-28
-29
-27
-27
-17
-27
-20
-7
-14
-11
-6
-8
-18
-16
-13
-30
-25
-21
-33
-25
-26
-26
-17
-21
-3
-5
8
15
13
26
21
24
22
23
20
16
15
9
5
-7
-3
-9
-14
-9
-1
-1
5
21
11
25
19
27
32
21
39
37
36
45
41
42
38
37
31
29
29
24
21
19
23
16
14
27
15
20
27
25
28
29
23
26
20
14
19
10
12
16
9
14
14
6
5
0
-3
-2
-10
-1
-7
-6
1
-3
-2
6
4
7
16
7
15
6
-5
-1
-14
-21
-13
-26
-18
-20
-19
-24
-19
-16
-22
-14
-16
-7
-23
-13
-14
-24
-23
-23
-18
-24
-17
-18
-20
-23
-27
-32
-29
-34
-31
-27
-28
-26
-26
-28
-25
-25
-30
-11
-17
-17
-4
-10
-16
-11
-10
-19
-10
-3
4
8
16
22
10
13
1
-8
-10
-20
-21
-15
-19
-15
-4
-6
2
10
17
18
25
35
21
29
29
14
18
19
13
17
26
21
23
24
19
8
12
5
4
10
16
17
23
33
23
32
30
25
32
28
29
32
24
18
20
11
0
11
11
3
18
20
15
16
10
8
-3
4
-4
6
8
0
17
3
3
5
-1
-3
5
5
0
10
1
-12
-7
-22
-21
-19
-20
-7
-3
-3
4
0
-4
-4
-14
-8
-7
-13
-7
-5
-16
-10
-16
-18
-15
-25
-14
-23
-25
-30
-38
-34
-47
-34
-37
-24
-21
-8
2
-4
7
0
-1
-11
-5
-16
-12
-19
-19
-12
-24
-14
-13
-12
-11
0
-11
2
1
-2
2
1
6
2
10
10
13
17
14
12
18
9
3
10
9
3
12
19
17
19
23
18
18
14
8
11
9
11
8
14
10
7
9
5
3
10
15
9
18
26
12
15
18
10
11
9
13
12
7
5
3
-1
-10
-5
-12
-6
-2
-5
1
-1
-3
-10
-7
-7
-15
2
0
-4
8
1
-3
-8
-6
-12
-16
-13
-6
-13
-11
-5
-16
-6
-9
-7
-9
1
-6
-13
-5
-14
-20
-13
-14
-13
0
-11
-1
0
-9
-6
-11
-11
-7
-11
-7
-3
-4
-5
-2
0
-5
0
-6
-2
-2
-7
-8
-2
-5
-2
5
4
7
9
5
0
0
-7
-9
-5
-6
-11
0
3
-7
6
18
5
17
22
20
15
9
15
4
2
6
12
12
17
17
15
16
5
4
8
6
7
15
19
16
16
20
11
9
12
13
8
10
10
2
4
-6
0
2
-4
7
11
12
6
8
10
-3
-1
3
-2
0
-3
2
-3
-8
-2
-6
-5
-4
3
5
0
8
5
2
-2
3
-4
-4
-2
-10
-5
-3
-10
-6
3
1
-6
2
3
-5
-7
-4
-2
-8
-1
-1
2
1
2
-1
0
-2
-9
-10
-15
-17
-24
-24
-15
-16
-13
13
2
17
17
10
13
-2
1
-1
-5
-4
-1
-7
-10
-13
-15
-22
-19
-17
-19
-12
-17
-20
-15
-22
-18
-14
-6
0
3
13
3
10
1
-9
-7
-3
-8
-7
4
-4
-2
-10
-8
-14
-10
-15
-8
3
-12
-5
-1
-9
-5
-1
6
10
20
22
16
31
9
12
16
9
8
10
12
-3
8
-11
-11
-8
-8
-6
-1
13
6
13
13
9
11
7
11
14
12
14
16
11
8
13
10
9
13
10
13
1
3
-2
-7
-2
-6
10
14
12
24
24
20
11
15
8
11
2
8
10
-6
7
1
-8
2
7
