SAMPLES:	14422
BITSPERSAMPLE:	16
CHANNELS:	1
SAMPLERATE:	16000
NORMALIZED:	FALSE
1
9
21
12
10
-1
-12
-11
-9
2
-2
-2
10
9
17
12
5
4
1
-9
-5
-2
-3
4
-5
5
-1
9
7
-1
-5
-5
2
-9
2
6
-5
-5
0
-6
1
-4
-4
-3
-14
2
6
-6
-5
7
18
3
-2
9
12
-1
0
18
-2
7
-3
-1
-5
-12
-4
2
10
-12
2
-3
-6
-12
-6
0
-5
-5
2
7
5
11
4
11
4
-1
-7
-10
-3
2
6
3
-7
-6
-1
-18
-12
-9
-11
-7
-8
-9
-5
-5
-8
10
3
4
1
-1
0
-14
-3
-4
1
15
0
0
0
-6
-3
0
3
12
-3
-9
5
-3
8
14
10
9
3
1
-3
0
-2
0
1
9
16
18
6
3
2
11
-4
5
5
-6
-6
-2
4
-1
9
1
12
6
7
10
8
6
-7
0
-16
-9
-15
-13
0
-13
-9
-2
4
-2
-9
-11
-4
5
-2
8
9
2
3
4
6
5
-5
12
0
-7
2
-7
4
-2
-7
4
20
15
-3
-1
5
-14
5
9
8
-3
-13
4
-11
9
2
4
10
8
14
1
5
11
16
5
5
16
16
4
7
9
5
12
9
3
-4
-10
-7
-8
-2
-7
6
14
5
2
-8
2
-4
-6
3
-9
7
9
-12
-5
0
7
13
8
0
1
4
4
0
-8
2
0
-9
-7
-4
-2
-4
-4
-1
-2
-1
5
2
1
9
14
10
10
7
-2
-2
12
1
9
6
-3
-5
-2
-15
-3
1
0
3
-14
7
-11
-15
-7
-7
-9
-9
-4
5
0
-1
2
-10
-9
-3
1
2
5
0
10
9
-5
5
19
16
3
8
7
5
9
-2
10
7
16
15
4
14
11
14
7
3
-1
3
7
4
5
11
10
-5
8
6
3
5
-13
-4
-2
1
1
-1
-2
-6
-3
-17
-6
3
6
13
10
5
14
9
2
7
-3
-9
-4
-2
-2
-9
-7
-1
-11
-14
-12
5
11
7
5
7
1
9
6
6
2
-11
-9
0
10
9
11
-3
6
-2
-9
-6
-3
-6
-10
-11
-7
-8
2
14
8
11
8
10
0
8
9
-4
-5
-5
-9
-8
-3
-12
-23
-8
-13
-5
1
-18
-2
-4
2
8
-5
-4
0
10
6
0
-4
-12
-13
-10
-10
-4
-8
-4
3
-8
-5
5
-3
-8
4
4
-6
-7
-9
-11
-15
-14
-3
-6
2
0
4
8
2
1
-6
-11
5
7
1
8
7
10
1
18
13
6
14
14
18
16
13
7
24
11
13
11
5
7
12
19
2
13
6
3
8
1
4
8
-1
-10
-11
-9
-9
-21
-24
-6
-9
-10
-16
-3
-5
-10
-5
-16
-2
-1
-1
-3
-8
-2
0
0
-7
-17
-4
9
1
-1
-10
-10
5
-4
-10
-5
-9
-7
-1
10
4
-4
-8
-11
-4
-5
-9
1
-3
-10
-7
-12
3
11
-1
-3
-4
5
2
-4
7
5
0
-17
-13
-12
-11
13
2
-10
-15
-3
-9
-13
-11
1
-7
-14
4
-5
0
-4
0
4
0
13
12
-1
12
6
14
27
26
18
11
5
2
9
0
2
1
-5
-6
6
13
-2
-8
7
4
-4
-3
0
-8
-4
13
-4
-6
5
7
8
5
-1
5
1
3
9
0
1
-1
-16
-13
7
5
10
9
-2
4
7
-2
-1
2
8
11
0
2
3
7
10
-3
4
2
-4
13
2
-4
3
4
4
-2
-4
-6
-9
5
8
-3
0
-7
-2
2
-9
-3
-1
-2
2
-7
6
1
-10
-4
-7
-7
-20
-28
-5
-8
-12
-8
-6
-9
-8
-2
-17
-17
-2
-10
-15
-7
2
-2
-2
-5
-2
2
-12
-18
-14
-12
-19
-14
-1
-7
-3
3
-6
-13
-7
-4
-13
6
-3
-1
16
6
8
10
6
6
3
0
9
6
4
2
4
-1
2
8
-5
-4
-14
-19
-5
-13
-2
13
-2
2
0
9
12
4
3
14
13
6
17
15
10
16
21
16
16
4
9
7
0
5
4
4
10
7
-1
16
13
0
-5
-9
-4
-2
4
9
0
0
-3
-8
-8
-5
-2
-3
0
-2
0
14
4
3
7
-1
4
-8
3
4
3
-1
-5
3
-1
3
-19
-15
-12
-18
-1
-10
1
-7
-11
0
-17
-5
-2
-17
-4
5
0
-3
1
4
7
3
3
2
-4
8
-4
-7
2
10
-6
-3
3
2
0
2
3
-3
4
0
4
6
3
1
12
4
3
-1
2
-2
-6
-6
-3
-1
-6
7
-2
-7
4
1
-9
13
-3
-7
-10
-14
6
1
3
-4
2
-3
-2
-11
-6
3
-1
1
-8
-4
4
8
8
4
8
10
14
13
1
0
6
9
1
6
17
14
12
10
12
23
17
4
6
-2
3
1
-2
-11
-10
-13
-14
-5
-15
4
2
-4
3
7
7
-3
-5
-3
8
11
4
9
6
11
6
-3
5
5
-9
4
1
1
-4
-5
2
-7
5
-6
-7
-1
-4
0
-4
6
0
-9
-5
2
11
7
7
2
9
12
11
15
2
7
-8
-8
6
-2
-3
-8
3
-2
-6
-6
-3
-5
-12
-4
-13
-10
-4
0
-1
-1
4
-11
7
-3
-7
5
-4
2
3
2
12
6
8
16
7
12
-1
-2
3
-1
-5
2
-8
1
7
-2
3
-5
-8
-16
-4
-2
-14
-4
-7
-9
0
-8
-12
-2
1
6
7
10
13
13
11
3
1
7
10
7
11
15
7
1
-1
2
10
14
12
10
8
-6
-4
-2
-3
1
2
-3
1
8
-2
2
4
6
12
-6
6
-3
-3
14
-5
-6
-9
-2
17
2
-2
-5
-6
-1
-4
-10
-7
-4
1
-7
-14
-10
-7
-1
1
1
-1
-6
1
6
13
5
-5
4
5
18
2
4
20
6
3
4
-9
-3
-4
-7
-18
-22
-9
-13
-13
-13
-18
-31
-25
-17
-20
-10
-10
-16
-14
-10
-3
4
0
2
6
0
6
-4
2
10
11
1
-6
-9
4
0
-4
-11
-9
1
-6
1
-6
-20
-4
0
-11
-1
-2
2
0
-7
-1
10
-1
-15
-2
-8
-5
-1
-3
4
-6
3
19
15
10
13
14
18
10
7
2
12
17
1
10
3
12
6
-1
6
-4
-3
7
-3
-6
-3
1
-1
0
3
-4
11
10
14
12
5
9
5
-1
8
8
8
18
7
15
4
-2
-6
-1
3
-19
-9
-15
-13
-17
-22
-13
-17
-7
-1
-6
-13
-10
-8
-8
-11
0
-1
-4
-2
-8
-7
-21
-19
-19
-7
-3
-12
-14
-14
-10
-8
0
-4
0
5
-7
5
0
-15
-5
5
6
4
10
-4
5
2
10
-2
-9
3
-2
1
2
1
1
15
3
9
7
3
17
10
9
5
9
14
-1
5
16
10
12
20
6
3
13
9
2
0
-10
-7
-2
-6
5
8
3
3
-5
-3
-6
-12
-13
-9
1
-5
-6
-4
7
6
-17
3
-1
-1
8
-5
4
5
2
-1
3
-8
7
3
1
7
-4
1
-8
-4
4
-1
-7
-2
3
10
-4
-6
-1
-2
6
4
9
-2
-2
-8
-19
-12
-4
-7
-13
-11
-18
-8
-14
-15
-12
-9
4
-4
-1
-4
-11
-4
7
6
2
8
1
-6
-7
-3
-7
3
6
-6
-2
2
4
8
7
3
13
20
17
8
9
7
3
-3
3
4
11
11
-7
-4
7
14
10
3
8
2
3
7
7
3
5
5
4
7
-8
4
2
-15
1
-5
-2
10
-8
8
13
13
19
12
10
2
7
0
10
4
-8
-5
-6
3
-1
2
8
8
-5
-7
3
-6
-2
-14
-18
-5
-10
-2
-10
-11
-4
-19
-5
-6
-4
-3
-11
3
9
-4
-1
-1
-9
2
-3
1
-7
-9
-5
-11
-4
-7
-15
-7
-14
-8
4
2
3
3
10
-7
-4
6
-12
4
-4
0
6
-10
4
-1
2
-1
-9
0
2
-9
-7
3
-6
8
9
1
0
-5
0
0
-8
0
7
0
0
2
-6
-1
-1
8
9
-2
0
9
6
-4
3
7
17
8
-2
0
8
-4
-4
-10
3
13
8
-3
2
18
4
10
1
-6
-7
5
1
4
13
11
17
11
7
-2
-1
3
-12
-6
-7
-1
-3
-1
3
-10
-1
-1
0
-5
-10
-12
-10
-11
-19
-17
-23
-16
-4
-4
-6
-6
-1
-8
-2
0
-1
5
-4
-2
4
0
3
-6
-5
0
-2
3
-8
1
-4
-2
0
-10
-8
0
5
-1
19
8
2
18
11
19
21
16
20
8
13
3
12
17
6
9
5
1
-1
2
0
-3
2
14
11
21
14
11
13
13
4
9
9
9
14
3
24
12
8
11
20
20
15
0
-8
4
-4
-2
7
-7
-6
2
4
8
3
4
-6
-1
-8
5
12
9
6
6
10
6
20
10
16
7
-3
1
4
3
1
1
5
3
1
3
-5
3
-8
-8
-2
-5
-8
-11
-2
-15
-2
7
-5
0
3
7
7
9
18
19
27
6
18
29
11
9
24
19
1
3
-1
1
-4
-7
-6
-13
-13
-12
-17
-3
-7
-7
0
-11
-17
-3
0
-5
-9
-12
-5
-9
-24
-22
-5
-15
-26
-23
-19
-23
-18
-11
-3
-1
-5
3
-1
8
15
15
11
19
28
9
1
11
12
12
21
18
4
9
1
1
11
7
8
5
2
-10
-7
-21
-25
-16
-29
-21
-37
-40
-46
-55
-39
-55
-64
-80
-72
-75
-83
-90
-82
-78
-86
-74
-82
-79
-70
-64
-60
-72
-86
-72
-69
-72
-75
-78
-58
-65
-64
-50
-46
-48
-52
-43
-45
-30
-24
-30
-20
-12
2
11
13
18
11
2
6
10
6
2
-6
-8
-2
-6
-3
-6
-4
-2
7
16
17
35
50
55
68
90
87
97
112
120
123
132
131
130
125
126
134
122
131
132
130
139
131
131
131
133
139
150
165
162
167
171
175
169
176
170
162
160
156
153
128
122
122
108
103
98
94
87
87
108
103
118
125
134
146
154
157
140
139
134
107
78
45
-4
-59
-114
-172
-251
-325
-394
-468
-535
-606
-681
-729
-766
-801
-807
-817
-819
-794
-765
-725
-664
-611
-535
-455
-393
-311
-234
-176
-100
-26
43
104
150
193
242
257
284
312
300
303
297
276
248
226
210
177
135
103
73
36
14
-1
-8
-4
7
12
29
62
97
142
172
221
273
309
348
383
420
450
461
481
499
499
493
493
457
439
425
372
346
317
273
242
217
183
165
137
126
117
96
88
82
91
99
99
121
136
149
172
198
233
261
305
337
380
416
452
503
531
552
580
600
611
622
593
536
469
375
278
164
14
-148
-336
-536
-722
-910
-1084
-1263
-1432
-1572
-1689
-1763
-1806
-1845
-1833
-1811
-1742
-1636
-1536
-1405
-1260
-1097
-943
-786
-626
-468
-325
-180
-46
84
182
242
325
381
428
447
467
464
456
446
423
401
368
342
307
276
255
231
213
182
170
164
147
151
142
142
135
138
123
124
140
123
122
119
131
139
146
165
187
202
217
235
250
264
283
293
285
293
285
258
252
221
197
168
128
83
54
44
14
-13
-16
-10
-7
21
54
85
125
170
227
283
337
400
458
508
556
604
657
696
739
761
793
804
813
833
815
813
801
754
707
659
609
568
498
416
348
289
237
184
122
79
65
46
44
60
82
119
155
189
227
268
275
257
237
200
125
29
-91
-252
-415
-600
-795
-994
-1199
-1390
-1588
-1767
-1923
-2038
-2138
-2196
-2205
-2210
-2194
-2126
-2032
-1911
-1777
-1643
-1482
-1307
-1121
-953
-797
-631
-479
-321
-167
-34
87
197
300
393
490
562
634
691
741
802
838
865
878
872
853
833
801
748
694
632
560
484
408
322
239
158
80
30
-27
-72
-97
-117
-117
-92
-68
-29
31
95
165
239
330
394
463
535
599
650
684
717
722
732
726
702
663
610
568
521
474
427
376
327
288
236
215
198
168
164
167
185
207
228
252
286
335
385
425
481
520
553
598
621
647
653
647
636
619
588
550
502
438
373
306
237
173
112
54
15
-16
-35
-47
-47
-28
-8
21
57
72
96
96
69
48
6
-64
-148
-254
-401
-555
-722
-908
-1064
-1242
-1439
-1613
-1758
-1885
-1996
-2086
-2139
-2164
-2167
-2137
-2075
-1989
-1905
-1789
-1673
-1544
-1405
-1271
-1127
-989
-836
-699
-570
-416
-272
-143
-19
119
242
370
490
610
726
815
918
981
1051
1114
1136
1152
1145
1138
1100
1051
994
910
813
701
599
502
403
287
194
112
46
-23
-76
-115
-146
-140
-128
-96
-44
14
61
134
212
301
391
463
531
601
682
737
765
799
819
829
843
839
817
792
752
714
674
620
575
525
465
422
377
327
293
250
231
209
195
190
192
198
195
210
231
243
281
306
317
353
371
393
408
415
433
429
430
425
424
428
432
431
432
425
416
431
440
431
431
436
410
386
334
278
192
99
-17
-163
-312
-481
-659
-869
-1054
-1259
-1457
-1657
-1816
-1976
-2121
-2234
-2316
-2363
-2410
-2405
-2378
-2318
-2252
-2156
-2049
-1934
-1790
-1669
-1527
-1391
-1256
-1112
-973
-849
-720
-581
-458
-333
-208
-72
47
169
306
422
556
665
788
889
972
1048
1090
1127
1137
1138
1117
1078
1010
927
843
754
654
543
449
348
268
179
107
71
15
-7
-10
-4
16
43
84
133
202
265
326
406
488
560
646
728
789
846
916
971
1013
1054
1072
1087
1088
1067
1044
1020
982
925
867
798
733
662
596
533
455
402
345
285
247
214
193
178
157
147
149
144
144
161
166
172
185
195
203
195
208
229
239
247
269
302
336
363
395
439
478
503
527
538
518
490
426
341
228
89
-65
-253
-463
-695
-932
-1176
-1413
-1656
-1893
-2095
-2289
-2458
-2584
-2683
-2752
-2766
-2764
-2710
-2628
-2550
-2426
-2291
-2120
-1963
-1807
-1623
-1464
-1297
-1114
-950
-801
-642
-481
-312
-164
-5
136
288
439
579
728
858
988
1102
1197
1275
1344
1390
1404
1408
1390
1359
1313
1251
1171
1074
974
872
759
661
563
464
398
329
266
217
186
158
148
148
158
175
200
245
285
336
391
446
523
574
628
700
746
794
844
896
933
948
955
964
957
934
907
865
827
779
727
659
611
584
543
500
471
448
424
411
415
419
416
408
394
392
383
375
358
350
322
289
267
253
247
222
232
225
235
249
272
314
347
379
406
415
387
368
303
209
114
-60
-223
-424
-643
-869
-1122
-1362
-1617
-1858
-2107
-2327
-2519
-2699
-2828
-2926
-2989
-3030
-3017
-2971
-2900
-2808
-2693
-2562
-2415
-2240
-2079
-1903
-1719
-1538
-1344
-1161
-970
-781
-600
-408
-219
-39
139
318
492
651
794
932
1067
1180
1261
1343
1408
1442
1468
1469
1451
1414
1380
1334
1272
1200
1129
1066
998
933
863
801
738
690
657
615
586
570
568
565
566
566
570
580
588
609
633
665
698
739
768
791
817
840
852
862
873
872
867
852
836
831
816
781
768
742
727
701
675
652
637
615
601
595
563
553
526
516
509
498
506
491
486
482
483
481
484
478
457
456
452
454
466
470
499
526
521
523
490
418
342
214
55
-134
-338
-568
-813
-1059
-1326
-1580
-1849
-2109
-2352
-2590
-2794
-2976
-3110
-3211
-3275
-3271
-3276
-3213
-3121
-3034
-2907
-2780
-2608
-2432
-2246
-2047
-1834
-1603
-1396
-1175
-973
-774
-576
-390
-189
-9
200
400
590
772
929
1074
1178
1240
1285
1317
1321
1324
1307
1283
1260
1222
1170
1108
1049
992
928
873
835
825
825
811
820
833
835
865
878
893
921
939
947
944
941
898
846
803
739
700
663
645
647
643
637
610
588
506
405
315
236
250
343
505
706
927
1132
1299
1403
1400
1294
1116
909
700
537
407
362
395
501
674
814
917
991
1023
974
888
790
680
591
548
580
659
771
912
1068
1177
1231
1220
1108
917
654
308
-67
-447
-810
-1158
-1474
-1745
-2022
-2279
-2551
-2861
-3143
-3438
-3702
-3928
-4067
-4119
-4114
-4009
-3850
-3654
-3439
-3217
-3019
-2816
-2633
-2465
-2285
-2090
-1861
-1608
-1308
-1015
-723
-418
-136
166
454
713
974
1213
1439
1651
1835
1962
2052
2094
2054
1965
1836
1675
1471
1269
1058
867
703
541
424
315
223
159
87
31
7
3
21
72
157
271
412
570
735
883
1013
1122
1183
1208
1230
1219
1209
1206
1204
1232
1253
1260
1263
1243
1207
1147
1057
964
859
759
665
592
563
533
530
544
544
551
549
549
543
542
549
561
590
647
714
778
845
921
981
1013
1040
1024
988
944
889
835
798
774
770
791
821
884
973
1045
1089
1083
1035
910
680
361
-51
-549
-1099
-1663
-2201
-2688
-3141
-3545
-3856
-4105
-4304
-4455
-4565
-4657
-4726
-4756
-4767
-4718
-4583
-4407
-4154
-3846
-3477
-3045
-2600
-2121
-1654
-1222
-811
-436
-104
201
469
722
988
1247
1510
1805
2084
2342
2563
2735
2838
2874
2848
2726
2551
2343
2092
1813
1533
1260
975
704
425
159
-73
-296
-452
-596
-685
-731
-743
-712
-658
-564
-445
-300
-129
79
309
562
805
1047
1283
1476
1635
1754
1841
1882
1883
1860
1826
1793
1735
1654
1575
1482
1375
1265
1134
991
872
748
643
555
485
441
423
414
417
430
461
503
564
637
716
787
872
966
1030
1090
1127
1129
1130
1106
1056
996
918
852
808
783
808
847
915
1001
1067
1099
1053
931
686
346
-108
-678
-1315
-2016
-2707
-3320
-3860
-4307
-4673
-4991
-5214
-5355
-5432
-5478
-5515
-5523
-5502
-5400
-5223
-4953
-4612
-4215
-3743
-3216
-2652
-2076
-1536
-1057
-606
-187
194
575
947
1302
1626
1950
2230
2499
2747
2944
3103
3191
3220
3183
3098
2991
2856
2658
2395
2062
1689
1335
1012
654
279
-56
-354
-606
-849
-1058
-1230
-1334
-1343
-1284
-1169
-1006
-808
-560
-245
54
362
661
945
1225
1508
1788
2024
2247
2429
2571
2669
2742
2761
2736
2702
2623
2520
2389
2228
2030
1806
1561
1304
1066
870
701
578
475
389
340
369
453
590
710
773
835
965
1150
1257
1279
1255
1228
1193
1208
1284
1435
1582
1654
1703
1740
1821
1819
1697
1512
1274
1013
722
414
35
-495
-1214
-2059
-2996
-3944
-4784
-5541
-6238
-6849
-7307
-7568
-7631
-7561
-7496
-7528
-7531
-7392
-7063
-6551
-5927
-5257
-4533
-3734
-2778
-1744
-834
-116
453
978
1509
2070
2577
3010
3348
3643
3951
4226
4396
4429
4331
4132
3915
3641
3307
2925
2486
2060
1638
1210
737
229
-301
-863
-1366
-1813
-2241
-2600
-2827
-2886
-2790
-2573
-2274
-1923
-1528
-1066
-568
-48
450
934
1431
1919
2438
2914
3304
3595
3807
3948
4011
4002
3927
3785
3558
3305
3027
2708
2362
2007
1638
1289
1002
757
568
416
279
204
167
171
211
282
444
664
937
1234
1511
1761
1982
2163
2259
2326
2346
2381
2432
2493
2554
2564
2526
2419
2317
2196
2019
1803
1498
1093
652
164
-491
-1376
-2443
-3622
-4753
-5739
-6535
-7227
-7830
-8223
-8463
-8609
-8678
-8735
-8881
-8952
-8779
-8322
-7614
-6752
-5718
-4634
-3581
-2544
-1604
-845
-243
305
873
1490
2208
2966
3669
4270
4704
4890
4851
4699
4442
4129
3823
3560
3388
3256
3106
2849
2435
1840
1125
389
-315
-973
-1613
-2140
-2523
-2744
-2869
-3008
-3096
-3152
-3198
-3082
-2699
-2221
-1708
-1054
-296
490
1250
1953
2513
2911
3197
3491
3777
4007
4198
4299
4314
4280
4246
4078
3730
3290
2807
2323
1878
1572
1359
1106
863
720
582
414
308
274
274
362
615
1005
1451
1911
2238
2487
2629
2639
2656
2649
2691
2783
2895
3053
3245
3294
3112
2917
2684
2368
2119
1894
1642
1385
1068
621
-35
-1016
-2334
-3801
-5191
-6298
-7107
-7789
-8251
-8432
-8687
-8996
-9097
-9302
-9729
-9947
-9755
-9195
-8312
-7126
-5794
-4546
-3498
-2595
-1780
-1130
-567
48
763
1667
2759
3758
4567
5131
5279
5060
4695
4336
4020
3791
3648
3648
3735
3651
3363
2924
2194
1274
382
-404
-972
-1384
-1804
-2109
-2283
-2614
-3048
-3398
-3763
-4029
-3987
-3594
-2867
-2082
-1331
-480
290
916
1550
2101
2460
2858
3397
3926
4456
4949
5148
5055
4838
4534
4192
3763
3302
2919
2526
2146
1921
1748
1383
983
635
289
68
25
53
186
404
631
1008
1449
1778
2084
2375
2573
2805
3075
3298
3519
3639
3716
3807
3752
3555
3333
3074
2790
2629
2531
2331
1996
1578
1062
382
-526
-1708
-3110
-4601
-5937
-6790
-7425
-8129
-8522
-8834
-9383
-9714
-9797
-10096
-10467
-10534
-10188
-9400
-8267
-6887
-5480
-4377
-3504
-2551
-1586
-832
-153
614
1463
2530
3696
4724
5478
5734
5596
5318
5005
4716
4454
4200
4002
3906
3740
3431
2972
2204
1228
399
-340
-895
-1098
-1354
-1727
-2018
-2412
-3040
-3647
-4175
-4555
-4649
-4440
-3735
-2769
-2002
-1252
-443
30
394
986
1574
2137
2912
3780
4575
5213
5534
5530
5227
4722
4209
3792
3405
3123
2992
2803
2482
2101
1595
886
179
-298
-504
-588
-535
-174
166
363
693
1012
1163
1372
1720
2096
2659
3304
3824
4238
4497
4532
4413
4366
4322
4215
4113
4065
3995
3894
3871
3636
3044
2388
1685
881
159
-669
-1893
-3396
-5041
-6537
-7571
-8488
-9400
-9867
-10240
-10805
-10821
-10477
-10603
-10864
-10780
-10341
-9496
-8249
-6701
-5143
-3904
-2814
-1517
-327
502
1211
1815
2496
3531
4686
5668
6415
6619
6258
5894
5485
4876
4326
3759
3273
3058
2820
2429
1942
1069
-67
-915
-1550
-2053
-2289
-2564
-2918
-3076
-3339
-3840
-4291
-4830
-5295
-5170
-4557
-3624
-2397
-1405
-631
328
1039
1537
2205
2718
3117
3868
4811
5625
6213
6311
5922
5321
4601
3928
3381
2790
2323
2070
1784
1584
1316
623
-204
-785
-1256
-1416
-1061
-674
-282
306
852
1373
1824
2004
2217
2545
2897
3595
4519
5094
5477
5842
5878
5790
5683
5316
4824
4396
4103
4129
4155
3885
3485
2684
1581
681
-463
-2219
-4106
-6085
-8067
-9175
-9689
-10332
-10708
-11055
-11840
-12145
-11871
-11902
-12032
-11790
-11046
-9760
-7933
-5645
-3488
-2195
-1313
-37
1124
1929
2869
3694
4364
5361
6537
7663
8346
7930
6923
6066
5134
4231
3684
2992
2179
1743
1285
775
237
-1071
-2726
-3706
-4279
-4574
-4259
-3958
-3982
-3946
-3786
-3661
-3788
-4161
-4461
-4375
-3658
-2143
-478
816
1860
2559
3048
3625
4114
4272
4336
4529
4980
5703
6226
6073
5363
4246
2996
2086
1355
559
-173
-722
-1008
-961
-899
-1130
-1683
-2364
-2643
-2411
-1874
-988
-7
809
1855
3143
4120
4802
5204
5328
5683
6306
6931
7575
7873
7786
7826
7719
7213
6564
5579
4448
3979
3747
3289
2980
2232
865
-411
-1999
-4445
-7265
-10225
-12571
-13438
-13596
-13362
-12706
-12760
-13176
-12639
-12081
-11991
-11525
-10681
-9283
-6540
-2939
430
3068
4447
4917
5301
5692
6052
6204
6018
6336
7131
7700
8188
7830
5659
2901
782
-1089
-2400
-3032
-3799
-4426
-4496
-4592
-4780
-5281
-6590
-7786
-7800
-6815
-4978
-2690
-868
464
1554
2271
2717
2825
2380
2119
2735
4079
5710
6913
7104
6299
4766
3260
2360
1412
315
-139
-125
67
590
614
-596
-2359
-3928
-4835
-4658
-3754
-2842
-1967
-958
60
932
1464
1521
1242
1260
2180
3731
5234
6389
6934
6876
6743
6629
6371
6054
5719
5598
6010
6535
6544
6017
5005
3671
2667
2259
1983
1372
767
655
708
634
345
-549
-2057
-3196
-3787
-4606
-6139
-8796
-12133
-14153
-13884
-12662
-11098
-9452
-8620
-8101
-6564
-4339
-2715
-2269
-2042
-532
2195
5144
7726
9019
8140
6193
4977
4380
3152
1112
-914
-2142
-2614
-2552
-2413
-3466
-5849
-7972
-8721
-8150
-6867
-5688
-4581
-2975
-963
1079
2696
3101
2407
2155
3233
5156
7184
8259
7964
7055
5945
4647
3008
673
-1906
-3514
-3711
-2934
-1978
-1907
-3069
-4340
-4684
-4167
-3045
-1857
-895
187
1584
3170
4195
3806
2368
910
69
141
668
868
415
-374
-915
-1048
-961
-1020
-1065
-446
959
2970
5032
6046
6053
5864
5765
6090
6774
7204
7115
6865
6824
6716
6154
4909
2967
1204
211
-70
422
808
451
-275
-949
-1209
-1191
-1376
-1825
-2343
-2417
-1712
-768
-921
-3294
-7493
-12251
-15073
-13914
-10821
-7743
-4284
-1844
-1035
211
1905
2018
449
-469
759
3337
6233
8144
7467
4003
-500
-4049
-6366
-8029
-9431
-10308
-9543
-7376
-5467
-4340
-4252
-5225
-5781
-4350
-798
3036
5745
7866
9575
10542
10640
9330
6631
3493
1252
1236
2492
3016
2284
230
-2425
-4244
-5166
-6315
-7499
-7478
-5976
-3136
377
2784
3051
1555
18
275
1521
2571
3642
4219
4118
4039
3623
2100
-696
-3692
-5389
-5273
-3740
-2161
-1516
-1481
-1677
-1699
-1130
-253
633
1775
3850
6764
9235
10215
9484
7796
6117
5073
4980
5027
4550
3958
3312
2818
2217
610
-1422
-3034
-3696
-2728
-1022
353
1243
1376
1315
1737
2446
3035
3337
3640
3814
3860
3919
3255
1239
-2382
-7162
-12511
-17144
-18037
-15414
-12349
-8524
-4351
-2570
-1951
-217
1328
1217
1041
2277
4132
6265
8093
7776
4883
289
-4563
-8068
-9802
-10385
-10731
-10266
-8218
-5996
-4267
-2460
-1334
-1073
130
3123
6678
9540
11326
11665
10943
9710
7274
3941
385
-3155
-4993
-4777
-4210
-3774
-3934
-5219
-5974
-5234
-4307
-3478
-1850
257
2571
5371
7664
8359
7085
4632
2584
925
-657
-1624
-2516
-3395
-3336
-2996
-3015
-3112
-3652
-4276
-3611
-1660
194
1764
3125
3630
3661
3834
3632
2808
2065
1744
2115
3167
4018
4138
3734
3058
2536
2536
2868
3152
3089
3059
3336
3297
2649
1742
476
-928
-1284
-515
302
1144
2140
2836
3737
5013
5933
6554
6978
6790
5951
4851
3412
1392
-900
-4188
-9099
-14822
-20563
-23757
-22155
-18222
-13573
-7710
-3023
-124
3348
6762
7961
7342
6482
6271
7095
8426
8629
6369
1740
-3875
-8876
-12381
-14091
-15066
-15456
-13346
-9082
-4465
36
3355
4700
5303
6458
8294
9969
10689
10294
9132
8023
6220
2545
-2090
-6920
-10761
-11715
-10289
-7963
-5344
-3185
-1462
898
3309
4171
4094
4303
5041
6648
8524
9157
7696
4280
519
-2503
-5259
-7533
-9190
-9958
-8635
-5635
-2129
1012
2608
2964
3284
3860
4541
4823
4271
3234
2238
1368
417
-898
-2895
-4657
-4861
-3707
-1584
912
2833
4373
5696
6861
7852
7726
6536
5217
4095
3311
2522
1341
-269
-2040
-3007
-2804
-1838
-593
507
1936
3784
5567
7271
8249
8223
8094
7577
6183
4545
2622
34
-2734
-5954
-11160
-17714
-23695
-26928
-24625
-18640
-12006
-4158
2754
6706
10598
14146
14110
11278
8032
5462
4321
4510
4006
1291
-3409
-9142
-14069
-16990
-18205
-18327
-17271
-13458
-6491
956
7392
12078
13536
12818
11941
11389
10512
8733
6410
4073
2270
502
-3008
-7803
-12382
-15907
-16164
-12974
-8392
-3065
1956
5885
9638
12352
12030
9621
7079
4905
3982
4363
4162
2590
-125
-3570
-6395
-8559
-10568
-11553
-11022
-8080
-2922
2286
6799
9652
9550
7996
6379
4152
1413
-1037
-2848
-3993
-4260
-3903
-3926
-4547
-4895
-4147
-2269
497
3762
6607
8818
10594
11459
11063
9132
5782
2303
-482
-2377
-3210
-3613
-4006
-4234
-3858
-2356
-328
1660
3606
5261
7093
9154
10393
10695
10157
8627
6829
5125
3124
853
-1320
-3415
-6222
-10679
-16927
-23749
-28419
-27477
-21113
-12888
-3569
5616
11360
15131
18587
18446
14056
8263
2667
-1030
-1942
-1893
-2903
-5592
-9601
-13753
-16578
-17417
-17068
-16023
-12488
-5329
3408
11343
17109
19249
17835
14560
10772
7230
3601
-333
-3358
-4579
-4855
-5851
-8317
-11453
-14014
-14409
-11573
-6500
-214
6124
10959
14791
17498
16569
12087
6701
1596
-2148
-3544
-3505
-3370
-3817
-4946
-5906
-6495
-7354
-7825
-6854
-4088
408
5840
10680
13222
12685
10051
6173
1245
-3493
-7129
-9657
-10306
-8835
-6410
-4004
-1993
-574
653
2413
4516
6301
7804
9202
9761
9390
8522
6371
2770
-931
-3783
-5532
-5893
-4863
-3241
-1572
466
2768
4608
5834
6514
6568
6594
7054
7519
7684
7649
7070
5930
4525
2778
859
-1145
-3655
-7609
-13603
-20385
-26084
-28193
-24082
-16073
-7623
1772
10183
14880
18151
19990
17059
10632
4100
-1318
-4324
-4812
-5066
-6420
-8705
-11750
-14656
-16228
-16335
-15628
-13673
-8244
404
9133
16230
20572
20781
17709
13081
7760
2335
-2872
-7174
-9379
-9087
-7859
-7848
-9037
-10331
-11012
-9379
-5239
-199
5416
10799
14652
17511
18614
15454
9081
2553
-3110
-6817
-7942
-7840
-7407
-7104
-6763
-5479
-4102
-3157
-1758
-100
2370
6280
9652
11204
11166
8838
4543
171
-3822
-7761
-10564
-11202
-10120
-7702
-4032
-228
2382
4193
6188
7633
8059
8364
8209
7000
5720
4729
3299
1196
-1007
-2985
-4491
-4475
-3286
-2009
-208
1725
3128
4713
5965
6316
6480
6230
5618
5659
6162
6512
6743
6536
5746
4585
2713
-261
-4986
-12456
-21066
-27822
-30397
-26463
-17965
-8913
878
9938
15192
18578
20422
17324
10298
3242
-2211
-5096
-5338
-5239
-6314
-8156
-10933
-14137
-15997
-16349
-16000
-14199
-8902
14
9397
16776
21467
22168
18784
13275
7274
1237
-4695
-9532
-11986
-11529
-9386
-8201
-8321
-8355
-8180
-6524
-2368
2502
7195
11399
14181
16159
16934
13976
7731
1148
-4732
-9138
-10713
-10414
-9608
-8217
-6402
-3906
-959
1005
2079
3003
4189
6417
8897
10030
9534
7085
2999
-1013
-4333
-7437
-10080
-11480
-10996
-8443
-4317
147
3719
5984
7392
8320
8363
7585
6190
4065
2138
1299
925
495
6
-775
-1516
-1375
-525
141
786
1734
2675
3729
5053
6064
6184
5530
4850
4574
4680
5210
5632
5580
5698
5891
5148
3147
-1220
-9445
-19396
-27548
-31549
-28540
-20019
-10724
-565
9811
16273
19895
22178
19144
10838
2382
-3799
-7140
-7425
-6753
-6961
-7878
-9645
-12276
-14363
-15117
-15348
-14480
-9720
-563
9312
17137
22399
23695
20501
14676
7802
482
-6462
-11898
-14575
-13742
-10640
-8380
-7813
-7303
-6697
-5260
-1715
2389
6353
10634
13674
15511
16657
14085
7433
467
-5546
-10197
-11880
-11359
-9790
-7086
-4194
-1143
2262
4165
4417
4793
5198
5689
7128
8199
7278
4936
1725
-2321
-6035
-8752
-10946
-11816
-10432
-7369
-3019
1916
5745
7700
8573
8648
7589
5800
3775
1688
208
-266
73
666
858
732
563
519
902
1458
1895
2622
3456
4074
4731
5175
4848
4046
3519
3430
4148
5607
6633
7544
8653
8009
5280
-13
-9331
-20114
-28664
-32544
-29198
-20465
-10606
473
11298
17908
21622
23329
19223
10347
1806
-4691
-8210
-8177
-7173
-6811
-6698
-7841
-10480
-12722
-13969
-15064
-14672
-9870
-946
8743
16968
22590
24109
21110
14758
6836
-1224
-8724
-14511
-16825
-15136
-11397
-8423
-6657
-5098
-4069
-2744
127
3355
6682
10316
12751
14346
15186
12244
5873
-472
-6066
-10550
-12350
-11820
-10148
-7260
-3683
-246
3045
5183
5465
5294
5650
6104
6552
6592
5372
3053
275
-2819
-5760
-7967
-9754
-10585
-9237
-6016
-1838
2436
5788
8017
9175
9036
7748
5654
3099
707
-768
-984
-328
512
1137
1605
2137
2580
2670
2634
2566
2605
3117
3726
4101
4472
4648
4682
5307
6332
7397
8432
8300
6232
1334
-7834
-18629
-27340
-32301
-30416
-22372
-12733
-1237
11207
19339
23826
26156
22078
12304
2828
-4495
-9255
-10287
-9592
-8957
-7942
-7824
-9345
-10886
-12012
-13494
-13999
-10366
-2181
7096
15074
21277
23991
21962
16204
8498
63
-8290
-14883
-17903
-16840
-13137
-9803
-7359
-4502
-2284
-552
2274
4991
7334
10214
12038
12703
12790
9696
3520
-2023
-6455
-10153
-11361
-10463
-8718
-5799
-2316
776
3287
4557
4592
4369
4383
4869
5402
5287
4381
2445
-140
-2668
-5342
-7798
-9086
-9181
-7978
-5151
-1454
1901
4642
6847
8116
8293
7416
5492
3124
1131
1
-123
320
973
1759
2357
2809
3267
3165
2494
2123
2120
2386
3523
5057
6153
6952
7342
7635
8018
7407
5260
476
-8038
-17425
-24962
-29374
-27260
-19897
-12074
-2439
8761
16404
20990
24030
21469
13426
5151
-1704
-6739
-8783
-9432
-10017
-9715
-9318
-9973
-10672
-10940
-11713
-12131
-9075
-2060
5824
12769
18350
21058
19992
15818
9429
1765
-5964
-12573
-16657
-16603
-13482
-10723
-8218
-4523
-1500
965
4382
6864
8260
10004
10539
10090
9953
7370
1852
-2999
-6700
-9684
-10301
-8948
-7091
-4420
-1305
1283
3551
5077
5139
4401
3880
3749
3777
3400
2075
87
-2083
-4304
-6213
-7400
-8078
-8252
-7167
-4499
-865
2568
5052
6672
7516
7471
6460
4685
2597
660
-489
-285
988
2494
3800
4564
4737
4525
3696
2456
1439
657
480
1598
3594
5728
7687
9363
10531
10301
8249
3680
-4967
-15653
-24503
-30480
-30678
-23481
-14469
-5180
6899
16836
21344
24051
23135
15467
6099
-993
-6158
-8341
-8203
-8229
-7874
-7244
-8489
-10709
-11760
-12373
-13123
-11268
-4836
3731
11229
17121
20954
21042
16916
10185
2686
-4850
-11452
-15641
-16252
-13496
-10122
-7792
-5034
-2002
87
2569
5430
7627
10095
11998
12014
11557
9634
4085
-2232
-6821
-10511
-12307
-11155
-8541
-5008
-885
2461
4890
6331
6092
4809
3624
2913
2778
3111
3197
2223
57
-3001
-6646
-10146
-12404
-12958
-11633
-8086
-2938
2595
7483
10547
11422
10627
8204
4607
1085
-1626
-3055
-2856
-1380
688
2878
4566
5260
5313
4951
3786
2411
1869
2025
2380
2922
3902
5055
5781
6473
7825
8740
7969
5897
1190
-7292
-16367
-24089
-29757
-28535
-21003
-13340
-3336
9909
18496
22331
25438
23002
13992
4983
-2439
-8227
-10086
-9973
-10059
-8718
-7271
-8466
-10385
-11033
-11897
-13002
-10741
-3584
5266
12801
18807
22562
22205
17418
9821
1466
-6572
-13796
-18570
-18550
-14762
-11174
-8037
-3486
497
2907
5679
7857
8974
10607
10923
9636
9290
7236
1712
-2894
-5673
-8492
-9663
-8772
-7251
-4808
-1893
545
2945
5016
5764
5591
5574
5943
5850
4822
3182
689
-2836
-6632
-10136
-12824
-14017
-13798
-11883
-7452
-1448
4177
8783
12288
13926
13136
10486
6770
2374
-1769
-4398
-5110
-4209
-2302
-177
1761
3490
4847
5143
4399
3756
3321
2856
3342
4922
6399
7635
8686
8909
8845
8387
6217
2403
-3579
-12224
-20710
-27141
-30079
-26027
-17521
-9130
1758
13804
20466
23440
25099
21087
12067
3351
-3867
-8703
-10352
-11259
-11577
-9993
-9278
-10798
-11620
-11118
-11364
-11501
-7668
543
8824
14982
20023
22775
20985
14990
7187
-661
-8540
-15735
-19429
-18079
-14440
-11580
-8177
-3215
586
3186
6404
9089
10965
12466
12248
11362
10557
6692
535
-3854
-7134
-10133
-10737
-9278
-7156
-4292
-1463
985
3591
5454
6029
6150
6444
6952
6994
6102
4596
1994
-2211
-6965
-11327
-14869
-16998
-17408
-15457
-10721
-4222
2611
8708
13455
16355
16399
13694
9937
5674
760
-3233
-5107
-5557
-5098
-3905
-2399
-611
1072
1922
2531
3582
4317
4962
6309
7632
8525
9075
9049
8767
8554
8156
7344
5753
2968
-2279
-10634
-19296
-26418
-31397
-29740
-21445
-12406
-1488
12035
20878
24690
27440
24815
15812
6369
-2102
-8738
-11277
-12216
-12607
-10700
-9482
-11150
-12472
-12287
-12743
-13075
-9593
-1330
7948
15243
21327
25427
24276
17779
9310
591
-8567
-16763
-21080
-20183
-16440
-12987
-9175
-3966
-168
1844
4880
8051
10175
12259
13396
13652
13788
10863
4973
-62
-4916
-10246
-12917
-12934
-12061
-9567
-5889
-2080
2141
5645
7471
8689
9503
9535
9107
7993
5925
2986
-1045
-5539
-9651
-13529
-16877
-18486
-17677
-14490
-8945
-1946
5036
11119
15557
17442
16772
14243
10025
4769
121
-3059
-5137
-6097
-5686
-4773
-3990
-2667
-989
211
1505
3217
4832
6638
8637
9781
9840
9448
8850
8156
7644
7611
7499
6101
3484
-812
-8560
-17713
-25268
-31293
-31679
-23760
-14030
-3417
10860
21469
25347
27732
25953
17288
7276
-1590
-8442
-10883
-11366
-11593
-9721
-8606
-10926
-13214
-13606
-13940
-14086
-10865
-2553
7388
15243
21724
26118
24880
18184
9415
694
-7657
-15216
-19639
-19084
-15817
-13082
-10054
-5400
-2143
-1022
1921
6253
9466
12872
15861
16883
16748
13683
7097
807
-5043
-11659
-15570
-15805
-14646
-11780
-7307
-2654
1862
5198
7023
8662
9603
9335
9110
8874
7673
5496
2458
-1362
-5851
-10668
-14834
-17946
-19455
-18327
-14690
-8881
-1290
6270
12342
16883
18883
17586
14271
9773
4399
-514
-3887
-5691
-6266
-6179
-5516
-4501
-3958
-3452
-2138
-586
1144
3823
6835
9383
11317
11924
11047
9684
8336
7101
6345
6259
5967
4235
1416
-3018
-10804
-19477
-26083
-30533
-28826
-19844
-9755
1369
14338
22208
24504
25376
21438
12302
3117
-4710
-9570
-10308
-10073
-9316
-7386
-7746
-10729
-12838
-13550
-13996
-13349
-8963
-86
9439
16550
22042
24642
21532
14032
5815
-1634
-8861
-15038
-17497
-15575
-12224
-9902
-7352
-3928
-2534
-2306
944
5409
8579
12171
15303
16559
16411
12955
6440
20
-6722
-13152
-15744
-15129
-13368
-9971
-5565
-1401
2336
4887
6160
6904
7087
7336
8189
8762
8397
6943
4179
433
-4076
-9078
-13538
-16882
-18696
-17664
-13408
-7674
-1635
4627
10063
13344
14651
14563
12713
9251
5606
2717
321
-1680
-3235
-4783
-6146
-6934
-7440
-7285
-5838
-3641
-899
2900
6918
9945
11823
12470
11661
9871
7817
5987
4809
4376
4577
5205
5455
4340
1735
-3108
-10761
-18197
-23348
-26594
-24063
-15251
-6600
2238
12664
18425
19230
19083
15465
8195
1418
-3640
-5911
-5496
-5126
-4653
-4202
-6449
-10424
-13261
-14751
-15242
-13928
-8975
-333
8029
14072
19059
20940
17598
11672
5822
123
-5447
-9510
-10461
-9025
-7723
-7256
-6407
-5621
-6363
-6373
-3026
1123
4577
9189
13552
15576
15453
12406
7031
1082
-5395
-10417
-11761
-11193
-9821
-6967
-3677
-1092
695
1563
1967
2188
2345
3537
5816
7904
9157
9052
7137
3871
-449
-5231
-9337
-12558
-14385
-13930
-12060
-8949
-4407
-520
2499
5955
8296
8916
9547
9837
8766
7125
5445
3003
-221
-3322
-5760
-7611
-8516
-8002
-6564
-4502
-1690
1283
3793
5930
7403
7868
8043
8392
8458
8197
8056
7706
6598
5477
4777
3708
2100
245
-2032
-5521
-10659
-15383
-18533
-21271
-20088
-13476
-7210
-748
7942
13133
14557
16016
14771
10311
5727
1248
-1711
-2799
-4398
-5490
-5971
-8503
-11634
-13066
-13345
-12840
-11338
-7465
-636
5869
10624
15113
17284
15155
11105
7409
3886
-253
-4010
-5483
-5640
-6548
-7775
-8158
-8485
-9885
-9908
-6317
-1958
1993
7200
11629
13603
13952
11747
7613
3358
-1469
-5145
-5735
-5437
-4907
-3350
-2399
-2447
-2904
-3818
-4188
-3608
-2359
545
4656
8132
10502
11282
9871
6569
2061
-2507
-6402
-9617
-11298
-11237
-10026
-7569
-4930
-3007
-985
764
1661
2936
4915
6390
7283
8245
8731
7808
5799
3329
119
-3355
-6063
-7719
-8125
-7219
-5423
-2864
295
3188
5516
7280
8351
9020
9251
9218
9364
9059
8316
7863
7006
5583
3750
818
-2567
-6666
-12540
-17571
-20974
-24068
-22396
-15350
-8940
-1698
7673
12881
14572
16674
16074
12263
8224
4326
1786
575
-1207
-2656
-4177
-7983
-12494
-15378
-16665
-16800
-15478
-11122
-3822
3330
9309
14829
17763
16523
13289
10080
6576
2520
-823
-2577
-3728
-5409
-7523
-9436
-11395
-13845
-14398
-11345
-7012
-1975
4779
10647
14006
15714
14772
11490
7604
3205
-224
-1401
-2020
-2367
-2032
-2583
-4246
-6125
-7959
-8996
-8675
-6780
-2917
1977
6442
9967
11736
11250
8961
5118
726
-3065
-6412
-8587
-8717
-8137
-7591
-6550
-5687
-5240
-4206
-2595
-732
1956
5180
8118
10725
12405
11986
9736
6448
2237
-1997
-5087
-6972
-7981
-7715
-6033
-3756
-1506
852
3055
4467
5522
7044
8834
10295
11478
12496
12717
11571
9610
7003
3191
-1160
-6288
-12928
-18900
-23380
-26651
-25107
-19085
-13027
-5583
3110
8782
12772
16570
17473
15877
13508
10806
8588
6288
3426
270
-4301
-10033
-14738
-17826
-19516
-19538
-17549
-13071
-7021
-834
5326
10419
12815
13161
12987
12452
11085
9207
7455
5517
2897
-315
-4316
-8599
-12758
-16567
-17290
-14487
-11074
-6305
160
5007
8262
10736
11009
9877
8359
6517
5822
6082
5708
4810
3325
758
-2655
-6256
-9054
-10670
-11117
-9794
-6683
-2835
652
3078
4381
4523
3565
2429
1684
1166
887
835
606
97
-918
-2733
-4451
-5181
-5008
-3900
-1619
1242
3718
5436
6585
6876
5840
4207
2747
1643
1117
1065
1301
1470
1080
446
-24
-382
-481
-65
1230
3470
6043
8729
11115
12040
11467
9609
5437
-740
-7433
-14407
-20075
-21241
-19008
-15944
-11079
-5746
-2710
-246
2832
4647
5180
5852
7283
9301
11215
12582
12227
8951
3657
-2057
-7382
-11871
-15346
-17211
-16606
-14082
-10529
-6171
-2132
185
1623
3551
5648
7510
9378
11134
12170
12085
10604
7661
3410
-1950
-6963
-9583
-10414
-10561
-9067
-6645
-5056
-3739
-2343
-1540
-1053
-235
1778
4978
8151
10746
12163
11576
9238
5737
1773
-1842
-4847
-6670
-6957
-6414
-5585
-4909
-4798
-4886
-4876
-4699
-3705
-1798
253
2439
4652
5757
5441
4280
2424
393
-975
-1543
-1445
-842
-152
553
1428
2034
2206
2532
3024
3556
4599
5772
6378
6349
5383
3752
2250
857
-133
-129
457
1298
2546
3800
4618
4925
3871
1113
-2173
-6086
-10455
-12296
-11764
-11307
-9215
-5640
-3542
-1712
804
2016
2212
2511
2805
3348
4198
5068
5091
3757
1875
-378
-2945
-4892
-6396
-7957
-8560
-7917
-7072
-5858
-4169
-3031
-2058
-319
1708
3458
4914
6003
6503
6507
6207
5216
3587
1737
-239
-1425
-1650
-2168
-2700
-2911
-3560
-3951
-3792
-3761
-3460
-2647
-1267
894
3293
5271
6378
6356
5553
4302
2713
1113
-202
-1192
-1719
-1704
-1503
-1606
-1965
-2417
-2979
-3187
-2912
-2424
-1776
-1028
-234
398
514
308
53
-357
-399
422
1340
1985
2795
3487
3666
3810
4025
3862
3601
3640
3868
4030
4011
3700
2979
1981
923
83
-464
-600
-163
534
1394
2721
3951
4606
5126
4961
3598
1664
-808
-3619
-6079
-8071
-9244
-9347
-8954
-8159
-6648
-5144
-3926
-2548
-1291
-364
651
1914
2922
3507
3735
3397
2414
1178
-256
-2032
-3696
-5008
-6087
-6558
-6236
-5608
-4850
-3822
-2567
-1453
-414
967
2259
3222
4318
5122
5199
4985
4240
2908
1800
811
-339
-1181
-1668
-2114
-2430
-2454
-2218
-1933
-1797
-1240
-153
676
1525
2558
2886
2768
2772
2364
1571
893
178
-507
-789
-781
-823
-870
-950
-1222
-1243
-1081
-1145
-1119
-861
-678
-660
-485
-157
-82
-61
357
862
1244
1772
2311
2793
3310
3726
4046
4478
4854
4932
5073
5065
4452
3675
2873
1879
1014
270
-298
-433
-398
-173
469
1062
1464
1898
2239
2092
1439
752
-182
-1414
-2375
-3335
-4525
-5326
-5944
-6376
-6176
-5848
-5534
-4837
-3921
-2840
-1696
-840
-268
-36
48
248
426
338
54
-402
-980
-1345
-1662
-2227
-2727
-3063
-3389
-3229
-2652
-2136
-1470
-734
89
1125
1949
2402
2621
2535
2103
1679
1513
1221
821
815
733
336
41
-332
-700
-780
-615
-182
434
1058
1604
1967
2141
1917
1224
589
21
-511
-616
-498
-392
-217
-103
-142
-182
-248
-422
-369
-23
270
548
910
1045
925
762
551
289
82
156
599
1295
2127
2846
3346
3635
3537
3131
2783
2536
2291
2286
2656
2915
2768
2468
1961
1167
352
-348
-809
-877
-590
98
980
1691
1982
1726
1209
602
-251
-934
-1346
-1969
-2566
-3009
-3489
-3905
-4304
-4687
-4830
-4789
-4567
-3976
-3242
-2655
-2174
-1807
-1666
-1602
-1398
-1171
-996
-758
-550
-479
-511
-559
-736
-1117
-1458
-1642
-1741
-1737
-1437
-1030
-772
-433
-26
293
551
755
851
836
722
645
724
821
841
866
895
811
787
967
1066
952
816
701
563
541
704
842
989
1081
1000
969
795
286
-165
-429
-619
-642
-528
-179
185
449
916
1262
1338
1401
1366
1232
1217
1165
1049
996
938
907
845
828
882
899
1073
1390
1686
2022
2280
2328
2325
2201
1863
1488
1053
563
269
184
141
275
502
628
785
971
1103
1213
1235
1199
1054
741
296
-308
-874
-1363
-1976
-2365
-2468
-2739
-2961
-2952
-3025
-3158
-3209
-3103
-2976
-2849
-2484
-2149
-1908
-1494
-1259
-1268
-1167
-1219
-1458
-1526
-1442
-1425
-1352
-1038
-742
-577
-333
-137
-190
-284
-256
-263
-274
-92
77
67
114
117
35
29
-80
-207
-218
-245
-127
152
421
748
1067
1343
1583
1738
1838
1795
1552
1370
1084
674
408
102
-177
-291
-381
-364
-125
97
282
606
955
1145
1195
1245
1230
1051
990
1204
1323
1228
1265
1253
1037
851
602
398
254
-7
11
395
576
782
1295
1571
1672
1749
1674
1570
1323
899
655
490
304
235
209
169
-13
-233
-323
-427
-555
-613
-663
-630
-552
-442
-282
-93
24
88
253
272
48
-169
-575
-1134
-1456
-1844
-2288
-2409
-2555
-2689
-2440
-2198
-2071
-1851
-1734
-1702
-1601
-1484
-1329
-1116
-964
-700
-414
-459
-587
-724
-1061
-1211
-1093
-903
-536
-155
218
582
688
623
435
106
-140
-257
-212
55
289
596
966
1117
1113
902
568
258
15
33
248
426
641
803
823
683
432
48
-371
-524
-511
-312
210
705
871
1081
1151
937
722
603
422
247
380
416
530
855
889
941
1037
721
504
301
0
100
69
160
493
460
465
563
295
149
231
137
320
722
949
1184
1455
1383
1131
833
272
-214
-598
-890
-896
-850
-845
-589
-599
-685
-529
-596
-634
-461
-264
-159
36
147
214
198
101
-200
-569
-842
-1184
-1338
-1205
-1035
-918
-526
-279
-116
12
-98
-307
-519
-627
-708
-565
-438
-354
-249
-217
-278
-239
-386
-430
-259
-215
226
540
699
902
769
442
229
-93
-401
-438
-321
-117
144
611
645
710
753
341
206
46
-351
-235
-56
-184
293
459
267
241
-37
-467
-601
-765
-876
-514
-351
36
444
679
801
651
503
339
114
58
97
4
160
116
155
273
124
58
76
-17
-94
24
70
270
402
524
665
693
407
485
531
156
454
471
256
412
301
69
-26
-350
-522
-715
-871
-677
-686
-373
-171
-44
183
92
-33
-151
-389
-414
-454
-362
46
-10
168
283
133
23
-151
-286
-513
-469
-309
-240
-23
171
19
15
-267
-523
-729
-1030
-849
-756
-353
140
459
834
900
630
634
336
22
25
-135
50
57
161
326
233
120
19
-135
-256
-305
-337
-202
72
422
484
769
738
434
351
127
-9
-104
-206
-191
-38
-151
-74
-55
-276
-467
-640
-732
-856
-782
-657
-484
-223
93
171
464
491
297
332
107
100
-43
-133
-108
-252
-315
-126
-171
-58
38
-71
148
120
366
494
545
749
586
418
405
149
-50
64
-55
39
74
149
271
201
266
165
44
-10
-129
-69
89
46
201
95
77
-4
-246
-130
-253
-188
-57
168
438
452
566
545
111
98
-91
-461
-103
-361
-322
20
-161
-10
90
-23
-34
-85
-91
-6
105
331
356
495
341
117
-28
-336
-456
-699
-695
-589
-498
-241
85
251
379
444
433
363
152
191
10
-25
107
2
-45
129
-125
-296
-140
-539
-546
-448
-596
-399
-189
-270
-74
55
-39
55
59
16
-162
-187
-289
-350
-291
-310
-178
-141
-35
69
51
40
149
-32
-14
259
143
251
376
254
302
334
116
132
-14
-195
-208
-194
49
-8
326
576
550
701
615
595
495
318
341
178
6
34
-330
-349
-511
-792
-775
-847
-643
-504
-169
199
384
612
800
666
579
479
297
97
56
147
-245
-111
-254
-551
-589
-738
-759
-770
-621
-415
-174
-60
214
60
164
118
-64
90
-117
6
-103
-117
32
-82
-162
-18
-249
-185
-82
-200
198
-2
152
335
177
335
221
83
296
-22
77
260
-123
229
-112
-156
42
-283
-104
-127
-296
-59
-71
32
370
172
263
76
61
-55
-222
-95
-369
-300
-286
-251
-61
10
-111
101
-83
-111
175
-90
285
413
363
611
591
426
298
20
-60
-172
-318
101
-65
138
434
241
464
376
163
396
205
242
473
84
348
186
-95
65
-65
-194
-215
-120
-248
-125
-126
-223
-134
-166
-247
-37
-100
-141
113
-55
88
121
-14
-20
-130
-166
-99
-243
-101
-166
-453
-108
-395
-333
-246
-493
-289
-414
-344
-79
-90
-18
229
74
152
195
137
102
102
174
-56
150
1
-204
17
-318
-234
22
-291
200
198
39
545
143
329
462
187
479
369
226
328
2
-68
-173
-466
-383
-558
-498
-398
-348
-164
-171
-81
-108
-196
-64
-144
-60
233
0
344
314
73
311
-11
116
-59
-185
122
-327
-251
77
-290
-56
129
7
116
144
257
214
223
465
217
353
560
178
412
211
62
96
-264
5
-338
-289
-89
-304
80
80
67
291
-55
58
161
-305
110
-237
-391
55
-481
-70
35
-430
4
-326
-463
-143
-355
-85
5
123
238
104
318
30
-131
-117
-448
-428
-450
-539
-234
-322
-107
-13
-11
144
-94
137
28
-87
244
274
349
731
606
575
792
308
244
168
-212
-213
-177
-352
-9
51
-237
361
139
-59
449
123
157
419
72
394
275
99
178
-194
-156
-467
-587
-376
-585
-304
-7
-208
230
35
-70
299
-17
207
335
313
264
362
244
-88
-152
-298
-544
-397
-303
-353
126
52
218
359
254
214
186
237
209
182
283
381
185
250
100
-133
-208
-245
-451
-174
-234
-284
19
-288
-102
-101
-114
66
106
-208
104
-119
-380
55
-304
-191
-259
-288
-291
-259
-126
68
-86
217
174
-90
313
-169
14
61
-66
-53
95
22
-75
-107
-212
-469
-489
-280
-709
87
-162
-126
593
180
356
755
413
554
773
233
797
376
240
363
-50
-188
-304
-329
-449
-297
-360
-75
-63
152
75
364
297
243
460
144
556
17
292
347
-194
139
-89
-551
-91
-525
-804
-20
-772
-297
-86
-183
55
63
219
6
188
108
10
300
245
205
516
8
244
86
-356
219
-383
-58
6
-337
150
-46
-80
309
-152
84
134
-290
361
-57
22
293
-112
66
161
-81
-3
0
-287
-114
-303
-118
-310
-67
-67
-331
28
-348
-235
-253
-247
-256
-53
-37
43
262
119
178
13
48
-207
-109
-9
-152
-24
44
-131
-50
63
-173
-23
-21
-154
-136
119
-52
139
228
116
366
264
435
273
240
154
107
50
254
212
221
366
134
312
-150
-50
-266
-614
-311
-425
-470
-7
-68
-136
429
48
273
247
72
195
67
247
269
195
245
54
-178
-43
-440
-352
-376
-644
-442
-446
-449
-152
52
163
308
414
536
184
625
513
276
634
261
167
161
-45
-255
-160
-371
-445
-350
-355
-348
-291
-185
-172
131
92
392
509
395
584
458
268
331
97
-165
-96
-391
-588
-443
-611
-729
-271
-412
-334
-80
-291
-178
43
7
321
382
295
640
173
422
281
-315
90
-314
-535
54
-305
-321
145
-287
26
137
30
308
133
-13
250
-103
-21
410
35
345
456
-48
180
156
-546
128
-9
-307
493
173
131
393
47
-259
-66
-284
-272
7
46
-26
71
-59
-207
30
-166
207
19
-25
104
-268
-67
61
-155
225
234
-83
363
-373
-320
-142
-945
-102
-89
-455
575
-43
-292
455
-442
19
366
45
495
551
287
361
180
-118
-8
-21
-115
-84
-199
-502
-242
-481
-324
77
-212
303
270
72
508
180
-61
494
39
150
440
-95
-91
-262
-606
-467
-340
-421
-226
-151
-358
-224
-182
-310
62
234
193
642
412
227
290
5
110
45
85
155
-301
95
-106
-522
222
-437
-271
243
-429
183
225
-259
402
244
9
638
284
193
406
129
33
20
105
-182
-81
62
-269
-76
10
-205
-18
-133
-59
-5
-203
127
-54
-126
173
-96
21
105
-124
109
-151
-214
-115
-477
-142
-270
-365
111
-158
-166
217
-4
64
366
234
252
293
177
74
162
96
-88
-27
3
-143
-169
46
-70
-142
46
170
80
247
346
118
257
309
158
226
237
-31
-61
46
-120
-100
30
-53
-70
81
-12
78
56
37
202
110
108
204
-14
-147
-86
-229
-228
-169
-273
-324
-333
-339
-375
-174
-138
-40
114
185
164
116
71
-25
6
-61
-60
-82
-215
-347
-340
-523
-441
-336
-310
-101
-59
10
-44
119
129
183
388
354
296
290
181
10
102
32
-41
-100
-212
-376
-519
-480
-419
-346
-116
-8
4
131
6
-1
5
105
107
119
258
171
21
-3
-106
-243
-147
-155
-47
63
210
345
394
701
708
722
829
715
517
407
317
223
168
304
294
271
396
302
241
288
304
369
641
902
1128
1259
1252
1116
872
728
540
402
263
57
-250
-485
-746
-954
-1097
-1192
-1291
-1493
-1592
-1818
-1964
-2011
-2064
-1899
-1790
-1675
-1661
-1736
-1762
-1799
-1620
-1343
-1050
-694
-433
-248
-58
77
260
527
695
977
1132
1140
1168
1066
942
929
900
871
912
753
576
428
280
226
221
230
255
169
-2
-79
-188
-252
-136
-43
13
189
140
140
159
124
250
343
625
744
783
986
1034
1057
1316
1331
1368
1359
1116
1016
846
864
811
730
808
576
382
319
117
68
200
264
415
586
680
695
824
895
968
1061
882
609
169
-405
-545
-735
-946
-892
-1394
-1908
-2267
-2782
-2866
-2822
-2895
-2763
-2748
-2844
-2685
-2636
-2566
-2256
-1943
-1648
-1211
-1004
-867
-678
-574
-129
342
661
996
1061
1018
1181
1219
1410
1675
1617
1661
1667
1484
1442
1282
1099
1137
1014
973
896
588
288
30
-110
-189
-235
-348
-538
-743
-867
-895
-865
-923
-869
-904
-1021
-856
-864
-803
-681
-636
-390
-159
16
202
234
292
431
569
889
1027
1068
1104
1010
976
986
962
907
795
540
373
171
-33
-108
-192
-282
-266
-287
-389
-326
-324
-298
-91
-3
117
327
301
475
680
783
1042
1128
1223
1292
1298
1349
1504
1572
1587
1628
1578
1526
1504
1500
1487
1485
1383
1335
1279
1144
1057
1001
990
925
883
721
182
-320
-957
-1538
-1556
-1738
-1932
-2118
-2824
-3479
-3771
-3977
-3873
-3658
-3766
-3857
-4057
-4161
-3907
-3598
-3214
-2660
-2252
-1877
-1432
-1192
-879
-397
106
700
1324
1649
1716
1717
1705
1878
2130
2340
2423
2198
1915
1699
1470
1465
1447
1341
1376
1242
1039
943
626
368
316
167
102
3
-327
-644
-858
-995
-986
-1019
-1125
-1340
-1547
-1591
-1505
-1309
-1048
-897
-781
-556
-333
-52
214
396
518
659
733
842
953
877
938
941
998
1042
1019
878
693
607
450
451
471
327
253
210
112
183
180
152
180
64
89
88
95
180
302
446
741
1007
1226
1328
1361
1407
1394
1547
1661
1700
1759
1668
1520
1499
1402
1320
1327
1243
1176
1115
1103
994
997
1060
1129
1295
1313
1153
733
112
-441
-1043
-1402
-1452
-1882
-2349
-2920
-3771
-4255
-4383
-4382
-4265
-4241
-4421
-4544
-4517
-4299
-3863
-3380
-2933
-2576
-2324
-2018
-1689
-1416
-934
-405
62
647
1097
1319
1538
1822
2085
2491
2842
2958
2941
2732
2570
2375
2217
2112
1799
1533
1311
922
667
405
17
-155
-282
-376
-432
-572
-736
-819
-796
-684
-568
-616
-751
-904
-994
-989
-838
-796
-882
-886
-957
-838
-610
-439
-285
-160
-32
220
451
689
862
870
983
1047
1087
1088
986
796
631
569
543
423
309
107
-106
-91
-67
24
100
149
159
227
371
470
589
699
761
886
1071
1175
1305
1384
1527
1676
1817
1980
1939
1824
1737
1693
1712
1747
1656
1486
1242
1011
874
828
780
630
542
418
383
400
455
535
589
636
724
633
334
-24
-589
-989
-1068
-1230
-1459
-1775
-2543
-3245
-3580
-3789
-3794
-3762
-4016
-4342
-4500
-4505
-4138
-3684
-3278
-2891
-2659
-2404
-2032
-1734
-1382
-964
-590
-75
373
632
796
869
994
1277
1583
1875
1945
1798
1741
1730
1857
2099
2144
2028
1881
1533
1348
1233
931
749
530
214
25
-171
-455
-619
-765
-783
-688
-661
-738
-819
-896
-882
-604
-388
-305
-283
-414
-507
-436
-350
-210
-180
-235
-194
-181
25
206
290
462
536
600
734
745
699
647
583
613
654
651
545
361
221
116
120
160
120
73
44
101
294
468
682
856
938
1141
1274
1349
1492
1495
1527
1635
1695
1780
1752
1657
1570
1475
1446
1422
1347
1255
1124
1028
954
874
749
570
456
348
248
168
48
-59
-153
-166
-74
82
198
266
292
230
39
-138
-461
-748
-838
-1078
-1336
-1641
-2288
-2886
-3197
-3443
-3499
-3528
-3792
-4098
-4308
-4274
-3923
-3439
-2992
-2648
-2446
-2202
-1890
-1534
-1136
-786
-483
-146
150
361
540
597
671
873
1117
1392
1541
1557
1572
1608
1736
2007
2148
2117
2059
1815
1609
1555
1377
1207
1044
735
466
286
55
-84
-205
-275
-282
-326
-372
-487
-601
-659
-613
-549
-482
-451
-503
-561
-509
-407
-301
-188
-202
-201
-184
-86
101
254
398
467
436
473
495
396
369
242
68
-10
-63
-106
-109
-123
-184
-150
-102
-16
116
233
349
500
622
785
931
1007
1120
1193
1231
1255
1280
1263
1243
1244
1244
1214
1209
1180
1140
1142
1105
1077
1059
1006
887
790
647
496
417
329
260
192
118
18
-61
-117
-110
-70
-16
70
111
172
256
341
477
666
757
818
668
319
-40
-487
-707
-796
-999
-1220
-1678
-2360
-2793
-3107
-3236
-3143
-3168
-3340
-3550
-3703
-3679
-3387
-3050
-2739
-2467
-2325
-2192
-1984
-1737
-1404
-1036
-664
-237
106
345
553
757
981
1303
1667
1934
2087
2133
2098
2075
2148
2204
2224
2180
2015
1768
1521
1263
973
784
592
362
176
-103
-412
-608
-756
-780
-694
-733
-760
-848
-987
-909
-771
-607
-378
-321
-273
-181
-109
34
233
326
384
494
515
560
678
664
677
716
647
644
560
409
300
159
52
37
-17
-81
-117
-208
-235
-221
-186
-141
-107
-68
-20
86
256
369
432
510
498
496
548
581
634
710
765
803
866
875
930
945
927
961
976
972
974
945
873
837
757
660
595
474
331
249
158
72
84
97
88
135
124
115
154
154
184
306
428
477
561
551
516
514
514
476
295
44
-314
-683
-893
-1074
-1283
-1464
-1854
-2274
-2545
-2771
-2862
-2874
-2959
-3081
-3136
-3147
-3044
-2859
-2659
-2430
-2186
-1914
-1577
-1282
-994
-697
-404
-8
401
744
995
1142
1255
1372
1508
1679
1712
1649
1599
1433
1336
1307
1166
1048
983
858
778
711
514
320
161
5
-28
-18
-101
-155
-280
-411
-377
-379
-369
-332
-370
-361
-234
-159
-28
79
132
270
403
550
653
638
598
597
599
684
733
639
493
294
109
49
2
-55
-138
-309
-440
-520
-553
-514
-501
-477
-434
-397
-360
-279
-211
-139
1
144
261
368
422
465
601
742
889
1035
1089
1097
1098
1098
1135
1137
1120
1104
1037
1027
986
923
844
732
649
576
522
458
351
253
196
145
170
162
49
-42
-160
-244
-212
-145
-82
-82
-79
-84
-87
-13
85
178
225
224
229
194
177
209
215
180
48
-168
-437
-689
-866
-999
-1104
-1249
-1515
-1787
-2017
-2224
-2292
-2320
-2342
-2326
-2310
-2272
-2159
-2069
-1939
-1740
-1542
-1290
-1051
-867
-739
-604
-456
-244
-23
133
262
315
300
346
438
506
636
721
762
794
779
772
732
726
760
782
846
840
745
689
599
556
570
569
562
509
461
405
375
416
453
482
509
505
510
523
535
575
586
588
595
554
513
438
312
205
106
-3
-82
-127
-231
-317
-382
-457
-486
-477
-461
-442
-411
-369
-297
-217
-151
-89
-51
10
85
136
218
290
337
416
489
573
663
719
779
817
854
927
967
957
967
932
879
877
795
735
676
509
429
411
367
394
353
246
136
18
-22
-22
-10
24
-30
-116
-149
-203
-184
-131
-138
-134
-130
-169
-178
-157
-128
-101
-60
-21
9
4
-55
-91
-132
-180
-157
-159
-211
-231
-325
-418
-460
-572
-616
-657
-731
-780
-842
-933
-1011
-1080
-1135
-1181
-1232
-1259
-1338
-1392
-1426
-1477
-1506
-1508
-1536
-1538
-1482
-1407
-1286
-1154
-1035
-896
-724
-545
-352
-176
-25
111
229
327
437
554
643
734
775
774
770
749
758
788
837
895
953
974
961
977
973
942
934
885
827
775
692
619
503
422
319
211
198
116
38
-24
-157
-207
-219
-235
-172
-156
-140
-116
-126
-89
-82
-26
25
40
70
71
72
112
156
207
307
340
386
407
400
449
487
516
563
565
540
574
543
522
515
435
347
315
275
265
278
231
185
122
117
96
153
155
89
110
8
13
59
30
97
112
37
36
-39
-76
-68
-113
-69
-87
-56
-65
-121
-102
-122
-112
-78
-115
-95
-107
-151
-115
-166
-200
-204
-238
-245
-224
-237
-250
-247
-254
-238
-195
-125
-134
-155
-163
-216
-238
-231
-291
-315
-330
-395
-411
-520
-608
-640
-732
-722
-682
-698
-659
-669
-707
-684
-651
-574
-539
-469
-394
-378
-327
-322
-381
-366
-351
-316
-230
-204
-187
-222
-222
-203
-114
0
74
137
156
195
228
276
333
366
368
412
419
377
353
368
311
352
434
393
422
417
354
353
397
368
396
371
370
371
324
384
259
224
193
160
196
212
240
213
199
214
245
228
352
304
313
377
341
379
369
362
311
345
335
333
265
288
188
115
214
176
223
256
162
124
100
30
107
20
72
49
-67
18
-106
-103
-112
-166
-99
-128
-101
-14
-119
-20
13
-91
141
40
24
102
-67
-18
-37
-111
-77
-191
-223
-230
-398
-348
-415
-501
-355
-410
-348
-244
-349
-302
-309
-315
-183
-200
-167
-147
-251
-204
-225
-256
-223
-270
-283
-323
-325
-278
-307
-278
-235
-265
-152
-132
-129
-59
-138
-87
-91
-44
24
-18
49
-18
-83
-38
-39
-37
67
15
46
42
-17
28
-6
22
-4
42
-9
25
27
-15
64
20
49
94
60
50
93
35
122
98
127
199
96
197
159
139
241
209
192
335
192
281
383
287
416
373
369
329
338
268
285
292
249
215
226
140
51
194
-22
101
64
-64
46
-61
-60
1
-71
-51
61
-54
129
59
105
188
75
197
129
164
190
171
160
227
113
165
143
39
90
-20
46
-39
-7
-54
-113
-19
-159
-165
-93
-301
-225
-175
-353
-212
-296
-367
-276
-317
-330
-199
-277
-266
-212
-315
-163
-235
-124
-99
-126
-32
-86
-43
-12
-16
-57
38
-78
-24
-23
-115
-90
-161
-148
-221
-131
-218
-172
-76
-227
-73
-113
-151
-26
-73
1
69
58
76
68
23
-13
34
-36
-62
-59
-90
-136
-102
-130
-165
-137
-208
-101
-152
-32
-81
-115
13
-133
-1
37
18
52
65
-31
-12
89
-53
140
123
37
218
114
153
220
170
259
266
259
309
298
305
255
239
245
122
220
149
116
204
36
116
42
-15
113
-59
98
-18
-81
93
-59
44
124
40
88
155
34
132
126
15
195
126
128
209
124
34
141
24
58
171
27
63
13
-15
-113
31
-28
-78
107
-105
-1
-85
-117
-15
-105
-4
45
-120
50
-134
-244
5
-300
-129
-89
-304
-218
-235
-365
-254
-239
-379
-136
-243
-239
-88
-166
-199
-40
-223
-106
-64
-185
-51
-141
-104
-216
-64
-206
-175
-102
-224
-84
-122
-40
-67
-13
-42
58
-24
162
56
14
232
-106
99
67
-38
72
89
-69
98
81
-87
217
-20
19
229
70
156
260
95
176
181
163
152
163
140
-11
120
-8
-4
-25
-28
-63
-67
-33
-93
-14
-81
34
-9
42
99
68
148
131
157
223
205
187
319
30
294
222
-35
441
41
62
355
-55
165
180
-2
124
66
19
71
78
43
26
11
10
-7
49
-11
-10
-33
-119
-30
-79
-37
-87
-60
-100
-135
-100
-108
-183
-190
-81
-328
-96
-79
-318
49
-169
-254
100
-225
-96
75
-257
59
-8
-169
79
-120
-181
-19
-143
-194
-49
-194
-177
-88
-157
-133
-87
-104
-43
-62
0
22
-76
111
-22
68
63
100
86
-22
220
-62
95
139
-87
152
39
-79
212
-91
-53
197
-278
92
28
-204
115
-68
-129
-20
-65
-181
-14
-121
-67
-22
-109
84
-93
28
78
-86
151
36
80
170
19
171
63
82
208
16
188
121
22
204
-40
159
131
-67
326
-61
36
239
-169
134
153
-69
179
73
-81
113
32
-84
167
-78
10
102
-138
128
-43
-4
49
-56
45
-28
12
25
-20
-18
95
-87
87
17
-61
61
-95
-8
-130
4
-78
-58
88
-101
-8
-43
-88
-102
-21
-87
-31
46
-117
45
-52
-113
85
-122
-14
49
-164
37
-65
-117
26
-93
-25
-38
-59
-5
-81
-78
-22
-127
-44
-5
-83
37
-39
-32
-37
20
18
-27
87
-36
57
84
44
67
163
30
112
186
-80
226
55
-43
220
-65
0
123
-92
82
57
-76
114
-67
21
40
-55
52
-20
-35
63
-12
53
32
-8
102
-129
107
-42
-34
109
-123
142
-86
-7
53
-128
14
61
-153
89
13
-183
163
-113
-41
97
-105
33
74
-94
26
44
-149
122
37
-57
164
-13
-39
80
-39
-38
19
-15
-78
29
-50
-128
27
-194
-43
-55
-107
51
-57
-7
18
26
17
73
57
85
57
102
43
75
112
21
141
18
131
64
33
135
-53
104
86
-26
95
28
-49
79
-38
-68
70
-125
-86
10
-208
-57
-17
-181
18
-96
-127
-3
-78
-54
9
-25
-21
19
39
14
53
85
-21
158
34
96
167
-20
170
55
44
152
20
82
101
26
101
47
-20
33
-51
-36
49
-74
19
12
-100
2
13
-89
35
-11
-86
62
-53
-59
45
-67
-57
23
-115
-49
30
-221
-23
-95
-233
13
-167
-116
-40
-172
-39
-76
-123
-10
-114
-18
-9
-59
25
-77
-8
-47
-53
1
-64
-13
-30
-44
4
-85
3
-64
-42
77
-81
22
69
-92
0
60
-132
88
14
-101
92
-65
-39
88
-28
78
77
10
120
22
78
89
55
157
19
138
65
12
179
-15
68
126
-93
83
23
-51
117
-28
71
63
3
115
7
50
143
-32
149
106
-35
207
-8
51
136
-31
73
55
-27
102
-20
43
56
-59
93
-74
75
56
-50
168
1
11
107
-64
-13
67
-71
75
38
-42
76
-77
-21
-32
-74
-8
-1
-15
10
-8
-68
-48
-62
-27
-54
-7
-19
-67
-35
-48
-70
-62
-42
-72
-74
20
-93
-68
9
-111
-28
-68
-38
-107
-64
-11
-193
70
-100
-140
62
-164
-50
8
-129
-2
-3
-135
50
-130
-66
3
-132
58
-36
-4
19
-15
4
25
2
52
66
46
115
14
147
32
13
164
-50
129
63
-44
138
-81
52
67
-101
137
-77
-69
149
-141
67
86
-89
93
26
-79
90
-48
15
36
-3
99
-35
85
15
36
22
32
23
43
106
77
90
75
132
-31
111
63
-72
186
-63
-18
135
-133
10
12
-179
30
-81
-121
62
-132
-39
23
-132
-20
14
-114
32
29
-66
56
31
-34
11
10
-45
2
27
-22
16
39
-11
10
-25
-26
-7
-31
0
8
-69
35
-69
-84
26
-79
22
41
11
30
37
-35
20
-27
-71
19
-28
-34
63
-54
-62
-2
-204
-52
-61
-143
-13
-75
-87
-10
-44
-88
14
-71
-32
1
-32
-15
1
-6
-78
52
-76
34
-35
-14
53
-68
94
12
-6
64
43
-45
148
40
10
164
33
43
94
42
-38
99
-51
-11
103
-70
60
76
-70
80
53
-77
139
-23
-13
124
-50
80
54
-19
102
-28
-12
110
-118
109
-3
-95
125
-98
1
82
-98
69
61
-97
116
18
-27
52
65
-24
31
113
-98
50
66
-84
56
43
-88
13
-13
-59
15
-64
15
-43
-60
44
-88
12
43
-72
37
11
-54
47
-68
-12
23
-71
42
30
-40
48
6
-9
8
-1
-47
-33
71
-134
90
-5
-98
139
-107
-19
19
-132
-8
-27
-87
65
-91
-27
46
-126
59
-42
-59
71
-85
-7
-18
-56
-17
-42
-32
-3
-58
-5
1
-62
9
-59
-40
-9
-56
48
-38
20
59
-64
93
-20
-9
39
-61
32
22
-31
36
8
-37
23
-18
-54
1
1
-54
33
16
-11
41
19
20
20
21
51
35
63
82
35
88
94
50
49
64
59
33
107
41
58
31
11
44
-27
45
-45
-6
-15
-25
-1
-62
8
11
-67
58
-13
-55
109
-79
32
43
-63
63
-14
-19
50
-35
9
45
-49
38
-16
-28
18
-42
24
0
2
33
12
-7
19
-49
-60
-5
-67
-19
-58
-10
-58
-71
-11
-124
-23
-9
-92
35
-7
-93
53
-77
-65
69
-92
29
45
-57
36
9
-83
13
-33
-108
23
-29
-55
20
6
-57
24
-29
-79
14
-41
-6
3
48
-2
7
59
34
-11
54
54
-38
117
8
-1
68
11
-14
0
23
-40
45
-37
-4
18
-77
28
-44
-73
39
-37
-35
103
-30
-3
77
-38
4
53
-16
16
57
-16
40
22
20
30
18
51
21
33
53
13
39
61
-13
106
7
27
63
-28
88
-10
21
55
-5
10
39
0
-1
74
-17
72
22
41
21
-17
94
-72
31
53
-39
32
36
-38
-30
13
-45
-32
8
13
-74
42
-37
-80
34
-102
-28
15
-61
-1
11
-93
5
-6
-137
44
-41
-128
63
-45
-63
99
-85
12
3
-48
17
-69
13
-37
-10
0
-21
-23
-14
-53
-4
-25
-70
53
-54
-9
22
-31
-11
14
-21
-24
28
-10
7
-40
51
-61
-50
74
-135
47
23
-98
85
8
-53
97
-64
-9
73
-70
41
62
-38
38
82
-50
60
17
-15
42
19
-11
17
66
-36
28
20
-29
58
-2
-18
66
-47
-3
29
-84
37
-19
-31
40
-37
24
-11
-27
12
-2
-28
47
32
-14
96
38
-21
137
13
2
158
-22
62
116
29
60
81
8
39
54
-23
69
9
-28
92
-38
-19
72
-85
-18
61
-86
19
45
-80
41
30
-37
16
33
-43
36
10
-59
41
-30
-29
42
-39
-23
18
-63
-18
-24
-73
13
-48
-29
20
-87
9
19
-83
47
2
-67
65
-74
-22
35
-70
4
30
-39
9
34
-60
55
-11
-48
24
10
-41
8
19
-73
48
0
-49
22
-34
-69
12
-37
-41
32
-54
-7
1
-25
-24
22
7
-11
46
-15
3
17
9
27
24
15
52
-27
61
11
-43
90
-52
9
23
-26
6
1
8
-7
8
1
20
-8
17
14
2
20
22
28
-21
71
-13
-1
80
-40
19
59
-48
1
56
-83
53
5
-55
82
-36
-6
30
-44
48
30
-41
63
-14
-24
79
-11
19
81
1
4
70
-22
-8
39
6
3
32
15
-17
47
-13
8
-17
-11
13
-21
37
4
-30
16
28
-65
42
-7
-50
61
-59
-14
36
-35
-5
9
-41
-8
-17
-42
8
-33
-7
-21
-29
-33
-21
-20
-31
19
-39
-25
-1
-60
-12
-19
-40
25
-23
1
24
-31
19
-8
-38
8
-24
0
40
-15
-14
19
-48
-14
9
-81
-5
-36
-54
-6
-28
-27
-12
7
-35
-3
11
-28
45
10
-20
66
-18
15
83
-30
64
24
-21
52
-32
8
15
-25
25
-3
-18
32
-8
-22
-4
-6
-47
-14
-46
-26
6
-42
8
-42
-4
-7
-26
-13
20
-17
-28
67
-18
27
72
-14
17
43
-9
6
52
4
16
15
22
-18
-15
45
-38
-2
23
-27
-10
18
-12
-7
21
-21
-12
12
-18
38
-2
-18
45
-32
-18
31
-41
-20
48
-72
6
-8
-70
31
-77
-37
3
-83
24
-7
-47
8
-36
-27
-20
-28
2
1
12
39
-28
25
-3
-10
14
-28
7
-25
3
-12
-4
21
-43
-22
-1
-24
-36
40
-47
-11
48
-88
32
7
-36
60
-21
-11
38
-58
-1
8
-40
9
4
-11
-18
27
-27
-17
22
-63
-6
23
-70
38
9
-72
48
-31
-49
54
-29
-43
33
-28
-26
37
-12
26
8
-10
43
-26
17
65
-13
55
74
-59
66
45
-47
96
-10
-29
104
-42
8
79
-82
39
20
-73
41
-12
-35
40
-24
-27
62
-43
-1
65
-45
41
52
-44
49
58
-32
69
36
-34
75
4
-13
92
-26
-11
54
-71
26
29
-61
73
-3
-36
65
-51
-2
42
-41
7
5
-11
7
22
-2
-9
-5
-15
-22
-40
17
-25
-30
29
-39
-28
13
-17
-24
22
-4
-25
17
-20
-17
18
-2
-20
23
-4
-12
31
-23
-23
13
-9
-38
61
-6
-43
76
-59
-9
43
-65
15
29
-60
10
-1
-60
31
14
-51
11
-6
-63
25
0
-23
22
7
5
-13
8
-13
-14
16
-13
-26
23
-19
-17
28
-31
-19
6
-8
-42
50
-24
-42
72
-52
0
57
-29
9
29
-42
17
1
-9
32
5
19
2
22
0
27
35
-3
23
43
-32
25
47
-50
65
17
-13
45
4
0
34
-7
-11
41
-22
30
42
-6
28
22
-16
32
21
-35
46
2
-10
41
-23
21
28
-4
30
-28
-10
47
-56
17
48
-95
60
24
-98
90
-15
-99
91
-53
-83
78
-62
-19
55
-57
10
12
-24
27
-9
-10
15
-31
-9
38
-26
-13
69
-38
-49
57
-59
-37
36
-32
-18
2
8
-31
-15
41
-44
-62
73
-47
-56
92
-54
-46
82
-35
-41
86
-14
-28
39
-4
-26
6
28
-11
7
26
-15
-37
2
3
-33
-7
8
-29
-28
28
-32
-36
34
2
-24
38
13
-31
56
1
-19
43
11
0
34
26
-7
-10
0
4
2
1
12
-9
6
5
-4
13
-8
17
10
-19
17
13
-9
28
3
-7
18
1
12
-5
11
19
-4
-5
17
28
-4
23
32
-37
17
18
-22
30
16
3
17
9
-10
19
14
-13
27
7
-18
9
24
-22
14
58
-39
12
41
-44
8
46
-46
-5
52
-15
7
10
0
-3
-20
14
4
-22
3
20
-40
-17
22
-48
-5
23
-29
-31
2
-13
-34
3
2
-18
3
25
-27
-5
32
-30
-7
41
-18
-6
55
-2
-18
30
-16
-14
30
6
12
2
30
2
-41
46
-3
-29
39
6
-31
17
22
-28
18
16
-31
-1
30
-11
-12
8
29
-16
-21
54
-28
-8
54
-13
-11
24
-3
-8
33
0
-3
5
-3
-2
3
16
18
8
3
7
-11
15
-17
4
47
-3
10
39
-12
-13
44
-21
-9
36
4
15
21
12
2
0
-8
29
-1
-3
21
-3
-22
13
23
-33
9
25
-26
4
23
-31
10
22
-18
4
2
-6
0
-2
-1
11
-17
-11
4
-13
-14
-18
9
-17
-6
16
-2
-14
10
-6
-38
27
-9
-1
39
-4
11
20
-30
4
26
-36
26
19
-38
24
0
-31
23
-25
-18
19
-38
-5
15
-22
-7
8
-39
5
7
-33
9
6
-6
-10
-9
11
-6
-17
47
-17
-22
63
-31
4
50
-15
0
15
9
1
-2
14
14
-3
13
13
-25
11
9
-22
10
21
-11
18
19
-29
4
6
-18
24
36
-13
34
27
-41
27
15
-11
5
20
17
-19
23
10
-32
13
4
-32
11
1
-16
0
20
-12
-18
13
-4
-7
14
17
-21
8
16
-16
0
10
-6
-7
8
-8
-5
14
1
-19
0
-7
-42
7
15
-30
14
26
-37
4
4
-35
3
-6
-26
8
17
-6
-1
5
-3
-16
4
-6
-16
9
0
2
-1
-14
7
-12
-15
6
-25
-13
12
-22
-3
10
-22
4
-2
-23
-5
-4
-5
-2
0
-13
-5
4
-18
-1
2
-17
10
1
7
4
-10
16
-13
-23
26
4
-19
17
3
-14
-10
-8
-12
-10
-1
3
-24
-3
15
-28
2
14
-31
3
21
-9
14
16
-1
5
11
4
5
5
-3
13
-2
7
18
-20
22
9
-16
25
-6
-10
31
-13
2
17
-6
0
1
12
-6
-4
24
-6
-8
21
-6
5
7
1
8
-4
13
9
-11
-1
6
-1
-8
10
13
-3
11
15
-21
19
25
-22
22
20
-19
11
28
-7
10
18
-1
7
-4
0
16
-7
-10
26
-12
2
22
-20
6
15
-21
18
22
-5
21
13
-15
12
24
-8
12
18
2
2
9
3
-12
4
14
-14
7
20
-29
3
30
-39
-11
31
-34
-9
14
-13
12
-6
2
-1
-23
22
7
-28
26
5
-26
29
-4
-23
22
7
-24
2
-3
-11
11
5
-16
-8
8
-27
-8
6
-12
-17
-1
7
-24
-2
5
-39
-6
14
-23
5
8
-8
-2
-8
4
-17
-1
9
-14
-7
2
-5
-12
11
-15
-9
4
-8
-6
-13
1
-1
0
10
1
1
5
-9
19
5
-7
22
-2
5
13
-3
4
-2
-3
5
5
2
0
6
0
-10
-11
1
15
-5
8
12
-25
4
12
-23
3
20
-10
-3
10
4
5
2
-5
6
-1
9
8
5
14
2
3
14
-3
4
13
-1
-1
7
2
6
7
-6
10
3
-2
4
-9
0
5
-1
8
7
-8
1
5
-2
5
8
-6
13
11
-3
-4
4
14
-5
9
4
11
6
-10
-8
-6
3
-8
3
4
5
-6
10
-3
-13
18
-4
4
4
0
3
16
11
-8
12
3
-11
9
2
-9
8
-4
2
16
-3
4
4
-7
5
-1
-12
17
10
-8
5
5
-4
-1
5
-4
9
0
0
11
-3
1
8
-1
5
13
-1
6
9
-4
3
2
4
-7
-3
14
-6
-6
13
-15
-11
11
-12
-5
4
-3
-4
-7
7
-6
-2
15
-10
3
5
-2
0
4
4
-2
5
11
-20
2
22
-19
-1
8
-12
3
15
-22
-12
4
-8
-1
8
-4
-7
1
-3
-4
-10
10
-2
-4
4
-1
0
3
0
-8
5
-4
-7
0
-4
-4
2
-4
5
-6
-8
10
-14
-2
9
-15
0
15
-18
0
21
-29
8
13
-29
11
14
-18
9
-5
-6
-3
-15
12
0
-6
5
0
-12
6
2
-10
9
-8
-7
13
4
-2
-10
-3
-1
-16
-2
8
-17
-4
11
-21
-8
2
-12
-8
1
-15
1
5
-12
3
-2
-14
-3
6
-14
-1
1
-4
-6
-1
-3
-7
-9
-2
-1
-3
-8
-6
4
-4
2
1
-5
0
-4
-5
4
4
-5
0
-4
-3
-7
-6
13
-4
-11
7
-9
-10
13
-14
-13
7
-1
-12
-11
12
-1
-10
-4
-12
-12
6
7
-13
-1
8
3
-3
-4
1
-2
1
-1
0
9
9
1
-3
-2
5
6
-4
-8
9
14
-10
6
4
-11
2
9
-8
2
13
-12
0
13
3
-11
-2
2
-10
12
5
-10
13
14
-9
5
2
-11
12
5
-3
3
-1
-2
12
-10
-8
5
-10
2
7
10
-1
-5
2
6
-3
-4
17
-2
-2
11
4
-12
4
5
-3
-6
2
-3
-8
12
-16
1
5
-12
6
2
-13
-7
12
-4
-6
9
0
-15
6
2
-11
4
-11
-3
13
-1
-11
-6
2
4
-11
0
5
-3
9
0
-15
-2
12
-8
-13
2
1
-7
3
-5
-7
4
-2
-11
0
7
-1
2
-4
-1
4
3
1
1
-2
7
-2
-5
2
0
-1
-1
0
-2
3
-6
2
-1
-3
-1
1
5
-2
-6
0
7
0
6
-1
-10
12
-2
-8
9
-7
0
10
4
-6
2
-4
7
1
-12
12
1
1
10
-9
-8
9
-4
0
7
-4
1
10
-6
5
2
-7
11
3
1
3
-4
8
6
-7
11
3
-5
12
-3
-7
12
1
2
9
-3
-1
5
6
5
1
3
11
-3
0
9
-2
-7
3
8
-6
3
5
-3
4
-1
-3
0
2
11
3
-6
12
13
-1
0
-2
1
0
0
3
2
-2
1
2
-4
-8
7
-1
-1
3
-1
1
-1
6
0
3
3
6
-4
2
4
-2
3
6
-3
2
5
-9
1
0
0
0
2
0
-12
2
4
-5
-3
-3
-1
-7
4
-8
-5
-1
-6
4
-11
12
1
-10
5
-2
4
-2
3
2
3
-1
1
-1
-6
5
-1
-7
1
-2
-6
5
-5
-5
-3
-2
1
-4
-2
0
-6
6
-3
-9
-5
1
-1
-4
8
-8
-1
9
-14
-7
4
-14
9
1
-6
-4
3
-3
-10
4
1
-11
-5
11
-7
-13
7
-8
-3
5
-2
-1
-9
6
4
0
2
4
-6
3
-4
-7
2
3
-6
2
5
-14
-1
3
-10
-3
11
-7
-3
6
-6
6
-2
-9
6
-1
3
-3
2
-3
-9
13
-2
-8
-1
1
-2
5
-1
-3
2
2
-2
4
0
0
8
-2
9
-5
-6
4
0
-2
-3
-1
1
-3
3
1
-11
-3
5
0
1
-3
-2
3
2
3
0
-6
3
4
-7
-1
2
0
2
0
-5
3
-5
-11
10
-1
-7
5
1
-4
-5
-5
-2
1
1
4
-3
-3
5
-10
-10
9
0
2
0
-1
6
-1
-2
-3
-3
2
0
-4
0
-2
-2
1
-2
-8
-3
0
-10
-9
2
-1
1
8
-6
1
-8
-6
5
-4
3
-2
0
-4
2
-11
-5
1
0
6
-12
-5
3
1
-10
1
3
-8
4
3
-12
1
3
-6
4
-5
-9
-2
-1
5
-1
-8
8
0
-8
1
-4
-1
9
-8
8
0
-8
4
-9
-1
-1
-6
0
3
-8
3
-3
-7
7
-1
-6
5
1
-6
5
7
-1
0
1
1
-3
-4
0
1
2
3
-1
-3
2
-4
-3
4
0
4
4
-4
1
0
2
-2
1
6
3
3
