SAMPLES:	12017
BITSPERSAMPLE:	16
CHANNELS:	1
SAMPLERATE:	16000
NORMALIZED:	FALSE
-1
4
-2
8
12
-4
3
1
8
0
4
3
-2
-11
-8
8
-7
-16
-11
-9
3
9
2
5
-1
-9
2
-7
-11
-14
-12
-4
-8
4
0
3
3
-3
8
-6
-8
-4
-10
-5
-5
-7
-11
-4
1
7
9
5
12
7
0
2
2
-6
-1
-1
2
4
-8
-3
0
3
3
8
6
-1
0
-6
4
-2
5
10
2
12
3
11
8
7
0
-8
-2
-1
2
-7
-5
-10
4
8
-4
8
9
10
9
0
0
-6
-6
5
0
-3
12
4
7
-2
-12
5
3
5
3
6
-1
2
11
3
0
-1
9
-3
2
7
3
2
0
14
11
6
1
3
7
1
0
0
-2
2
0
7
6
-2
6
2
2
-5
-6
7
0
9
1
7
3
-13
-3
-3
4
2
1
12
7
-2
5
3
-2
0
2
-1
-7
0
3
1
4
13
12
-1
-3
6
7
-3
-8
1
13
-4
-3
8
-5
-1
-8
1
-5
-9
-2
-3
1
-2
4
-5
1
-16
-6
-6
-9
-21
-23
-10
-10
-12
-18
-2
-9
2
-1
-8
-5
-5
-7
-8
-1
-13
-9
-4
-6
-3
-4
4
2
-10
-13
-14
-2
0
7
17
6
1
4
-5
16
14
-3
5
-4
2
14
14
12
3
-18
-4
8
0
4
7
8
-3
-1
4
-2
7
10
13
9
-6
12
4
-3
8
7
7
9
1
-7
-9
-16
3
-1
-2
0
-1
0
7
12
8
7
-1
3
2
-3
-2
4
-4
-2
-18
-21
-1
-4
-4
-13
-2
5
-4
-4
-3
-5
-5
-3
-1
-8
-13
-11
-17
-8
-3
-6
-2
-7
1
2
-3
7
-2
-7
-9
-6
-3
-1
-3
-2
-5
-8
-6
0
15
4
14
14
1
6
-6
0
6
-5
-1
-3
-4
1
1
-4
0
-1
11
9
-3
10
1
3
5
-2
-5
-4
-2
5
7
6
9
-12
-13
2
-2
13
-5
-9
-1
-3
12
4
3
-13
-14
-1
-1
-3
-10
-8
4
-4
-3
-15
-21
-8
-3
-7
-7
0
-1
-1
-8
-12
-14
-11
-3
-6
-8
2
-1
-6
-11
-5
1
-3
4
2
-5
6
12
4
6
9
-2
15
6
10
4
1
9
0
7
12
9
2
11
12
10
12
6
4
6
16
1
-6
5
2
10
4
-1
6
-4
4
4
-5
0
-11
-8
3
-4
-4
-17
-6
-2
-2
-3
-6
3
-3
-3
-9
-4
-3
0
-3
-4
-9
-11
-11
-1
-1
-16
-8
-15
-9
-1
-19
-6
-5
-2
2
6
-10
-21
-6
-11
3
-5
-2
-4
-17
-23
-25
-7
-6
-11
-16
-10
-7
-9
5
8
-2
-3
-4
0
0
-4
6
14
6
2
10
4
13
4
15
8
10
22
6
12
1
18
16
17
13
17
26
11
15
18
27
14
10
13
21
14
11
1
2
19
3
6
2
-3
7
1
-6
5
0
-5
-2
-2
8
-5
3
2
0
15
-6
-5
-5
-21
-7
-8
-3
-14
-10
-9
-20
-21
-17
-16
-17
-8
-12
-17
-5
-6
-26
-7
-12
-21
-7
-7
-13
-13
-8
-5
-7
-16
-7
-5
-11
-17
-12
2
-11
-1
5
0
1
-5
-12
-4
11
2
4
12
5
3
5
6
6
3
0
8
8
-1
-8
-2
5
0
3
8
4
1
-1
2
6
10
2
-5
15
13
9
6
9
13
13
13
19
12
2
2
-6
-2
0
-1
-7
-3
-4
-3
13
14
17
14
19
7
-9
10
2
-3
0
-13
-7
0
-3
0
7
5
1
-4
6
8
-6
-3
14
13
3
11
8
-3
4
-2
5
-9
-6
-5
-8
8
8
9
1
1
9
2
0
7
-3
4
2
1
-1
2
7
-5
1
4
7
2
-4
-2
9
12
4
-3
-2
0
-3
-5
0
-10
-12
-12
-8
3
-13
2
9
10
0
-8
5
1
-10
-11
-1
-3
-14
-8
0
6
-5
-7
5
4
0
-6
-5
-1
5
7
1
10
-4
0
3
-6
7
3
6
-1
0
2
-3
-10
-10
-15
-22
-11
-18
-2
0
-14
-8
-11
-12
-13
-4
5
2
3
-11
-6
2
-1
1
0
-7
-12
-2
-5
-3
-4
2
7
11
11
8
5
4
0
0
-1
1
13
9
2
2
-4
-6
-3
-5
3
3
-5
-5
-14
-11
0
1
-4
-6
5
0
2
-3
-11
-4
-1
-5
-7
-6
-4
6
10
4
20
23
19
20
20
27
14
0
-1
-2
-3
14
13
5
-3
0
-7
8
7
-2
-2
-1
12
6
13
3
4
-3
-4
5
0
1
3
-1
5
-8
-4
-7
-5
-9
1
-6
6
21
10
8
-4
3
1
0
6
1
-5
3
-3
1
4
4
1
-13
-1
0
5
0
-1
14
-2
-8
-3
-2
5
0
-4
-17
-6
-4
-23
-8
-18
-18
-7
-15
-19
-8
-2
-14
2
0
-12
-3
-8
0
3
-9
-8
-3
-7
-14
1
3
3
7
0
2
6
8
9
0
5
8
9
-2
-5
2
9
6
-1
10
-3
-7
-4
1
-10
-14
-5
-8
0
-7
-7
-8
-5
-22
-13
-6
-9
0
-10
-5
-3
-1
3
-8
-10
-8
9
10
2
-2
6
1
-10
-2
-3
16
-2
-5
1
15
14
1
10
-11
-6
1
9
6
3
3
1
17
7
8
10
2
5
4
7
-2
0
4
-5
2
-9
3
16
-6
4
14
6
9
9
1
0
5
-1
0
-2
-3
6
5
10
13
6
-6
4
4
-4
3
8
12
5
16
18
11
9
5
1
-6
-5
0
0
12
17
5
-4
7
18
9
8
11
1
18
29
5
-5
-1
3
-6
-2
-11
-6
8
-12
-7
-9
-13
-13
-11
-20
-21
-3
2
0
-12
-8
-7
-12
-10
-10
2
-8
-17
-18
-9
-5
-4
7
0
-8
13
6
7
6
-5
0
-13
-10
-8
-21
-10
-1
-5
-4
-9
-8
-10
-18
-8
-2
-17
-14
-10
-5
-6
2
-5
-6
-8
-9
-1
-4
-3
-1
-3
5
-1
4
3
-3
2
-3
10
7
-1
5
5
-2
3
1
-7
-1
-1
1
10
6
4
6
7
3
9
11
2
18
9
-2
-1
10
17
12
14
10
10
2
4
-3
-13
-12
-1
-2
-9
-6
-8
-7
-1
8
5
13
-2
-10
6
0
-6
7
1
-2
-8
-5
-8
-5
-11
3
11
1
12
7
6
-1
8
-1
4
10
-6
-3
2
2
8
12
12
11
12
10
5
7
-11
6
5
-9
-7
-6
-3
-5
3
3
2
-3
-12
-14
-6
1
-4
-7
11
2
-8
-11
-19
-12
-7
-15
-7
-20
-20
2
0
12
2
0
7
5
10
9
3
9
3
-2
6
-9
-9
-10
-10
-5
0
-6
-9
-18
-15
-10
-12
1
-10
-6
-13
-9
-9
-10
6
7
-10
-10
-6
-2
4
-1
14
4
3
-3
-5
-9
-6
5
0
7
2
3
0
1
16
11
1
-7
-7
-6
-4
-5
-7
6
8
-9
-4
-6
-5
-6
-5
6
3
8
16
2
2
17
10
9
12
9
0
11
9
2
-1
-5
4
15
1
-6
5
-8
-11
3
8
-1
18
12
8
13
13
7
-2
-2
8
18
4
10
3
-6
16
21
16
14
11
6
8
16
9
8
6
6
-3
-6
3
-1
-13
-6
-10
-20
-17
-9
-16
-9
-10
-8
-1
-5
-5
-5
-2
-5
-5
-3
-12
8
3
-4
-6
-10
3
-5
-3
-4
-11
-3
-5
-3
-1
0
12
-1
2
-1
12
11
2
7
-5
1
0
-11
-11
-11
-18
-12
-12
-12
-6
-3
13
14
13
19
31
34
27
35
35
25
20
14
6
3
-2
-13
-4
-15
-32
-32
-31
-23
-21
-20
-23
-17
-14
-7
3
8
13
11
20
17
24
26
26
22
25
20
14
9
1
11
-14
2
-2
0
0
1
17
15
22
19
15
17
28
36
40
50
56
41
38
33
22
18
8
3
-10
-21
-27
-33
-29
-30
-24
-18
-4
5
16
21
36
49
43
65
73
74
56
58
61
36
23
12
-9
-23
-34
-50
-57
-73
-70
-68
-74
-56
-45
-34
-28
-22
-3
18
49
46
53
63
50
37
36
25
1
-13
-19
-19
-39
-38
-24
-17
-10
-4
-10
-4
-15
-11
-13
-22
-25
-53
-75
-105
-124
-159
-196
-214
-233
-246
-240
-218
-175
-141
-103
-41
7
56
121
166
190
223
247
255
240
228
199
138
61
38
-22
-94
-121
-149
-148
-152
-140
-124
-106
-75
-34
-11
-1
20
62
77
104
144
154
151
172
193
144
129
124
77
15
-2
-38
-124
-169
-172
-194
-225
-183
-117
-75
5
127
185
198
234
220
91
-91
-236
-427
-687
-776
-788
-868
-802
-554
-352
-157
167
458
575
663
785
727
538
424
290
40
-116
-139
-194
-221
-128
47
133
215
398
483
439
447
476
370
243
254
269
165
220
388
417
450
635
725
650
646
655
485
284
253
182
24
50
239
338
487
812
1028
1052
1066
984
516
-199
-871
-1653
-2675
-3441
-3820
-4161
-4222
-3682
-2826
-1944
-835
519
1601
2333
3005
3400
3183
2715
2236
1441
510
-189
-776
-1390
-1754
-1800
-1848
-1878
-1661
-1468
-1509
-1456
-1270
-1287
-1372
-1101
-720
-479
47
960
1742
2337
3090
3708
3793
3589
3265
2500
1305
147
-910
-2072
-3001
-3405
-3570
-3505
-2926
-2063
-1258
-367
645
1383
1786
2158
2359
2144
1811
1642
1301
772
508
373
-12
-375
-481
-723
-1228
-1562
-1746
-2137
-2441
-2323
-2031
-1750
-1108
-111
803
1655
2651
3436
3747
3864
3787
3279
2445
1626
758
-256
-1037
-1480
-1867
-2110
-1938
-1605
-1356
-941
-329
102
377
818
1263
1425
1576
1902
2077
2064
2148
2237
2059
1813
1666
1350
880
550
280
-90
-309
-313
-415
-579
-556
-632
-1168
-1771
-2230
-3059
-4168
-4751
-5008
-5441
-5382
-4440
-3278
-2143
-503
1460
2931
3949
4986
5516
5098
4363
3492
2076
432
-930
-2166
-3336
-4046
-4278
-4361
-4174
-3554
-2965
-2582
-1971
-1380
-1248
-1154
-736
-451
-382
209
1220
1962
2728
3848
4790
5083
5135
5025
4198
2804
1388
-152
-1861
-3290
-4277
-4991
-5248
-4901
-4332
-3638
-2584
-1463
-723
12
877
1300
1391
1760
2117
2076
2077
2393
2476
2155
2032
1906
1255
448
-166
-925
-1880
-2534
-2792
-2946
-2847
-2159
-1212
-254
1010
2345
3328
4091
4714
4877
4528
4070
3474
2511
1546
929
346
-201
-339
-222
-128
53
437
771
949
1179
1409
1532
1695
1891
2010
2161
2320
2242
1968
1593
899
-338
-1733
-3023
-4638
-6370
-7422
-8038
-8537
-8296
-7119
-5564
-3902
-1755
714
2626
4068
5443
6157
5938
5373
4543
3172
1601
230
-1048
-2276
-3074
-3500
-3880
-3969
-3744
-3661
-3665
-3423
-3219
-3336
-3228
-2702
-2296
-1851
-734
654
1791
3111
4665
5813
6393
6761
6739
5896
4594
3223
1437
-549
-2124
-3475
-4693
-5308
-5287
-5118
-4737
-3753
-2675
-2053
-1250
-130
329
432
1020
1482
1316
1364
1862
1918
1603
1704
1826
1290
723
477
-81
-928
-1435
-1595
-1872
-1968
-1438
-739
-100
885
2081
2990
3679
4372
4779
4577
4235
3913
3061
2045
1404
741
-37
-374
-311
-286
-166
345
928
1277
1751
2349
2630
2771
3096
3313
3238
3216
3268
2913
2250
1684
889
-647
-2357
-3752
-5537
-7700
-9039
-9716
-10598
-10848
-9727
-8160
-6637
-4388
-1423
1068
2960
5132
6928
7411
7399
7302
6371
4830
3424
2002
252
-1283
-2264
-3293
-4262
-4566
-4853
-5516
-5675
-5416
-5643
-5875
-5255
-4529
-4195
-3111
-1139
460
1895
3985
6027
7258
8094
8915
8945
7894
6709
5345
3263
1168
-604
-2457
-4060
-5019
-5602
-6123
-6179
-5626
-5418
-5253
-4171
-3353
-3239
-2374
-1098
-575
-26
1314
2426
2674
3245
4231
4272
3817
3840
3530
2502
1593
1100
501
-395
-738
-555
-632
-457
296
977
1400
1909
2547
2783
2667
2792
2631
2012
1824
1753
1359
1327
1603
1712
1840
2249
2742
2855
2929
3258
3286
3173
3253
3228
3067
2807
2327
1758
978
-313
-1949
-3635
-5409
-7490
-9329
-10434
-11310
-11862
-11413
-10106
-8400
-6377
-3829
-953
1463
3483
5502
6909
7403
7402
7094
6397
5193
3907
2817
1587
374
-594
-1522
-2306
-3079
-4105
-5020
-5778
-6686
-7549
-7956
-7922
-7740
-7117
-5548
-3558
-1528
911
3579
5934
7856
9444
10434
10577
10080
9049
7465
5591
3570
1364
-687
-2348
-3822
-5110
-5931
-6306
-6725
-7007
-6653
-6234
-6024
-5361
-4355
-3512
-2556
-1191
199
1303
2430
3609
4381
4793
5162
5194
4778
4231
3668
3010
2193
1590
1242
825
573
696
874
928
1069
1376
1497
1392
1449
1468
1220
1094
1117
1103
1261
1474
1723
2127
2482
2849
3279
3659
3963
4195
4439
4631
4590
4513
4190
3392
2512
1342
-540
-2524
-4422
-6762
-9070
-10675
-11868
-12869
-13094
-12286
-11052
-9558
-7271
-4565
-2228
-103
2195
4067
5094
5855
6494
6543
6101
5812
5561
4944
4306
3957
3342
2435
1651
613
-952
-2582
-4231
-6223
-8020
-9279
-10293
-10936
-10588
-9409
-7912
-5788
-2919
-124
2315
4827
7087
8377
8936
9340
9053
7876
6811
5873
4372
2899
1957
1037
-90
-925
-1377
-2200
-3211
-3726
-4304
-5194
-5665
-5878
-6192
-6182
-5728
-4964
-4105
-3055
-1612
-264
913
2351
3623
4421
5114
5737
6094
6154
6197
6273
6041
5702
5589
5328
4864
4415
3836
3090
2260
1448
571
-259
-895
-1554
-1968
-1913
-1789
-1526
-830
-52
777
1826
2847
3798
4564
5008
5251
5045
4458
3488
1834
11
-1945
-4294
-6376
-8062
-9651
-10738
-11181
-11009
-10270
-9286
-7832
-6049
-4480
-2943
-1335
-82
813
1528
2101
2548
2871
3274
3730
4111
4544
5012
5292
5412
5281
4607
3550
2242
466
-1650
-3662
-5605
-7518
-8911
-9517
-9609
-9208
-8090
-6402
-4541
-2621
-487
1439
2808
3961
4858
5283
5432
5470
5431
5250
4999
4894
4824
4533
4167
3717
3008
2035
892
-378
-1776
-3279
-4627
-5720
-6631
-7147
-7244
-7030
-6479
-5592
-4501
-3284
-1987
-696
485
1595
2684
3720
4688
5560
6441
7314
8014
8577
9054
9239
9022
8523
7819
6810
5459
4020
2619
1132
-247
-1305
-2127
-2705
-2982
-2969
-2637
-2028
-1332
-574
258
960
1406
1608
1647
1288
360
-729
-1861
-3265
-4662
-5699
-6474
-7057
-7227
-6810
-6034
-5176
-4164
-2943
-1930
-1263
-589
-107
-98
-257
-361
-542
-727
-681
-431
-109
353
1037
1741
2321
2778
2958
2708
2201
1418
316
-905
-2145
-3307
-4238
-4744
-4818
-4530
-3930
-3038
-1967
-971
-37
743
1170
1297
1256
1085
809
567
407
347
494
775
1124
1592
2003
2228
2305
2283
2086
1638
1062
490
-204
-913
-1413
-1827
-2169
-2428
-2608
-2625
-2623
-2661
-2526
-2340
-2238
-1934
-1419
-769
59
1082
2305
3572
4891
6240
7379
8315
9012
9279
9296
9062
8418
7571
6598
5472
4302
3198
2184
1233
455
-133
-611
-837
-883
-935
-882
-785
-905
-1154
-1497
-2185
-3189
-4287
-5465
-6735
-7820
-8482
-8887
-8985
-8433
-7423
-6201
-4725
-3084
-1515
-251
700
1471
1825
1680
1413
1096
654
290
234
425
703
1164
1845
2410
2826
3082
2870
2282
1420
174
-1265
-2640
-3868
-4963
-5676
-5690
-5300
-4706
-3652
-2305
-1149
-174
768
1436
1613
1515
1442
1241
900
850
1069
1289
1634
2196
2790
3185
3359
3402
3102
2406
1608
764
-242
-1227
-1969
-2509
-2917
-3060
-2900
-2717
-2559
-2316
-2081
-2054
-2077
-2056
-2069
-2030
-1792
-1221
-395
699
2019
3502
5065
6502
7723
8733
9358
9529
9344
8876
8166
7259
6305
5397
4549
3806
3180
2683
2299
1951
1614
1339
1038
586
9
-643
-1447
-2491
-3765
-5100
-6441
-7894
-9222
-10125
-10687
-10997
-10797
-9958
-8775
-7414
-5712
-3821
-2154
-750
566
1599
2146
2396
2550
2520
2330
2243
2321
2417
2585
2883
3222
3437
3512
3396
2880
2065
948
-437
-1899
-3305
-4576
-5589
-6110
-6142
-5784
-5045
-3987
-2850
-1810
-866
-109
322
494
519
432
332
386
634
1022
1604
2325
3021
3613
4044
4248
4088
3595
2922
2048
1002
59
-753
-1472
-1996
-2242
-2299
-2294
-2186
-2028
-2012
-2130
-2274
-2509
-2784
-2925
-2887
-2613
-2033
-1094
154
1609
3211
4793
6253
7477
8428
9080
9365
9345
9108
8664
8107
7571
7039
6487
5950
5407
4872
4327
3759
3127
2371
1562
643
-433
-1558
-2799
-4306
-5916
-7493
-9063
-10496
-11579
-12323
-12718
-12668
-12065
-10966
-9572
-7922
-6058
-4198
-2549
-993
402
1453
2174
2713
3138
3405
3643
3980
4305
4531
4770
4978
5088
4992
4588
3922
2939
1606
71
-1410
-2871
-4263
-5294
-5883
-6099
-5930
-5354
-4557
-3747
-2981
-2266
-1703
-1359
-1149
-981
-861
-691
-289
368
1199
2100
3069
4004
4681
5119
5285
5022
4400
3545
2515
1429
427
-452
-1148
-1616
-1908
-2022
-1977
-1923
-1937
-2049
-2330
-2716
-3132
-3535
-3810
-3868
-3615
-3061
-2138
-825
688
2291
3933
5500
6795
7853
8693
9184
9372
9342
9185
8925
8611
8311
8010
7624
7170
6741
6201
5519
4780
3911
2813
1582
265
-1281
-3060
-4846
-6656
-8566
-10277
-11566
-12580
-13334
-13520
-13193
-12593
-11634
-10262
-8704
-7224
-5759
-4246
-2900
-1805
-735
351
1253
2046
2992
3977
4799
5561
6282
6792
6976
6961
6704
6046
4987
3687
2216
609
-944
-2302
-3411
-4249
-4775
-4936
-4788
-4495
-4152
-3806
-3565
-3422
-3330
-3281
-3189
-3054
-2770
-2237
-1477
-524
571
1696
2650
3357
3811
4026
3945
3564
3090
2580
2021
1603
1426
1384
1347
1368
1450
1385
1106
688
48
-862
-1898
-2872
-3684
-4279
-4533
-4398
-3895
-3065
-1956
-647
720
2012
3185
4241
5139
5856
6493
7080
7618
8141
8723
9344
9892
10309
10550
10561
10256
9649
8791
7646
6214
4596
2838
854
-1325
-3483
-5691
-7945
-9937
-11648
-13128
-14212
-14752
-14839
-14545
-13761
-12574
-11224
-9762
-8164
-6613
-5255
-3977
-2778
-1687
-645
456
1684
2894
4051
5279
6402
7272
7939
8348
8334
7830
7004
5852
4400
2853
1356
-76
-1292
-2186
-2798
-3168
-3341
-3450
-3591
-3770
-4048
-4401
-4764
-5126
-5373
-5369
-5097
-4487
-3534
-2333
-1007
315
1521
2496
3143
3421
3413
3199
2852
2498
2270
2200
2240
2397
2681
2928
2993
2900
2553
1825
836
-294
-1500
-2665
-3633
-4234
-4450
-4255
-3679
-2799
-1744
-646
448
1457
2316
3032
3626
4131
4650
5264
6009
6865
7844
8871
9839
10709
11389
11763
11754
11382
10663
9573
8218
6630
4752
2610
331
-2054
-4499
-6858
-9040
-11047
-12790
-14121
-14994
-15432
-15427
-14934
-14087
-13035
-11778
-10321
-8874
-7468
-6042
-4616
-3204
-1835
-314
1292
2819
4286
5705
6954
7884
8551
8920
8846
8282
7396
6291
4930
3497
2193
980
-111
-988
-1610
-2111
-2595
-3013
-3465
-4068
-4691
-5211
-5692
-6034
-6128
-5980
-5569
-4851
-3843
-2721
-1597
-554
320
948
1356
1685
1922
2049
2222
2529
2939
3453
4039
4620
5027
5184
5076
4678
3949
2898
1672
332
-1028
-2229
-3098
-3638
-3889
-3837
-3530
-3082
-2542
-1857
-1165
-535
86
735
1474
2308
3330
4537
5821
7142
8464
9711
10827
11726
12314
12552
12460
12018
11269
10287
9020
7384
5351
3060
561
-2137
-4864
-7442
-9938
-12264
-14125
-15436
-16243
-16547
-16281
-15610
-14726
-13586
-12188
-10720
-9325
-7918
-6462
-5011
-3487
-1787
40
1879
3672
5395
6996
8375
9403
10048
10222
9810
8930
7799
6484
5065
3675
2399
1282
317
-469
-1088
-1719
-2481
-3352
-4319
-5352
-6373
-7204
-7792
-8138
-8141
-7735
-6929
-5866
-4620
-3333
-2210
-1259
-426
297
983
1673
2407
3192
4077
5098
6155
7145
7900
8274
8200
7715
6793
5535
4009
2345
656
-920
-2157
-3041
-3563
-3838
-3919
-3853
-3688
-3425
-3033
-2576
-2095
-1518
-733
307
1624
3243
5028
6850
8612
10288
11827
13057
13885
14253
14134
13534
12564
11331
9737
7731
5422
2897
203
-2514
-5095
-7571
-9989
-12185
-14011
-15440
-16444
-16941
-17007
-16763
-16170
-15195
-13899
-12368
-10672
-8832
-6948
-5026
-2992
-851
1262
3213
5041
6666
8019
9113
9926
10364
10309
9825
9074
8068
6878
5596
4293
2962
1613
381
-731
-1823
-2956
-4080
-5215
-6337
-7312
-8083
-8613
-8897
-8941
-8718
-8175
-7380
-6468
-5429
-4287
-3195
-2112
-882
384
1620
2946
4309
5610
6843
8043
9033
9640
9847
9648
9000
7933
6620
5119
3440
1724
196
-1143
-2306
-3166
-3776
-4254
-4593
-4729
-4695
-4547
-4237
-3724
-3000
-2024
-724
882
2731
4680
6648
8577
10389
11941
13176
14107
14585
14552
14102
13278
11933
10051
7795
5206
2310
-687
-3592
-6366
-8998
-11356
-13303
-14862
-16028
-16723
-16985
-16981
-16713
-16119
-15213
-14049
-12627
-10921
-8949
-6772
-4403
-1846
762
3254
5520
7515
9183
10447
11310
11791
11777
11290
10476
9458
8263
6942
5598
4208
2724
1194
-347
-1910
-3552
-5252
-6922
-8485
-9834
-10839
-11387
-11562
-11417
-10890
-10010
-8880
-7529
-5981
-4360
-2772
-1186
451
2142
3856
5588
7283
8826
10115
11157
11862
12101
11810
11012
9762
8168
6366
4479
2636
829
-890
-2381
-3600
-4585
-5281
-5669
-5880
-5953
-5809
-5372
-4672
-3697
-2373
-791
975
2925
5015
7136
9168
11040
12663
13929
14810
15307
15348
14833
13635
11709
9268
6389
3179
-32
-3107
-6032
-8730
-11006
-12839
-14343
-15521
-16335
-16938
-17465
-17677
-17503
-17003
-16073
-14635
-12695
-10375
-7638
-4541
-1343
1726
4524
6896
8773
10247
11306
12007
12361
12319
11871
11171
10270
9084
7687
6123
4304
2234
125
-1893
-3937
-5953
-7764
-9454
-10980
-12082
-12639
-12853
-12767
-12222
-11382
-10320
-8859
-7039
-5133
-3214
-1233
730
2668
4621
6583
8348
9814
10992
11798
12261
12375
12056
11238
9980
8376
6535
4682
2912
1126
-683
-2342
-3826
-5104
-5935
-6336
-6470
-6389
-5980
-5215
-4160
-2778
-1118
610
2227
3855
5582
7358
9117
10818
12376
13685
14662
15374
15741
15392
14058
11795
8789
5154
1307
-2254
-5457
-8427
-10964
-12836
-14168
-15131
-15657
-15958
-16449
-17062
-17394
-17330
-16849
-15689
-13826
-11429
-8582
-5198
-1481
2153
5387
7953
9726
10834
11503
11906
12148
12174
11897
11381
10724
9933
8911
7522
5702
3375
660
-2098
-4684
-7077
-9178
-10941
-12347
-13292
-13662
-13464
-12918
-12223
-11423
-10520
-9432
-8000
-6235
-4244
-2090
141
2464
4934
7413
9726
11648
12985
13670
13807
13492
12730
11532
9937
8039
5990
4036
2232
528
-1154
-2896
-4624
-6135
-7253
-7920
-8147
-7949
-7375
-6415
-4935
-2945
-668
1668
3933
6024
7937
9810
11660
13378
14881
16125
17052
17602
17696
17003
15065
11978
7981
3258
-1560
-5773
-9394
-12545
-14957
-16563
-17687
-18446
-18705
-18870
-19411
-20058
-20285
-20055
-19152
-17129
-14112
-10465
-6300
-1608
3151
7397
10857
13280
14482
14785
14742
14556
14375
14186
13815
13123
12141
10823
8958
6502
3464
-160
-4114
-7776
-10891
-13427
-15202
-16306
-16875
-16938
-16400
-15342
-14056
-12646
-11112
-9422
-7460
-5028
-2125
995
4090
7064
9777
12056
13893
15231
15820
15641
14892
13708
12226
10541
8680
6583
4229
1816
-579
-2983
-5304
-7488
-9459
-11047
-11927
-11907
-11057
-9505
-7402
-4945
-2311
412
3171
5812
8157
10192
12089
13909
15668
17501
19337
20839
21793
22078
21482
19506
15893
11076
5287
-1192
-7313
-12193
-15964
-18699
-20212
-20849
-21264
-21622
-21708
-21954
-22584
-23003
-22711
-21599
-19342
-15584
-10695
-5232
469
5992
10744
14303
16528
17352
17027
16194
15307
14594
14341
14352
13973
12927
11284
8705
4953
561
-3954
-8546
-12723
-15559
-17002
-17496
-17048
-15812
-14500
-13538
-12687
-11864
-11278
-10590
-9105
-6768
-3781
-39
4212
8244
11555
14107
15693
16111
15594
14554
13143
11643
10424
9454
8487
7307
5721
3555
805
-2327
-5685
-9021
-11899
-13936
-14854
-14505
-12969
-10664
-8068
-5472
-2989
-704
1388
3430
5535
7680
9996
12725
15854
18864
21428
23570
24837
24896
24012
22322
19187
14281
8472
2403
-3945
-9614
-13524
-16392
-18990
-20865
-21957
-23100
-24310
-24850
-25026
-25422
-25041
-23002
-19855
-15699
-10273
-4369
1063
6061
10688
14297
16562
17833
18055
17325
16635
16458
16287
15978
15378
13562
10325
6370
1916
-3233
-8341
-12516
-15893
-18250
-18744
-17907
-16930
-15877
-14785
-14215
-14040
-13267
-11755
-9879
-7177
-3233
1367
6073
10769
14707
16960
17553
17098
15907
14295
12891
11984
11218
10494
9913
8920
6953
4013
156
-4381
-8844
-12487
-14994
-16267
-16222
-15082
-13258
-10958
-8371
-6031
-4243
-2585
-730
1461
4370
8242
12542
16450
19886
22853
24646
25086
24909
24142
22334
20162
18287
15808
11697
6617
1043
-5701
-12653
-17814
-21584
-24904
-26894
-27207
-26975
-26502
-24889
-22543
-20892
-19413
-16763
-13575
-10078
-5262
371
5595
10347
14893
18613
20762
21594
21135
19052
16370
14052
11880
9964
8301
5904
2377
-1543
-5614
-10172
-14623
-17875
-20242
-21967
-21752
-19680
-17500
-15343
-12717
-10475
-8982
-6950
-3797
-691
2229
5957
9834
12735
15303
17530
18155
17168
15631
13865
11677
9618
8217
6803
4890
3059
1202
-1304
-4256
-7247
-10214
-12855
-14501
-14905
-14443
-13331
-11623
-9699
-7658
-5238
-2590
-87
2517
5484
8517
11559
14793
17752
19656
20587
21124
21140
20383
19618
19276
18468
17049
15745
13876
9742
3407
-3600
-11077
-18804
-24103
-25835
-26138
-25720
-23834
-21676
-20733
-20057
-18505
-17052
-15999
-13394
-8754
-3475
2448
9002
14363
17566
19244
19825
19207
17686
15932
13806
11303
9353
7784
5775
3356
56
-4894
-10561
-15506
-19386
-22117
-22983
-21808
-19953
-17680
-14290
-10989
-8931
-7259
-5559
-4128
-2169
1360
5916
10132
13841
16976
18431
18104
16999
15040
12085
9133
6968
5371
4100
3188
2070
-35
-2838
-5625
-8354
-10757
-12289
-12935
-12858
-11906
-10211
-8355
-6753
-5538
-4692
-3927
-2571
-267
2650
5874
9332
12484
14915
16824
18097
18363
17784
16834
15965
15438
15154
15088
14991
14318
12806
10588
7586
2988
-3572
-10514
-16661
-22016
-24890
-24193
-22067
-20358
-18690
-17166
-16784
-16851
-15386
-12709
-10108
-6292
-624
5040
9944
14318
17157
17655
16660
15597
14594
13218
11943
10404
7790
4839
1988
-1372
-4944
-8471
-12468
-16449
-19156
-20282
-20522
-19759
-17545
-15124
-13081
-10080
-6591
-4075
-1741
1067
3561
5766
8569
11579
13432
14252
14804
14477
13173
11911
10370
7892
5171
2716
428
-1635
-3237
-4434
-5752
-7028
-7691
-8071
-8536
-8806
-8909
-8955
-8546
-7414
-5771
-4050
-2495
-1008
347
1787
3678
5634
7452
9285
10947
12376
13787
14899
15424
15221
14448
13809
13191
12548
12422
12504
11990
10845
9267
6587
1529
-5053
-10958
-16360
-20670
-21306
-19153
-17354
-16127
-14787
-14415
-15359
-15386
-13115
-10402
-7459
-2434
3227
7526
11095
13714
14329
13403
12377
12038
11792
11277
10553
8582
5343
2049
-1442
-4963
-7816
-10582
-13485
-15591
-16581
-17027
-17157
-16295
-14591
-13140
-10914
-7182
-3881
-1455
1187
3404
4648
6160
8482
10510
11647
12756
13597
13035
11759
10407
8047
4863
2204
311
-1148
-2011
-2320
-2808
-4003
-5379
-6433
-7517
-8454
-8683
-8353
-7636
-6340
-4667
-3187
-2268
-1821
-1515
-1017
133
1979
4161
6579
8890
10661
11983
12897
13160
12707
12059
11909
12123
12347
12962
13725
13550
12270
10568
8139
3559
-2752
-8309
-12997
-17295
-18649
-16757
-15209
-15171
-15039
-15021
-16160
-16663
-14214
-10461
-7355
-3228
1966
5738
8151
10290
11547
11659
11676
12577
13657
13684
12667
10199
6161
2055
-1478
-4492
-6446
-7936
-10137
-12610
-14533
-16178
-17778
-18312
-16965
-14778
-12030
-7804
-3541
-1011
522
1755
2464
3312
5392
8362
10877
12620
13863
13889
12302
10077
7620
4747
2215
926
574
199
-430
-1402
-3204
-5470
-7041
-7680
-7827
-7422
-6498
-5688
-5141
-4583
-4302
-4350
-4260
-3742
-2488
-283
2391
4949
7106
8613
9494
10104
10834
11795
12544
13203
14189
14871
14871
14769
14660
13791
12077
10289
7946
3149
-3320
-8635
-13325
-17791
-18970
-17170
-16413
-17030
-16841
-16598
-17463
-17015
-13430
-9391
-6194
-1679
3474
6795
8994
11135
12327
12630
13214
14517
15385
14751
12766
9216
4642
667
-2449
-4934
-6494
-8115
-10856
-13796
-15893
-17531
-18818
-18485
-16068
-13249
-10143
-5795
-2234
-773
212
1416
2412
4053
7197
10585
12626
13571
13806
12495
10137
8083
6085
3968
2578
1971
1393
309
-1186
-3079
-5466
-7316
-7793
-7480
-6872
-5981
-5369
-5416
-5639
-5610
-5559
-5395
-4450
-2917
-1180
1204
3730
5323
6483
7654
8633
9686
11210
12948
13829
13904
14193
14167
13228
12781
13027
12473
11164
9827
7444
2167
-4899
-10600
-15086
-18877
-19036
-16265
-15126
-15794
-16030
-16372
-17397
-16679
-12677
-8025
-4386
195
5068
7652
9076
10642
11483
11916
13053
14794
15760
14797
12168
8025
3070
-737
-3065
-4711
-5632
-6792
-9424
-12751
-15577
-17536
-18662
-18150
-15156
-11349
-8067
-4413
-1508
-771
-442
825
2697
5209
8587
11806
13093
12597
11692
9934
7529
6312
5560
4097
3129
2531
1077
-943
-2829
-4575
-6290
-7099
-6430
-5500
-5082
-4743
-4910
-5778
-6211
-5836
-5167
-4188
-2574
-824
414
1953
4037
5323
6252
8079
9775
10751
12022
13293
13514
13091
13101
13307
13209
13600
14072
12952
10608
6844
265
-6701
-11537
-15351
-17486
-16540
-15284
-16586
-18748
-19484
-19869
-19939
-16625
-10801
-6589
-3172
1478
5056
6493
8075
10510
12433
14020
16635
18998
18619
15941
11974
6708
1901
-813
-2386
-3791
-5346
-8077
-12284
-16365
-18936
-20421
-20608
-18092
-14073
-10863
-7720
-4579
-3225
-2821
-1151
1777
4958
8575
12331
14321
14053
13181
12061
10217
8746
7947
6706
5090
3673
2127
13
-2326
-4368
-6068
-7127
-6970
-6187
-5837
-5937
-6268
-6896
-7162
-6328
-5044
-3989
-2910
-1750
-786
270
1937
3969
5709
7298
9351
11393
12843
14022
14608
14337
13955
13601
13325
13595
13879
13215
11587
9461
5737
-833
-7608
-12119
-16238
-19434
-18657
-16982
-18600
-20863
-20894
-20629
-20421
-16766
-10244
-5720
-2841
1518
5309
6894
8850
11869
14252
16041
18203
19865
19195
16280
12029
6831
2442
35
-1751
-3544
-5387
-8775
-13745
-17900
-20106
-21316
-21425
-18915
-14934
-12037
-9276
-5945
-4271
-3870
-1956
1395
4728
8506
12647
14958
14835
14103
13311
11798
10370
9666
8427
6368
4568
2872
609
-1740
-3704
-5584
-6930
-7165
-6988
-7150
-7533
-8074
-8696
-8579
-7232
-5555
-4351
-3108
-1885
-1191
-191
1735
3816
5626
7578
9833
11881
13432
14743
15375
14932
14362
14163
13808
13616
13853
13370
11554
9202
5943
30
-7168
-12217
-15823
-19033
-19169
-17421
-18383
-21146
-22027
-21475
-20692
-17483
-11202
-6045
-3391
70
3920
5850
7860
11291
14176
16232
18382
19947
19438
16715
12968
8648
4630
2395
930
-1265
-3996
-7802
-12881
-17271
-19577
-20269
-20010
-18306
-15337
-13075
-11514
-9061
-6843
-5443
-2858
1034
4696
7931
11077
13088
13008
12483
12751
12386
11654
11451
10023
7220
4789
2622
522
-940
-2023
-3255
-4687
-5744
-6350
-7209
-7972
-8127
-8098
-7661
-6362
-4980
-4233
-3717
-2984
-2162
-936
1338
4053
6261
8161
10038
11619
12785
13844
14986
15543
15413
15593
15983
15981
15692
14649
12546
8880
2449
-4546
-9333
-13416
-16602
-16696
-16426
-19281
-23270
-24969
-24895
-24212
-20472
-13791
-9194
-7025
-3411
754
3330
6118
10242
14022
16475
18716
20927
20887
18287
14982
11439
8151
5987
4208
1611
-2184
-7049
-12474
-17147
-19413
-19921
-20422
-19596
-17027
-15622
-14970
-12506
-9534
-7526
-4658
-65
3891
6058
8463
11014
11759
12414
14381
15224
14373
13294
11382
8437
6011
4582
3275
1660
219
-1307
-3466
-5346
-6302
-7333
-8542
-8933
-8690
-8373
-7558
-6418
-5965
-5792
-4930
-3565
-1907
352
2823
4654
6123
8116
10385
12361
14238
15882
16631
16664
16736
16730
16384
16189
15789
14258
11887
7883
806
-6574
-11315
-15041
-17479
-16902
-16901
-20483
-24486
-25663
-25091
-23552
-18826
-12247
-8662
-6857
-2899
1149
3644
7025
11397
14824
17222
19589
21360
20573
17572
14338
11125
8504
7094
5242
1977
-2384
-7832
-13285
-17010
-18527
-18865
-19178
-18687
-17122
-16545
-16220
-13766
-10640
-8186
-4787
-207
3454
5657
7818
9975
10902
11589
13393
14756
14431
13283
11534
8917
6400
4919
4110
2836
1102
-584
-2747
-5082
-6436
-7314
-8334
-8793
-8557
-8169
-7757
-7285
-6848
-6493
-5768
-4172
-2026
390
2892
5000
6632
8292
10177
12106
13901
15480
16654
17067
17119
17514
17796
17199
16131
14466
10072
2766
-3666
-8029
-12229
-14499
-13851
-15151
-20197
-24513
-25921
-26122
-24706
-19689
-13886
-11403
-9755
-5961
-2234
682
4909
9784
13409
16046
18769
20816
20444
18473
16406
13975
11884
10582
8341
4528
-188
-5679
-11223
-15083
-16563
-17339
-18680
-18796
-17735
-18192
-18614
-16282
-13441
-11344
-7724
-2851
477
2529
5350
8040
9486
11347
13941
15189
15012
14401
12909
10601
8796
7755
6630
5035
3278
1170
-1514
-3672
-5012
-6488
-7823
-8404
-8782
-9127
-9083
-8902
-8864
-8655
-7557
-5737
-3937
-1758
766
2619
4387
6980
9613
11866
13898
15475
16579
17269
17892
18683
19208
19137
18188
16226
12796
6493
-1067
-6198
-10082
-13635
-14392
-14848
-18967
-24284
-26973
-27177
-26079
-22685
-17020
-13196
-12007
-9195
-4908
-1449
2653
7817
12309
15513
17974
20252
21044
19630
17990
16450
14487
13119
11380
7880
3254
-2112
-7702
-12141
-14650
-15735
-17036
-18383
-18236
-18315
-19307
-18184
-15186
-12713
-10038
-6324
-2947
-702
1569
4631
7483
9740
12187
14231
14840
14379
13275
11815
10425
9378
8855
8009
6120
3770
1195
-1510
-3435
-4655
-5959
-7179
-8183
-9044
-9691
-10060
-10051
-9749
-9155
-7833
-6030
-4215
-2010
361
2333
4513
7295
10043
12411
14468
15949
16740
17476
18544
19657
20190
19697
18310
15014
8431
1215
-3425
-7424
-11055
-11745
-12623
-17548
-23445
-26312
-26892
-26470
-23412
-18064
-15127
-14877
-12555
-8430
-4948
-582
5263
10242
13361
15921
18583
19722
19045
18487
17849
16585
15720
14263
11060
6792
1697
-3782
-8249
-10841
-12428
-14708
-16890
-17396
-18302
-19897
-19088
-16697
-15000
-12750
-9403
-6593
-4581
-1922
1623
4794
7615
10658
12892
13805
14199
14048
13265
12434
11816
11342
10408
8678
6595
3965
1082
-928
-2506
-4336
-5892
-7280
-8757
-9857
-10436
-10688
-10668
-10198
-9010
-7603
-6234
-4107
-1773
156
2676
5768
8635
11241
13440
15097
16359
17324
18589
20091
20954
20839
19884
17692
12598
5261
-317
-4073
-8325
-10676
-11147
-14794
-21276
-25633
-26888
-27039
-25551
-21151
-17348
-17023
-16123
-12426
-8707
-4679
1102
6709
10573
13463
16405
18661
19058
18874
18885
18077
17251
16452
14091
10299
5675
368
-4671
-8224
-10295
-12519
-15433
-16938
-17702
-19616
-20186
-18276
-16530
-15036
-12337
-9459
-7471
-5279
-1914
1625
4644
7923
10972
12709
13710
14197
13926
13471
13315
13200
12652
11312
9323
6855
4155
1927
223
-1520
-3475
-5481
-7414
-9049
-10165
-10871
-11336
-11354
-10679
-9712
-8591
-6839
-4827
-3022
-721
2424
5693
8838
11668
13727
15287
16669
17972
19473
21009
21860
21633
20517
17850
11879
4648
-65
-3984
-8219
-9709
-10616
-15678
-22302
-25853
-26843
-27164
-25274
-20516
-17601
-18026
-16762
-12964
-9521
-5346
614
6197
9880
12560
15577
17834
18203
18355
18686
18242
17740
16873
14648
11278
6770
1651
-2752
-5796
-8071
-10997
-14043
-15573
-17247
-19547
-19432
-17595
-16807
-15820
-13381
-11149
-9701
-7305
-3481
-58
2704
6164
9479
11328
12451
13391
13717
13709
14108
14674
14258
12635
10589
8237
5661
3631
2091
135
-2248
-4699
-6984
-8802
-10079
-11006
-11682
-11810
-11334
-10649
-9527
-7603
-5691
-3986
-1417
1801
4901
7997
10754
12848
14469
15905
17513
19302
20900
21841
21589
20387
17195
10712
4671
1189
-2945
-6382
-6907
-9503
-16161
-22121
-24767
-25804
-26046
-23296
-19195
-18869
-20014
-17685
-14085
-10778
-5664
333
4818
7567
10506
14203
16378
17207
18406
18772
18183
18001
17136
14911
11728
7533
3061
-805
-3637
-6269
-9951
-12996
-14607
-17005
-18968
-18262
-17319
-17455
-16586
-14545
-12897
-11276
-8251
-4454
-1456
1394
4870
7821
9736
11217
12382
13232
14030
14812
15354
14869
13089
10917
8853
6814
5205
3768
1619
-1165
-4067
-6440
-8049
-9487
-10740
-11398
-11725
-11756
-11170
-9943
-8295
-6689
-4853
-2028
1189
4418
7779
10331
12082
13968
15638
17257
19442
21432
22209
21779
20973
18413
12455
6643
3156
-1191
-5404
-6619
-8665
-14507
-20495
-23420
-24840
-26009
-24251
-20263
-19358
-20438
-18457
-14771
-11666
-7306
-1455
3377
6276
9205
13027
15602
16610
17773
18372
17977
17839
17355
15499
12539
8629
4225
393
-2457
-5118
-8531
-11619
-13563
-15827
-17762
-17441
-16782
-17394
-17089
-15325
-13794
-12151
-9112
-5535
-3021
-727
2794
6223
8238
10043
11919
12823
13471
14680
15625
15274
13785
11970
10031
8006
6446
5035
2702
-360
-3258
-5746
-7760
-9338
-10726
-11940
-12791
-13080
-12680
-11632
-10125
-8404
-6610
-4199
-808
2525
5601
8757
10965
12520
14827
17167
18786
20330
21490
21600
20938
20125
18289
13154
6608
2153
-2185
-6622
-7825
-8750
-13668
-19827
-23592
-25387
-26397
-24930
-20675
-18564
-19402
-18053
-14600
-11629
-7483
-1622
3701
7190
9894
13389
16014
16688
17644
18687
18584
18491
18023
16099
13261
9509
5235
1432
-1845
-4761
-8023
-11439
-13546
-15140
-16913
-17545
-17681
-18377
-18388
-16978
-14860
-12583
-9976
-7022
-4350
-1793
1535
4966
7609
10098
12304
13502
14389
15503
16206
15775
14405
13028
11453
9306
7364
5422
2529
-687
-3367
-5685
-7691
-9330
-10835
-12373
-13635
-14009
-13529
-12434
-10878
-9162
-7206
-4916
-2030
1628
5118
7971
10775
12952
14677
16953
18850
19982
21085
21699
21558
21141
20353
17575
11326
4788
612
-3771
-7427
-7712
-9324
-15338
-21299
-24296
-25922
-26740
-24196
-19598
-18773
-20222
-18335
-14994
-12125
-6954
-152
4974
7721
9979
13089
15097
15823
17682
19132
18728
18496
17971
15813
12894
9386
5226
1298
-1640
-4152
-7671
-10935
-12459
-14621
-17343
-17844
-17641
-18498
-18407
-16579
-14693
-13238
-10829
-7395
-4679
-2102
1776
5267
7589
10126
12319
13378
14350
15469
15912
15473
14562
13444
11671
9358
7259
4958
1936
-1137
-3777
-6144
-8322
-10263
-11772
-13163
-14475
-14742
-14112
-13175
-11775
-10058
-7981
-5402
-2652
874
4877
7853
10428
13267
15463
17118
18831
20312
21167
21259
21402
21532
20420
18153
13969
7316
1338
-2757
-6483
-8335
-8758
-11945
-17847
-22708
-24886
-25488
-24621
-21095
-18111
-18974
-19463
-16547
-12904
-8594
-2461
3181
6427
8134
10401
13261
14942
16403
18380
18807
18021
17534
16288
13829
10912
7608
4023
689
-2052
-4929
-8646
-11706
-13504
-15442
-16920
-17131
-17398
-17972
-17558
-15932
-13915
-11827
-9012
-5670
-2858
68
3638
6554
8627
10625
12236
13338
14374
15355
15765
15104
13781
12239
10101
7798
5899
3526
526
-2266
-4817
-7150
-9033
-10554
-12036
-13471
-14205
-14019
-13402
-12281
-10489
-8591
-6582
-4071
-1058
2255
5292
8125
11058
13382
15156
17115
18658
19423
19953
20466
20840
20603
19641
17635
12730
5688
387
-3255
-6589
-7766
-8076
-11703
-18030
-22983
-25076
-25698
-24492
-20540
-17948
-19168
-19346
-16372
-12837
-8358
-2273
2939
5623
7203
9882
12908
14726
16478
18033
17824
17268
17156
15987
13872
11323
7967
4035
468
-2209
-5164
-8805
-10960
-12052
-14180
-16028
-16595
-17270
-17803
-16777
-14372
-12013
-10226
-8007
-5446
-3322
-629
2987
5915
7966
9789
11041
11843
12845
13910
14277
13734
12719
11376
9493
7481
5591
3258
449
-2288
-4708
-6770
-8453
-10090
-11700
-12812
-13314
-13275
-12545
-11162
-9651
-8347
-6735
-4371
-1712
1065
4228
7363
9997
12417
14768
16632
17933
18948
19402
19282
19249
19312
18618
17132
15390
12131
6199
387
-3002
-6166
-8928
-9257
-10572
-15776
-21193
-23358
-23604
-23266
-20798
-17134
-16624
-18156
-16546
-12437
-8462
-3620
1790
5276
6458
7760
10758
13583
15144
16630
17311
16451
15509
14625
13233
11264
8336
4769
1291
-1628
-4176
-7087
-9540
-10880
-12942
-15322
-15934
-16112
-16703
-15955
-13906
-12170
-10993
-9118
-6383
-4030
-1474
2205
5118
6559
8095
9637
10563
11521
12964
14034
13607
12293
11126
9507
7433
5963
4366
1688
-1217
-3652
-5717
-7532
-8971
-10076
-11201
-12073
-12067
-11572
-10939
-9924
-8831
-7633
-5702
-3158
-309
2550
5001
7341
9681
11874
14254
16170
16894
17324
17671
17438
17290
17534
17331
16163
14322
12061
8027
2057
-2458
-5002
-7856
-9591
-9859
-12463
-17688
-21701
-22819
-22522
-21503
-18588
-15788
-16220
-16792
-13979
-9898
-6002
-1271
3272
5692
6691
8787
12030
14129
15319
16501
16328
15269
14922
14376
12699
10416
7568
3868
127
-2503
-4702
-7597
-9876
-11151
-13274
-15615
-16322
-16353
-16505
-15642
-13753
-12026
-10602
-8583
-5909
-3490
-1123
2009
4862
6583
8101
9645
10658
11684
13044
13817
13411
12280
11005
9488
7746
6168
4381
1798
-931
-3198
-5332
-7135
-8423
-9754
-11124
-12014
-12228
-11868
-11110
-10071
-8619
-6909
-5020
-2569
154
2749
5160
7463
9915
12265
14130
15845
17281
17854
17963
18034
17903
17523
16918
16136
14778
12424
9232
4724
-527
-4239
-6674
-9031
-10343
-11706
-15464
-20049
-22548
-22813
-22290
-20911
-18312
-16957
-17429
-15895
-11768
-7875
-4059
265
3587
5507
7529
10757
13781
15148
16024
16578
15832
15139
15212
14465
12329
9399
5915
2127
-1166
-3406
-5733
-8853
-11207
-12972
-15350
-16961
-17185
-17413
-17497
-16281
-14273
-12516
-10671
-8038
-5322
-2909
220
3658
6221
8176
9860
11172
12308
13428
14365
14532
13750
12639
11322
9681
8065
6277
3814
1045
-1573
-4117
-6372
-8103
-9633
-11201
-12407
-12848
-12820
-12473
-11456
-10085
-9026
-7713
-5465
-2921
-403
2473
5389
7860
10236
12831
15234
17099
18434
19078
19168
19143
18934
18382
17656
16537
14583
12127
9678
6541
1826
-3211
-6919
-10206
-13325
-14626
-15546
-18659
-22347
-23975
-24015
-23502
-21507
-18089
-16010
-15509
-13205
-8969
-5130
-1121
3502
6938
8876
10830
13519
15875
17025
17691
17727
16584
15269
14144
12394
9984
6925
3221
-420
-3647
-6536
-9339
-11939
-13686
-15149
-16858
-17776
-17859
-17939
-17273
-15162
-12532
-10258
-7983
-5154
-2458
-30
3213
6673
8934
10545
12188
13327
13945
14611
15156
14666
13139
11622
10175
8305
6452
4711
2250
-978
-3937
-6206
-8178
-9841
-11097
-12387
-13658
-14216
-13819
-12910
-11703
-10016
-8214
-6505
-4181
-1226
1555
4252
7195
9990
12472
14817
16877
18338
19070
19467
19681
19310
18618
17711
15904
13510
11364
9223
6831
4535
1943
-2118
-7390
-11750
-14570
-16760
-17483
-16833
-17845
-20945
-23065
-22934
-21607
-19040
-14779
-10999
-9844
-8939
-5735
-1889
1717
6080
9912
11462
11984
13313
14896
15558
15741
15676
14248
12054
10474
8683
5915
3032
102
-3373
-6637
-8960
-11000
-13217
-14630
-15139
-15808
-16457
-16313
-15748
-14929
-13119
-10393
-7644
-5111
-2486
190
2685
5335
8196
10516
12057
13101
13692
13758
13664
13638
13131
11795
10060
8173
6047
3832
1777
-393
-2925
-5381
-7356
-8916
-10170
-11110
-11760
-12097
-12008
-11259
-9864
-8264
-6646
-4801
-2743
-570
1846
4494
6920
8805
10539
12421
14119
15357
16304
16864
16613
15868
15214
14453
13090
11450
9751
7624
5244
3189
1485
-151
-1782
-3962
-7518
-11535
-14161
-15513
-15923
-14777
-13755
-15095
-17216
-17591
-16356
-14237
-10837
-7022
-5377
-5648
-4527
-1556
1397
4560
7930
9667
9489
9404
10480
11419
11335
11062
10402
8495
6544
5408
4003
1937
-214
-2516
-5208
-7606
-9122
-10397
-11525
-11638
-11465
-11982
-12249
-11784
-11100
-9902
-7819
-5388
-3380
-1725
176
2223
4099
6097
8073
9440
10211
10429
10371
10349
10069
9516
8880
7825
6252
4661
3229
1709
119
-1407
-2925
-4443
-5708
-6428
-6802
-7166
-7454
-7463
-7200
-6635
-5602
-4180
-2746
-1520
-282
1133
2564
3952
5440
6786
7816
8763
9692
10483
11088
11371
11291
11042
10661
10061
9187
8121
6885
5414
3921
2680
1569
504
-395
-1290
-2412
-4265
-7134
-9849
-11238
-11868
-11779
-10607
-10141
-11648
-13347
-13319
-11986
-10248
-7769
-5268
-4758
-5345
-4110
-1348
1158
3651
5990
6795
6213
6208
7463
8454
8450
8200
7241
5267
3923
3658
3171
2008
357
-1833
-4344
-6186
-6867
-7405
-8088
-8147
-8436
-9355
-9403
-8693
-8208
-7356
-5730
-4203
-3020
-1537
285
1731
3114
5094
6755
7523
8190
8704
8633
8599
8982
9178
8652
7629
6505
5232
3849
2849
2006
672
-944
-2386
-3553
-4510
-5185
-5667
-6199
-6670
-6793
-6655
-6338
-5676
-4862
-4077
-2965
-1491
-74
1351
2805
3935
4822
5836
6906
7798
8626
9425
9809
9795
9885
9878
9486
8952
8242
6854
5053
3602
2420
1367
580
-82
-1163
-2658
-3932
-5360
-7703
-9953
-10918
-11343
-11339
-10107
-8945
-9610
-10821
-10460
-9113
-7733
-5392
-2700
-1991
-2465
-1354
929
2606
4272
6160
6740
6015
5903
6633
6646
5865
5175
4217
2771
1872
1498
550
-1024
-2641
-4266
-5806
-6631
-6896
-7433
-7846
-7477
-7092
-7066
-6480
-5490
-4853
-3895
-2069
-300
846
2121
3693
4789
5599
6853
7863
7918
7847
8028
7785
7284
7021
6536
5341
3860
2834
1945
777
-278
-1274
-2649
-3966
-4626
-4874
-5005
-5147
-5452
-5911
-6161
-5828
-5129
-4411
-3567
-2717
-2083
-1117
369
1664
2495
3328
4244
4942
5610
6540
7305
7458
7507
7848
8050
7901
7623
7192
6405
5448
4668
3878
2794
1773
981
0
-899
-1402
-1953
-2637
-3018
-3441
-4932
-6973
-7993
-8194
-8181
-6968
-5188
-5261
-6786
-7325
-6702
-5877
-4286
-1852
-877
-1971
-2409
-1186
66
1248
2877
3539
2587
1729
2134
2644
2506
2455
2310
1338
576
824
950
410
-172
-821
-1822
-2478
-2320
-2177
-2465
-2417
-2160
-2459
-2726
-2354
-2009
-1870
-1289
-344
207
444
1020
1713
2032
2462
3198
3530
3328
3167
3246
3259
3297
3607
3647
2876
1959
1469
1070
634
328
-125
-1166
-2370
-2962
-3086
-3296
-3553
-3852
-4403
-4907
-4892
-4381
-3826
-3422
-3006
-2494
-1842
-911
263
1346
2175
2926
3772
4650
5431
6094
6506
6575
6543
6634
6772
6771
6520
6014
5381
4727
4089
3538
2919
2094
1220
431
-279
-945
-1346
-1536
-1833
-2073
-2267
-3172
-4802
-5802
-5856
-5628
-4736
-3404
-3401
-4983
-6156
-5865
-4938
-3751
-2022
-1104
-2245
-3489
-2907
-1496
-259
1130
2059
1409
116
100
1250
2074
2456
2583
1771
623
468
1089
1506
1385
714
-505
-1633
-1844
-1495
-1453
-1445
-1390
-1972
-2655
-2553
-2146
-2007
-1744
-1080
-580
-542
-204
665
1207
1470
2077
2583
2496
2388
2712
2992
2883
2775
2701
2106
1241
733
447
-41
-641
-1243
-2018
-2890
-3395
-3355
-3203
-3270
-3454
-3569
-3541
-3269
-2574
-1636
-943
-478
-47
467
1161
2007
2851
3550
4053
4338
4551
4857
5246
5389
5256
5068
4815
4468
4289
4317
4128
3569
2843
2251
1852
1541
1407
1304
873
334
17
-161
-216
-76
185
348
418
329
-417
-1668
-2438
-2707
-2790
-2237
-1665
-2442
-4119
-5252
-5646
-5709
-5101
-4062
-4140
-5433
-6002
-5423
-4684
-3582
-2124
-1529
-2003
-2115
-1158
10
805
1593
1970
1614
1672
2678
3602
3869
3755
3185
2114
1390
1526
1585
1089
741
305
-761
-1591
-1789
-2137
-2608
-2664
-2694
-3156
-3511
-3235
-2868
-2595
-1821
-970
-819
-793
-368
24
413
1237
2175
2528
2389
2445
2655
2617
2751
3107
2847
2015
1407
1080
659
258
17
-482
-1351
-1936
-2001
-2072
-2211
-2237
-2378
-2584
-2428
-1839
-1097
-388
170
579
993
1654
2559
3502
4358
4906
4992
4992
5246
5515
5708
5834
5687
5110
4429
4081
3933
3650
3257
2735
1766
687
102
-230
-582
-837
-1068
-1484
-1846
-1923
-2374
-3506
-4487
-4907
-5222
-4937
-3862
-3547
-4567
-5616
-5767
-5462
-4777
-3377
-2391
-3050
-4004
-3598
-2572
-1608
-416
480
328
-176
245
1326
1944
2191
2341
1906
1446
1799
2363
2399
2129
1644
719
-166
-389
-386
-848
-1194
-1158
-1606
-2362
-2491
-2383
-2657
-2619
-1928
-1504
-1604
-1347
-733
-470
-112
871
1649
1723
1815
2165
2307
2424
2875
3177
2855
2319
2008
1662
1312
1221
962
264
-537
-1124
-1573
-1854
-1905
-2034
-2371
-2560
-2431
-2161
-1696
-1087
-589
-277
59
562
1085
1573
2101
2515
2742
2984
3236
3446
3581
3613
3546
3429
3250
2989
2706
2363
2043
1751
1456
1227
1042
903
887
855
710
474
199
72
176
318
374
326
233
329
673
1209
1569
977
-408
-1588
-2376
-2631
-2028
-1388
-1933
-3546
-4990
-5656
-5785
-5277
-4311
-4222
-5327
-6097
-5798
-4987
-3859
-2542
-1805
-1947
-2057
-1247
7
1064
1975
2456
2332
2320
2963
3771
4221
4347
4007
3117
2315
2125
1987
1502
1125
727
-140
-1120
-1672
-2161
-2764
-2995
-2863
-2918
-3217
-3239
-3020
-2780
-2263
-1413
-761
-566
-376
33
537
1224
2113
2782
2869
2801
2978
3137
3121
3180
3055
2377
1643
1360
1132
620
135
-354
-1155
-1982
-2273
-2228
-2368
-2508
-2426
-2448
-2518
-2189
-1574
-1077
-719
-247
232
558
977
1651
2225
2523
2941
3398
3661
3809
3960
3970
3713
3469
3386
3281
3077
2940
2710
2363
2073
1799
1496
1173
814
464
220
-44
-327
-460
-434
-276
-18
264
73
-1091
-2359
-2912
-3049
-2707
-1819
-1535
-2681
-4233
-4861
-4629
-4126
-3250
-2491
-3062
-4317
-4366
-3334
-2329
-1359
-532
-538
-1116
-915
274
1228
1616
1900
1757
1273
1524
2343
2708
2512
2094
1330
407
150
410
245
-263
-572
-1068
-1857
-2212
-2121
-2262
-2537
-2413
-2200
-2307
-2217
-1621
-1179
-870
-270
242
391
540
955
1329
1562
1948
2358
2311
2112
2139
1945
1648
1610
1445
986
458
-15
-456
-849
-1036
-1178
-1582
-1955
-2079
-2193
-2142
-1784
-1473
-1315
-1077
-678
-214
260
833
1378
1672
1898
2227
2510
2799
3085
3211
3168
3056
3021
2985
2905
2800
2529
2061
1725
1564
1434
1382
1392
1301
1030
808
812
882
837
920
1061
943
771
849
1155
1426
1665
1971
1864
898
-213
-841
-1343
-1629
-1388
-1321
-2285
-3786
-4782
-5213
-5416
-5072
-4495
-4904
-5956
-6235
-5691
-4906
-3857
-2777
-2425
-2722
-2411
-1156
-3
807
1552
1739
1448
1754
2738
3461
3587
3476
3089
2285
1757
1819
1642
1037
569
48
-827
-1557
-1860
-2209
-2682
-2823
-2748
-2949
-3119
-2829
-2480
-2270
-1725
-980
-597
-412
97
757
1157
1700
2502
2856
2713
2788
3053
3027
2957
3014
2742
1966
1315
1050
719
324
9
-513
-1325
-1969
-2228
-2252
-2230
-2197
-2221
-2333
-2220
-1716
-1056
-424
87
433
695
1070
1699
2393
2896
3191
3386
3500
3676
3955
4193
4155
3817
3385
2977
2639
2450
2341
2095
1708
1263
879
595
359
221
67
-214
-405
-476
-533
-500
-428
-366
-232
-56
49
-210
-928
-1616
-2068
-2292
-2037
-1620
-1882
-2818
-3737
-4255
-4302
-3948
-3457
-3418
-4116
-4745
-4613
-3973
-3125
-2325
-1966
-2080
-2152
-1672
-733
133
679
907
902
1041
1590
2284
2776
2910
2654
2168
1809
1732
1739
1636
1442
1131
494
-221
-641
-909
-1146
-1184
-1240
-1516
-1861
-2011
-1877
-1609
-1213
-796
-615
-603
-465
-170
257
822
1323
1607
1646
1596
1678
1777
1827
1923
1918
1637
1276
1037
843
616
401
161
-259
-760
-1023
-1041
-1053
-1021
-927
-947
-1044
-944
-578
-222
35
360
685
891
1153
1577
1890
1970
2047
2265
2380
2358
2421
2383
2144
1892
1778
1674
1475
1288
1111
849
559
396
314
235
205
134
-2
-95
-114
-44
104
259
317
295
298
413
632
819
855
504
-127
-677
-1071
-1235
-1167
-1205
-1702
-2494
-3233
-3710
-3958
-3914
-3683
-3795
-4215
-4428
-4312
-3975
-3396
-2699
-2207
-2036
-1835
-1328
-658
34
691
1175
1435
1673
2038
2507
2915
3055
2960
2728
2424
2196
2008
1834
1570
1131
667
208
-229
-634
-943
-1164
-1380
-1617
-1806
-1872
-1905
-1841
-1621
-1392
-1195
-1010
-786
-477
-122
245
603
832
931
1094
1313
1510
1641
1614
1484
1272
1025
933
831
575
248
-87
-453
-775
-935
-1014
-1108
-1250
-1316
-1360
-1420
-1298
-1019
-730
-429
-113
178
376
610
967
1300
1583
1857
2084
2173
2223
2349
2472
2483
2498
2520
2384
2181
2037
1883
1650
1426
1277
1120
939
846
813
709
582
468
356
311
361
411
460
471
363
247
279
410
447
239
-170
-672
-1244
-1540
-1431
-1409
-1733
-2249
-2861
-3382
-3568
-3351
-3068
-3157
-3483
-3712
-3783
-3514
-2853
-2272
-1998
-1882
-1706
-1334
-736
-42
521
744
846
1095
1437
1889
2336
2490
2306
2019
1775
1619
1535
1464
1297
853
345
-46
-470
-819
-985
-1164
-1467
-1778
-2002
-2123
-2188
-2092
-1840
-1670
-1531
-1353
-1222
-1065
-756
-385
5
340
567
749
901
1064
1293
1471
1506
1477
1339
1209
1133
1074
953
716
385
68
-131
-229
-254
-333
-481
-619
-738
-731
-520
-253
-63
70
241
381
565
897
1291
1600
1793
1980
2148
2311
2460
2639
2773
2785
2677
2546
2460
2383
2340
2305
2213
1941
1596
1305
1115
945
851
729
473
212
37
-3
6
20
-64
-219
-399
-469
-408
-352
-415
-629
-971
-1378
-1684
-1752
-1726
-1862
-2160
-2490
-2878
-3224
-3280
-3165
-3166
-3324
-3390
-3336
-3272
-2992
-2537
-2247
-2162
-1984
-1609
-1201
-773
-247
142
240
358
671
968
1185
1476
1628
1516
1347
1243
1150
979
912
847
573
269
41
-241
-548
-723
-831
-990
-1177
-1285
-1350
-1399
-1329
-1103
-899
-849
-827
-736
-570
-322
49
424
593
574
649
858
1084
1310
1474
1442
1206
1003
996
1085
1099
1072
950
671
391
285
316
331
275
203
97
-25
-13
149
332
490
622
678
703
821
1002
1230
1478
1661
1712
1657
1680
1777
1886
1976
2017
1897
1708
1595
1585
1602
1523
1350
1103
846
666
664
653
552
356
119
-24
-84
-45
20
-58
-290
-487
-606
-657
-566
-460
-549
-881
-1264
-1493
-1715
-1863
-1801
-1835
-2200
-2557
-2704
-2812
-2928
-2848
-2676
-2769
-2920
-2767
-2524
-2462
-2259
-1898
-1710
-1588
-1212
-733
-474
-260
80
293
369
635
981
1126
1189
1357
1403
1225
1120
1122
986
809
768
640
310
0
-193
-393
-567
-624
-703
-896
-1027
-1021
-981
-916
-802
-750
-736
-640
-403
-101
176
443
616
717
871
1093
1304
1475
1603
1630
1599
1583
1600
1581
1475
1331
1145
933
771
639
440
199
9
-151
-269
-330
-359
-388
-451
-464
-373
-260
-143
11
140
296
481
689
913
1091
1228
1361
1511
1625
1733
1767
1751
1741
1729
1746
1730
1650
1460
1213
1000
855
731
599
466
267
53
-90
-163
-226
-326
-395
-481
-640
-685
-626
-603
-618
-645
-712
-879
-1030
-1070
-1157
-1313
-1432
-1536
-1706
-1879
-1911
-1962
-2094
-2200
-2261
-2310
-2358
-2247
-2069
-1990
-1918
-1750
-1592
-1390
-1093
-778
-557
-442
-283
-52
174
398
645
780
811
863
934
994
996
909
757
588
441
350
282
138
-62
-301
-515
-637
-739
-800
-836
-879
-936
-931
-846
-765
-661
-535
-370
-162
27
199
359
522
697
877
1105
1259
1302
1286
1309
1338
1336
1333
1308
1165
961
859
789
684
533
395
237
38
-52
-38
-28
-64
-94
-97
-101
-36
141
296
407
503
617
737
850
1029
1191
1292
1352
1443
1503
1482
1483
1507
1451
1371
1335
1270
1108
920
799
682
548
450
375
220
61
-43
-95
-169
-212
-212
-270
-321
-313
-302
-324
-317
-308
-368
-422
-431
-493
-642
-760
-841
-991
-1118
-1204
-1383
-1636
-1856
-1991
-2092
-2152
-2169
-2247
-2407
-2471
-2396
-2266
-2078
-1876
-1755
-1688
-1512
-1249
-964
-692
-443
-220
-66
157
468
719
824
864
877
875
897
965
1003
897
725
575
433
301
212
98
-68
-250
-412
-476
-543
-622
-599
-536
-477
-396
-281
-166
-79
64
301
524
671
807
957
1060
1208
1403
1543
1571
1497
1431
1371
1308
1243
1181
1022
800
585
383
239
102
-9
-121
-261
-354
-374
-385
-349
-256
-174
-65
50
203
401
602
816
1014
1180
1330
1441
1522
1615
1681
1708
1715
1674
1552
1417
1297
1145
984
763
510
253
23
-123
-244
-413
-650
-863
-1035
-1095
-1056
-980
-953
-1043
-1109
-1093
-963
-773
-618
-539
-595
-657
-627
-530
-455
-466
-576
-749
-890
-937
-925
-998
-1190
-1403
-1588
-1707
-1742
-1668
-1649
-1745
-1808
-1779
-1719
-1592
-1367
-1149
-1003
-886
-666
-421
-216
43
314
504
645
817
975
1085
1162
1243
1260
1192
1132
1033
900
770
658
536
371
193
-10
-235
-393
-452
-503
-561
-588
-635
-695
-655
-504
-329
-168
5
177
325
498
754
1001
1164
1295
1407
1493
1568
1658
1734
1696
1572
1450
1321
1180
1051
917
711
441
181
-42
-221
-373
-488
-600
-729
-835
-888
-886
-835
-741
-623
-493
-359
-195
-6
199
443
690
877
1010
1123
1231
1326
1367
1395
1381
1285
1164
1069
977
840
681
482
241
12
-180
-336
-492
-642
-789
-918
-1001
-1045
-1061
-1060
-1063
-1016
-955
-883
-768
-685
-636
-552
-424
-293
-189
-153
-163
-239
-328
-317
-325
-371
-459
-592
-747
-881
-948
-985
-1031
-1132
-1213
-1258
-1273
-1246
-1172
-1094
-1035
-942
-837
-703
-571
-425
-280
-154
-2
165
307
441
551
610
659
706
722
698
666
613
546
462
367
271
168
68
-18
-113
-185
-246
-299
-309
-267
-207
-182
-160
-82
-9
64
234
393
493
581
693
778
846
968
1069
1082
1043
1060
1066
1039
1012
973
841
678
585
496
401
321
240
88
-26
-96
-122
-137
-143
-135
-163
-143
-97
-6
89
149
199
259
344
443
539
624
680
709
730
754
783
788
768
715
659
608
572
500
365
210
75
-59
-154
-213
-288
-446
-617
-712
-821
-879
-875
-893
-955
-1020
-1045
-1061
-1037
-967
-898
-881
-868
-823
-778
-709
-635
-561
-526
-512
-484
-459
-413
-344
-287
-279
-312
-331
-362
-382
-369
-358
-388
-452
-510
-561
-587
-575
-551
-569
-594
-571
-542
-519
-453
-399
-360
-318
-216
-101
-25
50
145
236
298
397
520
581
591
634
693
745
806
871
895
840
783
776
743
714
684
637
546
451
381
346
297
238
186
109
68
52
55
89
114
118
126
150
207
271
322
370
400
428
452
497
554
595
611
620
608
578
546
502
467
428
403
354
314
263
202
148
105
93
67
44
16
3
8
20
57
82
84
86
87
109
117
106
99
61
19
-17
-46
-94
-160
-243
-345
-455
-550
-608
-660
-759
-858
-943
-1018
-1082
-1100
-1087
-1093
-1130
-1113
-1058
-1012
-933
-828
-757
-716
-645
-526
-403
-304
-199
-143
-111
-64
11
74
104
110
111
105
73
86
77
21
-40
-77
-119
-149
-172
-200
-240
-289
-291
-296
-282
-243
-180
-132
-76
-9
80
151
222
344
443
540
638
719
774
834
900
944
979
985
972
949
913
889
850
765
673
585
482
412
347
267
192
90
-9
-87
-132
-140
-150
-162
-170
-180
-175
-115
-37
42
98
133
164
216
278
340
401
430
444
433
430
417
419
384
328
274
205
149
87
23
-48
-135
-224
-267
-293
-337
-365
-396
-452
-481
-481
-476
-495
-491
-474
-456
-429
-416
-383
-375
-394
-396
-384
-359
-347
-347
-377
-401
-403
-415
-409
-413
-436
-451
-461
-449
-432
-422
-409
-416
-415
-389
-342
-305
-268
-226
-198
-180
-135
-83
-38
-2
44
77
100
124
143
170
176
189
193
216
230
220
205
183
164
157
186
203
208
211
186
166
180
235
259
258
263
262
251
259
312
351
333
313
325
316
311
340
366
335
312
313
299
280
274
291
247
204
179
154
124
118
126
105
96
80
62
43
57
81
79
81
92
79
55
55
71
69
57
64
62
42
25
16
6
-18
-21
-19
-34
-30
-39
-51
-61
-60
-40
-57
-83
-92
-119
-142
-138
-127
-126
-139
-170
-217
-238
-247
-227
-247
-281
-310
-341
-348
-359
-359
-372
-381
-388
-382
-355
-343
-324
-323
-319
-304
-256
-194
-154
-133
-125
-111
-78
-41
-15
23
-1
-9
7
12
22
9
14
-20
-45
-26
-33
-40
-59
-69
-85
-101
-81
-35
-27
-22
-3
14
31
43
67
105
123
147
185
217
245
268
297
308
302
328
350
355
364
374
378
380
393
408
411
388
373
346
328
322
337
325
302
294
257
231
216
212
193
146
129
106
70
77
84
69
51
21
3
-36
-25
-7
-6
-11
-20
-22
-39
-20
-6
-7
-23
-34
-54
-70
-52
-37
-36
-59
-87
-111
-142
-149
-139
-159
-191
-207
-243
-262
-254
-239
-240
-268
-286
-308
-316
-281
-256
-248
-261
-260
-247
-243
-208
-186
-177
-201
-206
-171
-148
-119
-98
-107
-119
-134
-133
-119
-123
-125
-110
-124
-137
-134
-153
-162
-167
-165
-170
-173
-166
-173
-151
-136
-110
-79
-64
-42
-29
-16
19
59
91
123
150
177
198
228
261
276
282
292
297
309
312
316
318
300
304
304
294
281
262
252
238
233
259
262
253
248
237
235
249
263
267
258
245
242
253
244
234
239
199
160
141
145
131
87
50
6
-21
-44
-42
-70
-113
-153
-181
-200
-226
-210
-210
-200
-209
-200
-177
-186
-184
-175
-158
-144
-116
-92
-71
-60
-57
-70
-74
-49
-46
-47
-71
-91
-100
-114
-109
-114
-127
-168
-194
-215
-229
-232
-241
-254
-273
-284
-279
-259
-235
-213
-209
-217
-195
-165
-141
-101
-79
-43
-21
-9
11
27
62
65
63
70
92
104
104
96
90
82
61
52
37
23
14
3
1
-9
-23
-31
-35
-43
-38
-30
-22
-13
-12
17
46
59
62
79
86
82
101
121
125
122
131
141
141
134
128
115
114
114
120
117
91
93
79
71
70
65
80
63
58
51
48
53
64
57
47
57
60
59
47
35
24
18
4
5
3
-6
-15
-36
-49
-57
-56
-56
-69
-65
-67
-59
-44
-36
-29
-23
-29
-32
-18
-5
35
29
19
13
24
35
31
47
39
20
-7
-15
-24
-25
-43
-52
-76
-110
-106
-128
-134
-144
-145
-150
-168
-173
-153
-156
-148
-126
-122
-108
-112
-89
-82
-63
-37
-25
-8
-9
14
25
30
33
34
38
34
44
50
50
28
16
6
4
-8
-16
-29
-51
-45
-50
-52
-42
-44
-53
-55
-60
-53
-37
-28
-24
-18
-9
12
30
38
34
44
34
30
58
65
61
49
39
37
35
27
23
-1
-16
-22
-31
-22
-23
-25
-35
-38
-23
-8
10
35
30
39
50
81
118
138
165
176
174
174
187
202
222
218
217
200
194
195
196
184
150
126
103
82
68
78
65
53
28
12
13
2
19
20
16
9
17
18
18
34
33
35
26
21
9
-3
-16
-28
-37
-53
-63
-94
-122
-147
-158
-168
-198
-218
-229
-241
-252
-246
-257
-268
-261
-252
-239
-228
-205
-188
-161
-149
-129
-102
-76
-66
-64
-39
-35
-11
19
22
18
4
-14
-18
-9
1
-4
-28
-52
-67
-78
-74
-69
-56
-75
-105
-107
-107
-97
-86
-57
-49
-47
-29
-5
17
33
61
67
66
97
121
134
152
169
181
173
179
202
189
181
200
197
192
178
185
178
175
183
176
168
155
159
142
127
144
166
149
142
156
144
134
133
146
146
137
129
129
113
115
112
94
98
76
73
50
33
43
24
21
3
-10
-13
-29
-38
-43
-59
-78
-87
-103
-98
-101
-105
-112
-130
-136
-140
-146
-153
-158
-169
-171
-175
-153
-163
-177
-178
-180
-171
-184
-170
-161
-171
-153
-140
-129
-131
-120
-99
-93
-90
-75
-63
-52
-48
-40
-25
-21
-12
0
-9
-9
12
4
-6
-9
9
12
0
-6
-17
-14
-16
-18
-12
-9
-8
-8
0
0
20
29
27
38
49
63
66
86
106
106
101
107
111
120
122
125
126
117
109
104
104
100
102
80
78
65
62
55
37
55
44
33
49
46
51
41
53
45
53
63
67
85
80
79
88
87
77
82
76
55
55
51
37
31
29
16
-9
-31
-40
-38
-53
-66
-80
-91
-104
-95
-95
-115
-112
-115
-103
-103
-94
-94
-102
-98
-92
-74
-71
-66
-63
-65
-73
-71
-69
-63
-66
-70
-80
-88
-90
-83
-70
-90
-85
-92
-80
-72
-79
-62
-60
-56
-44
-24
-9
-5
2
15
26
62
75
82
92
95
94
95
109
120
132
118
109
104
106
89
82
83
52
47
41
41
29
12
6
-10
-1
-2
-9
-10
-18
-16
-20
-23
-8
10
7
4
13
17
20
20
35
30
28
46
21
21
25
23
14
8
8
1
-18
-30
-22
-23
-33
-35
-29
-39
-39
-34
-32
-40
-22
-12
-15
-5
-3
11
18
15
28
21
36
39
46
51
32
30
20
18
21
10
-3
-29
-34
-35
-54
-51
-60
-68
-83
-99
-99
-90
-89
-91
-77
-77
-76
-64
-58
-51
-37
-29
-19
-10
-4
12
24
16
19
29
16
20
24
20
11
7
-11
-21
-25
-35
-27
-46
-56
-60
-68
-76
-71
-60
-58
-52
-43
-51
-53
-40
-29
-9
-3
11
22
7
23
46
46
50
48
46
46
39
45
54
54
41
29
32
16
7
10
-2
-2
18
5
-3
-7
-3
6
6
12
12
20
18
32
47
44
36
49
72
64
70
65
53
57
74
75
75
72
65
62
51
57
53
41
34
35
38
41
36
38
30
16
33
28
28
25
17
27
24
27
29
24
27
30
15
9
1
-3
-3
-7
-1
-8
-19
-36
-33
-37
-43
-51
-63
-63
-65
-64
-70
-83
-80
-76
-69
-69
-73
-75
-81
-79
-71
-54
-59
-55
-57
-63
-55
-55
-47
-43
-52
-36
-40
-57
-55
-54
-52
-44
-44
-54
-63
-62
-58
-60
-48
-59
-61
-58
-52
-43
-46
-52
-49
-34
-15
-14
-5
-2
-11
3
10
19
29
40
50
47
46
54
52
57
68
59
64
63
52
62
50
62
64
46
42
37
44
44
38
34
27
35
48
47
48
48
39
47
53
60
70
67
73
80
84
83
88
93
94
91
92
86
88
83
75
74
70
71
57
45
33
31
22
12
9
-11
-12
-27
-32
-36
-38
-44
-54
-51
-62
-60
-72
-78
-70
-61
-54
-65
-76
-75
-64
-54
-57
-60
-60
-62
-54
-61
-58
-53
-62
-57
-59
-58
-54
-47
-55
-64
-66
-61
-64
-53
-47
-53
-44
-54
-42
-47
-43
-32
-19
-17
-16
-22
-13
4
10
22
16
14
23
31
31
29
31
32
33
42
48
30
23
29
33
25
26
29
8
14
14
14
21
13
22
16
15
26
12
24
8
30
44
30
43
37
33
34
46
46
37
31
30
34
26
23
30
11
16
22
12
6
3
0
-5
-6
-5
5
4
-1
-1
13
8
19
21
16
24
20
29
27
23
23
34
37
27
20
10
3
8
2
-16
-21
-24
-35
-37
-39
-46
-51
-60
-55
-51
-60
-57
-63
-59
-43
-40
-30
-31
-31
-19
-5
-2
6
16
6
12
21
31
28
26
19
10
23
19
7
11
-5
-8
-9
-18
-5
-16
-29
-37
-32
-24
-23
-26
-31
-12
-1
-12
-1
1
-1
10
35
28
22
48
38
42
48
47
44
43
43
43
44
30
19
17
20
18
19
3
-7
-18
-17
-11
-11
-17
-18
-24
-24
-14
-13
-19
-20
-12
-14
-3
2
2
-6
2
10
18
8
2
12
-5
14
13
10
6
5
10
12
10
-8
0
9
4
10
13
2
6
15
14
11
22
18
8
21
16
22
24
23
18
9
15
18
8
1
1
3
4
-4
-13
-23
-12
-25
-28
-21
-32
-39
-35
-25
-32
-36
-31
-45
-42
-30
-33
-29
-35
-38
-37
-29
-20
-24
-20
-22
-25
-24
-25
-28
-21
-25
-22
-9
-5
-20
-20
-14
-9
-6
-4
5
-13
4
9
6
13
17
22
23
26
27
23
31
31
23
41
31
32
32
24
37
33
37
28
24
24
23
31
34
22
18
21
29
47
27
31
30
24
35
38
51
40
29
40
38
38
42
31
35
33
28
25
21
18
15
17
26
6
4
6
-3
9
0
-4
1
4
-5
3
6
1
4
0
7
5
8
3
3
-7
-1
5
3
1
-16
-16
-22
-21
-29
-40
-37
-41
-48
-40
-47
-57
-58
-55
-50
-58
-53
-59
-60
-52
-51
-41
-40
-37
-47
-42
-16
-23
-29
-27
-40
-29
-15
-24
-20
-29
-29
-20
-32
-23
-35
-35
-19
-33
-33
-33
-22
-24
-21
-3
-3
1
-4
8
16
29
33
21
46
45
48
67
63
64
64
65
71
72
66
60
44
55
63
52
48
43
33
33
31
17
24
22
15
13
15
17
26
17
15
22
28
16
17
27
23
23
30
27
30
26
11
28
30
11
-4
-1
8
6
-3
-14
-15
-17
-22
-19
-24
-22
-25
-38
-25
-28
-27
-23
-22
-20
-17
-12
-10
-14
-18
-8
-5
1
-7
-13
-16
-11
-14
-12
-6
-20
-29
-23
-26
-34
-38
-43
-47
-36
-38
-48
-38
-39
-38
-38
-32
-36
-29
-24
-28
-19
-11
-8
-13
-7
0
14
7
3
0
-1
7
3
9
2
1
2
-1
-1
3
-15
-17
-2
-9
-17
-14
-9
-8
-6
-9
2
0
8
-13
6
22
15
17
13
21
25
34
30
29
28
29
26
36
38
18
23
26
24
28
20
19
13
11
12
8
13
4
5
5
6
9
5
-1
3
7
12
10
-9
4
17
9
9
10
13
7
9
15
11
14
8
0
19
17
8
4
2
21
9
2
9
8
8
4
-6
9
4
-8
-2
-2
1
-5
-5
-2
-8
-17
-10
-6
-18
-11
-19
-14
-17
-11
-13
-20
-9
-20
-16
-15
-17
-16
-11
-12
-11
-10
-15
-5
-6
-14
-7
-7
-12
-12
-10
-16
-7
-10
-6
-9
-22
-14
-8
-11
-15
-19
-13
-9
-15
-18
-17
-7
-17
-8
-19
-8
1
-9
-5
-18
-2
-4
-1
-3
-15
-6
2
1
-2
-7
-11
3
-6
-12
-8
-11
-9
-11
-3
-7
-20
-13
-11
-11
-9
-19
-14
-9
-14
-11
-5
-8
-11
-11
-6
1
-6
-1
-5
-5
3
2
7
6
-5
0
3
14
9
0
13
8
15
5
7
16
15
4
15
15
16
18
14
23
21
27
10
23
16
19
35
20
20
14
18
23
29
27
11
7
11
9
21
17
3
-1
9
5
6
2
1
4
2
5
-11
6
-2
-2
17
2
3
3
-1
14
12
10
8
6
7
7
15
8
2
4
2
7
-2
-4
-6
-12
-8
-16
-8
-13
-16
-22
-23
-12
-20
-22
-27
-14
-22
-14
-10
-22
-12
-14
-10
-3
-8
-8
-4
-7
-5
-7
-2
4
-6
-5
-3
-11
1
-19
-9
-8
-20
-8
-16
-15
-25
-19
-15
-16
-13
-23
-20
-12
-16
-17
-9
-10
-9
-6
-3
7
4
0
11
7
7
12
7
11
11
15
20
17
15
8
23
14
12
7
6
14
