SAMPLES:	12605
BITSPERSAMPLE:	16
CHANNELS:	1
SAMPLERATE:	16000
NORMALIZED:	FALSE
-12
-3
4
2
15
8
4
12
22
18
6
-1
12
2
-1
-6
-6
1
-2
0
-3
0
-5
-3
3
-1
4
8
-6
-4
-4
0
-2
-7
5
-6
-8
14
5
3
6
1
4
-2
-13
-9
1
-6
-7
-4
-13
-15
2
4
-4
-1
-3
-11
-8
-9
-2
-1
-3
-3
2
10
-10
7
5
-1
10
-1
-5
-12
1
3
5
-3
-1
-2
-5
-4
-6
-3
-9
1
-6
-6
7
18
10
2
10
4
11
9
1
-1
-1
-7
-15
-2
1
-10
-14
-10
-12
-1
-4
-4
5
-3
7
9
13
12
0
2
4
1
-2
0
15
1
0
11
-12
-4
-9
5
2
-13
1
-9
-3
-1
-4
7
3
3
4
0
15
0
-2
12
11
4
10
12
6
0
5
23
5
0
9
-4
10
1
-7
1
6
6
-2
-9
-15
-4
-8
-9
-9
-11
-9
-2
5
13
11
-11
1
-5
-2
6
7
-2
-4
8
1
1
-6
-1
10
-2
-12
2
-5
-7
-4
-8
-13
5
2
-6
4
-6
-7
-2
10
5
-1
-5
-8
0
5
1
-3
3
0
-6
-10
-2
5
0
-3
3
-1
0
-4
-2
12
3
3
0
-2
-5
-11
-4
-11
-7
-3
-2
4
-10
7
1
-1
3
1
0
-6
-5
1
9
11
-1
-5
-3
-1
7
8
-1
-1
-7
-8
-1
-2
-9
-3
4
-7
-7
-14
-12
0
-2
-9
-5
0
-8
-1
0
-1
4
1
11
8
6
2
-12
10
3
4
16
4
12
21
6
0
9
5
7
8
6
10
13
1
3
2
7
13
4
7
1
-6
-2
8
-6
-2
-4
-5
-2
-11
4
-8
-6
0
-5
-3
0
-11
-13
-16
-7
3
-5
-2
-5
-2
0
-5
-2
0
1
1
-4
-12
-6
-7
-17
-6
-6
-10
-6
-4
6
1
-4
6
0
-2
-1
-2
1
-1
15
7
1
12
1
0
-14
2
4
-13
-13
-19
-6
-4
1
-3
-9
-4
1
9
16
9
3
10
6
-3
-2
7
-2
-4
4
7
-2
-5
-3
-9
-11
-18
-12
-9
-2
0
-10
-10
-18
-9
1
-5
-7
-8
-8
-8
-2
-4
0
-12
-11
7
2
9
8
1
1
7
-6
-3
1
-4
19
7
6
13
0
-4
-10
0
-5
8
3
-5
-3
-11
-8
-2
-2
-14
-6
-3
-2
6
8
-7
1
0
5
4
-3
4
-1
8
-13
-2
5
-4
13
-3
3
-2
1
4
0
7
14
14
17
9
17
34
12
18
25
9
12
24
5
-3
-12
-16
-17
-7
-4
0
11
-4
8
-4
-12
0
-11
0
17
10
3
13
8
8
7
-2
1
-5
-9
-12
-14
-20
-10
-16
-11
-21
-15
-17
-23
-12
-1
0
-8
-7
-5
-2
1
6
2
-14
-11
0
-6
2
-13
-8
-2
-10
3
-4
-11
-3
-6
-4
-11
-2
-4
-5
-7
-14
0
0
1
-4
12
9
1
9
-3
-12
-3
-11
-3
-1
-7
5
4
6
6
5
-5
-15
-2
3
-3
2
5
10
2
13
7
5
8
-2
-3
0
-4
-6
-4
-4
6
11
2
-14
-4
5
13
0
-4
9
4
8
7
-9
-9
0
10
8
-3
-1
3
6
-2
-1
-10
3
3
-11
-3
2
-1
-2
4
0
2
-8
-2
-12
-2
7
0
5
5
-5
2
4
-11
1
-1
7
2
-6
1
2
3
11
12
10
4
2
9
3
11
4
0
6
-1
-1
3
-1
4
4
-1
-4
0
12
-1
7
11
-4
7
7
-4
-3
0
3
15
5
4
0
1
9
2
2
2
5
-4
-2
5
7
-3
-3
10
-5
-3
10
7
3
8
12
-3
-10
-2
1
-8
-4
-7
-14
-9
-11
-4
-5
-4
-4
-3
-2
-18
-15
-1
-2
-4
0
-4
-6
-11
-10
1
-2
6
-2
-12
1
-4
-1
-6
-2
4
-3
-5
-9
3
6
1
-1
2
7
14
15
-3
-1
14
18
3
0
-2
-6
-8
-5
-9
-14
-2
7
7
5
6
19
24
6
10
9
-2
-2
5
14
8
2
-7
-7
-4
-6
-2
2
7
4
-8
-11
-5
6
-7
-17
-10
-12
-6
-6
-4
1
-4
-5
-9
5
6
8
10
6
21
14
12
8
15
19
15
15
18
3
1
21
4
-3
-10
-24
-8
-5
-12
-16
-12
1
-6
-13
-11
-1
-3
-5
-10
-5
-8
-11
-12
-5
1
-4
-6
-8
0
-3
-4
-6
-2
-23
-15
-9
-13
-7
-15
-13
-13
-7
-11
2
-3
-3
-4
1
12
9
-1
-7
12
2
8
9
-1
17
21
14
22
21
16
26
20
16
14
0
-9
-17
-17
-14
-23
-24
-18
-1
1
-3
6
15
26
31
35
41
43
37
25
17
5
6
-1
-6
-25
-44
-32
-23
-19
-23
-15
-9
-21
-2
-7
-11
5
11
24
22
22
29
23
21
14
-5
-14
-22
-34
-45
-43
-42
-45
-37
-28
-20
-23
-14
-14
-17
-3
-5
1
8
16
13
19
21
29
25
26
24
3
-4
-14
-34
-48
-48
-47
-54
-56
-42
-27
-15
4
19
21
22
25
29
12
4
8
7
-5
2
7
-4
7
-6
-17
-25
-16
-17
-33
-22
-9
-17
-7
6
-1
-5
-4
-5
-23
-28
-34
-28
-32
-20
-11
-17
-8
-5
9
21
32
25
22
23
30
26
16
13
11
1
1
7
4
-1
2
8
-1
4
17
26
28
40
44
39
48
58
54
58
62
34
32
32
10
-4
-11
-7
-21
-25
-18
-14
-9
15
36
52
69
83
84
64
68
49
32
16
12
2
0
6
-17
-40
-58
-60
-91
-114
-104
-124
-138
-108
-63
-51
-18
20
27
32
55
46
9
-8
-11
-49
-92
-91
-100
-117
-134
-118
-121
-142
-111
-96
-90
-57
-28
-19
-5
35
64
52
67
96
80
60
57
41
-23
-47
-70
-113
-144
-145
-150
-150
-94
-41
8
51
131
177
202
235
270
248
216
220
174
111
76
48
-19
-60
-61
-88
-115
-98
-66
-81
-66
6
23
30
88
141
143
167
242
225
175
165
105
-13
-84
-121
-218
-302
-300
-289
-331
-301
-227
-206
-175
-56
56
122
268
401
424
417
376
179
-173
-512
-846
-1259
-1488
-1383
-1229
-912
-245
474
1018
1546
2006
2017
1730
1387
811
17
-584
-1007
-1422
-1585
-1392
-1068
-722
-221
300
621
836
1041
1103
1020
972
932
803
673
636
567
393
260
184
14
-185
-226
-243
-372
-380
-248
-224
-238
-54
142
122
250
549
639
714
1036
1267
1200
1286
1391
1038
557
101
-704
-1728
-2552
-3293
-4004
-4241
-4002
-3565
-2763
-1500
-114
1101
2280
3260
3696
3668
3400
2798
1776
678
-279
-1208
-2052
-2555
-2714
-2807
-2791
-2479
-2116
-1846
-1439
-927
-553
-140
436
934
1419
2013
2457
2650
2812
2786
2331
1724
1077
111
-1019
-1886
-2560
-3166
-3390
-3125
-2618
-1892
-824
365
1422
2342
3044
3369
3389
3175
2684
2006
1290
586
-104
-651
-1006
-1327
-1648
-1869
-1991
-2196
-2354
-2240
-2045
-1797
-1232
-370
437
1289
2206
2672
2598
2390
1827
649
-316
-951
-1820
-2300
-1855
-1296
-844
211
1360
1710
1837
2129
1715
726
48
-553
-1424
-1873
-1627
-1257
-748
130
1065
1757
2350
2803
2883
2686
2284
1711
1057
390
-128
-533
-848
-915
-664
-322
22
567
1022
1099
1090
1094
847
416
169
58
-69
126
637
1154
1738
2272
2410
2202
1711
539
-1230
-2939
-4693
-6581
-7638
-7573
-7111
-6092
-3969
-1462
673
2765
4676
5676
5690
5195
4275
2852
1253
-199
-1461
-2398
-2967
-3259
-3245
-2983
-2826
-2862
-2723
-2474
-2401
-2276
-1737
-1020
-452
343
1579
2669
3318
3968
4573
4471
3827
3207
2275
696
-950
-2275
-3498
-4488
-4850
-4721
-4232
-3298
-2085
-793
621
1972
2823
3326
3792
3980
3615
3166
2778
2029
976
13
-769
-1669
-2759
-3696
-4260
-4690
-5001
-4709
-3832
-2899
-1845
-279
1384
2728
3921
4941
5404
5282
4939
4316
3289
2061
830
-377
-1473
-2180
-2474
-2456
-2118
-1542
-763
138
1009
1757
2304
2503
2461
2325
2054
1750
1616
1507
1383
1640
2121
2424
2707
3010
2869
2314
1859
1349
549
-48
-343
-835
-1288
-1266
-1568
-2662
-3525
-4174
-5684
-6951
-6750
-6340
-6200
-4732
-2078
59
2011
4530
6443
6814
6454
5803
4206
1798
-458
-2548
-4653
-6015
-6397
-6432
-5996
-4818
-3717
-2953
-1841
-657
-196
-7
565
857
660
1073
2117
2623
2918
3973
4803
4476
4127
3903
2458
153
-1708
-3358
-5215
-6363
-6491
-6062
-4980
-3156
-1026
1190
3402
4973
5576
5732
5607
4594
2989
1643
375
-1185
-2372
-2902
-3287
-3608
-3814
-3984
-3979
-3789
-3674
-3433
-2758
-1879
-966
291
1884
3428
4710
5599
6125
6269
5840
4848
3558
2086
446
-1079
-2235
-2892
-3006
-2735
-2233
-1354
-84
1065
1809
2501
3081
3008
2596
2506
2515
2285
2356
2855
3304
3796
4403
4719
4551
4071
3093
1596
144
-1187
-2520
-3401
-3507
-3216
-2743
-1778
-690
-570
-1253
-1779
-2888
-5158
-6716
-7003
-7576
-7818
-6016
-3265
-1040
1535
4642
6687
7310
7418
6790
4858
2302
-236
-2969
-5366
-6519
-6996
-7245
-6442
-4833
-3708
-2797
-1253
-89
-45
-25
334
228
-154
353
1271
1714
2570
4215
5194
5326
5745
5499
3586
1303
-615
-3034
-5548
-7061
-7712
-7760
-6833
-4892
-2508
-46
2314
4183
5100
5243
5107
4293
2369
610
-261
-1444
-2791
-2711
-1898
-2062
-2307
-1496
-1003
-1553
-1692
-1436
-1800
-2005
-1349
-518
477
2126
3713
4853
6062
7086
7204
6600
5599
4107
2218
235
-1295
-2169
-2871
-3263
-2632
-1421
-354
1072
2752
3620
4024
4476
4374
3873
3649
3316
2651
2469
2724
2835
3034
3320
3214
2868
2436
1385
4
-1316
-3627
-6817
-9003
-10482
-12500
-13357
-11936
-10267
-8658
-5252
-868
2459
5185
7941
9598
9694
9083
7929
5738
2893
88
-2603
-4982
-6337
-6921
-7528
-7622
-6872
-6187
-5696
-4527
-3176
-2618
-2071
-847
182
834
2118
3595
4198
4753
6049
6726
6096
5408
4648
2574
-196
-2049
-3451
-5375
-6842
-6991
-6468
-5753
-4211
-1956
-72
1382
2769
3628
3916
4049
3670
2623
1664
1103
560
101
17
17
-266
-726
-1167
-1534
-2038
-2896
-3768
-4232
-4247
-3819
-2779
-1113
857
2957
5042
6906
8477
9425
9246
8114
6631
4891
2757
699
-783
-1881
-2704
-3041
-2629
-1538
-509
161
983
1822
2117
2191
2567
2830
2818
3061
3534
3979
4652
5323
5363
5123
4956
4159
2580
1047
-872
-4072
-7437
-9866
-12360
-14706
-15094
-14163
-13309
-11260
-7228
-3210
9
3751
7486
9440
10094
10743
10504
8463
5876
3515
654
-2308
-4266
-5763
-7306
-8154
-8297
-8430
-8158
-6979
-5816
-5096
-4036
-2656
-1672
-726
702
1909
2734
4031
5595
6613
7559
8545
8377
7111
5797
4092
1320
-1679
-4155
-6523
-8662
-9593
-9192
-8210
-6776
-4544
-2064
5
2097
4198
5218
5313
5523
5398
4449
3643
3320
2489
1120
216
-328
-1348
-2533
-3358
-4318
-5360
-5717
-5419
-4784
-3447
-1448
661
3047
5843
8337
9974
10923
11218
10536
8965
7055
4935
2386
-99
-1870
-3042
-3647
-3358
-2557
-1782
-741
544
1442
1958
2424
2544
2235
2136
2502
3052
3772
4677
5455
5896
5942
4985
2652
-415
-4175
-8945
-13272
-15900
-17721
-18821
-17652
-14391
-10565
-6186
-684
4669
8304
10668
12479
12824
11281
8918
6226
2962
-325
-2805
-4535
-5697
-6273
-6487
-6485
-6115
-5602
-5437
-5545
-5630
-5826
-6108
-5722
-4508
-3083
-1217
1577
4674
7411
10073
12274
12913
11912
9994
7220
3349
-957
-4805
-7928
-10302
-11492
-11039
-9193
-6861
-4428
-1583
1197
3057
4219
5066
5098
4360
3659
3074
2381
2006
1937
1579
1192
1098
762
-174
-1310
-2380
-3641
-4931
-5572
-5368
-4664
-3385
-1317
1317
4123
6824
9156
10760
11461
11291
10257
8369
6033
3677
1191
-1071
-2294
-2673
-2707
-2199
-1091
94
914
1510
1971
2093
1792
1490
1568
1807
2292
3151
3982
4674
5247
4849
3117
984
-1842
-6045
-10023
-12634
-14959
-16755
-16258
-13847
-11176
-7749
-2803
1863
4908
7585
9902
10165
8807
7328
5309
2317
-266
-1780
-3065
-4142
-4278
-3849
-3669
-3496
-3169
-3481
-4501
-5469
-6502
-7677
-8075
-7542
-6646
-4861
-1731
1669
4838
8226
11029
12252
12346
11706
9805
6832
3696
600
-2477
-4783
-5967
-6647
-6844
-6223
-5536
-5134
-4312
-3346
-3054
-2844
-2104
-1471
-912
422
2105
3357
4576
5851
6482
6358
5850
4683
2695
413
-1734
-3591
-5064
-5892
-5855
-5081
-3729
-1718
799
3221
5255
6963
8000
8259
8124
7561
6413
5205
4261
3271
2465
2262
2210
1964
1924
2020
1820
1486
1316
1125
849
839
1250
1957
2587
3158
3818
3819
2497
714
-1226
-4475
-8249
-10844
-12890
-14979
-15491
-13997
-11912
-9313
-5413
-1131
2277
5162
7691
8933
8730
7881
6438
4279
2109
513
-785
-1852
-2276
-2238
-2230
-2152
-1995
-2273
-3197
-4417
-5864
-7587
-8943
-9543
-9715
-9146
-7140
-4245
-1142
2548
6463
9343
11138
12355
12522
11196
9030
6550
3555
444
-1941
-3580
-4844
-5437
-5315
-5062
-4705
-3925
-3217
-3022
-2934
-2753
-2721
-2659
-2143
-1278
-370
630
1851
3065
3987
4515
4499
3834
2767
1429
-32
-1367
-2314
-2802
-2823
-2168
-751
1079
2891
4634
6174
7164
7561
7475
6922
5924
4592
3215
2074
1324
846
583
684
1039
1403
1743
2108
2382
2464
2474
2538
2726
3114
3452
3571
3728
3752
2964
1363
-385
-2649
-6012
-9270
-11512
-13575
-15366
-15522
-14271
-12714
-10350
-6709
-2968
49
2947
5563
6878
7160
7132
6463
4996
3635
2747
1876
1163
1044
1119
922
713
414
-479
-1942
-3682
-5850
-8233
-10105
-11394
-12209
-11895
-10168
-7767
-4824
-996
2954
6119
8705
10804
11752
11516
10677
9297
7356
5298
3511
1958
645
-322
-1001
-1641
-2245
-2724
-3294
-4142
-4996
-5669
-6290
-6632
-6456
-5822
-4838
-3501
-1898
-231
1346
2582
3320
3641
3543
3106
2493
1879
1441
1242
1407
1982
2953
4190
5368
6354
7092
7409
7174
6511
5573
4358
2990
1707
691
12
-336
-419
-272
109
567
999
1493
2027
2501
2904
3347
3851
4261
4511
4575
4157
3010
1415
-637
-3364
-6193
-8613
-10929
-12966
-13851
-13617
-12980
-11645
-9220
-6590
-4340
-2036
251
1784
2525
2950
3023
2642
2249
2207
2341
2532
3016
3664
4172
4586
4833
4490
3341
1662
-510
-3153
-5788
-8123
-10130
-11451
-11718
-11059
-9580
-7240
-4456
-1765
724
3028
4836
5855
6347
6493
6219
5729
5409
5405
5468
5452
5429
5271
4774
4025
3059
1676
-64
-1839
-3540
-5190
-6359
-6969
-7326
-7305
-6748
-5816
-4709
-3498
-2368
-1465
-761
-257
173
658
1131
1695
2444
3409
4750
6357
7865
9164
10235
10792
10743
10343
9546
8222
6538
4837
3183
1743
713
-12
-545
-887
-999
-1048
-1004
-767
-585
-506
-266
-76
68
333
404
-110
-906
-1719
-3050
-4624
-5823
-6846
-7994
-8738
-8509
-7812
-6996
-5615
-3775
-2291
-1175
79
1030
1261
1046
622
-75
-925
-1547
-1819
-1821
-1591
-1115
-330
653
1624
2412
2839
2820
2241
1192
-49
-1420
-2914
-4240
-5044
-5371
-5229
-4369
-3118
-1957
-858
253
1097
1482
1708
1785
1476
1066
1018
1234
1589
2199
2926
3482
3878
4177
4164
3767
3023
1976
748
-453
-1472
-2316
-2963
-3451
-3681
-3641
-3412
-3046
-2717
-2520
-2476
-2526
-2519
-2394
-2155
-1779
-1186
-299
950
2552
4338
6086
7651
8936
9879
10434
10626
10431
9747
8722
7658
6642
5641
4743
4034
3318
2578
2039
1688
1309
891
489
-74
-637
-1121
-1731
-2763
-4013
-5302
-7038
-8822
-10027
-10871
-11753
-12140
-11480
-10426
-9119
-6984
-4386
-2192
-287
1754
3351
4180
4641
4761
4263
3420
2805
2284
1670
1240
1047
834
596
598
569
108
-673
-1658
-2958
-4379
-5559
-6559
-7372
-7601
-7252
-6481
-5099
-3190
-1332
229
1730
2906
3471
3731
3791
3460
2924
2567
2438
2486
2755
3076
3293
3463
3506
3354
3005
2366
1470
485
-549
-1443
-2023
-2420
-2738
-2855
-2746
-2571
-2345
-2123
-2062
-2171
-2383
-2638
-2740
-2617
-2412
-2051
-1269
-150
1194
2849
4635
6231
7597
8739
9601
10119
10269
10019
9410
8677
7881
7069
6314
5596
4826
4021
3283
2644
2037
1372
678
-107
-900
-1600
-2332
-3326
-4510
-5689
-7188
-8814
-9987
-10840
-11708
-12198
-11829
-10985
-9916
-8240
-6029
-4032
-2309
-461
1258
2414
3132
3699
3918
3734
3601
3677
3660
3535
3544
3531
3356
3142
2868
2243
1253
-14
-1550
-3081
-4456
-5782
-6862
-7353
-7428
-7189
-6329
-5026
-3782
-2692
-1543
-504
156
610
929
1088
1063
1158
1575
2154
2846
3581
4238
4722
5006
5088
4841
4231
3400
2430
1390
410
-355
-1009
-1615
-2021
-2238
-2349
-2437
-2593
-2832
-3127
-3494
-3817
-3938
-3905
-3728
-3270
-2509
-1430
-32
1552
3184
4768
6205
7454
8526
9346
9830
10013
9961
9713
9302
8875
8444
7849
7187
6601
6002
5208
4410
3662
2591
1297
176
-1001
-2621
-4400
-6023
-7878
-9924
-11505
-12537
-13438
-14029
-13750
-12886
-11833
-10303
-8147
-6006
-4164
-2287
-506
822
1719
2463
3023
3272
3490
3876
4300
4626
4918
5163
5249
5118
4776
4149
3164
1844
215
-1440
-2979
-4427
-5622
-6354
-6662
-6694
-6284
-5457
-4604
-3869
-3132
-2475
-2127
-1913
-1613
-1403
-1245
-821
-77
789
1802
2971
4025
4833
5429
5783
5800
5500
4943
4176
3366
2599
1930
1367
933
564
135
-293
-741
-1281
-2043
-2929
-3798
-4653
-5403
-5839
-5872
-5583
-4959
-3905
-2456
-841
889
2675
4290
5666
6830
7815
8540
9060
9429
9670
9822
9902
9962
9917
9753
9433
8909
8227
7374
6296
5020
3617
2049
162
-1895
-3909
-6060
-8368
-10455
-12178
-13728
-14921
-15430
-15338
-14876
-13896
-12325
-10514
-8649
-6671
-4708
-2995
-1543
-235
921
1881
2805
3766
4687
5556
6418
7201
7774
8064
8059
7609
6689
5406
3733
1846
-41
-1865
-3513
-4724
-5465
-5945
-6057
-5761
-5372
-5107
-4800
-4514
-4492
-4532
-4458
-4272
-3992
-3431
-2519
-1388
-85
1272
2612
3780
4612
5217
5512
5449
5176
4848
4441
3983
3715
3549
3375
3193
2980
2597
2008
1192
125
-1092
-2379
-3712
-4918
-5795
-6319
-6444
-6134
-5385
-4283
-3001
-1621
-177
1253
2512
3623
4687
5703
6619
7518
8484
9415
10279
11078
11707
12107
12245
12029
11427
10559
9442
8000
6374
4690
2748
524
-1712
-4046
-6591
-9022
-11143
-13121
-14893
-16036
-16530
-16661
-16253
-15127
-13650
-12075
-10211
-8123
-6224
-4564
-2911
-1353
-32
1273
2634
3941
5214
6464
7556
8477
9194
9522
9381
8798
7784
6323
4590
2766
904
-882
-2416
-3611
-4510
-5115
-5422
-5600
-5817
-5973
-6116
-6394
-6666
-6717
-6585
-6290
-5578
-4426
-3109
-1654
-63
1446
2666
3650
4455
4848
4946
4927
4828
4675
4610
4726
4836
4924
4974
4895
4506
3818
2917
1707
247
-1301
-2752
-4100
-5225
-5905
-6161
-6071
-5599
-4775
-3792
-2752
-1695
-609
429
1439
2500
3632
4832
6102
7479
8895
10277
11585
12730
13558
13995
14061
13683
12812
11613
10137
8340
6230
3907
1483
-1157
-3969
-6613
-9092
-11536
-13661
-15266
-16437
-17197
-17373
-16933
-16125
-14982
-13456
-11711
-9977
-8224
-6426
-4680
-2971
-1195
662
2481
4276
5988
7541
8920
10007
10692
10915
10670
9903
8712
7247
5587
3819
2036
411
-1008
-2255
-3271
-4104
-4889
-5688
-6429
-7169
-7920
-8517
-8896
-9073
-8906
-8260
-7193
-5769
-4103
-2341
-625
936
2305
3463
4331
4920
5341
5652
5905
6255
6686
7088
7385
7499
7358
6855
5956
4694
3100
1253
-711
-2550
-4136
-5389
-6227
-6658
-6712
-6404
-5824
-5079
-4252
-3401
-2552
-1673
-687
490
1881
3452
5207
7112
9061
10917
12618
14055
15051
15522
15538
15132
14245
12969
11422
9541
7207
4646
1986
-972
-4036
-6915
-9721
-12472
-14783
-16460
-17754
-18626
-18805
-18386
-17682
-16608
-14996
-13140
-11311
-9356
-7173
-4999
-2823
-498
1850
4017
6044
7877
9416
10676
11586
12004
11893
11394
10448
9138
7655
6062
4307
2524
904
-662
-2111
-3403
-4652
-5933
-7204
-8325
-9322
-10125
-10618
-10765
-10608
-10020
-8971
-7575
-5965
-4269
-2544
-949
529
1992
3363
4517
5590
6636
7537
8404
9325
10082
10444
10457
10111
9265
7979
6396
4508
2370
128
-1964
-3771
-5279
-6456
-7296
-7836
-8115
-8062
-7626
-6944
-6083
-5030
-3778
-2273
-500
1576
3816
6070
8247
10270
12186
13893
15233
16200
16764
16813
16348
15566
14409
12585
10083
7211
3950
320
-3250
-6517
-9614
-12524
-14880
-16577
-17821
-18631
-18875
-18747
-18495
-17904
-16832
-15426
-13747
-11735
-9362
-6754
-3886
-743
2456
5444
8030
10131
11785
12944
13557
13710
13371
12541
11292
9849
8352
6722
4882
3002
1150
-800
-2742
-4523
-6248
-8056
-9777
-11126
-12141
-12804
-12896
-12491
-11817
-10830
-9392
-7692
-5910
-4068
-2208
-474
1181
2920
4671
6314
7819
9159
10281
11191
11855
12162
11988
11307
10150
8575
6789
4855
2768
661
-1369
-3260
-4953
-6309
-7351
-8220
-8848
-9053
-8834
-8256
-7255
-5898
-4371
-2660
-702
1464
3755
6062
8235
10221
12050
13689
15108
16292
17121
17396
17148
16409
15009
12748
9780
6246
2117
-2170
-6068
-9476
-12431
-14778
-16402
-17530
-18335
-18693
-18731
-18732
-18654
-18234
-17319
-15867
-13815
-11096
-7815
-4248
-542
3185
6678
9534
11595
12933
13636
13788
13640
13451
13110
12476
11601
10499
9018
7040
4676
1982
-1101
-4301
-7212
-9691
-11671
-13120
-13935
-14210
-14100
-13583
-12754
-11782
-10839
-9845
-8623
-7152
-5346
-3062
-420
2340
5137
7865
10283
12187
13555
14256
14256
13745
12909
11842
10583
9239
7788
6161
4347
2346
187
-2156
-4646
-7111
-9284
-10984
-12009
-12204
-11588
-10306
-8520
-6319
-3901
-1453
905
3137
5188
7044
8799
10545
12341
14076
15689
17199
18435
19099
19064
18320
16572
13482
9441
4993
92
-4801
-8789
-11858
-14416
-16276
-17292
-18000
-18844
-19602
-20186
-20881
-21394
-21090
-19782
-17445
-14119
-9926
-5114
-209
4360
8363
11532
13583
14458
14685
14708
14563
14597
14995
15300
15018
14070
12392
9653
5841
1483
-3051
-7580
-11459
-14062
-15472
-16007
-15747
-14963
-14200
-13692
-13252
-12899
-12690
-12229
-11093
-9098
-6204
-2465
1798
6000
9596
12362
14177
14982
14861
14148
13176
12076
11151
10616
10264
9649
8527
6783
4199
891
-2627
-6080
-9321
-11817
-13274
-13688
-13040
-11468
-9441
-7514
-5819
-4294
-2958
-1557
224
2413
4960
7865
10987
14160
17116
19404
20735
21238
21023
19994
18463
16758
14381
10750
6667
2494
-2243
-6880
-10531
-13723
-16952
-19503
-21084
-22354
-23424
-23713
-23547
-23291
-22348
-20395
-17535
-13852
-9626
-5127
-486
4033
8100
11627
14574
16505
17229
17564
17891
17867
17637
17395
16610
14611
11712
8353
4298
-445
-5065
-9007
-12422
-14878
-15969
-16180
-16105
-15928
-15699
-15592
-15432
-14870
-13788
-12076
-9575
-6378
-2556
1661
5687
9039
11547
13139
13843
13989
13981
13842
13571
13296
13022
12473
11423
9787
7352
4082
335
-3445
-6848
-9598
-11689
-13009
-13572
-13599
-13134
-12121
-10764
-9378
-7891
-5980
-3531
-651
2807
6762
10515
13817
16670
18880
20395
21247
21433
21210
20826
20221
19391
18331
16348
12378
6837
777
-5972
-12627
-17312
-20248
-22517
-23689
-23562
-23302
-23577
-23687
-23503
-23642
-23194
-21060
-17341
-12254
-6255
-115
5573
10266
13578
15717
16969
17302
16747
16138
16252
16609
16767
16849
16045
13160
8541
3283
-2374
-8175
-12912
-15788
-17346
-17818
-16837
-15331
-14467
-14210
-14341
-14767
-14830
-13678
-11148
-7496
-2930
2012
6484
10235
12956
14136
14129
13661
13005
12514
12657
13239
13567
13254
12247
10341
7345
3685
-159
-4058
-7461
-9834
-11104
-11575
-11628
-11586
-11702
-12008
-12118
-11610
-10442
-8518
-5884
-2558
1393
5535
9539
13117
15740
17320
18216
18851
19525
20121
20500
20758
20748
20041
18646
16636
13337
7806
889
-5676
-12028
-17574
-20333
-21104
-22006
-22746
-22791
-23290
-24561
-25138
-24417
-23185
-20733
-16003
-9942
-3539
2587
7496
10935
13106
14288
15223
16322
17326
17746
17734
17822
17206
15212
12593
9168
4208
-1450
-6347
-10294
-13794
-16348
-17333
-17801
-18334
-17939
-17039
-16518
-15852
-14478
-12523
-9954
-6468
-2413
1480
5026
8185
10568
12432
13934
14654
14903
15025
14815
14275
13447
12249
10425
7919
5322
2891
316
-2137
-4322
-6654
-8968
-10760
-11932
-12654
-12989
-12790
-12268
-11554
-10160
-8076
-5784
-3242
-472
2431
5642
9127
12642
15794
18098
19438
20026
20203
20285
20078
19451
18697
17723
16278
14540
12507
9202
3401
-3615
-10038
-16299
-21209
-22559
-22100
-22379
-22582
-22134
-22548
-23602
-23148
-21088
-18763
-15228
-9608
-3315
2514
7363
10711
12635
13600
14337
15652
17410
18673
18569
17425
15840
13142
9428
5862
2197
-2369
-6969
-10336
-12829
-15461
-17675
-18594
-19330
-19976
-18984
-16846
-14887
-12761
-10104
-7423
-4740
-1580
1799
4880
7780
10433
12517
14244
15412
15425
14624
13540
12326
11063
9968
9103
7686
5345
2864
292
-2802
-5778
-8154
-10187
-11707
-12134
-11596
-10916
-10475
-10139
-10009
-9734
-8473
-6187
-3150
333
3650
6709
9655
12242
14347
16046
17288
17954
18399
19167
19886
19794
18939
17612
15676
13282
10991
8716
5035
-838
-6898
-12150
-17280
-20436
-20437
-20127
-21144
-21785
-21831
-22534
-22735
-20613
-17384
-14275
-10076
-4765
249
4448
7681
9882
11472
12823
14446
16496
18146
18247
16432
13794
11012
7810
4828
2548
-39
-3701
-7653
-10841
-13641
-16562
-18417
-18572
-18330
-17544
-15276
-12732
-11041
-9609
-7802
-5692
-3053
703
4895
8434
11178
12750
13124
12947
12311
11447
10916
10587
10330
9878
8768
7005
4311
1025
-1802
-3991
-5598
-6581
-7259
-8028
-9028
-9935
-10397
-10630
-10542
-9800
-8584
-6788
-4500
-2043
504
2617
4371
6537
8963
11453
14109
16301
17499
17899
17955
17915
17507
16926
16424
15501
14249
12929
10948
7544
1915
-4799
-10602
-15577
-18726
-18597
-17450
-18072
-19659
-20846
-22229
-23254
-21566
-17452
-13455
-9353
-4345
60
3301
5742
7538
9335
11324
13660
16506
18704
18822
16436
12737
9317
6240
3806
2583
1152
-1820
-5869
-9971
-13581
-16764
-18871
-18890
-17744
-16379
-14167
-11780
-10452
-9719
-8568
-6631
-3877
140
4709
8129
10336
11573
11358
10734
10746
10703
10674
11041
11068
10222
8593
6383
3497
441
-1771
-3149
-4007
-4578
-5537
-7119
-8932
-10575
-11489
-11442
-10646
-9346
-7950
-6285
-4248
-2392
-435
1832
3832
5957
8779
11845
14520
16523
17779
18063
17850
17990
18191
18020
17587
16660
15167
13357
11228
8270
3079
-3672
-9473
-14421
-18169
-18383
-16954
-17664
-19731
-21304
-22781
-23817
-22073
-17501
-13173
-9667
-5493
-1632
1235
3973
6525
9013
11606
14122
16700
18645
18768
16554
12822
9560
7170
5048
3928
2848
-314
-5127
-10008
-14093
-17154
-19015
-18858
-17313
-16222
-15078
-13380
-12358
-11758
-10269
-7555
-4118
-62
4463
7872
9532
10526
10751
10464
11164
12157
12513
12760
12342
10688
8520
6221
3720
1373
-302
-1529
-2803
-4144
-5893
-8192
-10287
-11630
-12103
-11623
-10585
-9544
-8804
-7990
-6560
-4698
-2411
568
3577
6241
9055
11897
14211
15789
16739
17322
17860
18543
19287
19699
19332
18061
16241
14235
12087
8977
3493
-3138
-8722
-13927
-17622
-17397
-16354
-18079
-20698
-22424
-24176
-25000
-22307
-17248
-13215
-10049
-6304
-2841
31
3050
6359
9819
12875
15534
18076
19473
18777
16154
12863
10499
8885
7510
6549
4574
355
-5145
-10279
-13915
-16330
-17842
-17528
-16444
-16412
-16154
-14970
-14238
-13581
-11345
-7794
-4391
-724
3330
5765
6747
8162
9634
10750
12485
14144
14398
13592
12344
10804
9014
7325
5828
4002
1822
-207
-2210
-4464
-6713
-8829
-10669
-11796
-12002
-11589
-11127
-10953
-10796
-10150
-8646
-6067
-2737
611
3631
6267
8708
11316
13849
15740
16972
17975
18883
19517
20093
20502
19949
18380
16461
14503
11974
7232
550
-5320
-10703
-15784
-17027
-15690
-16970
-20302
-22600
-24497
-26140
-24596
-19496
-14902
-12246
-9337
-6231
-3587
-419
3511
7849
11938
14892
17228
19005
18896
16785
14192
12605
11644
10493
9570
7861
3708
-2057
-7465
-11251
-13574
-15193
-15640
-15203
-16015
-17436
-17246
-16311
-15570
-13585
-9973
-6546
-3882
-680
2289
3728
5300
7849
10091
12094
14165
15093
14484
13299
12171
11112
10058
9038
7539
5078
2323
-320
-2881
-5136
-7086
-8830
-10138
-11026
-11510
-11786
-12169
-12312
-11858
-10566
-8243
-5302
-2210
686
3246
6079
9162
12001
14582
16405
17449
18511
19303
19748
20431
20717
19875
18339
16643
13836
7991
1176
-3713
-8820
-13371
-13685
-13393
-16842
-21077
-23574
-25781
-27056
-24464
-19426
-16138
-14257
-11747
-9242
-6499
-2756
1710
6845
11259
14165
16712
18373
18102
16551
15111
14760
14445
13401
12168
9552
4655
-1083
-5901
-8990
-10950
-12853
-13948
-14535
-16559
-18587
-18529
-17542
-16486
-14315
-10960
-8145
-6123
-3467
-581
1675
4261
7570
10345
12325
13900
14485
14026
13543
13407
13063
12354
11312
9383
6672
3825
1038
-1455
-3713
-5997
-7947
-9421
-10701
-11644
-12356
-12779
-12639
-12087
-10852
-8722
-6336
-4000
-1480
1606
5095
8282
11315
13950
15328
16299
17581
18706
19893
21146
21477
20504
18957
16547
11249
4668
286
-4206
-9076
-10039
-10294
-14606
-19471
-22282
-24745
-26221
-24282
-20156
-17634
-16635
-14688
-12257
-9438
-5390
-1005
3843
8346
11169
13853
16241
16737
16123
15579
15727
16046
15352
13936
11572
7229
1945
-2357
-5016
-7099
-9668
-11349
-12388
-15046
-17352
-17342
-17170
-17014
-15204
-12638
-10953
-9317
-6578
-3975
-1696
1487
4713
7071
9218
10966
12014
12691
12949
13137
13246
12697
11705
10428
8670
6578
4322
2107
-299
-2868
-5062
-6951
-8494
-9557
-10658
-11570
-11824
-11664
-10973
-9701
-7796
-5524
-3646
-1013
2816
5920
8496
11191
13011
14255
15721
17409
19185
20351
20661
20319
19143
17227
13049
6910
2454
-1660
-6601
-8136
-8283
-12274
-17640
-20916
-23259
-25097
-23996
-20342
-18165
-17772
-16296
-13954
-11168
-7200
-3033
1454
5823
8553
11160
13934
15048
14937
14807
15419
16150
15738
14678
12747
8868
4155
341
-2246
-4261
-6858
-9216
-10604
-13105
-15681
-15951
-15792
-15994
-15053
-13199
-11762
-10701
-8676
-6107
-3967
-1253
2322
5297
7535
9554
10848
11450
11984
12782
13633
13700
12889
11570
9768
7784
5924
4339
2445
-183
-2800
-5033
-6975
-8516
-9801
-10748
-11398
-11838
-11384
-10095
-8551
-6708
-4739
-2523
359
3391
6378
9247
11469
13326
15007
16546
18382
20008
20660
20400
19637
17626
12421
6695
3492
-636
-4856
-5178
-6490
-12311
-17653
-20382
-22849
-24290
-22371
-19345
-18878
-19235
-17520
-15086
-12184
-7955
-3501
852
4541
7160
10134
12808
13874
14286
14859
15787
16441
16107
15055
12963
9258
4928
1568
-546
-2814
-5976
-8107
-9597
-12757
-15285
-15286
-15641
-16421
-15224
-13227
-12348
-11416
-9114
-6890
-5085
-2295
1020
3540
5738
8017
9771
10908
12005
13092
13695
13559
12866
11719
10262
8811
7295
5658
3597
1007
-1545
-3773
-5693
-7349
-8952
-10165
-10943
-11381
-11071
-10250
-8933
-7222
-5690
-3368
-201
2470
5117
7964
10065
11922
13918
15985
18072
19661
20651
20730
20009
18952
15000
8876
5194
1465
-3573
-4855
-5077
-9929
-16005
-19451
-21871
-23976
-23300
-20309
-19154
-19856
-18992
-16752
-13911
-10100
-6100
-1629
2654
5397
8326
11687
13388
13812
14333
15493
16634
16671
16003
14462
11206
6989
3405
1125
-933
-4006
-6680
-8279
-11013
-13852
-14731
-15322
-16430
-16323
-14955
-13590
-12484
-10600
-8256
-6466
-4429
-1602
1209
3651
6020
8268
10037
11147
12356
13703
14084
13449
12661
11612
10016
8302
6937
5187
2422
-302
-2435
-4503
-6511
-8267
-9554
-10779
-11860
-11754
-10997
-10096
-8356
-6563
-4710
-1698
1332
3966
6933
9296
11119
13225
15247
17358
19474
20877
21282
21038
20463
17320
11136
6824
3566
-1673
-3970
-3481
-7401
-14095
-18219
-20850
-23386
-23585
-20940
-19275
-20165
-20134
-18150
-15510
-11917
-8134
-4148
279
3225
5836
9779
12362
12926
13508
14673
15884
16381
16137
15214
12818
9122
5327
2718
923
-2124
-5381
-6623
-8661
-12120
-13541
-14120
-15925
-16627
-15320
-14095
-13456
-11901
-9606
-7932
-5758
-2499
142
2188
4546
6587
8491
10480
12212
13654
14415
14094
13382
12714
11635
10202
8789
6786
4017
1374
-909
-3024
-4909
-6790
-8879
-10633
-11777
-12313
-12096
-11274
-10065
-8723
-7285
-4840
-1634
1382
4382
7383
9538
11264
13541
15850
17837
19736
21028
21270
20919
20397
17548
11586
6988
3690
-1328
-3863
-3363
-6846
-13626
-18000
-20526
-23090
-23481
-20808
-18822
-19715
-20080
-18158
-15484
-12124
-8268
-3944
469
3153
5467
9079
11752
12713
13534
15036
16481
16606
15979
15090
12857
9358
5894
3337
1329
-1723
-5170
-6844
-8688
-11736
-13455
-14420
-16035
-16816
-16303
-15238
-13997
-12538
-10784
-9016
-6652
-3715
-1032
1521
4212
6383
8017
9868
11836
13440
14353
14467
14174
13398
12054
10673
9278
7320
4658
1973
-363
-2530
-4542
-6666
-8646
-10196
-11712
-12464
-12057
-11310
-10335
-8930
-7331
-5120
-2154
927
4080
6970
9042
11140
13367
15545
17951
19875
21108
21564
21389
20968
17563
11372
7440
3993
-911
-2076
-1736
-6705
-13728
-17991
-20684
-22804
-22397
-19577
-18758
-20760
-21177
-19258
-16196
-12168
-8204
-3923
-133
1713
4190
8113
10801
12130
13334
15047
16438
16331
15863
15156
12885
9790
6847
4501
2566
-685
-4235
-5765
-7593
-10675
-12522
-13491
-15031
-16295
-15892
-14418
-13711
-13044
-11118
-9161
-7222
-4188
-1112
1175
3407
5461
7298
9312
11368
13147
14103
14005
13677
13230
12200
10871
9519
7439
4626
2069
-137
-2190
-4333
-6730
-8727
-10431
-11939
-12352
-11976
-11523
-10493
-9103
-7734
-5227
-1973
848
3720
6513
8548
10501
12973
15760
17895
19476
20957
21248
20952
20838
17006
10690
7413
3809
-999
-1327
-1419
-7243
-14147
-17964
-20273
-22292
-21469
-18395
-18475
-21097
-21211
-19016
-15903
-11920
-7799
-3481
-463
897
3772
7617
10004
11500
13052
15012
16114
15811
15585
14607
12235
9665
7080
5076
3134
-631
-4005
-5315
-7663
-10537
-11708
-12856
-14616
-15629
-15223
-14204
-13707
-12656
-10815
-9049
-6771
-3901
-1309
1011
3062
4856
7005
9272
11372
13204
13859
13493
13220
12803
11932
11009
9801
7479
4694
2226
-113
-2117
-4166
-6492
-8367
-10100
-11602
-12112
-11908
-11444
-10643
-9293
-7618
-5354
-2326
658
3386
6003
8011
9928
12475
14984
16980
18786
20193
20698
20679
20842
18673
12667
7964
5186
407
-2213
-1401
-4729
-12165
-17260
-19598
-21851
-22559
-20101
-18393
-20501
-22425
-20817
-17579
-13985
-9792
-5092
-1218
355
2129
5968
9222
11006
12944
15106
16265
16054
15508
14827
13433
11383
8642
6144
4162
780
-3288
-5074
-6364
-9294
-11500
-12346
-13866
-15652
-15780
-14528
-13754
-13189
-11547
-9458
-7707
-5689
-2635
14
1846
4305
6704
8291
10306
12303
13102
13341
13608
13269
12346
11420
10153
8257
5965
3452
966
-1269
-3544
-5793
-7494
-9213
-11019
-11878
-12060
-11991
-11321
-10045
-8501
-6623
-4151
-1182
1810
4519
6936
9350
11739
14136
16335
18061
19528
20345
20601
21194
21156
18061
12136
7404
3826
-911
-2621
-1683
-5535
-12809
-17381
-20172
-22787
-22797
-19980
-18675
-20943
-22502
-20540
-17606
-14017
-9025
-4397
-1326
63
1942
5688
8956
11268
13565
15122
15612
15186
14575
14531
13842
11589
8937
6468
3597
-58
-3408
-4592
-5928
-9119
-10649
-11526
-14249
-15694
-15009
-14340
-13815
-12673
-10864
-9336
-7654
-4887
-2205
-108
2376
4665
6602
8991
11031
12388
13322
13487
13269
13063
12638
11722
10188
8288
5682
2871
705
-1300
-3455
-5573
-7536
-9492
-11335
-12038
-11825
-11698
-11205
-9957
-8567
-7052
-4485
-1023
1926
4254
6971
9532
11311
13427
15924
17567
18701
19939
20799
21049
20650
17681
11772
7125
3769
-550
-1891
-1268
-5416
-12401
-16965
-19848
-22072
-21899
-19277
-18244
-20691
-22133
-20264
-17365
-13637
-8987
-4740
-1841
-635
1450
5516
8933
11124
13049
14432
14869
14692
14862
15016
14127
12110
9181
6345
3897
439
-2959
-3998
-5369
-8633
-10672
-11705
-14147
-15960
-14968
-13740
-13767
-12806
-11064
-10280
-8682
-5449
-2629
-497
2101
4282
5590
7584
10017
11685
12687
13262
13281
12745
12086
11590
10674
8743
6301
3875
1317
-985
-2920
-4994
-7062
-9074
-10797
-11729
-11983
-11733
-11057
-10226
-9130
-7425
-5174
-2420
722
3740
6570
9259
11402
13377
15483
16963
17993
19619
21236
21628
21130
20012
17088
11153
5542
3114
116
-3241
-3585
-5800
-12665
-18481
-20892
-22080
-22376
-20627
-18868
-20188
-22298
-21234
-17960
-13815
-9015
-5044
-2150
-198
1498
4731
8716
11616
13281
14060
14842
15202
14808
14912
14703
12675
9560
6420
3539
728
-2457
-4474
-5172
-7577
-10696
-12178
-13915
-15825
-15519
-13986
-13144
-12576
-11475
-10189
-8470
-5790
-2786
-236
1984
3842
5341
7358
9715
11399
12760
13663
13339
12674
12343
11807
10570
8883
6877
4417
1637
-808
-2555
-4628
-7123
-8766
-9849
-11169
-12037
-11727
-11049
-10702
-9671
-7624
-5387
-3092
-260
3093
5868
7935
10376
12805
14558
16335
18310
19604
20562
21500
21261
20123
18285
13547
7800
4784
1937
-1487
-2204
-3942
-10425
-16726
-19754
-21375
-22154
-20812
-18992
-20635
-23493
-22721
-19646
-16051
-11453
-7101
-4167
-2472
-655
2873
7009
10111
12441
13971
14885
15501
15535
15700
15700
14126
11151
7999
5447
2721
-885
-2971
-3567
-6157
-9809
-11708
-13269
-15727
-16288
-14360
-13434
-13957
-13084
-11484
-10059
-7271
-3955
-1669
72
1464
2989
5765
8804
10800
12148
12660
12082
12008
12715
12760
11971
10567
7981
5006
2861
1196
-363
-2279
-4693
-7033
-9211
-10726
-10993
-10980
-11090
-10734
-10173
-9220
-7345
-4795
-2207
286
3037
5911
8229
10462
13144
15349
16643
17792
19272
20378
20719
20804
20541
18734
14239
8503
4921
2083
-1645
-2798
-3288
-8638
-15757
-19489
-21101
-22316
-21804
-19776
-20040
-22799
-23421
-20627
-16653
-12476
-8529
-5252
-3151
-1860
1138
5868
9692
11896
13177
14204
14962
15109
15565
16052
14858
12017
8936
6516
4139
1016
-1494
-2518
-4812
-8556
-10954
-12682
-14864
-15801
-14743
-13416
-13642
-13879
-12287
-10688
-8875
-5446
-2483
-1079
286
2128
4585
7280
9540
11610
12619
12157
12154
12874
12772
12049
11131
9230
6373
4011
2487
642
-1744
-4123
-6326
-8405
-9996
-10652
-10846
-11217
-11335
-10850
-10098
-8723
-6357
-3899
-1495
1378
3986
6475
9329
11893
14020
16070
17769
18911
19825
20680
21197
20900
19965
18429
14512
8544
4645
2239
-1366
-3348
-4081
-8936
-16079
-20254
-21888
-22828
-22578
-20982
-20881
-23515
-24617
-21694
-17372
-13069
-8970
-5682
-3522
-2087
1007
6051
10101
12454
14109
15054
15715
16337
16837
17077
16180
13753
10432
7157
4539
1681
-1401
-2834
-4614
-8554
-11925
-13867
-15746
-16542
-15652
-14774
-14818
-14847
-13966
-12360
-9733
-6353
-3567
-1544
513
2370
4508
7354
9988
12034
13133
13336
13279
13238
13045
12654
11924
10386
7896
5259
2994
865
-1155
-3294
-5539
-7777
-9828
-11254
-11761
-11856
-11814
-11383
-10546
-9315
-7739
-5580
-3015
-518
2261
5407
8481
11453
13870
15897
17700
18754
19846
21162
21676
21591
21236
19882
17653
13574
7894
4103
1037
-3116
-5030
-6379
-12016
-18575
-21825
-23387
-24668
-24256
-22561
-22837
-25045
-24720
-20826
-16486
-12457
-8393
-4995
-2878
-802
3359
8545
12224
14374
15690
16604
17392
17847
18626
18918
17186
13870
10086
6798
4203
1258
-1588
-3343
-6275
-10778
-13682
-15032
-16827
-17671
-16793
-16318
-16862
-16444
-14708
-12741
-9854
-6219
-3340
-1174
1108
3269
5604
8619
11478
13234
14021
14232
14134
14047
14004
13732
12818
10822
7850
5229
2984
506
-1842
-4083
-6588
-9270
-11301
-12158
-12535
-12825
-12522
-12077
-11505
-10297
-8477
-5987
-3133
-393
2595
5958
8959
11889
14962
17320
18819
20144
21250
21837
22012
21958
21636
20183
17555
15137
11557
5459
865
-1754
-6067
-9672
-10986
-14777
-20681
-23900
-24993
-26032
-26081
-24510
-23388
-23726
-22880
-19383
-15295
-11484
-7383
-3390
19
3008
6573
10568
13572
15532
16974
17967
18840
19146
18713
17714
15626
12677
9351
6075
3441
355
-3673
-6282
-8352
-11948
-14774
-15955
-17743
-19166
-18568
-17423
-16784
-15954
-14164
-11811
-9190
-5930
-2334
522
2700
4840
7351
10198
12573
14474
15755
15629
14883
14675
14527
13841
12512
10399
7518
4254
1344
-718
-2583
-5037
-7646
-9974
-12113
-13521
-13633
-13164
-12653
-12161
-11587
-10150
-7865
-5350
-2258
928
3521
6352
9519
12687
15719
18092
19560
20433
21116
21625
21517
21068
20235
18325
16182
14044
11351
8318
3657
-2275
-6229
-9629
-13532
-14762
-15735
-20026
-24311
-25967
-26325
-26060
-24326
-21382
-19985
-19918
-17553
-13173
-9023
-4768
-397
3375
6129
8332
11564
14865
16616
17779
18706
18698
18059
17092
15787
13807
10949
7682
4142
641
-2413
-5720
-8845
-10649
-12766
-15581
-17121
-17925
-18939
-18715
-16976
-15401
-14274
-12421
-9852
-7409
-4310
-422
2564
4675
6963
8976
10604
12570
14409
15299
15309
14780
13780
12611
11509
10238
8441
5935
3085
294
-2118
-3860
-5417
-7439
-9468
-11113
-12424
-12914
-12297
-11184
-10247
-9324
-7817
-5864
-3795
-1090
1970
4509
6685
8962
11300
13494
15351
17035
18435
18792
18649
18716
18119
16735
15344
13493
11142
9043
6985
4673
2191
-1194
-6228
-10579
-12877
-15202
-16547
-15834
-17144
-21031
-23045
-22621
-21519
-19292
-15634
-12983
-12844
-12357
-9157
-4838
-683
3315
6376
8077
8765
10066
12841
15055
15594
15370
14504
13099
11667
10450
9305
7386
4472
1215
-1917
-4635
-7170
-9716
-10986
-11564
-13268
-14855
-15177
-15535
-15574
-13804
-11255
-9634
-8563
-6822
-4750
-2282
959
4224
6570
7781
8591
9657
10850
12072
13209
13280
12226
10913
9646
8578
7789
6669
4779
2412
-27
-2105
-3493
-4354
-5403
-6696
-8009
-9222
-9766
-9511
-8819
-7711
-6554
-5642
-4377
-2683
-922
1022
3145
5153
7005
8535
9968
11494
12531
13242
14156
14756
14569
13961
13208
12275
10875
9410
8048
6354
4619
2882
1102
-662
-3940
-8355
-10781
-12250
-14068
-13743
-12896
-15111
-18103
-18888
-18042
-16514
-13985
-10885
-9703
-10241
-9208
-6029
-2335
1315
4271
6206
7248
7749
9213
11511
12806
12796
12078
11019
9859
8560
7632
6794
4966
2236
-783
-3448
-5394
-7343
-8833
-9027
-9942
-12091
-13252
-13320
-13425
-12691
-10525
-8518
-7918
-6998
-4794
-2864
-670
2605
5089
6136
7251
8568
9478
10408
11564
12173
11730
10718
9910
9175
8118
7015
5792
3864
1489
-316
-1630
-2857
-4015
-5334
-6750
-7982
-8697
-8788
-8546
-8157
-7545
-7037
-6365
-4872
-3027
-1455
345
2372
3764
5017
6796
8547
9781
10872
11901
12430
12620
13010
13203
12685
11911
10914
9389
7773
6426
4958
3460
2048
437
-1297
-3194
-5947
-9146
-11040
-12220
-13532
-13394
-12756
-14234
-16054
-15812
-14597
-13260
-11081
-8554
-7428
-7203
-5562
-2354
700
3245
5262
6495
7105
7677
8981
10469
10822
10076
8975
7756
6755
5876
4843
3481
1532
-1055
-3583
-5354
-6577
-7944
-9075
-9264
-9761
-10951
-11284
-10712
-10200
-9118
-7064
-5205
-4137
-2928
-971
1203
3465
5753
7450
8347
8853
9415
10205
10845
11085
10922
10046
8576
7181
5845
4417
3184
1881
61
-1985
-3754
-5276
-6402
-7024
-7437
-7937
-8588
-8975
-8850
-8333
-7439
-6245
-5135
-4075
-2790
-1125
828
2532
3969
5421
6605
7598
8972
10264
10766
10855
10945
10960
10809
10623
10308
9393
7944
6427
5070
4096
3214
1965
675
-700
-2293
-3400
-3948
-4238
-4914
-7072
-9266
-9872
-10383
-10283
-8124
-6764
-8200
-9588
-9024
-8065
-6991
-4442
-1899
-1926
-2856
-1815
109
1478
3044
4492
4453
3277
2850
3604
4055
3979
3919
3116
1750
953
599
135
-391
-1035
-2170
-3559
-4219
-4328
-4706
-4559
-3760
-3924
-4649
-4551
-4132
-3629
-2437
-967
-288
-264
137
1106
2261
3575
4745
5049
4606
4243
4312
4528
4588
4624
4321
3156
2010
1551
917
157
-109
-649
-1845
-2794
-3325
-3848
-4041
-3947
-4151
-4526
-4743
-4715
-4313
-3614
-2885
-2243
-1814
-1370
-392
828
1891
3018
3985
4490
5143
6173
6929
7386
7778
7715
7499
7691
7916
7817
7441
6822
5912
4869
4196
3807
3166
2349
1522
577
-453
-1128
-1266
-1421
-1845
-2261
-3563
-5704
-6627
-6549
-6527
-5455
-4269
-5381
-7353
-7787
-7110
-6264
-4748
-3057
-3252
-4687
-4619
-3052
-1532
-116
1009
1025
223
-44
916
2157
2871
3227
2873
2069
1761
1943
2230
2420
2227
1240
-339
-1328
-1457
-1820
-2034
-1525
-1875
-3381
-4175
-4068
-4063
-3757
-2698
-1981
-2369
-2552
-1792
-926
63
1390
2241
2271
2129
2362
2992
3745
4416
4621
4091
3273
2630
2280
2232
2171
1521
313
-915
-1940
-2648
-2826
-2883
-3403
-4188
-4766
-4937
-4636
-4027
-3209
-2476
-2061
-1550
-615
530
1679
2810
3695
4313
4859
5571
6417
7108
7408
7276
6887
6476
6241
6123
5908
5371
4561
3610
2759
2278
1960
1535
1082
400
-364
-786
-1198
-1399
-1246
-1296
-1350
-1185
-1034
-1080
-2032
-3139
-3147
-3228
-3247
-2057
-1718
-3391
-4803
-4968
-4818
-4535
-3768
-3373
-4463
-5694
-5338
-4341
-3623
-2926
-2552
-2689
-2805
-2159
-832
25
355
595
464
627
1552
2303
2706
2949
2618
1934
1420
1289
1203
713
569
866
336
-576
-869
-1255
-1782
-1576
-1000
-1169
-1922
-2131
-1952
-1728
-924
-56
-38
-389
-512
-459
6
895
1607
1771
1535
1269
1141
1257
1727
2171
2017
1345
725
353
159
276
484
184
-506
-1051
-1180
-971
-742
-528
-402
-623
-726
-162
637
1156
1508
1740
1755
1892
2516
3280
3664
3737
3679
3615
3717
4049
4438
4423
4029
3642
3199
2954
3291
3500
3198
2922
2534
1766
1251
1362
1470
1070
546
208
-239
-726
-618
-49
-326
-2004
-3519
-4197
-5094
-5215
-3816
-3521
-5398
-7029
-7409
-7516
-7093
-5547
-4600
-5583
-6590
-6015
-4863
-3616
-1964
-747
-598
-774
-163
1102
2180
3009
3605
3519
3227
3427
3815
4099
4196
3779
2774
1629
873
341
-290
-498
-596
-1545
-2679
-3281
-3819
-4123
-3705
-3153
-3242
-3661
-3571
-2972
-2130
-871
360
664
588
992
1673
2557
3665
4447
4387
3854
3589
3590
3563
3687
3630
2807
1540
527
-63
-442
-713
-1004
-1618
-2479
-3119
-3267
-3113
-2813
-2451
-2245
-2012
-1552
-897
-71
857
1583
1986
2378
2955
3565
4094
4591
4960
4856
4540
4571
4591
4293
4056
3713
2902
2006
1493
1215
859
554
294
-219
-734
-851
-730
-632
-527
-500
-739
-917
-602
-67
358
972
1376
615
-732
-1479
-1861
-2155
-1557
-658
-1408
-3459
-4740
-5163
-5412
-4813
-3677
-3937
-5573
-6411
-5981
-5135
-3912
-2575
-2161
-2725
-2910
-2008
-673
620
1768
2140
1784
1830
2514
3286
4013
4531
4217
3106
2262
2104
1969
1722
1783
1439
71
-1188
-1618
-1916
-2144
-1908
-1843
-2621
-3407
-3367
-2874
-2242
-1398
-836
-1053
-1391
-1065
-271
545
1506
2213
2088
1867
2142
2387
2671
3159
3234
2760
2207
1741
1339
1082
952
718
79
-852
-1560
-1952
-2208
-2158
-1928
-2133
-2618
-2655
-2297
-1832
-1100
-301
7
54
402
957
1556
2275
2914
3240
3380
3611
3904
4084
4213
4258
3978
3618
3467
3380
3233
3129
2918
2415
1868
1537
1453
1329
1148
971
582
-12
-436
-441
-273
-136
88
234
-313
-1578
-2583
-2959
-3226
-3101
-2329
-2293
-3713
-4933
-5138
-5205
-4962
-3922
-3354
-4166
-4911
-4422
-3461
-2561
-1386
-563
-741
-1022
-433
656
1529
2058
2211
1914
1565
1824
2419
2652
2512
2142
1350
498
205
64
-522
-861
-817
-1293
-1985
-2175
-2366
-2807
-2690
-2110
-2042
-2288
-2071
-1679
-1375
-682
272
665
619
850
1215
1369
1748
2413
2544
2244
2146
2018
1673
1591
1698
1374
749
181
-321
-736
-925
-1020
-1324
-1818
-2189
-2258
-2174
-1923
-1546
-1388
-1403
-1123
-549
77
786
1487
1872
1969
2337
2907
3237
3555
3855
3765
3511
3533
3634
3475
3259
3080
2596
1933
1598
1376
1097
979
893
629
306
93
87
337
697
1027
1096
973
1033
1188
1465
2028
2411
2310
2028
1952
1850
1164
283
-319
-1212
-2047
-1920
-1842
-2902
-4417
-5492
-6215
-6555
-6093
-5491
-5901
-6779
-6863
-6289
-5487
-4368
-3378
-3081
-3019
-2353
-1184
-178
728
1481
1663
1749
2357
3034
3336
3556
3566
3046
2339
1987
1772
1278
901
750
213
-638
-1194
-1574
-2023
-2211
-2068
-2079
-2416
-2591
-2375
-2029
-1522
-736
-180
-121
-7
347
751
1415
2191
2650
2760
2696
2545
2496
2656
2872
2893
2500
1868
1254
729
440
343
77
-547
-1267
-1724
-1967
-2065
-1915
-1844
-2148
-2329
-2020
-1486
-883
-245
204
422
713
1343
2177
2926
3397
3593
3676
3830
4087
4395
4558
4382
3937
3419
3128
3001
2769
2455
2025
1344
646
228
33
-97
-311
-609
-856
-1048
-1145
-976
-675
-527
-554
-545
-483
-401
-155
215
545
604
184
-463
-1030
-1569
-1823
-1622
-1652
-2333
-3278
-4260
-4977
-5133
-4809
-4444
-4561
-5081
-5473
-5375
-4797
-3885
-2932
-2409
-2287
-2025
-1351
-371
675
1499
1907
1998
2091
2445
3060
3580
3778
3617
3120
2590
2271
2069
1919
1729
1267
561
-98
-569
-948
-1164
-1203
-1351
-1771
-2104
-2123
-1938
-1561
-1091
-806
-779
-807
-637
-174
424
923
1194
1305
1275
1251
1505
1893
2079
2104
1986
1638
1315
1211
1178
1101
956
618
156
-219
-474
-545
-525
-646
-895
-1098
-1233
-1183
-832
-415
-210
-164
-65
149
445
909
1393
1599
1608
1682
1854
2016
2196
2304
2223
2019
1776
1613
1592
1587
1454
1241
965
570
263
245
330
274
150
71
-69
-176
28
352
499
550
610
592
607
793
1061
1224
1204
992
493
-98
-538
-959
-1311
-1404
-1782
-2519
-3115
-3740
-4313
-4443
-4287
-4250
-4435
-4634
-4684
-4544
-4005
-3211
-2668
-2349
-2028
-1607
-931
-60
728
1228
1398
1539
1900
2363
2875
3224
3187
2869
2488
2234
2138
2014
1780
1456
928
361
-77
-456
-736
-938
-1163
-1338
-1510
-1704
-1831
-1776
-1520
-1300
-1200
-1019
-862
-850
-541
49
386
516
729
803
726
899
1254
1407
1376
1270
1024
723
611
647
614
439
68
-398
-778
-957
-971
-942
-999
-1152
-1309
-1353
-1178
-899
-636
-401
-209
-42
261
683
1171
1639
1936
2176
2400
2586
2772
3052
3192
3096
3001
2937
2820
2684
2613
2477
2175
1841
1583
1328
1036
804
660
444
155
-52
-131
-167
-124
38
96
20
-21
19
118
295
421
494
513
464
447
309
23
-315
-782
-1263
-1499
-1739
-2199
-2568
-2887
-3419
-3778
-3729
-3709
-3884
-3927
-3818
-3836
-3706
-3198
-2689
-2386
-2055
-1594
-1158
-762
-256
265
543
759
1041
1273
1436
1623
1734
1664
1494
1302
1004
594
339
81
-253
-465
-621
-961
-1349
-1645
-1909
-2073
-2023
-1846
-1759
-1772
-1790
-1690
-1413
-1039
-659
-329
-173
-29
250
615
1018
1365
1587
1705
1848
2027
2191
2268
2231
2079
1846
1723
1681
1529
1264
964
566
223
33
-34
-148
-415
-630
-752
-795
-633
-361
-124
75
275
540
858
1175
1503
1860
2174
2517
2877
3154
3328
3412
3449
3400
3283
3218
3077
2836
2625
2384
2024
1631
1249
868
509
194
-55
-312
-593
-781
-919
-1010
-1035
-1026
-955
-901
-909
-894
-849
-810
-669
-455
-340
-504
-805
-1001
-1233
-1436
-1419
-1537
-2040
-2542
-2859
-3138
-3291
-3266
-3286
-3595
-3956
-4040
-3954
-3723
-3309
-2995
-2873
-2745
-2489
-2072
-1555
-1005
-539
-272
-61
275
601
961
1360
1644
1716
1621
1524
1466
1382
1335
1325
1074
655
291
25
-225
-402
-519
-784
-1169
-1378
-1440
-1503
-1360
-1096
-962
-886
-678
-462
-294
70
536
888
1183
1498
1749
1997
2263
2524
2749
2828
2741
2643
2586
2483
2392
2299
2063
1672
1283
982
704
446
213
-75
-383
-613
-719
-738
-688
-620
-578
-535
-386
-198
45
411
742
962
1210
1549
1806
1998
2212
2346
2314
2305
2371
2370
2322
2201
1961
1681
1364
1036
804
531
147
-194
-466
-749
-1014
-1214
-1354
-1531
-1646
-1620
-1567
-1540
-1456
-1326
-1202
-992
-770
-574
-401
-278
-264
-309
-356
-442
-579
-646
-734
-1023
-1340
-1682
-2055
-2295
-2430
-2591
-2765
-3026
-3280
-3328
-3284
-3158
-2980
-2844
-2754
-2613
-2305
-1892
-1504
-1148
-772
-468
-164
252
666
958
1192
1401
1562
1708
1825
1838
1724
1610
1446
1294
1235
1115
831
580
420
167
-56
-146
-227
-419
-488
-401
-379
-375
-288
-198
-164
-40
169
349
507
694
882
1039
1221
1430
1568
1650
1718
1776
1782
1756
1724
1589
1369
1177
1031
848
655
487
247
-18
-208
-311
-410
-495
-515
-551
-559
-433
-241
-37
191
372
513
697
970
1260
1495
1745
1940
2016
2093
2226
2291
2225
2143
2048
1861
1633
1433
1204
859
486
200
-74
-380
-666
-893
-1104
-1330
-1474
-1518
-1547
-1652
-1637
-1513
-1424
-1313
-1164
-1037
-979
-882
-754
-719
-706
-693
-746
-786
-780
-875
-1071
-1231
-1388
-1542
-1590
-1610
-1772
-2005
-2167
-2248
-2231
-2090
-1967
-1967
-1989
-1927
-1774
-1516
-1233
-988
-853
-758
-561
-270
70
354
523
592
593
618
751
936
1026
1039
962
798
675
601
555
484
395
250
74
-42
-80
-150
-159
-93
-116
-176
-130
-33
53
235
424
553
658
816
1007
1195
1363
1495
1570
1612
1667
1725
1770
1749
1696
1607
1453
1278
1110
956
802
670
476
271
71
-134
-233
-285
-297
-321
-304
-259
-255
-160
0
180
331
502
693
875
1042
1220
1427
1530
1580
1628
1670
1679
1672
1694
1621
1446
1259
1127
944
738
564
327
31
-233
-451
-661
-821
-977
-1174
-1385
-1519
-1585
-1607
-1584
-1585
-1612
-1624
-1589
-1529
-1495
-1498
-1484
-1461
-1454
-1357
-1277
-1306
-1392
-1462
-1500
-1516
-1483
-1432
-1466
-1559
-1582
-1554
-1526
-1465
-1391
-1395
-1418
-1382
-1279
-1171
-1026
-875
-805
-723
-564
-391
-241
-67
94
192
277
417
532
593
678
780
823
813
808
778
702
657
688
699
637
569
511
466
435
471
510
451
399
388
395
468
568
623
654
703
735
783
891
1016
1087
1098
1176
1217
1213
1269
1307
1286
1260
1215
1137
1051
981
929
843
744
680
565
434
381
319
222
188
187
123
101
121
133
147
167
221
247
274
345
423
493
527
602
656
658
697
728
682
620
624
564
464
406
325
151
-23
-159
-330
-535
-659
-744
-892
-1018
-1070
-1108
-1172
-1223
-1264
-1330
-1353
-1280
-1204
-1129
-1107
-1126
-1139
-1148
-1100
-1001
-926
-958
-1017
-1031
-1056
-1034
-942
-917
-1003
-1089
-1133
-1190
-1191
-1115
-1098
-1179
-1198
-1187
-1196
-1148
-1063
-1011
-1000
-947
-857
-763
-636
-510
-386
-273
-178
-54
73
213
327
428
531
652
742
821
933
1021
1080
1113
1130
1130
1088
1044
1075
1105
1044
945
884
807
695
656
661
571
419
347
332
293
331
391
394
355
329
365
429
493
556
607
623
649
698
763
801
806
809
787
750
717
681
642
587
549
498
456
430
385
343
323
311
263
250
282
310
340
389
438
412
400
461
525
560
591
622
583
532
523
511
508
456
358
261
129
-18
-85
-161
-281
-413
-554
-712
-833
-892
-969
-1058
-1148
-1222
-1304
-1340
-1337
-1397
-1481
-1500
-1530
-1543
-1496
-1474
-1493
-1513
-1487
-1448
-1391
-1284
-1202
-1203
-1183
-1083
-1032
-981
-876
-827
-823
-757
-673
-622
-594
-581
-559
-551
-506
-433
-375
-342
-313
-277
-223
-161
-90
-25
-6
45
135
195
271
391
463
484
552
660
722
798
887
930
942
982
1028
1042
1052
1047
994
938
932
915
858
790
737
651
562
531
498
458
422
398
387
384
407
442
433
410
435
461
527
613
685
724
752
803
856
909
941
955
950
951
959
966
955
923
876
816
724
647
594
518
452
390
313
237
162
118
68
35
29
-39
-86
-108
-126
-143
-153
-175
-214
-251
-276
-264
-285
-323
-367
-452
-508
-548
-598
-650
-714
-805
-883
-962
-1039
-1108
-1208
-1315
-1387
-1437
-1484
-1526
-1567
-1641
-1709
-1695
-1635
-1582
-1534
-1512
-1499
-1480
-1402
-1259
-1133
-1046
-957
-851
-776
-673
-521
-412
-343
-262
-163
-97
-35
48
134
184
209
227
234
228
245
286
327
327
330
326
340
369
394
443
475
506
522
548
595
664
733
780
829
863
864
905
953
998
1029
1039
1045
1015
1019
1033
1040
1024
987
933
859
809
795
773
748
706
636
569
537
544
550
543
521
498
457
443
476
509
543
557
527
505
515
538
563
573
571
539
496
489
495
489
448
403
340
258
168
106
55
-43
-149
-237
-340
-438
-515
-587
-676
-787
-820
-857
-903
-934
-984
-1017
-1025
-1020
-1009
-976
-995
-1003
-965
-923
-889
-871
-860
-847
-838
-831
-811
-823
-835
-816
-822
-853
-882
-899
-939
-968
-981
-987
-1010
-1019
-995
-974
-901
-811
-756
-688
-617
-572
-471
-339
-197
-60
41
141
226
308
391
479
567
592
625
672
684
719
731
732
702
667
663
638
609
573
557
508
479
472
430
411
426
445
466
485
495
486
505
554
599
643
681
695
709
732
742
740
746
737
705
683
678
663
629
604
565
502
456
441
411
368
324
268
207
166
152
127
92
47
-22
-52
-49
-43
-26
-36
-67
-66
-46
-41
-35
-29
-34
-43
-37
-22
-23
-49
-93
-142
-178
-184
-182
-230
-263
-315
-399
-445
-467
-488
-530
-582
-638
-700
-751
-756
-781
-804
-836
-850
-839
-830
-802
-770
-750
-739
-688
-618
-580
-541
-477
-458
-433
-377
-333
-317
-281
-250
-258
-261
-241
-212
-209
-187
-176
-186
-202
-194
-177
-164
-164
-162
-170
-161
-139
-125
-81
-47
-25
-6
29
83
150
208
247
293
325
382
458
525
561
576
594
587
593
640
687
682
658
630
591
552
553
558
519
465
432
382
344
319
282
254
230
212
179
160
176
175
174
201
216
203
205
233
275
297
316
333
319
290
293
321
313
275
251
208
142
112
103
91
53
16
-30
-99
-112
-113
-114
-130
-135
-165
-202
-183
-140
-113
-104
-71
-88
-112
-107
-87
-62
-53
-53
-77
-107
-125
-135
-153
-184
-228
-283
-341
-403
-445
-439
-450
-474
-512
-561
-588
-599
-590
-575
-576
-570
-558
-560
-529
-489
-453
-427
-413
-394
-381
-346
-318
-293
-265
-238
-227
-214
-186
-155
-143
-133
-117
-114
-108
-108
-81
-43
-4
16
26
24
21
42
85
129
163
163
167
167
184
222
251
272
249
248
253
272
313
319
302
288
281
277
288
307
288
276
266
247
238
236
249
219
206
192
193
198
184
198
188
177
174
183
184
168
182
179
162
155
171
173
169
177
180
153
133
138
140
152
151
149
121
89
68
67
66
71
67
59
48
26
32
27
25
46
32
30
29
16
32
34
28
17
-7
-38
-57
-74
-69
-76
-101
-126
-142
-162
-189
-193
-196
-193
-219
-236
-240
-255
-257
-238
-216
-210
-222
-216
-213
-206
-184
-144
-126
-150
-146
-148
-136
-102
-86
-103
-139
-170
-183
-172
-156
-148
-175
-207
-224
-223
-208
-182
-160
-175
-183
-167
-137
-111
-80
-61
-51
-38
-7
31
61
75
82
86
95
136
157
150
146
146
134
122
132
134
118
110
96
91
95
101
96
77
80
95
100
118
133
141
143
165
184
191
203
210
213
210
221
233
233
236
239
217
195
183
167
145
124
103
82
57
36
20
-5
-37
-48
-77
-89
-101
-110
-103
-137
-131
-118
-116
-105
-118
-104
-88
-70
-51
-44
-15
1
7
12
29
50
66
93
91
76
49
28
19
17
29
19
-20
-59
-88
-96
-111
-124
-129
-163
-189
-198
-193
-180
-158
-161
-182
-186
-178
-161
-129
-109
-98
-100
-100
-92
-60
-37
-43
-42
-53
-64
-64
-54
-66
-57
-54
-76
-105
-101
-83
-98
-80
-68
-74
-75
-62
-30
-7
12
32
40
43
71
107
131
136
144
153
166
174
194
200
195
181
188
198
181
191
195
182
173
173
174
173
160
159
165
159
155
154
153
150
131
116
116
111
111
104
96
73
46
37
24
11
2
-15
-38
-57
-78
-91
-98
-114
-131
-146
-159
-182
-193
-183
-190
-197
-190
-187
-190
-195
-177
-174
-177
-174
-172
-156
-152
-132
-123
-113
-113
-113
-105
-103
-84
-82
-68
-59
-77
-68
-66
-56
-52
-55
-57
-65
-71
-70
-57
-52
-45
-39
-27
-19
-24
-15
-6
13
27
32
41
34
25
32
37
39
30
20
12
-1
3
8
4
-1
-9
-8
-8
0
8
23
23
33
52
61
83
104
120
129
145
166
178
200
230
242
243
245
241
238
229
225
216
214
206
175
144
126
126
107
92
70
63
46
34
39
32
36
23
23
4
2
32
24
13
4
-2
-9
-12
-2
-21
-34
-45
-64
-84
-89
-91
-108
-130
-160
-190
-208
-215
-224
-231
-242
-254
-268
-277
-292
-288
-287
-275
-258
-243
-231
-229
-219
-211
-192
-162
-131
-129
-131
-120
-103
-70
-54
-41
-39
-47
-46
-54
-53
-29
-17
-29
-55
-55
-59
-48
-39
-35
-50
-71
-71
-59
-39
-7
7
16
12
24
52
79
115
124
146
150
162
189
218
241
246
238
218
212
214
213
206
197
190
167
148
147
131
113
107
94
81
81
92
97
98
95
94
106
104
121
136
148
155
168
180
170
179
180
182
195
180
179
159
133
121
111
94
73
52
28
4
-13
-30
-53
-63
-85
-94
-104
-109
-116
-131
-133
-143
-151
-146
-141
-148
-145
-147
-153
-156
-138
-145
-138
-133
-136
-135
-147
-138
-143
-137
-134
-141
-154
-170
-168
-164
-159
-166
-168
-175
-182
-170
-163
-142
-136
-129
-127
-121
-96
-76
-61
-40
-30
-20
-4
11
43
56
60
60
68
85
106
116
101
99
104
99
93
97
98
92
89
79
61
59
61
70
68
56
67
72
78
79
75
83
87
98
110
107
104
111
99
110
116
116
114
96
98
88
85
101
102
96
86
74
67
81
86
89
73
70
70
66
74
76
73
57
53
51
51
45
46
43
28
21
4
0
-7
-15
-19
-33
-38
-43
-61
-63
-72
-72
-68
-80
-89
-103
-107
-86
-88
-81
-80
-94
-103
-121
-108
-110
-111
-97
-99
-111
-126
-121
-109
-122
-126
-127
-126
-122
-116
-107
-101
-96
-103
-101
-98
-93
-81
-75
-72
-58
-53
-45
-45
-36
-25
-27
-12
-4
4
2
10
17
15
24
33
32
35
39
35
34
31
38
40
47
45
46
42
43
57
49
53
54
66
66
63
73
75
88
79
81
87
97
114
112
105
98
95
88
88
100
98
90
66
61
54
41
41
39
19
13
14
13
22
21
29
20
17
24
36
60
74
75
74
74
96
100
103
114
107
108
97
91
87
88
68
48
37
22
14
7
-22
-38
-53
-65
-71
-75
-81
-94
-101
-95
-91
-98
-90
-90
-77
-83
-69
-73
-64
-57
-67
-52
-52
-49
-54
-58
-65
-76
-80
-84
-75
-82
-94
-105
-119
-122
-125
-130
-134
-129
-132
-132
-128
-131
-116
-105
-110
-104
-98
-83
-65
-45
-23
-21
-14
-17
1
17
31
44
46
40
46
55
67
83
59
55
46
41
58
54
60
46
32
30
28
39
43
47
40
30
32
46
62
81
74
73
81
85
94
107
107
108
109
89
101
93
96
96
70
62
48
49
40
27
19
8
3
-10
-13
-15
-14
-15
-13
-23
-17
-5
-5
6
6
10
25
27
33
43
45
53
52
44
47
52
42
35
33
32
26
10
0
-16
-19
-23
-29
-36
-58
-56
-62
-68
-58
-69
-67
-71
-82
-70
-64
-65
-55
-58
-61
-56
-45
-30
-32
-29
-38
-31
-27
-29
-18
-24
-20
-24
-32
-37
-38
-38
-48
-50
-58
-56
-56
-65
-66
-63
-60
-52
-57
-53
-41
-44
-27
-14
-2
-4
2
14
32
49
59
53
52
52
64
78
73
83
72
67
53
44
44
36
30
16
3
-8
-14
-11
-29
-29
-31
-37
-43
-40
-41
-34
-12
-9
9
1
-2
4
15
39
45
53
48
60
55
54
59
56
63
54
52
46
46
43
39
31
19
19
13
13
3
3
4
6
4
0
8
0
13
22
22
23
23
23
38
43
48
51
45
51
30
30
35
38
43
31
22
7
4
6
-4
-13
-17
-28
-26
-47
-48
-39
-41
-47
-60
-61
-67
-57
-51
-49
-48
-41
-35
-37
-31
-29
-13
-18
-17
-12
-17
-5
-10
-3
-13
-26
-29
-32
-31
-31
-38
-45
-54
-57
-55
-66
-60
-56
-55
-57
-63
-50
-46
-48
-33
-33
-27
-28
-19
-10
-7
-1
-1
2
2
7
4
4
5
2
-7
-15
-17
-16
-10
-22
-30
-36
-39
-37
-41
-33
-25
-24
-29
-32
-21
-17
-5
-4
2
11
20
28
18
25
31
42
39
46
55
50
50
48
57
55
59
57
49
47
53
57
54
50
48
45
36
46
41
48
37
37
42
33
44
36
40
27
32
35
32
31
21
19
15
16
10
16
1
3
-9
-17
-15
-18
-13
-27
-35
-41
-39
-38
-40
-42
-49
-58
-57
-53
-51
-49
-52
-46
-48
-45
-46
-35
-34
-28
-23
-34
-28
-28
-9
-9
-16
-13
-15
-11
-17
-16
-13
-12
-6
-9
-14
-14
-9
-4
-10
-10
-13
-3
-2
1
-4
-9
5
6
9
4
2
8
8
12
14
18
20
13
19
12
19
19
19
21
16
21
13
20
16
20
23
17
17
18
28
21
31
25
25
21
19
28
20
26
25
23
16
17
16
18
13
10
12
6
10
7
14
5
-5
3
0
0
0
-8
-13
-12
-9
-6
-11
-20
-25
-27
-21
-18
-21
-26
-34
-39
-32
-34
-34
-35
-41
-47
-46
-43
-45
-46
-45
-45
-36
-40
-52
-34
-34
-32
-29
-28
-19
-26
-21
-19
-11
-11
-20
-16
-10
-2
1
-7
-11
-14
-1
0
-10
-2
-3
1
-6
7
2
-2
3
-8
8
16
14
19
20
15
29
35
38
39
43
51
54
57
58
60
65
70
64
65
60
64
61
61
59
45
46
41
40
46
34
20
22
16
5
13
7
5
6
-6
-10
-3
2
-3
-6
-7
5
-3
5
1
12
17
3
15
10
22
9
7
5
1
9
8
-3
-7
-11
-19
-22
-13
-21
-29
-32
-43
-25
-26
-29
-31
-24
-27
-25
-29
-15
-14
-1
4
-5
3
-1
10
12
7
4
5
14
4
4
4
-9
-22
-21
-19
-24
-21
-33
-44
-39
-39
-37
-44
-52
-44
-36
-26
-37
-28
-24
-28
-24
-7
-6
-6
2
5
5
11
11
4
20
22
22
21
15
1
11
6
13
19
11
3
-6
-4
0
2
6
-6
-4
4
6
13
13
13
13
25
28
24
27
38
40
41
46
35
39
43
36
39
44
27
30
25
19
18
15
7
-6
-1
-6
-8
-11
-16
-21
-17
-9
-14
-14
-9
-5
0
4
6
7
22
31
12
32
31
28
35
23
32
40
38
20
20
14
14
17
19
3
-7
-2
-13
1
-8
-2
-16
-19
-11
-17
-7
-6
-3
5
-2
-11
5
6
7
10
18
11
10
9
3
2
9
6
-2
-3
-16
-15
-15
-21
-25
-25
-37
-37
-39
-34
-35
-47
-38
-45
-41
-36
-42
-38
-31
-31
-28
-22
-22
-24
-10
-8
-10
3
-1
-3
0
9
9
14
10
12
14
14
10
1
9
5
19
10
18
4
0
5
-1
11
11
10
6
11
11
19
18
9
12
18
25
29
27
22
25
25
31
19
25
28
23
31
11
17
20
12
19
1
12
9
5
7
0
10
1
4
-1
-1
10
7
5
6
1
7
4
7
14
12
5
-5
4
6
5
0
-2
-4
1
-6
-10
-8
-20
-9
-18
-12
-17
-22
-18
-18
-19
-14
-28
-33
-25
-20
-12
-27
-17
-26
-25
-23
-33
-26
-27
-29
-18
-25
-29
-33
-30
-32
-26
-34
-31
-29
-33
-26
-34
-25
-29
-21
-35
-39
-25
-27
-12
-24
-23
-26
-26
-19
-11
-7
-15
-16
-18
-11
-6
1
2
3
-6
4
-1
-1
14
8
16
9
17
16
14
14
15
23
25
19
20
22
28
33
30
13
20
27
26
35
19
25
25
21
20
15
25
17
24
13
16
13
11
17
3
15
10
9
11
4
9
4
12
10
5
5
4
7
12
10
13
13
0
-2
-3
6
9
7
2
-2
0
0
-1
-9
-8
-1
-7
3
0
-3
2
-6
-2
-3
-4
2
4
12
4
-1
6
6
2
6
5
-1
2
-12
-4
-2
4
2
-15
-16
-18
-21
-15
-28
-19
-15
-20
-20
-24
-22
-34
-20
-25
-24
-14
-17
-11
-9
-13
-16
-10
-14
-11
-6
-2
-3
-2
-4
-10
-14
-6
-4
-11
-8
-18
-16
-14
-15
-11
-16
-18
-23
-17
-17
-25
-12
-11
-11
-11
-6
-15
-13
-1
-1
3
3
3
6
8
1
5
11
12
12
10
4
6
8
7
-1
-6
7
4
-1
-9
-7
1
1
-6
-11
-4
-1
3
3
2
-2
12
16
12
17
17
16
19
22
32
36
34
35
32
33
23
24
28
29
32
30
26
12
17
9
3
3
1
9
-1
0
-1
-8
-2
-14
-14
-15
-14
-6
-5
1
-15
-8
-7
-16
-7
-11
-13
-5
-12
-14
-15
-11
-9
-21
-21
-28
-26
-24
-29
-32
-25
-24
-31
-31
-38
-38
-30
-27
-25
-23
-28
-23
-22
-9
-10
-11
-7
-15
-1
2
-3
9
7
10
10
9
10
7
7
13
13
14
6
10
9
12
9
6
2
6
16
12
13
6
11
9
11
22
20
21
21
17
27
24
23
20
29
27
31
32
17
27
23
18
18
11
12
23
13
9
9
3
-2
-2
-2
-1
0
-3
-5
1
-1
-4
-3
-8
3
5
0
5
-1
11
11
6
11
14
12
3
5
8
12
16
10
5
9
-1
3
-4
2
0
3
-3
-12
-1
-2
2
-7
-13
-9
-4
-4
-3
-5
-4
1
-6
-7
-7
-1
5
-1
-10
-7
-6
-1
-7
-5
-5
-11
-8
-18
-10
-13
-12
-14
-17
-16
-14
-11
-12
-18
-18
-11
-14
-5
-3
-10
-7
-5
2
3
2
-1
3
6
8
11
9
11
12
16
12
10
3
14
15
12
13
4
14
18
14
7
8
7
14
15
11
16
17
18
6
17
21
21
22
12
14
18
24
30
26
16
15
10
16
19
13
14
13
11
14
6
-4
3
-1
1
2
-4
2
-4
-1
-7
-11
-10
-10
-3
3
2
-3
-10
-13
-1
0
3
-5
-5
6
2
1
-4
-7
-5
1
-2
-8
-2
-6
-7
-12
-17
-12
-3
-14
-8
-16
-21
-20
-22
-5
-9
-11
-18
-20
-16
-11
-14
-7
-8
-3
-6
-6
-1
-4
-2
-4
-8
-3
8
4
9
4
-4
-7
-2
0
5
-3
-1
4
-3
1
-4
2
-6
-9
-9
-5
11
5
5
-4
-3
1
3
6
9
13
8
13
11
15
17
12
10
16
21
16
17
19
14
14
12
8
9
10
14
7
6
-2
-2
3
-1
5
-5
-4
-5
-5
-5
-8
-1
-4
3
-4
-6
-1
-6
-1
-2
-3
7
11
4
4
-3
-10
1
5
3
11
6
4
1
-6
-10
-5
-2
-1
1
-1
-1
2
-2
-11
-11
-8
-6
4
3
4
1
-2
-6
-3
5
-1
2
-2
4
-4
5
-2
0
0
-12
-2
-9
-2
-6
-17
-10
-15
-8
-6
-13
-13
-23
-24
-15
-14
-12
-16
-18
-11
-13
-14
-19
-15
-10
-7
-17
-11
-4
-6
-5
-12
-12
-7
-10
-10
-10
-2
-8
-14
-9
-15
-6
-11
-16
-6
-12
-9
-6
-17
-8
-12
-14
-10
-8
0
-5
-7
-11
-7
-5
-8
-1
-2
-1
3
-4
-1
-6
-2
-9
-1
3
2
-3
-5
-3
-3
1
-12
-4
-2
0
2
-12
-6
-5
-2
3
-2
-3
-5
-4
-1
-7
3
-4
4
5
-9
2
-1
0
4
-11
-10
5
7
5
0
-10
-10
-4
-5
-6
-1
0
-6
-12
-11
-6
-12
-8
-10
-11
-11
-13
-13
-14
-17
-14
-15
-18
-16
-16
-10
-22
-21
-18
-20
-17
-13
-16
-20
-21
-21
-14
-14
-20
-24
-21
-15
-11
-10
-22
-27
-16
-12
-18
-18
-20
-13
-18
-19
-13
-24
-15
-13
-13
-18
-21
-9
-16
-8
-17
-14
-7
-15
-4
-9
-11
-8
-3
-13
-9
-5
2
-1
-6
-1
-13
-8
-6
1
5
-2
-8
1
0
-10
-1
-4
-5
1
2
-2
5
3
0
2
-11
2
8
3
12
8
2
-1
3
14
2
-2
10
5
7
1
3
4
4
4
1
5
-3
5
3
-6
1
7
2
6
3
-2
-6
-2
7
8
5
-5
12
2
3
5
-1
10
-11
5
11
0
4
-3
-1
-6
0
0
-9
0
1
-5
-1
-18
1
-2
-9
-2
-4
-1
-4
2
1
-6
0
6
-4
3
6
7
8
-1
0
7
8
0
3
5
-2
6
3
3
-6
2
-2
-11
3
-6
-5
-6
-5
1
-4
-8
-11
-1
-7
-8
2
-7
-8
0
6
-1
-6
-6
-8
1
2
2
-10
0
5
2
0
-13
-7
2
-9
0
-1
-4
3
-3
4
-11
-5
4
2
4
3
4
11
10
6
16
8
8
12
14
19
22
21
15
9
26
28
17
16
15
20
18
24
21
20
19
16
24
9
10
23
19
18
22
21
15
22
19
15
19
18
29
29
28
21
23
25
20
29
27
24
29
28
20
23
19
30
21
19
21
23
18
19
18
19
16
16
20
13
22
15
23
13
3
29
20
20
24
11
13
20
27
17
11
26
27
16
17
4
22
19
11
20
10
19
6
14
8
-2
9
5
7
11
7
0
2
2
8
1
4
2
6
7
3
12
12
6
5
9
7
1
10
27
7
6
14
9
8
12
2
10
17
11
10
3
19
10
11
6
2
20
14
7
15
14
10
11
21
16
15
20
9
16
16
21
20
23
21
14
19
18
11
17
21
15
18
