2
-1
-1
1
1
0
-1
3
-2
1
0
-1
1
-1
2
0
-1
-2
2
-2
0
2
-3
2
-1
1
-2
2
-2
1
2
-3
3
-2
2
-2
1
0
0
1
-1
1
0
1
-1
2
0
-2
1
1
-1
2
0
1
0
0
0
-1
1
-1
1
-1
0
0
-1
1
2
-3
3
-1
-1
1
0
0
-2
3
0
-3
2
1
-3
1
2
-2
1
1
-1
0
0
-2
1
1
-1
1
0
0
0
0
0
0
0
-1
0
1
0
-1
3
-1
-1
2
-1
0
0
-1
0
-2
1
-1
-1
1
0
-1
0
1
-3
1
1
-1
-1
1
-1
-1
0
0
1
-1
1
0
-1
2
-1
0
0
0
-1
1
0
-1
1
0
-1
1
1
-2
0
0
0
-2
2
0
-3
2
0
-1
0
2
-3
1
1
0
1
0
0
-2
-1
1
-2
-1
2
-1
0
0
0
0
-1
1
-1
-1
1
0
0
1
1
-2
1
0
-1
1
-1
0
0
-1
2
-2
-1
1
0
0
0
2
-1
0
1
-1
0
0
1
-2
1
1
-2
2
-1
1
0
-1
2
-2
0
1
0
0
2
-1
1
-1
0
1
-1
0
1
0
-1
2
-1
0
0
1
0
-1
0
0
0
1
0
-1
0
1
0
0
1
-1
0
1
1
-1
1
1
-1
1
1
-1
1
2
0
1
1
0
-1
2
-1
-2
4
-1
0
1
2
0
-1
3
0
-2
4
-1
1
1
1
2
-2
3
-1
-2
3
-1
-1
3
-1
1
-1
1
1
-1
3
0
1
0
2
1
-1
1
0
1
0
0
3
-1
-1
2
-1
0
1
1
0
0
2
1
-1
2
1
-1
2
-1
0
1
0
-1
2
1
-1
2
-2
0
2
-2
0
1
1
-2
2
1
-4
1
1
-1
-1
0
1
-1
-2
3
-1
-2
2
-1
-1
0
2
-1
-1
3
-1
1
1
-2
0
-1
0
1
-3
1
1
-2
0
2
-2
-1
2
-1
-1
0
0
-2
1
-1
0
0
-1
-1
0
-1
1
-1
-1
1
-3
2
0
-2
3
-3
1
0
-1
1
-1
2
-3
0
0
0
0
-1
1
-1
-1
1
0
0
-1
1
0
0
1
0
-1
0
0
-2
3
-3
0
2
-3
1
0
1
-2
2
0
-1
2
-2
0
0
0
-1
1
0
0
1
-1
1
2
-1
1
0
-3
1
1
-1
1
0
0
0
1
-3
3
0
-1
2
0
0
-1
3
-3
-1
3
-1
-2
3
0
-3
2
0
0
-1
3
0
-2
2
-1
0
0
0
1
-2
1
1
-2
2
-1
-1
1
-1
1
0
-1
3
-1
-1
2
0
-1
0
2
-1
-1
1
1
-1
-1
3
-2
-1
2
0
-1
0
1
0
-1
-1
1
-2
0
4
-5
1
1
-3
1
1
0
-1
2
-1
0
0
0
0
0
-1
1
0
-3
1
0
-1
0
-1
0
0
0
-1
1
-1
0
-1
-1
0
-1
1
-2
1
-2
0
0
0
0
0
1
-2
2
-1
0
0
0
-1
-1
0
0
0
0
-1
-1
0
-1
0
0
-1
-2
2
0
-2
2
0
0
-1
0
0
-2
1
1
-1
0
0
0
-1
1
0
-1
1
0
-2
2
1
-1
1
0
0
0
0
0
1
-1
2
0
-2
2
-2
1
0
-1
3
-1
0
-1
2
-1
-1
1
-3
0
1
0
-1
1
0
-2
2
-1
0
0
0
-2
0
1
-1
1
-1
3
-2
1
0
0
0
0
3
-3
2
-2
1
0
0
0
-1
1
0
0
-1
0
1
0
0
1
-1
0
1
1
-1
0
1
-1
-1
0
2
-3
1
1
-3
2
-1
-1
-1
1
-2
2
0
-1
0
1
0
-1
1
0
0
1
-2
0
1
-2
1
2
-2
-2
3
-2
-2
3
-2
0
1
-1
0
1
-1
0
0
0
-1
2
0
-1
1
0
-1
1
-1
1
1
-1
2
-1
1
0
-1
0
1
-1
0
0
0
1
-2
0
0
-1
1
-1
-1
0
0
0
0
0
0
-1
0
0
1
-1
0
1
-3
1
-1
0
0
-1
0
-1
1
-2
1
-2
2
0
-2
2
-1
1
-1
0
1
-2
1
1
-2
1
-1
-1
1
-1
1
-2
1
-1
0
0
-1
1
0
-2
2
0
-3
3
0
-1
0
1
-1
-1
1
-1
0
1
0
0
0
0
-1
0
2
-1
-1
1
0
0
0
-2
2
-1
-3
4
-4
0
0
0
1
-1
-1
2
1
2
7
3
5
0
-3
-10
-20
-22
-26
-34
-35
-27
-25
-13
-3
12
28
34
46
53
56
53
40
32
15
-5
-18
-35
-45
-50
-51
-46
-44
-28
-16
-9
7
22
30
33
33
47
49
29
31
26
11
-2
-18
-22
-41
-57
-67
-69
-58
-48
-37
-16
26
49
53
71
94
84
46
35
30
-6
-46
-53
-41
-45
-60
-48
-10
-5
-15
3
30
23
9
29
41
38
32
29
28
15
6
-10
-20
-28
-34
-45
-53
-42
-31
-36
-34
-3
15
12
21
42
51
38
28
35
32
14
9
14
13
4
-3
1
3
3
-8
-7
0
-1
1
9
17
19
14
10
8
2
-7
-22
-27
-34
-39
-39
-39
-29
-19
-21
-20
-3
11
7
14
37
41
29
38
43
34
21
12
9
-6
-15
-12
-18
-24
-27
-30
-49
-62
-50
-48
-66
-53
-14
-17
-19
13
39
24
-6
-1
-3
-32
-53
-46
-40
-41
-46
-32
1
7
-10
-20
-10
-12
-35
-41
8
61
75
105
179
237
209
175
201
160
24
-62
-80
-136
-232
-238
-188
-171
-161
-74
39
93
143
207
268
299
313
331
335
303
250
200
124
25
-56
-137
-226
-280
-297
-314
-317
-272
-212
-172
-143
-104
-46
-13
-3
31
76
75
44
43
51
-3
-103
-183
-230
-286
-356
-348
-259
-178
-112
20
200
306
326
353
368
276
106
-43
-152
-263
-379
-435
-383
-293
-246
-164
0
114
104
108
193
215
167
181
241
245
241
257
234
173
95
5
-108
-207
-244
-242
-215
-116
95
310
442
572
750
853
838
801
726
557
383
213
-104
-426
-581
-850
-1297
-1386
-1120
-1107
-1200
-744
19
315
358
871
1432
1221
751
851
924
255
-401
-351
-264
-703
-1025
-767
-576
-826
-931
-627
-437
-578
-577
-222
174
396
579
868
1143
1183
944
692
504
52
-654
-1035
-945
-1012
-1266
-1005
-310
27
83
545
1081
965
607
702
793
344
-117
-93
-3
-254
-557
-620
-637
-992
-1413
-1243
-884
-981
-929
-206
530
842
1199
1707
1835
1544
1195
960
644
14
-575
-683
-584
-627
-491
20
430
570
820
1155
1203
996
971
1181
1269
1162
1206
1479
1460
939
450
132
-874
-2675
-3768
-3735
-4056
-4744
-3986
-1908
-563
50
1775
4065
4461
3325
3139
3476
2053
-324
-1207
-1058
-1834
-2946
-2583
-1396
-1204
-1698
-1491
-840
-907
-1665
-2044
-1455
-527
-96
315
1623
3170
3594
3259
3460
3713
2425
55
-1264
-1606
-3053
-5039
-4999
-3631
-3270
-2961
-925
1337
1967
2127
3124
3803
3023
1773
1237
788
-337
-1243
-1217
-1160
-1570
-1521
-857
-482
-436
-111
312
483
775
1381
1862
2030
2277
2618
2572
2150
1781
1289
580
265
391
467
615
1146
1716
1813
1356
628
-436
-2427
-4692
-5691
-5830
-6256
-5942
-3747
-977
936
2630
4786
6189
5533
3879
2893
1754
-695
-2944
-3401
-3017
-2931
-2590
-1354
75
582
210
-171
-460
-1347
-2745
-3464
-2789
-1497
-564
503
2524
4568
5174
4844
4769
4195
1915
-929
-2583
-3662
-5354
-6598
-5964
-4351
-3092
-1671
494
2440
3365
3741
3991
3770
2778
1336
125
-570
-1120
-1685
-1884
-1624
-1214
-744
-194
297
621
755
771
902
1221
1531
1715
1841
2028
2286
2383
2047
1475
1201
1183
950
849
1569
2442
2700
2977
3239
2315
214
-2284
-5015
-7482
-8973
-9567
-9248
-7534
-4465
-767
2600
5407
7885
8959
7784
5885
4333
1856
-1608
-3996
-4566
-4502
-4457
-3664
-1841
-435
-386
-677
-825
-1693
-3167
-4135
-4055
-2912
-1172
528
2511
5045
7066
7528
6765
5585
3666
166
-3703
-5709
-6771
-8591
-9044
-6476
-3406
-1321
1367
4595
6315
6350
6065
5607
3978
1241
-928
-1904
-2856
-3770
-3452
-2537
-2220
-1610
-104
883
807
976
1665
1869
1854
2591
3480
3567
3546
4102
4380
3797
2893
1988
1066
365
-44
-209
226
1289
2210
2472
2287
1478
-877
-4514
-7393
-8708
-9816
-10897
-9885
-6362
-2570
593
4354
8222
9774
8788
7401
6115
3373
-714
-3923
-5343
-5946
-5988
-4949
-3213
-1582
-432
-44
-472
-1339
-2501
-3991
-5002
-4374
-2475
-683
1105
3889
6909
8441
8244
6818
4272
931
-2853
-6327
-8148
-8572
-8679
-7324
-3408
1079
4054
6050
7837
8485
7075
4449
2023
-437
-3572
-5864
-5767
-4573
-3930
-2980
-666
1683
2670
3100
3626
3244
2094
1718
2057
2125
2187
2655
3219
3879
4584
4629
3744
2568
1673
1001
374
96
459
1123
1647
1865
1434
-138
-2912
-6104
-8582
-10024
-10818
-10793
-9243
-6047
-1934
2185
5781
8497
9687
9205
7807
5848
2969
-645
-3859
-5642
-6053
-5785
-4958
-3531
-2126
-1220
-677
-704
-1604
-2874
-3862
-4188
-3467
-1903
-133
1966
4639
7107
8323
7964
6116
3012
-697
-4150
-6839
-8646
-9322
-8387
-5709
-1823
2292
5669
7795
8685
8479
7061
4412
997
-2437
-5130
-6548
-6592
-5567
-3926
-1967
352
2790
4522
5062
4652
3620
2472
1827
1488
1068
920
1405
2458
3808
4847
5093
4694
4014
3353
2673
1841
1291
1002
187
-529
-470
-1633
-4839
-7543
-8693
-9841
-11073
-10851
-8827
-5994
-2791
1433
6157
9096
9733
9799
9328
7247
4115
622
-3055
-5856
-6873
-6742
-6336
-5512
-3953
-2437
-1889
-1664
-1392
-2254
-3772
-3837
-2672
-1667
-363
1896
4380
6494
8056
8316
6549
3219
-273
-3412
-6550
-8947
-9589
-8680
-6286
-2164
2622
6442
8951
10381
10341
8627
5647
1862
-2335
-6111
-8187
-8286
-7502
-6344
-4000
-527
2514
4404
5575
5882
5024
3701
2795
2370
1973
1471
1504
2523
3861
4677
4973
5027
4878
4496
4094
4069
3925
2963
2002
1326
-977
-5073
-8446
-10662
-13100
-14746
-13764
-11007
-8304
-5199
-13
5888
9003
9570
10312
10408
7879
4408
1972
-471
-3624
-5737
-5556
-4504
-4210
-3884
-2863
-2582
-3449
-4187
-4786
-5769
-6162
-5147
-3149
-823
1540
4085
6737
8624
9027
7853
5286
2060
-1279
-4587
-6952
-7767
-7892
-7189
-4316
-102
3347
5773
7536
8150
7555
6091
3881
1042
-2101
-4763
-6048
-6056
-5612
-4662
-2889
-937
706
2405
3842
4120
3530
3190
3363
3436
3206
3135
3423
3772
4193
4688
4655
3951
3259
2816
2434
2138
1920
2182
3026
3424
3312
3078
777
-4325
-8913
-11266
-13452
-15831
-16007
-13239
-9401
-5464
-47
6563
10754
11366
11478
11841
9847
5398
1158
-1840
-4497
-6622
-6704
-5005
-3792
-3359
-2255
-1193
-1824
-3678
-5517
-6927
-7487
-6889
-5315
-3003
-195
2976
6467
9541
10944
10135
7625
4317
861
-2544
-5690
-8027
-8952
-8038
-5282
-1461
2118
4777
6603
7569
7569
6521
4161
677
-2716
-4802
-5565
-5618
-5176
-4034
-2184
11
2269
4172
4892
4328
3609
3470
3536
3390
3091
2952
3400
4489
5529
5739
5132
4286
3384
2417
1505
832
731
1140
1502
2025
2392
-27
-5515
-9781
-11259
-13089
-15628
-15653
-12672
-9227
-5628
435
7844
11656
11439
11815
12966
10769
5575
1152
-2033
-5517
-8171
-7857
-5930
-5214
-4865
-2934
-1351
-2248
-4066
-5415
-6687
-7315
-6492
-4699
-2461
208
3589
7629
10894
11786
10432
7799
4730
1636
-2001
-5911
-8402
-8906
-7740
-4705
-760
2341
4415
6051
7398
8001
6733
3407
-419
-3394
-5174
-5810
-5906
-5756
-4611
-2212
700
3503
5492
6083
5839
5590
5348
4899
4133
3019
2451
3253
4537
5030
4678
4256
4209
3867
2646
1729
1953
1876
1058
1191
1253
-2330
-8506
-12093
-12617
-14086
-16350
-15584
-12001
-8742
-4921
1960
9028
11542
11048
11989
13046
10416
5492
1643
-1538
-5213
-7407
-6697
-5434
-5476
-5084
-3423
-2798
-4163
-5858
-7060
-7988
-8063
-6727
-4470
-1954
1062
4941
8868
11487
12030
10631
8231
5617
2439
-1663
-5649
-7990
-8207
-6778
-4278
-1346
1277
3327
5080
6517
6866
5313
2169
-918
-2652
-3411
-4111
-4697
-4451
-2981
-639
1822
3769
4833
4859
4384
4242
4317
3967
3249
2819
3218
4379
5510
6049
6140
5956
5469
4539
3402
2972
2975
2097
1034
20
-3619
-9332
-12787
-13844
-15530
-17325
-16592
-13350
-9642
-5369
1357
8443
11295
11224
12492
13591
11163
6784
3241
32
-3762
-6283
-5931
-4819
-4996
-4935
-3899
-3966
-5489
-6777
-7730
-8905
-9219
-7827
-5487
-2818
507
4670
8624
10789
11182
10959
9894
7234
3657
56
-3297
-5938
-7034
-6124
-4213
-2735
-1213
1258
3642
4868
5106
4320
2471
471
-825
-1600
-2533
-3566
-3791
-2904
-1324
613
2333
3161
3434
3953
4409
4248
4093
4222
4069
4065
4646
5170
5572
5869
5619
5202
4848
4634
4798
4304
3166
2086
-1654
-8595
-13363
-14821
-17228
-19975
-19298
-15687
-12145
-8458
-1479
7201
11332
11286
12722
14567
12367
7970
5047
2540
-1542
-5000
-4775
-2959
-3034
-3680
-3151
-3544
-5885
-8032
-9292
-10778
-12069
-11713
-9406
-5727
-1414
3113
7786
11519
13241
13681
13239
11278
7836
3363
-1090
-4132
-5946
-6868
-6206
-4546
-2885
-842
1583
3551
4476
4067
2726
1217
-215
-1348
-2192
-3132
-3553
-2788
-1488
-27
1800
3354
3870
3897
4219
4538
4494
4398
4411
4644
5156
5680
6451
7283
6982
5718
4798
4582
4640
3835
2097
326
-3285
-9433
-13903
-15266
-17083
-19555
-19241
-15752
-11818
-8099
-2181
5431
9857
10619
12172
14159
12835
9106
6139
3709
196
-3045
-3471
-2202
-2090
-2755
-3035
-4037
-6220
-8374
-10208
-12268
-13848
-13743
-11891
-8528
-3807
1466
6315
10198
13122
15169
15467
13390
9920
5765
1264
-2285
-4352
-5509
-5730
-5017
-3584
-1368
954
2462
3085
2731
1499
276
-638
-1647
-2665
-3212
-3039
-2166
-746
979
2541
3386
3693
4053
4413
4443
4470
4701
4708
4818
5543
6330
6875
7187
6686
5606
4982
4884
4531
3395
1760
-836
-5594
-10724
-13456
-15242
-18018
-19400
-17556
-14613
-11788
-7088
-16
5756
7990
9840
13054
14084
11643
9117
7411
4158
51
-1549
-752
-736
-1931
-2464
-2778
-4251
-6377
-8492
-10955
-13479
-14844
-14588
-12902
-9583
-5013
-379
4075
8731
12962
15425
15526
13978
11465
7719
3313
-175
-2494
-4305
-5206
-4649
-3111
-1280
461
1823
2468
2182
1234
-44
-1650
-3213
-4188
-4601
-4416
-3140
-883
1425
3194
4567
5714
6367
6419
6254
5983
5301
4496
4341
5033
5729
5705
5421
5547
5903
5856
5057
3690
1414
-3185
-9195
-13081
-14859
-17553
-20285
-19702
-16321
-13271
-10019
-3592
3900
7353
7983
10382
13199
12567
9736
8062
6862
3705
351
177
1579
1134
-431
-1441
-2712
-4893
-7399
-10017
-12812
-15177
-16273
-15935
-13986
-10109
-5312
-863
3682
8848
13328
15541
15788
15132
13110
9476
5927
3115
170
-2414
-3458
-3188
-2503
-1495
38
1135
930
443
223
-846
-2727
-4127
-4765
-5063
-4760
-3167
-495
2056
4041
5924
7620
8734
9229
9086
8431
7375
6105
5162
4614
4259
4370
4722
4737
4375
3771
2141
-2038
-7740
-11896
-14859
-18665
-21369
-20481
-17989
-16150
-12784
-5734
1574
5147
7328
11141
13714
12451
10301
9780
8544
4935
2120
2411
3157
2233
1283
1016
-294
-3049
-6148
-9247
-12445
-15267
-17294
-18374
-17592
-14409
-10101
-5528
-63
5979
10920
13903
15699
16775
15861
12690
9348
6746
4037
1285
-685
-1456
-1316
-925
-398
263
407
-220
-1307
-2549
-3549
-4499
-5758
-6501
-5998
-4520
-2282
271
2753
5387
7686
9088
10216
11094
10986
9921
8428
7213
6245
5100
4631
4637
3454
2051
1125
-1977
-6778
-9795
-11968
-15939
-19695
-19820
-17809
-17237
-15965
-10019
-3032
-55
2327
7958
12465
11907
10316
11455
11637
7978
4915
5298
5447
3487
2206
2518
2063
-135
-2769
-5348
-8257
-11178
-14132
-16989
-18166
-17278
-15665
-13296
-8919
-2886
2611
6696
10877
15093
16816
15932
14645
13176
10511
7092
4273
2402
859
-356
-863
-959
-925
-964
-1623
-2743
-3648
-4473
-5623
-6805
-6988
-5861
-4527
-3106
-509
2766
5423
7400
9154
10876
11851
11454
10807
10378
9221
8070
7452
6150
4768
3418
-372
-5696
-9232
-11801
-15674
-19489
-20475
-19340
-19165
-18468
-13325
-6729
-3864
-2129
2605
7336
8146
7739
9686
11219
9206
7161
8347
9717
8571
6976
6647
5870
3228
-9
-2703
-5518
-8781
-12021
-14769
-16156
-16150
-15901
-15173
-12651
-8486
-4310
-808
3199
7674
10561
11691
12850
14091
13906
12080
10130
8774
7181
5427
4233
3133
1805
500
-955
-2413
-3530
-4605
-6114
-7813
-8418
-7512
-6512
-5584
-3435
-428
2263
4630
7178
10066
12091
12103
11681
12247
12593
11839
10471
9265
8134
4572
-1503
-5550
-7535
-11939
-17704
-20032
-19377
-20160
-21663
-18641
-12309
-9324
-8811
-4597
1846
4429
4013
5904
9082
8663
6372
7247
9945
10244
8714
8324
9043
8510
5899
2891
599
-2070
-6162
-10577
-13005
-13622
-15040
-16829
-15863
-12457
-9656
-7589
-3863
1102
4350
5965
8373
10983
11840
11469
11141
10917
10266
9223
8302
7288
5853
4435
2775
530
-1320
-2667
-4616
-6952
-8314
-8266
-7860
-7708
-6593
-4099
-1940
-384
2041
5094
7431
8868
9972
11025
11894
12576
13028
12709
12028
11446
8629
2885
-1572
-4060
-9045
-15681
-18521
-18272
-20198
-22929
-20201
-13817
-11312
-11304
-6950
-500
1357
666
3355
7323
6912
4467
5762
9111
9818
8723
8885
10170
10191
7924
5334
4025
2339
-1677
-6548
-9009
-9462
-11645
-15024
-15099
-12366
-11315
-11469
-8613
-3592
-1011
-182
2883
6987
8780
9270
10630
12066
12086
11325
10989
10466
9034
7347
5304
2508
150
-1414
-3525
-6169
-7701
-7708
-7725
-8153
-7288
-5100
-3793
-3257
-1387
1407
3239
4261
5706
7469
8787
9959
11687
13337
13904
13981
13671
10936
5957
1882
-1667
-7450
-13505
-16216
-17383
-20311
-22340
-19373
-14601
-13130
-12313
-7731
-2608
-1558
-1783
972
3985
3238
1695
3743
7323
8390
7876
9100
11490
11730
9655
8025
7353
5349
950
-3649
-5916
-7335
-10670
-14007
-14062
-12466
-12392
-12460
-9627
-5319
-2980
-1777
1192
4999
7012
7741
9083
10723
11309
11006
10699
10517
10153
8951
6637
4416
3114
1475
-1387
-4025
-4999
-5505
-7052
-8056
-6913
-5420
-5066
-4325
-2022
446
1768
2903
4871
6724
7684
8554
9854
11260
12276
12716
12353
10360
7007
3789
394
-4242
-8717
-11531
-13999
-17184
-18779
-16933
-14403
-13873
-12937
-9303
-5737
-4813
-4174
-1405
976
348
-423
1886
5010
5850
5825
7531
10021
10485
9095
8457
8563
6776
2645
-968
-2417
-4112
-7825
-10700
-10586
-9923
-10568
-10553
-8161
-5381
-4424
-3741
-1318
1584
3057
3766
5251
7185
8347
8777
9270
10025
10345
9367
7497
6113
5119
2983
-57
-2019
-2792
-4012
-5470
-5564
-4547
-3999
-3893
-3027
-1499
-214
555
1314
2634
3997
4657
5139
6330
8027
9239
9600
10100
10411
8372
4935
2715
507
-3567
-7517
-9394
-11071
-13853
-15022
-13200
-11574
-11737
-10786
-7642
-5413
-5228
-4180
-1525
-455
-1405
-1076
1120
2545
2668
3501
5521
7056
7243
7196
7792
8166
7004
4457
2343
1156
-1132
-4725
-6847
-6967
-7697
-9404
-9426
-7268
-5803
-5835
-4746
-2171
-629
-279
979
3159
4652
5363
6226
7385
8336
8666
8317
7622
7000
6047
4041
1745
405
-513
-2101
-3646
-3740
-3005
-3072
-3330
-2155
-517
-107
-190
521
1622
2077
2058
2701
4024
5141
6308
7810
9262
10583
10332
7558
5011
3626
353
-4567
-7559
-8754
-11366
-14653
-14351
-11131
-9984
-10536
-8567
-5076
-4136
-5004
-3875
-1516
-1840
-3927
-3538
-978
575
1081
2506
5175
7229
7451
7426
8594
9291
7359
3872
2022
1528
-992
-4661
-5805
-5364
-6439
-8184
-7481
-5017
-4541
-5473
-4583
-2710
-1974
-1769
-826
806
2193
3020
4081
5672
7167
7811
7441
7039
7166
6661
4785
2892
2038
1144
-616
-1949
-1752
-1299
-1648
-1698
-849
125
556
485
590
1101
1581
1682
1540
2112
3629
4807
5442
6680
8722
9800
7761
4861
4333
2770
-2235
-6181
-6874
-8113
-11701
-13499
-10876
-8269
-8902
-8903
-5908
-3477
-4049
-5014
-3609
-2252
-3869
-5778
-4585
-1874
-529
-104
1846
5400
7321
6825
7195
9038
9097
6119
3084
2425
1563
-1783
-4420
-4155
-3935
-5548
-6644
-5198
-3365
-3743
-4396
-3509
-2642
-2682
-2820
-2054
-535
558
1183
2279
4158
5977
6583
6439
6792
7049
6092
4469
3357
2790
1817
482
-92
299
358
-388
-611
-103
91
-158
-349
-171
23
91
513
1053
1748
3125
4429
5146
6152
7796
8487
6309
3770
3450
1694
-2572
-4914
-4881
-6339
-9662
-10551
-7908
-6520
-7612
-7061
-4644
-3763
-4783
-5028
-3481
-2930
-4822
-6071
-4580
-2243
-1124
-419
1781
4836
5956
5522
6611
8431
7649
4560
2439
2188
948
-2086
-3585
-2933
-3188
-4592
-4653
-2782
-1511
-2284
-2706
-1872
-1759
-2491
-2734
-2115
-1288
-826
-90
1510
3371
4804
5631
6025
6203
6025
5353
4328
3355
2662
1867
760
-14
-1
7
-442
-509
-152
-103
-349
-568
-455
-183
33
497
991
1518
2633
3973
4912
5728
6948
7595
5842
3664
3457
2224
-1355
-3728
-4027
-5167
-7767
-8521
-6446
-5409
-6455
-6284
-4477
-3645
-4396
-4933
-4206
-3868
-5220
-6325
-5332
-3159
-1840
-1304
593
3637
5011
4515
4981
6476
6064
3476
1664
1656
901
-1297
-2191
-1361
-1181
-1914
-2032
-1185
-333
-643
-1596
-1919
-2090
-2718
-3392
-3436
-2634
-1676
-888
229
1997
3961
5100
5271
5527
5917
5416
4316
3461
2766
2015
1121
240
-62
230
203
-275
-327
71
210
-220
-507
-52
341
152
142
785
1679
2259
2784
3842
4917
5510
5768
4999
3603
2929
1638
-1007
-2713
-2906
-3867
-5747
-6114
-4686
-3825
-4341
-4254
-2969
-2554
-3565
-4343
-4213
-4314
-5437
-6388
-5657
-3933
-2672
-1780
-400
1805
3381
3108
2908
3925
4059
2379
953
1268
1591
385
-435
442
1118
514
-148
150
656
6
-1224
-1842
-2129
-2689
-3417
-3669
-2923
-1730
-1107
-546
1056
2932
3563
3327
3717
4316
3754
2774
2612
2583
2018
1281
640
653
992
627
92
268
686
224
-627
-275
457
62
-500
-181
424
587
509
1218
2506
3126
3269
3831
4903
4979
3417
2513
2307
668
-1372
-2012
-2159
-3163
-4301
-4068
-3043
-2947
-3219
-2669
-2222
-2755
-3687
-4155
-4252
-4706
-5470
-5626
-4779
-3649
-2722
-1641
159
1844
2110
2050
2800
3321
2780
1988
1924
2015
1336
776
1178
1494
1156
636
411
493
16
-885
-1478
-2118
-2904
-3419
-3454
-2949
-2102
-1269
-412
744
1989
2741
2997
3351
3565
3126
2686
2659
2363
1691
1313
1113
822
669
608
609
451
70
-246
-618
-912
-1110
-1454
-1557
-1294
-1012
-592
43
898
2041
3078
3983
4984
5845
5929
4777
3730
3437
2138
98
-693
-730
-1700
-2934
-2789
-1745
-1682
-2562
-2750
-2501
-3144
-4472
-5342
-5460
-5756
-6617
-6986
-5995
-4339
-3056
-2038
-374
1724
2575
2244
2566
3496
3471
2386
1794
2222
2243
1407
1129
1695
1869
1096
41
-337
-426
-1355
-2685
-3301
-3347
-3628
-4053
-3557
-2016
-802
-275
682
2134
3051
3311
3573
3885
3804
3461
3181
2808
2483
2384
1835
856
485
497
-165
-1217
-1612
-1686
-2442
-3253
-3098
-2559
-2425
-2161
-1398
-499
471
1491
2359
3196
4239
5115
5314
5398
6099
6249
4716
3325
3217
2453
657
-248
-145
-760
-2251
-3014
-2763
-2823
-3619
-4307
-4524
-4791
-5510
-6291
-6239
-5533
-5289
-5342
-4396
-2423
-682
379
1628
3267
3844
3143
2838
3180
3054
2143
1185
907
723
-13
-560
-435
-383
-1140
-2288
-2608
-2313
-2684
-3207
-2934
-2451
-2347
-2015
-791
738
1680
2268
3021
3658
3927
4058
4142
4013
3523
2776
2095
1520
870
180
-632
-1538
-2109
-2452
-2862
-2979
-2822
-2808
-2790
-2452
-1832
-1146
-455
330
1039
1656
2484
3306
3826
4386
5077
5509
5492
5398
5623
5444
3998
2553
2112
1064
-816
-1679
-1576
-2142
-3464
-4042
-3520
-3382
-3946
-4026
-3635
-3603
-4107
-4557
-4051
-3050
-2742
-2742
-1928
-385
777
1187
1835
2927
2908
1470
490
633
569
-351
-1180
-1110
-935
-1539
-1986
-1410
-690
-849
-1692
-1893
-1162
-933
-1182
-641
425
1004
1087
1553
2724
3527
3348
3021
2878
2548
1930
1358
1084
734
130
-494
-1174
-1637
-1511
-1639
-2349
-2549
-2229
-2284
-2481
-2095
-1257
-736
-556
12
914
1726
2397
2790
3102
3588
3837
3662
3539
3925
4369
3967
3367
3600
3887
2824
1180
784
644
-863
-2219
-1938
-1542
-2335
-3141
-2689
-1847
-1924
-2351
-2221
-1922
-2250
-3205
-3593
-2935
-2438
-2759
-2794
-1673
-456
-314
-457
180
585
-439
-1740
-1730
-1057
-1115
-1480
-1058
-144
202
66
491
1417
1827
1149
302
514
964
585
346
1049
1621
1231
880
1426
1831
1265
589
160
-398
-808
-884
-885
-909
-746
-625
-914
-1133
-636
-114
-555
-950
-410
-173
-626
-510
231
611
558
707
1188
1533
1793
2065
1979
2020
2318
2063
1760
2303
3164
3353
3083
3470
4029
3072
1693
1709
1639
453
-370
-210
-208
-942
-1461
-1192
-992
-1453
-2086
-2576
-2988
-3546
-4591
-5184
-4731
-4388
-4547
-4158
-2794
-1643
-1479
-1274
-399
-99
-756
-1063
-499
432
950
1114
1781
2567
2580
2212
2239
2513
2203
941
-180
-198
-224
-810
-824
-184
-22
-581
-919
-696
-706
-1153
-1404
-1522
-1586
-1087
-352
293
1055
1700
1886
1460
1071
1182
1006
264
-220
-289
-465
-691
-562
-67
165
104
189
99
35
359
496
378
636
1261
1794
2520
3688
4759
5356
5596
5044
3732
3064
2652
1300
235
327
109
-1056
-1770
-1374
-1085
-1971
-3203
-3803
-4396
-5559
-6769
-6913
-5948
-5389
-5422
-4534
-2475
-817
-331
61
1039
1440
530
-88
839
2144
2509
2416
2935
3691
3431
2407
2073
2162
1243
-585
-1854
-1742
-1558
-2060
-1796
-784
-519
-967
-1236
-1011
-779
-1125
-1423
-1104
-505
401
1493
2463
3149
3295
2786
1766
988
928
553
-519
-997
-924
-1321
-1508
-847
-199
-58
-213
-424
-486
-199
353
783
1016
1672
2677
3386
4340
5817
6909
6454
4561
3293
2824
1386
-42
9
69
-1158
-2615
-2849
-2239
-2516
-3785
-4846
-5531
-6355
-7456
-7600
-5859
-4138
-3965
-3669
-1944
-142
463
604
1466
2088
1146
145
904
2594
3521
3414
3277
3520
2963
1359
500
667
3
-1994
-3387
-2991
-2530
-2702
-1945
-828
-993
-1622
-1608
-1372
-1164
-805
-335
86
640
1811
3233
4088
4402
4283
3445
2285
1506
1141
901
560
203
-171
-628
-454
126
-104
-519
-377
-636
-1193
-1003
-141
689
1308
2207
3247
4146
5128
4973
3403
2651
2246
549
-481
436
1012
-156
-1506
-1712
-1970
-3298
-4553
-5039
-5377
-6013
-6723
-6248
-4095
-2365
-2196
-1881
-707
-58
-465
-473
801
1691
1047
793
2242
3944
4552
4309
4114
3571
1591
-512
-873
-524
-1173
-2266
-2505
-2389
-2841
-2938
-2277
-2335
-3234
-3882
-4225
-3897
-2500
-853
585
1866
2687
3153
3695
4165
4285
4057
3528
2775
2315
2693
3211
3256
3179
2661
1438
381
-101
-362
-503
-651
-942
-1239
-957
292
1737
2640
3328
3638
2157
-342
-992
-477
-1120
-1510
-96
814
-231
-1064
-721
-975
-2743
-4844
-6040
-6277
-6198
-6007
-4687
-2204
-868
-1548
-1755
-313
462
-363
-556
886
1815
1290
1797
4202
5853
5366
4076
3302
2540
625
-1186
-988
-239
-1060
-2656
-2931
-2414
-3497
-4902
-4512
-4327
-5442
-5691
-4402
-2839
-1439
43
1511
2410
2765
3219
3828
4476
4904
4887
4891
5068
5311
5670
5728
5314
4757
3634
2276
2037
2275
1942
1493
995
234
-219
115
735
1011
1176
362
-2665
-4961
-4443
-4307
-4877
-3456
-1427
-1811
-3790
-4250
-3147
-3358
-5046
-5660
-4618
-3564
-3508
-2688
373
2244
341
-1622
-809
371
55
241
2344
4039
3339
2296
3321
5066
4990
3041
1546
1303
132
-1808
-1367
660
328
-2166
-3658
-4019
-5291
-6409
-5473
-4599
-5053
-4737
-3466
-2355
-987
431
995
1052
1325
2264
3912
5480
6276
6263
5728
5099
4801
5107
5802
6138
5577
4385
3474
3562
3915
3348
2467
2049
1590
1020
916
1888
2943
794
-3857
-5746
-5161
-5887
-6083
-3286
-1184
-3507
-6974
-7197
-5819
-5887
-6619
-6099
-4381
-3369
-3586
-1932
2282
3838
710
-1675
-313
902
374
1871
5552
6376
3458
1745
3084
4154
3092
1642
1272
477
-1905
-3181
-1188
821
-540
-3180
-4238
-5012
-6813
-6770
-4250
-3276
-4075
-3732
-2471
-1293
148
1538
2240
2231
2129
3021
4898
6451
6723
5886
4653
3437
2990
3768
4932
5476
4727
2943
1766
1774
1680
1336
1431
1259
823
1316
2668
4011
4708
2579
-2690
-5853
-5376
-5080
-4359
-829
1694
-1203
-5831
-6887
-5631
-5613
-6486
-5799
-3696
-2808
-3606
-2375
1600
2479
-1748
-4424
-2028
485
898
3030
6812
6931
2525
-597
442
2220
2105
1335
1544
1562
-747
-3164
-1945
-145
-2287
-5711
-6275
-5501
-6093
-5285
-2208
-1738
-3787
-4164
-2828
-1064
1414
3886
5117
5092
4664
5068
6422
7264
6787
5712
4625
3840
4075
5031
5634
5088
2960
137
-1296
-444
846
991
943
979
298
-99
742
2480
3301
-607
-6261
-6535
-4155
-3415
-1241
2957
2997
-3219
-8467
-7620
-4570
-3736
-3551
-1632
186
-1187
-3448
-1193
2878
1362
-3482
-3449
749
2268
1747
3887
5936
2214
-3892
-4273
204
2929
2757
2350
1893
-1059
-6030
-7061
-3059
-1330
-3691
-4813
-3459
-3756
-5756
-4685
-2819
-4738
-6224
-3994
-662
2703
5551
6206
5107
3685
3036
4634
7806
9745
9608
8346
6501
4938
4547
5079
5425
4456
2492
1017
931
1556
1080
-451
-1378
-2044
-2401
-937
2034
4426
1431
-6140
-8917
-7210
-6955
-4770
1232
3800
-1537
-8163
-8541
-5250
-3802
-3410
-1281
1456
802
-2552
-1332
4066
3907
-1645
-2491
2404
4681
3483
4935
7372
3818
-3708
-5833
-1054
3062
3052
2196
1836
-1263
-7617
-10259
-5666
-2036
-4075
-5714
-4212
-4441
-7506
-7164
-3808
-4166
-5712
-3446
212
3063
5115
5212
3901
3009
2946
4718
8670
11616
11103
8714
6159
3963
3102
3941
5499
5965
4635
2825
1679
1233
564
-633
-914
-445
-134
957
2658
4096
1914
-5874
-10149
-7206
-5243
-3705
1538
4449
-1310
-10277
-12456
-8335
-4931
-3363
-1071
1567
1059
-3597
-5206
271
3113
-1247
-2318
3952
7708
5155
4047
6047
4007
-2575
-4692
1145
6804
6218
2876
878
-1822
-7777
-11228
-5906
528
-1003
-4839
-4756
-5151
-9481
-11119
-6332
-3795
-5222
-3138
869
2259
2333
1988
1208
1649
3678
6621
10348
12647
10876
6950
4112
2843
3174
5139
7493
8156
5996
2640
239
-743
-676
-478
214
1510
1690
1816
2423
2314
1495
-3681
-9879
-7646
-2400
-1035
1031
3943
618
-9019
-14119
-9361
-2783
-574
-211
665
318
-3883
-8075
-4301
2945
2453
-1602
1580
7288
5135
-15
1049
3552
241
-3331
760
7492
7363
1753
-2000
-2700
-4968
-8548
-5727
2081
2390
-4624
-7741
-6745
-8558
-10430
-5947
-993
-1734
-2689
-1443
-775
-139
669
1084
2897
6024
7851
8778
9597
8448
5759
4058
4342
5994
7485
8082
7375
4603
1246
-458
-460
687
1728
1833
1980
1188
-295
-381
597
1071
-3431
-9034
-6116
-1843
-3009
-1636
2453
-520
-9785
-12999
-6217
110
59
-746
481
-142
-4742
-7459
-917
7015
4140
-1456
2179
7013
2875
-1601
2467
6033
1227
-3129
1181
6519
3838
-2217
-3554
-2117
-4604
-8562
-5053
2133
50
-7826
-8800
-5762
-7473
-9201
-4043
396
-2163
-4269
-2299
-503
450
1772
3185
5017
6978
7507
7421
8101
7633
5665
4881
5985
6923
6435
5781
5296
3204
630
325
1033
1217
883
118
139
-23
-679
-59
1467
1848
-3608
-9930
-6615
-1613
-2874
-1736
2950
-143
-10410
-13580
-5776
812
-257
-1545
515
383
-4667
-7159
347
8200
4115
-1908
3108
8862
3636
-1537
3581
7708
1951
-2707
2564
7695
3086
-3979
-4024
-1097
-3690
-8296
-4932
1811
-1927
-10720
-10114
-5420
-7218
-9457
-4485
-240
-2948
-5189
-2853
69
1371
2041
3579
6110
7784
7490
7096
7959
7987
6482
5973
7178
7598
5964
4737
4600
2922
644
601
1353
816
-183
-229
597
193
-821
-36
1782
427
-6796
-9964
-4110
-1674
-4004
-802
3116
-3425
-13201
-11970
-2541
1403
-1526
-1764
1039
-945
-7314
-6499
4102
8500
928
-1767
5851
7672
39
-1285
6374
8137
1103
-904
5521
7114
-108
-5087
-1821
1144
-3680
-7672
-2503
1170
-6139
-11812
-7068
-3644
-7540
-8557
-3585
-2463
-5910
-5820
-2108
888
2015
2343
3776
6103
6786
6180
7156
8793
8406
6958
6910
7784
7139
5303
5128
5546
3519
1367
1327
1529
750
-149
-95
250
-430
-919
-498
762
133
-6966
-10818
-5017
-2269
-4825
-1996
2294
-3556
-12932
-11424
-2091
1172
-2165
-2438
705
-576
-6642
-5973
4576
8856
763
-1958
6243
7702
-755
-1537
7018
8382
575
-1475
4903
5729
-1568
-4989
-586
1997
-3544
-8078
-3052
477
-7085
-11179
-4530
-1973
-7120
-8029
-3469
-2833
-5476
-4145
156
2519
2108
1468
3135
5945
6840
6859
8284
9165
7562
5740
6149
7430
6920
5431
5705
5749
3107
1093
1573
1547
270
-49
865
1538
554
-869
-56
454
-5420
-11222
-6725
-1470
-4079
-4173
959
-2130
-12284
-13174
-3856
1643
-962
-2986
-798
-687
-5716
-6774
2570
9658
3169
-2960
3524
7994
853
-2239
5894
9489
2348
-1735
3411
5834
-341
-4830
-1216
2604
-1780
-7875
-5296
-548
-5687
-11641
-6014
-790
-6139
-10011
-5647
-3414
-5929
-5047
-191
2902
2161
409
1452
5285
7698
7642
8517
10082
8677
5408
5042
7495
8321
6461
5635
6235
4347
1189
835
1999
1500
676
1394
1873
916
-560
-668
66
-4059
-9928
-6920
-1461
-3798
-5880
-1467
-2057
-11395
-13466
-3467
2523
-2110
-5398
-2087
-560
-4760
-5655
3155
9880
3291
-3944
2294
9179
3034
-2340
5325
10855
3022
-3062
2827
6888
-55
-5384
-572
3909
-1498
-8819
-6680
-1356
-5550
-11484
-6115
-541
-6079
-11449
-7423
-3487
-5290
-5087
-643
2585
2029
5
863
5228
8113
7829
8178
9947
9489
6096
4577
7164
9029
7243
5959
6775
5503
1646
103
1870
2793
1729
1164
1637
1609
-253
-1658
405
-1672
-9572
-9035
-2045
-3586
-6953
-2358
-2100
-11047
-14016
-5599
611
-2063
-4599
-2565
-1330
-3871
-4894
1569
8661
4704
-2285
2273
9060
4404
-680
5370
10424
4040
-1677
2777
6012
452
-3839
-522
2357
-1685
-7807
-7564
-2866
-4883
-10546
-7315
-2104
-6340
-11091
-7757
-3879
-4633
-4617
-1017
1885
1714
555
983
4402
7886
8496
8461
9547
9495
6806
4751
6431
8983
8009
5805
5842
5013
1739
332
1721
2316
1600
1299
1955
2299
644
-530
121
-4717
-11273
-6700
185
-2922
-6059
-1870
-4050
-14698
-14650
-1812
3959
-3099
-7333
-2796
-1072
-6631
-6045
6311
11781
433
-5981
4918
10920
1382
-1705
9592
12768
929
-3863
5519
8444
-1430
-5320
2837
5868
-4105
-11473
-5440
204
-6937
-11688
-3522
-625
-10575
-14702
-6909
-2714
-5600
-5047
-357
1193
-1110
-1962
1640
6891
8713
7493
7826
9484
8636
5924
5835
8939
9931
7474
5970
6285
4789
1605
765
2354
2997
1898
1394
1526
1318
373
509
-210
-6899
-10088
-3822
-1943
-6361
-3147
791
-8724
-17555
-9508
1786
-163
-6057
-3501
-284
-5593
-9716
-1036
10526
6942
-4307
-1126
9513
5842
-2986
3754
13848
7226
-3305
1359
9578
3713
-4932
-537
6900
1793
-8365
-7930
-1111
-3219
-11137
-7859
246
-5015
-14336
-10945
-4116
-5504
-7273
-3069
1055
-295
-2928
-1166
3787
7011
7007
7194
8876
9315
7289
5810
7534
9947
8749
6204
6621
6835
4095
1769
2220
3002
2539
1700
1162
1431
1601
451
555
-810
-8082
-9554
-3298
-3731
-5990
-636
-881
-12280
-16684
-7145
364
-2206
-4180
-1577
-2232
-7630
-8363
1491
10271
4592
-3474
2310
8651
2138
-1835
7404
12807
4288
-1782
4136
7511
147
-3746
2727
6381
-701
-8161
-6186
-1891
-5441
-9635
-3849
176
-8113
-14143
-8843
-4665
-6238
-5248
-1065
417
-1805
-2954
-217
4147
6677
6890
7399
8427
7839
6347
6119
7975
9671
8282
6311
6592
5703
2849
2048
3112
3575
2989
1679
484
504
1757
1555
1375
1130
-6265
-11537
-6027
-2468
-3885
-1643
-1022
-9328
-16339
-11460
-1681
820
-2308
-3558
-3395
-5543
-7963
-2598
7947
8000
-1370
-1205
6650
4989
-1059
3589
11488
7774
-185
1392
6334
2921
-2361
687
5676
2444
-5633
-7946
-3603
-2957
-7549
-5795
-754
-5135
-13066
-12152
-6151
-4666
-5174
-2429
-147
-2059
-4047
-2148
2424
6649
7787
6913
6852
7270
6316
5709
8115
10726
9459
6476
5982
6061
4101
2831
3858
4257
3140
1949
1244
1732
2301
1418
1002
-18
-6236
-9527
-4225
-1675
-4456
-3776
-2782
-9813
-15658
-9092
303
-362
-5298
-5117
-3790
-6217
-7052
-138
7537
4479
-3362
-1129
6208
4678
118
4770
10780
5934
-686
2687
7415
3191
-1351
2601
6291
1211
-5733
-5616
-2034
-3048
-6250
-3932
-1435
-7348
-13503
-10566
-5596
-5546
-5391
-3186
-2911
-4440
-4398
-1375
3015
5976
5939
5171
5801
6472
6586
7360
9359
10384
8350
6077
6486
6868
5185
4128
4817
5155
3544
1301
769
1796
2461
1916
1691
2401
-2869
-11806
-9254
-1076
-1735
-4564
-2796
-5419
-14053
-15552
-5449
2531
-576
-6215
-6628
-4415
-5227
-5537
2522
9841
2918
-5427
985
8313
3270
-116
7561
11038
3295
-1037
3903
6214
1554
-245
3882
5467
-699
-7668
-6477
-1453
-2696
-5805
-2922
-2670
-10420
-14416
-9150
-4267
-3772
-3514
-3023
-3678
-4514
-3426
425
5421
7537
5831
4577
5746
6509
6464
8041
10097
9534
7040
5923
6388
5649
4057
4252
5406
4788
2272
749
1358
2127
1910
2136
3861
337
-10293
-11696
-2404
-956
-5322
-2795
-2135
-12350
-18513
-8664
2694
425
-6528
-6595
-3877
-5613
-7723
180
10419
4892
-6527
-1459
9121
4786
-1862
5730
12629
4651
-2449
3281
8191
2610
-1845
3082
7146
1315
-7299
-6889
-766
-1830
-6623
-3416
-243
-8224
-15476
-10445
-3960
-4300
-4884
-3329
-3569
-5283
-4800
-929
4327
6927
5235
3684
5112
6537
6650
7805
10042
10208
7264
5181
6653
7497
5216
4112
5357
5393
3109
696
572
2246
2476
1469
2499
3657
-2960
-13242
-9854
262
-1214
-5712
-2631
-3733
-14315
-17254
-4952
4846
-239
-8329
-7142
-2663
-5049
-7290
2757
11712
1999
-8347
890
10255
2889
-1890
7820
12097
2293
-2872
3923
7775
1911
-1181
4463
7379
-693
-9453
-6269
966
-1250
-6003
-2281
-1448
-11337
-16084
-8489
-1758
-2728
-5089
-5090
-4892
-5636
-4606
611
6461
6806
2961
2275
5629
7269
6693
8342
10701
9340
5695
5029
7873
7776
4611
4401
5966
4696
1685
649
1804
2511
1515
1561
2875
1891
-5723
-12536
-6457
511
-3164
-5550
-2179
-5963
-15449
-14050
-1448
4250
-2990
-8949
-5667
-2160
-5653
-5405
6089
10458
-2158
-7541
4744
9828
670
-235
9886
9840
-378
-1842
6059
7187
153
-556
5947
5966
-3969
-9523
-3298
1759
-3002
-5690
-1132
-3950
-13801
-13838
-4765
-782
-3765
-6011
-5508
-4914
-5210
-2913
3343
7053
4091
1024
3509
6957
6840
6768
9410
10072
6899
4412
6280
8639
6307
4148
5815
5796
2701
1118
1691
2439
1969
1559
2275
2108
200
-6526
-11438
-4972
161
-4291
-5477
-2258
-6971
-15426
-12519
-247
3443
-4521
-8799
-4449
-2161
-6375
-4649
7442
9476
-3995
-6423
6397
8513
-604
1138
10807
8391
-1612
-1055
6750
6308
-201
363
6231
4485
-5376
-8708
-1656
1735
-3813
-5404
-1297
-5381
-14019
-11629
-2741
-1155
-4763
-5945
-5147
-4857
-4551
-1235
4026
5621
3090
1578
3962
6882
6955
7003
8922
9203
6403
4517
6508
8297
6088
4453
5513
4560
2346
2014
2102
1797
1484
1372
1510
1023
644
-3440
-10508
-8092
-712
-2287
-6187
-3387
-3605
-11923
-14241
-3605
4108
-2063
-8908
-5326
-376
-4144
-6759
3297
10449
-125
-7750
3297
10362
1407
-1980
8066
10848
841
-2816
4864
7681
962
-1236
4725
6051
-2846
-8882
-3187
2211
-2393
-6421
-2734
-3604
-11564
-12288
-4702
-1426
-4385
-6445
-5464
-4086
-4169
-2570
2014
4870
3775
2316
4022
6495
6544
6627
8761
9420
7249
5715
6815
7691
6102
5334
6029
4903
2616
1830
1854
1804
1616
1340
1319
1381
-356
-7782
-10777
-3363
-1083
-5990
-4517
-1444
-8666
-15641
-9058
1633
984
-6276
-7093
-2540
-2371
-6532
-2238
8900
6422
-6196
-2866
9736
6427
-2374
3716
11808
5314
-2262
2328
8029
3724
-1249
2309
6366
1755
-6567
-6351
113
100
-5430
-4540
-1979
-8377
-13505
-8334
-2295
-3060
-6062
-6517
-5281
-4655
-3779
-139
3915
4057
2060
2758
5545
7028
7127
7836
9179
8733
6644
6074
7663
7930
6091
5500
5707
4032
2141
1684
1483
1482
1235
837
547
338
-1505
-8443
-10730
-3631
-1456
-6066
-5004
-2430
-8993
-15230
-8497
2189
949
-6847
-6939
-1664
-2288
-6550
-843
9705
4998
-6724
-1149
10144
5171
-2140
5018
11325
3788
-2250
3265
7856
2957
-1149
2926
6010
336
-6766
-5075
473
-712
-5578
-3991
-2459
-9191
-12757
-7125
-2239
-3342
-5928
-6232
-4818
-4154
-3381
288
4231
4223
2236
3047
5990
7189
6647
7518
9529
8931
6253
5605
7435
7669
5663
5233
5717
4046
1613
754
1173
1788
910
390
1056
429
-1966
-8016
-10395
-3964
-837
-4695
-4801
-2591
-8045
-14725
-9203
2320
2443
-5983
-7436
-2292
-2255
-6583
-1411
9458
5571
-6350
-2213
8764
5358
-1584
4194
10506
4285
-1916
2463
7414
3518
-1125
2127
5951
1275
-5910
-4596
461
-920
-5521
-4244
-2039
-7560
-11827
-7218
-2275
-3643
-6874
-6335
-3802
-3973
-4146
-150
3667
2972
1324
3200
6401
6677
5645
7450
9693
8229
5822
6235
8022
7419
5409
5818
5984
3230
1374
2037
2042
708
80
759
818
-395
-197
-4503
-11285
-7179
-242
-2692
-5095
-1828
-4727
-13952
-12809
71
4923
-3074
-7561
-3426
-1848
-6342
-4069
7755
9038
-3697
-5453
5923
7135
-804
1231
9779
7269
-1487
-299
6404
4623
-1394
617
6059
3442
-4825
-6168
-1150
-648
-4539
-4107
-1123
-5591
-11739
-8914
-3016
-2616
-5272
-5742
-4091
-4151
-4823
-1211
3506
3648
1625
2424
5336
6242
5480
6960
9187
8105
5785
5702
7320
7554
5723
5498
5877
3406
1409
2132
2125
508
-5
776
631
-841
-164
-1428
-9347
-10328
-1615
-100
-4973
-3361
-1870
-10022
-15106
-4937
5594
1039
-6934
-5517
-1935
-4796
-6023
3680
10852
1189
-7847
165
7773
2117
-1025
7044
9733
275
-3474
3857
6382
443
-598
5130
5401
-2407
-6824
-3120
-168
-2154
-3038
-1076
-3562
-9797
-10097
-4633
-1599
-2454
-4442
-5629
-5098
-4261
-1853
2122
3791
2594
1517
2761
5249
6400
6707
7457
7356
6250
5568
6115
6854
6235
5520
5082
3424
2059
2633
2605
922
-261
-14
247
-533
-922
831
-554
-9190
-10420
-779
1048
-4749
-3037
-214
-8540
-14442
-4469
5952
1407
-6425
-5559
-2327
-3738
-4467
2833
9155
1632
-7755
-1670
7422
3594
-1015
5421
8523
67
-3635
3028
6014
1030
-265
4271
4240
-2486
-6680
-3804
-158
-421
-2102
-2080
-4161
-9264
-9676
-4265
-274
-1273
-4743
-6680
-5704
-3735
-928
2389
3898
2408
335
1757
5228
6798
6714
7036
6792
5581
5019
5950
6758
5894
5140
4767
3346
1800
1907
2030
662
-316
-156
-234
-809
-887
543
98
-6676
-9186
-1681
1106
-3472
-2580
386
-6281
-12676
-5164
4797
1961
-5406
-5362
-2002
-2708
-4394
1376
8080
1930
-7154
-1759
7196
3627
-1409
3815
7169
380
-3294
2518
5651
889
-1270
2686
3539
-1866
-5786
-3226
180
-489
-2414
-2324
-3771
-7781
-8024
-3713
-68
-725
-4929
-7247
-5178
-2527
-456
2462
3656
1313
-943
1153
5551
7320
7009
6425
4831
3799
4869
6185
6376
5559
4613
3598
2052
1416
1887
1909
965
-105
-864
-1307
-1536
-1134
194
1785
607
-6469
-8789
-1551
863
-2704
-403
2059
-5996
-12745
-4976
5113
2423
-4203
-3518
-1382
-3814
-5209
1263
8312
2769
-6920
-2567
6457
2677
-2958
3225
7656
-297
-4785
2133
5223
-794
-2550
2772
3736
-1714
-4837
-2388
-520
-1831
-2047
-313
-1885
-6617
-6819
-3036
-1235
-1094
-2072
-3909
-3814
-2042
-256
1993
3106
1945
1082
2399
4580
5645
5656
4723
3578
3999
4892
4568
4497
4217
2462
1545
1964
1955
1072
614
478
-545
-1567
-1434
-281
400
733
1347
1040
-4162
-8012
-2209
2649
338
-316
1005
-4105
-10093
-5592
3943
4407
-2340
-4861
-2977
-2597
-3801
-212
6286
3284
-6287
-4483
4622
3135
-2697
949
5739
311
-4297
430
3660
-201
-2007
2393
4446
273
-4468
-4071
-1023
67
-153
347
-274
-5056
-8472
-4516
1182
1449
-1307
-3061
-4123
-4037
-1503
2267
4162
2654
82
413
3077
4528
4673
4948
4312
2992
3181
4111
4089
2759
1587
2219
2923
1673
286
10
-535
-1007
-211
576
-22
-523
50
460
1503
2149
-3020
-6280
-163
3092
-316
153
2172
-3402
-9250
-3758
5159
3441
-3466
-4655
-2309
-2746
-4651
-348
6373
1791
-7848
-4417
4199
1088
-4178
1337
5810
-1207
-5688
344
3825
-431
-1248
3641
4149
-1336
-4808
-2107
1122
804
134
1020
-609
-5430
-6090
-1023
2081
358
-1644
-2755
-3839
-3611
-702
2750
2743
657
-240
568
1958
3005
3793
4177
3119
1938
2176
2523
2412
1889
1854
2463
1894
165
-562
-495
-78
1211
1629
441
-990
-981
478
2054
3586
4415
-516
-6476
-1871
4126
2064
1112
3397
-807
-8435
-6025
3544
4699
-2318
-5252
-3434
-3156
-4985
-2720
3827
2271
-7549
-7437
1736
1696
-3920
-976
4046
-429
-5069
-591
3354
460
-948
2823
4296
766
-2572
-1764
641
1791
2193
2269
791
-3141
-5009
-1681
1983
2179
263
-2399
-3992
-3462
-1346
1675
2661
1057
-865
-1590
-149
2132
3213
3250
2260
781
297
560
1679
2528
1978
1288
576
-300
-435
169
1045
1984
1789
534
-578
-957
443
3076
4602
4575
3503
-1289
-5196
-371
5438
3947
2078
2525
-2498
-9053
-5212
3919
3898
-2810
-5312
-4266
-5127
-6185
-1880
3502
-301
-8177
-6337
690
-11
-3344
376
3512
-1386
-4329
286
3207
748
488
4012
4462
630
-2003
-605
1799
2798
3053
2782
563
-3123
-4163
-1019
2132
2221
-100
-2997
-3850
-2993
-1860
140
1672
545
-1866
-2216
-11
1435
1199
1659
1996
990
-343
9
2019
2269
850
887
1043
-50
90
1441
1929
1313
1088
1270
691
490
2029
3611
3651
3451
4285
3844
-1469
-3387
3369
5537
789
1028
2639
-3843
-9002
-2860
4446
1097
-5544
-5897
-4628
-6277
-6605
-1826
1945
-3162
-9643
-5359
1480
-788
-3780
629
2958
-2219
-3279
2949
4853
883
1136
5059
4658
1173
375
2350
2927
2299
2402
2156
69
-2587
-2380
93
826
-568
-2149
-3436
-3721
-3101
-1922
-621
-797
-2296
-2575
-1102
-202
-387
346
1489
723
-198
761
1586
1105
847
1650
2255
1279
403
1664
2691
1743
1275
2354
2836
1644
1240
2954
3807
2874
3041
4503
4707
769
-2541
1405
4435
1112
430
2865
-1318
-8007
-5492
1665
763
-4824
-5563
-4771
-6580
-7299
-3847
316
-1563
-7513
-6675
-325
-111
-3506
-728
3364
230
-2497
2027
5142
2186
1320
4771
5518
2853
1195
1677
2146
2278
2737
2486
684
-1895
-2853
-1683
-207
25
-1229
-3513
-4698
-3486
-2074
-1266
-1055
-1846
-2760
-2359
-862
247
655
541
-397
-550
1127
1984
1403
1225
1562
1369
1015
1384
1998
2186
1847
1711
1997
2324
2365
2050
2251
2895
2675
2200
3008
3914
3853
2959
297
-1528
770
2563
807
439
1060
-3146
-7560
-4189
918
-1076
-5190
-5167
-4643
-6326
-6502
-2806
-4
-3075
-6857
-4121
89
-1150
-2283
1676
3447
-211
-743
3174
3867
1830
3176
5699
4306
1605
1164
1864
2057
2287
2615
1643
-818
-2742
-2337
-846
-466
-1031
-1931
-3341
-4066
-2954
-1443
-1103
-1665
-2134
-2271
-1895
-757
232
513
373
75
148
839
1531
1790
1819
1935
1679
935
1089
2004
2196
2331
2937
2340
933
1181
2573
2960
2549
2429
2208
1700
1973
3252
4436
3003
-1519
-2281
1974
2295
-404
810
779
-5261
-8026
-2048
1950
-2602
-6500
-4992
-4592
-6499
-5069
-544
-7
-5242
-7288
-2117
1018
-1435
-1354
2570
2165
-1474
23
3948
3186
1342
3409
5090
3125
887
771
1320
1863
2730
2358
445
-1541
-2703
-2213
-597
128
-652
-2681
-4472
-3809
-1756
-1070
-1564
-1522
-1883
-2867
-1914
567
1313
438
132
477
804
1132
1644
2203
2246
1792
1688
1733
1343
1161
1507
1941
2157
1983
1329
599
1169
2650
2722
1637
1361
1507
1479
2413
4184
4297
449
-3447
-1038
2713
1665
956
2123
-1402
-7191
-5583
1056
1613
-3188
-4628
-3973
-5375
-5933
-2741
740
-1150
-6212
-5742
-664
-209
-2645
-483
2612
-5
-2510
1178
3787
1227
738
4094
4672
1992
710
1180
1128
1458
2919
2678
480
-1568
-2429
-1664
-126
543
-558
-3011
-3940
-2532
-1447
-655
-369
-1522
-2420
-1928
-433
910
945
116
-681
-353
1219
2034
1898
1546
748
214
597
1696
2477
1887
614
194
547
973
1488
1790
1926
1583
729
594
1231
1562
1701
2544
3442
2831
1848
910
-940
-115
3099
2840
614
359
-1184
-4599
-3986
502
1285
-2809
-5217
-4760
-4832
-4911
-2999
-824
-2133
-5887
-5848
-1663
-238
-1725
-589
1421
-160
-1571
1115
3209
1943
1823
3724
3742
2199
1557
1739
1991
2471
2838
1966
295
-979
-1328
-654
199
36
-1190
-2816
-3602
-2641
-1408
-1220
-1495
-1800
-2398
-2577
-1322
203
487
124
28
33
88
581
1547
2107
1751
1189
796
552
750
1366
1627
1324
804
145
-5
775
1578
1489
1171
1233
1213
1091
1374
2091
2536
2571
2730
3016
2740
881
-675
1173
3280
1944
615
669
-1640
-4534
-2768
1032
85
-3837
-5005
-4581
-4909
-4419
-2546
-1601
-3642
-6428
-5213
-1493
-885
-2171
-929
595
-865
-1306
1794
3360
1932
2172
3893
3649
2327
2086
2559
2666
2828
2966
1923
209
-882
-926
-268
109
-161
-1218
-3242
-3703
-2060
-1272
-1302
-1095
-1547
-2548
-2117
-409
322
193
208
-264
-439
558
1251
1212
1231
1052
408
151
504
745
625
519
384
-20
-166
-68
165
811
1211
853
681
1010
1299
1509
2007
2476
2422
2681
3132
3051
2967
2288
551
761
2753
2314
560
466
-289
-3142
-3631
-749
-170
-3095
-4623
-3949
-4189
-5013
-4058
-2087
-2437
-4701
-4480
-1610
-898
-2158
-1086
964
289
-861
949
2567
1589
1410
2940
3121
1886
1522
1887
1813
1719
2106
1847
701
-158
-338
-108
20
-21
-263
-1146
-2005
-1861
-1220
-895
-928
-1103
-1268
-1322
-1267
-798
-73
-8
-575
-697
-260
-2
-5
58
93
-202
-617
-536
84
282
-136
-352
-124
86
35
328
1040
1254
1004
1342
1961
2044
2139
2664
2964
2493
2420
3301
3729
3513
3581
3361
1331
-394
1363
3110
1697
493
297
-2028
-4514
-2936
27
-725
-3563
-4747
-4899
-5215
-4777
-3082
-1783
-3097
-5430
-4474
-1763
-1672
-2229
-337
865
-690
-703
1770
2331
1403
2693
4126
3119
2125
2307
2372
2500
3365
3521
1840
214
-105
108
581
924
321
-1179
-2549
-2464
-1153
-519
-1325
-2196
-2468
-2576
-2064
-918
-565
-1311
-1849
-1740
-1269
-598
-253
-579
-831
-538
-286
-382
-233
193
167
-138
162
593
294
47
600
1454
1549
1103
1273
1856
1982
2220
3226
3593
2748
2172
2676
3337
3686
4054
3777
2792
1909
662
4
1688
2330
190
-947
-949
-2860
-4495
-2624
-735
-2464
-4804
-4860
-4502
-4666
-4147
-2750
-1932
-3250
-4828
-3353
-801
-804
-1180
343
929
-419
-130
2131
2751
2273
2918
3100
2256
2204
2627
2475
2566
3090
2359
797
676
1084
474
154
482
-3
-1283
-2074
-1699
-1154
-1450
-1988
-2123
-2159
-2519
-2504
-1709
-1252
-1704
-2011
-1682
-1304
-1035
-757
-503
-377
-409
-221
153
382
781
965
597
660
1096
1162
1205
1649
1927
1470
1043
1395
1780
1958
2434
2402
1770
1530
1803
2137
2392
2468
2131
1764
1736
1993
2165
1989
731
-621
219
1020
0
-380
-278
-2133
-3869
-2623
-938
-1916
-3545
-3645
-3817
-4247
-3638
-2423
-1964
-2993
-4015
-2831
-1127
-1139
-927
392
583
-414
275
2168
2357
1973
3031
3548
2443
2050
2697
2811
2358
2478
2704
1566
98
-173
94
-88
-585
-874
-1333
-2538
-3231
-2525
-1984
-2217
-2568
-2912
-2831
-2565
-2288
-1512
-984
-1342
-1708
-1151
-98
294
411
686
563
312
482
1107
1591
1414
967
929
1053
986
1050
1272
1252
864
667
904
1023
1087
1334
1524
1561
1442
1478
1769
2070
2348
2339
1903
1565
1843
2240
2389
2369
1894
201
-1164
49
1060
89
-389
-594
-2685
-4366
-2832
-934
-1879
-3376
-3321
-3587
-4210
-3502
-1907
-1287
-2309
-3106
-1889
-565
-809
-532
966
1365
327
678
2251
2306
1752
2708
3484
2429
1491
1658
1873
1710
1872
1873
666
-685
-1064
-756
-446
-555
-1197
-2144
-2990
-3040
-2322
-1875
-1957
-2321
-2621
-2492
-2117
-1649
-999
-676
-773
-541
-23
196
386
1071
1566
1523
1455
1355
1242
1552
2111
2257
1876
1213
610
398
737
1186
1058
346
-380
-748
-662
-264
8
48
-16
-238
-391
45
668
918
1167
1560
1543
1275
1736
2533
2619
2402
2494
1610
338
1247
2464
1582
547
403
-795
-2401
-1748
-236
-1073
-2864
-3184
-3284
-3657
-3380
-2722
-2418
-2919
-3687
-3220
-1932
-1707
-1867
-879
10
-524
-510
750
1235
1065
1812
2548
1859
1244
1625
1922
1758
2008
2084
909
-110
-26
179
-56
-220
-401
-1158
-2048
-1931
-1190
-1090
-1380
-1383
-1419
-1773
-1478
-450
-17
-93
-17
-146
-160
466
1156
1551
1557
1088
494
482
904
1191
1318
999
109
-590
-472
-142
-40
-46
-409
-1081
-1442
-1146
-561
-208
-31
54
15
115
477
1112
1803
2240
2458
2636
2846
2882
2864
3255
3805
3928
3675
3177
2660
2005
755
663
1753
969
-895
-1349
-1912
-3676
-4034
-2614
-2570
-4346
-5333
-5316
-5345
-4947
-4166
-3524
-3351
-4042
-4251
-2548
-1017
-996
-626
540
724
355
1490
2943
3018
3037
3734
3667
3092
3015
3060
2982
3069
3070
2092
936
445
100
-150
-56
-231
-1252
-2448
-2847
-2553
-2348
-2151
-2025
-2422
-2844
-2604
-1897
-1345
-1133
-788
-540
-707
-242
683
944
916
1156
1294
1164
1175
1424
1561
1315
952
811
701
449
288
355
334
-85
-425
-383
-320
-321
-212
-9
44
-2
233
732
1071
1200
1431
1641
1742
2091
2532
2554
2337
2234
2233
2436
2592
2258
1767
1112
-203
-645
400
323
-1058
-1546
-1967
-3410
-3772
-2453
-1976
-3154
-3984
-3888
-3765
-3380
-2649
-2004
-1844
-2320
-2395
-1152
-113
-59
376
1055
941
744
1491
2033
1903
2384
2910
2241
1600
1682
1356
1068
1618
1964
953
-333
-563
-576
-771
-421
-139
-858
-1873
-2121
-1601
-1189
-1020
-776
-977
-1381
-1135
-591
-188
316
555
396
264
423
704
890
1245
1481
1254
834
457
390
679
756
567
270
-334
-928
-1033
-674
-418
-730
-1167
-1303
-1449
-1355
-824
-495
-543
-551
-292
141
577
1063
1363
1377
1747
2228
2396
2709
3024
2952
2651
2524
2594
2581
2579
2562
2039
1390
542
-740
-611
334
-312
-1356
-1606
-2649
-4113
-3750
-2182
-2121
-3384
-3851
-3983
-4202
-3497
-2300
-1583
-1689
-2428
-2425
-1248
-337
148
870
1269
840
545
1214
1932
2271
2743
2792
2111
1582
1421
1446
1733
2103
1922
779
-206
-251
-181
-93
245
105
-862
-1806
-1783
-1130
-825
-746
-705
-1202
-1721
-1445
-758
-287
-48
-44
-396
-679
-363
183
498
643
590
250
-126
-84
349
649
514
140
-220
-500
-622
-412
-16
37
-433
-796
-785
-691
-416
31
247
98
-44
74
460
942
1398
1665
1619
1588
1807
2181
2549
2860
2948
2729
2419
2192
2149
2418
2668
2314
1626
1124
93
-1062
-468
351
-576
-1525
-1882
-3235
-4387
-3409
-2188
-2649
-3451
-3837
-4467
-4407
-3217
-2175
-1813
-1885
-2302
-2188
-1173
-225
448
1042
1237
1079
1279
1808
2186
2660
3136
2909
2440
2374
2033
1650
1966
2401
1950
856
192
-80
-466
-490
-55
-292
-1431
-2297
-2218
-1923
-1905
-1609
-1449
-2110
-2561
-2104
-1514
-1173
-814
-606
-837
-967
-427
144
428
836
987
590
398
746
1100
1289
1368
1226
786
444
513
752
925
741
275
-103
-239
-178
-1
106
16
-237
-510
-490
-144
144
208
307
424
399
429
700
1098
1397
1437
1459
1585
1559
1509
1595
1682
1543
1396
1417
1317
1035
796
128
-606
-238
1
-634
-872
-1047
-2129
-2773
-2052
-1463
-1961
-2423
-2458
-2805
-2684
-1839
-1392
-1423
-1435
-1551
-1288
-426
195
420
606
835
872
1014
1378
1606
1794
2010
1989
1702
1410
1057
820
928
1214
1026
178
-456
-772
-1060
-927
-540
-775
-1523
-1911
-1810
-1715
-1469
-949
-997
-1374
-1225
-786
-473
-163
224
438
368
378
777
1053
1066
1231
1392
1160
831
823
824
671
598
500
30
-455
-598
-663
-783
-894
-1037
-1368
-1669
-1548
-1235
-1149
-1131
-1058
-971
-772
-416
31
429
599
725
1146
1604
1912
2154
2361
2506
2596
2757
2987
3077
2926
2719
2389
1967
1728
1744
1695
1332
828
126
-1052
-1738
-1149
-876
-1429
-1809
-2451
-3688
-4023
-2978
-2116
-2225
-2703
-3147
-3442
-2973
-1938
-999
-495
-764
-1229
-879
20
736
1358
1768
1698
1370
1282
1631
2066
2373
2484
2235
1676
1070
710
727
956
1064
650
-281
-1006
-1256
-1273
-993
-716
-1024
-1782
-2226
-2047
-1645
-1214
-831
-901
-1219
-1188
-837
-302
303
620
553
426
479
680
947
1329
1577
1314
913
718
593
546
647
654
285
-278
-740
-996
-995
-867
-878
-1116
-1490
-1813
-1903
-1639
-1209
-927
-858
-904
-905
-673
-132
469
903
1149
1242
1302
1596
2093
2551
2801
2769
2688
2671
2676
2770
2952
2883
2441
1957
1555
1184
1108
1212
978
535
-35
-1127
-1941
-1530
-1125
-1399
-1473
-1833
-3098
-3731
-2880
-2034
-1892
-1889
-2219
-2853
-2745
-1886
-1044
-484
-496
-913
-946
-488
144
736
1006
993
796
647
780
1107
1423
1528
1406
1161
802
458
409
578
792
752
274
-245
-537
-629
-406
-59
-112
-520
-898
-1039
-891
-481
-133
-249
-564
-643
-561
-410
-110
141
44
-282
-344
-101
28
54
62
-73
-292
-438
-310
-58
-44
-274
-493
-614
-629
-461
-233
-88
-192
-446
-514
-314
-32
154
265
312
225
206
463
778
940
1006
1054
1063
1027
1139
1402
1508
1531
1596
1468
1275
1272
1366
1435
1443
1401
1204
898
798
810
673
513
488
412
202
100
56
-469
-1130
-910
-580
-817
-773
-788
-1703
-2401
-1886
-1303
-1317
-1283
-1420
-2117
-2324
-1666
-1061
-795
-719
-954
-1221
-990
-453
14
337
466
344
207
347
606
863
1133
1316
1143
774
643
627
601
850
1076
658
70
-159
-280
-297
-63
-4
-450
-921
-1089
-1102
-887
-542
-569
-913
-1077
-1020
-938
-634
-166
-85
-337
-366
-193
-120
109
498
592
382
295
348
355
504
684
601
380
209
130
189
301
330
205
-43
-236
-216
-53
47
114
93
-79
-148
-11
178
344
448
442
432
461
548
688
820
907
869
813
823
849
890
884
840
820
670
500
584
615
481
425
401
314
196
86
5
-85
-73
10
29
92
-159
-722
-768
-516
-450
-284
-184
-569
-1132
-1271
-974
-692
-495
-504
-869
-1121
-1122
-1020
-688
-331
-356
-578
-663
-596
-493
-327
22
243
126
-87
-184
-139
36
322
582
492
142
-148
-283
-113
250
384
197
-100
-371
-528
-432
-80
80
-109
-276
-375
-434
-328
-94
82
82
-15
-34
3
78
252
369
364
305
216
214
283
315
367
320
122
29
30
10
5
-4
-107
-262
-323
-298
-270
-292
-305
-352
-420
-376
-261
-174
-128
-122
-116
-66
15
175
334
421
486
526
570
673
804
899
1004
1105
1121
1068
1057
1135
1210
1253
1271
1258
1129
936
947
1087
993
708
549
430
296
338
496
261
-376
-737
-783
-726
-492
-389
-838
-1408
-1651
-1589
-1265
-898
-928
-1378
-1657
-1550
-1277
-935
-606
-609
-879
-924
-616
-321
-169
9
92
-4
-59
48
162
203
308
424
340
123
-70
-175
-68
146
182
14
-243
-472
-534
-310
20
24
-257
-406
-407
-347
-56
255
214
-26
-91
1
107
318
488
375
191
130
73
55
178
226
89
-80
-214
-352
-435
-350
-261
-332
-495
-636
-682
-622
-447
-270
-246
-312
-339
-259
-46
221
403
449
442
529
699
885
1074
1167
1143
1085
1117
1233
1315
1306
1234
1102
970
910
907
895
795
644
436
301
269
224
173
135
27
-104
-96
-34
-45
-80
-60
-85
-107
4
105
91
79
86
95
103
87
126
88
-26
10
-1
-198
-274
-296
-425
-483
-500
-588
-768
-891
-899
-968
-967
-982
-1144
-1129
-1052
-1113
-1073
-981
-1006
-1012
-893
-730
-655
-674
-654
-541
-386
-249
-128
-57
-118
-144
-42
112
279
344
229
137
190
201
225
351
359
248
150
111
142
161
136
112
112
106
-23
-40
93
89
45
50
32
-19
-51
52
210
209
120
53
16
65
188
292
294
204
108
59
158
339
380
289
233
178
160
281
428
447
372
295
249
305
445
566
541
467
423
337
351
525
632
549
438
386
321
295
420
475
364
263
187
129
159
253
264
198
166
129
58
91
209
292
307
302
259
162
128
236
397
463
387
219
46
-23
43
124
138
-9
-331
-569
-586
-534
-550
-650
-825
-1083
-1306
-1264
-1115
-1128
-1217
-1302
-1385
-1411
-1325
-1149
-1023
-977
-920
-848
-761
-633
-497
-331
-169
-66
18
72
121
236
352
413
442
427
406
407
444
518
475
351
287
260
256
256
262
216
92
46
78
73
73
72
35
5
17
72
88
89
135
111
63
125
179
186
227
248
201
127
122
195
249
253
213
120
61
75
99
177
233
112
-29
-4
56
74
159
239
164
57
73
139
209
321
396
361
314
319
344
431
588
657
579
525
522
522
602
724
732
620
528
489
459
486
536
480
322
204
165
93
3
9
-7
-157
-316
-366
-419
-532
-562
-533
-598
-704
-780
-856
-847
-790
-768
-759
-771
-831
-886
-823
-670
-560
-545
-562
-547
-545
-499
-332
-212
-216
-245
-265
-253
-165
-69
-69
-113
-134
-172
-184
-83
-19
-88
-184
-233
-231
-169
-104
-45
-47
-127
-163
-119
-35
52
132
145
115
133
180
243
375
483
461
412
407
402
462
585
628
565
470
397
375
423
478
441
303
175
107
86
106
109
47
-75
-144
-147
-174
-179
-188
-253
-264
-209
-177
-165
-150
-149
-137
-73
16
59
100
163
193
257
342
360
384
464
526
576
602
571
536
543
572
603
613
561
447
371
383
362
298
255
177
88
48
41
20
-60
-154
-168
-136
-136
-145
-153
-200
-250
-237
-162
-133
-156
-157
-153
-181
-215
-214
-202
-201
-234
-281
-317
-409
-504
-481
-413
-454
-579
-688
-765
-768
-681
-580
-586
-703
-805
-785
-641
-441
-319
-355
-399
-363
-263
-92
98
180
144
119
201
346
426
444
443
404
353
358
407
416
343
250
197
147
86
34
4
-21
-84
-144
-171
-208
-254
-238
-193
-192
-208
-205
-207
-176
-90
-22
-7
-18
-13
15
89
171
233
226
157
152
193
219
277
311
247
179
173
193
204
235
247
171
115
131
149
172
203
207
170
111
115
176
203
231
267
229
155
151
189
230
263
272
239
187
170
170
189
224
195
132
122
103
92
110
100
91
43
-16
-16
7
12
8
-5
-26
-55
-58
-13
8
12
9
-21
2
49
57
66
63
41
46
87
127
109
45
-7
-36
-27
-2
-18
-74
-149
-241
-311
-313
-307
-332
-390
-445
-507
-584
-617
-584
-502
-490
-554
-600
-624
-603
-492
-320
-241
-316
-419
-419
-293
-75
85
96
6
-116
-133
18
210
319
259
98
6
3
62
173
233
170
40
-58
-78
-48
23
67
37
-15
-64
-125
-123
5
100
90
63
20
-36
-16
115
243
265
216
140
78
137
265
337
352
303
198
119
193
321
365
336
266
187
139
176
277
332
295
211
136
135
187
239
261
222
156
111
119
177
205
171
121
94
96
104
117
133
94
57
51
34
44
70
74
57
29
14
-14
-28
4
32
34
-4
-53
-73
-64
-41
-12
-35
-111
-157
-135
-90
-60
-67
-129
-193
-214
-183
-129
-99
-120
-181
-226
-215
-179
-159
-172
-182
-194
-221
-242
-243
-242
-261
-259
-245
-274
-326
-353
-367
-349
-309
-326
-376
-411
-426
-394
-330
-296
-310
-349
-363
-330
-239
-168
-169
-170
-163
-144
-72
22
64
36
18
53
105
161
210
216
176
149
181
232
254
253
241
216
194
208
220
226
239
228
215
223
214
197
231
262
258
244
246
239
242
273
308
317
280
254
263
283
290
292
277
241
217
211
225
237
194
142
149
144
97
85
108
74
32
43
55
19
2
18
11
0
2
1
-5
0
8
25
32
17
10
8
28
34
17
14
15
10
-5
-8
-22
-61
-75
-69
-84
-95
-126
-193
-215
-203
-207
-227
-255
-274
-308
-343
-315
-280
-311
-337
-331
-336
-336
-298
-249
-248
-275
-265
-240
-218
-172
-140
-145
-151
-140
-121
-116
-98
-77
-83
-92
-85
-96
-110
-127
-130
-119
-107
-109
-137
-163
-167
-157
-127
-85
-91
-125
-124
-84
-50
-7
53
70
47
56
117
164
207
246
255
253
263
296
324
342
346
332
315
322
336
313
294
284
256
231
241
240
201
169
153
139
133
144
141
116
95
87
95
118
126
112
97
94
105
116
119
120
125
105
84
88
84
75
80
79
44
13
-2
-18
-13
3
-12
-56
-105
-121
-94
-64
-44
-64
-121
-157
-154
-111
-46
-29
-53
-88
-105
-83
-56
-19
8
-11
-45
-43
-29
-21
-14
-11
-12
-45
-79
-90
-93
-96
-107
-120
-154
-197
-222
-234
-220
-216
-260
-307
-305
-307
-324
-302
-269
-275
-297
-288
-268
-252
-218
-177
-145
-121
-122
-124
-76
-13
23
41
57
49
34
73
134
144
121
100
87
91
112
131
123
73
37
39
40
59
71
38
7
23
33
26
39
44
33
49
90
100
76
75
91
110
145
165
148
116
110
129
152
159
148
120
90
101
122
119
111
91
70
73
79
93
108
101
83
84
105
115
102
129
152
132
124
128
116
108
125
145
139
88
45
30
36
48
47
15
-40
-82
-92
-76
-52
-45
-88
-137
-150
-134
-107
-80
-66
-61
-83
-104
-89
-50
-14
-4
4
9
-18
-49
-20
21
35
32
5
-40
-73
-62
-38
-21
-24
-66
-134
-156
-115
-93
-101
-95
-117
-172
-179
-122
-77
-89
-99
-96
-99
-99
-66
-25
-18
-23
-16
-10
-1
14
17
19
35
40
34
30
25
11
10
27
19
2
-10
-27
-40
-28
-20
-35
-59
-78
-79
-68
-47
-39
-64
-96
-98
-68
-35
-14
-20
-45
-60
-33
12
29
33
28
3
11
52
85
83
56
44
39
53
83
90
66
48
40
48
70
79
53
36
47
61
70
79
87
71
70
100
122
122
113
122
133
131
149
157
139
133
147
141
123
116
88
72
80
77
43
19
6
-22
-28
-21
-36
-62
-77
-81
-80
-75
-64
-73
-81
-75
-56
-41
-33
-19
-21
-27
-10
7
16
28
38
35
19
10
8
14
24
17
9
-6
-34
-54
-48
-38
-46
-56
-74
-89
-101
-103
-102
-86
-85
-112
-121
-114
-113
-110
-97
-95
-102
-118
-123
-108
-97
-93
-87
-91
-100
-101
-93
-81
-70
-63
-60
-57
-42
-38
-39
-12
4
9
25
34
34
39
55
74
74
77
85
77
78
86
85
77
66
65
62
50
47
40
33
28
25
23
18
8
-3
6
20
24
23
25
28
21
26
56
67
68
63
63
71
69
79
88
91
89
81
71
66
67
69
73
65
48
27
24
32
36
43
33
2
-16
-8
1
13
28
14
-15
-34
-27
-4
6
12
2
-18
-33
-38
-20
0
-6
-25
-29
-31
-34
-34
-27
-32
-41
-44
-38
-33
-49
-55
-54
-53
-47
-50
-56
-71
-83
-89
-76
-55
-58
-84
-112
-120
-106
-84
-77
-83
-97
-120
-119
-91
-72
-67
-70
-66
-64
-56
-36
-23
-13
-2
5
17
24
26
41
60
68
69
67
47
46
62
81
86
72
51
21
10
29
50
46
21
-9
-25
-23
-9
11
4
-21
-41
-40
-25
-11
0
4
-1
-18
-18
0
17
34
47
46
27
21
34
52
79
89
84
68
55
61
78
101
111
101
89
75
74
86
103
106
100
93
77
68
82
93
84
80
74
57
51
56
60
61
59
47
28
25
24
23
28
28
14
-2
-9
-7
0
-13
-25
-24
-31
-44
-55
-46
-56
-68
-70
-67
-78
-91
-90
-97
-100
-100
-94
-90
-92
-90
-88
-91
-83
-77
-69
-57
-31
-33
-52
-47
-29
-22
-6
9
-1
-20
-27
-19
-12
-10
-13
-33
-53
-58
-59
-66
-64
-77
-102
-115
-106
-101
-112
-106
-113
-123
-111
-92
-88
-83
-69
-63
-53
-35
-20
-11
-5
19
31
30
43
50
50
60
73
64
54
60
63
51
53
62
44
28
33
46
37
37
42
28
28
39
54
61
64
68
70
81
94
103
103
112
121
113
121
129
127
121
123
119
108
92
82
79
71
72
62
42
22
7
0
1
9
-1
-22
-34
-31
-30
-21
-13
-21
-31
-36
-22
-7
-2
-3
-10
-17
-8
3
9
5
-3
-12
-9
-2
-8
-21
-34
-33
-33
-30
-33
-42
-67
-75
-67
-50
-59
-68
-69
-81
-76
-61
-46
-52
-58
-65
-59
-39
-25
-14
-23
-33
-34
-25
-9
2
3
-8
-16
-15
-17
-13
-11
-13
-20
-21
-28
-35
-35
-40
-39
-32
-32
-41
-46
-39
-34
-32
-28
-22
-18
-14
-2
0
3
17
24
26
35
45
48
46
54
60
63
68
68
67
59
57
56
63
62
58
48
37
31
29
34
34
22
11
6
2
6
8
8
0
-9
-7
-10
-8
-1
-4
-6
-3
-3
-1
-7
-7
5
15
13
6
3
-2
6
22
32
27
13
10
8
19
34
29
23
13
7
8
13
20
12
-1
-11
-6
-8
-15
-25
-29
-25
-31
-37
-36
-42
-51
-49
-37
-38
-41
-38
-37
-39
-36
-23
-9
-8
-10
-1
1
4
12
19
24
32
31
19
23
28
31
39
44
30
12
11
14
23
30
26
15
1
-5
3
12
17
20
12
0
-4
4
4
12
22
17
0
-9
-5
1
10
8
-4
-17
-23
-25
-14
-3
-10
-25
-42
-38
-32
-20
-7
-10
-27
-35
-19
-6
-2
12
11
6
4
7
16
26
31
26
24
19
10
7
8
17
11
-5
-17
-29
-34
-36
-30
-34
-43
-55
-69
-72
-72
-57
-49
-55
-58
-66
-67
-56
-32
-23
-27
-24
-27
-29
-13
6
8
10
11
5
3
8
19
21
18
17
8
6
8
16
11
6
11
9
8
7
11
16
16
19
19
18
22
24
29
36
41
33
28
27
30
40
41
43
27
13
17
23
27
20
11
3
-3
4
5
6
-2
-10
-11
-3
10
11
4
0
-2
5
23
33
33
24
28
29
33
44
47
47
41
43
42
38
39
42
32
26
26
23
8
8
13
9
0
-9
-12
-22
-17
-14
-14
-12
-23
-28
-30
-25
-18
-13
-13
-19
-21
-17
-12
-8
-11
-14
-9
-10
-15
-14
-16
-14
-16
-24
-28
-25
-25
-32
-33
-32
-39
-42
-37
-36
-34
-37
-38
-34
-36
-30
-19
-20
-17
-18
-14
-5
1
7
8
9
12
9
14
21
24
25
20
18
10
14
20
18
14
5
-2
-6
0
3
-4
-12
-18
-23
-21
-14
-12
-19
-27
-27
-24
-17
-12
-16
-16
-15
-15
-6
0
-1
-3
-1
4
11
16
15
14
9
15
20
19
22
20
18
19
18
18
12
18
18
14
17
9
9
11
12
12
12
13
9
12
13
18
16
16
20
18
22
22
29
25
22
26
23
26
24
27
21
17
18
11
10
11
7
4
2
-7
-9
-6
-9
-11
-12
-14
-18
-15
-15
-13
-9
-8
-8
-10
-7
-3
7
6
9
6
3
9
15
19
17
12
12
9
11
11
7
3
3
2
-6
-9
-8
-12
-10
-13
-18
-20
-18
-19
-20
-20
-17
-14
-14
-15
-15
-14
-9
-2
-2
-3
-9
-9
-7
6
10
0
-10
-13
-10
-6
1
-1
-12
-23
-20
-22
-17
-13
-12
-19
-30
-27
-21
-19
-18
-13
-15
-17
-18
-12
-9
-6
1
-3
-5
-4
-4
2
2
8
7
1
-1
-8
-3
6
7
3
-3
-9
-11
-10
3
-1
-1
-2
-3
-8
-3
7
8
11
10
10
11
17
26
27
27
29
26
30
35
40
40
34
37
35
31
35
35
27
28
30
25
19
13
17
12
10
9
7
5
-3
-3
-6
-3
0
-7
-8
-9
-8
-5
-5
-2
-6
-3
0
-1
1
0
3
7
8
10
7
1
5
8
11
13
10
2
-2
-3
0
0
2
-2
-12
-16
-16
-18
-23
-21
-21
-26
-32
-37
-36
-35
-30
-33
-39
-38
-36
-37
-33
-29
-25
-29
-27
-26
-22
-15
-14
-10
-11
-7
-10
-2
1
-1
3
2
0
4
6
6
5
3
4
-2
3
6
6
7
1
-1
0
2
9
6
5
7
4
4
8
12
15
11
10
8
10
17
18
14
14
11
9
10
14
13
7
10
8
5
5
7
5
6
5
7
1
2
4
7
8
10
7
4
9
12
13
11
11
13
12
16
17
12
14
15
13
11
14
15
10
8
5
4
7
7
6
1
-4
-6
-9
-3
0
-3
-6
-14
-14
-16
-13
-7
-7
-10
-13
-21
-22
-14
-11
-7
-12
-14
-17
-20
-12
-7
-6
-6
-10
-13
-13
-7
2
1
0
-1
-8
-6
1
5
7
7
4
-3
-1
4
6
8
7
4
1
-2
3
7
7
3
1
2
2
6
6
2
5
4
3
5
5
4
8
10
7
4
6
6
5
6
10
6
3
1
2
2
-1
5
-3
-2
0
-6
-7
-8
-4
-5
-9
-6
-8
-11
-10
-7
-7
-6
-7
-8
-7
-7
-2
-8
-7
-4
-6
-4
-7
-8
-6
-6
-5
-10
-13
-7
-11
-10
-9
-12
-14
-14
-12
-13
-11
-11
-12
-12
-10
-7
-11
-7
-4
-2
-5
-2
3
-2
3
1
5
1
6
8
4
5
3
2
3
2
6
1
-4
2
-3
-2
1
-2
0
-1
-2
-2
2
3
7
6
6
11
6
14
16
20
18
18
23
19
25
26
28
22
26
25
17
23
21
21
14
12
14
8
9
6
1
1
1
-1
-5
-6
-8
-6
-9
-7
-4
-11
-4
-7
-8
-6
-3
1
-2
1
-3
-3
3
5
5
1
4
1
1
-1
3
1
3
-2
-7
-8
-5
-3
-7
-8
-11
-12
-12
-10
-12
-10
-11
-11
-13
-14
-9
-11
-9
-7
-8
-9
-9
-10
-5
-4
-1
-10
-9
-9
-6
-2
-9
-7
-12
-11
-11
-14
-14
-12
-9
-16
-17
-20
-17
-10
-12
-10
-18
-17
-10
-12
-10
-2
-6
-5
-7
-5
-2
0
10
5
4
5
3
3
12
10
13
9
7
10
4
10
11
12
7
8
3
5
11
9
9
5
7
8
7
7
10
10
12
12
5
9
12
10
14
12
12
10
9
10
10
8
11
10
5
8
3
4
4
5
8
0
0
0
-1
2
1
0
1
-2
-1
0
-2
3
3
-2
2
1
0
3
3
1
3
3
1
3
1
4
2
-2
-1
-1
0
-1
-2
-4
-6
-5
-8
-7
-5
-6
-7
-11
-9
-9
-10
-6
-9
-9
