SAMPLES:	12406
BITSPERSAMPLE:	16
CHANNELS:	1
SAMPLERATE:	16000
NORMALIZED:	FALSE
-13
-12
-19
-21
-17
-21
-16
-4
-8
-8
-7
-7
-6
6
11
12
18
21
17
23
26
10
14
21
2
14
3
9
18
2
10
6
4
-7
-8
0
-5
-9
-1
3
-11
-8
-5
-12
5
6
7
5
-2
8
10
4
3
13
9
5
13
7
0
7
5
-5
-4
-1
6
-5
-9
6
0
-6
-6
-16
-13
-20
-13
-1
-7
-4
-8
-8
-6
-6
-6
-1
3
0
9
5
0
0
9
3
-13
-9
-6
9
1
0
3
-2
3
-10
-4
-1
-5
2
1
5
1
3
-1
-7
-5
5
0
1
-3
-7
-9
-13
2
-3
2
-6
-9
0
-7
-4
-5
-9
-3
-8
-2
-11
-8
-5
-6
1
-9
-17
-13
-6
-13
-14
-1
-9
-14
-12
0
-2
-6
4
9
4
5
-2
-2
9
-2
-7
-15
-4
-1
4
7
-2
-3
-8
1
7
7
11
7
2
2
-3
4
0
2
5
1
-7
1
13
-2
5
10
2
10
3
-6
-8
-8
-6
-9
0
-7
-15
-6
-13
-12
-8
-11
-7
-8
-9
1
-14
-14
-16
-6
-7
3
11
2
3
-1
2
14
11
6
12
3
-3
-3
12
2
0
3
10
-3
-5
2
-15
1
-2
-12
-5
-1
1
7
2
-3
-1
-1
-5
-2
-1
3
0
11
1
7
14
-2
6
6
-4
-14
-6
-18
-9
-11
-18
-12
-14
-3
-16
-5
1
1
-2
-2
1
-8
6
-3
-2
-8
-3
7
-8
-4
7
12
-7
-9
-10
-2
-3
-22
-15
-11
-8
-5
-7
-10
-2
-1
-9
-1
-10
-7
-13
-12
-6
-14
7
11
13
8
-2
5
11
6
1
-2
5
23
4
2
-5
-6
-5
-5
5
-8
2
8
1
8
1
0
18
13
4
11
7
3
20
17
15
7
-3
14
17
15
14
16
15
14
3
11
8
-5
4
-7
7
11
6
10
12
-1
2
8
-4
17
0
5
2
5
2
-5
4
3
3
-9
3
-7
1
6
-10
-2
3
-13
-14
-1
-6
-2
2
-7
-9
1
-8
-14
-8
-9
-16
-8
-7
-8
-2
2
11
5
-4
-3
-15
7
14
7
11
7
14
13
12
13
21
10
2
0
-1
7
-2
-10
1
-5
2
4
1
13
1
11
1
-3
4
-4
-4
-5
9
5
4
7
17
10
11
16
11
6
0
-8
-11
10
-3
7
5
2
3
-5
1
-5
-7
-18
-8
-3
-16
-3
-4
-10
-5
3
1
-3
8
-1
1
8
13
12
5
4
8
0
-2
0
1
4
2
-11
-1
4
0
12
0
7
11
-3
1
2
8
7
0
0
-1
2
-2
-1
3
-4
4
4
11
1
1
1
-8
-4
3
-4
-21
-15
-2
-6
-2
0
-12
-12
0
-4
-7
-1
-6
-7
-7
7
15
15
10
10
6
7
14
17
10
12
18
9
7
10
11
1
0
-2
-5
-3
-3
4
8
-8
-7
1
1
4
4
-4
-4
-5
5
10
11
15
-1
5
4
12
2
1
6
-1
9
-1
2
8
10
6
-8
-3
6
8
4
-8
-1
0
-10
0
4
10
4
6
18
14
5
2
13
7
-1
-6
2
-5
-3
4
-2
-3
-9
-6
-2
-4
-12
3
-14
-17
0
-13
-10
-15
-6
-9
-3
0
-2
-3
-14
-6
0
5
4
-9
5
-3
-2
16
9
3
8
17
13
6
5
5
8
6
4
5
1
-8
-10
2
-1
-4
-7
-1
2
-5
6
14
12
8
13
2
5
16
14
10
5
10
10
11
11
8
20
13
15
4
13
20
9
20
5
8
8
-10
1
-4
-5
2
-8
-8
-2
-2
-12
-6
2
-9
-20
-3
-14
-14
-6
-23
-12
-9
-20
-15
-13
-21
-19
-12
-7
-2
2
-4
-8
-6
-8
-1
5
7
1
-2
2
1
-8
4
6
-5
-6
1
-1
1
4
3
-2
-9
5
1
-1
-2
-8
0
10
8
-1
3
5
-3
12
0
1
8
5
1
-3
4
2
-2
10
20
3
4
12
0
-1
4
3
-7
-2
-3
-11
-4
-3
6
-3
-3
-11
-1
3
0
-3
-5
15
-9
-12
-6
-10
7
-3
-6
-6
-5
0
-15
-11
-9
-11
-14
-13
-10
-4
-3
-1
-6
-5
-5
-12
-8
-13
-11
-12
-23
-20
-8
-2
-7
0
1
-7
-3
-1
0
1
3
-4
0
6
11
6
-5
14
7
6
-7
-7
-2
-14
0
-8
-7
-6
-9
-9
-9
-6
-1
3
8
11
-4
8
7
1
7
7
5
8
3
-2
2
-6
-6
0
-2
-1
3
7
-1
1
-1
5
8
8
-1
-5
4
2
-3
2
-7
-16
-12
-8
-7
-15
-9
-14
-5
-4
-14
-3
-7
-10
5
7
-13
1
1
-4
-1
-10
-9
-8
-6
-14
-10
-11
1
-7
-12
-12
-16
-11
-12
-14
-12
4
-4
-18
-13
-2
8
11
-1
0
0
0
-3
-2
-1
-7
-14
-17
-6
-14
-13
0
-12
-4
-8
-11
-6
-21
-9
-11
-15
-6
-8
-9
-7
-6
-1
13
4
-1
-1
-5
-2
10
0
-2
7
2
21
8
6
-6
-5
-7
-6
7
-2
5
1
-8
-1
-1
-8
2
4
5
2
5
-3
-9
-1
-4
-10
-8
13
1
-2
3
-3
-3
12
21
2
7
21
9
7
13
19
6
1
10
4
6
7
1
-3
1
-5
-9
-10
-3
-12
-12
-4
-9
-11
-3
4
4
2
-10
7
7
9
4
-11
2
-4
-7
-1
-1
-5
-7
-6
0
6
16
11
7
7
9
10
8
4
-2
4
5
17
13
9
9
5
6
10
0
-2
9
1
-8
-14
2
-9
-20
2
-6
-14
-7
-11
-21
-8
-10
1
17
-8
2
-2
-5
1
-4
3
8
1
-3
3
3
7
10
11
5
4
11
4
0
14
10
8
9
12
7
6
20
6
7
3
-6
4
3
4
4
13
11
-1
-1
1
6
3
-3
-5
5
8
9
10
7
5
5
-1
-2
6
1
8
1
6
13
-6
-5
1
-4
5
10
14
1
2
10
-2
7
11
3
6
9
11
7
10
4
14
3
4
16
7
10
11
12
6
9
0
0
-4
3
15
0
-4
-4
-3
4
6
4
6
8
-2
7
6
0
-1
5
5
2
-1
-6
-5
-3
1
5
-4
-4
-4
-2
-1
0
-3
-5
-4
-8
0
-5
12
1
-5
7
2
5
0
3
-5
13
17
12
14
11
10
-8
3
6
-3
-9
-4
-7
-5
-4
7
2
-4
6
-8
-9
-8
7
5
-6
-8
0
-4
0
9
5
-2
-3
10
16
11
1
1
-2
-11
-6
3
-10
-6
13
8
5
10
11
6
23
17
14
7
5
14
12
-1
4
4
-2
0
-6
0
-14
-13
-1
-2
6
10
10
-4
-7
-8
1
7
-7
-2
-4
-3
4
4
14
3
-4
4
-8
-2
3
0
-3
2
0
0
3
-5
-10
-11
-7
-11
-2
-2
-13
-17
-9
1
-9
-4
-2
-8
-10
-2
4
3
14
4
5
7
-6
3
13
-1
1
1
-4
3
0
-2
-6
-4
3
-2
-6
-12
-9
-13
-3
-3
0
6
-2
-2
-11
-4
3
-4
-3
-4
-6
-10
-1
7
11
21
19
33
16
5
9
-2
5
-5
4
-1
-19
-13
-8
4
5
11
8
11
13
6
17
5
6
1
-3
3
3
-4
-10
-6
-10
-15
-15
4
-1
11
13
1
3
9
11
-1
6
-4
-2
0
-15
-12
-17
-11
-19
-12
-13
-9
-5
-4
-1
-5
-4
1
17
-3
1
-3
-6
-8
-27
-28
-13
-19
-15
-2
6
12
12
15
0
-3
2
4
2
4
-3
-15
-11
-8
-14
-3
5
-7
-1
-15
-10
-5
-9
-2
-18
-12
-14
-8
5
-7
-2
10
2
7
12
8
-2
-11
-2
1
-7
-19
-18
-11
-23
-22
-26
-32
-25
-25
-13
-3
0
0
11
4
9
26
18
21
10
3
4
-8
-6
-14
-20
-19
-26
-12
-10
-8
-2
0
-4
-2
4
-5
-7
-7
-1
5
-2
-2
5
7
21
10
10
13
2
1
-9
-16
-23
-13
-2
-9
-9
-3
-1
10
18
1
9
10
3
-4
9
0
0
1
-7
-1
-13
-13
-14
-16
-3
-11
-8
-2
-18
6
5
-20
-16
-23
-27
-16
-4
-4
6
15
9
12
25
28
32
30
15
12
5
-5
-9
-22
-21
-17
-22
-13
-11
-7
-6
8
9
17
9
-23
-11
-22
-11
-6
-20
-9
4
12
15
20
18
10
3
4
-7
-16
-19
-24
-12
-13
-9
16
13
22
18
10
4
-5
-11
-9
-18
-39
-20
-7
-5
6
1
-15
-4
-15
-26
-28
-27
-19
-27
-11
9
22
19
33
32
22
26
22
10
-1
1
-8
-23
-27
-42
-45
-33
-44
-45
-30
-20
-20
18
59
58
75
96
117
115
105
101
73
52
31
5
-5
16
7
-3
6
2
-10
-29
-32
-55
-74
-101
-114
-99
-81
-98
-84
-22
-10
-19
-1
29
16
5
46
65
66
74
105
112
98
79
54
11
-39
-74
-105
-146
-175
-144
-133
-104
-57
-9
37
51
88
98
90
107
125
100
106
131
97
63
55
37
-19
-68
-87
-94
-126
-142
-150
-150
-147
-142
-125
-68
-14
40
130
227
292
307
281
177
2
-250
-592
-925
-1160
-1364
-1516
-1372
-1035
-671
-155
534
1151
1551
1903
2106
1917
1497
1018
362
-405
-1025
-1468
-1781
-1834
-1607
-1210
-690
-84
499
1012
1372
1527
1556
1518
1283
941
766
620
390
282
387
397
295
335
353
111
-157
-325
-654
-1026
-1171
-1174
-1164
-892
-260
438
1185
2122
3118
3792
4076
4183
3915
2894
1219
-535
-2316
-4533
-6679
-7826
-8220
-8444
-7804
-5787
-3341
-1073
1491
4315
6415
7429
7847
7757
6710
4843
2806
802
-1150
-2859
-4118
-4763
-4876
-4693
-4337
-3731
-2949
-2357
-2070
-1794
-1353
-996
-723
-140
890
2059
3165
4415
5696
6506
6658
6301
5389
3736
1490
-951
-3356
-5613
-7384
-8340
-8446
-7744
-6281
-4190
-1785
621
2917
4835
6078
6672
6754
6284
5313
4147
2895
1578
319
-840
-1994
-3088
-4000
-4937
-5844
-6289
-6380
-6321
-5622
-4099
-2319
-334
2172
4692
6596
8021
9028
9002
7882
6244
4127
1422
-1320
-3572
-5364
-6596
-6999
-6530
-5423
-3907
-2162
-307
1455
2676
3423
3971
4115
3731
3256
2958
2563
2102
1976
1976
1694
1463
1284
711
-119
-756
-1336
-2055
-2453
-2234
-1719
-1102
-175
1005
2022
2510
2377
1841
979
-627
-2807
-4541
-5643
-6727
-7371
-6587
-4863
-3115
-1112
1481
3945
5436
6080
6273
5834
4436
2388
351
-1349
-2892
-4288
-4977
-4701
-4089
-3577
-2758
-1555
-719
-575
-606
-536
-704
-1223
-1501
-1158
-511
271
1440
3002
4517
5607
6222
6385
5890
4532
2570
378
-1954
-4282
-6186
-7381
-7865
-7607
-6562
-4865
-2786
-468
1856
3872
5423
6477
6925
6615
5728
4404
2652
688
-1302
-3171
-4719
-5792
-6425
-6547
-5998
-5024
-3831
-2275
-500
1086
2443
3755
4776
5240
5425
5483
5104
4329
3536
2689
1630
479
-471
-1259
-1986
-2544
-2783
-2663
-2374
-1975
-1265
-256
711
1596
2606
3616
4321
4765
5111
5166
4805
4238
3474
2511
1533
703
-29
-615
-827
-695
-504
-424
-278
-99
-522
-1750
-3025
-4099
-5792
-7902
-8909
-8808
-8799
-8308
-6075
-2920
-312
2232
5416
8054
9070
9078
8682
7343
4761
1684
-1132
-3587
-5813
-7600
-8303
-7862
-7026
-6009
-4424
-2497
-1012
-189
419
926
959
494
150
275
577
958
1806
3205
4519
5453
6249
6701
6279
5032
3383
1273
-1358
-3925
-5992
-7604
-8655
-8710
-7712
-6117
-4163
-1669
1097
3252
4678
5845
6448
5775
4401
3202
1657
-515
-2217
-2971
-3705
-4411
-4082
-3147
-2619
-2050
-909
15
304
604
1201
1545
1579
1940
2646
3194
3585
4185
4812
4973
4697
4305
3642
2424
957
-329
-1579
-2830
-3612
-3783
-3587
-2936
-1653
-111
1451
3155
4767
5835
6487
6880
6691
5860
4890
4004
2861
1570
727
341
-278
-1099
-1477
-1730
-2812
-4506
-5680
-6763
-8776
-10649
-11047
-10900
-11010
-9920
-7090
-4006
-1295
2092
5947
8721
10256
11307
11605
10446
8199
5520
2556
-618
-3724
-6349
-8167
-9210
-9637
-9433
-8475
-6980
-5471
-4067
-2571
-1088
-42
604
1300
2094
2677
3171
3994
4987
5709
6269
6867
7114
6688
5855
4701
2962
745
-1526
-3740
-5954
-7877
-9099
-9734
-9891
-9291
-7885
-5970
-3926
-1546
1104
3355
5033
6480
7517
7516
6854
6099
4823
2881
1044
-418
-2016
-3483
-4193
-4401
-4529
-4218
-3269
-2157
-1052
260
1725
3003
4041
4949
5683
6151
6224
6052
5721
5094
4217
3273
2273
1177
179
-667
-1460
-1950
-1955
-1849
-1623
-816
296
1108
1962
3272
4254
4582
4989
5433
5217
4556
4014
3166
1833
421
-1204
-3216
-5197
-7077
-9238
-11203
-12279
-12914
-13376
-12758
-10870
-8589
-6092
-2718
1136
4402
7103
9576
11287
11718
11172
9969
7998
5325
2375
-555
-3287
-5625
-7442
-8650
-9199
-9126
-8601
-7735
-6593
-5302
-3981
-2750
-1594
-437
779
1966
3030
4160
5420
6506
7198
7711
7973
7618
6599
5205
3462
1273
-1118
-3456
-5553
-7261
-8494
-9180
-9104
-8270
-7027
-5433
-3330
-1055
928
2694
4333
5485
5908
5936
5677
4882
3714
2533
1390
216
-780
-1392
-1690
-1767
-1597
-1096
-396
269
929
1675
2343
2810
3168
3507
3756
3853
3913
3953
3938
3857
3667
3385
3090
2737
2226
1666
1202
730
233
-99
-232
-236
-117
253
809
1359
1958
2636
3110
3233
3166
2839
1837
311
-1308
-3200
-5638
-8043
-9830
-11371
-12773
-13235
-12546
-11399
-9826
-7262
-4052
-1042
1858
4852
7321
8870
9755
10018
9411
8042
6288
4236
1971
-251
-2198
-3825
-5129
-6059
-6573
-6723
-6758
-6651
-6272
-5839
-5488
-4915
-4039
-3084
-2007
-553
1170
2873
4632
6397
7840
8811
9351
9267
8428
6996
5049
2624
-93
-2748
-5205
-7306
-8819
-9599
-9610
-8950
-7664
-5869
-3724
-1560
458
2296
3723
4630
5060
5091
4751
4101
3372
2639
1907
1366
1076
877
834
1008
1253
1424
1598
1784
1851
1805
1783
1812
1851
1925
2155
2549
2962
3368
3783
4134
4302
4205
3892
3394
2664
1801
887
35
-665
-1152
-1431
-1414
-1006
-373
372
1266
2264
3097
3545
3731
3661
2990
1573
-253
-2209
-4604
-7417
-9978
-11896
-13555
-14893
-15071
-14095
-12645
-10646
-7555
-3956
-607
2667
5959
8645
10301
11287
11625
10985
9522
7666
5484
2998
573
-1574
-3446
-5024
-6115
-6748
-7121
-7266
-7152
-6821
-6524
-6202
-5629
-4869
-4108
-3185
-1842
-324
1215
2897
4649
6135
7254
8100
8454
8147
7337
6131
4479
2493
518
-1356
-3142
-4575
-5470
-5892
-5923
-5489
-4590
-3500
-2361
-1172
-50
801
1381
1740
1822
1649
1406
1180
941
833
993
1387
1911
2614
3482
4321
5003
5544
5942
6027
5760
5278
4657
3890
2989
2162
1479
903
477
210
80
101
177
190
208
275
264
120
34
66
165
330
681
1262
1927
2629
3304
3803
4090
4014
3322
2094
525
-1499
-4077
-6781
-9192
-11449
-13453
-14658
-14947
-14566
-13524
-11606
-8991
-6150
-3146
-54
2771
5062
6863
8115
8652
8551
7965
6959
5593
4101
2673
1295
-13
-1049
-1816
-2467
-3013
-3418
-3764
-4108
-4537
-4946
-5196
-5433
-5617
-5548
-5184
-4635
-3871
-2788
-1482
-140
1243
2713
4030
5047
5863
6441
6593
6387
5948
5274
4373
3327
2280
1306
429
-345
-975
-1427
-1749
-2050
-2265
-2400
-2536
-2714
-2871
-2896
-2851
-2693
-2359
-1770
-960
37
1227
2568
4010
5404
6685
7813
8690
9201
9346
9155
8610
7779
6721
5519
4293
3075
1930
944
140
-517
-1044
-1377
-1558
-1699
-1769
-1715
-1587
-1460
-1302
-1014
-706
-578
-505
-322
-336
-778
-1293
-1739
-2606
-3858
-4863
-5696
-6800
-7752
-8069
-8110
-8125
-7664
-6573
-5440
-4305
-2848
-1324
-157
830
1777
2371
2541
2571
2505
2168
1704
1360
1046
676
408
332
327
207
126
152
52
-280
-645
-969
-1452
-2089
-2593
-2990
-3419
-3712
-3742
-3613
-3387
-2928
-2254
-1535
-738
199
1125
1918
2672
3414
3941
4186
4355
4427
4227
3806
3396
2965
2321
1633
1091
570
-60
-630
-1031
-1430
-1881
-2198
-2374
-2531
-2610
-2474
-2176
-1803
-1202
-353
604
1679
2928
4296
5589
6805
7977
8954
9589
9924
10018
9709
8983
8016
6864
5474
3948
2476
1121
-153
-1257
-2026
-2529
-2871
-3002
-2839
-2631
-2575
-2455
-2347
-2559
-3126
-3728
-4410
-5469
-6657
-7582
-8341
-9092
-9493
-9315
-8796
-8063
-6885
-5287
-3626
-1999
-300
1256
2436
3297
3941
4182
3994
3652
3186
2477
1665
1047
513
-101
-615
-840
-1003
-1295
-1499
-1514
-1599
-1866
-2059
-2097
-2200
-2435
-2517
-2408
-2332
-2261
-2017
-1594
-1211
-835
-299
263
727
1175
1629
1993
2278
2515
2657
2678
2678
2667
2566
2422
2308
2173
1959
1731
1552
1310
969
613
278
-100
-537
-936
-1253
-1543
-1797
-1891
-1784
-1548
-1201
-605
175
1038
1988
3066
4153
5146
6085
6939
7623
8080
8351
8426
8250
7853
7278
6542
5620
4594
3577
2516
1435
459
-348
-1108
-1790
-2211
-2529
-2930
-3309
-3549
-3940
-4612
-5248
-5879
-6775
-7773
-8518
-9122
-9728
-10041
-9832
-9334
-8678
-7577
-6056
-4480
-2886
-1166
515
1862
2941
3843
4371
4479
4360
4065
3517
2827
2175
1576
948
450
154
-68
-288
-399
-426
-540
-745
-949
-1148
-1491
-1917
-2226
-2467
-2728
-2919
-2912
-2773
-2615
-2321
-1866
-1388
-939
-426
101
533
932
1368
1742
2020
2344
2699
2972
3207
3503
3712
3765
3739
3643
3345
2808
2167
1434
567
-359
-1226
-1985
-2627
-3089
-3274
-3209
-2934
-2417
-1677
-805
150
1251
2355
3381
4392
5388
6265
6947
7586
8120
8402
8488
8476
8264
7799
7192
6468
5608
4616
3613
2618
1636
701
-116
-818
-1513
-2147
-2712
-3257
-3947
-4739
-5437
-6270
-7350
-8352
-9157
-9987
-10766
-11097
-10975
-10715
-10165
-9031
-7595
-6118
-4450
-2586
-891
524
1851
2958
3624
3956
4149
4096
3746
3344
2982
2533
2015
1654
1423
1113
812
627
449
129
-249
-555
-928
-1429
-1859
-2183
-2506
-2762
-2843
-2810
-2723
-2509
-2138
-1773
-1474
-1109
-691
-399
-247
8
304
433
550
845
1214
1485
1826
2351
2861
3257
3628
4009
4168
4093
3903
3500
2881
2103
1229
291
-674
-1506
-2203
-2748
-3038
-3077
-2873
-2475
-1842
-993
-3
1038
2087
3209
4309
5270
6103
6878
7480
7832
8036
8104
7978
7640
7187
6628
5938
5196
4433
3615
2777
2011
1255
447
-339
-1042
-1809
-2773
-3717
-4586
-5631
-6853
-7923
-8828
-9786
-10641
-11102
-11219
-11190
-10865
-10077
-9029
-7871
-6501
-4968
-3509
-2156
-834
352
1255
1973
2597
3047
3278
3489
3705
3806
3816
3870
3963
3876
3631
3394
3079
2520
1762
1070
319
-585
-1423
-2070
-2602
-3063
-3275
-3254
-3119
-2874
-2474
-2031
-1665
-1332
-1007
-874
-871
-835
-860
-1000
-1089
-989
-815
-613
-206
416
1057
1692
2389
3073
3556
3841
3989
3882
3508
2936
2239
1416
510
-311
-1017
-1584
-1980
-2121
-2024
-1784
-1361
-726
-1
751
1503
2311
3091
3756
4400
5017
5565
6013
6420
6764
7008
7137
7146
7010
6770
6410
5915
5313
4645
3961
3230
2429
1640
878
72
-805
-1758
-2678
-3649
-4792
-5926
-6960
-7993
-9030
-9836
-10329
-10700
-10856
-10650
-10123
-9439
-8554
-7442
-6284
-5119
-3953
-2829
-1860
-1011
-224
412
917
1370
1838
2249
2574
2950
3378
3687
3903
4086
4185
4045
3713
3310
2781
2048
1254
544
-178
-848
-1349
-1648
-1819
-1860
-1674
-1415
-1143
-856
-600
-454
-467
-570
-801
-1116
-1480
-1813
-2052
-2193
-2186
-1984
-1588
-1053
-394
329
1057
1771
2398
2813
3053
3134
2992
2654
2178
1624
1060
478
-36
-368
-554
-610
-502
-216
183
622
1093
1598
2080
2491
2873
3281
3633
3984
4353
4739
5092
5412
5749
5955
6045
6062
5966
5706
5310
4921
4445
3890
3334
2796
2243
1629
1048
407
-371
-1192
-2101
-3130
-4255
-5383
-6456
-7530
-8453
-9165
-9653
-9920
-9937
-9626
-9113
-8474
-7672
-6774
-5885
-5076
-4296
-3544
-2929
-2370
-1804
-1227
-659
-3
732
1472
2237
3011
3721
4270
4658
4910
4894
4609
4145
3564
2841
2006
1235
569
-14
-494
-727
-795
-793
-698
-511
-332
-257
-279
-400
-649
-1012
-1468
-1964
-2430
-2837
-3114
-3279
-3262
-3041
-2696
-2218
-1621
-952
-296
323
919
1430
1822
2094
2258
2323
2293
2172
1977
1780
1554
1352
1170
1047
1033
1043
1104
1245
1447
1638
1861
2152
2453
2768
3131
3571
4004
4425
4865
5254
5551
5723
5807
5741
5527
5236
4906
4510
4089
3732
3451
3134
2809
2545
2204
1723
1050
290
-595
-1754
-3006
-4257
-5537
-6825
-7938
-8807
-9473
-9898
-10024
-9853
-9505
-8981
-8300
-7598
-6897
-6209
-5562
-4979
-4463
-3906
-3331
-2744
-2064
-1250
-335
596
1566
2548
3450
4186
4732
5081
5198
5034
4654
4167
3564
2896
2237
1667
1228
878
693
642
648
714
770
741
636
451
100
-422
-974
-1536
-2176
-2770
-3214
-3497
-3658
-3651
-3416
-3071
-2621
-2070
-1486
-914
-388
144
619
991
1349
1661
1884
2043
2174
2246
2205
2070
1929
1763
1511
1267
1111
1015
925
927
1059
1262
1519
1857
2284
2770
3268
3786
4313
4764
5107
5350
5484
5441
5304
5087
4773
4426
4140
3930
3754
3674
3679
3662
3527
3340
3027
2437
1541
508
-658
-2097
-3572
-4929
-6193
-7373
-8263
-8796
-9131
-9217
-9019
-8627
-8199
-7719
-7218
-6809
-6509
-6287
-6093
-5892
-5650
-5279
-4701
-3971
-3042
-1902
-643
636
1915
3090
4008
4662
5047
5153
4956
4522
3987
3403
2785
2248
1884
1633
1468
1408
1461
1507
1475
1382
1201
884
414
-131
-722
-1363
-1980
-2529
-2980
-3298
-3485
-3516
-3433
-3266
-3004
-2710
-2420
-2114
-1757
-1415
-1068
-622
-79
519
1125
1802
2450
2977
3363
3584
3603
3374
2969
2459
1910
1380
956
695
609
721
1005
1419
1924
2478
3054
3569
4005
4385
4648
4770
4783
4754
4633
4446
4305
4202
4148
4151
4263
4445
4630
4823
4901
4792
4495
3957
3124
1984
706
-716
-2274
-3803
-5186
-6382
-7439
-8210
-8650
-8876
-8935
-8823
-8550
-8296
-8061
-7808
-7620
-7504
-7386
-7218
-6941
-6541
-5945
-5110
-4110
-2912
-1551
-116
1259
2491
3596
4465
4993
5212
5249
5087
4706
4252
3843
3462
3091
2836
2671
2525
2351
2156
1900
1542
1120
607
23
-572
-1124
-1669
-2146
-2506
-2788
-2991
-3118
-3151
-3146
-3108
-3066
-2990
-2889
-2757
-2583
-2352
-1992
-1541
-978
-286
521
1359
2132
2838
3404
3700
3729
3524
3078
2464
1793
1146
607
299
214
323
634
1096
1645
2169
2643
3066
3378
3592
3739
3854
3946
4024
4144
4288
4492
4744
5007
5275
5549
5797
5993
6097
6054
5865
5444
4819
3950
2856
1598
187
-1317
-2845
-4273
-5628
-6831
-7771
-8497
-9045
-9392
-9495
-9492
-9435
-9253
-9012
-8781
-8554
-8243
-7895
-7493
-6945
-6219
-5356
-4320
-3082
-1760
-389
980
2276
3378
4247
4872
5228
5331
5213
4945
4572
4189
3819
3478
3230
3025
2817
2599
2359
2020
1552
1021
421
-259
-922
-1511
-2047
-2492
-2810
-3015
-3155
-3223
-3225
-3247
-3261
-3234
-3224
-3187
-3081
-2907
-2616
-2188
-1617
-916
-110
818
1763
2634
3437
4052
4406
4494
4337
3902
3266
2582
1889
1262
820
597
578
719
1021
1394
1725
2015
2248
2403
2513
2608
2758
2998
3323
3750
4270
4821
5369
5861
6261
6567
6713
6741
6646
6418
6023
5470
4783
3906
2815
1575
215
-1310
-2879
-4404
-5866
-7223
-8368
-9238
-9923
-10383
-10572
-10575
-10452
-10206
-9868
-9506
-9128
-8689
-8202
-7650
-6937
-6076
-5064
-3866
-2476
-1005
498
2007
3352
4501
5399
5994
6274
6306
6136
5809
5384
4993
4650
4289
4013
3783
3444
2987
2444
1776
902
-77
-1041
-2017
-2895
-3558
-4035
-4319
-4373
-4271
-4123
-3954
-3774
-3652
-3621
-3610
-3552
-3450
-3249
-2839
-2227
-1463
-547
443
1451
2395
3193
3796
4187
4338
4245
3989
3616
3171
2707
2274
1921
1654
1494
1447
1415
1439
1514
1564
1600
1672
1797
1949
2192
2594
3132
3754
4466
5231
5982
6610
7115
7509
7737
7807
7723
7516
7166
6664
6062
5278
4237
2965
1526
-169
-2064
-3971
-5807
-7613
-9214
-10405
-11282
-11889
-12149
-12067
-11884
-11602
-11180
-10756
-10342
-9883
-9300
-8601
-7738
-6611
-5258
-3725
-2027
-276
1435
3021
4411
5515
6283
6739
6886
6819
6634
6372
6060
5794
5588
5343
5042
4661
4115
3331
2327
1190
-77
-1348
-2530
-3539
-4300
-4795
-5038
-5055
-4870
-4666
-4496
-4388
-4352
-4412
-4477
-4443
-4313
-3952
-3341
-2461
-1359
-99
1179
2355
3362
4126
4604
4739
4668
4443
4078
3712
3456
3276
3144
3101
3061
2928
2687
2324
1826
1217
623
110
-245
-285
-3
595
1482
2604
3819
4941
5958
6802
7322
7605
7755
7774
7713
7706
7735
7693
7571
7321
6663
5478
3960
1985
-486
-3126
-5642
-8073
-10241
-11749
-12682
-13229
-13323
-13006
-12649
-12394
-12060
-11788
-11735
-11607
-11185
-10550
-9590
-8007
-5985
-3790
-1366
1091
3243
5008
6419
7312
7652
7701
7558
7280
7066
7021
7011
7018
7096
6990
6561
5857
4763
3204
1322
-592
-2502
-4230
-5517
-6364
-6828
-6853
-6537
-6139
-5773
-5480
-5428
-5643
-5843
-5913
-5824
-5350
-4342
-2955
-1245
789
2872
4673
6094
7006
7260
6989
6412
5607
4662
3843
3234
2795
2585
2566
2470
2166
1691
966
19
-919
-1691
-2286
-2496
-2158
-1328
-66
1619
3472
5177
6659
7878
8710
9170
9471
9646
9692
9784
10057
10303
10387
10271
9680
8314
6324
3897
953
-2313
-5437
-8228
-10722
-12635
-13751
-14376
-14792
-14922
-14890
-14996
-15079
-14886
-14514
-13983
-12913
-11243
-9197
-6723
-3873
-1122
1266
3346
5008
6116
6878
7461
7767
7957
8235
8558
8743
8870
8739
8054
6948
5559
3824
1903
97
-1625
-3232
-4437
-5143
-5668
-5984
-6090
-6327
-6720
-6976
-7085
-7230
-7154
-6713
-6085
-5226
-3883
-2307
-859
559
1893
2888
3616
4385
5029
5375
5665
5991
6151
6197
6228
5947
5166
4089
2850
1408
-23
-1235
-2276
-3136
-3618
-3657
-3378
-2865
-2225
-1530
-830
-47
975
2224
3569
4997
6562
8126
9650
11193
12594
13533
14006
14220
13968
13119
11990
10487
8160
5325
2667
-85
-3091
-5609
-7680
-9973
-12103
-13492
-14694
-16106
-17081
-17560
-18108
-18247
-17242
-15646
-13975
-11640
-8807
-6273
-3795
-1040
1351
3067
4677
6276
7571
8899
10464
11668
12274
12514
12217
11129
9596
7775
5365
2810
739
-1059
-2590
-3500
-4194
-5233
-6351
-7262
-8307
-9462
-10185
-10490
-10622
-10123
-8707
-6964
-5290
-3457
-1776
-748
196
1427
2475
3361
4592
5933
7014
8118
9150
9515
9055
8179
6913
5181
3497
2116
711
-622
-1487
-2124
-2800
-3334
-3878
-4686
-5396
-5671
-5557
-4900
-3566
-1841
123
2395
4723
6710
8387
9774
10638
11273
12210
13205
13991
14993
15826
15647
14780
13449
10687
6637
2736
-1031
-5100
-8216
-9792
-11310
-13133
-14127
-14897
-16750
-18594
-19334
-20085
-20700
-19392
-16561
-13788
-10524
-6344
-2914
-622
1768
4036
5256
6257
7975
9693
11112
12918
14534
14857
14117
12718
10336
7322
4455
1676
-903
-2720
-3924
-4969
-5795
-6681
-8185
-10045
-11592
-12791
-13531
-13205
-11841
-10167
-8096
-5475
-3212
-1680
-392
594
1074
1885
3515
5359
7174
9102
10555
11051
10826
10042
8531
6465
4538
2959
1555
591
32
-729
-1848
-3069
-4426
-5900
-7077
-7782
-7933
-7345
-6078
-4190
-1901
313
2344
4257
5909
7290
8679
10145
11445
12640
14005
15276
16007
16470
16724
15955
14169
12191
9446
5223
1064
-2232
-5802
-9181
-10974
-12217
-14401
-16313
-17201
-18578
-20497
-20955
-20205
-19719
-18199
-14601
-11037
-8402
-5101
-1553
657
2640
5636
8221
9764
11608
13777
14947
15327
15768
15315
13311
11009
8913
6371
3804
1655
-764
-3370
-5493
-7430
-9317
-10831
-12193
-13530
-14254
-14002
-13124
-11770
-9896
-7925
-6221
-4307
-2101
-354
988
2469
3675
4608
6202
8130
9483
10324
10746
10403
9392
8167
6842
5142
3130
1359
-100
-1557
-2839
-3899
-5302
-6792
-7772
-8335
-8523
-8237
-7526
-6455
-5083
-3344
-1041
1369
3427
5532
7724
9530
11257
13091
14436
15273
16020
16630
16806
16786
16797
15995
13963
11595
8661
4030
-890
-4420
-7851
-11466
-13296
-14137
-16346
-18863
-20024
-21151
-22863
-22939
-20895
-18915
-16785
-12810
-8637
-6294
-3920
-501
2087
4159
7649
11391
13365
14615
16115
16586
15697
14933
14208
12234
9676
7662
5488
2644
-150
-3031
-6167
-8662
-10316
-11422
-12011
-12426
-13054
-13477
-13141
-12168
-10676
-8617
-6316
-4206
-2067
308
2235
3472
4539
5521
6338
7584
9446
10764
10983
10487
9331
7406
5410
3867
2330
551
-1019
-2210
-3586
-5063
-6335
-7697
-9093
-9749
-9420
-8648
-7538
-6102
-4621
-3217
-1542
730
3205
5490
7822
10260
12345
14049
15657
16708
16945
17004
17069
16703
16195
15876
14867
12634
9981
6982
2406
-2861
-6647
-9672
-13017
-15044
-15506
-17193
-19943
-21211
-21588
-22463
-22144
-19448
-16701
-14701
-11446
-7427
-4992
-3125
209
3564
5934
9137
12840
14476
14500
14731
14615
13571
12764
12419
11059
8521
5922
3385
346
-2621
-5210
-7767
-9634
-10558
-11055
-11327
-11526
-12121
-12684
-12109
-10443
-8120
-5306
-2574
-473
1132
2739
4308
5507
6464
7438
8180
8762
9640
10067
9273
7875
6323
4539
2990
1941
922
-685
-2762
-4602
-6172
-7694
-8684
-9093
-9499
-9533
-8774
-7664
-6547
-5357
-4036
-2551
-789
1529
4284
6808
8811
10706
12488
13781
14958
16028
16313
16223
16231
15813
15132
14607
13703
11881
9458
6770
2836
-2313
-6169
-8675
-11742
-13896
-14282
-15854
-18919
-20601
-20807
-21218
-20841
-18173
-15205
-13593
-11177
-7399
-4874
-3361
-221
3564
5954
8569
11961
13438
12996
12997
13178
12570
12022
11762
10386
7391
4236
1636
-1193
-3716
-5688
-7917
-9517
-10134
-10758
-11127
-11119
-11603
-11972
-11053
-9017
-6634
-4187
-1798
-20
1182
2783
4816
6380
7483
8519
9189
9412
9819
10040
9163
7743
6478
5004
3348
2134
1004
-1068
-3601
-5256
-6529
-7952
-8545
-8489
-8959
-9295
-8610
-7595
-6622
-5291
-3524
-1786
-68
2193
4846
7077
8890
10788
12467
13774
15027
15979
16538
16789
16496
15924
15543
14884
13462
11529
9106
5163
-289
-4440
-6817
-9814
-12298
-12746
-14436
-18385
-20661
-20768
-21395
-21417
-18677
-15835
-15074
-13310
-9547
-7013
-5563
-2156
2203
4854
7236
10642
12253
11568
11731
12663
12624
12438
12576
11365
8188
4877
2385
-175
-2522
-4464
-6972
-9160
-10216
-11103
-11545
-11382
-11720
-12236
-11431
-9444
-7415
-5163
-2557
-985
-191
1736
4118
5730
7233
8620
9140
9225
9803
10336
9786
8652
7715
6399
4543
3222
2187
90
-2516
-4195
-5513
-6993
-7635
-7835
-8632
-9285
-9081
-8279
-7087
-5632
-4009
-2439
-898
1085
3442
5834
8079
9842
11253
12802
14083
14844
15707
16346
15929
15197
15119
14880
13630
11880
9937
6249
452
-3792
-5497
-8179
-10904
-11100
-12546
-17022
-19761
-19612
-19953
-20308
-17898
-14980
-14605
-13673
-10060
-7231
-5897
-2616
1916
4457
6308
9390
10995
10233
10478
11841
12116
11891
11931
10836
7883
4863
2947
1016
-944
-2725
-5533
-8252
-9383
-10305
-10941
-10601
-10865
-11889
-11661
-9821
-7863
-5989
-3689
-2239
-1879
-411
2126
4119
5793
7268
7828
7867
8404
9218
9160
8398
7837
6890
5283
4107
3299
1526
-951
-2553
-3637
-5032
-5819
-6317
-7586
-8619
-8654
-8061
-6966
-5705
-4574
-3439
-2148
-245
2265
4740
6932
8628
9942
11490
13165
14398
15275
15949
15834
15206
15060
15162
14602
13073
11071
8297
3043
-2560
-4770
-6475
-9855
-11200
-11651
-15492
-19712
-20313
-19819
-20361
-19207
-16036
-14916
-15229
-12683
-8777
-6876
-4608
129
3769
5075
7408
10040
10086
9885
11529
12673
12404
12061
11459
9255
6134
4163
2673
598
-1281
-3975
-7334
-8883
-9545
-10492
-10435
-10385
-11607
-12241
-10950
-8959
-7292
-5322
-3392
-2743
-2077
254
2896
4525
5924
7276
7671
7695
8636
9428
8906
8250
7760
6361
4643
3641
2434
164
-1837
-2810
-4060
-5520
-6201
-7109
-8520
-8904
-8207
-7385
-6419
-5226
-4201
-3128
-1295
1303
4025
6444
8300
9714
11225
12952
14411
15546
16537
16809
16260
15985
16306
15950
14326
12507
9806
4088
-1509
-3290
-5092
-8681
-9949
-10716
-15322
-19798
-20101
-19622
-20426
-19220
-16189
-15829
-16530
-13668
-9809
-8218
-5614
-504
2920
4138
6676
9253
9325
9594
11653
12929
12669
12230
11349
9032
6239
4663
3410
1433
-667
-3751
-7148
-8521
-9144
-10071
-10066
-10297
-11800
-12421
-10985
-9044
-7530
-5627
-3822
-3409
-2678
3
2646
4076
5524
6978
7287
7391
8686
9665
9183
8731
8337
6771
5100
4096
2696
612
-1165
-2321
-3799
-5448
-6355
-7270
-8560
-8895
-8350
-7856
-7073
-6160
-5457
-4229
-2238
178
2897
5382
7112
8621
10393
12118
13607
15069
16183
16536
16400
16658
17227
16641
15123
13406
8955
2605
-246
-1471
-5010
-7207
-7681
-11597
-17099
-18948
-18631
-19361
-19338
-16940
-15899
-17252
-15977
-11994
-9915
-8193
-3578
573
2052
4172
7188
8155
8609
10913
12912
13079
12749
12299
10681
8307
6923
5931
3957
1834
-1040
-4969
-6942
-7406
-8751
-9534
-9799
-11617
-13334
-12699
-11050
-9800
-8289
-6374
-5527
-5290
-3302
-179
1857
3403
5404
6445
6575
7906
9653
9870
9783
10025
8980
7168
6142
5092
3215
1371
77
-1581
-3738
-5188
-6230
-7839
-8935
-8827
-8736
-8563
-7716
-7025
-6313
-4560
-2237
219
2904
5209
7243
9376
11162
12965
14891
16113
16771
17167
17377
17908
18093
17146
15643
11958
5709
1721
469
-2454
-5480
-6338
-9554
-15520
-18540
-18482
-19088
-19635
-18084
-16836
-18041
-18015
-14499
-11647
-10158
-6151
-1399
673
2436
5482
7363
8272
10479
13030
13774
13322
12983
12048
10230
8826
7841
5981
3517
589
-3122
-5526
-6153
-7396
-8875
-9670
-11323
-13376
-13403
-11822
-10491
-9316
-7655
-6603
-6491
-5000
-1820
702
2470
4480
5711
5898
6832
8756
9859
10136
10410
9733
7968
6596
5802
4475
2580
939
-657
-2884
-4786
-5759
-7069
-8503
-8917
-8942
-9008
-8609
-7899
-7108
-5831
-3866
-1508
840
2975
5076
7298
9379
11242
13276
14861
15556
16057
16627
17349
17902
17501
16619
14003
8037
3398
2421
115
-3305
-4268
-6718
-12813
-16854
-17098
-17539
-18682
-17832
-16445
-17698
-18630
-15659
-12316
-11125
-8107
-3128
-763
440
3640
6142
7001
9286
12296
13427
13207
13112
12714
11317
10103
9500
7857
5424
3037
-533
-3545
-4097
-4971
-6932
-8225
-9838
-12289
-13184
-12012
-10812
-10211
-9204
-8148
-8086
-7222
-4271
-1532
74
2025
3682
4100
5152
7379
8813
9425
10232
10129
8640
7515
7193
6303
4637
3194
1641
-811
-2978
-3994
-5302
-7115
-7975
-8451
-9181
-9200
-8646
-8221
-7324
-5708
-3855
-1769
412
2516
4760
7193
9408
11307
13212
14640
15307
16048
17149
18012
18027
17520
16266
11929
6181
4017
2932
-814
-3130
-4028
-8971
-14974
-16578
-16614
-18206
-18828
-17471
-17859
-19946
-18717
-14855
-13047
-11440
-6954
-3283
-2202
373
4162
5750
7321
10624
12682
12919
13299
13687
13151
12022
11185
10072
7830
5590
2873
-694
-2432
-3049
-5089
-7007
-8244
-10586
-12724
-12581
-11363
-10735
-10139
-8983
-8562
-8521
-6487
-3211
-1002
719
2629
3482
4021
6050
8362
9444
10167
10558
9549
8145
7767
7536
6222
4400
2774
717
-1676
-3131
-4155
-5969
-7660
-8424
-8994
-9422
-9156
-8638
-8135
-7066
-5410
-3575
-1508
673
2739
4942
7389
9604
11369
13003
14305
15001
15759
17059
18016
17738
16831
15158
10743
5601
4026
3035
-582
-2916
-4427
-9566
-14925
-16120
-16132
-17644
-18256
-17241
-18037
-19954
-18354
-14630
-12936
-11062
-6806
-3785
-2755
36
3696
5281
7035
10179
11880
12067
12664
13211
12757
11727
10904
9680
7453
5371
2788
-479
-1950
-2620
-4742
-6656
-7906
-10210
-12125
-11730
-10523
-10140
-9723
-8784
-8702
-8571
-6150
-2996
-1148
475
2106
2719
3650
6068
8256
9199
9855
10026
9040
8090
8139
8002
6521
4740
3380
1341
-849
-1920
-3159
-5286
-6689
-7313
-8210
-8824
-8671
-8385
-8122
-7254
-5666
-3998
-2398
-425
1637
3526
6021
8529
9898
11249
12825
13502
14380
16218
17255
16905
16273
14983
11049
6168
4637
4053
551
-2137
-3293
-8002
-13642
-14813
-14543
-16317
-17359
-16517
-17487
-19758
-18468
-14729
-12976
-11561
-7846
-4841
-3781
-1070
2899
4645
6150
9353
11309
11696
12608
13445
13270
12520
11711
10587
8755
6909
4518
1287
-384
-1199
-3515
-5549
-6912
-9587
-11912
-11684
-10639
-10619
-10606
-9985
-10175
-10052
-7539
-4545
-2700
-949
497
1224
2645
5204
7585
8861
9589
10060
9559
8788
8989
8988
7584
5965
4653
2638
574
-688
-2248
-4172
-5582
-6775
-7831
-8397
-8706
-8764
-8392
-7513
-6037
-4535
-3081
-1034
924
2777
5629
8105
9267
10999
12841
13405
14504
16459
17203
16894
16547
15526
12032
7256
5433
4699
1105
-1702
-2743
-7231
-12951
-14407
-14405
-16398
-17668
-17033
-18095
-20425
-19263
-15729
-14082
-12800
-9315
-6350
-5253
-2466
1706
3525
4975
8250
10395
11078
12283
13376
13475
12750
11877
11103
9599
7924
5806
2540
630
-198
-2445
-4429
-5798
-8512
-10793
-10828
-10244
-10278
-10313
-9891
-9875
-9733
-7730
-5065
-3383
-1731
-19
745
1925
4570
6901
7900
8908
9804
9430
8796
8974
9123
8133
6496
5159
3564
1486
61
-1185
-3157
-4810
-5943
-7105
-7801
-8213
-8643
-8415
-7674
-6742
-5275
-3690
-2114
-217
1718
3938
6300
7866
9441
11452
12532
13428
15118
16223
16370
16105
15391
13760
10101
6301
5131
3549
-129
-2162
-3841
-8739
-13114
-13882
-14473
-16406
-17145
-16966
-18275
-19593
-17785
-14536
-13197
-11782
-8255
-5855
-4716
-1355
2269
3617
5510
8589
10332
11155
12494
13590
13237
12293
11955
11076
9308
7865
5584
2373
723
-269
-2511
-4669
-6394
-8827
-10802
-10832
-10166
-10359
-10740
-10536
-10332
-9884
-7833
-5118
-3611
-2421
-838
229
1779
4548
6666
7613
8490
9059
8879
8761
9266
9302
8018
6483
5239
3612
1929
573
-1062
-2952
-4518
-5568
-6411
-7275
-7986
-8340
-8139
-7496
-6523
-4969
-3342
-2117
-349
2123
4302
6455
8640
10008
11045
12509
13844
14819
15886
16477
16092
15300
14213
11383
7092
4667
3699
760
-2404
-3763
-7267
-12696
-14770
-14613
-16190
-17899
-17714
-18161
-19882
-19194
-15805
-13823
-13148
-10247
-6751
-5192
-2771
1220
3332
4626
7775
10391
11284
12460
13533
13309
12717
12446
11866
10335
8611
6662
3478
1163
508
-1356
-4063
-5808
-7921
-10369
-11125
-10597
-10514
-11073
-11019
-10392
-9988
-8604
-6149
-4503
-3354
-1583
31
1422
3490
5783
7141
7879
8776
9323
9196
9161
9232
8505
7109
5818
4479
2647
817
-678
-2116
-3522
-4741
-5836
-6911
-7861
-8276
-8063
-7685
-6948
-5652
-4329
-3077
-1480
734
3083
5080
7308
9401
10479
11647
13353
14468
15198
16027
16328
15784
14823
13683
11083
6867
4388
3453
306
-3171
-4584
-7796
-12891
-14795
-14600
-16302
-18149
-17926
-18073
-19455
-18722
-15504
-13509
-12727
-9988
-6673
-5085
-2649
1303
3551
5039
8068
10425
11128
12095
13258
13369
12808
12455
11795
10072
8389
6735
3857
1673
801
-1335
-4077
-5765
-7797
-10128
-10912
-10632
-10915
-11501
-10950
-10046
-9809
-8731
-6592
-5182
-4013
-1820
52
1108
2978
5294
6362
7131
8617
9188
8790
8969
9098
8174
6921
5962
4624
2690
1122
95
-1513
-3329
-4283
-5369
-6929
-7508
-7477
-7953
-7842
-6699
-5883
-5259
-3736
-1955
-292
1988
4430
6295
8034
9889
11379
12674
14046
14882
14971
15078
15298
14839
13751
12833
10686
6083
2819
2096
-556
-4227
-5385
-7724
-12861
-15521
-15209
-16231
-18215
-18007
-17194
-18389
-18446
-15183
-12689
-12376
-10163
-6193
-4034
-1982
2046
4753
5448
7720
10750
11902
12433
13456
13887
13112
12084
11553
10340
8291
6507
3883
1053
-246
-1967
-4548
-6303
-8286
-10657
-11515
-11202
-11187
-11600
-11410
-10428
-9760
-8767
-6571
-4741
-3575
-1625
452
1851
3630
5655
6704
7250
8270
9068
8866
8488
8646
8269
6835
5633
4737
2896
817
-350
-1518
-3075
-4362
-5550
-6693
-7334
-7598
-7502
-7075
-6862
-6366
-5288
-4265
-2694
-435
1507
3467
5525
7169
9071
11073
12197
13196
14305
14557
14520
14764
14478
13563
12422
11136
9563
6278
1988
13
-1340
-4859
-7224
-8046
-11515
-15470
-16104
-15963
-17200
-17880
-17093
-16885
-17370
-15549
-11958
-10355
-9420
-6107
-2780
-1031
1689
4983
6271
7350
9853
11652
12202
12762
13142
12643
11457
10447
9463
7709
5902
3754
721
-1138
-2039
-4102
-6045
-7204
-9072
-10855
-11137
-10578
-10359
-10239
-9531
-8924
-8262
-6455
-4386
-2903
-1251
371
1374
2654
4539
5894
6413
7070
7805
7734
7454
7638
7424
6347
5176
4142
2751
1319
277
-982
-2460
-3560
-4657
-5734
-6227
-6461
-6652
-6470
-6128
-5764
-4931
-3619
-2321
-905
867
2429
3811
5663
7728
9328
10495
11525
12367
12804
13157
13512
13192
12340
11638
10711
9116
7852
6343
2503
-1156
-2055
-3882
-7324
-8470
-9340
-12896
-15546
-15220
-14954
-16159
-16314
-14747
-14500
-14748
-12052
-8880
-8157
-6656
-3131
-778
685
3452
5721
6245
7690
10026
10942
11093
11547
11385
10238
9146
8520
7391
5780
4405
1969
-875
-1945
-2785
-4549
-5730
-6799
-8792
-10286
-10114
-9335
-9135
-8805
-7981
-7679
-7124
-5217
-3285
-2011
-739
356
1237
2528
4161
5449
6130
6559
6804
6657
6569
6878
6743
5727
4759
3889
2526
1359
542
-633
-1796
-2743
-3788
-4558
-5053
-5369
-5213
-5134
-5169
-4601
-3869
-3217
-2228
-1022
247
1603
3063
4689
6168
7373
8680
10069
10964
11256
11552
11840
11710
11382
10968
10241
9095
7551
6378
5064
1591
-1821
-2522
-3923
-6919
-7802
-8493
-12006
-14531
-13875
-13393
-14281
-14083
-12909
-13295
-13784
-11228
-7947
-6998
-5772
-2683
-801
8
2756
5583
6161
7100
9164
9865
9606
10194
10745
9949
8744
8031
6943
5295
3967
2027
-466
-1630
-2523
-4375
-5837
-7023
-8710
-9741
-9431
-8864
-9157
-9477
-8802
-8186
-7446
-5312
-3367
-2697
-1722
-250
873
2304
4376
5768
5909
6152
6971
7136
7038
7768
7837
6271
4967
4572
3740
2580
1799
712
-937
-2303
-3145
-3771
-4389
-4938
-5184
-5400
-5467
-4910
-4298
-3911
-3169
-2249
-1196
403
1794
2874
4519
6141
7274
8677
9913
10303
10577
11048
11251
11084
10629
10026
9296
8289
7258
6114
4688
2430
-1126
-3706
-4286
-5881
-8337
-8991
-10209
-13368
-14642
-13481
-13265
-14051
-13419
-12252
-12622
-12211
-8871
-6012
-5576
-3973
-672
896
2040
5074
6946
6802
7964
9942
10184
9793
10199
10112
8844
7691
6975
5482
3736
2400
113
-2153
-2824
-3939
-6013
-7150
-8049
-9563
-10153
-9538
-9140
-9284
-8936
-7872
-6961
-5986
-4135
-2225
-1121
71
1645
2743
3804
5431
6646
7105
7582
7886
7591
7334
7368
7104
6206
5082
3990
2764
1501
465
-552
-1862
-3164
-4175
-5041
-5744
-6137
-6420
-6500
-6109
-5406
-4597
-3827
-3042
-1851
-376
1033
2546
4078
5399
6650
7976
9346
10524
11209
11663
11920
11533
11008
10807
10159
8876
7662
6439
4867
3247
2035
206
-3427
-6310
-6765
-8106
-10443
-10603
-11043
-13852
-14910
-13216
-12441
-12757
-11748
-10240
-10122
-9470
-6369
-3570
-2925
-1472
1472
3000
3880
6165
7572
7130
7706
9033
9027
8484
8242
7634
6361
5139
4309
2929
1059
-348
-2139
-3944
-4452
-5290
-6903
-7718
-8190
-8893
-8966
-8206
-7460
-7218
-6624
-5229
-4256
-3353
-1455
311
1345
2388
3499
4422
5245
6222
7182
7293
6932
7047
6754
5868
5563
5275
3919
2518
1672
561
-629
-1435
-2180
-3061
-4016
-4689
-4947
-5433
-5858
-5400
-4928
-4724
-3900
-2946
-2201
-1013
382
1443
2378
3451
4781
5887
6585
7548
8460
8843
9375
9801
9379
8884
8628
7879
6976
6357
5396
4032
2797
1787
826
-318
-1242
-2096
-4573
-7248
-7273
-7104
-8598
-8681
-7888
-9417
-10834
-9512
-8144
-8298
-7719
-6091
-5771
-6021
-4087
-1544
-1135
-799
1155
2215
2104
3345
4647
4069
3909
4880
4825
4046
4109
4163
3197
2222
1854
1101
38
-331
-1293
-2991
-3213
-2882
-3742
-4294
-4335
-5209
-5831
-5042
-3987
-3758
-3680
-3078
-2707
-2505
-1344
206
931
1277
1776
2026
2254
3159
4229
4271
3934
4109
3767
3129
3577
3902
2900
1964
1672
1002
215
70
-134
-1002
-1891
-2345
-2679
-3019
-3099
-3055
-3279
-3320
-2729
-2137
-1726
-978
-258
300
1166
2110
3003
3949
4740
5424
6061
6634
7278
7834
8105
8212
8014
7479
7016
6595
5984
5440
4824
3618
2331
1521
538
-382
-636
-2201
-5277
-6421
-6062
-7177
-7961
-7032
-7764
-10110
-10193
-8602
-8310
-8318
-6864
-6052
-6849
-6144
-3421
-2142
-2236
-777
874
812
1468
3302
3515
2973
3898
4770
4260
3922
4241
3686
2577
2436
2473
1582
861
121
-1600
-2431
-1799
-1959
-2962
-3448
-4060
-5085
-4924
-3602
-3047
-3372
-3117
-2554
-2369
-1537
73
1037
1159
1547
2282
2666
3281
4406
4600
4118
4396
4410
3715
3772
3900
2869
1893
1435
563
-382
-856
-1343
-2161
-3073
-3562
-3682
-4167
-4473
-4164
-4348
-4591
-3699
-2862
-2611
-1750
-660
91
1223
2543
3489
4439
5288
5873
6507
7115
7692
8082
8158
8193
7984
7310
6878
6699
5893
4938
4172
2913
1654
953
134
-797
-1451
-2278
-3221
-3590
-4131
-5803
-6826
-6134
-6136
-7033
-6497
-6063
-7289
-7442
-5752
-4928
-5192
-4388
-3297
-3727
-3800
-1846
-535
-1062
-741
512
493
315
1564
2061
1003
969
1911
1659
1078
1468
1439
612
375
569
140
-192
70
-501
-1337
-909
-500
-907
-930
-804
-1254
-1332
-565
107
118
174
609
712
660
1299
1933
1778
1598
1631
1378
1227
1516
1597
1142
702
419
-92
-466
-385
-529
-1134
-1553
-1660
-1903
-2020
-1719
-1632
-1898
-1862
-1515
-1361
-1175
-700
-160
267
646
1252
1708
1817
2206
2887
3239
3486
3822
3945
3926
3993
4223
4350
4135
3847
3598
3140
2767
2816
2789
2397
2104
1900
1437
1186
1248
946
601
486
200
-73
-212
-368
-491
-653
-537
-559
-1952
-3107
-2582
-2706
-3585
-3027
-2855
-4663
-5570
-4660
-4479
-5098
-4752
-4395
-5428
-5901
-4391
-3239
-3693
-3492
-2332
-2215
-2053
-364
644
92
442
1744
2174
2367
3368
3948
3398
3158
3689
3646
3258
3376
2742
1633
1554
1665
1167
711
177
-894
-1675
-1682
-1630
-2011
-2382
-2506
-2883
-3069
-2527
-1991
-1886
-1775
-1582
-1542
-1184
-287
345
560
921
1215
1228
1528
2150
2507
2428
2100
1758
1525
1392
1461
1448
1007
428
68
-91
-166
-251
-412
-609
-730
-610
-377
-236
-227
-200
-40
178
539
1091
1406
1405
1592
1903
2161
2504
2879
2932
2673
2600
2652
2575
2573
2659
2469
2200
2097
1760
1313
1149
926
502
335
145
-438
-937
-987
-797
-739
-707
-756
-1770
-3230
-3076
-2204
-2630
-2785
-2207
-3182
-4443
-3694
-2738
-3049
-3170
-2786
-3310
-4052
-3255
-1780
-1613
-2004
-1517
-1208
-1400
-541
627
340
-41
681
954
650
1135
1753
1633
1518
1820
1780
1302
1348
1413
781
715
1203
840
222
232
-11
-584
-453
-82
-478
-1014
-885
-784
-1004
-798
-359
-426
-666
-476
-300
-365
-65
390
225
47
394
373
82
407
780
527
357
497
319
1
90
373
391
184
68
43
-118
-136
148
213
111
220
255
163
346
553
579
697
762
719
839
988
1063
1203
1339
1357
1378
1479
1547
1465
1347
1455
1538
1395
1465
1755
1750
1628
1796
1962
1930
2042
2177
1982
1805
1797
1630
1475
1508
1420
1105
854
706
73
-1168
-1732
-1637
-2344
-3091
-2901
-3409
-4755
-4935
-4396
-4667
-5000
-4645
-4725
-5305
-4860
-3592
-3084
-3111
-2455
-1634
-1330
-530
841
1222
1057
1717
2324
2393
2854
3460
3360
2926
2763
2706
2426
2218
1998
1035
129
9
-322
-961
-1171
-1548
-2453
-2845
-2554
-2477
-2620
-2466
-2397
-2552
-2327
-1665
-1115
-813
-472
-121
107
535
1290
1583
1433
1711
1881
1538
1706
2170
1819
1281
1153
806
337
318
309
-195
-747
-992
-1157
-1327
-1292
-1141
-1243
-1377
-1058
-683
-618
-324
174
413
736
1182
1397
1598
1983
2298
2505
2755
2872
2700
2538
2713
2893
2764
2574
2289
1788
1499
1583
1546
1245
1057
873
540
494
734
763
502
309
312
303
382
664
759
582
463
578
801
622
-143
-623
-571
-882
-1210
-1016
-1484
-2698
-3077
-2827
-3085
-3400
-3351
-3749
-4575
-4629
-3942
-3639
-3796
-3604
-3230
-3153
-2651
-1644
-1329
-1505
-1021
-262
154
659
1281
1415
1279
1608
2127
2231
2290
2314
1747
1265
1536
1677
1343
1039
561
-200
-534
-258
-210
-704
-1114
-1373
-1668
-1585
-1145
-952
-1106
-1162
-1096
-1037
-728
-125
196
212
386
561
557
788
1347
1521
1287
1203
1175
948
909
1159
1200
882
514
333
165
38
133
112
-238
-499
-436
-316
-208
-8
172
189
153
328
650
932
1188
1356
1306
1276
1448
1807
2210
2324
2186
2075
2016
1931
2009
2120
2057
1836
1587
1463
1440
1490
1534
1434
1132
844
664
516
484
527
407
87
-252
-388
-432
-495
-420
-575
-1441
-2195
-2225
-2266
-2491
-2415
-2622
-3441
-3914
-3784
-3659
-3681
-3578
-3599
-3901
-3936
-3366
-2812
-2636
-2295
-1858
-1649
-1294
-551
-84
34
440
1008
1289
1515
1920
2094
2033
2106
2255
2194
2144
2185
1882
1426
1311
1312
1020
643
342
-106
-477
-467
-350
-558
-845
-928
-1050
-1146
-948
-630
-556
-654
-653
-519
-394
-120
303
406
257
338
509
531
613
697
628
511
486
505
453
359
270
210
116
-4
-2
-14
-134
-166
-162
-135
17
171
230
329
395
450
687
900
945
983
1034
1085
1172
1291
1397
1410
1360
1303
1319
1359
1356
1256
1105
933
799
797
805
796
716
638
665
607
517
518
469
384
406
430
388
361
307
256
252
289
307
164
-278
-766
-981
-1019
-1147
-1336
-1593
-2096
-2553
-2628
-2555
-2650
-2865
-3093
-3288
-3396
-3166
-2759
-2653
-2634
-2435
-2153
-1724
-1159
-787
-516
-280
-1
449
881
1272
1618
1771
1784
1908
2083
2211
2283
2200
1876
1625
1650
1538
1272
1051
704
315
95
-75
-314
-560
-781
-937
-1052
-1115
-1111
-1253
-1397
-1405
-1357
-1159
-928
-836
-824
-766
-585
-331
-112
20
122
198
277
410
523
532
522
527
489
426
439
464
352
199
58
14
29
25
63
24
-75
-86
14
114
225
322
402
530
632
699
848
1010
1062
1165
1264
1299
1412
1587
1628
1602
1615
1626
1631
1595
1627
1654
1534
1425
1466
1501
1400
1354
1319
1132
962
975
945
744
596
451
235
88
36
-194
-679
-1053
-1278
-1547
-1750
-1861
-2128
-2514
-2821
-2910
-2903
-2921
-2863
-2877
-3028
-3009
-2724
-2439
-2134
-1786
-1550
-1330
-981
-596
-296
-21
317
654
898
1107
1286
1387
1488
1596
1645
1601
1495
1316
1055
864
763
626
390
127
-211
-561
-793
-879
-938
-1142
-1371
-1482
-1522
-1532
-1397
-1286
-1336
-1387
-1293
-1148
-953
-690
-566
-448
-240
-146
7
249
332
415
528
532
522
592
615
657
733
692
645
587
489
467
473
420
396
392
385
420
494
550
564
611
702
764
814
899
1002
1046
1093
1212
1275
1292
1397
1457
1441
1496
1538
1582
1643
1633
1583
1558
1527
1535
1584
1589
1549
1443
1343
1322
1313
1252
1120
978
868
705
536
498
354
131
18
-102
-351
-655
-846
-1085
-1505
-1774
-1835
-2102
-2427
-2572
-2788
-3065
-3118
-3048
-3112
-3265
-3285
-3210
-3093
-2847
-2555
-2363
-2238
-2004
-1629
-1222
-884
-582
-385
-191
167
485
741
992
1071
1004
1080
1265
1303
1275
1195
992
806
729
637
408
155
-114
-389
-541
-607
-708
-832
-937
-1062
-1196
-1228
-1114
-1044
-1041
-959
-826
-720
-536
-255
-56
38
185
399
484
628
874
986
1023
1128
1218
1241
1298
1303
1223
1124
1064
1061
1049
969
884
801
722
705
763
780
730
673
631
661
729
844
953
1017
1082
1142
1219
1249
1247
1298
1324
1325
1320
1322
1259
1213
1251
1205
1059
974
899
731
619
584
517
393
315
268
204
165
135
61
-69
-123
-157
-204
-232
-277
-397
-520
-543
-577
-688
-858
-1006
-1265
-1566
-1644
-1663
-1816
-2009
-2160
-2371
-2567
-2574
-2499
-2526
-2603
-2593
-2579
-2533
-2331
-2090
-1924
-1780
-1580
-1362
-1112
-823
-537
-311
-106
54
214
447
632
785
928
976
934
910
912
909
838
741
687
547
351
196
89
32
-19
-107
-236
-356
-452
-478
-443
-406
-377
-388
-350
-227
-136
-45
116
218
264
393
551
650
760
874
941
1008
1085
1114
1083
1046
1044
1055
996
947
924
801
665
657
621
546
487
420
342
306
335
356
370
395
431
417
423
499
603
681
728
771
834
895
948
985
1012
1021
1032
1062
1044
984
941
930
913
886
796
714
646
534
416
330
269
190
118
60
-41
-153
-191
-272
-361
-405
-495
-653
-717
-740
-847
-967
-1035
-1161
-1414
-1511
-1477
-1582
-1743
-1817
-1965
-2127
-2095
-1979
-1955
-2084
-2118
-2013
-1917
-1766
-1510
-1374
-1415
-1291
-1034
-841
-644
-453
-324
-265
-101
161
347
452
528
572
558
586
643
642
642
644
550
450
378
277
216
190
92
-13
-97
-195
-240
-263
-271
-209
-185
-223
-212
-146
-68
42
169
223
227
313
421
538
691
787
767
766
834
892
966
989
948
861
784
792
792
729
674
607
497
431
415
344
304
341
312
265
278
287
304
370
434
495
541
590
660
725
755
811
878
868
908
931
891
862
890
883
802
743
666
572
501
469
423
308
192
119
62
29
0
-45
-98
-171
-248
-261
-241
-243
-286
-312
-335
-365
-366
-351
-408
-543
-624
-739
-866
-920
-998
-1155
-1310
-1431
-1532
-1613
-1678
-1794
-1954
-2045
-2068
-2047
-1992
-1909
-1894
-1869
-1732
-1583
-1423
-1265
-1089
-947
-785
-587
-387
-172
4
185
331
452
578
696
776
831
860
831
835
857
827
730
663
604
503
392
338
268
175
161
101
16
12
23
-19
0
31
52
152
253
303
378
461
520
607
687
769
827
851
888
905
877
874
896
859
816
792
693
560
493
451
372
311
265
193
156
166
181
177
170
211
263
299
364
445
501
575
670
755
836
860
878
913
915
938
926
848
783
716
638
558
468
332
201
89
-18
-160
-268
-361
-490
-537
-570
-653
-730
-765
-752
-728
-705
-692
-721
-740
-680
-601
-578
-548
-528
-579
-623
-602
-592
-617
-646
-678
-772
-927
-989
-966
-996
-1049
-1091
-1167
-1252
-1257
-1200
-1173
-1145
-1083
-1078
-1060
-941
-816
-689
-577
-493
-438
-358
-229
-119
-41
53
153
200
250
306
312
314
356
362
334
353
367
325
269
248
246
246
266
267
242
201
199
245
290
363
440
475
471
529
588
630
697
760
768
744
800
837
836
842
821
767
687
652
641
573
490
410
309
223
194
154
86
25
-35
-113
-141
-124
-107
-93
-90
-53
15
100
189
279
340
383
453
567
663
739
752
744
786
846
858
834
813
727
646
599
547
432
322
231
111
1
-104
-180
-296
-409
-451
-506
-594
-657
-691
-725
-708
-669
-654
-664
-680
-633
-590
-546
-508
-489
-486
-510
-520
-527
-497
-498
-583
-660
-705
-757
-784
-767
-810
-901
-961
-1000
-1027
-1030
-1017
-1002
-1007
-997
-948
-893
-842
-729
-664
-637
-542
-469
-401
-302
-184
-76
-1
66
122
168
239
305
339
366
407
406
410
422
444
466
466
456
404
378
410
429
431
433
424
399
410
479
491
468
486
481
468
504
554
582
589
581
571
564
556
559
565
539
521
521
478
460
463
440
403
367
343
300
278
303
299
254
251
266
261
305
343
320
317
376
409
414
428
469
500
508
529
551
556
526
533
539
491
428
402
373
301
231
169
87
-11
-93
-181
-279
-372
-459
-582
-678
-737
-793
-854
-933
-978
-1015
-1042
-1043
-1025
-1032
-1062
-1046
-1016
-994
-947
-874
-835
-824
-804
-762
-743
-696
-644
-659
-659
-658
-653
-663
-668
-650
-663
-707
-717
-722
-717
-705
-701
-701
-701
-654
-593
-532
-446
-389
-349
-250
-135
-43
64
156
250
350
454
539
611
685
752
799
846
874
882
883
869
862
828
779
721
681
621
561
528
481
432
401
361
317
302
307
320
320
323
341
351
376
454
510
524
556
581
590
617
638
650
661
661
659
657
623
598
573
533
508
467
400
342
317
272
223
219
189
156
149
124
98
94
99
96
85
76
69
27
20
45
30
-1
-52
-113
-177
-228
-253
-306
-381
-440
-509
-608
-654
-680
-734
-785
-834
-902
-944
-936
-904
-935
-970
-947
-935
-902
-862
-803
-767
-750
-701
-664
-622
-562
-519
-485
-454
-425
-402
-392
-394
-372
-357
-357
-336
-342
-369
-378
-358
-345
-341
-311
-285
-295
-280
-242
-193
-159
-104
-35
4
43
91
145
206
281
345
409
463
493
544
605
654
688
696
728
739
729
763
766
746
723
700
681
641
628
619
579
520
483
477
450
437
424
405
361
346
336
338
337
330
329
314
319
306
339
361
336
317
324
328
330
360
362
329
295
300
299
290
288
263
205
162
155
140
140
121
94
50
-3
-19
-45
-84
-110
-134
-174
-227
-240
-270
-307
-331
-369
-422
-466
-493
-520
-531
-519
-539
-561
-583
-602
-602
-580
-566
-588
-600
-595
-587
-563
-523
-512
-527
-534
-532
-521
-512
-484
-465
-483
-486
-455
-445
-429
-405
-399
-401
-385
-359
-345
-312
-282
-246
-221
-181
-123
-111
-87
-43
-10
23
79
141
151
151
184
226
263
298
309
300
303
325
349
358
367
369
347
349
386
399
384
379
370
365
375
376
371
360
354
340
342
343
337
321
304
303
295
289
277
279
271
263
258
264
261
258
247
245
248
237
238
230
231
215
213
196
179
183
160
144
129
119
111
84
58
48
32
9
8
-13
-56
-71
-60
-57
-61
-56
-88
-121
-116
-114
-111
-110
-110
-115
-138
-155
-166
-154
-162
-171
-188
-214
-258
-280
-266
-285
-292
-306
-339
-363
-362
-356
-337
-345
-355
-378
-374
-352
-337
-319
-319
-305
-300
-278
-260
-254
-236
-216
-212
-226
-212
-186
-187
-185
-190
-170
-162
-152
-138
-158
-172
-144
-116
-139
-115
-94
-90
-64
-20
26
39
70
108
142
176
224
254
271
322
365
386
410
435
440
438
439
443
413
406
395
358
325
295
255
192
181
135
81
37
-5
-33
-60
-82
-100
-113
-136
-115
-100
-85
-61
-51
-21
30
82
120
161
186
212
238
283
323
331
341
347
337
326
326
324
293
257
226
186
169
144
112
75
10
-18
-25
-28
-42
-76
-104
-124
-110
-113
-110
-97
-104
-103
-93
-92
-92
-80
-85
-81
-85
-94
-101
-121
-137
-154
-156
-192
-218
-225
-247
-259
-275
-278
-299
-321
-328
-326
-317
-313
-294
-293
-302
-279
-243
-203
-191
-182
-177
-166
-127
-99
-60
-45
-44
-31
-31
-16
3
12
-6
-16
-20
-30
-25
-40
-37
-41
-65
-70
-69
-66
-77
-66
-64
-58
-41
-17
12
24
35
47
71
101
135
143
158
183
190
204
212
220
229
211
225
220
193
195
185
156
149
141
116
106
102
99
68
60
72
66
72
76
96
95
94
102
109
134
149
153
152
155
153
142
156
160
135
108
81
76
61
35
27
-2
-35
-36
-77
-100
-105
-109
-122
-147
-138
-164
-173
-146
-123
-114
-116
-94
-102
-95
-68
-43
-37
-22
-9
-12
1
3
21
21
12
9
4
-26
-29
-40
-47
-48
-65
-78
-101
-117
-118
-102
-120
-138
-150
-154
-147
-148
-133
-128
-124
-114
-120
-105
-81
-77
-69
-65
-59
-46
-25
-8
-8
-4
15
12
22
27
17
29
35
28
31
30
36
50
47
44
35
43
49
44
47
53
41
47
51
52
59
55
43
35
39
26
26
25
24
23
13
0
6
24
1
-3
2
11
8
16
35
40
50
58
65
85
94
101
114
121
142
144
156
151
152
159
138
142
138
111
95
69
56
30
16
-11
-50
-75
-109
-124
-144
-166
-201
-207
-219
-240
-234
-255
-258
-242
-236
-226
-224
-200
-188
-172
-140
-118
-110
-94
-68
-39
-13
-7
19
24
47
53
58
64
53
71
63
69
67
47
44
46
50
28
21
17
-2
3
-4
2
-4
-6
8
-1
4
-8
1
8
17
7
10
12
8
24
12
9
12
8
1
-18
-28
-22
-16
-23
-34
-29
-37
-42
-30
-26
-21
-16
-9
4
19
34
52
71
89
109
117
132
155
171
182
185
200
210
201
191
202
192
176
178
157
131
114
85
67
63
54
31
-3
-24
-35
-43
-37
-43
-50
-65
-72
-62
-56
-45
-44
-38
-40
-33
-38
-33
-19
-17
-21
-32
-30
-39
-53
-52
-57
-82
-100
-111
-123
-134
-130
-131
-163
-176
-172
-174
-164
-161
-157
-169
-169
-133
-115
-110
-84
-71
-75
-74
-44
-23
-17
-5
-10
-4
9
25
14
13
17
-5
0
6
-10
-11
-31
-33
-37
-42
-38
-44
-39
-42
-40
-44
-33
-20
-10
0
17
41
54
65
75
99
120
142
156
164
174
167
192
197
207
204
191
191
186
175
168
169
142
117
100
88
77
71
52
37
26
18
-5
-7
-3
-1
0
-8
-5
-1
19
24
29
37
48
57
61
76
78
76
82
86
84
86
78
57
52
53
43
27
12
-2
-18
-24
-38
-60
-75
-100
-99
-116
-123
-122
-140
-145
-147
-158
-159
-157
-161
-167
-167
-156
-156
-152
-149
-147
-141
-141
-137
-129
-124
-126
-126
-117
-118
-106
-94
-84
-90
-84
-63
-62
-46
-43
-38
-26
-19
1
11
23
30
40
45
73
71
75
79
69
92
86
87
88
87
82
69
61
59
58
45
30
14
14
4
0
-3
-13
-14
-18
-21
-11
-6
-6
3
11
12
18
39
57
73
81
71
87
106
120
139
140
133
134
141
145
148
149
141
136
135
128
126
117
103
107
100
84
71
68
57
44
41
41
32
21
9
10
-6
-16
-18
-30
-39
-50
-61
-62
-62
-71
-75
-91
-94
-100
-100
-109
-112
-106
-123
-119
-108
-111
-105
-105
-104
-92
-101
-94
-92
-80
-72
-75
-60
-57
-55
-45
-50
-40
-23
-30
-34
-26
-21
-26
-19
-24
-26
-8
-18
-20
-20
-19
-20
-28
-27
-25
-26
-29
-30
-37
-33
-15
-19
-23
-18
-19
-19
-15
-1
-4
8
4
9
27
30
48
43
51
59
57
51
72
80
75
80
85
82
90
94
90
80
79
86
72
63
72
67
61
57
41
45
39
30
32
17
15
10
0
-2
14
5
-8
-5
-10
-2
-1
0
3
1
-1
7
16
14
26
29
22
29
23
28
37
45
39
23
24
27
35
16
15
7
-6
-5
-17
-24
-36
-37
-52
-61
-63
-81
-83
-95
-92
-100
-114
-111
-113
-109
-117
-118
-113
-117
-109
-105
-101
-98
-90
-91
-84
-66
-61
-61
-53
-47
-48
-28
-30
-24
-13
-3
-4
-7
0
0
18
13
24
27
17
25
31
38
48
44
47
43
50
56
64
70
61
69
62
71
77
71
73
68
58
67
56
51
51
42
40
30
26
20
9
1
3
-11
-9
-10
-20
-21
-20
-19
-15
-13
-15
6
-3
10
11
23
29
32
44
48
69
64
66
73
78
73
82
78
74
73
67
47
47
47
39
26
17
8
-7
-15
-33
-28
-40
-47
-58
-78
-64
-71
-70
-74
-75
-70
-80
-72
-75
-69
-67
-71
-60
-58
-47
-39
-45
-48
-49
-46
-36
-40
-44
-39
-53
-48
-43
-40
-32
-39
-38
-51
-50
-35
-34
-37
-35
-25
-25
-19
-10
-15
-4
-1
-5
4
6
8
5
7
16
15
13
6
9
8
0
-2
-1
-1
-1
-7
-11
-13
-16
-3
-5
4
8
-1
7
13
17
26
38
44
49
42
54
59
69
79
76
83
70
71
63
73
75
63
60
45
41
36
31
29
19
10
7
-9
-8
-12
-9
-11
-19
-18
-19
-9
-5
-2
2
-5
7
19
23
31
28
34
39
41
55
54
61
64
57
49
54
57
53
55
50
45
30
32
29
31
28
18
7
6
-3
-15
-11
-9
-12
-24
-23
-30
-38
-31
-36
-38
-42
-46
-53
-52
-52
-53
-52
-57
-47
-59
-57
-57
-55
-60
-57
-58
-48
-48
-53
-43
-53
-48
-40
-39
-27
-26
-44
-33
-36
-29
-13
-25
-15
-20
-24
-18
-19
-13
-5
-7
-11
-16
-18
-11
-3
-1
-2
-6
-7
-3
3
-3
3
1
-4
6
-4
-1
0
-5
-2
-1
-5
-6
-4
-10
-11
-18
-12
-9
-21
-6
-9
-17
-8
-8
-3
4
10
11
19
20
22
38
44
56
59
65
68
69
80
86
96
92
91
90
90
90
82
86
79
73
68
61
46
45
29
21
22
4
8
-15
-18
-22
-32
-25
-39
-36
-44
-46
-47
-49
-48
-44
-40
-40
-41
-37
-33
-33
-27
-25
-22
-18
-27
-27
-22
-16
-16
-18
-18
-12
-18
-19
-17
-26
-13
-23
-22
-21
-26
-18
-20
-19
-10
-13
-19
-13
-18
-22
-15
-24
-17
-12
-12
-14
-26
-28
-19
-30
-29
-32
-40
-40
-46
-40
-43
-41
-49
-36
-47
-45
-39
-48
-28
-29
-22
-16
-11
-3
-5
2
17
29
32
30
42
41
43
52
55
67
61
45
51
54
49
55
47
39
45
29
24
24
13
22
11
12
9
8
7
8
9
3
5
12
18
11
22
9
29
32
37
36
28
35
30
40
31
34
32
35
27
20
21
12
12
11
3
-4
-6
-16
-13
-13
-29
-24
-26
-29
-29
-41
-36
-29
-37
-41
-30
-37
-33
-42
-47
-43
-34
-37
-46
-34
-49
-42
-45
-49
-42
-48
-49
-48
-53
-45
-40
-39
-40
-28
-35
-27
-21
-30
-15
-13
5
8
7
12
19
20
29
38
34
37
35
35
37
37
42
47
34
32
24
14
19
21
9
9
3
-8
6
-7
-11
-10
-12
-12
-10
-16
-14
-3
-6
-2
-5
3
3
10
8
9
13
16
23
24
28
28
24
24
18
26
26
24
30
24
21
21
27
23
17
27
11
16
11
10
22
22
20
19
5
16
12
5
15
-2
7
2
1
-1
-3
-4
-11
-16
-20
-25
-28
-24
-38
-30
-31
-38
-31
-40
-31
-41
-34
-38
-30
-22
-22
-12
-13
-5
-9
8
6
15
14
16
26
25
33
30
37
36
32
31
10
27
25
18
17
8
4
-1
-1
-13
-14
-18
-18
-27
-23
-27
-28
-13
-23
-14
-19
-22
-9
-6
-5
-2
6
17
25
18
29
26
33
38
32
39
40
43
43
39
41
35
38
43
27
29
22
20
27
20
22
14
16
9
8
6
7
8
5
8
-2
9
4
-1
-3
-2
-5
-3
-16
-15
-12
-15
-13
-22
-22
-29
-29
-39
-37
-40
-38
-39
-37
-43
-40
-27
-43
-35
-37
-35
-29
-25
-26
-27
-11
-10
-3
-2
-1
-3
-3
5
-2
6
6
3
9
4
2
3
2
-3
-10
-10
-15
-10
-18
-14
-18
-13
-9
-22
-19
-16
-16
-14
-11
-13
-3
-3
1
-1
6
11
7
12
11
17
16
21
19
19
23
21
21
25
14
18
11
18
20
18
17
13
12
11
20
10
17
19
22
12
19
21
26
33
25
19
23
30
25
34
28
30
34
24
23
20
28
17
16
13
13
13
6
7
0
8
-7
-7
-6
-6
-2
-13
-10
-8
-2
-7
-5
-6
-7
-7
-5
1
5
1
4
0
8
6
-6
4
3
5
-7
-7
0
-7
3
-11
-17
-9
-24
-18
-34
-22
-23
-30
-20
-37
-31
-26
-36
-32
-33
-36
-28
-34
-30
-23
-25
-15
-25
-16
-16
-19
-11
-21
-2
-7
-4
1
-1
5
6
2
0
9
10
7
11
4
10
12
9
8
11
18
8
1
1
7
9
12
-2
3
4
2
-5
-8
2
0
1
-8
-8
-2
-5
-8
-5
1
-1
-4
-4
4
3
6
7
9
11
15
11
5
21
9
27
22
14
20
19
25
10
16
12
17
13
9
14
5
14
2
0
3
0
-4
-9
-6
-4
-4
-8
-8
-8
-4
-12
-20
-4
-8
-8
-6
-14
2
-4
-4
-1
-8
3
-2
-6
5
0
3
11
2
8
10
3
8
3
7
10
9
8
16
12
1
10
7
13
9
0
5
-1
4
-4
1
3
1
-6
-9
-15
-13
-14
-12
-15
-16
-13
-18
-18
-19
-11
-18
-20
-11
-13
-12
-8
-15
0
-2
-7
-2
-5
6
3
-4
6
3
7
14
-3
-1
1
-2
-4
-5
-3
0
-6
-8
-14
-12
-15
-25
-16
-20
-14
-21
-25
-10
-14
-16
-15
-22
-16
-4
-17
-10
-5
-6
4
-6
-5
6
6
-1
6
-2
1
9
0
15
5
-1
9
7
7
-3
1
2
9
0
4
8
4
11
1
2
7
5
12
12
5
3
12
17
12
15
5
13
11
3
7
6
12
11
8
5
7
-1
-2
-2
5
4
-3
1
6
9
2
6
0
13
13
2
12
23
22
17
22
21
30
24
25
18
22
27
25
21
21
20
9
21
1
3
5
-6
-2
-3
-9
-17
-17
-16
-15
-23
-26
-27
-22
-24
-19
-26
-21
-17
-23
-11
-15
-13
-15
-8
-8
-10
-9
-2
10
-6
1
0
-8
0
-8
-12
1
0
-9
-6
-7
-9
-11
-13
-19
-16
-15
-15
-11
-16
-8
-18
-13
-4
-13
-7
-11
-9
-6
-7
-1
-1
11
2
6
2
2
3
5
4
8
12
8
10
8
15
10
11
5
5
10
18
22
10
19
11
18
28
13
18
18
26
26
21
21
23
34
21
16
23
16
25
13
18
17
9
7
8
13
8
7
-4
-3
-1
0
-4
-8
-2
-4
-1
-4
-7
-4
0
-3
-15
-8
4
1
5
4
-1
1
-2
-6
2
-2
7
-1
0
-2
-12
0
-6
-4
-16
-10
-3
-16
-6
-16
-17
-15
-20
-11
-17
-10
-20
-16
-13
-14
-15
-17
-6
-8
-9
-16
-12
-17
-8
-2
-12
-11
-10
-7
-4
-9
-12
-14
-10
-9
-14
-11
1
-7
-13
-8
-12
-7
-4
-7
-2
-3
-1
-5
-1
8
0
4
11
7
-1
8
12
10
5
8
6
13
11
8
8
4
5
-10
11
7
-7
3
3
1
-1
-9
0
-2
-1
-6
-9
-1
8
0
0
7
-7
4
-1
2
10
11
16
2
5
11
10
14
10
9
6
12
10
12
6
6
7
9
7
2
4
1
4
-7
-6
0
-4
2
1
-7
-9
-8
-9
-13
-5
-5
-10
-10
-12
-5
-11
-6
-9
-16
-6
-10
-7
-1
-3
-10
-6
-1
-6
0
-1
0
7
-4
2
1
3
17
7
3
9
2
7
11
7
7
11
8
8
11
5
1
3
4
5
1
7
10
1
2
-3
-1
2
2
-2
3
0
-1
2
4
2
1
8
4
-2
-5
8
7
10
6
5
7
8
12
7
11
5
3
10
15
9
5
15
5
11
6
2
8
4
0
1
3
-1
1
3
-2
-2
-11
-16
0
-10
-6
-15
-16
-7
-11
-14
-18
-9
-12
-13
-18
-9
-13
-8
-4
-13
-5
-5
-9
-3
0
-4
-5
4
-4
1
3
6
2
1
4
-13
8
7
-3
3
1
-4
4
-1
-10
-1
-7
-1
-9
1
2
-6
0
-8
-5
-6
1
-1
2
0
0
1
3
1
6
10
4
7
-1
11
5
-1
12
8
10
8
8
8
7
6
5
2
13
4
7
20
4
3
12
5
6
13
6
10
10
6
10
11
13
2
7
9
2
6
11
4
6
2
-4
7
2
-1
0
-2
-4
-1
-9
3
-4
-5
1
-4
-1
-5
-8
2
