SAMPLES:	9001
BITSPERSAMPLE:	16
CHANNELS:	1
SAMPLERATE:	16000
NORMALIZED:	FALSE
-3
-2
5
13
8
2
1
-5
-9
3
7
12
9
10
9
2
1
3
12
13
7
1
9
-4
7
12
-1
-2
9
20
7
7
15
10
1
0
0
0
19
7
0
1
-4
1
-11
-9
2
8
5
1
4
4
7
10
-1
9
5
-4
-4
0
16
7
12
6
11
22
7
8
10
7
7
11
18
13
11
9
7
12
12
13
9
12
7
8
1
-13
-4
6
11
9
20
25
-1
1
11
9
15
8
2
12
8
13
18
19
20
11
9
10
7
4
0
7
13
14
9
16
12
12
13
10
18
14
8
13
14
12
9
-3
12
14
13
22
17
20
15
25
21
-4
3
17
27
18
13
22
15
14
13
13
10
6
7
5
10
21
20
6
8
2
6
15
15
17
25
20
4
3
3
10
9
13
7
7
18
22
20
15
7
14
22
14
6
7
14
11
11
12
14
15
10
-4
0
13
5
7
22
19
11
21
12
4
7
9
11
10
17
16
15
21
11
9
12
3
14
15
15
20
14
22
20
9
14
19
21
25
17
21
19
11
6
11
15
5
9
20
13
18
17
7
-2
4
20
2
7
6
3
13
16
8
1
13
8
10
9
-6
4
3
-3
-4
-8
-2
-3
-1
0
-2
-6
-12
1
3
-4
-2
1
6
6
4
-3
7
9
3
12
13
14
20
12
1
2
16
15
16
8
4
6
2
14
11
1
-16
-9
-4
1
-8
-3
-1
7
24
16
19
14
11
18
6
17
15
12
7
8
11
-4
9
-3
1
7
-3
6
-2
-2
-6
0
10
12
-3
-12
1
-2
-12
-7
-15
-10
-4
-8
-8
-1
3
-12
-7
-2
0
-4
-3
2
-3
-12
-17
-12
-16
-9
-9
-11
-16
-15
-7
-4
-3
-13
-6
-1
1
1
-2
-6
4
8
5
8
0
-2
-2
-5
3
8
-5
5
7
-4
-2
0
0
0
-1
-6
4
7
2
6
7
4
1
9
-7
-4
14
4
3
2
12
14
6
7
9
10
-1
-5
5
2
-9
-5
-7
-9
-12
-12
-18
-17
-21
-18
-15
-13
-10
-16
-16
-22
-16
-8
1
-8
-9
-20
-15
-11
-8
-7
-9
-8
-13
-2
-10
-8
-3
-5
-4
-8
-14
-6
1
-8
-11
-2
-8
-8
5
-8
3
-6
-10
-15
-11
-2
2
-5
-11
-2
-5
-2
1
-1
1
1
-9
-13
-9
-4
-12
-10
3
-5
-13
-11
-7
-5
-4
-3
3
14
13
20
8
4
13
4
-3
-13
-7
-2
-7
-4
-2
-11
-13
3
-9
-13
-3
-16
-10
-6
-1
1
-1
-3
-18
4
2
-3
-2
-6
-1
-9
-9
-3
-3
-5
-9
-16
2
0
-9
-8
3
1
-4
-13
-11
-4
-10
-11
-13
-7
-19
-3
-2
-14
-5
0
0
2
13
8
-1
13
13
10
15
5
8
14
20
-2
-7
-2
-6
-4
2
12
6
-1
6
16
4
-4
-5
-3
-7
-8
-11
3
9
-2
6
7
13
8
-1
-3
5
7
-6
-10
-2
0
-1
-8
-7
-5
0
2
7
4
3
8
4
2
1
8
2
-3
3
0
-1
6
-9
-1
-2
-10
-1
-6
-15
-14
-17
-23
-13
-16
-19
-18
-19
-11
-7
-17
-13
-4
-20
-18
-11
-11
-13
-27
-22
-19
-21
-25
-16
-3
-14
2
-7
-14
-10
-18
-24
-17
-15
-9
10
1
-10
-10
-13
1
-3
-1
3
-5
-3
3
-3
-9
7
-4
1
3
15
14
1
9
2
-9
-12
0
-7
-13
5
-3
-3
6
-1
-1
-4
-4
-2
14
-2
-11
-7
-1
-8
-6
-1
-16
-19
-7
-8
-17
-19
-9
13
2
-3
-6
-1
-10
-24
-14
-27
-7
0
-1
2
1
7
7
-3
-12
10
6
1
2
-1
3
-2
2
5
2
1
4
-1
3
0
-2
-3
-13
-4
17
29
25
32
11
0
-5
-6
16
12
1
-6
-2
7
7
0
-6
-2
-2
-7
2
-4
-13
-11
-6
-3
-8
-10
1
4
-7
-3
1
-14
-10
0
1
-12
-13
8
-6
-5
-10
-15
-5
12
4
-5
-2
-4
12
3
-10
-19
-22
-13
-2
-9
-11
-16
-8
-12
-13
-4
-18
-11
-10
-6
-11
-9
-4
0
0
-9
-6
7
10
7
11
5
2
3
1
-3
-3
-2
2
7
4
-1
-4
-10
-10
-13
-13
-9
-6
-3
-11
-7
4
-5
1
9
7
-3
1
-8
-2
16
8
17
17
6
5
19
15
14
23
26
4
4
18
6
8
4
2
4
-5
-13
-7
1
-5
-6
0
-13
-3
4
12
3
-2
5
-6
4
-3
-7
-1
3
4
6
-4
4
11
1
3
7
12
-3
3
4
-5
9
14
-7
-10
8
-4
-12
6
-2
-15
-4
1
-1
-1
0
8
17
7
3
7
12
10
8
7
4
23
20
8
7
2
-7
6
18
-6
-11
1
-10
-10
-9
-29
-16
-5
-12
-19
-15
-3
-16
-6
-11
-4
10
9
10
16
9
2
28
21
19
22
19
22
37
35
7
21
26
11
11
13
-2
-10
22
8
1
-13
-20
-6
5
-5
-14
-1
-14
-9
-5
-33
-39
-22
-32
-18
-23
-33
-53
-40
-22
-23
-4
17
58
48
10
11
31
24
38
35
12
-1
14
28
6
5
-3
-24
-13
-5
-24
-27
-20
-10
-8
-25
-10
-10
-31
1
5
-28
-49
-10
-2
-19
9
18
1
-4
16
15
-7
-10
25
12
-12
29
35
1
28
54
12
22
38
-10
-9
20
14
3
9
5
10
23
8
17
16
-4
26
23
-15
-7
12
-7
11
29
-17
-10
18
10
12
6
-25
1
38
-8
-1
20
-25
-9
50
-3
-48
20
11
-31
16
17
-44
-20
32
13
-18
3
33
-28
-14
50
-13
-69
-7
11
-39
-30
-2
-37
-20
27
-5
-51
-18
28
-9
-18
8
7
-39
-14
57
17
-35
2
32
15
35
2
-63
20
67
32
45
-32
-109
43
75
-57
33
10
-117
48
84
-62
-21
8
-53
31
62
-97
-113
-10
76
94
-34
-106
33
67
-47
55
-12
-166
89
170
-131
-56
103
-120
23
255
-125
-228
148
68
-27
138
-108
-198
123
140
16
-92
-208
22
190
-21
-33
32
-136
6
218
-84
-159
95
13
-65
56
-73
-118
188
114
-191
-108
-13
-29
104
55
-170
-41
42
-109
98
237
-143
-164
176
112
-155
-150
82
126
-35
54
112
-184
-82
289
-58
-353
128
276
-103
-69
86
-205
-136
320
150
-268
-25
116
-188
24
298
-181
-327
205
247
-66
-77
-51
-46
-65
-78
48
126
89
18
-54
-83
-139
4
364
35
-336
-35
6
-22
203
23
-144
98
54
9
57
-115
-15
-8
-184
153
145
-302
112
440
-255
-332
160
47
41
120
-111
-89
33
-144
-85
277
114
-202
6
38
-172
125
186
-108
155
-59
-474
239
282
-353
230
346
-416
-53
267
-185
-32
146
-85
14
-20
-234
16
134
-147
-137
105
219
99
-311
-331
196
191
-125
155
78
-460
46
484
-254
-275
212
-190
31
567
-218
-461
157
2
7
240
-88
-112
-31
-155
225
219
-318
66
410
-224
-346
120
-11
-93
409
166
-487
-212
183
41
107
151
-258
-163
272
-71
-296
113
31
-78
401
220
-344
-320
6
309
190
-139
-111
64
286
235
-478
-532
244
288
111
367
-116
-597
71
292
-252
109
579
-249
-626
231
257
-514
-21
688
-286
-375
878
6
-827
334
-40
-636
569
352
-443
269
79
-693
-44
545
126
52
177
-430
-467
426
345
-353
-3
258
-196
22
448
-169
-675
-55
321
38
271
489
-491
-870
449
460
-384
577
187
-1220
360
1117
-745
-424
703
-48
-208
-8
-344
176
471
-406
-388
502
131
-294
566
206
-1087
-245
879
368
9
-174
-564
-284
377
596
36
-452
117
66
-560
239
339
-615
346
781
-718
-365
551
-2
-35
-162
-346
594
367
-553
119
320
-417
-412
-158
356
668
-8
-265
-120
-493
-41
725
145
-227
286
-54
-624
1
416
62
35
36
-283
-47
388
88
-277
-153
-36
65
268
8
-137
134
-239
-298
605
606
-342
-479
-43
-120
10
682
258
-571
-139
31
-208
38
103
379
106
-486
470
252
-976
207
423
-919
426
1367
-407
-814
1
-287
-286
608
722
41
-479
-745
-42
649
-294
-298
691
-95
-394
606
38
-838
23
455
-54
299
478
-367
-678
-193
297
565
166
-193
-206
-513
-155
511
211
49
333
-249
-841
18
791
82
-200
98
-317
-45
501
178
-63
-656
-740
733
873
-260
-298
-183
-449
-275
316
577
499
348
-759
-1216
484
887
37
382
-273
-1017
120
562
327
235
-796
-678
872
517
-266
270
-246
-1062
-232
784
1084
687
-675
-1402
-389
586
522
455
562
-102
-1308
-925
787
994
-105
-730
-211
545
180
-28
236
-596
-919
38
879
1377
363
-1247
-1099
-444
54
1121
1227
-59
-753
-719
-668
53
822
400
-216
-44
-32
-117
313
18
-841
-418
850
896
-154
-64
90
-780
-392
196
331
1131
203
-1326
-463
202
-113
359
317
-179
278
470
-400
-802
-72
626
455
-7
-17
-30
-421
-585
-192
279
734
625
-716
-1259
-21
540
-37
-64
269
108
-256
-308
-161
-43
14
-130
249
562
-160
-303
25
-393
-531
-82
408
796
490
-388
-985
-616
378
538
324
595
-68
-817
-84
221
-117
165
224
154
97
-297
-225
142
-6
-358
-144
516
645
48
-481
-531
-385
-142
591
914
-42
-806
-614
-231
142
597
565
-220
-440
-134
-387
-71
599
25
-370
48
5
384
479
-556
-764
-272
162
751
396
-270
-111
-210
-414
-205
515
1037
-6
-911
-100
444
-11
-150
-210
-305
235
687
198
-493
-563
-323
-26
618
795
-134
-323
52
-720
-746
465
706
45
-531
-463
106
-99
-427
148
118
-290
6
227
234
-58
-594
-386
216
477
576
205
-229
-303
-491
-380
536
1071
134
-601
-386
-401
-190
460
516
23
-279
-234
-87
-37
-88
-169
-126
-1
-18
-160
-268
151
501
-332
-694
391
827
304
-180
-645
-377
402
575
525
244
-271
-330
-349
-282
387
789
216
-508
-458
-115
4
222
146
-229
-247
-19
89
2
-84
-164
-146
116
303
314
280
70
-227
-191
110
356
581
484
29
-254
-205
79
288
80
-235
-212
-53
-9
-76
-158
-205
-31
82
-93
-3
292
113
-274
-314
-193
-13
335
490
307
113
-249
-383
-55
123
231
252
-5
-127
-86
-187
4
318
36
-251
-128
-146
-224
-343
-661
-602
-79
253
160
-47
-355
-635
-369
-15
218
684
658
197
10
48
374
664
517
195
-100
-168
-69
-120
-237
-447
-691
-506
-66
-62
-383
-694
-877
-894
-701
-377
-422
-758
-1023
-1285
-1106
-540
-325
-392
-608
-761
-539
-344
-43
385
351
274
438
613
734
690
592
599
763
1080
1242
1052
673
292
163
417
719
814
680
196
-258
-143
211
532
886
973
873
934
841
788
1194
1464
1493
1690
1952
2221
2198
1846
1819
1945
1958
2060
2122
2026
1479
818
868
1097
1292
1710
1715
1272
669
-413
-1518
-2219
-3098
-3728
-3182
-2558
-3071
-4045
-5090
-6098
-6555
-6078
-4683
-3581
-3541
-3928
-4393
-4410
-3309
-1850
-771
106
372
155
305
611
1016
1550
1988
2523
2673
2604
2774
2365
1554
1151
1107
1461
1661
893
-86
-654
-1227
-1410
-1181
-1324
-1673
-2104
-2830
-3120
-2798
-2311
-1777
-1318
-995
-890
-605
184
752
952
1312
1811
2559
3292
3530
3340
3043
2984
3180
3264
3182
3028
2492
1756
1202
777
644
663
470
197
37
20
-48
-186
-78
121
353
757
1204
1634
1955
2288
2557
2760
3322
3896
4162
4448
4571
4403
4393
4526
4546
4527
4301
3834
3515
2672
633
-1308
-2722
-4287
-5002
-4563
-4894
-6306
-7735
-9432
-10904
-10842
-9619
-8438
-7882
-7780
-7823
-7724
-6689
-4837
-3132
-1575
-261
227
549
1511
2565
3128
3647
4363
4919
5339
5586
5126
4094
3198
2501
2007
2086
2050
1213
81
-1097
-2257
-2893
-2968
-3287
-3971
-4435
-5001
-5718
-5656
-4922
-4221
-3439
-2489
-1852
-1366
-405
558
1237
2273
3521
4458
5284
5906
5835
5555
5354
5062
4884
4772
4384
3517
2226
1019
114
-567
-1010
-1429
-1812
-2113
-2556
-3012
-3026
-2484
-1806
-1169
-473
174
951
1862
2641
3532
4581
5440
6307
7141
7410
7470
7636
7522
7657
8102
8013
7560
6953
5989
4947
4056
3452
2773
808
-2164
-5006
-8086
-10467
-10400
-9783
-10444
-11451
-13164
-15584
-16348
-14914
-12712
-10386
-8489
-7686
-7416
-6291
-4079
-1560
974
3358
4771
5311
6161
6988
7177
7262
7351
7212
7123
7153
6591
5052
3061
966
-789
-1273
-1092
-1674
-2873
-4119
-5698
-7016
-7260
-7210
-7193
-6941
-6840
-6724
-6068
-5008
-3730
-2271
-723
889
2384
3760
4907
5536
6091
6967
7825
8571
9111
8769
7648
6353
5080
4017
3202
2406
1342
-78
-1756
-3440
-4635
-5233
-5501
-5631
-5550
-5191
-4851
-4451
-3585
-2585
-1492
87
1805
3550
5158
6196
7044
7870
8495
9330
10290
10817
10897
10552
9783
9013
8502
8115
7558
6791
5774
4340
2969
1762
321
-1642
-4592
-7897
-10841
-13565
-14555
-13487
-13025
-13773
-14933
-16761
-17864
-16519
-13474
-9982
-6808
-4999
-4456
-3579
-1563
1267
4294
7071
8828
9117
8962
8977
8781
8298
7789
7064
6120
5311
4237
2436
30
-2522
-4730
-6121
-6187
-5880
-6407
-7217
-8043
-8897
-8756
-7516
-6312
-5498
-4921
-4533
-3986
-2499
-174
2029
3856
5280
6024
6492
7262
8043
8522
8829
8879
8499
7877
7060
5846
4343
2757
1140
-208
-1199
-2219
-3477
-4949
-6358
-7265
-7500
-7125
-6314
-5459
-4838
-4243
-3450
-2393
-824
1111
2862
4528
6248
7678
8827
9744
10428
10921
11249
11560
11683
11280
10554
9495
7920
6443
5401
4244
3018
2011
638
-800
-1576
-2104
-2747
-3341
-4077
-5702
-8451
-10908
-12367
-13526
-13410
-11598
-10509
-10698
-10883
-11568
-11978
-10047
-6720
-3809
-1239
676
1107
1226
2488
4337
6048
7761
8703
8010
6712
5673
4401
3029
2131
1244
154
-613
-1516
-3276
-5369
-6996
-8248
-8731
-7764
-6483
-6101
-5880
-5449
-5279
-4398
-2360
-687
224
1203
1787
2070
3144
4589
5541
6338
7028
7052
6659
6320
5840
4989
4142
3578
3060
2477
1767
626
-880
-2222
-3059
-3393
-3345
-3259
-3553
-4233
-4805
-4881
-4380
-3291
-2006
-1021
-251
529
1179
1830
2882
4081
5157
6371
7546
8120
8277
8251
7902
7594
7713
7902
7730
7251
6350
4998
3607
2608
1985
1290
437
-411
-1543
-2688
-3003
-2776
-2356
-1639
-1321
-1689
-2064
-2214
-2620
-3621
-4885
-6261
-7949
-8733
-7534
-6053
-5553
-5513
-6456
-8136
-8198
-6401
-4246
-1963
-347
-341
-848
-470
466
1621
3013
3740
3150
2127
1599
1049
374
5
-580
-1459
-1735
-1683
-2217
-3027
-3899
-5007
-5614
-4862
-3473
-2429
-1598
-1059
-1166
-1057
137
1386
2070
2773
3023
2517
2623
3370
3547
3897
4652
4521
3875
3589
2880
1700
1216
1168
953
1008
1158
526
-619
-1429
-1924
-2085
-1701
-1202
-1294
-1861
-2152
-2265
-2348
-1771
-803
-149
419
1067
1455
1790
2481
3190
3748
4676
5669
6214
6703
6991
6636
6246
6099
5848
5725
5599
5066
4190
3141
2162
1425
915
569
304
-187
-889
-1249
-1151
-975
-517
77
21
-348
-425
-685
-1533
-2899
-4699
-6761
-8632
-9007
-7750
-6544
-6109
-6521
-8117
-9647
-9331
-7373
-4742
-2149
-759
-929
-1310
-896
150
1694
3356
4140
3634
2748
2077
1279
562
148
-511
-1070
-983
-1103
-1777
-2569
-3606
-4694
-4862
-3843
-2474
-1435
-749
-531
-713
-348
802
1819
2605
3205
3065
2683
2951
3273
3327
3696
3832
3232
2686
2341
1538
708
297
-61
-275
-133
-91
-526
-1058
-1530
-1933
-1973
-1600
-1126
-962
-1068
-1206
-1414
-1506
-1083
-370
212
918
1553
1711
1904
2363
2763
3399
4454
5265
5703
6115
6123
5644
5490
5635
5521
5528
5605
5024
4125
3377
2488
1612
1196
969
518
-49
-609
-1177
-1474
-1161
-389
103
184
65
-501
-1069
-887
-612
-1486
-3344
-5482
-7918
-9693
-9157
-7427
-6522
-6268
-6900
-8783
-9656
-8253
-6035
-3572
-1113
-44
-265
-105
719
1667
2829
3941
4193
3823
3438
2826
1809
693
-278
-1127
-1524
-1283
-1205
-1937
-2981
-4128
-5168
-4942
-3435
-1974
-1005
-119
218
176
1074
2464
3230
3858
4411
4160
3817
3982
3883
3445
3219
2826
2133
1687
1168
130
-1008
-1926
-2476
-2336
-1695
-1310
-1547
-2089
-2618
-2916
-2552
-1534
-637
-107
133
-33
-313
-96
606
1225
1877
2690
3111
3139
3239
3145
2971
3367
4174
4969
5654
5870
5325
4537
3987
3690
3698
3976
3973
3461
2631
1729
995
492
272
308
238
-265
-739
-1059
-1316
-962
-136
460
767
882
521
104
229
491
577
-145
-2371
-5270
-7819
-9588
-9427
-7594
-6427
-6532
-7395
-9116
-10305
-9224
-6639
-3781
-1092
499
746
794
1303
2073
3201
4421
5031
5044
4726
3824
2424
918
-521
-1429
-1496
-1111
-1096
-1923
-3321
-4893
-5953
-5716
-4231
-2461
-1199
-319
249
501
1181
2477
3481
4124
4772
4938
4509
4060
3473
2614
1876
1387
1024
719
144
-1030
-2440
-3507
-3818
-3258
-2190
-1337
-1142
-1396
-1709
-1693
-1030
130
1149
1684
1777
1457
984
713
773
1129
1705
2239
2579
2721
2533
2123
2056
2452
3102
4130
5190
5498
5227
4868
4396
4061
4193
4306
3931
3310
2512
1477
679
382
123
-176
-303
-628
-1267
-1633
-1567
-1348
-769
367
1324
1630
1853
1973
1614
1391
1566
643
-1836
-4210
-6510
-9095
-9560
-8010
-7506
-7762
-7984
-9552
-10954
-9725
-7258
-4831
-1986
86
505
899
2070
3050
3969
5245
5760
5203
4736
4152
2669
1005
-213
-1388
-2244
-2188
-2200
-3199
-4445
-5490
-6441
-6377
-4723
-2836
-1675
-444
722
1140
2063
3696
4405
4634
5204
5061
4507
4552
4150
2857
1842
1087
69
-546
-764
-1710
-3087
-3798
-3971
-3718
-2661
-1507
-1139
-1218
-1202
-981
-279
1010
2158
2624
2584
2330
1919
1550
1608
1819
1825
1992
2284
2134
1882
1803
1519
1421
2091
3005
3593
4024
4060
3426
2947
3113
3360
3539
3662
3116
2022
1250
806
440
375
383
-130
-657
-730
-699
-380
228
597
898
1286
1540
1961
2226
2002
1964
1970
1619
1370
505
-2133
-5328
-8055
-10496
-11127
-9405
-7854
-7668
-8074
-9348
-10801
-10015
-6996
-3633
-568
1716
2341
2108
2512
3444
4530
5854
6637
6221
5181
3813
1924
-156
-1844
-2901
-3429
-3426
-3249
-3762
-5085
-6303
-6961
-6862
-5289
-2754
-937
209
1460
2031
2360
3699
4920
5291
5716
5756
4783
3785
2938
1638
618
199
-247
-626
-1026
-2038
-3340
-4104
-4132
-3370
-1942
-535
232
378
322
450
967
1979
3097
3615
3410
2800
1884
939
677
920
1142
1445
1635
1249
719
460
368
762
1675
2583
3319
3876
3877
3518
3392
3416
3490
3835
4117
3775
3030
2177
1270
717
816
1153
1316
1040
326
-397
-834
-649
192
1064
1576
1879
1803
1486
1610
1809
1723
1712
1329
443
-472
-2227
-5056
-7684
-10105
-11883
-11422
-9680
-8617
-8200
-8468
-9605
-9827
-7801
-4402
-772
2362
3947
3896
3614
3873
4567
5665
6628
6462
5239
3514
1453
-641
-2439
-3667
-4388
-4690
-4811
-5151
-5966
-6973
-7403
-7074
-5754
-3311
-921
552
1748
2666
3140
4196
5616
6426
6763
6592
5631
4397
3373
2405
1603
1041
434
-350
-1271
-2292
-3397
-4059
-3934
-3290
-2225
-1075
-455
-292
-121
111
646
1555
2463
2993
2984
2537
1921
1390
1089
1134
1299
1350
1288
1040
728
609
701
1112
1801
2507
3261
3840
3934
3920
3911
3651
3519
3693
3642
3236
2677
1883
941
331
320
576
730
701
207
-556
-780
-374
290
1306
2184
2156
1794
1582
1218
1006
1179
1167
797
324
-329
-1864
-4499
-7035
-9225
-11050
-10768
-8715
-7415
-6974
-6935
-7971
-8532
-6812
-3791
-603
2268
3757
3609
3128
3120
3423
4058
4800
4763
3705
2309
697
-1327
-3036
-4013
-4706
-4831
-4342
-4260
-4764
-5319
-5640
-5359
-4150
-1962
355
1848
2880
3759
4115
4640
5699
6247
6231
6002
5072
3585
2276
1019
-180
-759
-1091
-1582
-2123
-2853
-3865
-4576
-4436
-3644
-2405
-945
100
459
652
878
1222
1973
2834
3371
3440
3018
2220
1340
584
217
256
394
526
486
170
-93
-66
196
885
1868
2577
3057
3468
3408
3187
3318
3344
3192
3239
3187
2654
1998
1470
872
512
820
1267
1376
1335
941
316
206
747
1537
2263
2562
2286
1712
1302
1355
1487
1343
991
383
-432
-895
-1212
-2649
-5088
-7492
-9952
-11553
-10686
-8668
-7413
-6727
-6750
-7627
-7627
-5621
-2708
110
2541
3728
3574
3403
3677
3975
4474
4940
4611
3606
2334
663
-1267
-2922
-4000
-4520
-4494
-4167
-4077
-4582
-5149
-5158
-4585
-3229
-1188
573
1579
2480
3364
3973
4883
5888
6164
5909
5431
4465
3240
2222
1148
-54
-908
-1420
-2007
-2537
-2948
-3702
-4345
-4175
-3547
-2634
-1327
-296
128
481
952
1470
2080
2810
3275
3130
2656
2118
1338
527
169
5
-250
-231
-30
-199
-336
-145
10
342
1169
2002
2494
2960
3293
3247
3216
3485
3622
3556
3551
3291
2572
1903
1516
1224
1188
1503
1603
1125
485
26
-248
-15
888
1679
1806
1666
1426
934
769
1050
966
456
79
-264
-762
-1060
-1703
-3790
-6461
-8455
-9982
-10139
-8264
-6516
-6046
-5894
-6272
-6797
-5655
-2993
-335
1855
3371
3640
3261
3294
3607
3821
4137
4247
3598
2422
1086
-614
-2529
-3859
-4443
-4562
-4282
-3884
-3981
-4434
-4554
-4122
-3173
-1675
144
1392
2150
3135
3877
4295
5046
5534
5205
4871
4547
3653
2597
1630
344
-970
-1664
-2011
-2542
-2970
-3266
-3882
-4271
-3763
-2930
-2009
-761
229
684
1114
1643
2030
2403
2751
2875
2671
2238
1653
813
-97
-709
-993
-1087
-903
-639
-642
-712
-492
-65
605
1605
2539
3088
3484
3848
3884
3821
4028
4071
3647
3280
2884
2136
1620
1479
1309
1158
1076
741
178
-170
-102
311
1035
1744
1961
1610
1073
740
791
1225
1638
1530
904
145
-450
-736
-703
-1045
-2756
-5292
-7512
-9339
-9813
-8196
-6366
-5640
-5393
-5668
-6268
-5515
-3293
-951
1146
2733
3200
3013
3106
3318
3466
3713
3681
3009
1989
707
-960
-2625
-3802
-4407
-4535
-4103
-3704
-3826
-4137
-4269
-3938
-3021
-1515
249
1567
2320
3130
3782
4146
4790
5249
5026
4628
4085
3059
1934
943
-167
-1114
-1534
-1904
-2441
-2840
-3410
-4177
-4334
-3776
-2986
-1897
-690
-28
214
562
891
1193
1860
2522
2801
2901
2683
1986
1176
509
103
14
157
389
333
4
-172
-158
59
776
1731
2338
2666
2921
2885
2685
2870
3204
3165
3143
3135
2560
1875
1701
1626
1556
1910
2161
1720
1193
889
566
813
1690
2332
2533
2319
1647
904
561
657
796
668
357
-117
-665
-962
-1137
-2004
-3800
-5736
-7394
-8603
-8316
-6675
-5588
-5308
-5081
-5454
-5702
-4313
-2126
-289
1298
2290
2229
2070
2455
2734
2884
3174
2904
1983
1087
-129
-1733
-2966
-3722
-4117
-3998
-3482
-3319
-3709
-3993
-3950
-3535
-2511
-966
355
1045
1598
2350
2919
3487
4407
4691
4215
3827
3214
2150
1342
659
-274
-917
-1136
-1545
-2157
-2584
-3223
-3883
-3582
-2753
-2053
-968
-50
-45
23
518
814
1179
1934
2328
2144
1952
1595
855
190
-99
-208
-192
35
293
215
-108
-96
183
570
1378
2289
2732
2913
3057
3054
3024
3233
3498
3425
3271
3068
2451
1987
1988
1853
1875
2287
2282
1925
1777
1649
1484
1705
2203
2438
2299
1943
1372
617
179
151
137
-53
-382
-808
-1243
-1408
-1281
-1183
-1739
-3257
-5053
-6679
-7823
-7560
-6139
-4958
-4328
-4243
-4819
-5103
-4343
-2817
-965
612
1406
1589
1527
1536
1664
1912
2122
1896
1400
714
-371
-1634
-2654
-3376
-3703
-3434
-2962
-2745
-2877
-3123
-3201
-2856
-1990
-858
286
1017
1523
2229
2799
3277
3823
3947
3642
3283
2750
2025
1241
399
-437
-1079
-1412
-1766
-2246
-2669
-3269
-3753
-3508
-2891
-2203
-1239
-533
-330
15
473
863
1419
2089
2462
2558
2553
2257
1656
1101
774
628
695
864
929
684
314
161
213
541
1248
1912
2314
2581
2781
2916
2971
3251
3621
3621
3541
3497
3051
2629
2589
2436
2312
2376
2213
1778
1489
1411
1258
1390
1815
1784
1476
1390
1039
476
334
186
-244
-501
-531
-559
-548
-371
-457
-1368
-3006
-4867
-6593
-7847
-7921
-6746
-5669
-5271
-5119
-5554
-6122
-5482
-3834
-1961
-142
1038
1304
1193
1259
1523
1924
2480
2621
2075
1350
363
-1094
-2282
-2993
-3440
-3347
-2885
-2585
-2757
-3167
-3415
-3358
-2773
-1537
-166
794
1398
1995
2583
3032
3642
4161
4046
3664
3247
2586
1814
1033
231
-470
-1010
-1367
-1646
-2141
-2878
-3537
-3795
-3555
-2827
-1775
-901
-417
-52
224
589
1344
2112
2727
3205
3232
2864
2347
1676
1012
649
556
547
497
293
-89
-438
-485
-186
464
1217
1810
2283
2583
2722
3006
3469
3786
3973
4121
3947
3462
3147
2967
2705
2644
2723
2527
2175
1866
1496
1163
1032
1090
1056
860
660
318
-213
-531
-606
-729
-706
-460
-436
-724
-806
-696
-649
-379
-146
-959
-2854
-4740
-6432
-7677
-7276
-5831
-5105
-5101
-5347
-6179
-6644
-5578
-3705
-1845
-164
922
1192
1232
1526
1835
2079
2467
2663
2317
1696
826
-615
-2049
-2765
-2945
-2801
-2379
-2137
-2588
-3256
-3370
-3062
-2425
-1125
249
950
1506
2273
2649
2855
3425
3722
3534
3468
3240
2394
1421
523
-423
-1096
-1336
-1561
-2117
-2815
-3477
-4042
-4038
-3273
-2266
-1290
-424
141
493
914
1561
2344
3107
3763
4036
3682
3050
2307
1509
1022
901
807
558
172
-350
-841
-999
-724
-145
571
1248
1816
2273
2533
2838
3308
3616
3903
4278
4290
3923
3539
3145
2683
2431
2473
2381
2037
1733
1353
893
684
669
678
682
634
420
27
-374
-669
-832
-797
-505
-237
-223
-174
-15
-22
-2
112
-654
-2455
-4180
-5720
-7027
-6963
-5788
-5221
-5270
-5361
-5963
-6370
-5400
-3633
-2036
-515
618
890
1017
1444
1729
1904
2226
2272
1867
1382
662
-532
-1678
-2413
-2760
-2759
-2558
-2349
-2622
-3119
-3216
-3006
-2576
-1600
-381
391
1039
1926
2455
2649
3201
3482
3247
3202
3023
2271
1501
916
126
-529
-769
-1106
-1702
-2164
-2642
-3221
-3289
-2865
-2309
-1416
-469
99
569
976
1266
1722
2347
2886
3231
3266
2915
2393
1860
1390
1142
1063
828
514
213
-242
-572
-540
-373
-22
631
1250
1688
2098
2408
2511
2702
3155
3477
3557
3630
3442
2954
2698
2645
2556
2487
2311
1990
1556
1235
1205
1232
1234
1248
1053
606
206
-84
-365
-544
-538
-523
-632
-622
-528
-690
-673
-288
-121
-84
-36
-814
-2553
-4216
-5564
-6750
-6799
-5707
-5112
-5120
-5091
-5581
-6160
-5460
-3827
-2285
-768
525
891
712
899
1254
1533
2152
2632
2396
1819
951
-316
-1428
-2037
-2245
-2241
-2098
-2040
-2432
-2981
-3127
-2987
-2568
-1494
-242
551
1149
1864
2205
2243
2744
3249
3173
3188
3192
2510
1698
1255
670
-49
-300
-696
-1685
-2422
-2873
-3481
-3452
-2714
-2203
-1651
-819
-354
-33
691
1448
2058
2866
3593
3800
3734
3499
2885
2157
1664
1270
855
442
19
-513
-1105
-1386
-1234
-961
-519
237
868
1226
1769
2351
2669
3177
3907
4263
4397
4543
4206
3604
3232
2932
2599
2482
2315
1802
1382
1069
721
711
958
859
606
415
-61
-496
-542
-574
-667
-620
-671
-762
-675
-598
-390
85
423
579
688
116
-1360
-3098
-4728
-6082
-6665
-6236
-5508
-5295
-5506
-5871
-6394
-6430
-5359
-3580
-1860
-477
505
852
804
992
1580
2140
2628
2998
2656
1701
697
-523
-1669
-2055
-2114
-2218
-2018
-1935
-2514
-2994
-2986
-2900
-2414
-1168
74
765
1462
2195
2344
2485
3105
3446
3350
3343
3168
2417
1679
1271
747
222
36
-234
-924
-1616
-2196
-2997
-3672
-3538
-3088
-2750
-1795
-738
-502
-87
828
1312
1910
3139
3862
3729
3619
3375
2487
1821
1787
1375
633
272
-335
-1362
-1917
-1976
-2070
-1866
-1015
-228
287
1077
1824
2138
2703
3575
4074
4390
4800
4764
4205
3854
3722
3236
2762
2615
2059
1243
997
906
554
499
639
342
-54
3
-68
-425
-438
-445
-720
-660
-323
-150
22
267
298
211
383
591
451
113
-601
-2254
-4178
-5553
-6692
-7164
-6501
-5878
-5899
-5953
-6151
-6397
-5761
-4158
-2331
-661
680
1442
1733
1886
2174
2502
2744
2881
2759
2174
1170
-76
-1395
-2432
-2948
-2968
-2728
-2574
-2687
-2990
-3207
-2963
-2258
-1250
24
1098
1741
2394
2918
3046
3249
3482
3392
3280
3195
2754
1973
1059
180
-481
-887
-1054
-1145
-1456
-2020
-2457
-2690
-2973
-3133
-2880
-2610
-2280
-1153
229
988
1659
2266
2245
2381
3158
3687
3752
3633
2995
2027
1362
980
576
158
-295
-903
-1544
-1856
-1797
-1639
-1193
-299
538
1214
2062
2729
2954
3308
3889
4070
3989
4182
4095
3480
3270
3295
2641
1989
1878
1387
849
1092
1230
825
617
528
121
-51
162
150
-104
-325
-592
-850
-808
-540
-318
-102
56
68
55
100
219
306
233
-63
-890
-2484
-4177
-5523
-6669
-6884
-6044
-5509
-5474
-5318
-5499
-5740
-4940
-3427
-2002
-610
615
1288
1618
1943
2168
2212
2245
2213
2009
1534
650
-520
-1647
-2561
-2983
-2822
-2582
-2545
-2634
-2848
-3031
-2682
-1954
-1176
-198
668
1167
1792
2408
2629
2862
3126
3079
2972
2943
2646
2029
1311
647
61
-379
-619
-819
-1257
-1879
-2427
-2864
-3241
-3321
-2844
-2291
-1671
-596
295
678
1279
1961
2347
3058
3944
4214
4059
3787
3165
2387
2012
1689
1031
438
-132
-946
-1639
-1930
-2033
-2007
-1528
-679
8
671
1440
1891
2176
2734
3367
3750
4049
4292
4227
3889
3640
3421
2889
2358
2029
1548
1117
973
722
304
67
-39
-251
-214
45
-78
-369
-444
-703
-1040
-852
-464
-294
9
405
439
222
138
150
133
383
780
653
-218
-1733
-3681
-5429
-6424
-6500
-5815
-5129
-5027
-5379
-5872
-6187
-5738
-4368
-2639
-1003
261
994
1337
1488
1554
1820
2219
2347
2286
2022
1175
-86
-1250
-2117
-2674
-2759
-2434
-2303
-2492
-2734
-2981
-3072
-2677
-1844
-823
262
1155
1815
2361
2639
2790
3130
3378
3466
3525
3326
2741
2003
1290
631
155
-240
-737
-1297
-1979
-2704
-3038
-2943
-2615
-2001
-1127
-389
129
769
1423
1913
2601
3444
3993
4312
4391
4005
3320
2582
1851
1221
729
234
-354
-911
-1487
-2022
-2184
-2024
-1684
-1026
-237
378
961
1465
1863
2376
2959
3444
3874
4037
3759
3437
3164
2721
2405
2312
1849
1260
1010
705
388
466
513
255
59
-112
-372
-558
-562
-562
-600
-495
-401
-383
-309
-354
-440
-289
-97
117
362
412
395
353
210
56
-440
-1707
-3344
-4737
-5923
-6532
-6005
-5315
-5330
-5384
-5408
-5824
-5569
-4220
-2848
-1615
-268
635
925
1220
1551
1694
1907
2238
2305
2065
1521
526
-578
-1447
-1986
-2097
-1971
-1894
-1991
-2345
-2648
-2658
-2521
-2068
-1168
-275
430
1294
2154
2486
2777
3324
3541
3589
3892
3957
3440
2921
2411
1632
924
463
-103
-844
-1441
-1997
-2510
-2702
-2607
-2346
-1788
-1133
-595
-3
549
999
1578
2312
2914
3286
3413
3216
2816
2345
1944
1622
1184
646
167
-356
-939
-1257
-1364
-1462
-1314
-856
-370
55
514
921
1212
1612
2160
2653
2981
3138
3083
2958
2848
2762
2706
2471
2043
1577
1218
972
898
990
995
815
568
336
88
-99
-172
-277
-439
-644
-868
-1010
-1067
-1070
-840
-424
-229
-118
9
-209
-501
-417
-193
1
306
294
-364
-1473
-2880
-4201
-5091
-5466
-5227
-4759
-4602
-4696
-4882
-5073
-4827
-3911
-2617
-1323
-308
334
597
676
846
1136
1468
1781
1902
1717
1279
535
-427
-1202
-1704
-1941
-1785
-1517
-1522
-1752
-2044
-2322
-2304
-1859
-1110
-229
555
1206
1746
2138
2453
2821
3174
3467
3652
3627
3361
2771
2076
1547
1118
756
435
-132
-960
-1811
-2472
-2751
-2662
-2323
-1892
-1522
-1229
-880
-464
37
716
1419
2037
2568
2864
2812
2531
2168
1825
1599
1429
1272
920
349
-190
-681
-1066
-1085
-882
-664
-288
98
308
487
728
954
1275
1758
2170
2403
2503
2433
2258
2187
2206
2165
2099
1934
1627
1359
1213
1074
994
1026
927
800
751
614
377
132
-159
-356
-434
-482
-435
-478
-689
-802
-800
-772
-609
-408
-336
-311
-234
-148
35
264
337
218
-105
-828
-1993
-3127
-4056
-4832
-4984
-4497
-4215
-4299
-4356
-4664
-5024
-4614
-3544
-2460
-1399
-442
4
108
288
592
912
1275
1650
1780
1562
1079
439
-295
-837
-1025
-1051
-989
-963
-1178
-1588
-1842
-1825
-1644
-1104
-285
318
786
1395
1809
1953
2277
2654
2724
2804
2978
2804
2343
1903
1415
861
435
126
-299
-859
-1381
-1823
-2120
-2179
-1992
-1696
-1379
-994
-587
-172
265
726
1212
1682
2122
2340
2313
2114
1713
1342
1151
1003
797
535
158
-352
-764
-929
-940
-806
-475
-108
193
529
856
1123
1424
1795
2170
2487
2703
2755
2634
2491
2335
2202
2121
1950
1632
1288
995
715
575
568
562
475
355
324
241
114
133
129
-17
-89
-82
-151
-230
-168
-85
-80
46
206
150
-9
-166
-401
-569
-542
-460
-553
-885
-1513
-2568
-3704
-4513
-5005
-5057
-4554
-4081
-3930
-3913
-4011
-4059
-3687
-2780
-1691
-716
31
447
458
358
427
607
816
1110
1347
1163
681
70
-660
-1268
-1410
-1230
-968
-726
-698
-916
-1200
-1276
-1106
-702
-88
532
968
1341
1635
1738
1815
1947
2050
2126
2239
2241
2023
1643
1241
871
571
389
217
-102
-571
-1014
-1352
-1528
-1503
-1303
-1068
-909
-757
-558
-369
-171
123
453
760
1032
1182
1163
1002
792
671
717
849
972
1008
880
660
471
389
454
657
895
1128
1256
1274
1215
1133
1137
1213
1342
1481
1491
1317
1098
890
686
632
704
730
720
721
659
541
509
569
683
860
1106
1312
1365
1288
1165
1033
887
817
803
651
379
146
-169
-534
-739
-907
-1132
-1237
-1261
-1327
-1321
-1269
-1272
-1253
-1090
-901
-746
-645
-824
-1357
-1984
-2508
-2831
-2807
-2490
-2185
-2143
-2322
-2617
-2945
-3078
-2881
-2470
-2000
-1559
-1156
-881
-796
-678
-449
-257
75
548
846
951
892
643
381
271
352
563
795
832
643
324
-71
-435
-554
-427
-288
-78
133
175
39
-93
-174
-204
-64
232
562
771
858
852
795
704
712
818
864
892
900
839
715
592
452
346
268
182
160
135
37
-53
-144
-207
-229
-205
-128
-74
-55
-28
60
132
263
456
625
765
913
1040
1135
1224
1298
1371
1393
1398
1386
1331
1229
1118
969
808
680
554
442
364
264
146
53
-57
-110
-73
5
168
363
488
539
541
518
514
593
724
807
814
731
567
350
148
11
-58
-71
-61
-42
-121
-308
-496
-643
-730
-686
-541
-450
-434
-466
-561
-665
-700
-664
-581
-457
-299
-147
-45
-64
-246
-580
-968
-1314
-1534
-1558
-1452
-1394
-1406
-1523
-1747
-1925
-1976
-1888
-1697
-1419
-1122
-809
-568
-387
-242
-194
-133
18
248
407
517
510
317
88
-66
-103
-96
-33
41
45
-45
-120
-184
-301
-349
-244
-55
146
377
525
457
232
14
-154
-247
-160
28
158
232
271
215
164
174
191
223
279
335
375
452
565
617
653
729
734
703
709
718
637
551
516
396
204
55
-75
-225
-285
-240
-180
-190
-188
-160
-192
-157
25
208
374
565
671
699
732
753
781
840
901
930
931
920
829
699
603
493
348
253
194
71
-54
-76
-136
-201
-151
-91
-28
94
230
344
410
451
510
577
655
752
797
726
635
521
415
367
343
293
212
112
-40
-171
-264
-348
-411
-423
-414
-445
-481
-490
-534
-538
-455
-370
-309
-270
-299
-373
-396
-369
-322
-267
-242
-262
-289
-336
-341
-337
-353
-315
-304
-308
-304
-420
-638
-819
-978
-1075
-990
-838
-746
-715
-761
-869
-957
-956
-892
-815
-705
-632
-611
-627
-669
-729
-781
-763
-697
-618
-499
-450
-441
-403
-399
-379
-322
-250
-173
-72
23
146
218
203
211
238
259
397
594
707
771
797
748
654
604
563
492
452
448
411
368
297
145
3
-114
-205
-176
-49
82
208
353
460
518
574
621
637
668
699
732
746
687
591
510
400
317
280
246
207
178
167
143
110
71
74
102
158
255
352
420
416
371
365
343
362
441
465
452
442
392
340
336
318
282
276
287
263
258
265
225
177
177
182
172
171
182
141
79
73
65
57
49
38
22
-8
-48
-74
-120
-186
-215
-224
-252
-263
-248
-282
-272
-219
-224
-207
-173
-172
-193
-173
-197
-282
-323
-353
-403
-398
-363
-380
-433
-494
-537
-576
-576
-522
-519
-534
-546
-551
-552
-557
-575
-640
-751
-857
-913
-981
-1035
-1070
-1117
-1179
-1195
-1158
-1117
-1047
-952
-879
-781
-642
-507
-377
-252
-168
-75
46
147
244
314
314
281
263
244
207
184
163
136
138
176
226
269
297
306
306
335
365
382
399
377
349
314
306
296
263
241
217
186
166
226
276
303
379
430
449
458
509
551
571
630
692
741
782
836
886
879
898
911
890
865
827
740
637
542
463
403
358
307
199
86
-43
-150
-226
-258
-252
-256
-243
-193
-109
-6
115
224
239
228
208
210
276
375
496
559
548
500
415
319
266
217
168
120
62
-13
-96
-178
-273
-364
-409
-433
-479
-470
-471
-510
-525
-516
-502
-460
-365
-275
-217
-194
-214
-250
-308
-354
-361
-403
-468
-496
-539
-583
-642
-715
-803
-892
-945
-955
-920
-881
-835
-765
-672
-585
-468
-375
-343
-344
-334
-283
-234
-161
-116
-141
-206
-260
-294
-308
-310
-312
-313
-310
-290
-248
-202
-194
-199
-189
-163
-110
-20
47
72
80
77
95
120
170
214
225
227
238
229
206
173
135
114
129
196
255
307
331
319
295
318
377
456
582
686
725
763
773
685
636
623
606
637
700
730
665
565
455
344
277
305
373
406
436
462
429
391
415
423
415
453
487
485
482
464
391
307
252
206
163
168
162
136
126
116
78
15
-12
-34
-35
-10
15
-15
-71
-118
-172
-209
-224
-206
-221
-223
-197
-204
-210
-237
-269
-327
-338
-307
-269
-239
-235
-258
-314
-342
-361
-365
-397
-421
-456
-473
-454
-428
-394
-389
-421
-425
-402
-388
-329
-278
-291
-319
-338
-363
-362
-365
-352
-324
-315
-295
-270
-291
-328
-339
-323
-268
-174
-91
-47
-46
-78
-132
-139
-150
-128
-108
-104
-100
-130
-116
-134
-162
-204
-221
-255
-267
-232
-202
-170
-141
-106
-81
-35
4
72
123
161
195
226
267
337
434
496
533
536
516
501
508
511
508
465
413
371
347
391
431
470
491
463
433
438
450
466
517
528
528
546
551
530
509
476
428
421
412
424
410
385
370
346
338
318
281
234
175
117
98
112
119
133
141
99
60
21
-8
-30
-41
-64
-78
-70
-70
-53
-51
-87
-126
-134
-142
-118
-72
-48
-59
-65
-43
-28
9
48
56
34
-23
-92
-149
-180
-217
-239
-242
-277
-311
-337
-385
-447
-495
-547
-594
-605
-601
-566
-522
-492
-434
-381
-348
-313
-294
-283
-286
-264
-186
-110
-67
-36
-65
-130
-196
-237
-258
-261
-268
-283
-291
-321
-350
-342
-336
-349
-336
-339
-336
-324
-283
-266
-241
-226
-210
-168
-151
-119
-77
-48
-39
-20
3
13
16
50
95
130
173
242
255
241
235
207
217
253
334
412
462
491
465
414
347
316
295
297
334
361
387
385
363
317
273
257
252
279
338
376
375
373
349
326
316
355
389
398
439
437
405
384
343
276
226
211
206
200
199
161
104
39
-8
-33
-42
-15
24
55
72
81
63
38
21
16
26
60
116
162
176
153
119
60
18
-14
-48
-56
-63
-49
-57
-72
-111
-176
-216
-244
-238
-222
-204
-202
-207
-227
-262
-284
-325
-359
-376
-387
-380
-365
-350
-379
-416
-449
-457
-422
-374
-326
-302
-288
-298
-303
-307
-313
-304
-298
-288
-255
-253
-255
-283
-335
-380
-398
-377
-360
-326
-300
-298
-297
-286
-268
-256
-242
-217
-176
-134
-112
-79
-86
-105
-85
-67
-65
-52
-53
-57
-81
-71
-47
-47
-12
16
44
83
137
175
187
197
194
210
229
249
257
256
263
257
264
250
239
208
189
186
198
235
263
307
305
300
303
298
301
317
352
372
407
416
402
386
363
342
338
344
335
333
319
299
287
276
257
209
200
186
160
161
153
152
129
121
127
131
157
191
183
159
153
133
112
98
102
94
96
114
124
112
95
49
-5
-58
-103
-118
-135
-135
-160
-203
-245
-297
-359
-408
-429
-446
-435
-406
-360
-315
-283
-256
-255
-235
-200
-167
-127
-101
-79
-82
-86
-101
-119
-135
-185
-226
-268
-295
-312
-338
-351
-376
-413
-422
-412
-367
-303
-271
-245
-253
-293
-297
-304
-290
-263
-228
-194
-183
-186
-209
-249
-277
-277
-263
-231
-193
-154
-133
-138
-139
-116
-104
-77
-37
-18
-4
19
29
29
33
71
88
104
147
150
137
135
125
120
129
145
161
179
204
241
257
260
274
277
281
303
322
338
354
371
374
361
358
346
313
303
298
301
299
292
275
245
242
236
249
251
266
256
258
254
256
278
269
264
243
240
229
218
200
170
125
90
75
69
57
57
46
19
-10
-29
-32
-47
-48
-54
-58
-51
-38
-31
-45
-43
-45
-61
-56
-58
-65
-56
-68
-89
-108
-117
-133
-148
-145
-148
-160
-173
-181
-180
-196
-208
-219
-229
-217
-204
-194
-180
-175
-175
-180
-197
-207
-200
-190
-180
-169
-165
-178
-183
-212
-225
-249
-269
-249
-245
-242
-243
-250
-256
-252
-226
-196
-178
-153
-138
-139
-131
-98
-79
-79
-69
-55
-63
-48
-25
-34
-34
-59
-66
-71
-51
-16
15
33
45
64
60
67
76
77
79
84
95
112
133
159
170
178
188
204
229
234
250
261
275
284
290
276
253
229
184
180
166
155
149
127
107
101
100
103
115
119
128
113
97
98
105
117
139
145
169
178
176
183
177
156
132
115
100
95
77
62
40
5
-11
-30
-36
-44
-44
-54
-75
-70
-55
-39
-43
-34
-28
-28
-8
25
39
43
42
26
12
1
-8
-18
-34
-45
-56
-63
-77
-85
-102
-132
-144
-140
-127
-113
-87
-82
-93
-105
-121
-119
-109
-95
-83
-90
-100
-135
-166
-184
-195
-180
-167
-158
-158
-152
-155
-155
-148
-139
-119
-108
-81
-60
-59
-40
-44
-28
-34
-27
-6
3
24
21
15
-4
-7
-19
-22
-16
-10
14
38
59
60
47
42
45
37
60
88
84
95
99
86
73
77
74
75
81
94
100
80
74
54
30
31
39
62
85
96
129
136
146
144
143
146
154
154
142
141
138
148
138
129
106
80
70
51
51
44
32
39
28
33
29
22
17
12
23
28
13
24
20
9
5
-2
-2
-15
-6
-1
-2
-5
-12
-29
-42
-39
-32
-29
-23
-18
-10
-26
-40
-63
-81
-76
-84
-72
-67
-62
-60
-72
-68
-76
-84
-74
-83
-73
-74
-77
-78
-89
-77
-94
-103
-111
-118
-123
-131
-125
-118
-124
-123
-140
-147
-144
-135
-127
-124
-97
-88
-80
-82
-74
-83
-83
-66
-52
-27
-8
3
-8
-15
-20
-15
-3
-2
-2
2
3
16
6
3
13
31
40
22
28
29
32
36
31
26
38
52
46
48
54
67
66
52
52
52
40
44
48
62
70
71
69
66
59
70
68
63
62
66
68
61
79
63
57
49
44
39
30
33
40
59
69
72
68
63
70
72
75
83
73
65
50
33
30
17
16
15
3
4
-9
-9
-13
-19
-15
-37
-25
-9
16
30
19
8
0
3
-8
8
3
4
18
6
6
-4
-6
-10
-21
-22
-19
-22
-29
-31
-48
-71
-88
-93
-102
-95
-101
-118
-118
-141
-127
-118
-108
-87
-82
-68
-60
-54
-62
-66
-71
-71
-64
-66
-52
-44
-48
-69
-85
-93
-102
-117
-109
-105
-95
-74
-73
-66
-56
-42
-37
-33
-22
-1
27
36
44
44
60
80
70
72
66
48
42
28
22
18
24
32
28
25
29
45
39
49
60
58
62
69
80
96
92
100
99
103
97
86
76
73
63
50
49
33
29
19
26
13
32
39
42
61
73
94
81
88
97
99
97
92
96
77
72
62
43
40
35
31
16
6
3
-18
-28
-40
-46
-48
-43
-19
-14
-13
-15
-19
-14
-10
-7
-13
-15
-23
-33
-35
-41
-49
-58
-65
-62
-58
-55
-61
-65
-67
-63
-66
-69
-62
-56
-53
-53
-57
-59
-55
-65
-76
-80
-96
-95
-92
-96
-88
-82
-84
-74
-73
-77
-74
-89
-73
-65
-63
-59
-65
-52
-60
-49
-53
-48
-46
-41
-35
-42
-46
-38
-37
-31
-12
-11
10
5
13
3
3
15
11
40
35
25
36
41
30
34
38
39
33
9
24
18
15
21
15
30
26
39
27
17
26
26
34
42
60
73
77
69
71
66
79
89
95
91
88
76
70
82
65
60
58
62
60
48
40
41
38
27
29
31
40
40
42
47
40
30
20
9
18
22
35
33
40
44
40
28
6
9
1
0
0
-7
-4
-12
-21
-19
-30
-32
-42
-45
-41
-31
-21
-16
-15
-19
-12
-6
5
4
19
16
14
-6
-24
-26
-40
-41
-63
-66
-79
-76
-83
-83
-90
-89
-87
-94
-72
-78
-65
-74
-69
-60
-64
-60
-61
-45
-37
-33
-34
-31
-19
-18
-33
-41
-48
-39
-29
-27
-24
-18
-16
-13
-4
-5
-5
7
12
26
22
11
17
22
30
38
38
38
55
55
51
48
39
42
48
51
60
57
49
51
47
40
31
33
34
52
48
40
45
39
47
41
41
48
45
50
43
43
32
13
11
10
8
11
19
12
23
13
11
22
3
12
5
2
18
13
12
10
10
14
7
10
10
11
9
-13
-19
-34
-35
-26
-25
-16
-6
-5
-9
-5
-25
-20
-26
-44
-28
-34
-26
-18
-20
-22
-24
-27
-23
-20
-25
-27
-23
-33
-29
-23
-29
-31
-34
-37
-38
-42
-42
-32
-23
-23
-17
-15
-13
-13
-27
-12
-11
-6
-2
-3
-3
-11
0
-5
-9
-4
5
5
-5
-6
-11
-1
-6
7
5
7
20
24
22
17
20
14
14
19
20
25
31
26
34
28
33
48
37
47
57
58
64
49
52
53
41
40
34
36
30
25
34
35
43
32
31
29
25
29
37
23
27
25
23
26
10
22
20
25
29
30
19
7
11
13
9
6
4
27
26
21
29
19
25
18
19
23
16
6
-4
-10
-12
-7
-14
-33
-24
-33
-31
-34
-39
-35
-36
-31
-30
-29
-28
-20
-21
-30
-33
-35
-49
-43
-42
-40
-47
-62
-55
-51
-56
-75
-73
-64
-72
-65
-61
-61
-49
-46
-33
-19
-18
-3
4
-4
3
3
-4
-5
-7
-8
-18
-25
-21
-11
-14
-26
-24
-31
-32
-35
-40
-32
-30
-25
-18
4
11
17
33
27
41
43
41
48
40
44
31
24
17
15
19
14
16
6
5
3
6
-7
-11
-4
2
14
3
19
32
23
27
22
27
28
26
26
24
25
20
15
10
11
24
14
7
13
17
24
19
15
21
20
25
33
26
32
22
23
27
15
22
28
42
45
48
40
44
44
38
37
19
17
18
8
9
16
5
4
-3
-2
4
3
2
3
1
-5
-14
-27
-22
-19
-15
-16
-10
-10
-6
-14
-17
-20
-24
-28
-37
-32
-34
-37
-46
-48
-41
-34
-34
-32
-42
-36
-26
-24
-33
-44
-39
-41
-31
-39
-35
-28
-31
-26
-44
-45
-54
-53
-48
-55
-48
-38
-37
-28
-24
-21
-20
-27
-13
-6
-7
-4
-1
-3
-5
-5
-4
4
1
0
0
-10
-13
-13
-13
-12
-5
1
8
19
6
8
4
-2
3
-2
1
10
13
15
15
17
23
31
23
29
21
12
18
10
13
14
13
20
25
22
27
21
22
28
27
31
35
35
29
36
37
43
41
38
50
58
55
47
41
34
42
27
21
20
8
12
17
20
16
14
10
21
13
16
13
12
13
9
11
7
13
13
15
21
16
21
12
6
12
3
-1
-6
-11
-4
-2
-12
-9
-23
-26
-25
-30
-23
-31
-23
-23
-20
-22
-25
-18
-16
-14
-24
-23
-20
-17
-15
-26
-20
-21
-24
-16
-21
-24
-30
-24
-23
-16
-28
-28
-25
-27
-16
-20
-15
-23
-10
-17
-18
-21
-31
-24
-33
-20
-18
-21
-13
-11
0
6
-6
10
7
-1
8
2
6
3
-1
7
11
-4
1
7
6
4
2
8
9
17
11
14
20
24
36
30
24
32
42
43
42
36
34
29
28
29
23
15
11
22
22
14
8
12
9
13
12
24
21
20
23
23
30
11
18
9
15
13
9
6
-2
12
0
-2
-2
-4
2
-3
-12
-3
-13
-12
-8
-17
-13
-8
0
-5
5
-7
-3
-11
-14
-13
-17
-21
-21
-9
-13
-10
-26
-16
-18
-11
-11
-22
-16
-17
-10
-13
-22
-27
-16
-11
-10
-6
-5
-5
4
-11
-17
-23
-26
-17
-21
-18
-12
-10
-12
-18
-22
-18
-15
-16
-9
-6
-5
-3
-6
6
3
-6
-7
1
7
12
-7
-9
1
-3
-8
-19
-17
-9
-1
-5
-2
-3
-7
7
10
12
12
19
31
31
27
23
22
23
23
24
19
15
21
25
25
14
22
22
24
24
29
26
29
28
12
22
5
16
18
7
19
19
19
21
22
15
21
10
6
13
7
13
12
13
13
14
15
8
11
9
0
-2
-4
-1
-5
-3
-6
0
1
-6
10
5
-2
0
-8
-14
-15
-26
-27
-24
-24
-19
-18
-27
-27
-18
-25
-32
-35
-20
-12
-15
-18
-16
-15
-21
-26
-16
-19
-19
-14
-16
-11
-16
-14
-22
-17
-17
-15
-12
-18
-9
-6
-9
-13
-6
-11
-12
-3
-8
-5
-6
-9
5
-3
-7
-4
-4
-15
-7
-5
-2
-3
-5
-3
-5
-1
-4
2
7
2
10
0
3
14
-5
3
7
20
30
20
23
32
27
8
6
4
7
4
-3
-1
7
4
2
2
7
14
13
6
6
15
8
5
0
1
12
10
12
21
12
13
14
6
4
2
-6
1
-2
-7
0
-1
0
-2
-3
1
2
7
6
1
3
-7
-11
-15
-15
-20
-18
-14
-9
-13
-21
-22
-15
-15
-33
-22
-31
-13
-23
-30
