SAMPLES:	10021
BITSPERSAMPLE:	16
CHANNELS:	1
SAMPLERATE:	16000
NORMALIZED:	FALSE
4
9
-9
6
0
-4
0
-5
-3
-8
8
-1
4
2
-2
3
-12
-3
-6
11
2
-3
3
-4
13
-3
8
18
1
2
-6
-6
7
-1
5
12
12
1
0
11
14
3
-7
-1
-11
2
3
-9
2
1
-6
0
12
2
6
8
-7
0
-4
-10
-10
-9
-11
-8
-5
-11
-3
0
1
7
-1
-6
-5
-4
0
-23
-4
-5
-8
-2
3
4
-14
-2
-5
-1
-4
9
1
-9
2
-14
-1
1
4
4
2
-2
-8
-2
-2
0
1
4
13
12
4
11
1
1
-1
16
16
-9
-2
-10
-1
-6
-14
-9
-1
-6
-11
1
-7
-12
2
-5
-12
11
1
1
14
18
9
-2
12
7
4
3
-8
-4
3
5
2
13
3
1
6
0
6
2
7
3
-9
-3
2
5
-4
6
0
2
4
-7
-4
3
-12
-13
-9
-18
-7
-11
-10
-12
-19
-14
-20
-18
-9
-11
-6
-6
-3
3
3
1
-1
4
15
7
3
0
-4
-5
-3
5
6
12
6
2
2
5
3
8
9
3
4
0
1
11
21
29
16
11
16
7
4
6
5
11
6
-7
11
4
1
6
-15
3
-5
-6
-6
-12
3
-10
-6
-6
4
0
-8
-13
2
0
-14
-7
-14
-15
-13
-7
-13
-12
-10
-7
-8
-6
-5
-9
-14
-8
5
-5
3
-7
-11
-3
5
-15
-11
-4
-15
-3
-9
-16
-5
-2
-7
-7
-14
-11
-18
-16
-12
-2
0
4
0
-3
2
-1
8
5
14
11
11
7
12
24
14
14
14
18
14
1
6
7
-4
10
11
-1
12
10
7
8
11
7
6
6
2
0
-5
-2
8
6
5
3
8
14
1
3
8
-1
-14
-1
4
-5
1
-8
0
1
-4
-2
-2
-13
-19
-2
0
7
-6
-16
2
-5
-1
1
-1
-2
1
18
2
-2
-4
-2
3
-14
7
8
11
9
8
-6
-9
-4
-10
-3
-1
1
-5
-1
-1
7
-4
-5
-1
5
5
9
4
-11
-2
0
3
-1
0
-10
-4
1
-2
-4
-3
-5
-7
-1
-1
2
5
1
9
13
2
2
1
6
5
0
8
9
12
13
14
18
13
11
11
7
4
0
5
0
-2
-10
0
2
-5
1
-2
5
2
-3
5
-3
-3
8
-1
9
2
-10
5
1
-7
-4
5
9
3
1
-5
0
3
-5
-1
8
6
2
7
2
10
12
6
7
8
-5
-4
-2
5
11
-5
1
3
-1
-1
-11
0
-7
-12
-5
0
-18
-17
-9
-4
1
-11
12
15
5
9
9
6
6
4
5
9
4
-5
-7
-4
10
-6
-2
10
6
4
7
7
11
-12
-23
-17
2
46
44
18
-8
12
38
31
5
-2
9
16
15
-5
5
10
4
-3
-10
-10
-3
-5
-1
-2
-6
-13
-22
-3
11
4
-10
0
9
11
5
-11
-7
-9
6
2
-7
2
3
-1
-5
-2
-9
4
8
-5
-9
-6
-5
2
15
2
-7
-3
10
14
3
-7
-7
5
5
6
2
-7
1
-4
3
-1
-10
-12
-2
-2
-2
3
5
11
-3
7
-4
-8
-14
5
24
5
-11
-3
5
7
8
-8
-15
-16
1
-6
4
-2
1
11
4
11
-2
-3
4
13
18
-1
-9
-2
12
11
-4
-9
-4
18
16
-2
-9
-1
15
4
7
-5
-14
10
8
6
-7
-13
0
3
18
0
-15
8
7
9
-6
-18
0
23
4
-21
-10
-4
7
2
-11
-17
12
11
-8
-15
-19
6
-2
-14
-8
-10
-12
-12
-8
-16
-16
-6
-3
2
-10
-10
2
13
9
-16
-20
-3
10
3
-5
-18
9
34
21
-17
-22
-1
19
12
-25
-24
-6
36
34
-5
-18
-8
23
37
21
-18
-11
29
51
29
-37
-16
32
36
16
-34
-35
6
35
17
-23
-32
4
54
37
-9
-44
-34
45
60
12
-57
-54
35
52
-17
-79
-69
36
68
8
-11
-10
36
59
27
-3
-6
5
25
28
-4
-30
-11
13
21
-6
-50
-55
1
56
23
-30
-35
33
59
10
-26
-6
18
14
-12
-13
14
12
-24
-32
17
18
-9
-40
-8
56
12
-51
-35
23
55
18
-40
-19
20
30
4
-19
-23
8
37
20
15
5
-17
-8
35
50
5
-49
-37
41
54
-19
-69
-11
79
37
-62
-76
26
77
31
-63
-72
15
43
15
-27
-25
-17
-1
21
36
-10
-80
-21
63
56
-30
-92
-33
63
36
-59
-81
20
108
24
-93
-72
54
109
-17
-114
-19
97
56
-67
-74
26
75
1
-57
-30
30
44
-4
2
11
-31
-29
12
45
27
-51
-53
59
110
22
-115
-102
62
141
37
-123
-97
68
128
23
-93
-53
58
84
8
-40
-1
55
70
28
-9
-38
-16
55
30
-39
-74
-15
78
64
-62
-123
-34
105
109
-56
-149
-52
105
102
-62
-143
-48
100
96
-58
-141
-71
78
99
10
-108
-103
35
111
45
-62
-91
-9
90
70
7
-76
-69
33
125
92
-75
-158
-5
182
100
-154
-199
71
225
19
-226
-139
113
154
-31
-129
-19
53
-1
-20
60
41
-131
-143
78
249
78
-228
-204
106
287
90
-189
-166
103
244
19
-201
-112
149
194
-65
-242
-39
227
155
-146
-247
-24
170
135
-25
-112
-131
-52
159
189
-78
-250
-106
215
278
-105
-372
-113
337
338
-128
-401
-123
265
298
-21
-282
-230
48
279
258
-67
-392
-261
275
559
44
-622
-408
404
613
-52
-589
-223
473
429
-216
-445
12
388
119
-211
-167
8
62
26
19
35
-68
-136
0
212
106
-193
-234
5
296
215
-162
-315
-79
247
233
-173
-332
22
294
72
-254
-187
163
254
-105
-297
23
288
74
-234
-155
179
248
-67
-213
-24
114
145
67
-135
-188
3
197
184
-41
-231
-131
112
261
129
-177
-248
-36
218
272
26
-278
-278
-6
287
300
-30
-338
-257
208
414
51
-336
-254
178
368
71
-199
-138
-21
109
157
82
-90
-306
-90
386
273
-301
-423
76
507
154
-443
-270
313
360
-105
-299
-71
143
172
40
-56
21
-36
-44
151
58
-188
-17
106
-53
-32
48
3
36
-66
-116
135
54
-153
36
137
24
-86
-159
68
205
-96
-262
-15
244
10
-304
-49
136
24
17
-135
-163
167
252
31
-279
-389
192
617
68
-606
-420
509
723
-218
-763
-331
537
836
-118
-848
-432
400
833
23
-932
-280
701
595
-232
-871
-190
784
546
-377
-701
-55
463
207
0
8
-185
-303
-207
403
764
-75
-799
-454
489
909
-80
-1105
-225
974
588
-486
-943
-43
1084
463
-960
-704
604
835
-147
-761
-87
638
136
-609
-204
602
556
-460
-869
187
955
209
-762
-397
547
414
-419
-424
367
588
-198
-640
-98
463
453
-153
-618
-173
333
452
288
-520
-703
267
626
138
-361
-445
224
451
-158
-339
26
342
85
-596
-253
691
413
-412
-395
127
264
-183
-486
115
877
213
-876
-509
408
559
70
-573
-348
387
231
-32
51
-53
-184
-210
-128
185
475
240
-263
-445
-205
203
528
219
-408
-439
5
362
335
1
-389
-368
-11
334
293
-12
-223
-243
-17
211
220
-139
-368
32
464
196
-357
-304
119
159
-42
121
196
-65
-289
-210
319
187
-310
-52
410
164
-101
-468
-428
478
686
-40
-359
-263
-316
226
475
96
-8
-362
-763
311
1203
250
-699
-918
-276
1098
860
-588
-877
-161
479
749
121
-797
-527
87
619
567
-311
-749
175
879
78
-1297
-862
1533
1676
-659
-1945
-1041
1256
1989
-125
-1595
-771
343
1091
631
-791
-828
190
408
98
137
66
-70
-220
-316
135
281
-98
-64
88
-98
-2
-119
-264
415
428
-135
-384
-482
-32
874
663
-443
-1073
-609
770
1140
322
-612
-743
-592
71
949
903
-368
-1345
-620
1218
1591
-716
-1806
-193
1681
710
-1327
-1088
811
1245
-258
-891
-407
259
428
226
149
13
-695
-775
459
947
525
-453
-978
-114
682
411
-476
-432
16
122
291
713
82
-1119
-940
144
1581
1316
-920
-1731
-248
932
858
-304
-934
155
689
199
-516
-581
413
272
-155
-85
-120
225
283
-212
107
273
-838
-551
686
1034
180
-1077
-1297
499
1936
101
-1606
-651
834
759
-408
-789
502
1019
-471
-902
36
357
60
132
590
-74
-1225
-369
996
883
-119
-1127
-599
673
454
99
551
-68
-968
-882
446
1665
825
-1279
-1684
164
1234
836
-9
-510
-854
-277
315
439
825
392
-624
-836
-190
328
532
-331
-149
672
252
-827
-816
598
1313
-566
-2012
257
2040
1103
-1451
-1730
615
1595
-355
-1074
59
862
559
-1265
-922
714
1165
-31
-756
-307
300
-70
-552
153
891
983
-576
-1143
-322
144
499
580
64
-262
-618
-310
782
438
-672
-758
-414
838
1364
90
-583
-1007
-646
414
976
259
-586
-700
410
970
-137
-718
-620
542
517
-456
-591
405
854
191
-744
-641
503
159
-191
7
87
163
-64
-323
-43
-125
-171
291
196
-21
30
-158
-234
-167
83
545
-77
-499
-63
250
-91
-125
-190
264
398
-381
-183
-45
-190
-245
198
286
758
629
-411
-1139
-955
394
1166
1046
-174
-794
-805
-558
365
1344
883
-586
-1110
-896
378
1352
743
-231
-824
-875
87
1337
1025
-514
-1376
-354
991
596
-246
-408
221
80
-673
-508
1095
1556
-492
-1578
-876
654
1163
213
-595
-263
-178
-256
339
726
393
-961
-1197
191
1312
685
-753
-1025
84
735
-122
-622
-35
834
726
-719
-1394
-138
1006
570
-502
-522
453
407
-239
-408
-42
382
33
-635
-86
897
606
-301
-858
-708
596
1675
377
-1259
-1293
-263
686
770
427
-147
-594
-383
9
116
332
253
18
-264
-567
-168
767
764
-232
-1086
-821
379
1012
382
-317
-393
-218
-8
97
425
-6
-323
25
136
186
67
-626
-463
268
-4
-49
283
133
-119
-84
-360
-372
52
564
453
-185
-489
-277
115
308
39
-53
272
-275
-576
30
457
217
-312
-795
-472
285
688
491
-117
-754
-922
-325
591
858
239
-506
-555
219
451
-255
-493
208
319
213
242
187
120
-124
-549
-358
321
611
582
-79
-456
-246
151
220
27
-259
-249
-75
255
645
443
-103
-485
-344
151
229
-4
67
310
249
-77
-235
-55
162
-41
-107
-5
467
560
-211
-860
-534
145
358
-43
-641
-268
203
216
-217
-406
-10
774
871
213
-66
353
1291
1339
430
-163
204
598
611
180
-107
2
-115
-221
-136
119
185
-64
-254
-38
197
479
683
687
492
332
653
895
676
410
504
549
603
545
323
122
-231
-644
-594
-343
-472
-997
-1858
-2274
-2263
-2399
-2600
-2670
-2727
-2777
-2952
-3147
-2954
-2631
-2409
-2332
-2207
-1778
-1152
-952
-822
-417
136
615
672
726
1062
1369
1448
1468
1615
1853
1758
1560
1526
1461
1591
1569
1281
1034
756
370
185
342
463
527
410
168
209
457
847
1012
1218
1754
2320
2623
2814
3067
3262
3660
3781
3928
4024
3925
3670
3454
3290
3075
3341
3200
2801
2262
1856
1838
2349
2676
1613
-1081
-4910
-7398
-6930
-4505
-3086
-3968
-6839
-9965
-10937
-9479
-7042
-5551
-5492
-5897
-5700
-4360
-2432
-951
-140
575
1533
2687
3605
3557
3215
3174
3761
4648
4927
4210
3248
2479
1731
1514
1425
1199
294
-1347
-3051
-3733
-3347
-2823
-2426
-2670
-3575
-4418
-4633
-4237
-3509
-3025
-2754
-2408
-1931
-1065
13
891
1358
1792
2654
3564
4002
3998
3812
3749
4020
4432
4615
4239
3288
2045
946
411
214
-226
-1048
-2162
-3145
-3441
-3482
-3310
-2898
-2647
-2397
-1796
-1146
-430
351
1169
2199
3091
4146
5052
5747
6419
6864
7201
7598
7645
7490
7240
6678
6671
6908
6729
6161
5468
4654
3846
3107
2449
861
-2683
-7392
-11222
-11554
-9127
-7426
-8154
-11190
-15211
-16545
-14108
-10531
-8001
-7151
-6943
-5799
-3687
-1033
1461
2821
3614
4632
5828
6770
6903
6275
5956
5978
5969
5477
4066
2440
1116
89
-597
-1406
-2780
-4172
-5662
-7040
-7656
-7262
-6193
-5274
-4960
-5341
-6067
-6149
-5074
-3484
-1806
-265
635
1203
2086
3526
5239
6384
6754
6618
6384
6439
6587
6336
5824
5167
4256
3457
2379
803
-753
-2087
-3207
-3727
-3921
-4390
-5016
-5606
-5711
-5055
-3978
-2849
-1960
-1349
-380
1058
2407
3453
4383
5460
6684
7914
9019
9560
9525
9445
9421
9390
9312
9058
8598
8146
7986
7697
6927
5925
4382
1084
-4132
-9820
-13397
-12766
-10061
-8696
-10096
-13781
-17695
-18620
-15909
-11812
-8401
-6708
-5665
-4332
-2311
378
3060
4832
6014
7269
8351
8942
8448
7258
6257
5585
5150
4371
2850
1047
-549
-2270
-3875
-5215
-6420
-7214
-8169
-9313
-9864
-9075
-7552
-5964
-4706
-4332
-4367
-3739
-2190
-517
1040
2223
3196
4264
5242
6255
6960
6754
6135
5649
5364
5230
4940
4048
3123
2199
1416
1032
381
-806
-2171
-3046
-3420
-3272
-3246
-3413
-3906
-4428
-4248
-3410
-2193
-1066
-182
342
1013
1918
3039
4015
4696
5480
6409
7402
8154
8382
8206
8165
8213
8026
7480
6556
5891
5706
5945
6285
6347
5698
4179
2532
552
-2726
-7429
-11780
-13148
-10978
-8321
-8056
-10302
-14060
-16531
-15282
-11400
-7478
-4847
-3527
-2592
-1290
630
3119
5079
6113
6760
7255
7410
6926
5570
3830
2537
1596
1004
240
-1069
-2750
-4461
-5999
-7077
-7574
-7701
-7650
-8148
-8689
-8077
-6084
-3725
-1673
-492
-378
-302
804
2708
4289
5137
5067
4787
5038
5819
6516
6075
4208
2242
1334
1167
1470
1385
443
-719
-1501
-1525
-896
-568
-997
-1597
-1952
-1707
-1132
-845
-1056
-1629
-1898
-1411
-769
-307
255
667
941
1466
2073
2479
2884
3497
4191
4893
5758
6735
7296
7186
6950
6660
6206
5856
5733
5367
4852
4609
4514
4561
4560
4398
3950
3457
3068
2762
1511
-2186
-7932
-12755
-13250
-10418
-7902
-7681
-10034
-13951
-16039
-13972
-9863
-6421
-4337
-3088
-1744
280
2664
4470
5216
5499
6243
7090
7425
6784
4841
2621
1107
335
-249
-1287
-2973
-4808
-6330
-7337
-7766
-8123
-8272
-8149
-8199
-8044
-6699
-4316
-1952
25
1183
1308
1567
3035
5004
6401
7136
7084
6457
5731
5159
4657
3600
1986
642
56
-355
-1139
-2253
-3055
-3219
-2924
-2066
-1119
-867
-1073
-961
-503
238
989
1400
1361
914
484
596
1005
1117
1134
1039
1073
1537
1989
2033
2202
2724
3512
4581
5404
5636
5540
5701
6045
6219
6276
6328
5797
4742
3907
3545
3506
3533
3651
3850
3904
3679
3494
3376
3247
2525
-318
-5888
-12227
-15503
-13727
-9859
-7775
-8532
-11747
-15441
-16038
-12742
-8196
-4505
-2091
-97
1798
3418
4682
5652
6429
7336
8261
8480
7551
5226
2387
101
-1387
-2302
-2990
-3932
-5439
-7059
-8259
-8933
-9238
-9075
-8298
-7512
-7107
-6298
-4142
-1479
885
2779
3554
3606
4248
5791
7220
7997
8030
7379
6452
5780
5379
4355
2353
-158
-2348
-3716
-4413
-4464
-4133
-3894
-4008
-3968
-3267
-2058
-941
-98
921
2057
3166
3941
4132
3605
2848
2388
2216
2046
1541
772
-203
-784
-802
-693
-503
89
869
1630
2628
3576
4276
4917
5543
5931
5988
6181
6361
6031
5501
5133
4551
3743
3164
2597
2178
2232
2724
3233
3380
3359
3251
3009
2542
1243
-2497
-8547
-14021
-15579
-12764
-9038
-7483
-8778
-12170
-15071
-14074
-9709
-5006
-1324
1003
2283
3421
4846
5994
6511
6739
7259
7658
7092
5225
1929
-1656
-3832
-4420
-4542
-5138
-6540
-8318
-9710
-10124
-9758
-9160
-8157
-6595
-5263
-4406
-3021
-621
2078
4653
6890
7686
7214
7067
7541
7996
8314
8085
7038
5620
4424
3480
2057
-333
-3294
-5932
-7280
-7004
-5936
-4786
-3981
-3795
-3652
-2355
-234
1684
3246
4350
4920
5316
5667
5315
4181
2971
2177
1390
239
-1141
-2699
-4025
-4273
-3403
-2569
-2019
-1196
-166
1123
2994
4957
6328
7298
8053
8277
7936
7542
7205
6423
5738
5581
4902
3306
1551
-8
-987
-955
-541
-95
586
1559
2702
3420
3207
2560
1814
318
-3013
-8393
-12943
-13320
-10457
-7588
-6380
-7948
-11689
-13767
-11740
-7538
-3653
-776
1051
2162
3093
4098
4934
5502
5964
6210
5923
4813
2483
-625
-3065
-4262
-4774
-5201
-6094
-7412
-8425
-8776
-8473
-7773
-7009
-5927
-4253
-2864
-1856
-126
2295
4767
7359
9169
8856
7587
7067
7278
7691
7809
6896
4940
2710
1212
576
-220
-1840
-4004
-6260
-8087
-8432
-6945
-4773
-3308
-2482
-1629
-611
858
2710
4120
4865
5432
5660
5352
4457
2870
1185
80
-608
-1337
-2256
-3274
-4028
-4062
-3434
-2493
-1204
431
2122
3802
5509
6938
7959
8851
9444
9228
8299
6974
5569
4356
3366
2532
1631
329
-1477
-2961
-3554
-3341
-2472
-1207
205
1702
3235
4379
4952
5254
5559
5690
4564
636
-5782
-11098
-11951
-9484
-6967
-6068
-7916
-11930
-14438
-13294
-10022
-6361
-3025
-678
598
1399
2348
3465
4436
5441
6179
5910
4770
3021
497
-1940
-3137
-3530
-3967
-4738
-5822
-6941
-7477
-7018
-6164
-5506
-4687
-3508
-2508
-1572
108
2518
4960
7173
8394
7815
6597
6223
6582
6799
6457
5516
3959
1923
-49
-1644
-2964
-3751
-4232
-5207
-6728
-8217
-8724
-7227
-4548
-2081
249
2039
2566
2815
3783
4875
5781
6565
6517
5238
3282
1337
-220
-1329
-2092
-2721
-3408
-4053
-4378
-4369
-3844
-2368
-61
2366
4326
5824
6836
7398
8041
8945
9178
8435
7403
5827
3589
1980
1347
778
195
-462
-1640
-2857
-2929
-1800
-239
1435
3268
4752
5484
5888
5969
6111
6693
6759
4321
-1431
-8817
-13961
-14047
-11166
-8710
-8258
-10548
-14576
-16590
-14526
-10354
-5964
-1991
771
2221
3372
4672
5805
6841
7677
8031
7797
6630
4117
909
-1544
-2833
-3418
-4143
-5473
-7079
-8152
-8322
-7884
-7103
-6272
-5213
-3911
-2678
-1309
871
3627
6020
7765
8462
7843
6983
6828
6779
6301
5530
4388
2774
967
-722
-2434
-4157
-5345
-5783
-5806
-5773
-5807
-5843
-5291
-3702
-1639
628
2958
4228
4112
3946
4238
4519
4847
4816
3636
1645
-249
-1904
-3123
-3658
-3932
-4134
-3875
-3316
-2889
-2192
-768
1088
3018
5014
6788
7937
8537
8812
8869
8483
7551
6362
4902
3085
1598
1048
485
-736
-1929
-2792
-3223
-2534
-958
541
1851
3176
4512
5648
6247
6396
6686
7166
7416
6398
2642
-4041
-11246
-14901
-13826
-10966
-8996
-8952
-11859
-15721
-16163
-12798
-8082
-3337
454
2724
4028
4977
5930
6941
7710
8353
8800
8115
5797
2406
-797
-3061
-4597
-5654
-6548
-7794
-9020
-9465
-9361
-9008
-8298
-7111
-5213
-2901
-1058
702
3091
5391
7335
9200
10031
9392
8550
8022
7257
6096
4580
2628
562
-1016
-1911
-2900
-4850
-7087
-8454
-8512
-7442
-5937
-4678
-4008
-3590
-2292
375
2960
4413
5088
5180
5003
5056
5147
4513
2968
1166
-239
-1245
-2097
-2768
-3286
-3528
-3234
-2519
-1731
-892
282
1884
3707
5416
6838
7698
7951
8039
7888
7193
6297
5302
3815
2213
940
-189
-1184
-1941
-2527
-2650
-2288
-1795
-863
551
1966
3322
4629
5734
6537
6954
7264
7592
7752
7625
6427
2631
-4030
-11388
-15733
-15233
-12325
-9943
-9389
-11850
-15983
-17257
-14212
-9403
-4377
242
3210
4538
5427
6320
7176
8014
8893
9438
8714
6291
2688
-1075
-3777
-5028
-5723
-6702
-8002
-9247
-9857
-9657
-8964
-7878
-6368
-4277
-1822
255
1763
3471
5496
7393
9289
10404
9815
8249
6774
5361
3825
2384
927
-647
-2097
-3059
-3749
-4986
-6539
-7367
-7343
-6887
-5812
-3986
-2084
-730
648
2498
3808
4345
5276
6350
6510
6206
5671
4184
2182
639
-369
-1149
-1893
-2697
-3607
-4390
-4531
-3873
-2956
-1879
-393
1245
2765
4293
5625
6467
7079
7738
8126
7661
6653
5400
3709
2068
1191
688
1
-682
-1494
-2360
-2660
-2229
-1482
-423
1073
2516
3527
4338
5250
6004
6389
6620
6767
6755
6687
6049
3421
-2085
-9563
-15662
-16783
-13823
-10629
-9085
-10226
-14242
-17202
-15273
-10060
-4325
952
4572
5911
6171
6628
7441
8496
9568
10022
9117
6790
3170
-1006
-4090
-5640
-6638
-7613
-8622
-9880
-10711
-10542
-9803
-8676
-7127
-4927
-2067
452
1927
3127
4933
7120
9456
11235
11070
9183
7221
5809
4598
3446
2113
324
-1697
-3175
-3864
-4444
-5283
-5977
-6272
-6208
-5649
-4424
-2675
-1001
386
1938
3400
3989
4178
4645
4928
4868
4607
3830
2448
859
-579
-1734
-2627
-3384
-3926
-4092
-3857
-3286
-2563
-1753
-610
890
2545
4351
6126
7331
7830
7970
7900
7338
6277
5073
3594
1898
705
40
-766
-1648
-2461
-3175
-3197
-2377
-1347
-215
1219
2498
3570
4683
5703
6557
7393
7940
7869
7451
6989
6263
4459
592
-5935
-13183
-17041
-16109
-13163
-10815
-10361
-12969
-16457
-16450
-12446
-7002
-1601
2685
4952
5905
6675
7591
8555
9288
9506
8941
7257
4245
376
-3114
-5422
-6907
-8056
-8965
-9886
-10569
-10492
-9907
-9043
-7554
-5259
-2202
817
2656
3825
5496
7533
9674
11777
12430
10945
8765
6932
5199
3440
1839
219
-1684
-3421
-4410
-5066
-6001
-6908
-7269
-6832
-5617
-3934
-2151
-815
-75
873
2462
4162
5554
6307
6214
5505
4553
3539
2577
1505
208
-979
-2056
-3193
-4162
-4654
-4649
-4198
-3309
-2262
-1335
-352
899
2354
3981
5552
6519
6915
7178
7102
6388
5404
4304
2881
1609
892
315
-336
-967
-1663
-2111
-2016
-1597
-775
497
1705
2616
3527
4343
4829
5182
5792
6577
6728
6135
5373
4568
3817
3038
1111
-3181
-9567
-15518
-17500
-15282
-12142
-10089
-10006
-12601
-14927
-13133
-8027
-2474
2216
5267
6342
6505
7004
7935
8784
9285
9029
7595
5108
1766
-1938
-4872
-6631
-7899
-8851
-9367
-9698
-9816
-9506
-8652
-7197
-5104
-2364
633
2867
3980
4980
6686
8671
10431
11519
11014
8848
6382
4565
3015
1456
-74
-1750
-3485
-4799
-5362
-5647
-6140
-6381
-5872
-4916
-3862
-2643
-1206
190
1517
3157
4776
5525
5586
5443
4920
4115
3411
2585
1289
-355
-2018
-3393
-4435
-5045
-5149
-5030
-4679
-3825
-2791
-1891
-762
820
2579
4246
5791
6977
7414
7404
7403
7059
6201
5246
4115
2602
1209
265
-425
-984
-1515
-1987
-2132
-1806
-1065
-33
1100
2029
2650
3310
4091
4758
5206
5450
5572
5583
5230
4564
3868
3107
2465
1398
-1646
-7023
-13165
-17112
-16606
-13304
-10240
-8732
-9934
-12776
-12870
-8929
-3722
1094
4805
6550
6881
7199
7900
8475
8575
8152
6896
4722
1837
-1670
-4894
-6851
-8020
-8938
-9471
-9778
-9796
-9062
-7651
-5916
-3987
-1720
919
3309
4889
5815
6850
8252
9688
10741
10566
8623
5894
3579
1712
242
-986
-2448
-4005
-5090
-5558
-5606
-5556
-5555
-5322
-4659
-3420
-1724
-151
954
1721
2597
3794
5020
5627
5263
4320
3209
2185
1631
1317
286
-1484
-3042
-4152
-4782
-4547
-3793
-3232
-2607
-1730
-1085
-372
968
2585
4082
5628
6855
7149
6850
6571
6162
5232
4165
3138
1686
66
-987
-1445
-1748
-2042
-2169
-1966
-1696
-1238
-89
1357
2653
3816
4674
5236
5541
5562
5663
5796
5507
4860
4042
2852
1658
1166
1008
-36
-2989
-8025
-13815
-17116
-15799
-11974
-8557
-6832
-7930
-10437
-10359
-6825
-2017
2559
5661
6589
6410
6413
6666
6914
6859
6097
4740
2995
546
-2517
-5191
-7062
-8218
-8439
-8217
-8182
-7874
-7076
-6107
-4764
-2686
-243
2077
3952
4976
5324
5949
7215
8614
9602
9250
7141
4510
2423
744
-414
-1226
-2426
-3862
-4904
-5319
-5274
-5102
-4992
-4641
-3791
-2583
-1174
157
1044
1675
2486
3428
4249
4640
4317
3582
2787
1853
1037
361
-740
-2201
-3405
-4064
-4310
-4123
-3704
-3422
-3019
-2211
-1380
-393
1146
2692
3897
5027
5878
6093
6087
6253
6241
5557
4454
3221
1879
765
156
-157
-373
-592
-770
-646
-264
331
1211
2287
3332
4081
4517
4685
4440
4141
4162
4189
4008
3541
2800
1973
864
22
190
532
428
-763
-4371
-9619
-13958
-15124
-12587
-8905
-6451
-5798
-7499
-9543
-8536
-5035
-1226
2186
4538
5589
5765
5690
5810
5551
4805
4232
3425
1894
-362
-3132
-5443
-6887
-7711
-7743
-7369
-7067
-6504
-5726
-4799
-3490
-1883
191
2367
3847
4660
5153
5873
6968
7795
7924
7060
5064
2950
1450
291
-668
-1770
-3051
-4065
-4677
-4609
-4006
-3773
-3858
-3818
-3772
-3612
-2816
-1110
802
2225
3459
4078
3462
2929
3184
3424
3407
3090
2235
942
-471
-1623
-2220
-2533
-2887
-3010
-2868
-2756
-2437
-1568
-447
625
1974
3362
4346
5245
5945
6151
6269
6417
6084
5328
4444
3284
1888
787
320
74
-75
-182
-525
-800
-737
-234
830
2089
3025
3660
4055
4141
4056
4055
4166
4127
3908
3588
2798
1578
731
506
347
-570
-3148
-7629
-12531
-15069
-13905
-10847
-8056
-6746
-7791
-9562
-9038
-6040
-2159
1455
3847
4974
5540
5963
6246
6051
5215
4122
3049
1871
90
-2419
-4850
-6668
-7820
-8132
-7970
-7741
-7196
-6286
-5035
-3433
-1723
87
1890
3315
4273
5053
6038
7172
8086
8373
7465
5453
3382
1759
452
-527
-1665
-3195
-4466
-5108
-5096
-4666
-4414
-4456
-4331
-3747
-2644
-1202
371
1826
2826
3706
4596
4895
4707
4403
3819
3049
2316
1496
457
-863
-2285
-3429
-4031
-4111
-3937
-3622
-3177
-2518
-1606
-470
750
2070
3446
4667
5880
6760
6928
6806
6703
6203
5229
4247
3196
1954
886
286
-184
-630
-800
-828
-800
-545
16
893
2053
3109
3790
4118
4032
3835
3853
3973
3964
3557
2736
1899
1049
377
304
518
610
69
-2102
-6176
-11065
-14454
-14144
-11210
-8342
-6563
-6855
-8946
-9562
-7261
-3736
-213
2551
4156
5026
5521
5883
5970
5321
4344
3477
2443
889
-1437
-3973
-5923
-7340
-8031
-7882
-7588
-7126
-6121
-4989
-3832
-2423
-916
780
2571
3961
4847
5690
6702
7448
7680
7249
5884
4047
2439
1029
-213
-1350
-2666
-3855
-4503
-4598
-4174
-3699
-3790
-4192
-4431
-4204
-2984
-876
1199
2770
3769
4132
4217
4444
4655
4650
4458
3797
2783
1873
815
-646
-1969
-2828
-3496
-3790
-3543
-3212
-2960
-2264
-1141
6
1349
2918
4323
5480
6474
7082
7261
7124
6712
5977
4911
3744
2502
1243
245
-371
-615
-797
-1167
-1349
-1246
-984
-93
1212
2218
3113
3864
4315
4684
4692
4412
4326
4040
3439
2803
1794
627
13
17
-192
-1797
-5306
-10038
-13939
-14611
-12238
-9306
-7289
-7048
-8593
-9193
-7082
-3713
-420
2354
4007
4787
5399
5846
5764
5102
4221
3259
2312
978
-1316
-3796
-5566
-6825
-7454
-7229
-7091
-7090
-6529
-5560
-4261
-2544
-830
698
2093
3053
3746
4676
5860
6903
7491
7271
5925
3947
2308
1201
300
-537
-1748
-3456
-4810
-5211
-4830
-4150
-3732
-3580
-3331
-2580
-1255
342
1769
2671
3276
4021
4672
4826
4567
3824
2692
1745
1125
522
-301
-1444
-2576
-3249
-3487
-3339
-2803
-2172
-1565
-722
305
1209
2045
3021
3964
4787
5507
5817
5647
5299
4873
4261
3509
2735
1911
1056
458
194
-65
-212
-194
-101
288
951
1666
2462
3195
3632
3815
3712
3407
3035
2690
2615
2622
2252
1615
872
-19
-858
-1263
-949
-205
402
239
-1676
-5414
-9557
-12198
-11830
-9132
-6311
-4696
-5014
-6989
-8088
-6832
-4258
-1199
1489
3000
3503
3636
3601
3280
2811
2476
2165
1636
777
-956
-3144
-4780
-5845
-6160
-5695
-5200
-4819
-4340
-3819
-3161
-2270
-1073
456
1921
3036
3713
4042
4438
4742
4944
5188
4720
3537
2608
1590
125
-1107
-2091
-2921
-3255
-2913
-2184
-1731
-1821
-2104
-2485
-2832
-2637
-1881
-558
1061
2295
3065
3249
2745
2417
2827
3396
3795
3844
3119
1821
540
-444
-1027
-1275
-1396
-1628
-1985
-2282
-2384
-2185
-1555
-508
751
2095
3290
4244
4943
5313
5598
5914
5903
5496
4862
3833
2574
1650
1167
964
858
619
150
-480
-815
-585
86
1085
2027
2487
2686
2741
2773
3143
3336
2973
2550
2099
1559
1180
761
371
199
16
-521
-2292
-5761
-9729
-12350
-12384
-10247
-7849
-6591
-6935
-8435
-8874
-6925
-3918
-1118
1201
2771
3648
4358
4892
4739
4043
3471
3148
2719
1807
-8
-2312
-4140
-5409
-6142
-6204
-6025
-5834
-5331
-4574
-3768
-2920
-1911
-517
1076
2549
3759
4627
5334
6023
6537
6662
6107
4876
3470
2260
1092
-228
-1643
-3046
-4104
-4302
-3757
-3334
-3288
-3302
-3305
-2954
-1821
-212
1224
2284
3095
3667
3979
4047
3837
3427
2972
2489
1892
1011
-296
-1722
-2681
-2982
-2866
-2560
-2122
-1831
-1676
-1128
-355
413
1478
2649
3558
4411
5017
5049
4893
4736
4503
4271
3778
2872
1779
702
4
-138
-88
-69
-52
37
301
749
1389
2135
2792
3325
3747
3918
3875
3584
3043
2519
2003
1353
757
434
164
-307
-722
-936
-1070
-812
-429
-1223
-3637
-7049
-10320
-11498
-10056
-7714
-5840
-5231
-6342
-7558
-6965
-5002
-2622
-201
1705
2866
3650
4194
4150
3616
3079
2783
2589
2168
975
-928
-2804
-4246
-5082
-5177
-4907
-4733
-4435
-3975
-3550
-2984
-2057
-825
436
1644
2688
3406
4014
4673
5205
5498
5227
4306
3366
2497
1528
769
-5
-1091
-1874
-1992
-1749
-1588
-1977
-2962
-4099
-4731
-4183
-2575
-768
714
1443
1441
1477
1887
2591
3530
4143
4059
3576
2836
1936
988
160
-483
-1028
-1424
-1781
-2281
-2700
-2727
-2273
-1339
-248
811
1842
2675
3442
4294
4887
5182
5435
5388
4929
4305
3517
2652
1857
1356
1169
808
291
-67
-296
-276
224
885
1480
2065
2541
2974
3209
2973
2444
1844
1336
1101
1095
1130
853
232
-262
-327
20
393
-191
-2469
-6019
-9537
-11192
-10328
-8359
-6699
-6142
-7116
-8324
-8077
-6408
-4152
-1849
279
1995
3238
4205
4668
4329
3929
4013
4049
3753
2790
853
-1281
-2934
-4186
-4907
-5199
-5361
-5213
-4747
-4265
-3764
-3173
-2372
-1178
228
1448
2468
3524
4543
5286
5765
5690
4798
3689
2925
2285
1579
724
-332
-1315
-1909
-1910
-1636
-1662
-2022
-2571
-3313
-3903
-3980
-3322
-1872
-241
1072
1753
1516
970
1088
1861
2837
3698
3897
3256
2212
1245
552
70
-302
-547
-708
-948
-1235
-1453
-1510
-1274
-546
562
1686
2682
3457
3938
4287
4570
4682
4662
4441
3911
3185
2439
1935
1655
1352
1037
647
162
-65
213
759
1289
1759
2174
2541
2975
3430
3518
3122
2539
1941
1465
1254
1015
483
-224
-775
-873
-526
-162
-632
-2631
-5906
-9327
-11227
-10524
-8311
-6295
-5298
-5904
-7342
-7577
-6122
-4015
-1737
336
1771
2703
3347
3499
3110
2758
2768
2912
2859
2091
381
-1522
-3015
-4013
-4408
-4507
-4564
-4359
-3964
-3607
-3250
-2877
-2310
-1387
-266
827
1627
2247
3037
3806
4370
4453
3855
3058
2513
2151
1843
1326
355
-568
-936
-760
-470
-483
-832
-1283
-1603
-1701
-1815
-2190
-2531
-2344
-1399
-150
813
1180
818
403
755
1571
2311
2797
2599
1839
1315
1161
964
738
544
325
173
58
-223
-648
-751
-261
640
1656
2467
2821
2885
3117
3509
3736
3680
3449
3128
2814
2684
2641
2345
1813
1364
1149
1052
1043
1157
1326
1558
1875
2246
2405
2210
1869
1609
1472
1366
1238
867
199
-443
-675
-526
-360
-200
49
341
717
714
-596
-3299
-6425
-8608
-8639
-7042
-5595
-5240
-6181
-7933
-8794
-7769
-5855
-4052
-2379
-885
247
1280
2182
2452
2241
2361
2983
3427
3295
2360
811
-581
-1456
-1916
-2254
-2712
-3200
-3386
-3294
-3223
-3211
-3182
-2909
-2232
-1156
-150
547
1210
1869
2516
3183
3502
3249
2915
2777
2607
2429
2132
1568
1061
913
966
800
143
-735
-1375
-1600
-1459
-1310
-1595
-2298
-2765
-2303
-1074
54
684
748
357
272
949
1835
2376
2543
2431
2294
2167
1964
1669
1301
979
878
816
459
-206
-760
-881
-592
24
687
1060
1248
1607
2047
2405
2696
2747
2661
2647
2745
2849
2777
2586
2375
2176
2033
1975
1913
1847
1796
1690
1626
1506
1225
930
699
535
406
349
337
233
92
23
46
148
331
538
856
1322
1425
688
-1090
-3842
-6726
-8249
-7872
-6630
-5666
-5602
-6684
-8104
-8357
-7282
-5672
-3901
-2261
-920
224
1166
1687
1815
1918
2318
2936
3347
3094
2128
912
-178
-998
-1518
-1998
-2500
-2702
-2618
-2551
-2567
-2798
-3083
-2956
-2400
-1625
-781
92
863
1536
2157
2487
2373
2249
2465
2793
3070
3043
2538
1937
1561
1531
1681
1488
875
244
-182
-493
-768
-1136
-1629
-1967
-1848
-1334
-814
-561
-512
-449
-198
252
821
1328
1504
1506
1630
1755
1794
1908
1924
1684
1393
1129
756
295
3
-108
-99
114
485
787
1051
1345
1646
1930
2131
2221
2247
2177
2142
2307
2430
2397
2332
2132
1797
1624
1657
1710
1735
1777
1682
1371
1074
837
567
431
468
469
467
471
307
18
-165
-107
182
611
1090
1411
1511
1437
867
-537
-2707
-5144
-6823
-7026
-6246
-5449
-5345
-6308
-7675
-8256
-7679
-6521
-5307
-4140
-2900
-1582
-195
956
1415
1481
1805
2515
3257
3571
3153
2221
1293
620
166
-267
-764
-1202
-1388
-1430
-1670
-2172
-2696
-3027
-2983
-2506
-1925
-1369
-690
44
738
1256
1397
1330
1451
1900
2490
2938
3029
2819
2576
2604
2802
2759
2344
1714
1039
461
128
-208
-795
-1507
-2055
-2221
-2043
-1785
-1620
-1602
-1674
-1488
-861
-88
490
838
1079
1264
1557
1939
2181
2180
2021
1766
1435
1072
690
423
351
426
618
770
789
870
1112
1373
1597
1742
1756
1754
1907
2179
2273
2085
1929
1868
1835
1942
2008
1799
1522
1424
1417
1439
1381
1107
794
664
675
756
784
561
150
-109
-132
-15
238
448
494
534
668
837
854
337
-931
-2768
-4664
-5833
-5923
-5379
-4928
-5116
-5981
-6986
-7409
-6990
-6066
-4990
-3826
-2552
-1308
-202
577
854
934
1266
1899
2535
2827
2602
1986
1312
753
287
-145
-580
-859
-943
-1050
-1318
-1794
-2372
-2726
-2661
-2294
-1826
-1309
-757
-256
179
492
588
586
862
1441
2108
2609
2777
2660
2550
2624
2767
2750
2459
1981
1512
1212
960
573
31
-544
-1046
-1354
-1439
-1469
-1513
-1475
-1391
-1313
-1150
-912
-658
-342
93
523
853
1103
1311
1520
1696
1844
1951
1895
1695
1514
1410
1316
1232
1210
1174
1115
1116
1125
1063
924
801
783
868
1024
1131
1064
888
784
790
919
1210
1467
1588
1606
1569
1547
1546
1565
1628
1658
1583
1513
1428
1108
620
141
-242
-470
-480
-375
-366
-479
-528
-538
-555
-462
-256
-40
60
-171
-938
-2257
-3617
-4358
-4286
-3637
-2996
-2961
-3616
-4456
-4957
-4901
-4472
-3937
-3298
-2451
-1515
-707
-292
-407
-710
-690
-166
547
1042
1161
981
704
489
271
-22
-307
-395
-154
176
199
-169
-752
-1268
-1511
-1393
-1029
-651
-295
133
379
288
76
-88
-3
502
1199
1740
2060
2114
2071
2124
2144
1973
1685
1421
1264
1265
1307
1179
672
-2
-548
-912
-1034
-1034
-1029
-1088
-1184
-1221
-1170
-1089
-924
-599
-219
184
483
630
691
769
892
1086
1289
1396
1398
1346
1265
1147
982
853
760
699
746
814
804
735
631
653
854
1080
1301
1466
1459
1404
1466
1544
1608
1727
1860
1862
1740
1499
1128
749
568
560
591
615
507
232
-70
-299
-450
-468
-415
-383
-352
-315
-295
-307
-320
-302
-226
-60
145
278
340
336
169
-207
-822
-1684
-2568
-3146
-3325
-3216
-3111
-3239
-3547
-3892
-4049
-3921
-3674
-3402
-3038
-2532
-1893
-1193
-621
-276
-119
-41
62
198
346
506
659
753
756
617
311
-37
-244
-264
-106
71
155
64
-186
-393
-497
-475
-288
49
465
806
963
898
663
433
350
427
614
838
1014
1150
1233
1198
1005
700
367
131
134
308
545
685
614
400
181
19
-104
-164
-193
-182
-91
57
200
194
59
-28
-20
90
286
438
457
409
395
447
502
537
601
639
698
835
940
959
969
1013
1056
1146
1247
1305
1334
1346
1379
1408
1382
1247
1044
846
643
490
429
394
348
335
279
75
-169
-405
-563
-563
-445
-312
-178
-33
8
16
88
224
434
677
826
764
562
316
86
-74
-185
-331
-422
-475
-602
-769
-1009
-1246
-1359
-1253
-1015
-851
-818
-1032
-1505
-2051
-2469
-2687
-2630
-2286
-1891
-1691
-1739
-1920
-2133
-2241
-2135
-1840
-1424
-939
-420
6
130
-24
-264
-412
-338
-50
340
610
725
712
632
470
245
90
64
199
428
580
530
257
-71
-270
-317
-234
-49
167
337
429
384
203
-57
-196
-102
174
482
725
860
825
729
595
465
379
412
579
777
877
814
624
395
264
228
302
409
465
495
481
434
348
228
138
125
193
312
467
575
633
669
689
708
655
615
648
740
851
967
966
862
770
641
527
370
206
65
40
100
73
-72
-286
-487
-536
-343
-79
78
120
154
243
404
614
744
722
653
662
684
717
752
695
566
442
300
118
-44
-164
-238
-280
-304
-333
-403
-473
-506
-492
-446
-408
-361
-339
-354
-382
-399
-378
-325
-215
-97
-47
-89
-240
-495
-846
-1203
-1473
-1645
-1661
-1596
-1539
-1540
-1606
-1711
-1864
-1992
-1994
-1814
-1466
-1013
-605
-370
-323
-348
-331
-251
-81
117
304
432
467
456
378
233
113
84
114
168
253
250
163
26
-101
-177
-221
-174
-69
39
146
199
199
142
58
46
72
73
66
74
124
256
478
671
744
679
579
537
565
648
737
847
920
978
1046
1014
810
545
344
223
189
213
176
21
-138
-239
-313
-390
-448
-464
-410
-254
-72
3
2
10
73
245
474
678
835
940
1028
1049
988
839
725
701
764
880
940
899
754
574
374
182
81
78
175
310
378
319
202
133
159
248
312
369
372
375
468
550
565
505
388
266
214
170
113
62
-31
-140
-208
-268
-389
-521
-586
-609
-629
-574
-503
-475
-420
-342
-280
-290
-332
-454
-658
-890
-1116
-1297
-1481
-1640
-1783
-1909
-1971
-1964
-1884
-1821
-1793
-1724
-1602
-1443
-1169
-834
-533
-239
11
148
183
193
178
209
317
417
431
331
171
-15
-219
-356
-441
-492
-504
-515
-509
-558
-613
-583
-471
-332
-168
8
112
184
204
174
133
93
140
312
544
775
929
956
863
721
599
551
567
634
767
869
889
825
639
404
200
58
11
26
98
176
221
186
86
3
-10
86
274
491
660
785
844
848
837
828
871
957
1058
1120
1110
1023
912
815
705
596
511
468
477
536
575
572
535
486
425
361
286
241
305
441
573
624
574
441
340
319
366
419
431
446
409
352
291
181
43
-72
-129
-138
-96
-82
-143
-286
-438
-564
-623
-612
-551
-496
-453
-436
-446
-472
-511
-532
-585
-650
-720
-803
-923
-1034
-1145
-1266
-1373
-1448
-1462
-1471
-1456
-1406
-1385
-1392
-1385
-1318
-1220
-1090
-937
-801
-707
-637
-592
-553
-514
-503
-464
-408
-403
-422
-430
-448
-434
-393
-328
-317
-361
-382
-380
-332
-240
-144
-86
-49
-28
-13
-11
-28
-10
49
124
209
296
352
393
472
561
608
615
619
625
682
795
889
896
820
721
636
632
663
675
636
568
486
403
314
202
132
97
140
250
323
347
348
350
368
429
496
557
621
678
728
730
681
575
463
448
487
592
741
826
838
783
749
725
748
820
877
890
888
877
857
835
784
697
579
481
406
387
392
372
325
221
107
6
-54
-87
-109
-120
-150
-199
-248
-272
-294
-291
-267
-243
-234
-201
-164
-144
-160
-214
-285
-353
-370
-353
-349
-379
-448
-591
-807
-1065
-1340
-1566
-1690
-1691
-1650
-1646
-1708
-1830
-1926
-1957
-1899
-1754
-1589
-1382
-1150
-908
-714
-611
-574
-591
-588
-504
-351
-218
-121
-98
-159
-285
-398
-497
-563
-539
-446
-309
-227
-212
-255
-352
-413
-404
-335
-238
-142
-26
97
172
221
257
270
307
379
505
615
717
820
897
949
963
937
873
808
790
785
782
774
743
686
646
606
532
449
390
371
377
426
471
501
513
515
507
496
508
554
667
767
842
874
867
853
853
916
984
1044
1116
1162
1152
1118
1052
963
877
814
790
782
801
792
716
589
377
186
91
63
105
172
245
273
293
281
205
116
34
19
75
165
233
235
167
53
-102
-252
-362
-457
-526
-554
-568
-585
-622
-680
-764
-898
-995
-1045
-1034
-968
-880
-814
-824
-900
-1045
-1220
-1385
-1487
-1527
-1493
-1423
-1378
-1426
-1515
-1634
-1737
-1746
-1656
-1518
-1322
-1120
-943
-819
-788
-783
-788
-752
-650
-502
-355
-232
-150
-123
-174
-270
-376
-429
-386
-252
-104
-12
21
-39
-122
-201
-251
-234
-129
74
317
510
612
603
544
472
452
519
595
729
877
1002
1058
1018
933
795
680
641
676
745
821
881
882
817
703
607
554
581
675
787
876
885
866
831
794
755
747
791
859
965
1057
1068
987
870
754
685
674
698
744
795
824
833
784
683
566
477
447
467
516
550
553
517
439
351
255
181
150
163
204
243
252
186
63
-61
-129
-142
-102
-58
-67
-143
-254
-347
-441
-512
-548
-552
-550
-550
-548
-591
-686
-787
-874
-942
-957
-939
-910
-864
-855
-869
-897
-928
-967
-985
-1027
-1095
-1181
-1270
-1322
-1344
-1332
-1349
-1352
-1357
-1380
-1372
-1358
-1310
-1228
-1115
-966
-850
-741
-656
-570
-486
-416
-353
-320
-275
-237
-184
-148
-146
-143
-131
-94
-52
-13
37
64
111
174
219
240
254
301
347
401
456
483
486
472
451
453
473
524
605
687
739
756
766
760
779
783
804
852
892
950
1002
1025
1001
956
911
897
880
874
880
862
844
803
764
697
603
566
546
561
589
612
613
605
600
582
568
545
530
538
580
607
631
638
593
556
517
485
470
439
434
394
327
256
155
70
-10
-38
-51
-63
-81
-111
-155
-212
-258
-300
-327
-355
-351
-326
-332
-371
-431
-512
-588
-602
-576
-565
-555
-573
-590
-632
-680
-732
-801
-832
-821
-753
-697
-682
-711
-773
-842
-872
-899
-912
-952
-997
-1024
-1059
-1079
-1111
-1135
-1147
-1145
-1122
-1090
-1047
-1010
-959
-896
-841
-770
-688
-569
-446
-338
-266
-233
-209
-187
-126
-45
13
58
93
112
112
103
92
67
58
66
86
95
97
88
83
99
132
182
252
304
349
406
474
575
648
744
817
859
921
980
1022
1046
1065
1039
1017
986
937
893
848
824
767
745
703
645
608
576
570
572
597
618
643
651
646
646
629
609
612
633
645
641
639
586
519
483
432
409
377
350
352
340
327
299
236
158
82
42
27
11
16
21
-2
-45
-104
-165
-204
-222
-205
-198
-227
-267
-304
-330
-353
-349
-352
-365
-369
-374
-375
-403
-446
-488
-524
-551
-541
-519
-509
-493
-511
-534
-581
-639
-680
-716
-725
-722
-710
-706
-730
-779
-841
-889
-933
-944
-933
-929
-942
-941
-924
-914
-886
-877
-860
-845
-797
-696
-593
-497
-444
-419
-414
-411
-384
-331
-245
-173
-99
-57
-69
-103
-141
-152
-137
-91
-21
57
125
178
202
195
186
178
210
284
361
447
523
558
578
589
592
602
623
686
732
777
808
791
782
773
787
811
826
861
875
898
906
876
812
744
696
684
706
742
752
743
712
652
605
534
500
494
512
544
572
583
565
542
506
476
446
434
431
452
458
449
423
371
301
212
138
75
31
1
-14
-50
-84
-125
-161
-187
-212
-221
-234
-228
-226
-232
-239
-258
-292
-331
-363
-391
-405
-399
-400
-410
-432
-472
-528
-575
-631
-679
-706
-717
-724
-718
-724
-750
-758
-788
-800
-807
-815
-801
-785
-747
-725
-731
-753
-765
-791
-792
-791
-815
-829
-836
-802
-769
-740
-730
-738
-740
-699
-629
-547
-468
-407
-345
-292
-262
-237
-220
-202
-148
-66
14
63
86
69
32
-3
-14
1
57
141
226
288
317
326
328
336
378
426
478
553
611
637
649
629
608
603
616
652
681
689
684
670
646
618
610
616
630
678
727
770
769
754
717
665
644
638
662
697
726
745
726
686
638
590
554
535
516
518
516
509
492
460
420
370
338
307
292
279
278
262
250
216
149
108
43
17
0
-6
-2
-25
-59
-113
-182
-244
-276
-273
-253
-228
-208
-220
-244
-283
-335
-389
-423
-442
-425
-385
-369
-373
-411
-477
-553
-607
-653
-674
-663
-662
-651
-673
-719
-766
-813
-830
-821
-780
-742
-710
-679
-678
-676
-688
-688
-680
-646
-603
-552
-495
-468
-444
-429
-424
-417
-395
-361
-313
-259
-218
-188
-187
-197
-210
-211
-208
-181
-135
-84
-44
-11
-11
-21
-16
-9
41
80
132
189
218
251
271
276
274
288
319
338
367
383
390
402
409
410
426
432
456
494
530
557
560
572
579
594
606
616
621
610
607
602
602
578
561
555
538
543
537
536
529
500
497
475
459
463
462
477
466
466
448
422
419
394
380
361
339
323
317
306
280
269
230
199
156
103
67
15
-10
-31
-69
-104
-167
-214
-261
-306
-321
-336
-354
-359
-365
-360
-354
-360
-350
-354
-365
-346
-342
-324
-315
-319
-320
-337
-349
-373
-381
-409
-430
-459
-480
-508
-537
-533
-555
-568
-586
-599
-601
-581
-548
-523
-515
-505
-486
-457
-400
-362
-324
-313
-295
-284
-272
-260
-260
-239
-218
-183
-146
-125
-119
-112
-107
-100
-95
-81
-59
-47
-12
5
-4
-14
-33
-44
-56
-37
-26
-16
15
28
27
25
10
-2
15
43
77
122
165
184
203
224
231
244
274
313
341
379
415
423
420
402
379
347
345
347
361
375
362
351
326
307
287
287
291
299
319
343
362
370
395
389
388
393
393
391
413
419
412
402
380
349
318
319
293
289
287
273
247
212
167
117
86
71
66
57
62
49
38
33
-1
-32
-58
-78
-90
-73
-62
-64
-68
-81
-111
-135
-160
-185
-179
-173
-162
-157
-155
-191
-206
-218
-236
-241
-244
-230
-253
-258
-267
-317
-341
-350
-358
-358
-344
-348
-365
-370
-370
-376
-384
-384
-382
-374
-346
-330
-313
-310
-316
-315
-309
-293
-288
-258
-259
-258
-263
-269
-268
-263
-239
-231
-207
-185
-171
-158
-146
-147
-149
-134
-116
-104
-85
-70
-72
-63
-55
-68
-81
-82
-79
-61
-12
30
48
77
96
98
118
142
154
176
198
227
238
262
279
291
319
322
338
332
327
323
332
327
323
331
330
331
339
332
309
289
283
294
294
321
330
313
306
318
308
316
340
350
349
357
359
328
309
300
274
267
264
251
228
199
172
140
120
97
70
64
54
42
50
35
14
-1
-4
-4
7
19
25
31
19
5
-12
-41
-59
-72
-75
-79
-100
-105
-131
-165
-191
-208
-237
-257
-245
-255
-254
-251
-254
-268
-288
-296
-324
-332
-338
-336
-326
-333
-325
-327
-336
-337
-346
-349
-361
-359
-358
-359
-360
-358
-355
-362
-335
-313
-305
-278
-269
-282
-296
-305
-315
-319
-289
-252
-237
-201
-194
-193
-195
-191
-191
-195
-163
-153
-120
-83
-71
-71
-72
-66
-75
-58
-21
-15
15
42
53
81
92
125
142
158
186
208
224
237
250
254
267
273
291
296
294
290
276
270
258
266
271
274
281
283
274
271
282
277
283
300
300
300
304
312
292
289
294
288
292
290
294
284
277
273
272
261
240
239
224
205
210
197
181
167
152
130
116
100
89
79
68
64
46
46
39
44
49
59
63
52
49
43
22
19
21
-18
-33
-45
-86
-95
-105
-125
-148
-171
-187
-222
-227
-227
-243
-230
-223
-230
-227
-229
-243
-247
-263
-267
-287
-297
-298
-301
-297
-301
-311
-325
-323
-322
-305
-290
-279
-278
-261
-251
-256
-240
-238
-237
-232
-213
-221
-232
-218
-231
-226
-215
-206
-206
-201
-186
-183
-174
-164
-157
-150
-128
-116
-103
-83
-68
-52
-30
-3
12
37
55
73
83
93
105
115
132
146
158
160
162
159
167
165
171
172
169
178
185
193
205
209
218
217
234
247
242
252
265
263
258
275
252
240
235
228
230
226
238
228
221
220
211
210
213
219
220
224
220
210
209
198
181
171
150
137
117
110
98
80
76
68
63
60
61
44
43
36
29
31
33
23
21
18
0
-9
-19
-22
-38
-46
-51
-82
-97
-106
-120
-119
-121
-120
-129
-131
-136
-153
-165
-174
-180
-183
-168
-166
-177
-163
-169
-171
-167
-174
-175
-187
-177
-170
-173
-173
-181
-185
-200
-199
-197
-204
-200
-199
-192
-197
-192
-179
-174
-154
-136
-128
-110
-108
-85
-69
-50
-40
-40
-42
-48
-38
-36
-24
-21
-12
-12
1
8
8
21
20
35
52
64
84
84
85
85
76
83
82
87
102
102
120
121
120
129
126
146
156
176
188
190
200
186
184
179
165
158
159
161
158
172
168
157
157
150
150
147
148
161
161
171
182
178
174
169
157
150
135
126
113
102
103
97
99
89
82
75
65
60
52
46
33
31
24
14
18
0
-3
-8
-26
-29
-43
-53
-73
-79
-85
-101
-98
-103
-114
-110
-120
-129
-132
-149
-151
-161
-172
-172
-171
-176
-163
-170
-177
-188
-201
-199
-201
-195
-175
-160
-165
-153
-160
-172
-181
-180
-170
-177
-169
-151
-154
-148
-134
-142
-147
-154
-152
-144
-135
-112
-109
-103
-101
-101
-90
-92
-74
-58
-41
-1
10
28
38
32
35
42
45
63
68
76
85
73
67
62
58
58
67
83
90
91
108
104
98
102
101
102
117
130
135
136
132
126
121
127
129
140
142
154
158
160
157
162
150
148
155
146
153
154
157
153
154
134
139
120
117
122
124
125
135
139
126
134
125
125
119
124
122
109
103
91
71
62
58
41
37
35
18
12
7
-7
-23
-16
-27
-30
-22
-32
-33
-42
-51
-56
-67
-81
-79
-92
-91
-96
-104
-106
-126
-129
-130
-138
-134
-134
-135
-140
-145
-143
-156
-161
-160
-165
-167
-156
-157
-150
-148
-146
-141
-151
-145
-141
-140
-125
-113
-115
-105
-114
-110
-111
-108
-108
-103
-103
-99
-88
-85
-71
-77
-62
-57
-52
-30
-26
-26
-18
-24
-22
-12
-3
17
26
42
46
49
48
36
40
38
32
43
49
55
65
76
75
77
75
78
78
78
89
88
101
101
116
111
111
114
107
114
111
122
110
119
117
114
125
122
115
126
116
115
128
115
118
116
112
105
104
95
85
83
82
74
76
69
59
52
50
45
40
42
40
40
39
41
31
30
24
18
18
6
7
-7
-18
-14
-31
-30
-28
-37
-42
-45
-48
-63
-65
-67
-75
-77
-75
-79
-79
-84
-92
-84
-99
-98
-100
-109
-110
-117
-114
-115
-119
-116
-118
-116
-124
-114
-121
-123
-115
-122
-113
-118
-109
-112
-100
-95
-96
-82
-87
-74
-76
-65
-65
-65
-69
-67
-60
-63
-44
-45
-46
-43
-56
-54
-50
-51
-38
-28
-23
-5
-6
1
13
2
8
17
19
23
31
32
30
30
26
28
29
32
34
50
43
53
54
56
64
65
81
78
88
91
93
100
90
95
93
94
101
103
114
107
115
108
108
107
101
101
100
106
98
101
104
91
100
86
88
82
76
75
77
76
70
68
68
60
49
56
41
35
38
28
30
20
17
3
10
6
0
10
-6
-11
-26
-24
-32
-45
-37
-37
-49
-44
-43
-59
-59
-63
-75
-70
-72
-81
-76
-76
-90
-85
-94
-99
-90
-100
-87
-93
-96
-103
-102
-101
-112
-97
-99
-92
-90
-82
-83
-89
-91
-92
-94
-93
-84
-84
-76
-82
-71
-74
-73
-70
-63
-62
-49
-38
-39
-28
-28
-29
-23
-21
-17
-13
-21
-6
-19
-11
-8
-10
-7
-4
1
1
19
18
30
40
41
42
46
49
48
54
66
70
69
82
70
71
81
60
80
76
75
84
94
96
96
100
99
96
95
112
103
109
117
105
102
100
91
87
96
93
99
103
102
102
96
91
94
81
73
77
70
67
64
69
56
53
47
40
37
22
23
24
11
14
14
11
3
1
-5
-15
-18
-27
-35
-30
-47
-46
-50
-65
-62
-81
-74
-78
-88
-81
-84
-86
-89
-88
-93
-96
-97
-100
-97
-97
-105
-103
-104
-115
-109
-115
-114
-111
-113
-111
-104
-101
-102
-94
-97
-85
-90
-76
-66
-71
-69
-66
-66
-73
-72
-63
-64
-66
-50
-51
-46
-50
-42
-41
-38
-30
-21
-13
-6
-2
1
7
7
3
12
16
11
19
24
31
31
36
46
50
46
62
62
56
67
63
67
73
73
75
86
82
87
88
87
93
88
96
92
103
104
100
114
108
107
104
112
105
100
108
99
100
91
94
96
94
85
89
92
79
89
90
90
82
84
84
75
70
67
61
57
54
49
42
39
33
26
24
23
11
7
4
0
3
-7
-3
0
-19
-12
-11
-33
-31
-41
-52
-51
-55
-64
-57
-60
-73
-63
-72
-78
-77
-83
-77
-85
-85
-83
-87
-91
-92
-86
-97
-94
-102
-97
-103
-105
-96
-101
-94
-91
-93
-81
-91
-91
-83
-93
-90
-85
-88
-82
-78
-78
-74
-69
-70
-66
-58
-53
-47
-45
-40
-43
-42
-37
-33
-22
-26
-11
-11
-21
-9
-13
-16
-6
-4
-4
12
9
15
24
24
24
28
33
27
42
43
38
53
50
37
51
48
39
47
50
52
48
57
59
56
60
60
64
64
67
72
72
73
66
69
67
65
69
66
74
72
70
73
67
61
61
57
55
58
61
56
58
59
42
49
38
34
43
30
40
42
31
27
29
16
13
15
5
9
6
-1
-1
-7
-21
-12
-21
-22
-15
-25
-16
-27
-25
-29
-34
-34
-36
-36
-36
-28
-41
-41
-35
-58
-46
-50
-62
-52
-56
-52
-56
-50
-50
-54
-55
-51
-45
-56
-47
-44
-53
-42
-51
-43
-46
-51
-43
-45
-36
-47
-36
-30
-40
-32
-27
-22
-28
-17
-15
-16
-9
-15
-8
-3
-11
-1
-3
5
2
1
18
12
8
23
22
24
24
28
32
15
29
24
25
30
32
30
28
34
25
28
27
33
28
35
47
38
39
46
38
37
35
35
34
30
26
35
26
24
30
26
27
27
28
31
27
23
31
20
31
21
24
26
19
25
9
22
14
2
8
9
-5
-2
1
-8
-2
-6
-3
-1
-2
-9
-7
-6
-13
-19
-18
-11
-25
-23
-20
-23
-29
-31
-29
-31
-28
-37
-28
-27
-37
-40
-31
-34
-44
-30
-38
-33
-37
-45
-31
-43
-43
-37
-40
-35
-33
-38
-27
-29
-42
-31
-39
-38
-32
-43
-23
-27
-33
-28
-21
-31
-31
-23
-24
-20
-15
-15
-8
-6
-18
-8
-9
-12
-13
1
-7
-4
6
-2
2
1
-3
0
8
2
11
14
15
9
14
16
3
14
16
16
14
26
23
17
25
21
20
14
25
17
21
25
17
28
16
19
22
15
23
25
19
31
24
19
29
21
21
27
26
19
26
26
17
23
12
17
15
9
19
20
16
16
22
9
18
12
11
22
11
19
20
16
16
13
8
10
6
4
7
5
13
5
6
11
2
6
2
7
5
5
9
3
6
4
1
1
-1
6
0
-6
9
2
-14
5
-4
-5
-3
1
-1
2
3
-4
-3
-2
-7
-16
4
-6
-6
-6
5
-2
-12
-1
-9
-2
-9
-4
1
-6
-1
-4
-8
-4
-12
-9
-12
-14
1
-17
-13
-4
-14
-20
-11
-11
-13
-12
-15
-7
-13
-20
-14
-16
-17
-19
-15
-12
-19
-16
-21
-13
-20
-19
-17
-16
-13
-16
-13
-14
-16
-21
-13
-13
-13
-4
-9
-5
-8
-14
-7
-17
-10
-8
-10
-5
-1
-2
-5
0
-5
-4
-5
7
2
2
11
12
3
4
14
0
8
9
18
6
13
19
8
16
10
15
18
22
20
24
27
24
18
21
27
14
24
26
23
30
25
25
26
25
15
27
28
23
33
26
32
27
20
26
21
21
22
25
24
20
24
21
13
17
22
11
20
25
18
20
18
16
9
10
9
12
8
10
10
7
4
3
2
-4
-2
-2
2
-6
-5
-1
-5
-15
-5
-9
-13
-14
-10
-12
-22
-19
-23
-28
-22
-30
-25
-19
-32
-18
-30
-23
-31
-31
-25
-36
-25
-29
-32
-30
-27
-31
-37
-29
-29
-35
-29
-30
-21
-31
-32
-18
-30
-28
-21
-22
-16
-22
-15
-14
-26
-12
-20
-24
-7
-12
-12
-6
-3
-3
-9
-9
3
-5
-8
3
7
2
1
10
10
7
3
14
12
6
18
14
15
18
20
13
22
26
14
24
23
20
21
20
19
23
24
18
28
29
24
25
26
27
24
18
24
28
15
26
25
20
30
19
20
23
19
18
18
22
18
20
14
20
20
10
17
12
20
9
8
16
12
2
12
9
2
10
1
6
5
3
-7
6
-2
-9
6
-9
0
-4
-10
-6
-9
-14
-12
-14
-14
-8
-20
-16
-8
-19
-22
-14
-19
-22
-20
-21
-18
-17
-23
-24
-19
-22
-31
-21
-21
-24
-22
-21
-21
-20
-24
-25
-18
-22
-25
-20
-12
-23
-17
-13
-18
-21
-13
-16
-18
-8
-14
