SAMPLES:	13519
BITSPERSAMPLE:	16
CHANNELS:	1
SAMPLERATE:	16000
NORMALIZED:	FALSE
-4
-12
-16
-5
-2
-12
-11
4
2
-1
-6
-1
7
3
3
-2
-10
-2
-15
-4
5
-7
8
0
-4
-6
-2
-14
-9
0
0
2
-9
6
8
-1
-1
4
0
-4
1
-8
-1
2
9
-7
-16
-7
3
1
-3
3
-3
1
8
5
7
5
1
-7
-8
2
1
0
1
-6
-3
-5
-7
-5
2
0
4
0
8
5
12
5
6
12
-4
-6
-8
3
-8
-9
3
-15
-5
-2
-4
-2
1
8
21
7
-3
-5
3
9
-2
-1
0
1
-10
2
7
1
-8
-5
-5
-8
8
4
-12
-7
-3
9
6
-12
4
12
2
2
-3
-4
-4
-8
8
9
1
-5
-8
-6
-9
-16
-3
3
4
1
-1
-6
4
2
-7
-4
-4
5
-5
1
1
7
1
-2
1
0
12
-5
-1
-4
-4
-2
-7
-7
-6
2
2
4
9
4
5
4
-4
-1
11
-5
-1
-1
2
3
-7
14
4
-2
-5
0
-1
-4
-4
-4
0
-4
10
5
0
-2
-10
-6
-3
11
8
-3
3
3
-7
-4
4
-2
1
6
-9
-6
-3
-7
-3
-6
-10
-16
0
6
9
2
0
-2
0
8
-10
-15
-1
-12
-12
-3
0
2
-4
-1
0
0
-1
-13
-3
-1
2
2
-6
-5
-12
-10
-6
-8
-2
3
3
0
-2
-2
2
4
-7
0
-2
9
8
-5
4
-1
0
-10
-10
-2
-4
-3
-11
-14
6
4
12
13
5
9
11
6
2
1
-5
-3
-11
-5
6
-10
2
7
1
5
-1
0
5
7
3
5
7
8
6
-4
7
1
4
8
-5
-6
5
2
-1
6
-3
2
8
7
6
8
2
-9
-13
4
7
-5
5
7
-1
-2
2
-12
-1
-2
7
13
-2
-4
-3
0
-12
-5
3
4
2
-6
2
-1
-2
2
6
9
2
-7
0
-1
3
4
-7
8
5
2
4
-9
1
16
0
2
7
1
4
-5
9
5
1
-5
-1
7
-7
-11
-3
-4
-6
1
2
19
9
-3
5
-6
-9
-5
2
0
-4
0
-4
2
4
0
9
-4
-2
-4
1
6
-8
6
8
10
7
-1
9
1
3
1
-6
0
15
9
6
6
0
10
1
-4
-5
-1
4
-15
-20
-12
-7
-7
1
9
12
5
4
1
6
0
-9
-8
-19
-17
-15
-21
-19
-16
-10
-6
1
4
3
0
-7
11
-2
6
5
-4
7
-6
4
-5
-7
-1
-3
4
0
-6
0
2
2
7
-4
-7
10
7
-1
-4
1
6
12
2
-2
3
-3
-4
-4
-9
3
0
-5
-10
-10
-4
-7
-7
-13
-6
1
-1
-8
-12
7
-9
-1
-4
-7
11
1
9
-5
-5
-5
-4
-2
-9
5
9
9
7
-5
2
1
2
-6
-3
15
10
2
3
13
4
11
12
7
-2
4
20
9
-3
1
8
7
6
-1
4
-10
-5
2
-19
1
1
3
9
6
5
-4
1
2
-5
3
2
0
1
7
5
-6
-10
-6
-8
-5
0
-12
2
4
6
3
3
8
2
1
3
4
0
-1
0
-5
-1
0
-2
-5
-7
1
1
4
3
4
1
3
-9
-17
-5
-8
-7
-7
-8
-1
-2
-4
-3
-6
-10
-15
-4
5
-10
5
4
-2
6
-9
0
5
-6
2
-4
-10
-3
5
-4
-5
-1
-2
6
7
3
1
-5
1
7
-1
5
12
12
9
5
-8
-7
-4
2
8
-10
-9
-4
-8
-12
-4
-2
-2
1
10
-5
-7
10
7
-6
-2
-2
-3
2
9
8
-9
-4
-2
1
0
-9
5
4
-2
2
-2
-11
-6
-10
-5
-2
-7
5
5
8
0
9
6
-4
-6
-1
-3
-1
-2
-7
-3
1
-5
-9
0
-4
-3
-14
-8
7
10
4
7
13
4
-5
-1
10
17
15
11
15
11
1
5
14
7
-2
2
8
0
5
12
2
6
17
8
6
1
12
12
7
4
6
17
6
-1
-4
-5
-11
-1
-4
-17
-9
-17
-2
-1
-2
11
3
-4
-1
-4
-3
-9
-7
-12
-9
-17
-14
-9
-15
-3
8
4
-1
-2
-4
7
-2
2
12
7
5
7
-4
-7
2
-11
-3
-10
-11
-14
-1
2
-14
4
-2
-4
7
-4
-4
13
16
-7
-2
-11
-4
-12
-17
-6
-16
-19
-21
-15
-5
2
-3
1
-1
-7
-10
-5
0
5
6
7
2
3
7
-9
-2
2
3
-2
-1
7
1
-1
1
-4
-5
7
7
1
10
-4
7
15
1
19
11
2
-1
-4
6
2
-6
-12
-5
-2
16
-8
-1
4
-1
9
3
3
2
5
-1
-2
-1
-4
-8
-6
-4
7
-1
2
-2
0
1
8
18
-1
7
5
1
-3
-10
-8
7
-6
-4
10
-11
-11
-3
-8
-3
0
-1
1
-1
5
8
0
4
-1
4
-3
-8
2
-1
-4
-16
-3
-13
-7
-9
-9
-5
-1
7
-2
-6
-7
14
8
-9
-3
6
0
-15
-7
-8
-18
-5
-3
-6
1
1
6
4
1
1
-6
-1
2
-10
-11
-10
-1
-2
-1
-3
-7
0
-18
-2
0
0
3
-9
0
3
-13
-12
-2
4
10
3
-3
5
3
3
9
0
4
6
0
-4
8
3
-1
1
-9
10
3
2
6
0
7
8
6
-5
-7
0
7
9
11
17
17
10
-7
4
2
-5
-3
-4
4
5
0
2
-4
-9
3
-7
-2
-9
-7
11
3
1
-6
2
-1
-5
-8
6
17
2
7
-5
-3
6
-6
9
-11
-16
-9
1
4
-2
-4
-18
-8
-5
1
-5
-19
-18
-13
-3
-2
-3
-4
-6
-7
-14
-22
-8
1
2
14
-9
-5
-5
-10
4
-5
-7
2
6
4
8
0
0
9
-3
-2
-3
-3
10
4
3
7
15
14
7
19
17
9
10
1
2
-8
-5
3
-2
7
2
3
0
10
2
8
13
13
4
-6
8
-1
3
6
10
4
7
18
16
8
6
18
2
1
14
9
7
2
5
-2
6
0
1
5
-5
1
2
-3
-3
1
3
8
-5
0
3
3
-9
-10
0
-1
-1
-2
1
-13
-12
-16
-12
-3
-9
1
-15
-7
4
-7
-13
-10
-10
-13
-15
-9
-7
0
0
-5
3
-4
-3
-5
-2
-7
0
-2
2
8
-2
4
8
15
4
-5
-4
-4
-5
-1
-2
-7
-3
-8
-6
11
3
1
11
3
5
-5
4
4
-2
9
6
6
2
2
8
6
8
11
15
12
5
7
9
14
24
23
21
20
10
21
13
9
21
11
10
20
12
9
12
25
17
13
13
-4
19
8
-2
0
-10
-10
-2
3
-4
-4
-8
-6
-6
-12
-7
-7
-11
-6
-11
-6
6
-6
-6
-19
-23
-11
-1
-1
-6
-4
7
6
-3
-4
-11
0
-6
-18
-15
-4
-9
0
11
7
8
-2
-4
-8
-12
-1
-9
-2
0
-3
-1
-5
-4
5
17
8
2
6
13
5
4
17
9
18
11
17
21
13
16
15
14
1
8
-4
3
2
-2
14
2
4
-1
6
-4
-7
-1
-11
-1
0
-7
-10
-11
-9
-13
-9
7
7
-1
18
6
21
28
8
22
4
-1
-7
-12
2
0
-1
1
0
5
3
4
18
6
2
7
-4
-6
-2
-9
-8
-14
-15
-2
-6
-10
-8
-4
-14
-17
-17
-19
-12
-3
3
0
0
4
-9
-15
-14
-2
-4
-18
-10
-14
-10
-18
-33
-24
-23
-14
-7
-15
-3
-3
-1
11
16
25
16
8
5
0
-10
-11
-8
-6
-7
8
17
7
12
6
-7
-6
-4
-12
-8
7
2
13
27
25
25
27
27
9
-14
-11
-10
-16
1
0
9
23
26
30
23
18
21
9
-20
-27
-32
-19
-12
-16
-3
-12
-9
-14
-17
-1
-10
-12
-13
-10
19
1
16
16
11
11
1
5
-9
-5
-6
-8
-8
-23
-12
-9
-11
-11
-7
1
4
14
11
20
9
14
27
11
-1
13
5
-2
3
-5
2
-7
-17
-17
-26
-39
-40
-33
-27
-8
7
25
48
39
40
39
30
0
-11
-9
1
6
5
12
12
21
2
-10
-24
-31
-49
-53
-44
-31
-11
7
19
28
44
37
36
42
41
32
30
31
19
12
-3
-3
-22
-44
-49
-69
-67
-73
-69
-53
-35
-15
3
25
38
73
121
158
183
201
191
132
45
-82
-272
-439
-587
-711
-687
-592
-420
-143
187
504
779
990
1086
1020
830
565
192
-206
-556
-844
-1015
-1081
-1003
-798
-518
-177
182
522
797
983
1060
1038
894
647
317
-45
-409
-700
-888
-978
-946
-824
-589
-322
-45
195
376
469
466
434
355
249
165
122
99
95
136
164
139
86
-5
-144
-306
-430
-529
-580
-556
-472
-335
-149
41
226
383
494
523
494
454
344
201
72
-39
-143
-229
-254
-234
-208
-169
-98
-46
-34
-28
-41
-96
-141
-160
-159
-130
-56
79
230
370
492
566
570
498
345
124
-125
-352
-555
-704
-761
-724
-618
-438
-226
-23
168
310
413
466
469
455
416
371
329
291
230
157
73
-17
-127
-249
-368
-481
-542
-591
-588
-517
-407
-242
-32
184
405
598
749
826
822
749
579
357
92
-189
-436
-633
-754
-787
-727
-596
-418
-213
-16
156
287
365
407
418
403
357
328
280
242
191
129
81
-17
-116
-234
-349
-437
-507
-520
-477
-382
-252
-97
78
250
387
478
520
498
429
331
203
53
-82
-194
-272
-317
-319
-302
-261
-187
-121
-57
-36
-20
-6
0
16
3
34
72
119
178
219
254
250
216
150
48
-50
-147
-238
-286
-319
-314
-279
-218
-119
-37
49
112
138
164
179
166
149
142
119
103
96
86
49
22
-4
-57
-89
-127
-169
-193
-209
-193
-172
-135
-54
11
80
158
223
276
301
308
264
205
129
30
-63
-151
-218
-268
-252
-220
-174
-98
-12
63
96
128
129
125
92
46
20
0
-3
2
14
23
16
-2
-27
-49
-102
-158
-180
-192
-185
-170
-125
-73
-22
27
84
118
133
131
125
113
83
45
13
-9
-29
-49
-61
-62
-77
-66
-48
-26
2
11
27
55
53
49
65
73
67
84
87
86
92
80
60
30
8
-37
-77
-92
-110
-130
-131
-108
-85
-58
-7
17
27
66
86
101
112
139
150
152
137
121
131
83
44
-4
-49
-89
-157
-198
-211
-208
-202
-168
-119
-74
-16
43
91
133
179
248
290
350
403
400
369
301
173
-72
-356
-628
-918
-1208
-1339
-1292
-1142
-876
-405
151
611
1047
1454
1629
1536
1329
1005
484
-86
-511
-866
-1150
-1191
-997
-751
-404
29
416
660
813
883
792
610
401
174
-57
-201
-275
-305
-303
-200
-92
22
241
453
664
960
1317
1541
1672
1804
1691
1158
436
-325
-1398
-2618
-3425
-3835
-4198
-4101
-3149
-1906
-721
767
2456
3576
4045
4363
4321
3476
2205
1090
-55
-1401
-2420
-2852
-3031
-3116
-2867
-2261
-1691
-1240
-778
-308
13
136
230
461
746
944
1181
1684
2200
2356
2406
2522
2246
1377
440
-383
-1474
-2722
-3434
-3626
-3740
-3504
-2584
-1381
-346
680
1790
2529
2730
2690
2500
1998
1315
773
377
83
-76
-71
-13
19
-56
-306
-665
-1101
-1659
-2219
-2549
-2587
-2418
-1936
-1037
58
1132
2205
3227
3841
3963
3751
3204
2223
998
-162
-1183
-2097
-2683
-2844
-2727
-2388
-1879
-1258
-711
-290
26
199
288
353
438
578
871
1249
1591
1926
2184
2195
1894
1367
617
-322
-1336
-2223
-2866
-3254
-3254
-2839
-2091
-1117
-55
984
1865
2454
2690
2580
2210
1611
865
153
-397
-821
-1122
-1162
-1018
-906
-769
-602
-523
-603
-703
-724
-763
-764
-575
-217
151
586
1089
1503
1706
1758
1655
1303
799
269
-265
-786
-1135
-1285
-1269
-1084
-726
-309
96
512
775
871
890
804
581
316
169
69
-61
-46
141
269
319
451
610
617
601
713
875
966
1077
1239
1306
1152
715
65
-770
-1808
-2986
-3962
-4495
-4760
-4675
-3881
-2472
-980
503
2214
3739
4487
4645
4597
4014
2681
1177
-42
-1259
-2564
-3354
-3471
-3408
-3321
-2832
-2013
-1378
-982
-534
-69
142
127
241
585
922
1175
1655
2406
2959
3159
3252
3243
2698
1597
413
-699
-1994
-3260
-3986
-4124
-3933
-3423
-2331
-914
407
1511
2502
3250
3480
3266
2865
2365
1704
990
447
177
-35
-288
-433
-476
-707
-1203
-1693
-2104
-2612
-3150
-3339
-3076
-2664
-2067
-1005
303
1418
2330
3213
3799
3722
3281
2755
1923
765
-241
-897
-1534
-2062
-2124
-1909
-1757
-1518
-1090
-718
-561
-405
-139
51
237
580
1036
1486
1971
2441
2756
2905
2810
2425
1781
1000
98
-857
-1586
-2019
-2223
-2091
-1539
-822
-77
709
1424
1796
1926
1989
1817
1462
1287
1337
1248
1196
1418
1448
839
15
-821
-2201
-4014
-5392
-6158
-6843
-7041
-5943
-4005
-2081
93
2803
5147
6334
6841
7015
6204
4226
1964
6
-2002
-4076
-5457
-5753
-5589
-5345
-4516
-3035
-1681
-921
-207
713
1117
820
712
1128
1303
1192
1687
2722
3351
3530
3876
4091
3360
1938
541
-986
-2900
-4687
-5745
-6129
-6032
-5284
-3762
-1780
222
2063
3666
4849
5404
5261
4658
3830
2833
1709
706
5
-480
-966
-1513
-2007
-2503
-3289
-4291
-5013
-5334
-5531
-5409
-4353
-2596
-761
1229
3704
5947
7192
7848
8135
7423
5582
3477
1424
-880
-3056
-4342
-4845
-4879
-4222
-2851
-1218
320
1688
2712
3200
3142
2616
1734
818
49
-594
-829
-453
288
1114
2145
3247
4002
4389
4528
4310
3729
3020
2152
1137
275
-627
-2076
-3594
-4618
-5869
-7539
-8294
-7891
-7690
-7364
-5299
-2291
-206
1726
4707
7133
7512
7314
7628
6735
3909
1280
-263
-2345
-5132
-6616
-6579
-6753
-7208
-6420
-4524
-3240
-2688
-1557
97
835
670
1158
2301
2613
2360
3100
4492
4953
4710
4986
5147
3942
1942
314
-1328
-3618
-5773
-6858
-7087
-6920
-6051
-4306
-2079
174
2185
3862
5279
6187
6106
5282
4453
3590
2060
290
-821
-1576
-2826
-4076
-4340
-4254
-4768
-5254
-4743
-3919
-3629
-3087
-1539
147
1184
2351
4177
5665
6099
6251
6485
5976
4511
2993
1741
177
-1563
-2681
-3065
-3253
-3130
-2370
-1339
-445
390
1288
1870
2004
2044
2142
2093
1984
2263
2908
3427
3786
4484
5393
5653
5282
5109
4792
3297
1174
-325
-1915
-4836
-7838
-9272
-10381
-12234
-12752
-10814
-8692
-7246
-4141
696
4259
6197
8740
11266
11228
9303
7938
6447
2934
-1148
-3508
-5038
-7257
-8864
-8430
-7343
-7025
-6481
-4691
-2913
-2351
-2034
-856
249
316
566
1964
3322
3819
4604
6190
7230
7139
6746
6176
4598
2040
-610
-3142
-5634
-7695
-8991
-9354
-8485
-6598
-4464
-2122
860
3676
5129
5817
6748
6854
5103
3170
2388
1298
-919
-2219
-1848
-2012
-3207
-3359
-2393
-2584
-3833
-4050
-3440
-3692
-4233
-3344
-1545
-339
797
2995
5418
6768
7478
8283
8445
7296
5547
3947
2091
-230
-2215
-3390
-4181
-4679
-4272
-3125
-2047
-945
643
2134
2857
3494
4472
4940
4729
4902
5725
6132
5997
6343
7058
6799
5412
4091
2713
-192
-4512
-8255
-11058
-14389
-17606
-18222
-16544
-14797
-12326
-7170
-809
4015
7932
12416
15790
16002
14472
13007
10287
5314
197
-3385
-6558
-9863
-11750
-11654
-10934
-10188
-8620
-6219
-4148
-2916
-1879
-809
-268
-209
185
1015
1843
2858
4492
6352
7898
9118
9719
9238
7839
5742
2672
-1021
-4390
-7341
-10115
-11750
-11434
-10073
-8524
-5971
-2230
957
2888
4836
6847
7200
5964
5132
4805
3321
1209
366
263
-756
-2070
-2204
-2015
-2971
-4342
-4718
-4715
-5404
-5849
-4841
-3141
-1772
108
3143
6172
8242
10008
11592
11988
11042
9499
7432
4500
1278
-1465
-3729
-5462
-6130
-5683
-4692
-3257
-1092
1289
3087
4433
5713
6581
6647
6423
6463
6413
5843
4977
4292
3514
1821
-862
-3594
-6159
-9467
-13144
-15375
-16013
-16492
-16333
-13710
-9295
-5190
-1099
4138
9255
12268
13687
14869
14858
12324
8455
4930
1326
-3056
-7025
-9389
-10763
-11880
-12139
-11007
-9173
-7575
-6125
-4395
-2705
-1600
-827
198
1444
2585
3755
5329
7235
8916
9855
10120
10015
9100
6724
3529
563
-2719
-6874
-10366
-11932
-12691
-13356
-12425
-9328
-5931
-3069
615
5114
8301
9595
10690
11728
10900
8331
5997
3931
718
-2949
-5216
-6478
-8043
-9181
-8774
-7559
-6506
-5039
-2582
-67
1820
3768
6062
7802
8731
9562
10175
9836
8855
8006
6886
5023
3128
1754
361
-1143
-2001
-2102
-2195
-2258
-1626
-510
393
1266
2573
3804
4454
5011
5686
5626
4691
3558
1896
-934
-4049
-6714
-9616
-12625
-14384
-14737
-14619
-13578
-10761
-6986
-3442
275
4487
8092
10182
11338
11952
11123
8805
6165
3604
555
-2692
-5119
-6721
-8143
-9113
-9012
-8373
-7980
-7490
-6431
-5391
-4969
-4485
-3284
-2050
-1137
381
2884
5289
7042
8877
10699
11416
10867
9638
7690
4715
995
-2809
-6217
-8966
-11020
-12166
-11976
-10462
-8148
-5375
-2078
1445
4511
6678
8154
9136
9155
8001
6266
4492
2464
96
-1991
-3437
-4582
-5590
-6049
-5801
-5217
-4504
-3429
-2005
-544
1013
2828
4630
6186
7696
9128
9928
10133
10256
9908
8618
6940
5470
3740
1583
-196
-1277
-2201
-2982
-3016
-2324
-1458
-553
673
2018
3079
3784
4171
4045
3259
1801
-412
-3094
-5786
-8514
-11265
-13280
-14075
-14092
-13469
-11509
-8309
-4905
-1561
2114
5742
8362
9855
10737
10823
9660
7600
5329
2946
327
-2236
-4331
-5909
-7138
-7919
-8197
-8167
-7990
-7683
-7315
-6977
-6533
-5877
-5064
-4058
-2604
-601
1688
4050
6548
8952
10728
11712
12020
11431
9774
7298
4337
960
-2463
-5389
-7787
-9646
-10520
-10244
-9288
-7809
-5555
-2788
-246
1897
3926
5645
6506
6529
6198
5547
4303
2694
1245
-23
-1338
-2482
-3208
-3549
-3607
-3349
-2751
-1953
-895
480
1957
3398
4954
6607
7909
8758
9479
10017
9832
8930
7910
6737
5052
3149
1616
381
-862
-1849
-2201
-2118
-1867
-1355
-566
389
1249
1847
2052
1807
1030
-535
-2734
-5075
-7409
-9886
-12118
-13396
-13696
-13394
-12177
-9647
-6356
-3081
330
3993
7045
8917
9972
10396
9721
8025
5983
3865
1501
-931
-2858
-4224
-5266
-5880
-5933
-5728
-5596
-5471
-5351
-5474
-5886
-6284
-6583
-6774
-6601
-5781
-4345
-2475
-91
2684
5476
8011
10183
11667
12119
11668
10456
8391
5596
2699
-69
-2901
-5390
-6867
-7522
-7807
-7369
-5980
-4283
-2773
-1141
598
1792
2299
2525
2531
2058
1324
676
76
-488
-826
-848
-700
-408
149
779
1284
1802
2510
3222
3771
4391
5229
6022
6608
7168
7781
8102
7894
7407
6796
5779
4346
2885
1517
102
-1215
-2097
-2547
-2678
-2397
-1757
-915
77
1079
1770
1958
1681
729
-1051
-3290
-5620
-8120
-10582
-12409
-13358
-13595
-12995
-11245
-8632
-5710
-2587
725
3731
5963
7437
8192
8086
7119
5694
4125
2421
675
-776
-1781
-2455
-2778
-2715
-2395
-2212
-2238
-2358
-2785
-3671
-4778
-5835
-6915
-7858
-8184
-7758
-6797
-5254
-3054
-519
2018
4568
6900
8522
9416
9745
9365
8173
6632
5062
3215
1197
-340
-1265
-1979
-2420
-2231
-1644
-1203
-828
-268
205
173
-207
-654
-1230
-2013
-2770
-3273
-3559
-3640
-3452
-2889
-2049
-1007
102
1217
2358
3524
4678
5703
6657
7558
8339
8885
9274
9634
9751
9466
8868
8053
6951
5528
3970
2375
708
-894
-2267
-3338
-4119
-4511
-4532
-4283
-3758
-3019
-2250
-1725
-1455
-1584
-2239
-3311
-4552
-5945
-7438
-8648
-9406
-9700
-9405
-8305
-6596
-4589
-2312
164
2435
4187
5440
6130
6089
5388
4276
2914
1363
-202
-1593
-2700
-3355
-3585
-3523
-3161
-2561
-2038
-1771
-1668
-1727
-2159
-2932
-3738
-4410
-4925
-5204
-5009
-4293
-3220
-1899
-364
1369
2995
4221
5048
5566
5652
5181
4454
3682
2784
1801
1074
770
623
646
967
1407
1707
1919
2095
1974
1482
778
-66
-1114
-2189
-3040
-3670
-4100
-4191
-3881
-3262
-2488
-1547
-520
458
1379
2285
3205
4086
4921
5737
6563
7403
8203
8975
9626
9996
10092
9895
9314
8361
7167
5762
4116
2411
873
-523
-1795
-2800
-3449
-3923
-4242
-4342
-4425
-4696
-5172
-5884
-6878
-8018
-9143
-10161
-10980
-11396
-11254
-10552
-9258
-7354
-4979
-2388
209
2699
4823
6371
7307
7572
7195
6290
5055
3643
2186
816
-392
-1341
-2001
-2362
-2510
-2551
-2581
-2736
-3068
-3558
-4150
-4817
-5544
-6177
-6502
-6455
-6097
-5308
-4070
-2593
-1075
486
2120
3515
4433
4996
5371
5345
4914
4428
4067
3623
3090
2802
2786
2801
2749
2769
2776
2512
1996
1398
677
-263
-1335
-2366
-3287
-4073
-4581
-4736
-4620
-4254
-3577
-2657
-1695
-677
421
1408
2235
3027
3901
4716
5436
6210
7035
7774
8378
8964
9398
9499
9299
8874
8142
7134
6009
4807
3482
2138
1004
1
-884
-1566
-2050
-2467
-2917
-3311
-3780
-4518
-5480
-6587
-7861
-9237
-10446
-11328
-11972
-12217
-11799
-10737
-9252
-7302
-4873
-2343
10
2140
4001
5356
6068
6255
6051
5478
4650
3714
2810
1973
1252
667
236
-19
-203
-493
-935
-1471
-2205
-3095
-4056
-4984
-5822
-6510
-6826
-6734
-6285
-5447
-4264
-2890
-1490
-97
1249
2326
3028
3448
3680
3648
3412
3230
3161
3115
3101
3265
3598
3924
4132
4218
4136
3790
3145
2288
1296
209
-951
-2104
-3084
-3765
-4192
-4410
-4341
-3944
-3368
-2723
-1985
-1153
-366
300
953
1724
2552
3352
4231
5220
6224
7134
7980
8738
9244
9379
9184
8706
7944
6933
5760
4542
3344
2263
1321
569
47
-361
-715
-1045
-1360
-1755
-2403
-3326
-4424
-5671
-7146
-8645
-9877
-10826
-11508
-11776
-11382
-10456
-9184
-7523
-5540
-3498
-1631
27
1441
2464
3031
3270
3254
3045
2770
2536
2310
2162
2153
2214
2222
2213
2177
1902
1313
528
-376
-1446
-2602
-3671
-4516
-5092
-5362
-5243
-4710
-3865
-2844
-1772
-743
158
850
1243
1311
1168
927
585
278
199
393
772
1296
2050
2922
3680
4241
4569
4608
4289
3635
2791
1834
814
-216
-1184
-1940
-2431
-2697
-2781
-2674
-2355
-1975
-1677
-1339
-942
-643
-469
-221
194
704
1277
2040
3000
3987
4955
5890
6776
7444
7774
7812
7579
7089
6398
5623
4844
4097
3437
2900
2494
2199
2012
1809
1499
1151
734
136
-776
-1884
-3054
-4435
-6013
-7417
-8532
-9496
-10240
-10518
-10289
-9735
-8880
-7667
-6261
-4889
-3592
-2426
-1460
-711
-234
23
190
343
535
727
963
1353
1758
2086
2390
2663
2746
2560
2124
1539
780
-137
-1072
-1915
-2558
-2964
-3072
-2836
-2302
-1577
-765
39
755
1280
1554
1516
1193
684
106
-487
-1034
-1316
-1265
-990
-551
158
1056
1861
2448
2889
3181
3153
2801
2338
1843
1228
523
-70
-478
-769
-998
-1148
-1139
-1088
-1087
-1095
-1018
-922
-875
-751
-506
-117
374
908
1541
2269
3013
3685
4263
4793
5205
5376
5392
5358
5267
5016
4693
4431
4143
3798
3442
3143
2849
2517
2204
1897
1649
1427
1122
771
415
60
-461
-1185
-1939
-2767
-3761
-4821
-5718
-6415
-6992
-7424
-7534
-7309
-6942
-6443
-5771
-5005
-4313
-3762
-3274
-2816
-2504
-2359
-2236
-2037
-1801
-1516
-1088
-503
121
731
1302
1754
2054
2147
1975
1549
1024
476
-84
-532
-766
-739
-544
-183
374
1039
1618
2015
2195
2139
1837
1245
490
-311
-1088
-1799
-2347
-2613
-2563
-2306
-1902
-1313
-594
127
685
1096
1420
1586
1497
1262
1091
960
744
522
459
517
508
410
394
418
289
44
-104
-165
-216
-269
-186
89
456
861
1293
1801
2330
2786
3112
3432
3790
4026
4115
4200
4340
4422
4383
4318
4295
4247
4079
3843
3660
3466
3170
2817
2547
2354
2104
1791
1495
1265
977
531
-49
-647
-1358
-2350
-3421
-4386
-5278
-6210
-6999
-7487
-7709
-7767
-7622
-7187
-6653
-6138
-5627
-5128
-4680
-4261
-3905
-3610
-3242
-2732
-2150
-1531
-781
79
890
1513
2088
2608
2885
2858
2632
2348
1999
1574
1176
965
889
869
861
955
1147
1259
1185
944
643
192
-477
-1203
-1802
-2288
-2728
-3001
-2937
-2581
-2129
-1648
-1060
-410
99
420
680
959
1112
1099
1096
1223
1413
1532
1617
1720
1805
1709
1419
1078
738
311
-227
-663
-848
-876
-886
-723
-324
209
704
1184
1776
2360
2772
3023
3290
3616
3869
4019
4245
4609
4940
5136
5266
5435
5488
5270
4875
4483
4089
3582
3056
2684
2495
2336
2126
1969
1863
1548
831
-159
-1292
-2690
-4333
-5928
-7272
-8336
-9152
-9607
-9580
-9181
-8575
-7879
-7085
-6295
-5630
-5201
-4928
-4580
-4227
-3901
-3458
-2692
-1648
-529
642
1931
3121
3956
4439
4650
4587
4209
3556
2781
2056
1430
894
520
451
579
653
614
582
477
78
-613
-1416
-2219
-3066
-3846
-4336
-4450
-4298
-3990
-3492
-2747
-1871
-1101
-486
86
573
832
941
1163
1554
1909
2255
2676
3199
3632
3784
3792
3639
3211
2468
1567
689
-67
-801
-1441
-1751
-1750
-1528
-1166
-615
106
759
1210
1573
1962
2337
2598
2869
3357
4002
4656
5339
6157
6998
7594
7864
7950
7852
7487
6888
6205
5567
4992
4381
3783
3317
2862
2054
723
-878
-2707
-4906
-7318
-9477
-11214
-12629
-13606
-13886
-13491
-12672
-11610
-10402
-9183
-8068
-7130
-6406
-5681
-4830
-3882
-2827
-1420
404
2359
4175
5832
7256
8177
8482
8314
7806
6978
5826
4478
3245
2232
1363
605
8
-428
-919
-1610
-2386
-3117
-3920
-4864
-5772
-6433
-6765
-6869
-6706
-6184
-5364
-4407
-3452
-2414
-1258
-146
730
1514
2371
3237
3982
4639
5349
6018
6397
6507
6474
6290
5788
4885
3754
2567
1295
-131
-1468
-2490
-3260
-3921
-4336
-4296
-3968
-3567
-3082
-2408
-1578
-723
155
1214
2467
3789
5079
6423
7872
9225
10246
10936
11389
11583
11449
11022
10517
10000
9322
8456
7482
6395
4948
2840
188
-2713
-5826
-9059
-11899
-14099
-15663
-16700
-17163
-16992
-16388
-15559
-14599
-13556
-12488
-11300
-9994
-8465
-6504
-4187
-1710
858
3494
6068
8203
9742
10764
11192
10986
10352
9539
8677
7746
6669
5483
4214
2848
1302
-401
-2117
-3737
-5319
-6775
-7851
-8511
-8881
-9113
-9179
-9011
-8758
-8514
-8124
-7476
-6553
-5417
-4003
-2153
135
2476
4639
6627
8324
9484
10000
10163
10134
9832
9294
8688
8065
7343
6295
4897
3218
1234
-1027
-3399
-5549
-7179
-8261
-8840
-8774
-8039
-6834
-5438
-3945
-2379
-903
376
1572
2922
4585
6451
8416
10503
12608
14476
15806
16606
16935
16668
15758
14443
12988
11386
9442
6964
3932
521
-3199
-7039
-10471
-13254
-15479
-17326
-18761
-19625
-20032
-20135
-19871
-19218
-18241
-16963
-15287
-12999
-10065
-6736
-3297
125
3419
6407
8907
10829
12290
13224
13619
13702
13727
13725
13431
12564
10991
8754
5912
2630
-725
-3788
-6417
-8651
-10428
-11507
-11997
-12225
-12387
-12529
-12634
-12799
-12864
-12446
-11325
-9592
-7348
-4563
-1343
2007
5068
7639
9619
10907
11551
11808
12029
12367
12712
12876
12788
12320
11244
9403
6830
3772
406
-3072
-6247
-8613
-10047
-10773
-10901
-10441
-9587
-8693
-7838
-6896
-5840
-4684
-3242
-1188
1564
4802
8225
11518
14374
16558
17944
18597
18723
18604
18375
18075
17762
17227
15900
13196
9060
3941
-1718
-7386
-12123
-15525
-17895
-19522
-20570
-21158
-21587
-22043
-22436
-22589
-22448
-21585
-19580
-16362
-11950
-6884
-1798
2803
6643
9668
11796
13101
13943
14617
15135
15753
16645
17481
17664
16543
14021
10307
5661
751
-3646
-7124
-9632
-11278
-12250
-12786
-13173
-13779
-14782
-16089
-17319
-18002
-17772
-16250
-13317
-9402
-5112
-905
2870
5985
8231
9689
10686
11476
12362
13438
14780
16216
17176
17167
16000
13714
10443
6590
2601
-1075
-4153
-6518
-8153
-9190
-9826
-10354
-10996
-11676
-12106
-12070
-11362
-9824
-7435
-4402
-1011
2554
6044
9200
11800
13865
15486
16854
18079
19238
20413
21441
22023
21862
20682
17985
13346
7250
738
-5487
-10552
-13685
-15197
-16139
-17360
-19110
-21329
-23861
-26037
-27042
-26785
-25252
-22220
-17899
-12721
-7311
-2375
1559
4348
6488
8584
10896
13531
16312
18671
20242
20929
20771
19752
17665
14430
10309
5794
1517
-2026
-4680
-6617
-8425
-10553
-13006
-15597
-17843
-19303
-20054
-20114
-19231
-17383
-14847
-11951
-8722
-5358
-2491
-120
2443
5305
8121
10730
13095
15085
16323
16884
17177
17083
16332
14943
12907
10383
7505
4390
1185
-2036
-4992
-7549
-9774
-11574
-12721
-13358
-13588
-13385
-12602
-11123
-9236
-7005
-4240
-1043
2342
5660
8835
11889
14605
16840
18730
20250
21352
22158
22612
22745
22477
21185
18049
12607
5736
-1231
-7637
-12367
-14629
-15513
-16730
-18922
-21832
-24942
-27789
-29434
-29006
-26939
-23686
-19283
-14266
-9201
-4657
-1070
1679
4070
6839
10443
14459
18152
20900
22012
21528
20115
18393
16815
15014
12351
9029
5302
1201
-2939
-6724
-9798
-12501
-15070
-16921
-17850
-18208
-18202
-18103
-18042
-17486
-16289
-14281
-11180
-7139
-2711
1188
4385
7375
9836
11372
12577
13852
15093
16131
16898
17533
17464
15884
13101
9628
5801
2178
-950
-3362
-5106
-6841
-8790
-10847
-13012
-14747
-15647
-15591
-14211
-11658
-8492
-5260
-2338
465
3099
5259
7606
10689
14057
17323
20303
22649
23974
24101
23472
22715
21622
19731
16387
11006
4666
-1663
-7576
-11753
-13918
-15578
-18087
-21539
-24960
-27580
-29247
-29049
-26732
-23776
-20729
-17219
-13472
-9599
-5794
-2164
1657
5621
9936
14563
18373
20710
21347
20229
18483
17284
16766
16663
15882
13228
8892
3527
-1902
-6579
-10177
-12337
-13652
-15062
-16316
-17189
-18059
-18816
-19275
-18986
-17214
-14125
-10279
-6103
-2204
996
3064
4547
6905
9765
12146
14417
16520
17643
17501
16497
15365
13685
11122
8808
6887
4646
2218
-474
-3664
-6923
-9956
-12305
-13805
-14619
-14506
-13824
-12940
-11269
-9106
-7074
-4797
-2199
791
4119
7401
10873
14250
16819
19018
20879
22058
22854
23134
22998
22708
21707
19346
14625
7505
159
-6361
-11531
-13708
-13840
-14926
-18124
-22735
-27195
-30245
-31041
-28572
-24091
-20137
-16803
-13737
-11114
-8172
-4751
-910
3648
8486
13417
17867
20541
21160
19840
17202
15259
14783
15152
15760
14686
10581
4555
-1819
-7350
-11189
-12861
-12793
-12928
-14250
-15845
-17509
-19225
-19910
-19036
-16643
-12778
-8260
-4161
-1138
849
2264
3383
5314
8918
12827
15635
17396
18011
17146
15180
13271
12078
10788
9070
7555
5689
2820
-624
-4284
-7720
-10230
-11684
-12348
-12642
-12851
-12911
-12869
-12255
-10445
-7853
-4970
-1773
1433
4432
7303
10026
12676
15237
17643
19747
21337
22511
23254
23201
22641
21824
19521
14431
7513
947
-4822
-9413
-11338
-11684
-13691
-18149
-23306
-27561
-30022
-29780
-26517
-22206
-19001
-16683
-14521
-12385
-9412
-5382
-838
4102
9065
13547
16885
18490
18547
17413
15826
15320
16032
16571
16025
13275
7781
1271
-4243
-8030
-10306
-11228
-11335
-12425
-15086
-17762
-19556
-20450
-19995
-17974
-14706
-10924
-7455
-4601
-2540
-770
1601
4453
7817
11816
15118
16553
16548
16075
15503
14519
13623
13379
12423
10127
7598
4838
1473
-2051
-5246
-7796
-9554
-10742
-11629
-12581
-13515
-13903
-13620
-12394
-9893
-6828
-3997
-1380
1271
3967
6700
9734
12677
15191
17592
19679
21184
22445
23288
23241
22549
21526
19353
14088
6747
490
-4925
-9598
-11257
-11335
-13633
-18546
-23992
-27897
-29674
-28862
-24806
-20240
-17883
-16286
-14446
-12313
-8595
-3583
1653
6673
10835
14276
16695
17545
17716
17216
16198
16265
16804
16257
14520
10717
4712
-1340
-5680
-8182
-10016
-11493
-12367
-14236
-17332
-19495
-20029
-19371
-17884
-16063
-13545
-10492
-7875
-5383
-2758
10
3115
5963
8972
12388
14506
15065
15077
14945
14943
14623
13967
13450
11842
8909
6184
3672
986
-1703
-4511
-7037
-9039
-10724
-11897
-12743
-13339
-13283
-12751
-11491
-9159
-6510
-3996
-1492
1279
4447
7585
10719
13746
15929
17699
19484
20814
22002
23004
23169
22691
21815
19861
14927
6934
-317
-5579
-10055
-11733
-11045
-12634
-17809
-24032
-28455
-29924
-28645
-24317
-19120
-16810
-16325
-15130
-13042
-8962
-3060
2770
7944
11817
14361
16256
17135
17441
17537
16995
16951
17277
16062
13608
9971
4321
-1407
-5143
-7309
-9426
-11901
-13747
-15639
-18481
-20323
-19994
-18749
-17269
-15734
-14018
-11636
-9054
-6331
-3118
338
3852
6924
9430
11996
13975
14683
14953
15381
15830
15561
14285
12868
11011
8030
5272
3294
1065
-1703
-4774
-7711
-10004
-11695
-12846
-13502
-13879
-13831
-13307
-12158
-10026
-7348
-4697
-1933
1222
4796
8327
11391
14028
16089
17735
19458
21258
22804
23714
23608
22527
21205
19605
15591
8346
1219
-3990
-8678
-11404
-11328
-12536
-17521
-23811
-27986
-29189
-28020
-24190
-19297
-17033
-17105
-16438
-13981
-9528
-3549
2517
7755
11378
13542
15262
16457
17306
18034
18048
17982
18081
16690
13717
10057
5177
-164
-3707
-5354
-7353
-10572
-13214
-15310
-18351
-20575
-20312
-19038
-17754
-16254
-14625
-12551
-9935
-7042
-3810
-415
2972
6040
8458
10852
13284
14740
15258
15641
16018
15641
14157
12807
11783
9546
6658
4534
2268
-914
-4286
-7158
-9329
-11056
-12514
-13536
-14202
-14506
-14306
-13406
-11529
-8992
-6351
-3600
-646
2677
6234
9272
11935
14468
16538
18451
20477
22334
23541
23637
22919
22109
21314
19340
13892
6002
-310
-5387
-9787
-10691
-10321
-13729
-20348
-26338
-29239
-29150
-26671
-21857
-17924
-17664
-18224
-16794
-13148
-7361
-984
4742
9309
11716
13156
14904
16399
17822
18806
18853
18994
18347
15656
12318
8556
3779
-418
-2827
-4540
-7673
-11789
-14613
-16890
-19427
-20290
-19305
-18131
-17271
-16539
-15159
-12697
-9973
-6959
-3308
379
3693
6478
8986
11456
13214
14191
15109
15947
16414
15989
14591
13279
11676
8997
6550
4675
2038
-1482
-5023
-7853
-9884
-11692
-13065
-13860
-14691
-15221
-14816
-13539
-11500
-9115
-6635
-3954
-1127
2265
5996
9067
11846
14535
16533
18456
20622
22290
23085
22846
22226
22027
21446
19288
14115
6373
-388
-5583
-9487
-9861
-9433
-13096
-19549
-25322
-28407
-28263
-25705
-21210
-17527
-17571
-18347
-16649
-12916
-7375
-1196
4222
8514
10712
11977
14107
16145
17676
18703
18865
18893
18130
15696
12912
9742
5375
1427
-1152
-3574
-7205
-11195
-13590
-15452
-17500
-18269
-18073
-17939
-17848
-17564
-16169
-13367
-10344
-7252
-3809
-484
2277
4542
7093
9758
11638
13311
14971
15697
15890
15483
14185
13119
12002
9969
7916
5876
2883
-746
-4111
-6570
-8321
-10161
-11842
-13109
-14371
-15027
-14493
-13213
-11500
-9461
-7325
-5083
-2550
685
4301
7314
10025
12711
14808
16781
19087
21002
21986
22206
22249
22183
21442
19693
15194
7585
853
-3590
-6990
-7835
-7599
-10956
-17693
-24087
-27492
-27584
-25595
-21653
-18046
-18351
-19776
-18453
-14938
-9838
-3760
1930
6296
8442
9847
12468
14942
16794
18456
19018
19148
18805
16881
14570
12146
8395
4377
1455
-1092
-4674
-8970
-11421
-12548
-14693
-16490
-16922
-17496
-18288
-18098
-16487
-13925
-11338
-8637
-5707
-3216
-696
2296
5149
7726
9990
11828
13143
13989
14817
14955
13928
13238
12775
11066
9129
7502
4697
977
-2203
-4550
-6451
-8219
-9800
-11468
-13472
-14593
-14207
-13423
-12212
-10152
-8263
-6736
-4490
-1206
2273
5333
8238
10921
12953
15061
17688
19841
21061
21806
22187
22055
21698
20671
16516
9172
2991
-972
-4412
-5597
-5533
-9082
-16233
-22843
-26216
-26520
-24821
-21221
-18342
-19392
-21298
-20219
-16882
-11932
-5836
-303
3585
5517
7010
9654
12352
14738
16892
17904
18340
18228
16700
14864
13055
10101
6726
4047
1510
-2091
-6164
-8472
-9719
-11868
-13911
-15020
-15943
-16756
-16944
-15938
-13907
-11969
-10194
-7880
-5216
-2413
461
3319
6019
7885
9219
10834
12483
13923
14705
14523
14045
13332
11908
10300
8697
6428
3541
516
-2076
-4060
-6113
-8331
-10189
-11934
-13274
-13505
-13066
-12217
-10919
-9748
-8609
-6604
-3735
-434
2804
5622
8247
10523
12573
15017
17251
18581
19484
20127
20711
21314
21082
19529
15474
8483
2199
-1230
-3694
-4981
-5476
-9026
-16085
-22565
-25436
-25086
-23119
-20111
-18081
-19538
-21823
-20887
-16994
-11513
-5394
-398
2563
3906
5199
7917
11316
14468
16829
17554
17397
17043
15841
14511
13525
11375
7901
4653
1863
-1528
-5266
-7313
-8061
-10063
-12666
-14273
-15546
-16694
-16806
-15625
-13769
-12121
-10582
-8354
-5837
-3433
-784
1905
4210
6024
7867
10018
11779
12980
13902
13998
13464
13056
12240
10801
9274
7423
4766
1804
-606
-2539
-4641
-6802
-8699
-10356
-11646
-12171
-11906
-11377
-10829
-10012
-8732
-6638
-3726
-753
2019
4594
6663
8747
11261
13683
15961
17776
18770
19604
20597
21231
21271
20307
16851
10379
4072
491
-2099
-3856
-4233
-7006
-13762
-20489
-24087
-24658
-23380
-21135
-19437
-20470
-22751
-22351
-18899
-13861
-8145
-3423
-483
1173
2694
5764
9840
13290
15818
16887
16800
16765
16415
15671
15098
13363
9951
6708
4073
807
-2829
-4826
-5720
-8123
-11264
-13334
-14987
-16343
-16638
-16023
-14706
-13329
-12312
-10634
-8096
-5606
-3101
-299
2221
4210
6130
8277
10343
12106
13401
14028
14230
13983
13123
12122
11017
9148
6717
4104
1470
-786
-2724
-4850
-7208
-9340
-10951
-11925
-12188
-11921
-11468
-10756
-9750
-8415
-6171
-3250
-460
2284
4946
7386
9793
12192
14657
16739
17933
19041
20479
21626
22124
21649
20176
16625
10018
4098
1338
-1203
-3276
-4018
-7698
-14974
-21309
-24375
-24594
-23494
-21871
-20504
-21768
-24025
-23014
-19129
-14151
-8726
-4468
-1671
301
2290
5949
10293
13497
15768
16787
17014
17471
17344
16808
16321
14152
10423
7288
4725
1586
-1893
-4052
-5424
-8289
-11666
-13852
-15600
-17056
-17382
-16648
-15407
-14514
-13754
-11906
-9389
-6887
-3934
-791
1770
3636
5590
8189
10511
12497
14620
15347
14722
14483
14012
12871
11886
10464
7948
4986
2357
221
-2065
-4704
-7045
-9153
-10980
-11936
-12330
-12509
-12347
-11903
-11129
-9677
-7101
-3856
-1136
1128
3685
6185
8561
11528
14739
16985
18286
19764
21100
21741
22410
22696
21750
19641
14928
8234
3455
406
-2467
-3920
-5792
-11224
-18401
-23674
-25649
-25447
-24383
-22699
-22402
-24455
-25373
-22872
-18020
-12310
-7390
-3633
-774
989
3662
8363
12778
15908
17942
18470
18410
18447
18210
17832
16746
14024
10405
6967
3809
254
-3033
-4692
-6742
-10417
-13515
-15724
-17715
-18237
-17582
-17154
-16618
-15804
-14607
-12396
-9416
-6209
-3313
-711
2106
4760
7109
9533
11936
14095
15423
15758
15922
15756
14681
13582
12469
10409
7804
5076
2227
-513
-3151
-5696
-8037
-10126
-11745
-12977
-13858
-14013
-13695
-13118
-11732
-9522
-7045
-4437
-1859
751
3853
7157
10385
13671
16400
18180
19590
20881
21938
22966
23851
23744
22388
20306
16400
9771
3766
544
-2493
-5395
-7022
-10627
-17639
-24191
-27166
-27176
-26239
-24823
-23437
-24331
-26172
-24693
-19793
-13946
-8462
-4109
-976
1182
3647
8119
13198
16899
19201
19732
19283
19537
19587
18843
18189
16213
11716
6965
3811
953
-2664
-5278
-6877
-10344
-14931
-17673
-19015
-19851
-19570
-18652
-17903
-17049
-15689
-13598
-10673
-7182
-3824
-998
1852
4889
7603
10189
12803
15057
16608
17027
16906
16837
16135
14948
13834
11960
8948
5621
2473
-263
-2797
-5483
-8105
-10506
-12514
-13756
-14430
-14748
-14482
-13794
-12705
-10881
-8495
-5611
-2508
45
2702
6327
9931
12893
15963
18629
20087
21061
22161
23132
23536
23396
22710
21112
18520
14642
8842
2826
-1066
-4362
-7861
-10267
-13556
-19430
-25145
-27907
-27965
-27227
-26356
-24954
-24519
-25115
-23193
-18043
-12438
-7607
-3515
-39
3073
6239
10655
15559
18429
19522
20111
20240
20405
20600
19995
18249
15065
10653
6463
3293
293
-3355
-6833
-9459
-12467
-16059
-18587
-19703
-20424
-20609
-19673
-18203
-17074
-15862
-13559
-10444
-7059
-3244
539
3605
5966
8150
10671
13411
15950
17723
18105
17451
16638
15605
14335
13175
11529
8673
5134
1764
-1351
-4331
-6852
-8919
-11089
-13184
-14535
-15213
-15468
-14974
-13703
-12324
-10728
-8288
-5449
-2491
909
4292
7627
11111
14121
16881
19588
21163
21792
22503
23135
23405
22966
21977
20573
17801
14314
10545
4861
-933
-4803
-8843
-12501
-14511
-17699
-22713
-26952
-28975
-28774
-27644
-25869
-23469
-22618
-22514
-19714
-14538
-8954
-3757
661
4513
7298
9638
13614
17701
19756
20822
21138
20567
20039
19208
17539
15125
11610
7300
3096
-219
-3127
-6892
-10222
-12063
-14419
-17424
-19334
-20310
-20692
-20298
-19009
-16738
-14572
-12946
-10504
-7258
-4027
-454
3320
6535
8715
10473
12724
14841
16275
17269
17232
16231
15243
14023
12581
11291
9119
5917
2547
-817
-3818
-6180
-8292
-10286
-12166
-13731
-14669
-15141
-14902
-13739
-12358
-10840
-8600
-5985
-3222
-244
2729
5758
8839
11851
14930
17640
19458
20624
21331
21578
21499
21056
20182
18837
16973
14692
11851
8757
5421
191
-5886
-9827
-12873
-16040
-17343
-18293
-21554
-25482
-27429
-26936
-25196
-22868
-19604
-16891
-15842
-13872
-9680
-4766
-172
3808
7511
10663
12395
14287
17070
18540
18709
18854
18492
17265
15476
13383
10984
7673
3747
292
-2686
-5759
-9146
-11998
-13442
-14805
-16751
-17950
-18462
-18809
-18210
-16411
-13976
-11539
-9358
-6770
-3780
-862
2257
5279
7700
9758
11635
13309
14594
15441
15916
15350
13917
12885
11847
10064
8167
6173
3460
251
-2699
-4836
-6582
-8487
-10157
-11497
-12649
-13213
-13003
-12152
-10775
-9454
-8297
-6671
-4324
-1666
1014
3823
6462
8526
10466
12714
14960
16786
17849
18305
18340
17970
17510
16679
15154
13411
11580
9611
7692
5504
3104
-435
-6056
-10736
-12900
-14890
-15974
-15429
-16825
-20786
-23866
-24001
-21866
-19028
-15576
-12302
-11560
-11721
-9302
-4883
-51
4318
7455
9702
10796
11261
13210
15696
16648
16452
15502
14059
12383
10307
8517
6751
3735
134
-2998
-5640
-8107
-10868
-12605
-12813
-13743
-15359
-15840
-15659
-15391
-14425
-12516
-10051
-8094
-6430
-3779
-794
1770
4397
6884
8819
10136
11156
12417
13314
13500
13637
13020
11528
10294
8997
7261
5722
4032
1662
-926
-3208
-4847
-6281
-7816
-9076
-10151
-10940
-11013
-10681
-10017
-8848
-7709
-6503
-4739
-2628
-393
1765
3645
5625
7713
9619
11496
13062
14089
14784
15272
15790
16031
15276
13945
12599
10914
9306
8136
6823
5242
3273
921
-1747
-5731
-10109
-12405
-13678
-14850
-14559
-14506
-16753
-19482
-20309
-18818
-16163
-13297
-10278
-8584
-8724
-7793
-4379
99
4329
7330
9025
9924
10198
11294
13602
14798
14221
12949
11284
9570
8122
6873
5486
3053
-351
-3517
-6046
-8099
-9901
-11267
-11759
-12446
-13969
-14865
-14678
-14136
-12985
-11062
-8915
-6991
-5150
-2825
-149
2282
4598
6888
8721
9937
10841
11798
12573
12797
12759
12322
10958
9443
8223
6699
4895
3124
1148
-1233
-3440
-4965
-6205
-7656
-9097
-10140
-10736
-10871
-10518
-9693
-8660
-7775
-6853
-5349
-3172
-735
1596
3730
5505
6852
8316
10062
11923
13490
14241
14447
14531
14296
13954
13473
12336
10928
9275
7237
5569
4207
2662
1332
-185
-2017
-4170
-7931
-11699
-13185
-14021
-14458
-13313
-12969
-14915
-17029
-17246
-15314
-12591
-9641
-6506
-5187
-5431
-4051
-769
3010
6476
8639
9702
10000
9684
10474
12148
12398
11326
9836
8085
6463
5096
3991
2481
-328
-3478
-5759
-7542
-8909
-9949
-10776
-11079
-11580
-12266
-12185
-11509
-10520
-9010
-7204
-5159
-3109
-1473
389
2755
4958
6884
8462
9422
9711
9716
10306
11004
10771
10126
9220
7568
6025
4867
3395
1729
20
-1870
-3780
-5311
-6212
-6942
-7970
-8798
-9139
-9336
-9178
-8616
-7891
-6892
-5724
-4357
-2625
-765
1050
2913
4662
6182
7593
8889
10148
11132
11790
12216
12203
11962
11885
11656
11036
10070
8578
6750
4938
3414
2395
1666
705
-615
-2220
-3779
-5367
-7803
-10151
-10957
-11413
-11826
-10948
-10205
-11337
-12750
-12280
-10301
-8343
-6474
-4284
-3285
-3573
-2476
471
3364
5227
6121
6656
6881
6555
7008
8302
8322
6878
5437
4495
3521
2292
1466
706
-1323
-3808
-5194
-5957
-6800
-7707
-8096
-7733
-7723
-8019
-7694
-7227
-6823
-5788
-4262
-2623
-1076
-50
964
2402
3904
5301
6307
6825
6948
6759
6681
7021
7249
6918
5986
4694
3430
2251
1432
1129
550
-843
-2450
-3765
-4530
-4806
-4932
-5045
-5416
-6062
-6361
-6035
-5425
-4572
-3613
-2879
-2091
-901
520
1883
3066
4034
4872
5757
6795
7768
8469
8949
9103
9088
9277
9326
8859
8300
7834
6936
5610
4531
3726
2697
1652
971
266
-598
-1468
-2357
-3083
-4333
-6647
-8466
-8936
-9151
-8709
-7301
-6946
-8485
-9897
-9464
-7891
-6293
-4313
-2457
-2465
-3272
-2464
-208
2015
3472
4233
4489
3843
3149
4032
5303
5139
4249
3536
2775
1850
1122
905
345
-1281
-2901
-3644
-4210
-5008
-5456
-5121
-4803
-5263
-5671
-5583
-5481
-4981
-3723
-2537
-1803
-1143
-400
484
1653
3003
4022
4435
4667
4742
4710
5170
5723
5802
5552
4763
3523
2657
2268
1960
1571
792
-520
-2167
-3527
-4036
-4201
-4521
-4914
-5473
-6032
-6148
-5854
-5244
-4411
-3646
-2821
-1802
-617
806
2207
3430
4584
5689
6817
7833
8464
8821
8916
8844
8956
9057
8915
8294
7129
6115
5292
4294
3539
2922
1855
664
-396
-1301
-1946
-2475
-2734
-2805
-2998
-3317
-4582
-6640
-7436
-7183
-6692
-5003
-3474
-4365
-6345
-7133
-6352
-4804
-3013
-1210
-1027
-2803
-3710
-2592
-797
886
1804
1705
911
-211
-201
1408
2513
2210
1374
552
-41
-347
61
973
680
-1043
-2271
-2491
-2492
-2423
-1951
-1305
-1613
-2584
-2754
-2348
-2094
-1568
-743
-135
143
155
436
1170
1853
2495
3122
3422
3223
2764
2647
2863
2777
2645
2686
2036
902
226
-155
-577
-835
-1162
-1829
-2680
-3289
-3427
-3331
-3212
-3127
-3128
-2990
-2613
-2091
-1297
-439
113
575
1250
1977
2732
3536
4211
4747
5136
5371
5736
6128
6049
5640
5330
5124
4927
4687
4381
3931
3228
2546
2218
1966
1623
1239
650
179
-69
-376
-441
-308
-422
-404
-43
140
-576
-2465
-3969
-4168
-4163
-3547
-2255
-2751
-5258
-7279
-7617
-6791
-5650
-4521
-4106
-5416
-6922
-6376
-4605
-2964
-1751
-1409
-1504
-1440
-964
465
2118
2617
2270
2120
2470
2991
3420
4006
4188
3133
1875
1567
1530
1086
594
549
426
-472
-1343
-1763
-2386
-2865
-2613
-2293
-2410
-2788
-3062
-2872
-2354
-1613
-718
-196
-174
-233
-28
531
1282
1982
2523
2767
2666
2496
2469
2612
2820
2814
2445
1833
1206
761
396
-83
-579
-1034
-1537
-1925
-2020
-2087
-2249
-2408
-2423
-2051
-1443
-845
-190
319
570
1062
1858
2647
3375
4005
4419
4494
4581
5085
5486
5434
5317
4962
4292
3845
3713
3718
3542
3010
2339
1450
552
249
140
-144
-368
-875
-1606
-1920
-1829
-1769
-2486
-3907
-4757
-5252
-5561
-4518
-3340
-3971
-5483
-6342
-6301
-5612
-4404
-2931
-2603
-3801
-4396
-3536
-2148
-561
584
895
797
501
812
2123
3128
3150
2803
2452
2330
2252
2273
2617
2370
1202
287
-52
-496
-1109
-1413
-1160
-1248
-2034
-2446
-2499
-2838
-2841
-2192
-1692
-1659
-1617
-1264
-770
-125
808
1549
1718
1722
1771
1987
2622
3240
3494
3387
2710
1925
1706
1797
1780
1521
880
-131
-1158
-1707
-1792
-1867
-2089
-2401
-2764
-2928
-2804
-2528
-2068
-1606
-1371
-1076
-429
240
754
1297
1734
2063
2512
3010
3489
3886
3908
3638
3580
3791
3896
3784
3538
3020
2250
1692
1501
1353
1247
1141
765
345
28
-244
-215
2
97
240
402
355
309
485
985
1624
2106
2120
1008
-733
-1616
-1866
-1843
-1072
-927
-2689
-4925
-6197
-6379
-5797
-4984
-4574
-5415
-7005
-7465
-6387
-4679
-2980
-2111
-2140
-2265
-2018
-898
1026
2554
3008
2795
2818
3525
4228
4714
5255
5013
3754
2903
2931
2821
2060
1452
1261
518
-667
-1351
-1891
-2706
-3071
-2948
-2980
-3284
-3645
-3795
-3633
-3191
-2427
-1658
-1287
-1147
-950
-447
397
1272
1939
2321
2353
2285
2434
2741
3130
3214
2698
2075
1636
1188
897
821
383
-544
-1386
-1797
-2017
-2203
-2164
-2203
-2644
-2884
-2575
-2055
-1462
-903
-513
-180
310
1065
1914
2632
3119
3329
3548
4026
4508
4815
4881
4626
4266
3886
3602
3564
3342
2861
2501
2052
1483
1121
850
612
302
-100
-183
-282
-634
-694
-551
-476
-218
72
87
-590
-1991
-2828
-2849
-2760
-2091
-1334
-2027
-3638
-4694
-4721
-4122
-3426
-2711
-2714
-3938
-4725
-4016
-2807
-1645
-854
-761
-1041
-1230
-673
573
1380
1408
1153
914
1122
1658
2042
2231
1866
862
213
253
349
15
-557
-737
-900
-1454
-1679
-1669
-2129
-2530
-2339
-1997
-1880
-1865
-1691
-1415
-1210
-752
-73
314
559
841
1176
1645
1971
2066
2203
2205
2051
2115
2255
2156
1862
1384
861
485
305
276
27
-533
-1137
-1637
-1819
-1623
-1384
-1279
-1321
-1479
-1506
-1187
-610
-13
400
602
834
1095
1488
2121
2623
2739
2677
2692
2768
2913
3116
3195
2863
2376
2114
1883
1599
1507
1485
1220
908
746
624
482
498
723
911
987
935
809
810
949
1182
1488
1598
1468
1391
1432
1619
1695
965
-393
-1473
-2174
-2432
-1961
-1739
-2889
-4863
-6300
-6659
-6360
-5653
-4996
-5505
-6794
-7180
-6367
-5121
-3834
-2923
-2667
-2727
-2353
-1114
399
1464
2020
2147
2113
2458
3170
3861
4239
4053
3407
2726
2382
2295
2053
1685
1415
824
-126
-774
-1182
-1603
-1756
-1624
-1731
-2221
-2563
-2515
-2218
-1707
-1078
-726
-751
-737
-429
188
913
1504
1752
1690
1533
1557
1840
2234
2462
2328
1929
1385
959
741
661
577
287
-290
-896
-1246
-1451
-1530
-1458
-1440
-1641
-1796
-1617
-1320
-934
-387
14
177
361
806
1454
2059
2526
2822
2869
2894
3113
3405
3580
3536
3212
2822
2570
2353
2266
2161
1749
1139
541
139
-35
-163
-277
-356
-621
-910
-931
-800
-687
-604
-392
-75
51
9
108
273
458
867
1233
1065
127
-995
-1568
-1677
-1446
-1028
-1249
-2550
-3958
-4574
-4467
-4000
-3532
-3485
-4183
-4987
-4873
-3990
-3073
-2331
-1987
-2129
-2122
-1449
-336
563
1011
1145
1158
1417
2148
2945
3319
3278
2883
2422
2298
2459
2457
2101
1768
1531
990
438
196
-152
-683
-995
-1104
-1332
-1671
-1808
-1691
-1605
-1547
-1316
-1151
-1139
-1003
-698
-310
51
282
340
401
625
910
1154
1446
1611
1351
1013
918
939
912
876
768
405
-107
-413
-506
-617
-744
-894
-1168
-1502
-1608
-1468
-1205
-969
-832
-804
-828
-707
-308
284
812
1166
1257
1293
1533
1897
2248
2567
2663
2452
2282
2285
2348
2386
2370
2278
1953
1499
1315
1323
1217
1099
1037
879
573
388
515
703
729
712
655
482
379
492
681
797
782
758
792
785
641
104
-682
-1317
-1782
-1892
-1610
-1659
-2439
-3404
-4037
-4241
-4055
-3557
-3233
-3629
-4221
-4215
-3695
-2934
-2084
-1517
-1360
-1338
-1023
-255
550
1113
1435
1433
1446
1855
2329
2597
2721
2524
2073
1741
1639
1567
1273
943
741
371
-119
-510
-947
-1443
-1706
-1751
-1791
-1929
-2166
-2392
-2475
-2295
-1962
-1681
-1527
-1481
-1518
-1392
-971
-430
46
337
461
465
486
703
1109
1408
1415
1298
1181
1116
1108
1118
1053
766
404
210
127
4
-128
-267
-420
-499
-472
-335
-189
-165
-119
24
218
465
779
1118
1318
1413
1639
1958
2219
2454
2665
2699
2638
2665
2743
2823
2812
2699
2523
2324
2175
2066
1971
1756
1382
1042
849
692
579
495
347
150
-13
-31
22
38
49
54
-43
-122
-87
7
89
50
-69
-293
-753
-1229
-1506
-1739
-1849
-1881
-2173
-2725
-3275
-3641
-3733
-3630
-3535
-3546
-3791
-4062
-4023
-3681
-3132
-2598
-2380
-2301
-2120
-1760
-1187
-588
-136
66
157
365
790
1203
1439
1492
1372
1213
1096
1089
1133
1004
719
477
242
-13
-238
-480
-713
-865
-1001
-1050
-1049
-1085
-1095
-1027
-942
-858
-775
-678
-450
-191
77
362
469
485
689
971
1185
1358
1439
1368
1254
1277
1437
1518
1453
1361
1177
933
807
731
624
513
396
256
182
179
170
169
221
298
322
391
582
743
888
1192
1535
1690
1704
1724
1828
1946
2172
2482
2521
2230
1943
1829
1830
1895
1951
1844
1433
961
675
512
359
250
92
-176
-454
-703
-825
-830
-801
-798
-845
-855
-810
-787
-698
-490
-359
-334
-257
-231
-216
-130
6
77
-138
-547
-949
-1368
-1671
-1735
-1797
-2044
-2449
-2909
-3257
-3401
-3358
-3261
-3277
-3367
-3438
-3383
-3102
-2645
-2293
-2062
-1810
-1565
-1250
-823
-383
-35
203
436
718
904
1086
1266
1290
1276
1273
1261
1189
1051
928
804
681
623
510
274
99
44
-8
-28
-33
-122
-240
-286
-170
94
323
387
376
332
355
588
931
1235
1316
1185
1113
1180
1319
1534
1614
1434
1156
907
798
864
869
673
384
49
-186
-285
-289
-241
-345
-584
-698
-675
-617
-454
-263
-144
-77
-4
172
399
618
888
1110
1232
1350
1500
1642
1782
1900
1984
1981
1890
1807
1684
1565
1503
1424
1262
1013
695
381
164
10
-100
-232
-453
-683
-878
-945
-890
-821
-779
-802
-833
-801
-680
-497
-278
-171
-209
-279
-242
-92
19
93
-4
-361
-774
-1009
-1104
-1085
-1122
-1445
-1919
-2346
-2639
-2714
-2607
-2527
-2629
-2860
-2942
-2867
-2721
-2354
-1960
-1793
-1696
-1469
-1115
-739
-382
-19
300
465
648
905
1105
1213
1257
1307
1318
1322
1388
1359
1176
1046
959
849
773
666
469
240
116
110
136
143
86
-40
-158
-174
-134
-52
2
12
-1
20
122
220
288
357
412
432
462
494
543
590
637
723
779
757
697
638
562
507
491
446
363
269
182
134
106
105
88
55
24
-16
15
116
230
339
476
576
652
771
916
1081
1255
1403
1512
1554
1537
1527
1532
1595
1653
1594
1434
1228
1065
933
822
748
578
271
-38
-242
-344
-406
-486
-587
-745
-885
-876
-803
-770
-758
-786
-819
-768
-707
-630
-526
-459
-459
-465
-487
-595
-743
-874
-985
-1089
-1167
-1262
-1449
-1692
-1890
-1985
-1977
-1980
-2018
-2086
-2182
-2211
-2132
-1993
-1857
-1750
-1634
-1447
-1231
-1010
-758
-586
-472
-308
-82
184
428
600
696
757
836
1037
1212
1217
1180
1160
1149
1178
1248
1278
1147
932
808
736
662
621
518
324
150
21
-32
-2
9
-100
-221
-243
-236
-233
-148
-29
-27
-45
98
250
316
427
543
584
595
659
804
885
856
813
750
665
666
685
619
527
428
355
322
313
354
351
323
344
351
339
407
506
553
628
736
851
922
947
977
969
945
1011
1063
1019
952
868
770
692
661
630
518
286
47
-112
-223
-268
-300
-436
-638
-817
-886
-816
-721
-705
-768
-828
-827
-736
-567
-408
-336
-352
-356
-271
-182
-128
-146
-264
-458
-626
-660
-645
-708
-883
-1093
-1270
-1358
-1412
-1489
-1585
-1718
-1796
-1787
-1693
-1632
-1631
-1580
-1468
-1282
-1076
-911
-793
-694
-560
-340
-59
200
351
442
534
638
804
1003
1138
1148
1058
986
963
963
969
954
871
751
628
549
523
460
366
274
169
105
102
66
-1
-70
-136
-172
-151
-105
-56
-35
-45
-21
-19
11
94
140
195
224
235
274
289
306
293
245
210
194
158
117
123
101
92
141
191
231
271
348
404
455
554
650
720
819
935
1019
1119
1203
1247
1247
1244
1238
1212
1199
1149
1050
939
876
804
686
586
473
286
129
21
-39
-73
-108
-132
-197
-260
-283
-263
-224
-168
-149
-190
-250
-269
-253
-240
-219
-235
-305
-410
-488
-504
-564
-682
-813
-962
-1114
-1206
-1247
-1295
-1387
-1501
-1557
-1593
-1602
-1572
-1529
-1497
-1448
-1359
-1250
-1136
-1012
-901
-786
-613
-434
-281
-210
-142
-72
-12
95
214
267
236
231
234
235
255
296
283
198
134
103
84
59
52
49
-1
-59
-63
-50
-36
-4
37
55
62
84
106
126
179
229
275
327
320
313
354
452
512
503
496
462
403
410
485
515
459
387
338
318
321
328
351
301
232
267
351
444
537
614
649
660
719
832
951
1066
1145
1167
1227
1320
1357
1361
1333
1272
1208
1174
1119
1011
873
718
613
547
462
351
195
46
-79
-191
-278
-370
-454
-536
-563
-557
-566
-580
-628
-687
-682
-635
-564
-505
-539
-593
-642
-659
-611
-586
-624
-724
-846
-985
-1058
-1095
-1138
-1197
-1312
-1413
-1479
-1527
-1542
-1510
-1501
-1476
-1435
-1379
-1283
-1162
-1033
-885
-749
-625
-510
-393
-207
-46
74
193
253
277
336
426
504
525
519
495
428
367
346
314
254
165
85
34
-19
-43
-41
-82
-117
-90
-18
44
107
189
237
286
377
472
561
661
727
775
824
870
906
964
970
932
890
849
829
771
701
650
601
547
498
424
317
223
190
185
177
132
102
81
82
138
206
282
319
348
391
468
559
629
668
682
679
691
717
727
702
638
570
497
417
344
250
122
0
-110
-214
-295
-364
-453
-567
-663
-718
-766
-812
-859
-902
-932
-915
-862
-824
-792
-783
-774
-763
-758
-725
-710
-728
-722
-726
-745
-749
-754
-783
-852
-919
-943
-944
-976
-970
-983
-1021
-1030
-982
-907
-839
-770
-718
-664
-616
-522
-397
-268
-138
-16
77
218
337
417
531
611
697
747
781
814
800
776
792
789
744
688
614
557
494
456
421
360
292
238
169
148
191
207
226
227
220
222
260
352
437
519
572
625
643
684
739
792
834
837
800
741
686
644
606
539
472
347
206
104
45
-12
-76
-116
-176
-242
-258
-236
-210
-181
-141
-70
0
64
144
207
253
301
357
427
457
457
452
460
443
426
426
384
325
244
157
86
4
-99
-185
-271
-354
-430
-505
-558
-637
-729
-779
-807
-859
-914
-971
-991
-996
-980
-946
-943
-961
-967
-931
-896
-857
-802
-757
-742
-716
-668
-594
-539
-491
-473
-468
-427
-375
-294
-239
-187
-189
-206
-184
-166
-134
-68
17
33
47
80
106
144
202
300
344
348
361
358
385
420
457
483
463
430
418
426
441
419
381
321
259
277
304
321
308
279
243
236
285
335
375
386
370
344
371
434
469
474
462
451
442
464
501
523
499
479
464
442
444
433
418
378
336
322
289
258
232
197
169
151
153
132
96
62
40
30
65
88
55
7
-12
3
34
73
90
77
32
20
40
40
35
24
-11
-60
-124
-167
-188
-247
-311
-355
-406
-472
-514
-547
-600
-645
-679
-699
-720
-711
-679
-672
-684
-688
-662
-622
-591
-577
-554
-532
-515
-494
-466
-452
-437
-400
-370
-356
-345
-343
-317
-304
-286
-249
-233
-205
-171
-143
-93
-53
-18
45
98
148
201
253
302
366
431
476
519
533
525
551
556
566
558
523
501
460
439
403
359
343
311
284
254
222
205
199
202
216
223
213
217
241
243
259
292
319
339
353
385
404
410
423
439
452
437
437
452
452
432
399
370
316
263
215
196
171
109
41
0
-30
-59
-67
-93
-122
-153
-167
-187
-185
-181
-185
-143
-114
-104
-118
-120
-104
-98
-102
-129
-143
-196
-221
-207
-236
-291
-352
-407
-471
-522
-561
-621
-687
-736
-768
-787
-813
-822
-823
-809
-768
-730
-687
-651
-589
-518
-457
-358
-269
-200
-129
-52
-7
56
125
178
190
182
208
183
201
223
217
199
152
135
114
71
32
18
1
4
9
5
3
16
41
85
132
180
212
236
283
342
396
456
504
517
531
552
561
566
554
551
543
520
499
460
410
364
331
312
303
281
257
228
203
200
190
171
182
195
192
208
239
263
279
288
300
291
297
299
291
266
222
188
143
119
63
7
-65
-139
-210
-279
-350
-421
-481
-545
-581
-622
-658
-669
-692
-709
-705
-704
-692
-684
-666
-627
-584
-537
-493
-454
-423
-399
-364
-319
-294
-255
-238
-233
-233
-236
-240
-229
-230
-238
-242
-280
-296
-297
-300
-297
-300
-282
-276
-274
-248
-221
-184
-140
-93
-76
-55
-24
33
88
141
183
194
202
232
280
337
389
398
386
378
389
399
413
417
395
371
333
321
315
311
308
273
243
226
227
241
256
274
283
295
324
352
399
440
466
478
506
520
536
555
553
560
542
519
506
476
445
395
357
316
264
233
186
132
87
54
17
-1
-32
-71
-98
-114
-119
-133
-132
-130
-151
-152
-151
-160
-181
-210
-238
-278
-306
-326
-339
-380
-443
-494
-545
-581
-610
-635
-666
-713
-739
-746
-734
-730
-718
-698
-695
-678
-627
-571
-538
-512
-477
-445
-385
-312
-252
-224
-196
-173
-132
-82
-54
-19
-8
-10
-21
7
24
30
23
16
-3
-12
-7
4
0
-14
-9
-14
8
28
45
73
102
107
131
153
200
237
270
324
351
380
387
422
455
466
496
499
494
464
448
445
432
425
396
371
336
295
269
249
227
202
182
183
163
166
170
171
185
195
223
241
258
267
293
309
328
328
337
342
343
345
328
318
282
237
208
182
140
105
57
2
-54
-94
-135
-175
-212
-247
-285
-307
-318
-325
-341
-352
-352
-360
-357
-353
-353
-353
-344
-354
-350
-345
-346
-340
-355
-358
-369
-380
-384
-383
-383
-387
-379
-375
-383
-385
-364
-357
-338
-304
-290
-266
-243
-217
-179
-151
-131
-86
-63
-31
6
40
65
78
108
112
122
136
141
128
126
125
124
119
119
102
84
85
72
77
59
57
50
41
55
67
90
88
97
103
116
144
155
183
205
231
253
268
299
330
348
354
363
351
357
359
367
383
363
333
297
259
243
226
209
168
141
122
86
53
25
15
0
-10
-16
-32
-54
-59
-60
-56
-43
-35
-38
-39
-39
-44
-35
-29
-24
-22
-28
-41
-44
-51
-64
-68
-100
-119
-152
-173
-162
-181
-189
-216
-222
-219
-221
-219
-233
-245
-238
-233
-226
-196
-201
-194
-188
-182
-164
-153
-145
-156
-156
-150
-133
-118
-114
-108
-104
-112
-95
-73
-57
-56
-58
-54
-60
-33
-19
13
27
19
40
63
83
97
114
129
126
138
156
176
193
183
175
182
183
181
168
146
140
127
119
118
100
85
76
74
71
60
55
42
35
52
42
44
47
47
55
58
63
82
90
92
92
87
109
97
97
90
88
82
65
75
71
59
37
13
-4
-22
-20
-27
-30
-42
-63
-48
-42
-31
-22
-30
-32
-22
-16
-9
4
12
5
-3
-5
7
17
12
-5
-23
-30
-54
-61
-68
-76
-90
-104
-118
-129
-123
-128
-142
-143
-148
-148
-138
-130
-112
-103
-77
-70
-50
-25
-13
-3
3
34
41
35
36
38
35
40
58
44
37
16
-4
-9
-18
-14
-27
-25
-38
-49
-36
-21
-13
-6
-7
-2
13
24
37
54
85
89
93
109
128
140
148
154
151
150
145
133
121
113
91
78
72
64
35
9
-7
-36
-55
-62
-87
-98
-94
-106
-116
-121
-118
-116
-109
-99
-95
-92
-95
-88
-63
-27
-14
6
12
11
30
49
72
72
78
66
63
82
90
94
83
76
58
47
52
47
45
33
28
24
16
29
23
21
32
24
28
34
36
23
27
35
24
38
35
11
10
9
0
-8
-19
-35
-60
-71
-77
-90
-101
-100
-124
-133
-128
-124
-117
-119
-117
-111
-96
-71
-54
-41
-21
-9
27
31
39
48
62
63
60
81
76
68
59
57
40
32
32
15
-13
-30
-40
-56
-54
-58
-67
-65
-77
-84
-89
-70
-69
-65
-51
-60
-29
-8
2
20
34
46
52
65
73
70
86
100
100
100
104
93
89
90
74
63
50
42
40
27
13
2
2
-17
-36
-35
-43
-42
-43
-54
-59
-55
-48
-32
-11
-6
-3
-5
0
26
44
53
67
78
63
65
72
73
75
70
56
34
30
9
-4
-11
-25
-47
-62
-81
-85
-97
-103
-115
-115
-109
-120
-125
-108
-105
-96
-87
-78
-72
-72
-59
-53
-27
-21
-29
-38
-46
-42
-41
-49
-47
-56
-64
-76
-93
-97
-94
-106
-109
-115
-111
-105
-95
-71
-84
-54
-45
-29
-4
-5
26
34
55
70
84
96
114
134
128
130
137
124
115
122
115
109
100
93
96
81
60
52
35
29
25
21
10
5
19
19
10
18
17
31
32
35
53
49
51
59
67
76
78
72
79
76
74
65
56
52
51
28
26
13
5
1
-23
-25
-47
-50
-50
-56
-61
-85
-84
-79
-80
-74
-66
-63
-53
-45
-35
-30
-27
-15
-9
-1
4
17
16
14
16
8
6
9
4
-9
-26
-38
-44
-44
-55
-69
-70
-86
-78
-88
-98
-93
-95
-82
-95
-84
-79
-66
-57
-55
-35
-40
-21
-4
4
-1
2
13
15
22
23
16
17
10
16
15
-3
-9
-16
-23
-29
-19
-23
-31
-41
-47
-36
-29
-11
-14
-16
-13
-8
13
24
36
49
54
58
66
87
91
103
106
88
94
89
86
86
75
71
44
29
18
7
-11
-28
-44
-57
-69
-80
-83
-104
-104
-105
-102
-100
-94
-88
-87
-81
-78
-54
-44
-32
-9
-14
-7
7
16
34
28
36
36
38
44
42
38
32
31
26
20
19
29
13
13
15
12
22
15
13
20
23
25
36
36
37
41
39
44
49
54
48
45
39
41
41
31
32
24
23
17
9
2
-5
1
-11
-21
-22
-23
-21
-31
-36
-31
-34
-34
-29
-22
-27
-28
-26
-19
-15
-12
-19
-16
-9
-2
7
-3
-3
2
3
0
-8
-2
-3
-13
-16
-15
-10
-10
-16
-27
-31
-23
-25
-39
-36
-47
-36
-27
-19
-14
-21
-20
-23
-3
-1
-7
4
0
8
19
21
26
32
35
25
18
13
23
23
22
16
8
10
12
17
9
-1
5
-4
-1
3
7
12
7
11
14
27
34
36
32
37
46
50
57
58
63
71
62
68
80
74
72
71
76
72
64
59
50
57
61
49
43
41
33
24
17
23
18
8
-4
-21
-18
-10
-15
-21
-25
-25
-39
-27
-31
-41
-34
-42
-36
-35
-26
-29
-30
-28
-30
-31
-31
-26
-30
-35
-29
-38
-35
-43
-43
-46
-42
-40
-54
-50
-60
-67
-64
-57
-58
-59
-58
-63
-59
-49
-49
-40
-33
-38
-38
-33
-22
-15
-9
-4
-3
-1
4
5
10
14
15
11
5
11
18
11
8
9
16
15
15
8
10
17
14
25
22
15
21
26
45
47
49
50
53
68
56
63
68
75
75
76
72
70
80
74
70
67
63
53
49
45
42
42
30
27
31
21
23
19
11
20
15
12
11
11
20
16
21
21
16
21
13
21
24
13
7
12
-5
-8
-4
-13
-16
-29
-34
-41
-48
-45
-59
-64
-61
-71
-73
-73
-69
-72
-63
-66
-60
-52
-53
-46
-46
-34
-32
-22
-19
-6
-16
-2
3
6
9
-1
4
-3
2
4
-7
-3
-5
-27
-17
-22
-18
-27
-37
-46
-39
-36
-43
-41
-52
-43
-43
-42
-36
-32
-30
-34
-33
-29
-20
-17
-17
-8
-9
-6
-10
9
5
6
2
2
10
16
17
11
19
6
29
21
22
31
25
30
30
28
28
33
34
36
37
46
43
44
34
23
41
43
35
33
15
26
34
31
26
20
18
9
9
10
8
16
-3
-4
5
9
8
2
1
-4
-3
-2
-10
-5
-2
-4
1
-8
2
-2
-6
-10
-15
-13
-11
-5
-7
-14
-13
-12
-4
-1
-8
-7
-6
-10
-4
-3
1
11
4
1
0
8
15
10
5
6
1
6
8
3
3
-12
-10
-2
-6
-5
-18
-21
-26
-20
-15
-25
-25
-30
-28
-27
-11
-18
-17
-14
-21
-9
-13
-8
-5
-4
-7
-5
1
-1
3
-4
-5
-5
-6
-16
-26
-18
-21
-25
-28
-36
-34
-28
-40
-41
-42
-49
-42
-38
-37
-31
-36
-24
-24
-12
-2
-14
-9
-3
10
13
20
16
16
18
24
33
33
26
13
13
17
21
17
4
5
1
8
2
-3
-7
-8
-4
-5
-4
-5
-7
2
9
7
6
12
12
17
24
20
33
21
30
23
26
36
31
22
20
27
20
25
8
9
9
13
15
-2
4
3
9
10
10
7
11
17
16
23
22
28
34
34
44
37
44
45
39
47
47
45
41
30
33
29
27
21
12
3
-1
-5
-16
-11
-24
-32
-39
-34
-39
-43
-40
-56
-40
-38
-47
-38
-43
-35
-39
-32
-26
-27
-14
-18
-19
-15
-12
-9
-9
-13
-12
-13
-12
-10
-16
-24
-14
-19
-18
-14
-30
-21
-29
-25
-20
-21
-15
-20
-13
-4
-4
-3
0
0
13
24
17
15
21
29
35
30
33
28
26
36
29
26
22
16
16
11
15
9
1
3
-1
1
-8
-5
-9
-6
-1
-5
8
2
4
6
13
24
22
25
16
24
32
38
39
26
32
28
34
32
26
20
9
16
15
6
3
-3
-5
-2
-2
-16
-13
-19
-10
-7
-11
-10
-12
-3
-7
-4
3
4
11
12
3
7
16
14
13
9
2
12
8
3
-4
-6
-7
-7
-10
-25
-35
-24
-27
-31
-29
-46
-39
-34
-28
-31
-42
-33
-34
-28
-25
-24
-18
-14
-10
-12
-3
0
-1
-5
-2
3
-1
4
0
0
3
0
-4
-2
-2
-11
-4
-11
-7
-10
-12
-7
-5
0
-8
1
-4
9
8
4
11
15
22
19
26
30
26
32
32
26
41
30
21
31
21
27
23
15
16
9
12
3
4
3
3
-8
-5
-10
-1
2
-6
2
-6
5
11
14
9
13
19
28
29
29
27
29
42
42
40
34
40
31
39
36
31
26
22
20
18
19
15
6
5
0
-5
-2
-7
-9
-13
-15
-13
-14
-14
-16
-25
-17
-13
-20
-15
-25
-20
-20
-24
-19
-26
-21
-21
-30
-32
-36
-29
-30
-35
-34
-41
-38
-33
-43
-44
-35
-37
-37
-39
-43
-35
-24
-29
-35
-31
-26
-19
-11
-19
-19
-19
-5
-10
-1
-10
-12
0
-4
10
0
-3
-2
2
6
8
4
7
8
8
13
12
20
19
18
20
21
23
27
30
24
32
34
34
38
36
34
33
38
35
30
35
36
35
40
34
27
37
33
30
29
27
29
31
32
32
26
29
33
27
31
29
23
25
31
21
30
24
18
23
13
17
11
15
8
4
8
-1
5
5
-5
-3
-13
-9
-4
0
-10
-16
-6
-14
1
-8
-17
-14
-8
-15
-11
-12
-18
-12
-18
-16
-19
-22
-23
-29
-31
-31
-31
-34
-34
-35
-39
-41
-43
-36
-43
-43
-42
-46
-32
-33
-38
-35
-38
-27
-25
-32
-27
-29
-20
-18
-22
-21
-15
-15
-15
-17
-20
-12
-15
-11
-17
-12
-9
-11
-10
-9
-6
-2
-6
-5
5
9
13
11
15
20
26
24
24
34
36
35
36
41
44
45
40
30
45
49
33
37
21
33
39
26
30
16
22
19
13
14
9
13
12
8
18
12
14
16
8
11
18
14
14
24
16
26
24
16
26
23
18
21
14
13
21
13
10
10
6
5
7
-6
-5
-4
-5
-13
-12
-10
-16
-5
-14
-15
-17
-11
-17
-11
-11
-17
-4
-13
-9
-1
-16
-5
-8
-17
0
-9
-12
-8
-21
-8
-9
-18
-14
-25
-21
-17
-23
-18
-22
-16
-26
-15
-15
-21
-14
-19
-14
-5
0
-16
-6
3
3
5
6
-11
9
8
0
13
1
8
7
5
1
6
1
-7
0
-4
-1
-3
-7
1
-3
0
-2
-9
3
-3
2
5
5
9
10
11
16
10
19
13
11
23
9
17
17
13
12
12
6
10
1
-7
1
-2
-3
-5
-16
-9
-8
-12
-17
-16
-10
-19
-9
-15
-6
0
-6
-8
-1
7
0
10
2
11
17
11
17
14
22
14
15
9
15
17
6
12
4
11
5
9
-2
-3
0
-6
2
-10
-1
-6
0
-3
-3
1
0
3
-3
1
5
8
6
9
8
12
16
2
7
7
15
7
2
3
1
11
2
-3
-10
-6
-4
-5
-8
-11
-14
-10
-8
-6
-15
-12
-9
-12
-6
-9
-8
-3
1
-6
-2
3
3
-3
-2
-6
4
7
-4
-6
-3
2
-2
-4
-16
-11
-7
-10
-15
-15
-17
-13
-10
-15
-16
-18
-18
-13
-13
-11
-14
-14
-8
-5
-5
-7
-3
-6
-3
-2
0
-2
5
-1
0
5
7
1
-4
4
3
8
5
1
1
10
13
9
8
11
11
17
21
16
21
21
25
28
28
24
28
29
31
37
23
29
35
27
27
28
20
21
25
14
14
15
15
7
15
10
0
6
-2
8
3
-4
-4
3
7
3
4
-6
0
16
-2
-5
1
0
6
5
-2
-3
2
2
-2
-7
-4
-7
-17
1
-18
-12
-13
-19
-12
-19
-14
-23
-23
-15
-19
-24
-19
-23
-20
-18
-19
-15
-23
-17
-12
-15
-16
-11
-18
-18
-6
-19
-18
-9
-11
-12
-12
-10
-13
-9
-9
-17
-14
-10
-15
-15
-6
-13
-8
-6
-14
-1
-5
-11
-6
-8
-9
2
-3
-6
1
1
1
4
7
2
-1
13
3
9
13
7
10
15
13
10
17
13
17
14
15
18
21
12
17
17
17
21
13
16
19
22
23
10
22
18
16
23
6
15
17
19
19
14
22
13
20
16
11
19
6
17
12
10
13
11
12
7
10
7
-1
7
4
-10
2
-1
-6
-1
-8
-16
1
-9
-8
-13
-16
-3
-14
-6
-17
-12
-7
-13
-7
-9
-12
-5
-6
-10
0
-7
-14
-5
-5
-13
-7
-10
-12
-5
-4
-11
-14
-9
-5
-19
-13
-12
-20
-9
-13
-15
-7
-8
-10
-9
-9
-4
-12
-7
-9
-10
-3
-2
-7
0
-4
-3
1
-4
-6
-2
-8
-4
0
-7
-5
-1
-3
-9
2
0
-3
6
1
-3
5
4
9
5
10
7
11
21
17
18
20
21
24
24
20
20
20
23
19
18
24
21
21
21
16
16
13
13
7
9
8
6
5
9
8
10
6
4
8
2
11
0
7
8
-2
10
8
10
8
3
7
0
14
3
-10
3
-3
-1
-4
-10
-7
-8
-7
-14
-14
-10
-12
-18
-18
-19
-13
-18
-19
-18
-14
-13
-12
-13
-13
-4
-13
-14
-9
-12
-10
-10
-10
-10
-11
0
-12
-10
-1
-18
-12
-11
-16
-12
-15
-19
-8
-15
-10
-6
-14
-9
-6
-11
-9
-5
-2
-10
0
5
-7
17
1
4
11
4
9
13
7
6
7
6
20
4
6
9
3
9
12
3
1
6
5
1
4
3
1
0
8
8
5
9
3
17
7
11
8
2
13
17
7
13
8
12
18
15
11
7
2
13
7
4
9
-10
5
10
3
-3
3
-4
-2
4
-3
-8
-3
3
-8
-2
7
-12
6
-1
-6
6
-8
3
-8
0
-6
-8
-1
-9
-10
-4
-11
-13
-6
-19
-12
-13
-14
-22
-16
-20
-17
-13
-23
-14
-14
-18
-12
-12
-13
-10
-16
-8
-13
-4
-6
-8
-4
-4
1
0
2
-7
-1
0
-3
1
-2
-5
-4
4
-1
-5
3
-5
-2
-2
-1
-3
-8
6
-8
0
6
-1
3
0
9
4
7
7
-1
14
13
1
7
8
10
11
13
0
7
17
6
7
8
-4
11
4
-2
5
6
0
7
6
-2
9
5
1
2
7
0
4
6
10
4
8
10
8
14
8
2
7
6
7
6
2
6
2
8
4
2
2
3
-2
-3
1
-7
-3
-4
-6
-4
-1
-6
-2
-5
-5
3
-7
-4
-3
-4
1
-6
-2
-5
0
6
-2
-2
-4
0
3
-4
-2
-7
-9
4
-7
-1
-4
-5
0
-4
-2
-9
-3
-7
-7
-5
-3
-4
-6
3
-5
1
-2
-3
-2
0
0
-7
-1
-4
5
-5
0
-2
1
1
-6
2
-9
-1
-7
-8
-5
-1
-5
-10
-1
-3
-3
-6
-2
-9
0
-1
-11
3
1
-2
-5
4
1
1
10
-5
5
6
4
1
7
4
0
7
4
10
2
5
4
8
6
-2
2
2
9
0
-7
8
5
8
-1
-4
8
10
3
-2
2
4
13
-2
1
12
3
14
0
4
10
8
3
5
4
6
6
-3
9
3
6
3
-6
12
-1
4
-4
-7
8
1
0
-6
2
0
4
-3
0
1
5
1
-7
4
4
4
-7
3
-1
5
8
-8
-4
7
-2
-1
-2
-6
-6
0
-6
-4
-7
-5
-7
-3
-7
-9
-9
-13
-2
-11
-12
-10
-6
-12
-1
-10
-9
-7
-8
-4
-14
1
-16
-5
-4
-7
-8
-8
-5
-6
0
-11
-7
-6
-2
-5
-13
-6
-1
-3
-10
-1
-8
3
3
-8
1
-2
6
-2
-3
6
0
2
8
1
5
14
2
5
10
4
4
11
2
7
7
4
9
9
9
3
9
4
12
4
2
5
6
10
1
10
1
7
12
1
10
5
4
7
6
7
4
10
-2
13
6
4
9
0
8
2
8
-3
7
-2
1
3
2
3
-4
-1
0
4
2
-12
-7
1
-3
-2
-9
-9
-5
3
-4
-7
-8
-7
1
-10
-7
-8
-10
-2
-11
-5
-7
-11
-3
-8
-8
-9
-10
-9
-12
-9
-7
-13
-8
-8
-12
-3
-10
-11
-5
-8
-10
-6
-5
-11
-4
-5
-5
-5
-1
-2
-9
3
-2
1
-1
-2
-1
-2
2
6
-3
-1
4
1
6
-2
1
1
1
3
4
-5
0
7
-2
5
4
-6
10
5
-2
7
-2
4
6
8
1
2
9
13
4
4
9
2
12
9
-3
7
7
6
8
-2
10
5
1
14
-7
4
8
-4
3
8
-5
-3
13
-2
2
2
3
-7
8
5
-6
4
-1
4
-4
5
-1
-2
4
-2
2
-1
2
1
-7
2
-3
-3
2
-10
-2
-7
3
-1
-9
0
-10
0
1
-10
-7
-7
-1
2
-12
-3
-3
-2
3
-8
-6
-2
-3
0
-4
-10
2
-4
-5
1
-2
-3
-6
-1
-4
-1
-1
-6
-1
-4
-1
1
-7
6
-3
-2
4
-4
10
-5
-4
9
-5
8
2
-5
5
8
3
4
4
2
4
4
4
-5
4
3
4
0
3
-1
0
6
5
-6
-5
7
-6
5
-4
-2
0
2
6
-3
2
1
3
0
-1
0
1
0
0
0
-4
4
4
-6
2
-1
-5
6
-7
-8
-1
-1
0
-6
-4
-2
1
-2
0
-8
-4
5
-5
-7
1
-5
-4
1
-3
1
0
0
-7
8
0
-1
-4
-8
6
0
2
-8
-4
8
2
-2
-1
-7
3
-3
-1
-6
-1
0
-2
3
-3
5
-1
1
-1
3
2
-1
2
-1
2
