SAMPLES:	12279
BITSPERSAMPLE:	16
CHANNELS:	1
SAMPLERATE:	16000
NORMALIZED:	FALSE
20
4
-1
18
8
15
6
13
10
2
2
2
8
7
4
16
22
16
11
14
12
7
13
11
10
2
7
4
5
14
10
6
-2
5
-2
8
15
15
18
13
4
15
8
5
14
1
-3
-6
6
5
-1
-4
6
0
2
10
-4
12
8
0
1
-3
-5
-3
1
0
-4
-2
4
0
10
-10
-8
0
-3
-9
4
7
-9
-10
-7
-6
-3
0
4
-2
3
-3
0
2
-6
-10
-9
-6
-18
-14
-10
-3
2
-9
-2
6
-10
-1
-5
0
-6
-7
0
1
-7
-10
-13
-7
-6
-16
-5
-9
3
-3
-6
3
-8
-5
-4
-7
-4
-13
1
1
-15
-12
4
2
-6
-2
-5
5
-3
-9
1
-7
-12
-10
-16
-7
1
-6
1
2
1
4
0
7
-4
-12
-1
-9
-13
2
5
3
3
9
8
-3
0
7
2
-1
-7
4
13
0
7
1
-8
0
2
7
4
0
7
16
6
-1
2
-4
9
12
8
-1
11
-4
-5
-5
-6
6
-2
7
-2
-5
-1
-1
10
4
-11
-3
2
2
0
-4
-7
-6
-5
-2
-5
-10
4
-10
-18
3
-9
-7
-15
-19
2
-11
-5
-13
-14
-6
-15
-4
-13
-13
-9
-8
-14
-16
-20
-14
5
-4
-9
-19
-16
-5
-12
-4
-21
-10
1
-13
-5
-13
-8
-2
-16
-12
-7
-9
-4
-5
-5
-7
-10
-5
-4
-9
-1
2
-1
-1
-9
4
9
-6
-3
-3
-8
-6
-6
-2
3
-2
-7
10
5
-11
0
-2
-1
8
4
11
10
-4
1
1
3
3
-2
1
10
17
1
-3
14
-6
-3
-1
-4
0
-2
8
2
1
3
6
10
5
4
3
6
-7
-2
1
-13
0
2
4
7
-2
-15
-13
-5
-1
-4
-3
-6
-4
-9
-7
-5
-18
-9
-2
-4
-15
-16
-4
-6
-1
-5
-6
-8
-16
-12
-8
-14
-23
-13
-17
-13
-13
-10
-13
-27
-22
-10
-10
-14
-10
-11
-5
-9
-7
-10
-12
2
-6
-10
-5
-11
-11
-14
-12
-6
-14
-12
-9
-4
-3
-3
-1
0
-12
9
-6
0
16
-5
7
10
3
1
2
5
6
-2
-1
4
3
2
1
7
6
-1
7
3
7
6
7
7
13
15
6
12
-2
5
-3
1
6
12
9
7
12
11
12
13
8
-5
4
-9
-8
-10
-7
4
7
4
-1
18
11
7
6
2
-1
-3
6
0
-1
6
7
3
2
10
-2
-4
-4
-5
-4
-1
-4
-9
-8
0
7
8
7
11
7
15
15
-3
2
2
0
-13
1
-7
-13
6
7
4
5
1
4
1
-14
2
-2
-9
5
6
-11
8
9
-9
-3
10
12
-9
2
-3
-5
-1
-9
-14
-9
1
0
3
-13
-3
-3
-15
-11
-3
-2
3
-5
-2
5
6
-7
3
13
-12
-8
-11
-17
-1
-13
-15
-6
-6
2
-11
-8
12
12
8
-2
-15
-1
0
-9
2
12
0
17
10
-14
-3
6
-3
-15
3
-1
1
1
-5
13
16
13
12
18
13
4
4
5
-2
4
18
5
6
13
4
3
5
1
7
3
4
14
13
13
15
12
17
1
-1
15
15
16
4
10
8
3
3
4
3
1
0
-1
0
16
22
14
15
13
6
0
-4
-9
3
-1
8
12
9
7
26
14
-1
3
0
-4
-13
-7
-13
-3
-2
5
15
12
11
12
-1
2
-7
-8
3
8
1
2
17
5
-2
1
-11
-8
-1
2
-1
-5
3
-1
-1
5
3
10
5
2
6
3
6
1
-5
0
5
-4
7
8
7
11
-7
0
-4
-4
-5
-4
0
4
1
11
13
-1
-4
-1
-11
-4
18
9
9
6
0
12
13
-3
-16
-22
-14
-9
-4
-11
2
10
14
20
7
3
5
-4
-13
-3
-10
-8
-8
-3
11
7
10
8
3
1
-5
-7
-10
-11
-7
11
-2
-5
12
5
14
-2
0
-9
-9
-4
-3
9
7
19
22
11
5
3
-10
-1
2
0
-9
-11
-4
5
12
8
11
11
10
0
2
7
14
1
-14
-2
0
8
6
11
5
-4
2
0
-1
0
4
-4
-7
-3
-6
-6
-2
8
16
9
10
-2
-15
-14
-6
0
4
10
28
26
14
13
2
-27
-51
-42
-32
-23
10
39
52
73
66
34
-6
-51
-70
-85
-68
-31
12
55
94
122
112
68
-19
-94
-143
-168
-154
-89
15
118
196
225
190
99
-20
-130
-217
-263
-229
-136
-10
115
204
253
217
130
6
-133
-223
-268
-234
-136
5
142
229
249
197
91
-53
-185
-269
-287
-215
-102
44
177
260
273
194
72
-94
-213
-279
-279
-187
-52
113
219
272
246
160
16
-145
-251
-297
-266
-155
2
146
259
298
253
139
-12
-153
-258
-288
-235
-120
16
159
253
271
230
116
-27
-162
-239
-263
-206
-85
42
152
212
225
160
68
-47
-147
-190
-198
-152
-50
67
156
190
176
109
14
-85
-155
-182
-157
-88
0
97
152
161
121
50
-49
-124
-161
-159
-110
-35
50
130
177
156
98
15
-69
-143
-182
-162
-92
-7
74
139
154
135
74
-16
-90
-156
-179
-143
-62
26
92
153
163
126
58
-27
-100
-161
-171
-118
-59
27
99
142
144
104
46
-40
-100
-141
-133
-85
-27
45
98
124
119
87
28
-42
-92
-128
-110
-70
-15
40
84
109
101
67
18
-37
-78
-89
-97
-47
2
32
72
79
58
40
-1
-44
-72
-84
-61
-34
8
48
79
74
66
32
-9
-42
-80
-82
-57
-18
28
53
71
73
48
11
-43
-61
-76
-75
-34
12
51
71
87
75
46
7
-40
-68
-76
-51
-32
-6
27
67
71
52
14
-17
-46
-62
-56
-42
2
16
35
60
57
34
18
-20
-41
-52
-42
-22
-11
11
29
36
19
19
0
-21
-34
-32
-10
5
23
24
28
23
18
-4
-16
-20
-23
-13
-11
11
24
33
31
11
7
-21
-37
-28
-22
-9
2
17
34
21
15
-4
-13
-28
-34
-14
-15
-5
1
20
28
21
9
-1
-23
-22
-23
-30
-2
5
9
11
4
-5
-6
-9
-11
-2
-3
1
24
24
15
18
11
-2
-7
-10
-9
-7
-11
14
16
19
13
-2
3
-11
-14
-17
-8
7
8
8
19
15
13
0
-7
-11
-14
-12
-15
-13
1
14
17
17
4
-9
-21
-17
-23
-23
-2
0
21
29
18
13
-1
-10
-22
-24
-25
-10
5
24
31
24
28
32
9
-14
-20
-32
-29
-8
3
11
27
11
9
-5
-21
-19
-22
-19
-14
1
15
41
33
10
5
-31
-40
-49
-49
-33
-21
4
9
16
29
29
6
-21
-41
-50
-54
-49
-27
-6
6
30
54
42
20
5
-6
-35
-43
-38
-44
-8
4
15
46
29
31
14
0
-13
-22
-16
-34
-14
6
20
37
34
26
6
2
-5
-4
-7
-20
-7
4
3
1
9
11
-4
-8
-10
-12
-1
1
17
26
21
11
-11
-17
-23
-30
-18
-20
4
30
40
32
32
23
6
-12
-26
-32
-39
-26
-2
19
40
51
42
38
13
-14
-39
-56
-39
-36
-15
22
42
54
53
37
19
-2
-18
-38
-52
-36
-25
-4
8
31
45
36
19
4
-19
-38
-33
-37
-20
7
34
44
40
36
27
6
-10
-29
-40
-38
-29
3
16
22
41
40
36
6
-16
-13
-26
-35
-18
-1
14
31
29
40
43
13
-6
-18
-40
-48
-53
-26
-1
19
30
49
42
21
10
-10
-21
-41
-38
-25
-8
-3
29
29
26
31
3
-12
-27
-31
-32
-26
-21
-5
5
20
33
21
20
26
16
-1
-14
-16
-14
-14
-9
-19
-26
-8
-1
0
-1
13
28
22
19
28
19
2
-2
-17
-28
-31
-17
-9
6
25
32
29
27
8
-1
-3
-5
-15
-11
0
6
19
16
14
6
11
4
-15
-6
-5
1
19
24
38
30
15
19
-8
-19
-25
-32
-29
-19
1
9
32
25
23
34
29
17
9
9
-4
-10
-20
-10
-18
-23
-20
-17
-22
-26
2
7
16
24
25
28
31
31
15
4
-17
-21
-33
-34
-31
-28
-16
-17
3
-1
1
-3
15
20
30
42
58
64
63
68
48
39
20
10
-22
-33
-41
-50
-51
-40
-53
-54
-54
-59
-29
-19
29
70
101
146
169
158
124
67
-10
-83
-146
-194
-206
-200
-154
-80
-11
70
136
173
198
207
186
135
78
21
-46
-91
-128
-152
-153
-134
-108
-70
-48
-50
-61
-98
-136
-152
-144
-88
17
149
312
441
502
484
352
88
-222
-545
-850
-939
-864
-669
-270
182
565
892
1037
945
702
349
-60
-387
-593
-669
-546
-332
-83
156
302
299
193
37
-181
-316
-326
-245
-33
255
519
691
751
693
461
149
-151
-400
-539
-560
-431
-258
-66
136
273
307
236
162
81
-2
15
51
73
101
80
5
-123
-288
-441
-550
-589
-511
-335
-107
120
326
480
503
441
262
33
-183
-368
-460
-479
-404
-274
-130
-17
66
109
93
46
-12
-45
-56
-38
11
43
82
117
101
56
-2
-62
-136
-172
-174
-174
-145
-106
-74
-16
25
57
95
131
182
200
229
219
191
137
54
-32
-137
-198
-208
-184
-113
5
120
247
313
326
282
179
61
-83
-192
-257
-267
-223
-137
-28
73
137
177
168
130
80
32
17
25
71
129
196
228
244
223
145
37
-70
-187
-278
-311
-296
-233
-139
-17
99
203
273
291
284
256
201
128
42
-40
-115
-166
-217
-263
-275
-287
-283
-254
-231
-162
-76
6
96
193
261
294
314
258
181
109
-4
-101
-166
-206
-220
-199
-148
-128
-96
-87
-104
-114
-134
-141
-107
-103
-67
24
69
120
151
134
85
37
-3
-45
-50
-25
17
59
113
175
210
196
160
139
84
47
67
91
103
151
176
175
171
120
41
-45
-117
-171
-190
-154
-76
28
137
292
428
480
508
494
433
308
232
137
17
-35
-33
-19
-13
46
97
66
21
-30
-149
-241
-259
-249
-191
-64
93
232
285
210
15
-326
-751
-1136
-1411
-1545
-1458
-1135
-650
-74
530
1012
1316
1389
1219
905
474
25
-313
-526
-616
-560
-422
-248
-160
-197
-351
-558
-821
-1042
-1089
-968
-708
-300
209
681
1057
1287
1326
1159
884
542
196
-75
-300
-441
-469
-466
-444
-394
-352
-357
-381
-370
-321
-205
-60
117
325
507
663
816
876
797
657
449
117
-243
-602
-1007
-1339
-1604
-1746
-1659
-1464
-1092
-563
-74
394
886
1226
1375
1489
1445
1270
1114
924
708
513
281
-5
-252
-470
-639
-726
-785
-740
-552
-348
-58
338
642
868
1106
1215
1176
1114
1054
918
701
592
581
513
411
383
271
-5
-209
-376
-563
-673
-703
-604
-315
109
672
1412
2085
2598
2948
2961
2609
1826
387
-1272
-2876
-4616
-5822
-6099
-5942
-5299
-3821
-1973
-217
1418
2755
3619
3750
3293
2864
2298
1328
623
349
-78
-469
-503
-656
-1145
-1785
-2534
-3193
-3664
-3959
-3731
-2964
-1991
-760
699
2110
3208
3746
3871
3767
3212
2238
1413
714
-274
-1176
-1554
-1786
-2206
-2382
-2176
-2100
-2135
-1757
-1068
-580
-59
774
1561
2117
2622
3083
3215
2919
2440
1981
1304
520
-86
-745
-1457
-1979
-2508
-3051
-3353
-3653
-3955
-3718
-3043
-2334
-1108
510
1929
3244
4385
5128
5284
4771
3917
2855
1327
-158
-1120
-2002
-2738
-2815
-2562
-2348
-1844
-1117
-594
-221
210
624
907
1206
1692
2142
2457
2841
3227
3245
2973
2625
1932
889
-115
-926
-1705
-2331
-2431
-2219
-1936
-1218
-245
515
1250
1911
2123
2190
2283
2183
2120
2256
2404
2548
2544
2269
1633
96
-2207
-4316
-6562
-8987
-9974
-9684
-9089
-7243
-4090
-850
2215
4895
6889
7890
7403
6124
4913
2899
380
-1151
-2267
-3435
-3770
-3557
-3483
-3438
-3618
-3988
-4021
-4046
-4075
-3335
-2164
-861
835
2696
4537
5944
6303
6272
6084
4759
2828
1378
-283
-2495
-4086
-4718
-5112
-5383
-4923
-3782
-2795
-1911
-487
983
1787
2325
2961
3241
3122
2986
2871
2507
1852
1315
873
305
-279
-870
-1593
-2259
-2860
-3396
-3548
-3501
-3448
-2979
-2107
-1208
-57
1229
2243
3026
3601
3940
4054
3797
3309
2824
2138
1471
1247
1127
896
964
1171
1166
1189
1295
1155
736
289
-26
-221
-293
-84
361
940
1626
2406
3264
3864
3888
3586
3171
2355
1378
644
69
-463
-1045
-1313
-1205
-1781
-3122
-4023
-5044
-6921
-7872
-7355
-6868
-5998
-3830
-1050
1620
3801
5680
7167
6892
5172
3831
2041
-932
-3288
-4682
-5918
-6439
-6116
-5207
-3881
-3154
-2918
-2098
-1489
-1747
-1635
-1021
-637
-207
608
2040
3632
4219
4527
5442
5406
4074
3149
2272
198
-2101
-3469
-4290
-5066
-5353
-4582
-3266
-2204
-958
876
2237
2546
2473
2281
1628
680
42
-129
-178
-215
149
805
1235
1186
774
87
-1082
-2467
-3445
-4042
-4403
-4170
-3229
-1843
7
2041
3765
5191
6054
6163
5840
5241
4219
3035
1956
982
356
54
-29
180
436
479
656
860
723
667
710
519
475
893
1356
1908
2840
3670
4256
4833
5095
4971
4575
3826
2956
1990
871
98
-397
-1247
-1990
-2676
-4348
-6300
-7737
-9497
-11041
-11171
-10601
-9455
-6972
-3683
-82
3425
6199
8396
9540
8947
7608
5853
2858
-484
-3115
-5311
-6834
-7327
-7115
-6273
-5230
-4580
-3731
-2755
-2582
-2715
-2456
-2232
-1997
-1300
-14
1742
3323
4680
6455
7863
7866
7285
6379
4112
922
-2034
-4843
-7559
-9540
-10352
-9984
-8686
-6738
-4021
-851
1870
3987
5848
7058
7148
6605
5873
4795
3288
1875
903
26
-996
-1779
-2148
-2740
-3563
-3919
-3975
-4104
-3827
-2894
-1572
-4
1733
3713
5539
6634
7344
7760
7362
6349
5296
4101
2757
1743
1126
882
888
1009
1371
1821
1935
1804
1625
1072
267
-354
-696
-844
-832
-322
824
2189
3723
5554
7061
7783
7801
7020
5316
2463
-1688
-6302
-10654
-14861
-17936
-18720
-17950
-16198
-12756
-7881
-2670
2200
6525
10028
11719
11500
10685
9311
6561
3367
590
-2088
-4393
-5757
-6332
-6526
-6743
-7009
-6898
-6509
-6192
-5717
-5116
-4461
-3532
-2410
-807
1413
3354
4761
6488
8087
8662
8650
8204
6537
3672
580
-2316
-5162
-7672
-9186
-9660
-9329
-7811
-5208
-2311
602
3297
5254
6480
7121
6924
5870
4322
2613
988
-387
-1135
-1299
-1448
-1554
-1343
-1152
-1268
-1422
-1680
-2190
-2634
-2660
-2161
-1206
149
1832
3583
5301
6935
8120
8609
8484
7667
6212
4730
3399
2039
973
402
155
257
796
1515
1921
1808
1421
732
-309
-1171
-1687
-2080
-2045
-1156
386
2283
4418
6388
7641
7975
7450
5950
3072
-1149
-5985
-11058
-15785
-18912
-20073
-19560
-17254
-13329
-8259
-2579
2976
7841
11356
12935
12866
11563
9102
5829
2180
-1533
-4728
-6918
-8058
-8101
-7340
-6482
-5742
-4865
-3999
-3481
-3198
-2978
-2946
-3131
-2982
-1991
-659
620
2378
4423
6046
7293
8252
8349
7147
4939
2339
-518
-3588
-6139
-7751
-8680
-8692
-7324
-4900
-2096
842
3583
5624
6787
7082
6584
5401
3641
1630
-152
-1493
-2249
-2446
-2207
-1530
-785
-177
515
1038
906
430
-47
-670
-1152
-1015
-295
745
2117
3756
5476
7084
8286
8989
9088
8309
6934
5461
3747
2014
643
-524
-1313
-1468
-1273
-761
16
561
839
1090
1231
1151
1128
1216
1162
1172
1553
2276
2890
3079
3068
2325
160
-2462
-5015
-8410
-11816
-14005
-15395
-15873
-14739
-12085
-8540
-4662
-514
3681
7071
9308
10495
10409
8849
6267
3372
292
-2663
-5024
-6834
-7898
-8038
-7629
-6811
-5543
-4192
-3179
-2474
-1727
-1228
-1416
-1573
-1274
-1101
-832
157
1450
2442
3366
4394
4915
4739
4304
3462
1992
379
-967
-2144
-3029
-3297
-3014
-2487
-1597
-330
849
1829
2609
3114
3257
2994
2624
2204
1471
747
315
-115
-397
-398
-290
-155
-55
76
194
296
440
619
849
1184
1587
2174
2984
3934
4959
5891
6787
7445
7683
7752
7499
6649
5523
4233
2642
1070
-234
-1284
-2118
-2625
-2615
-2169
-1380
-268
998
2209
3174
3815
4170
4090
3373
1862
-445
-3148
-6214
-9478
-12072
-13907
-15272
-15663
-14634
-12502
-9667
-6122
-1982
1891
4983
7653
9661
10381
9863
8519
6467
3705
860
-1522
-3630
-5457
-6728
-7421
-7611
-7384
-6793
-6074
-5486
-4975
-4583
-4293
-3893
-3443
-3049
-2339
-1208
139
1732
3486
5113
6260
6947
7288
6967
5969
4635
2966
976
-810
-2132
-3181
-3821
-3812
-3366
-2691
-1586
-231
1002
1984
2638
3040
3047
2701
2254
1662
892
209
-250
-477
-496
-453
-311
-161
-116
11
245
498
783
1143
1691
2505
3563
4823
6200
7451
8326
8936
9347
9253
8640
7721
6336
4539
2795
1309
-5
-1216
-2116
-2558
-2747
-2579
-1879
-1070
-384
229
673
905
925
413
-801
-2460
-4607
-7170
-9447
-11175
-12687
-13676
-13637
-12584
-10694
-8058
-4740
-1194
1897
4632
7180
8929
9510
9221
8171
6230
3801
1456
-710
-2793
-4652
-6019
-6775
-7018
-6822
-6283
-5656
-5178
-4848
-4617
-4377
-4151
-4168
-4098
-3538
-2686
-1542
197
2159
3771
5151
6413
7229
7448
7240
6522
5204
3636
2213
923
-255
-1129
-1676
-2037
-2161
-1760
-1167
-790
-406
-40
67
70
177
171
-111
-421
-587
-634
-557
-235
193
529
893
1379
1885
2344
2809
3221
3545
3980
4607
5311
6077
6854
7536
8065
8422
8536
8275
7617
6627
5356
3942
2594
1294
86
-807
-1455
-1916
-2094
-2059
-2001
-2007
-2018
-2050
-2469
-3348
-4363
-5668
-7356
-8868
-10049
-11155
-11890
-11907
-11337
-10197
-8313
-5844
-3084
-198
2625
5199
7328
8702
9277
9022
7938
6283
4233
1965
-281
-2453
-4458
-5935
-6821
-7297
-7285
-6801
-6248
-5786
-5244
-4671
-4301
-4154
-3954
-3627
-3366
-2889
-1878
-628
600
1974
3523
4819
5769
6600
7095
6934
6329
5565
4576
3405
2289
1309
412
-316
-769
-910
-873
-763
-592
-421
-312
-205
-198
-370
-617
-954
-1369
-1659
-1761
-1745
-1557
-1113
-441
346
1257
2313
3397
4351
5247
6155
6899
7405
7883
8257
8369
8373
8306
8042
7590
7077
6473
5730
4799
3762
2665
1522
417
-616
-1524
-2358
-3092
-3650
-3989
-4266
-4751
-5396
-6139
-7173
-8428
-9525
-10491
-11463
-12148
-12255
-11703
-10593
-8825
-6398
-3684
-933
1878
4576
6752
8185
8860
8850
8089
6733
5109
3260
1262
-745
-2529
-3900
-4878
-5507
-5862
-5932
-5883
-5845
-5694
-5459
-5391
-5389
-5224
-4922
-4461
-3718
-2707
-1577
-322
1048
2467
3716
4775
5633
6003
5976
5808
5412
4672
3925
3270
2485
1778
1393
1163
899
732
662
570
397
190
-5
-375
-903
-1418
-1858
-2244
-2499
-2537
-2403
-2117
-1617
-891
-20
926
1872
2795
3694
4474
5125
5755
6298
6695
7098
7544
7943
8220
8374
8381
8117
7555
6870
6088
5022
3859
2844
1841
802
-8
-653
-1341
-1930
-2387
-2823
-3436
-4305
-5273
-6459
-7920
-9293
-10461
-11540
-12351
-12672
-12444
-11677
-10367
-8480
-6185
-3777
-1341
1106
3321
4979
6117
6760
6729
6163
5287
4184
2952
1604
238
-849
-1732
-2465
-2909
-3183
-3477
-3813
-4107
-4332
-4569
-4842
-5010
-5010
-5003
-4847
-4323
-3600
-2838
-1929
-843
249
1346
2354
3248
3952
4303
4440
4499
4359
3998
3675
3355
2947
2662
2561
2531
2456
2460
2409
2176
1892
1437
826
36
-829
-1704
-2565
-3246
-3687
-3880
-3804
-3349
-2599
-1610
-437
797
1998
3043
3995
4794
5403
5867
6227
6555
6844
7141
7491
7808
7967
8029
7899
7528
6999
6262
5347
4353
3356
2365
1423
647
-11
-655
-1190
-1616
-2160
-2902
-3706
-4701
-5990
-7390
-8710
-9977
-11148
-11960
-12304
-12165
-11560
-10401
-8716
-6724
-4582
-2333
-153
1654
3071
4081
4590
4579
4240
3699
2915
2060
1257
522
-73
-492
-773
-921
-1023
-1154
-1339
-1599
-1947
-2437
-2985
-3510
-3986
-4348
-4513
-4408
-4096
-3555
-2758
-1829
-834
227
1230
2025
2627
3008
3138
3098
2915
2656
2435
2216
2116
2200
2387
2642
2929
3116
3133
2993
2612
2034
1289
407
-543
-1446
-2186
-2734
-3058
-3102
-2914
-2546
-1993
-1242
-494
186
872
1456
1930
2380
2878
3343
3801
4337
4952
5580
6215
6865
7366
7604
7608
7414
6949
6295
5519
4628
3690
2814
2101
1535
1170
949
771
620
460
246
-184
-820
-1655
-2844
-4256
-5652
-6965
-8252
-9285
-9931
-10212
-10076
-9458
-8363
-7078
-5687
-4278
-2942
-1807
-923
-254
120
213
52
-194
-437
-644
-793
-825
-707
-505
-217
149
549
780
763
629
373
-86
-649
-1146
-1658
-2179
-2487
-2514
-2330
-1977
-1437
-772
-118
498
1058
1476
1676
1689
1529
1251
925
622
431
369
433
659
1025
1452
1861
2197
2378
2405
2255
1937
1528
990
428
-112
-583
-964
-1223
-1374
-1427
-1347
-1200
-962
-672
-362
2
405
815
1251
1699
2102
2488
2955
3418
3866
4311
4701
5003
5227
5363
5375
5268
4994
4613
4181
3741
3319
2942
2551
2200
1917
1698
1584
1512
1451
1377
1249
1110
1016
778
325
-225
-962
-1930
-2955
-3885
-4832
-5723
-6377
-6767
-6863
-6759
-6389
-5840
-5301
-4806
-4321
-3907
-3722
-3681
-3765
-3936
-4115
-4197
-4104
-3810
-3342
-2713
-1895
-1028
-203
509
1068
1380
1436
1290
1023
668
215
-138
-351
-457
-398
-84
385
864
1355
1801
2069
2097
1973
1695
1230
692
139
-338
-727
-934
-927
-765
-501
-147
253
603
888
1050
1088
983
798
568
342
152
-18
-149
-228
-241
-196
-126
-47
41
103
155
233
348
511
678
908
1155
1420
1703
1967
2243
2475
2696
2879
3061
3202
3275
3344
3432
3489
3523
3602
3651
3677
3654
3609
3516
3350
3126
2892
2673
2427
2232
2084
1977
1832
1722
1684
1603
1424
1150
789
184
-577
-1392
-2258
-3230
-4181
-4945
-5548
-5997
-6223
-6154
-5975
-5788
-5497
-5174
-4952
-4848
-4805
-4854
-4975
-5060
-5010
-4784
-4402
-3866
-3158
-2333
-1523
-687
41
586
948
1065
1078
1035
914
707
615
570
538
658
894
1142
1300
1442
1464
1398
1212
945
653
279
-75
-351
-518
-612
-567
-431
-252
-10
252
495
700
837
846
776
654
532
438
367
339
343
371
424
484
516
509
476
414
364
319
295
317
402
541
721
932
1164
1392
1577
1761
1943
2110
2295
2486
2679
2902
3101
3277
3458
3575
3629
3624
3554
3440
3247
2997
2739
2501
2254
2073
1994
1971
1980
2085
2253
2372
2419
2456
2421
2202
1826
1337
700
-103
-1021
-1933
-2830
-3730
-4473
-5079
-5557
-5872
-6001
-6004
-5934
-5808
-5666
-5562
-5518
-5478
-5451
-5396
-5275
-5039
-4649
-4102
-3398
-2575
-1735
-948
-199
378
790
1060
1124
1029
824
586
327
137
26
-11
46
169
370
573
754
889
909
805
616
385
103
-171
-404
-607
-728
-723
-617
-425
-186
63
327
545
687
804
853
826
790
762
748
759
802
831
831
830
805
766
711
636
569
504
499
528
613
767
927
1112
1295
1458
1609
1728
1806
1878
1928
1992
2114
2271
2400
2539
2733
2906
3059
3242
3402
3446
3441
3418
3339
3195
3031
2912
2785
2680
2692
2766
2809
2849
2862
2800
2681
2410
1941
1326
537
-427
-1460
-2462
-3464
-4410
-5204
-5811
-6201
-6431
-6460
-6315
-6143
-5986
-5787
-5618
-5565
-5546
-5491
-5409
-5278
-4956
-4417
-3713
-2901
-1967
-982
-120
607
1165
1485
1545
1405
1133
764
382
49
-183
-292
-269
-140
91
373
623
781
837
741
474
110
-330
-789
-1198
-1479
-1615
-1588
-1373
-1039
-587
-93
376
766
1024
1185
1237
1199
1123
1047
1021
1043
1120
1250
1410
1554
1666
1725
1641
1456
1206
917
613
400
311
283
392
590
819
1057
1267
1429
1535
1576
1583
1602
1641
1748
1903
2177
2566
3022
3516
4014
4403
4639
4716
4653
4475
4193
3939
3688
3500
3392
3401
3481
3533
3544
3452
3165
2578
1734
657
-681
-2202
-3692
-5083
-6321
-7252
-7808
-8036
-8004
-7737
-7281
-6793
-6407
-6082
-5869
-5802
-5784
-5726
-5556
-5241
-4700
-3903
-2875
-1705
-486
670
1642
2316
2682
2746
2487
1994
1400
792
281
-55
-197
-124
117
418
695
933
1030
896
589
110
-543
-1237
-1854
-2294
-2541
-2587
-2384
-2028
-1541
-978
-439
19
359
568
660
708
795
936
1154
1457
1855
2282
2687
3033
3241
3225
2975
2542
1923
1195
462
-162
-625
-903
-926
-701
-326
144
644
1096
1413
1582
1658
1685
1691
1763
1970
2312
2771
3365
4076
4799
5435
5953
6308
6410
6292
6068
5801
5475
5211
5041
4918
4850
4749
4573
4133
3266
1979
299
-1749
-4015
-6196
-8192
-9897
-11136
-11792
-11901
-11542
-10824
-9861
-8861
-8035
-7410
-6952
-6659
-6482
-6215
-5755
-4998
-3892
-2401
-641
1209
2966
4425
5498
6051
6036
5621
4858
3824
2739
1751
973
450
209
247
393
479
422
158
-410
-1257
-2233
-3266
-4280
-5068
-5495
-5525
-5125
-4332
-3304
-2242
-1269
-480
46
339
513
608
703
946
1433
2215
3262
4466
5663
6645
7215
7295
6839
5836
4438
2755
961
-714
-2053
-2947
-3353
-3305
-2965
-2442
-1888
-1389
-970
-588
-269
49
471
1045
1837
2873
4203
5675
7127
8475
9581
10321
10677
10706
10453
9955
9300
8608
7983
7384
6831
6219
5348
3995
2156
-140
-2845
-5760
-8644
-11288
-13608
-15378
-16457
-16774
-16413
-15485
-14163
-12726
-11404
-10257
-9249
-8375
-7547
-6616
-5421
-3939
-2104
136
2671
5218
7482
9276
10405
10780
10456
9623
8369
6767
5033
3358
1893
686
-184
-727
-1200
-1800
-2592
-3571
-4750
-6018
-7203
-8213
-8971
-9314
-9102
-8318
-7033
-5453
-3793
-2273
-1059
-118
635
1301
1899
2525
3261
4115
5154
6390
7696
8850
9648
9904
9593
8743
7423
5767
3893
1894
-91
-1887
-3306
-4261
-4807
-5005
-4954
-4770
-4530
-4142
-3513
-2692
-1721
-572
753
2218
3868
5738
7681
9577
11317
12791
14022
14881
15417
15613
15402
14725
13623
12203
10411
8129
5342
2132
-1465
-5305
-8968
-12111
-14738
-16785
-18230
-19146
-19699
-19931
-19741
-19224
-18517
-17603
-16360
-14772
-12804
-10338
-7305
-3902
-446
2931
6105
8798
10874
12352
13238
13470
13144
12548
11831
10936
9883
8685
7187
5250
2982
565
-1958
-4565
-7088
-9342
-11288
-12745
-13530
-13616
-13219
-12531
-11665
-10751
-9885
-8933
-7780
-6402
-4743
-2700
-257
2499
5478
8412
11049
13035
14226
14674
14461
13734
12693
11505
10149
8696
7175
5628
4001
2169
123
-2196
-4657
-7053
-9040
-10312
-10722
-10227
-8895
-6947
-4625
-2115
307
2465
4249
5670
6855
8081
9596
11499
13778
16197
18534
20446
21627
21841
20863
18408
14374
9193
3393
-2399
-7436
-11142
-13546
-15030
-15926
-16552
-17237
-18270
-19508
-20799
-22129
-23233
-23498
-22440
-19974
-16175
-11303
-5911
-842
3455
6896
9313
10610
11080
11191
11208
11380
12041
13268
14540
15154
14773
13171
10225
6183
1692
-2609
-6541
-9820
-12023
-13081
-13309
-12960
-12305
-11883
-12132
-12943
-13874
-14548
-14550
-13463
-11130
-7825
-3931
268
4426
8035
10701
12359
13085
13037
12674
12523
12779
13274
13759
13910
13309
11741
9255
6028
2273
-1723
-5498
-8527
-10493
-11197
-10664
-9319
-7704
-6230
-5074
-4248
-3580
-2755
-1556
130
2389
5398
9089
13058
16891
20100
22190
22925
22477
21183
19196
16397
12814
8752
4338
-100
-3850
-6728
-9184
-11631
-14230
-17038
-19931
-22447
-24042
-24553
-24266
-23248
-21357
-18685
-15544
-12003
-8152
-4475
-1387
1398
4229
6981
9584
12029
14161
15573
16285
16606
16541
15828
14301
12063
9159
5746
2331
-541
-2852
-4974
-7049
-9138
-11411
-13747
-15662
-16966
-17738
-17990
-17599
-16551
-14891
-12460
-9411
-6107
-2900
-21
2551
4947
7241
9541
11832
13798
15195
16134
16563
16328
15515
14036
11742
8810
5686
2643
-29
-2299
-4302
-6133
-7936
-9588
-10749
-11236
-11132
-10397
-8999
-7136
-4891
-2195
804
3697
6273
8645
10898
13036
15232
17591
19884
21765
23050
23650
23199
21123
17144
11725
5378
-1221
-6752
-10373
-12497
-13855
-15010
-16545
-18806
-21601
-24119
-25738
-26369
-25871
-23897
-20471
-16102
-11310
-6390
-1884
1494
3928
6127
8304
10433
12713
15090
17020
18166
18576
18304
17146
14833
11570
7758
3637
-396
-3602
-5717
-7360
-8955
-10600
-12549
-14780
-16788
-18002
-18278
-17734
-16463
-14543
-12199
-9610
-6747
-3647
-649
1980
4414
6770
8959
11091
13241
15041
16113
16471
16218
15313
13833
11932
9620
6811
3665
587
-2204
-4727
-6946
-8779
-10454
-11959
-12917
-13078
-12527
-11324
-9407
-6960
-4274
-1424
1700
4852
7654
10284
12991
15550
17862
20082
22137
23669
24433
24414
23501
20940
16249
10281
3894
-2526
-7787
-10870
-12601
-14275
-16414
-19082
-22231
-25457
-27652
-27923
-26634
-24482
-21273
-17046
-12708
-8837
-5127
-1489
1515
4163
7461
11289
14666
17245
18975
19414
18531
17030
15648
14295
12342
9738
6711
3162
-900
-4742
-7780
-10369
-12857
-14824
-16102
-17085
-17663
-17461
-16831
-16186
-15284
-13806
-11710
-8916
-5310
-1219
2764
6168
8826
10922
12429
13382
14362
15292
15630
15652
15534
14687
12980
10694
7712
4096
397
-2813
-5321
-7262
-8896
-10343
-11755
-13191
-14136
-14081
-13041
-11213
-8584
-5337
-2042
1128
4244
7034
9267
11309
13687
16385
19139
21946
24426
25894
26105
25190
23144
19322
13537
7039
765
-5083
-9220
-11144
-12628
-15110
-18689
-22784
-26702
-29554
-29962
-27710
-24460
-21279
-17919
-14568
-11655
-8934
-5530
-1308
2844
7066
11989
16354
18791
19585
19126
17705
16140
15324
15439
15325
13588
10037
5154
-629
-6340
-10460
-12554
-13582
-14174
-14480
-15157
-16602
-18147
-19060
-19096
-17951
-15362
-11484
-7167
-3152
449
3417
5588
7491
9637
12010
14217
16137
17677
18149
17297
15844
14043
11765
9567
7616
5522
3020
34
-3164
-6411
-9643
-12334
-14044
-14921
-15132
-14411
-12997
-11400
-9573
-7265
-4612
-1715
1628
5229
8629
11612
14374
17027
19298
21152
22850
24295
25130
25273
24662
22568
17711
10602
3376
-3360
-8760
-11198
-11855
-13484
-16961
-21648
-26451
-30018
-31167
-29053
-24830
-20971
-18000
-15166
-12588
-10359
-7490
-3186
1820
6640
11741
16712
19659
20044
18788
16718
14861
14121
14629
15468
14630
10905
5187
-1129
-7091
-11297
-12878
-12959
-13227
-14168
-15792
-18062
-20176
-20975
-19934
-17316
-13607
-9331
-5288
-2175
50
2023
4096
6483
9563
13065
16050
17884
18659
18423
17133
15404
13970
12596
10890
8976
6600
3395
-375
-4133
-7372
-9764
-11417
-12447
-13077
-13826
-14563
-14583
-13805
-12134
-9192
-5604
-1926
1757
5055
7806
10241
12533
15075
17871
20421
22821
24745
25642
25594
24563
22503
18775
12684
5999
59
-5626
-9467
-11030
-13177
-16959
-21536
-26065
-29150
-29998
-28343
-24547
-21034
-19056
-17212
-14755
-11844
-8115
-2972
2968
8017
12173
16096
18548
18842
18099
17068
16263
16264
16693
16755
15135
10716
4363
-1999
-7135
-10591
-12130
-12339
-13178
-15456
-17979
-20208
-21862
-21698
-19688
-16861
-13520
-10092
-7001
-4259
-1835
734
3808
7161
10648
13925
16346
17427
17294
16902
16466
15644
15051
14395
12462
9695
6762
3324
-153
-3100
-5737
-7925
-9713
-11420
-12890
-14134
-15181
-15405
-14333
-12203
-9425
-6186
-3006
-313
2369
5361
8575
11836
14962
17914
20359
21922
23071
24028
24402
24463
24086
22762
19538
13286
5530
-1657
-8267
-12649
-13597
-14325
-17068
-21252
-26052
-29920
-31472
-29904
-25373
-20785
-18011
-15929
-13771
-11300
-7811
-2676
3657
9226
13321
16910
19124
19244
18509
17669
17124
17124
17126
16699
14776
10051
3544
-2816
-8003
-11293
-12632
-12888
-13546
-15658
-18554
-21069
-22551
-22177
-19860
-16526
-12938
-9656
-6808
-4370
-2382
137
3528
6824
10594
14585
16740
17364
17195
16204
15423
15019
14666
14308
12613
9408
6138
2811
-594
-3349
-5576
-7689
-9959
-12100
-13621
-14867
-15695
-15409
-14126
-11951
-8928
-5528
-2253
648
3378
6132
9028
12252
15630
18588
20936
22778
24187
25431
26368
26483
25425
22151
15642
7981
1603
-3931
-7709
-8828
-10691
-15389
-21230
-26550
-29882
-30460
-28439
-24547
-21402
-20516
-19807
-17662
-14450
-10196
-4504
1937
7174
10919
14515
17142
17730
17629
17811
18205
18862
19218
18440
15797
10783
4541
-774
-4466
-7050
-8938
-10490
-12819
-16436
-19802
-21646
-22264
-21504
-19235
-16589
-14296
-12240
-10281
-7941
-4934
-1405
2983
7487
10778
13017
14489
15094
15479
16574
17946
18312
17403
15521
12566
9345
6824
4605
2391
-235
-3656
-7044
-9900
-12295
-13886
-14892
-15604
-15807
-15369
-13907
-11592
-9109
-6369
-3361
-208
3497
7584
11138
13984
16375
18237
20070
22435
24662
26238
27068
26441
24643
21567
15579
8162
2074
-3609
-8147
-9482
-10872
-15331
-21254
-26708
-30335
-31178
-29003
-24552
-20847
-19998
-19895
-18188
-14909
-10223
-3999
3073
8565
11555
14243
16767
17653
18011
18825
19457
19680
19208
17670
14856
10382
4855
-33
-3577
-6431
-9056
-11199
-13468
-16579
-19465
-21213
-21871
-21414
-19923
-17771
-15489
-13175
-10402
-7490
-4565
-909
2756
5833
9040
11849
13661
15018
15931
16736
17463
17212
16336
15176
12952
10115
7653
5208
2259
-955
-4011
-6865
-9488
-11584
-13039
-14254
-15394
-15949
-15511
-14150
-12065
-9284
-6182
-3065
128
3630
7264
10353
13012
15819
18381
20659
23145
25197
26302
26517
25833
24423
20876
14072
7109
1450
-4125
-7175
-7714
-10500
-16285
-22746
-27996
-30195
-29396
-26276
-22074
-20303
-21156
-20914
-18145
-13605
-7968
-1469
4637
8234
10453
13423
15919
17251
18328
19185
19840
20015
19177
17434
14375
9722
4527
342
-2509
-5353
-8242
-10385
-13132
-16575
-18971
-20517
-21162
-20549
-19301
-17380
-15195
-13137
-10636
-7937
-4878
-1070
2487
5904
9085
10969
12523
14049
14959
16406
17682
17239
16257
14858
12379
10039
8124
5635
2659
-625
-4208
-7253
-9445
-11448
-13232
-14394
-15574
-16512
-16011
-14456
-12484
-9791
-6813
-3801
-412
3072
6678
10016
12478
15072
17856
20138
22707
25064
26137
26400
25800
24203
20709
13900
6848
1659
-3616
-6819
-7236
-10127
-16391
-22860
-27764
-29589
-28775
-26014
-22132
-20974
-22414
-21878
-18494
-13653
-7819
-1336
4589
7950
9916
12982
15826
17379
18903
20330
21200
21366
20286
18151
14928
10441
5624
1857
-833
-3868
-7242
-9879
-12617
-15725
-17861
-19268
-20148
-19930
-19096
-17648
-15444
-13286
-10941
-7951
-4894
-1552
2288
5300
7541
9998
11777
13056
14951
16500
16945
16481
15222
13849
12368
10406
8514
6279
2980
-663
-3881
-6507
-8738
-10820
-12647
-14343
-15810
-16407
-15970
-14504
-12374
-10180
-7524
-4521
-1543
2039
5783
8814
11478
13952
16496
19421
21896
23849
25265
25383
25008
24846
23297
18363
10862
4108
-1565
-6335
-7477
-7595
-11961
-18983
-25223
-29328
-30064
-27905
-24025
-20952
-21632
-23193
-21465
-17248
-11826
-5312
1132
5497
7371
9579
13179
16038
18133
20160
21198
21025
20039
18466
16313
13240
9396
5533
2130
-964
-4504
-8099
-10441
-12781
-15842
-17588
-18419
-19610
-19705
-18561
-17308
-15392
-13000
-10579
-7542
-4339
-1057
2535
5606
8182
10602
12560
14211
15697
17037
17657
16971
15991
14785
12558
10434
8663
6164
3075
-366
-3760
-6806
-9570
-11596
-13217
-14969
-16090
-16509
-16255
-14746
-12699
-10483
-7715
-4993
-2055
1654
5250
8353
11116
13862
16863
19502
21791
23905
24602
24448
24806
24675
23097
18579
10987
4091
-1296
-5709
-6343
-6122
-10650
-17826
-24192
-28545
-29386
-27086
-23359
-20989
-22159
-23831
-22406
-18204
-12395
-6013
-230
3461
4815
6877
10790
14369
17208
19465
20261
19930
19200
18383
17316
15198
11996
8191
4334
667
-3246
-6500
-8294
-10501
-13339
-15292
-17264
-19417
-19998
-19177
-17988
-16365
-14428
-12325
-9971
-7128
-3436
471
3695
6396
8790
10823
12728
14691
16643
17567
17015
16337
15511
13816
12455
11280
8744
5195
1445
-2094
-4991
-7422
-9442
-11267
-13380
-15044
-15705
-15557
-14456
-12780
-10870
-8669
-6406
-3676
-162
3115
6054
9216
12356
15171
17718
20306
22260
23134
24063
24977
24899
23145
17776
10495
5246
636
-2788
-2585
-4092
-10483
-17550
-23117
-26293
-26377
-24638
-22278
-21903
-24325
-25255
-22697
-18286
-13216
-8231
-3724
-782
925
4342
8936
12221
14817
16818
17611
18052
18407
18348
17612
15777
12816
9326
6246
3227
-457
-3358
-5018
-7348
-10280
-12598
-14925
-17275
-18227
-17575
-16493
-15499
-14135
-12471
-10846
-8369
-4901
-1743
1120
3550
5199
7496
9966
11683
13863
15114
14468
14467
14542
13409
12795
11892
9152
5809
2731
-47
-2407
-4476
-6519
-8859
-11293
-13093
-13809
-13707
-13096
-11963
-10576
-9198
-7229
-4557
-1589
1602
4557
7263
10034
12616
15208
17867
19907
21323
22782
24079
24333
23442
20358
13917
7455
3561
432
-865
-859
-4612
-11733
-18417
-23103
-24447
-23142
-21162
-19926
-21439
-24322
-24520
-21303
-16507
-11696
-7188
-3595
-2200
-601
3527
7659
10641
13329
14882
15430
15913
16276
16516
16045
14124
11244
8250
5395
2536
-103
-1743
-3195
-5924
-9122
-11825
-14289
-15894
-15892
-14987
-14357
-14160
-13526
-12367
-10675
-7707
-4285
-1538
715
2053
3341
5939
8320
10498
13192
13991
13305
13414
13171
12403
12256
11326
8932
6219
3425
696
-1422
-3206
-5434
-7922
-9969
-11382
-12113
-12176
-11591
-10579
-9829
-8762
-6557
-4091
-1549
1384
3892
6088
8543
10897
13543
16461
18473
20137
22223
23168
22930
22258
18602
12319
8004
5210
2424
1968
1012
-4482
-11800
-17729
-21016
-21228
-20003
-18647
-19020
-22391
-25071
-24058
-20325
-15641
-11359
-7667
-5353
-4666
-2348
2293
6243
9270
11879
13258
13836
14480
15428
16035
15511
13948
11429
8530
6206
3821
1498
325
-1224
-4467
-7839
-10504
-12850
-14102
-14052
-13658
-13587
-13899
-13969
-12981
-10819
-7940
-5087
-2947
-1601
-794
590
3444
6635
9336
11381
11898
11512
11550
11922
12446
12734
11975
9802
6770
4203
2313
495
-1121
-3127
-5858
-8249
-10048
-11025
-10905
-10647
-10454
-9933
-9175
-7765
-5680
-3205
-501
1834
4171
6786
8980
11403
14125
16136
18043
20045
21407
22210
22275
21676
19474
14085
8855
6046
2816
745
621
-2902
-9692
-15686
-19730
-20900
-20407
-20084
-19883
-21863
-25164
-24926
-21124
-16600
-12605
-9529
-7259
-6147
-4256
688
5907
9091
11163
12184
12716
13819
15246
16748
17163
15448
12435
9479
7418
5595
3443
2097
488
-3228
-7066
-9572
-11735
-13332
-13628
-13365
-13837
-15027
-15260
-14065
-12452
-10148
-7185
-5088
-3791
-2224
-148
2498
5294
8012
10576
11774
11852
12686
13645
13726
13665
13058
11091
8373
6114
4556
2752
534
-1746
-4393
-7001
-8782
-9765
-10177
-10403
-10810
-11029
-10733
-9740
-7821
-5386
-2829
-336
2003
4380
6742
9128
11866
14348
16225
18306
20205
21469
22537
22724
21875
19456
14093
8964
6353
3517
1605
1200
-2645
-9805
-16226
-20250
-21249
-20814
-20399
-20355
-22849
-26315
-26056
-22439
-17951
-13842
-10719
-8308
-6903
-4930
-137
5132
8455
10769
12412
13362
14609
16443
17989
18130
16649
14053
11070
8819
7116
5061
3252
1290
-2254
-6451
-9607
-11844
-13361
-13791
-13987
-15062
-16253
-16474
-15722
-13977
-11381
-9020
-7346
-5643
-3574
-993
2081
4999
7666
10015
11269
12064
13332
14136
14245
14433
14060
12519
10327
8141
6132
3864
1413
-964
-3563
-6183
-8160
-9711
-11005
-11757
-12081
-12027
-11334
-9960
-8326
-6535
-4508
-2350
147
3260
6532
9498
12294
14667
16339
18185
20367
22153
23630
24267
23759
22018
17417
11772
8659
5920
2965
2079
-720
-7734
-14898
-19778
-21856
-21946
-21831
-21842
-23605
-27294
-28389
-25145
-20375
-16254
-13122
-10653
-9082
-7196
-2387
3876
8307
10946
12563
13541
14948
17109
19320
20456
19559
16773
13313
10764
9116
6952
4795
2900
-735
-5580
-9109
-11585
-13588
-14474
-14980
-15932
-17260
-18250
-17844
-16272
-14105
-11337
-8816
-6870
-4985
-2917
-50
3352
6576
9667
11674
12252
13069
14252
15022
15700
15897
14719
12213
9567
7640
5601
3125
827
-1957
-5296
-7964
-9735
-11003
-11894
-12530
-12910
-13013
-12715
-11426
-9208
-6820
-4382
-1634
1415
4527
7606
10807
13644
15778
17783
19834
21769
23296
24175
24624
24072
22151
19259
14452
9068
5682
2354
-1020
-3015
-7308
-14062
-19357
-22894
-24489
-24384
-24566
-25169
-26611
-28198
-26777
-22745
-18332
-14361
-11388
-8655
-5698
-1962
3578
8812
11793
13694
15103
16416
18344
20259
21190
20335
17792
14707
11886
9784
7943
5244
2011
-1222
-5071
-8963
-11565
-13443
-15348
-16532
-16967
-17666
-18221
-17706
-16417
-14602
-12092
-9241
-6802
-4759
-2572
-25
3155
6545
9403
11793
13182
13556
14275
15209
15565
15655
14863
12844
10407
7842
5498
3383
1008
-1585
-4572
-7620
-9778
-11385
-12558
-12912
-13115
-13415
-13102
-11890
-10033
-7673
-5068
-2358
464
3322
6493
10046
13192
15438
17263
18898
20277
21552
22737
23359
22992
21746
20005
17976
14455
8937
4054
258
-4089
-6820
-8408
-12894
-18775
-23251
-26084
-26643
-25957
-25120
-24373
-25284
-25979
-23226
-18615
-14004
-9732
-6169
-2979
-227
3241
8374
12668
14831
16204
17276
18288
19312
19963
19897
18233
15000
11507
8596
6251
3497
159
-2535
-5281
-9085
-12230
-14142
-16118
-17709
-18090
-17900
-17726
-17399
-16187
-14144
-12204
-9621
-6068
-3273
-982
1853
4360
6541
9058
11406
13338
14446
14683
15100
15305
14571
13773
12910
10734
7639
5150
2970
245
-2092
-3949
-6465
-8959
-10715
-12023
-12566
-12483
-12203
-11556
-10777
-9656
-7573
-5255
-2920
-70
2694
5373
8361
11026
13426
15527
16775
17897
18999
19480
19746
19598
18726
17495
15864
14106
12239
9758
5828
160
-4752
-7992
-11039
-12262
-12603
-16203
-21246
-24616
-26109
-25039
-22395
-19893
-18351
-18872
-19291
-16612
-11913
-6829
-2316
1029
3304
4687
7083
11146
14392
16194
17025
16455
15646
15436
15105
14478
13105
10378
6718
3171
559
-1776
-4322
-6164
-7929
-10853
-13708
-15303
-16220
-16369
-15504
-14621
-14007
-13212
-11996
-9790
-6871
-4119
-1449
994
2918
4813
6801
8646
10293
11725
12772
13028
12706
12333
11630
10739
9923
8611
6593
4238
2154
259
-1707
-3331
-4975
-6932
-8245
-8951
-9558
-9690
-9515
-9196
-8498
-7504
-5966
-4017
-2265
-601
1366
3595
5716
7867
10102
11761
12879
13951
14852
15419
15460
15078
14617
13793
12740
11782
10774
9435
7652
5660
2453
-2502
-6556
-9166
-11580
-12179
-12282
-14939
-18518
-21196
-22266
-20852
-18433
-16082
-14479
-14837
-14989
-12670
-8717
-4351
-669
1930
3564
4486
6557
10106
12827
14132
14373
13446
12493
12251
12277
12080
10882
8284
4780
1623
-472
-2239
-3855
-4790
-6299
-9254
-11990
-13440
-14068
-13938
-13011
-12053
-11863
-11860
-10605
-8213
-5578
-2938
-674
948
2158
3570
5892
8359
9864
11005
11732
11285
10929
11433
11648
11196
10407
8974
6859
4640
2949
1718
141
-1863
-3853
-5797
-7612
-8699
-8984
-9109
-9266
-9310
-9122
-8516
-7385
-5694
-3760
-2031
-526
1111
3039
5214
7521
9709
11260
12222
13083
13763
14390
14825
14702
14222
13241
11722
10534
9517
8279
7156
5561
3450
560
-3977
-7852
-9878
-11990
-12932
-12554
-14305
-17626
-19893
-20424
-19036
-16704
-14320
-12513
-12485
-12621
-10317
-6232
-2083
1229
3558
5050
5743
7165
10167
12533
13228
13104
12117
10850
10376
10309
9723
7963
5149
2018
-845
-2696
-3848
-5453
-7169
-8764
-10783
-12348
-12861
-12929
-12605
-11918
-11107
-10049
-8735
-7065
-4847
-2376
89
2324
4114
5702
7094
8498
10016
11025
11646
11986
11530
10871
10440
9681
8608
7321
5624
3604
1454
-400
-1749
-3173
-4825
-6337
-7878
-9279
-10031
-10208
-9956
-9523
-9134
-8551
-7614
-6338
-4482
-2257
-328
1364
3108
4801
6430
8351
10303
11605
12480
13245
13762
14086
14070
13488
12436
10814
9069
7994
7180
6225
5148
3506
1488
-384
-2004
-3926
-6745
-9340
-11202
-12907
-13016
-11921
-12429
-13778
-14350
-14346
-13306
-11097
-8599
-6817
-6398
-5956
-4040
-1461
1129
3461
4928
5594
5843
6590
8107
8883
8553
7874
6774
5600
5072
4845
4135
2762
847
-1367
-3178
-4060
-4849
-5741
-5948
-6295
-7319
-7930
-7885
-7729
-7161
-6039
-4857
-4153
-3596
-2349
-695
939
2636
3935
4465
4701
5056
5843
6967
7605
7567
7062
5887
4545
4035
4022
3634
2931
1911
243
-1520
-2569
-2998
-3420
-4046
-4877
-6009
-7025
-7359
-7009
-6334
-5678
-5190
-4773
-4136
-3017
-1542
-38
1316
2358
3193
4273
5664
6958
8089
8935
9248
9462
9860
10110
10159
9944
9246
8237
7085
6051
5442
4878
4098
3274
2258
1212
296
-336
-705
-2387
-5454
-7459
-8666
-9680
-8574
-7105
-8131
-10068
-11291
-11531
-10310
-8224
-6168
-5280
-6196
-6589
-4982
-2656
-223
1598
2105
1828
1562
2551
4669
5924
6006
5574
4510
3782
4057
4572
4563
3628
1986
250
-988
-1402
-1599
-2038
-2335
-3003
-4236
-5037
-5354
-5446
-5038
-4428
-4182
-4202
-4149
-3665
-2584
-1105
380
1347
1698
1823
2216
3118
4242
5179
5753
5549
4618
3992
3963
4022
4072
3896
3012
1519
-20
-970
-1423
-2025
-2715
-3560
-4869
-6021
-6506
-6424
-6014
-5628
-5273
-4784
-4226
-3347
-2032
-704
470
1530
2787
4191
5288
6456
7562
7985
8392
9097
9536
9835
9901
9369
8619
7806
6954
6285
5524
4558
3594
2509
1383
455
-227
-648
-1053
-1547
-2205
-3825
-6252
-7656
-8067
-8183
-6950
-5783
-6821
-8603
-9490
-9234
-7617
-5429
-3847
-3633
-4803
-5375
-4113
-1921
205
1310
1352
902
375
1112
3106
4265
4124
3376
2240
1520
1799
2637
3111
2438
769
-1095
-2167
-2085
-1763
-1552
-1429
-2250
-3707
-4282
-3995
-3537
-2811
-2019
-1800
-2120
-2103
-1343
-347
720
1803
2309
2301
2193
2168
2629
3184
3363
3524
3252
2351
1760
1615
1490
1398
1063
359
-671
-1810
-2279
-2193
-2232
-2421
-2824
-3521
-4014
-3887
-3205
-2335
-1736
-1499
-1413
-1159
-430
727
1989
2920
3351
3622
4053
4731
5531
6173
6400
6214
5938
5830
5836
5886
5753
5342
4740
4033
3612
3353
2908
2349
1717
1226
971
718
635
619
281
104
217
-38
-1080
-2776
-3901
-4238
-4370
-3528
-2773
-4123
-6154
-7218
-7493
-6764
-5521
-4947
-5534
-7025
-7801
-6861
-5222
-3631
-2686
-2771
-3124
-2900
-1681
172
1458
1728
1443
1224
1807
3015
4122
4753
4526
3504
2586
2412
2652
2608
2227
1797
1008
-82
-711
-968
-1440
-1882
-2119
-2586
-3266
-3598
-3503
-3426
-3188
-2534
-2177
-2131
-1742
-1372
-1151
-486
417
1175
1824
2157
2271
2544
2845
3161
3596
3652
3093
2403
1965
1697
1482
1280
839
57
-775
-1231
-1280
-1351
-1540
-1718
-1946
-2027
-1726
-1126
-579
-398
-284
98
667
1444
2454
3209
3498
3729
4112
4639
5144
5471
5606
5416
5068
4966
4931
4766
4623
4282
3599
2836
2151
1522
971
532
77
-538
-1043
-1306
-1450
-1381
-1834
-3378
-4789
-5739
-6360
-5597
-4347
-4562
-5895
-7295
-8028
-7417
-5912
-4381
-3816
-4738
-5772
-5453
-3930
-1977
-513
26
-140
-507
-28
1496
2914
3433
3191
2651
2346
2579
3230
3836
3666
2607
1380
655
426
288
169
85
-480
-1522
-2129
-2253
-2492
-2483
-2029
-1910
-2295
-2534
-2337
-1955
-1412
-562
175
319
256
594
1139
1614
2146
2658
2761
2473
2327
2364
2365
2412
2362
2044
1507
782
208
45
-115
-427
-805
-1286
-1789
-2068
-1925
-1574
-1343
-1323
-1350
-1252
-930
-378
365
914
1069
1249
1591
2016
2535
3028
3281
3280
3274
3463
3584
3549
3491
3161
2738
2471
2252
2170
2145
1937
1640
1276
941
816
840
914
873
757
614
472
751
1343
1800
2115
1530
-202
-1610
-2372
-2702
-1834
-1064
-2059
-3986
-5780
-6796
-6557
-5448
-4558
-4898
-6333
-7412
-7229
-5988
-4223
-3025
-2853
-3093
-3158
-2362
-648
963
1840
1975
1709
1861
2667
3782
4826
5161
4574
3659
3062
2978
3072
3035
2835
2069
760
-310
-1051
-1702
-1957
-2032
-2568
-3382
-3922
-4169
-4188
-3705
-2957
-2769
-2944
-2777
-2394
-1797
-715
356
973
1314
1584
2048
2720
3296
3691
3824
3520
3133
2941
2876
2732
2342
1684
840
-13
-634
-934
-1129
-1370
-1799
-2240
-2552
-2713
-2554
-2123
-1754
-1546
-1298
-939
-448
185
889
1501
1971
2455
3026
3672
4222
4476
4564
4566
4523
4656
4800
4774
4651
4276
3765
3403
3007
2553
2192
1692
1085
608
134
-325
-649
-793
-677
-471
-384
-721
-1969
-3409
-4012
-3979
-3367
-2438
-2597
-4019
-5385
-5870
-5211
-3864
-2949
-2986
-3977
-5134
-5025
-3623
-2017
-1013
-954
-1525
-1847
-1315
106
1619
2155
1700
981
732
1235
2085
2696
2707
1890
750
313
607
817
626
360
-162
-1096
-1584
-1409
-1406
-1662
-1762
-1871
-2232
-2462
-2169
-1732
-1553
-1302
-1043
-1075
-1028
-611
-27
546
880
984
1051
1001
1132
1639
2114
2267
2163
1853
1476
1287
1346
1454
1384
996
317
-285
-591
-643
-568
-459
-524
-826
-1103
-1039
-699
-425
-114
136
146
276
657
1074
1449
1751
1915
2007
2129
2357
2650
2818
2866
2806
2579
2342
2255
2285
2338
2378
2325
2118
1878
1727
1733
1824
1867
1804
1571
1319
1183
1217
1428
1605
1569
1478
1309
1104
925
225
-840
-1623
-2360
-2680
-2313
-2504
-3632
-4892
-5886
-6328
-5956
-5236
-5025
-5705
-6527
-6677
-6080
-4851
-3680
-3228
-3214
-3222
-2754
-1568
-273
574
862
741
865
1570
2421
3148
3455
3153
2567
2190
2367
2657
2532
2249
1799
995
306
14
-252
-683
-957
-1111
-1492
-1835
-1909
-1976
-1992
-1642
-1204
-979
-820
-656
-522
-228
370
1063
1565
1864
1917
1748
1789
2048
2234
2352
2251
1775
1260
984
826
722
437
-58
-567
-1020
-1290
-1275
-1177
-1272
-1477
-1591
-1502
-1286
-909
-470
-287
-180
165
599
1048
1614
2040
2203
2317
2542
2825
3011
3190
3288
3032
2667
2503
2395
2362
2455
2333
2007
1574
1045
756
752
640
415
191
-144
-447
-555
-404
-273
-367
-495
-590
-654
-513
-145
185
131
-616
-1518
-2008
-2266
-1996
-1348
-1488
-2547
-3666
-4427
-4505
-3892
-3227
-3155
-3916
-4834
-4977
-4345
-3276
-2251
-1995
-2332
-2545
-2169
-1085
140
892
1066
751
701
1400
2325
3116
3496
3236
2685
2375
2451
2669
2675
2515
2224
1667
1204
891
452
96
-108
-384
-733
-1039
-1287
-1504
-1605
-1375
-1061
-1063
-1068
-996
-1020
-912
-478
29
358
480
480
527
628
904
1353
1675
1687
1460
1105
917
975
1054
1064
838
313
-232
-466
-382
-263
-380
-644
-999
-1286
-1158
-758
-491
-480
-607
-680
-503
-131
306
583
544
456
515
700
958
1147
1213
1130
1041
1110
1305
1439
1485
1434
1305
1156
1110
1216
1318
1416
1398
1298
1218
1080
1012
1226
1395
1368
1345
1168
854
806
1063
1388
1564
1402
942
91
-773
-1093
-1149
-1211
-1248
-1739
-2774
-3715
-4220
-4232
-3841
-3530
-3685
-4266
-4799
-4755
-4128
-3208
-2488
-2319
-2488
-2431
-1783
-688
386
1054
1152
940
1078
1704
2469
3079
3290
3044
2629
2378
2503
2697
2562
2318
1999
1410
822
500
161
-279
-563
-750
-1080
-1432
-1649
-1768
-1815
-1736
-1623
-1642
-1748
-1830
-1791
-1508
-1084
-785
-594
-544
-658
-583
-243
75
373
490
308
198
188
279
583
711
446
165
-14
-177
-150
-5
17
-226
-526
-611
-570
-441
-215
-128
-256
-387
-320
19
470
811
983
1020
1014
1216
1607
1946
2166
2211
2124
2017
2050
2257
2434
2497
2502
2359
2047
1859
1888
1909
1931
1913
1720
1450
1279
1308
1440
1457
1353
1206
942
727
735
798
832
809
696
457
-58
-686
-1137
-1465
-1635
-1607
-1777
-2397
-3184
-3796
-4002
-3769
-3363
-3251
-3597
-4105
-4298
-3997
-3202
-2379
-2048
-2126
-2260
-2040
-1347
-469
160
330
101
41
455
1064
1627
1947
1770
1354
1138
1129
1194
1191
1032
729
350
27
-187
-467
-827
-1053
-1207
-1469
-1654
-1774
-1981
-2091
-1933
-1681
-1583
-1535
-1428
-1295
-1086
-659
-194
40
151
304
528
854
1250
1489
1500
1346
1183
1187
1339
1472
1418
1174
793
468
337
332
301
115
-218
-494
-573
-502
-310
-128
-126
-188
-73
180
484
836
1116
1215
1306
1505
1760
2055
2322
2481
2571
2601
2645
2722
2703
2655
2678
2630
2455
2300
2136
1916
1757
1713
1630
1340
981
703
519
461
468
399
151
-251
-516
-501
-319
-151
-152
-237
-406
-671
-894
-1041
-1349
-1725
-1894
-2047
-2245
-2452
-2793
-3171
-3472
-3578
-3521
-3540
-3674
-3821
-3911
-3834
-3519
-3150
-2830
-2596
-2445
-2157
-1651
-1155
-686
-245
-20
212
616
1074
1548
1908
2010
1960
1859
1742
1691
1674
1606
1431
1126
763
365
-12
-230
-448
-701
-973
-1289
-1584
-1733
-1693
-1551
-1440
-1404
-1395
-1382
-1299
-1070
-714
-366
-112
119
349
571
856
1229
1565
1777
1864
1898
1987
2119
2224
2281
2214
1910
1580
1410
1248
1063
894
499
70
-218
-431
-457
-420
-511
-654
-745
-796
-734
-534
-307
-101
102
300
506
749
1058
1375
1670
1851
1906
1947
1994
2092
2257
2376
2331
2135
1871
1658
1529
1417
1310
1071
694
412
213
89
73
-17
-212
-440
-662
-713
-612
-498
-422
-429
-517
-641
-825
-962
-1043
-1203
-1302
-1378
-1567
-1779
-2058
-2345
-2483
-2585
-2675
-2726
-2818
-2940
-3049
-3014
-2796
-2571
-2403
-2185
-1998
-1896
-1675
-1315
-954
-669
-464
-241
-7
270
688
1070
1295
1372
1375
1373
1411
1509
1638
1636
1475
1267
995
760
621
531
356
76
-207
-446
-636
-756
-822
-916
-1001
-1050
-1046
-1019
-937
-798
-687
-520
-338
-158
13
208
432
663
877
1059
1206
1250
1290
1366
1436
1470
1431
1284
1077
860
701
637
545
370
142
-70
-198
-227
-222
-227
-244
-267
-227
-66
154
343
449
565
711
871
1101
1406
1631
1745
1856
1964
2058
2160
2289
2332
2263
2125
1982
1905
1795
1612
1410
1131
750
478
307
68
-166
-385
-693
-962
-1091
-1168
-1165
-1169
-1223
-1302
-1429
-1543
-1549
-1565
-1660
-1678
-1700
-1816
-1914
-1940
-1995
-2066
-2104
-2108
-2123
-2186
-2190
-2165
-2128
-2053
-1977
-1906
-1812
-1748
-1680
-1492
-1330
-1174
-957
-762
-577
-359
-129
82
281
412
554
666
724
806
884
984
1006
962
964
890
767
739
679
501
373
274
133
12
-121
-221
-334
-415
-360
-332
-369
-365
-374
-375
-237
-17
162
291
393
490
644
892
1145
1327
1437
1484
1533
1618
1666
1671
1595
1432
1253
1099
982
916
840
665
439
211
25
-112
-198
-214
-258
-369
-400
-382
-385
-304
-104
55
207
416
565
687
865
1108
1364
1589
1718
1775
1812
1814
1869
1968
2018
1953
1761
1518
1313
1119
986
876
691
409
91
-195
-447
-653
-831
-994
-1152
-1350
-1549
-1730
-1944
-2111
-2217
-2329
-2419
-2494
-2624
-2753
-2788
-2740
-2578
-2425
-2387
-2362
-2337
-2240
-1974
-1685
-1456
-1296
-1226
-1089
-824
-579
-338
-169
-128
-58
54
221
448
566
625
692
707
734
746
743
721
673
653
644
585
484
407
341
335
369
359
277
135
59
54
77
132
158
99
0
1
81
178
283
325
301
240
248
364
523
629
656
622
597
625
713
809
861
827
718
655
625
623
630
609
542
441
372
370
362
350
328
284
223
176
183
154
126
135
171
176
176
192
182
184
264
372
420
436
455
474
512
632
757
756
714
733
785
836
899
921
830
699
661
662
634
629
545
369
194
53
-41
-125
-223
-339
-507
-697
-915
-1134
-1270
-1372
-1486
-1612
-1781
-1983
-2146
-2189
-2114
-1979
-1903
-1921
-1898
-1834
-1695
-1422
-1120
-923
-806
-684
-498
-267
-17
251
377
376
417
496
598
743
809
773
660
508
427
397
357
295
188
50
-75
-191
-255
-310
-369
-370
-359
-372
-351
-319
-314
-244
-127
-4
99
164
246
327
410
541
619
622
619
594
606
665
714
702
641
554
453
383
339
271
207
107
-29
-120
-208
-296
-344
-361
-385
-414
-418
-416
-378
-332
-274
-194
-119
-34
59
189
304
408
496
537
575
616
681
773
869
907
915
916
860
847
894
919
911
884
813
741
723
739
755
723
644
589
545
515
549
573
559
507
465
425
383
381
342
214
56
-60
-166
-313
-441
-574
-744
-898
-1017
-1143
-1307
-1477
-1597
-1634
-1656
-1654
-1643
-1667
-1683
-1629
-1543
-1404
-1280
-1189
-1083
-966
-777
-592
-416
-259
-139
-59
47
184
267
335
368
350
346
353
340
285
186
95
18
-65
-120
-149
-249
-371
-423
-449
-454
-414
-389
-436
-483
-456
-379
-261
-132
-32
29
66
165
306
473
626
695
758
769
781
865
902
906
906
821
699
586
503
411
304
196
86
-41
-158
-243
-297
-295
-304
-340
-363
-331
-274
-170
-39
86
207
284
385
489
626
779
942
1072
1164
1273
1360
1419
1436
1444
1429
1393
1361
1310
1231
1135
1017
912
821
697
569
474
365
228
107
4
-100
-185
-257
-323
-353
-405
-468
-528
-603
-667
-741
-764
-801
-851
-917
-995
-1053
-1082
-1073
-1104
-1145
-1188
-1229
-1261
-1266
-1273
-1309
-1326
-1328
-1319
-1305
-1276
-1248
-1232
-1198
-1152
-1080
-974
-892
-818
-720
-623
-529
-426
-299
-177
-113
-30
66
95
147
220
278
323
333
332
308
273
244
249
254
227
205
171
137
119
162
195
189
199
179
186
235
296
388
463
520
563
609
671
735
791
845
894
874
850
852
821
785
770
728
665
582
523
500
483
446
426
396
343
335
337
351
376
379
381
379
373
396
437
494
540
590
606
607
626
675
728
773
801
767
752
721
710
719
674
620
540
427
318
232
117
-31
-192
-353
-503
-666
-815
-966
-1136
-1273
-1384
-1492
-1588
-1676
-1742
-1795
-1811
-1773
-1747
-1730
-1720
-1670
-1571
-1432
-1256
-1115
-1017
-959
-870
-700
-510
-352
-260
-213
-186
-155
-66
31
60
53
19
-4
-15
-5
40
32
-25
-71
-98
-100
-89
-61
-40
-41
-24
-6
46
98
152
229
289
353
398
452
513
566
634
718
772
797
824
827
816
850
869
861
864
823
771
744
708
671
637
600
558
506
452
424
383
353
346
313
282
267
264
277
319
345
359
367
384
417
445
487
521
536
537
524
502
479
423
381
346
303
278
243
198
168
134
91
65
41
10
-11
-27
-73
-110
-135
-166
-196
-249
-301
-344
-394
-428
-466
-531
-597
-676
-737
-776
-794
-849
-913
-970
-1063
-1127
-1147
-1144
-1161
-1177
-1186
-1180
-1185
-1154
-1099
-1056
-1007
-947
-859
-790
-685
-570
-465
-369
-270
-182
-105
-52
24
101
154
221
267
282
283
310
318
322
332
307
265
232
206
200
191
199
199
173
165
167
181
194
215
241
241
254
294
348
384
444
486
509
544
595
644
669
702
718
735
743
773
814
812
806
805
798
801
816
836
824
783
761
730
687
672
644
580
533
483
408
370
332
282
242
201
140
85
44
19
26
23
2
-48
-89
-118
-130
-126
-143
-171
-201
-245
-296
-326
-338
-357
-394
-436
-490
-542
-578
-600
-626
-649
-691
-716
-757
-811
-827
-863
-875
-883
-914
-936
-944
-937
-912
-896
-881
-849
-834
-801
-752
-725
-676
-621
-597
-561
-496
-438
-381
-320
-263
-222
-183
-121
-41
35
98
141
155
162
190
237
256
268
265
245
215
218
237
235
229
209
197
185
194
202
209
220
214
246
262
279
313
349
403
436
465
493
524
544
592
664
686
708
700
721
738
778
829
844
842
800
775
767
760
754
740
692
645
608
582
565
539
497
436
358
313
292
258
214
170
127
69
27
-9
-38
-66
-103
-131
-151
-173
-190
-218
-246
-255
-275
-295
-312
-338
-368
-382
-411
-437
-452
-478
-521
-561
-565
-573
-589
-606
-632
-661
-679
-667
-647
-634
-627
-623
-613
-592
-566
-547
-525
-503
-472
-433
-403
-402
-387
-372
-353
-311
-299
-292
-286
-294
-295
-289
-265
-232
-228
-198
-173
-147
-109
-65
-26
-9
11
36
63
111
170
216
247
258
250
267
287
319
366
354
317
277
279
303
322
326
298
255
216
212
214
218
223
197
177
182
186
197
218
229
226
228
257
279
307
335
354
369
377
397
410
426
408
402
407
384
360
348
336
312
274
237
206
177
158
123
85
42
24
7
-4
-10
-26
-43
-79
-90
-87
-84
-64
-63
-71
-78
-66
-53
-63
-70
-73
-82
-86
-91
-87
-93
-109
-130
-147
-172
-191
-201
-207
-216
-237
-247
-269
-266
-270
-275
-257
-251
-254
-250
-247
-239
-231
-195
-171
-174
-170
-175
-156
-158
-136
-124
-132
-129
-139
-128
-130
-123
-119
-136
-146
-132
-112
-90
-87
-72
-53
-55
-41
-19
17
34
29
38
42
67
98
119
143
142
132
133
124
129
135
119
95
70
62
47
41
43
36
13
-9
-17
-23
-12
2
7
11
12
15
37
57
78
91
98
111
117
145
154
162
174
175
181
177
183
180
180
158
142
128
127
111
96
94
77
58
52
38
21
19
14
20
35
49
51
51
48
68
82
106
113
114
124
125
156
173
193
199
196
194
186
209
198
181
161
119
94
82
84
55
9
-25
-53
-75
-98
-111
-125
-142
-143
-160
-177
-179
-193
-208
-220
-219
-218
-226
-237
-252
-256
-281
-268
-278
-290
-284
-298
-291
-285
-270
-254
-261
-271
-253
-243
-219
-196
-178
-166
-158
-131
-98
-56
-28
-4
16
36
56
94
105
126
134
112
109
105
109
98
82
72
41
15
-7
-30
-31
-25
-38
-43
-62
-77
-81
-88
-61
-47
-34
-40
-48
-29
-5
25
52
85
88
103
133
156
191
221
241
245
267
281
291
305
313
310
312
299
292
277
261
251
218
219
200
179
154
130
113
93
81
71
57
36
25
16
13
4
16
24
29
30
20
36
53
61
61
55
62
42
43
32
8
8
-15
-30
-50
-66
-97
-139
-168
-198
-198
-211
-237
-273
-301
-308
-323
-315
-318
-323
-324
-317
-313
-293
-263
-237
-218
-218
-206
-187
-152
-127
-110
-97
-95
-88
-79
-63
-55
-35
-27
-36
-27
-29
-29
-17
-14
-4
-9
-10
-9
-2
11
15
20
32
27
24
27
39
55
60
77
70
52
54
77
96
107
102
87
77
73
77
86
81
90
79
62
71
81
96
104
114
115
128
140
154
164
170
184
185
204
215
214
214
208
226
214
219
221
205
208
190
179
171
158
160
141
126
109
91
68
51
51
43
29
-5
-9
-12
-18
-22
-35
-52
-64
-56
-45
-45
-60
-73
-98
-113
-115
-118
-117
-142
-145
-167
-189
-185
-187
-183
-206
-210
-229
-219
-207
-200
-198
-219
-202
-209
-186
-170
-162
-141
-148
-142
-144
-126
-100
-84
-72
-71
-60
-45
-28
-13
-8
-4
-14
-14
-5
10
23
38
24
21
38
44
53
48
56
64
62
63
63
73
79
87
88
76
71
55
56
68
62
71
64
48
62
59
71
84
64
56
49
50
64
70
76
78
82
80
88
89
102
118
101
107
95
117
126
121
127
128
131
117
109
100
103
110
102
86
67
49
61
51
51
31
-2
-1
-14
-11
-19
-30
-52
-81
-90
-101
-100
-97
-102
-108
-123
-122
-112
-116
-120
-120
-118
-116
-117
-109
-100
-112
-108
-113
-110
-101
-102
-99
-107
-111
-113
-98
-89
-88
-86
-85
-76
-75
-75
-67
-61
-58
-50
-50
-53
-31
-14
-6
-4
-3
1
1
10
29
32
29
41
44
39
40
44
33
41
33
26
32
29
33
20
20
31
30
41
47
42
38
46
41
46
56
57
73
64
73
79
73
92
104
102
105
104
113
117
113
114
121
102
98
91
93
89
80
70
53
53
27
29
17
17
25
11
8
3
13
22
15
18
23
22
26
28
43
51
62
57
51
56
48
58
50
45
27
13
-1
-19
-28
-51
-63
-91
-120
-141
-169
-173
-189
-207
-207
-223
-220
-218
-234
-219
-200
-199
-179
-175
-169
-149
-142
-117
-99
-74
-52
-48
-41
-30
-14
-8
-9
-12
-13
0
-5
-7
-6
-20
-23
-27
-37
-45
-51
-54
-63
-64
-62
-54
-50
-45
-34
-28
-4
3
12
23
30
33
39
52
72
96
102
100
103
102
110
120
120
125
120
103
103
107
106
115
104
94
85
74
73
78
62
69
70
63
75
52
65
74
73
85
74
62
61
66
60
72
59
54
45
31
35
32
25
15
8
-10
-17
-19
-11
-19
-27
-29
-35
-36
-38
-33
-41
-42
-32
-40
-26
-22
-22
-16
-20
-16
-6
-3
0
-8
-17
-11
-22
-22
-33
-42
-49
-56
-67
-72
-84
-95
-92
-103
-116
-123
-125
-125
-115
-120
-118
-120
-112
-110
-98
-104
-100
-78
-77
-57
-54
-46
-42
-40
-15
-6
-8
-4
-7
-7
0
1
9
2
-10
-18
-15
-14
-20
-24
-21
-25
-27
-25
-30
-9
-5
-1
10
12
22
25
41
55
69
81
86
97
111
121
114
136
146
150
153
130
129
130
128
131
107
100
83
62
57
36
32
27
11
-2
-22
-29
-39
-28
-35
-38
-28
-44
-24
-23
-19
-17
-18
-8
-8
3
18
26
29
36
34
48
50
53
46
49
52
32
39
31
33
29
14
10
12
3
1
0
-17
-25
-28
-23
-21
-16
-18
-23
-19
-27
-26
-19
-15
-11
-28
-30
-29
-23
-11
-18
-11
-22
-30
-26
-18
-18
-19
-23
-31
-37
-45
-31
-35
-22
-34
-41
-45
-38
-41
-45
-29
-33
-25
-36
-38
-29
-16
-22
-23
-17
-16
-14
-18
-24
-9
-3
-2
-12
-17
-9
-8
0
1
2
9
10
-3
-3
6
6
4
8
6
14
11
4
11
20
17
8
12
12
18
15
10
19
27
28
26
19
23
23
19
32
26
28
31
23
34
32
33
45
47
37
36
46
41
43
41
32
34
39
45
40
30
38
28
28
34
17
27
27
16
18
17
27
19
18
11
15
25
14
14
9
14
14
-1
14
15
17
15
2
11
7
3
1
-6
-3
-4
-9
-13
-20
-17
-22
-13
-19
-33
-34
-42
-35
-39
-32
-33
-40
-39
-47
-50
-48
-33
-38
-46
-51
-64
-58
-59
-56
-51
-58
-53
-66
-67
-67
-66
-61
-67
-70
-69
-70
-68
-68
-59
-49
-48
-50
-42
-38
-23
-21
-14
-4
-1
19
29
30
39
47
51
64
65
66
68
77
79
78
77
73
76
64
67
62
59
59
51
39
36
22
26
29
21
23
5
3
6
12
20
25
20
18
20
29
39
34
42
45
50
51
52
49
51
54
51
54
44
41
37
28
24
30
19
14
6
1
-7
-13
-16
-29
-21
-23
-17
-29
-30
-28
-30
-23
-25
-16
-17
-13
-13
-12
-8
-8
-11
-1
0
-12
-18
-22
-24
-26
-28
-29
-31
-46
-43
-53
-60
-53
-66
-71
-74
-78
-73
-78
-74
-74
-82
-74
-74
-68
-61
-66
-59
-53
-52
-47
-46
-33
-33
-37
-27
-32
-30
-27
-23
-27
-27
-23
-19
-26
-22
-15
-10
-14
-10
-4
-3
12
10
18
21
29
31
37
48
53
70
61
65
72
80
86
79
82
84
78
76
79
81
67
63
55
44
44
36
36
23
15
18
7
4
2
11
12
3
3
-6
5
7
9
11
12
9
18
25
28
32
30
32
17
30
29
29
31
26
21
6
14
9
6
1
-9
-6
-13
-15
-24
-26
-23
-29
-22
-22
-24
-25
-20
-17
-17
-22
-19
-16
-21
-9
-9
-17
-17
-12
-14
-15
-18
-22
-19
-28
-17
-32
-40
-36
-44
-46
-52
-43
-45
-48
-54
-58
-53
-45
-48
-48
-45
-42
-32
-29
-24
-27
-27
-21
-11
-2
-8
-1
-17
-12
0
-5
0
-1
6
-3
-6
-12
-5
0
-10
-4
-8
-3
-8
-6
-3
7
3
1
0
4
12
21
18
25
30
26
29
33
35
37
30
37
38
29
25
28
33
24
22
16
13
12
4
2
8
-2
-2
-6
-5
-2
-7
5
4
4
7
5
9
23
27
21
33
40
43
44
45
52
58
60
57
53
48
39
42
48
49
42
34
24
17
9
13
8
5
-3
-15
-11
-24
-13
-17
-24
-19
-19
-14
-20
-22
-20
-23
-14
-6
-3
-5
-2
1
-2
4
3
-7
5
-1
-6
5
-9
-13
-13
-12
-15
-21
-26
-31
-32
-26
-27
-40
-49
-43
-46
-37
-39
-40
-33
-45
-31
-34
-32
-29
-29
-23
-21
-10
-17
-13
-6
-8
0
-1
-5
-8
-3
7
0
-3
-4
-6
-5
2
1
-8
1
0
-10
-16
0
-4
-4
-6
-4
3
8
4
3
0
4
20
17
20
20
17
25
25
19
30
31
44
31
29
32
36
37
37
30
30
42
30
29
25
38
36
29
33
21
25
16
25
26
25
20
9
19
21
23
18
8
10
4
6
4
-6
12
5
2
-7
-6
-6
-16
-8
-20
-7
-9
-19
-12
-24
-4
-14
-18
-23
-14
-12
-7
-11
-11
-8
-9
0
-4
6
-2
-3
3
3
4
1
8
5
-3
3
-2
2
-11
-2
-11
-8
0
-13
-18
-17
-12
-15
-23
-22
-26
-22
-15
-23
-20
-19
-16
-18
-19
-19
-17
-10
-15
-1
-8
-2
-1
-11
-1
-3
-3
-5
-10
-1
-3
-9
-8
-5
-11
-14
-6
-22
-10
-9
-15
-16
-19
-15
-11
-8
-5
-8
-9
-7
-4
12
4
13
17
16
27
24
24
28
31
39
40
35
37
37
34
38
27
23
32
27
26
25
12
14
12
9
11
-6
4
0
-3
-7
-5
7
2
2
0
-4
4
15
10
10
13
20
25
31
27
34
23
32
34
23
29
23
30
24
30
18
15
16
5
7
-1
0
-8
-13
-13
-17
-18
-31
-22
-40
-26
-22
-37
-30
-41
-28
-36
-37
-27
-33
-27
-28
-26
-25
-23
-26
-27
-22
-15
-18
-28
-23
-28
-15
-21
-26
-17
-16
-20
-17
-20
-26
-18
-28
-19
-15
-15
-12
-18
-17
-10
-7
-7
-10
-9
-5
-2
8
0
4
1
6
9
0
7
4
4
13
9
4
3
11
9
11
4
-1
11
11
10
3
10
14
14
10
10
15
18
22
20
22
23
29
23
29
35
29
28
24
36
34
26
30
30
33
30
23
18
19
21
19
21
17
14
12
11
4
16
6
2
1
2
5
-4
0
5
6
-2
-3
-7
-3
-4
0
-9
-9
-3
-3
-7
-18
-9
-16
-9
-18
-20
-19
-23
-19
-20
-22
-26
-24
-26
-21
-32
-26
-25
-30
-22
-20
-16
-32
-26
-21
-21
-14
-15
-12
-19
-9
-3
-13
-15
-12
-6
-4
-4
-12
-4
-11
-4
3
-14
-6
-15
-9
-6
-4
-6
-13
-10
-6
-4
3
-2
-4
4
-4
-3
7
11
13
9
17
23
16
13
21
22
26
28
25
25
19
28
19
17
15
19
16
9
13
6
3
-2
-1
-1
-7
-8
-7
-10
-10
-13
-1
-11
-10
-6
-10
-2
-8
0
7
-5
7
10
9
19
13
20
12
10
19
18
5
22
18
20
14
6
8
-3
10
4
-4
-11
0
-3
-9
-21
-23
-11
-14
-16
-26
-26
-27
-16
-28
-27
-24
-21
-10
-26
-29
-23
-22
-15
-16
-21
-16
-27
-18
-13
-23
-14
-18
-21
-16
-14
-8
-14
-21
-8
-12
-17
-5
-11
-7
2
-4
1
2
2
2
4
6
16
12
10
16
10
23
12
16
16
6
24
17
10
11
8
7
18
9
4
-1
6
12
0
-2
-5
5
7
5
2
-2
0
5
9
2
5
16
8
9
13
12
12
18
14
12
16
11
23
4
18
9
7
8
2
5
5
7
-12
1
-7
-2
-6
-11
-8
-13
-7
-9
-16
-9
-8
-5
-8
-15
-4
-14
-13
-5
-5
-3
-3
3
-11
-9
0
-7
-4
-5
-5
-7
-7
1
-17
-10
0
-3
-10
-16
-15
-6
-5
-6
-6
-13
-1
-3
-9
-8
-8
2
3
-3
5
-7
-3
5
