4
4
1
-2
3
-2
0
-2
1
0
-2
-1
-4
-4
-1
-3
-3
-3
-2
-3
-5
-4
-4
-5
-6
-3
-3
0
1
-1
1
-3
-2
1
-4
-4
2
-1
1
2
-1
1
-2
4
0
1
4
2
5
8
8
6
5
2
-2
-3
3
-3
0
-2
-2
-1
-3
2
-2
-1
-2
-2
-1
3
1
2
4
5
5
1
2
3
4
3
-1
2
2
-2
-4
-3
-3
-3
-3
-2
-1
-7
0
2
1
0
0
1
-2
-4
-1
-3
-3
0
-2
-5
-4
-1
-2
3
0
-2
2
-1
1
-2
0
1
0
1
-1
1
1
-1
3
0
-3
1
-1
-4
-6
-2
-2
-3
1
2
3
4
-2
-1
-2
2
0
-6
3
1
0
1
1
2
5
2
3
4
3
4
4
0
-1
3
0
1
4
3
1
0
2
1
2
2
-4
0
0
0
1
-3
0
3
1
-1
0
0
5
-1
-1
0
-1
0
1
1
-3
4
0
0
2
-2
1
-3
-2
2
0
-2
-3
2
0
-1
1
-2
0
1
1
-3
-5
0
-1
-6
0
0
2
4
2
0
2
-2
-1
2
-2
-3
-3
2
3
5
-3
4
6
7
2
0
2
0
3
2
-2
-5
-4
-7
-4
-1
-4
-4
-2
-2
-4
-4
-2
-3
-1
0
0
-3
-5
-1
-4
-8
-3
-3
-1
5
6
1
4
2
0
2
4
3
3
5
3
4
1
2
-1
-4
0
-2
1
1
2
-1
-2
-2
4
0
-3
-2
1
-2
-3
1
-1
1
2
2
1
0
-2
-1
1
-5
-2
-2
-4
-2
-6
1
-2
2
2
-1
1
-8
-3
-1
0
2
1
3
4
-4
-1
1
2
2
2
4
3
4
2
4
7
2
5
5
5
2
2
5
5
10
7
1
2
2
2
4
5
3
5
4
3
0
1
-5
-4
-4
-6
-3
-2
-2
-1
0
-2
-2
0
-1
0
3
0
0
3
0
-2
0
-7
-4
0
-2
-4
-1
1
-1
-1
-6
-9
-8
-6
-7
-4
-8
-9
-2
-1
0
2
-2
-1
1
2
-1
-1
1
6
3
2
1
1
1
0
0
-2
0
-1
2
-1
0
0
2
2
-5
-3
-4
-2
-2
-3
-5
1
3
3
3
4
8
7
7
8
8
9
6
6
4
4
5
3
3
8
8
-2
-1
-1
-6
-2
-4
-2
-3
-4
-1
-3
0
-4
-4
0
-2
-1
-2
-2
-1
-3
-4
-3
-1
2
3
-4
-1
-1
-1
1
-1
5
3
2
0
-1
3
0
3
3
0
2
2
1
1
1
-5
-5
-2
-4
-1
0
-3
-8
-8
-2
-7
-6
-5
0
-1
0
3
1
2
1
-1
-3
5
3
5
7
-2
3
4
1
-2
-1
-4
-3
1
-1
-1
-1
-3
1
1
2
-1
-2
3
-2
5
3
2
0
-2
-1
1
-1
1
2
1
1
-1
0
0
-1
1
2
-3
-4
-3
-2
1
1
1
1
-1
-2
-2
3
-2
-4
3
4
2
1
-1
-1
1
0
-1
1
0
3
4
3
1
-5
1
-2
-7
-2
-3
-5
-7
-4
-1
0
0
3
-1
-4
2
-2
-2
-1
-3
-1
0
5
5
1
1
-3
2
-1
-2
-1
-2
-3
-2
3
1
-1
-2
-2
-5
-3
0
1
-3
-5
0
0
0
-1
1
1
3
4
-2
-1
-3
-2
0
-2
-2
-1
-1
2
0
1
3
-1
3
6
2
0
-3
2
2
-1
1
3
-1
-4
1
1
0
1
0
1
1
-2
-4
4
7
5
5
2
2
3
-1
3
4
3
4
1
5
4
5
6
4
1
1
-1
2
1
-4
-2
-3
-2
-1
3
-3
-1
5
3
2
0
1
-1
-1
-3
-3
-2
-3
0
3
0
-2
0
0
-5
-2
-5
-5
1
-1
-4
-3
-4
-3
0
2
2
1
1
1
-2
-3
0
-3
-2
-2
3
3
2
1
1
-2
-4
-1
0
4
2
-1
-6
0
3
0
5
-1
1
-1
-4
-4
-1
0
-3
-3
-3
3
2
0
0
3
2
1
5
1
1
0
-1
0
-3
-2
-2
-2
-6
-3
-8
-7
0
3
1
-2
-3
-8
-3
-3
-5
-3
-5
-6
-5
-3
2
0
1
3
-2
-1
3
3
3
7
1
1
-1
-7
0
3
0
4
3
1
0
-7
2
4
0
1
-3
-3
-3
4
3
6
7
6
7
4
4
2
2
2
-2
0
2
7
6
5
8
2
5
3
-1
-1
1
-1
1
1
5
1
4
7
4
6
5
6
2
6
3
6
4
1
2
-6
-1
-3
-6
-4
-1
3
0
-2
1
-1
-2
-3
-8
-9
-7
-3
0
-1
-9
-5
-4
-2
-1
-10
-7
-8
-6
-4
-2
-6
-5
-1
1
3
-1
2
3
8
8
10
11
8
19
13
5
5
4
4
1
3
3
4
5
3
8
-3
-6
-7
-7
-9
-17
-23
-25
-18
-20
-15
-16
-19
-17
-13
-8
-8
-12
-12
-4
-1
-4
-3
3
11
18
13
12
8
9
19
12
4
-4
-3
5
5
1
-2
-1
3
1
-6
-12
-16
-8
-7
-7
-15
-16
-5
2
5
-1
1
11
11
13
2
-9
-8
-3
6
0
1
8
18
24
20
12
0
8
8
0
-9
-11
-9
0
1
-9
-16
-7
3
2
-4
-15
-16
-5
-4
-12
-13
-15
-5
11
11
5
4
15
21
15
3
-5
-3
3
9
-8
-12
-6
5
14
2
-1
0
6
9
-1
-15
-24
-14
-12
-18
-33
-45
-29
-9
-1
-20
-32
-16
8
8
-6
-13
1
24
29
21
14
17
29
43
37
22
11
22
44
51
38
18
33
48
49
22
-4
-6
11
17
-4
-24
-30
-9
-5
-24
-51
-68
-51
-46
-55
-80
-94
-77
-48
-36
-57
-63
-44
-13
2
-13
-30
-28
-3
15
1
-24
-37
-27
-4
-21
-58
-71
-37
3
-7
-52
-88
-54
10
53
35
-3
13
80
157
166
134
95
115
175
180
134
78
128
216
248
208
163
199
255
249
137
-8
-112
-150
-165
-209
-270
-319
-277
-185
-115
-120
-180
-181
-136
-130
-190
-253
-245
-174
-93
-70
-73
-57
-23
5
-9
-79
-192
-275
-279
-236
-227
-265
-255
-140
11
79
58
68
143
229
256
247
281
371
491
591
666
720
767
797
808
756
632
493
378
309
208
41
-119
-230
-273
-315
-424
-548
-621
-646
-682
-753
-828
-819
-701
-566
-482
-424
-303
-107
72
138
132
141
174
172
120
58
1
-53
-102
-136
-182
-266
-373
-440
-439
-461
-573
-665
-573
-338
-166
-130
-68
164
429
545
525
534
641
729
761
812
927
1049
1109
1143
1188
1188
1067
879
741
638
484
278
123
88
89
16
-154
-322
-432
-526
-643
-809
-985
-1134
-1214
-1190
-1067
-916
-805
-696
-517
-258
-29
85
105
125
193
216
133
11
-52
-57
-110
-237
-384
-483
-545
-622
-728
-820
-871
-894
-866
-775
-610
-443
-305
-140
98
354
512
574
612
692
772
825
835
838
880
977
1144
1282
1313
1243
1175
1183
1181
1064
862
737
743
795
792
720
673
651
597
435
107
-326
-735
-994
-1180
-1459
-1859
-2157
-2077
-1736
-1450
-1401
-1372
-1067
-576
-184
-77
-55
111
399
605
586
482
432
474
474
295
-25
-357
-563
-677
-843
-1091
-1300
-1300
-1138
-965
-845
-732
-559
-336
-101
60
125
137
211
404
593
673
650
684
791
835
755
640
625
639
650
669
790
1044
1297
1486
1614
1731
1776
1754
1686
1598
1481
1321
1223
1194
1197
1116
993
884
671
177
-611
-1418
-2095
-2750
-3481
-4095
-4279
-4007
-3517
-2990
-2387
-1625
-792
-41
495
834
1067
1244
1449
1616
1667
1626
1555
1506
1350
998
513
18
-474
-1030
-1590
-2029
-2263
-2344
-2306
-2131
-1843
-1548
-1284
-919
-441
-17
175
242
428
716
919
942
954
1025
1060
944
752
635
512
314
59
-99
-159
-177
-124
53
343
592
850
1221
1688
2013
2059
1990
2004
2122
2157
2059
1890
1792
1811
1895
1906
1723
1433
1193
1027
698
20
-945
-1817
-2359
-2813
-3519
-4489
-5091
-4856
-4029
-3353
-3160
-2840
-1848
-357
755
1100
1235
1692
2433
2834
2661
2272
2092
2114
1892
1268
398
-362
-893
-1377
-1927
-2586
-3131
-3380
-3329
-3125
-2969
-2820
-2509
-1876
-1080
-429
-7
365
853
1354
1634
1634
1492
1339
1240
1113
893
542
187
12
-6
-7
-157
-302
-213
54
310
440
625
943
1316
1659
1898
2111
2188
2185
2227
2328
2424
2309
2197
2162
2187
2128
1987
2016
1992
1803
1457
1221
937
58
-1201
-2286
-2818
-3587
-5137
-6524
-6592
-5358
-4375
-4314
-4161
-2819
-622
911
1337
1346
1757
2595
3126
3129
2677
2290
2262
2287
1894
790
-302
-878
-1142
-1796
-3022
-3933
-4132
-3830
-3664
-3650
-3477
-3144
-2569
-1766
-714
29
206
329
1034
2057
2418
2035
1675
1947
2248
1954
1290
878
750
516
125
-196
-331
-535
-548
-250
209
375
387
850
1658
2319
2280
2096
2121
2320
2299
2038
1961
1917
2000
2019
2186
2325
2242
2177
2325
2635
2567
2231
2089
2279
2219
1207
-279
-1357
-2315
-3824
-6122
-7749
-7664
-6810
-6348
-6619
-5900
-3906
-1452
98
468
949
1528
2645
3227
3224
2763
2369
2808
2870
2091
151
-827
-609
-526
-1812
-4184
-5014
-4524
-3458
-3274
-3441
-3188
-2687
-1621
-776
70
153
102
604
1416
1863
1457
1332
1667
2166
1927
1355
990
901
767
424
84
-390
-638
-725
-309
-4
-69
-157
139
900
1312
1314
1143
1400
1885
2136
2064
1706
1693
1951
2280
2487
2321
2259
2722
3155
3126
2154
1746
2648
3677
3409
1682
1971
2995
4109
1907
-1231
-1440
-1253
-1153
-5306
-8380
-9327
-7478
-5755
-6665
-6593
-6912
-3582
-955
491
518
-407
1339
2945
4035
2711
1948
2857
3731
3860
1699
698
563
238
-567
-2725
-4011
-4915
-4928
-4633
-4453
-4118
-4012
-2559
-1103
374
810
444
923
1479
2189
1612
503
-63
317
1012
881
530
142
381
445
156
-149
-629
-919
-922
-577
-280
-327
-370
314
1211
1449
1164
1192
1819
2347
2106
1571
1677
2189
2785
2974
2846
2888
3091
3586
3866
3699
3212
2988
3091
3114
2981
2720
2694
2763
2981
3295
3214
2104
534
-810
-2256
-4986
-8969
-11224
-10660
-8817
-8642
-9580
-8354
-4516
-368
1039
1015
1521
3093
4500
4535
4287
4029
4245
4427
4080
3185
1881
958
133
-1352
-3720
-5833
-6499
-6453
-6734
-7518
-7545
-6193
-4409
-2827
-1559
-134
1169
2152
2826
3342
3225
2399
1530
1150
1205
874
253
-342
-452
-671
-1028
-1393
-1596
-1556
-1721
-1620
-1190
-442
193
623
1014
1465
1895
1998
1999
1912
1847
1835
1988
2295
2573
2686
2734
3069
3406
3537
3405
3221
3180
3192
3208
3207
3188
3000
2848
2888
3224
3503
3505
3603
3893
4352
3730
2488
1300
121
-1916
-6000
-9114
-9925
-8626
-8612
-10456
-10620
-8142
-3854
-1954
-1447
-583
1152
2920
3105
3618
3943
4159
3635
2704
2438
1733
1115
-16
-1222
-2831
-4602
-5293
-5678
-6026
-7258
-7806
-6927
-5424
-4001
-2896
-1132
612
2075
3130
4028
4291
3040
1539
808
880
413
-786
-1480
-1410
-1184
-1492
-1434
-1014
-897
-1394
-1568
-773
204
657
674
1111
1639
2066
2331
2640
2741
2456
2243
2456
3077
3194
2937
2690
2784
3202
3473
3549
3401
3256
3238
3678
4055
3999
3743
3405
3581
3862
3931
4047
4209
4596
5055
5465
5193
4045
2616
741
-1557
-5920
-10164
-11811
-11309
-10760
-12828
-13954
-11994
-7331
-4131
-3533
-2948
-1454
1267
2498
3293
3979
4383
4601
4219
4320
4157
3700
2591
991
-805
-2866
-4098
-5105
-6187
-7745
-8960
-8470
-7093
-5613
-4589
-3159
-1240
545
1758
2620
3003
2291
1142
587
1003
1304
806
62
109
288
248
59
-173
-453
-1242
-1497
-875
42
319
398
1038
1947
2639
2695
2831
2974
2711
2375
2374
2907
3358
3255
3060
3290
3924
4309
4328
3911
3591
3524
3715
4238
4259
3987
3800
4243
4866
5152
4989
4906
4796
4390
4147
4251
3663
1957
224
-1078
-2720
-7411
-11976
-13147
-11092
-10288
-13157
-14699
-12040
-6254
-3270
-2859
-2257
-402
2176
3056
4160
4825
4735
3962
3247
3469
2997
2123
665
-676
-2459
-4524
-5212
-5427
-5984
-7662
-8683
-7639
-5905
-4714
-4077
-2448
-563
823
1533
2256
2788
1477
-132
-774
105
462
-189
-553
-60
704
565
887
1207
1061
-27
-475
536
1439
1075
187
539
1346
1787
1476
1543
1820
1739
1674
2204
3382
4113
4391
4570
5072
5333
5185
5006
4768
4350
3734
3644
4195
4707
4393
3943
3981
4491
4717
4197
3804
3949
4174
3882
3632
3849
4694
4531
3465
1701
-888
-5257
-10378
-13300
-14095
-13917
-16105
-17485
-15588
-10655
-5869
-3866
-2216
-346
2229
3549
4410
5222
4876
4205
3098
3263
3551
2983
1806
17
-1489
-3345
-4561
-5643
-7049
-8690
-10128
-9642
-8245
-6514
-5314
-3932
-1830
144
1806
2643
3360
3327
2300
773
335
1288
1790
1070
-70
258
1423
1743
1004
460
292
-47
-277
134
1063
947
201
387
1784
2740
2457
1946
2101
2820
3186
3808
4757
5404
5478
5353
5732
6020
5751
4858
4220
4029
3916
3789
3472
3405
3162
2943
2852
3072
3189
2804
2554
2967
4039
4456
4581
4935
5932
6020
4707
2983
657
-3688
-10211
-14622
-15432
-14375
-16007
-18799
-18229
-13656
-8296
-5637
-3893
-1969
306
1570
2672
4590
5318
4582
2986
2774
3595
3508
2394
540
-1139
-3093
-4538
-5193
-5924
-7079
-8912
-9101
-7914
-6293
-4998
-3806
-1802
-326
919
2145
4047
4605
2905
1049
1015
2720
3019
1924
1031
1490
2059
1834
1608
1599
1176
-209
-694
4
775
307
-377
127
1280
2033
2328
2995
3492
3681
3887
4879
6089
6346
5792
5433
5639
5713
5274
4513
4003
3705
3374
3188
3046
2693
2187
1674
1760
2081
2425
2525
2735
3514
4271
4702
4799
5359
6353
6155
4910
2843
583
-3534
-10020
-14552
-16040
-14954
-16549
-19542
-19808
-15829
-10012
-7189
-5281
-3609
-1023
960
2302
4696
5764
5427
3748
3502
4617
4751
3532
937
-896
-2746
-4032
-4741
-5725
-6887
-8638
-8753
-7582
-5806
-4713
-3820
-2175
-619
1060
2357
3935
4137
2920
1629
1762
2842
2920
2084
1206
1336
1510
1622
1514
1315
692
-87
46
777
1460
1055
822
1354
2523
3427
3838
4131
4145
4325
4596
5254
5513
5300
4912
4728
4848
4656
4330
3867
3610
3402
3153
3018
2767
2550
2055
1726
1760
2187
2747
3030
3281
3678
4145
4414
4902
5608
6240
5221
3331
1219
-1243
-6035
-12421
-16161
-16764
-15855
-17970
-20253
-19091
-14232
-9205
-6904
-5046
-3025
-361
1362
3146
5349
5900
5273
4123
4682
5453
4848
3077
912
-731
-2798
-4014
-4948
-5846
-7352
-8861
-8611
-7444
-6064
-5384
-4057
-2350
-596
834
2104
3494
3924
3800
3498
4034
4511
4459
3806
3230
2989
2497
2058
1463
1317
1079
786
728
1089
1574
1581
1663
2024
2818
3239
3352
3419
3663
3886
3886
4056
4137
4179
4105
4214
4362
4234
4035
4019
4057
3752
3351
3352
3375
2787
1946
1600
2154
2427
2208
2498
3278
4108
4457
4758
5337
4916
3369
891
-1557
-5435
-10945
-14731
-16144
-15424
-16340
-17910
-17035
-13409
-9159
-6953
-5056
-3123
-1119
268
1511
3767
4755
4405
3670
4206
5194
4593
2837
950
-520
-2429
-4251
-5434
-6397
-7643
-8853
-8555
-7160
-5744
-4828
-3693
-1861
-390
788
1676
2803
3385
3403
3525
4025
4637
4580
4296
3976
3837
3374
2822
2175
1639
1238
993
1140
1189
1313
1138
1195
1424
1829
2150
2205
2264
2367
2933
3583
4248
4603
4697
4668
4748
5087
5362
5313
4634
4035
3653
3638
3548
3186
2976
2645
2413
2227
2339
2691
2860
3137
3436
4173
5038
5583
5388
3871
1918
-697
-3842
-8903
-13863
-16847
-17294
-17142
-18233
-18041
-15622
-11101
-7874
-5658
-3515
-1247
349
893
2552
4233
4734
3669
3161
4187
4649
3564
1382
111
-1037
-2852
-4868
-6432
-7415
-8692
-9509
-9490
-8197
-6987
-5722
-3720
-1336
1035
2622
4322
5719
6653
6514
6133
6057
5757
5035
3701
2709
1996
1554
1007
747
553
377
451
954
1937
2312
2065
1775
2259
2768
2880
2633
2465
2747
2987
3443
3952
4566
4677
4677
4922
5523
6170
5859
5079
4131
3879
4134
3994
3405
2402
2175
2607
3069
2943
2805
2928
3301
3946
4651
5114
4074
1841
-1622
-4505
-8987
-13123
-16200
-17326
-16889
-17686
-16981
-14766
-10081
-6613
-4797
-3207
-1920
-29
435
1533
2605
2828
2391
1907
2985
3368
2713
1091
99
-789
-2392
-4371
-5765
-6453
-8077
-9525
-9928
-8435
-6913
-5624
-3976
-1090
1753
3333
4916
6220
7094
6298
5352
5221
5532
4747
3163
2341
2154
2155
1494
1300
1514
1564
1321
1413
2220
2718
2718
2427
2619
2860
2756
2596
2484
2409
2145
2282
2865
3774
4418
4877
5456
5973
6405
6607
6717
6428
5870
5114
4625
4346
3797
3085
2383
1959
1899
2463
3025
3625
3650
3214
2668
1568
-460
-3152
-6510
-10470
-13746
-16201
-16590
-16152
-15725
-15072
-13145
-9666
-6191
-3527
-2314
-871
431
1543
2347
2554
2622
2093
1507
1063
1021
823
-294
-1851
-3685
-4352
-4930
-6429
-8477
-10134
-9754
-8615
-7079
-5712
-3378
-946
1249
3359
5278
6701
6309
5448
4901
5097
4462
3343
2506
2306
2220
1846
1943
2186
2401
2082
2283
2963
3410
3324
3059
3210
3308
3088
2697
2657
2658
2390
2185
2487
3229
3918
4449
5136
5944
6470
6671
6721
6774
6494
5743
5043
4819
4932
4477
3720
3311
3091
3065
2623
2208
2121
2766
2892
2333
884
-1394
-3153
-5488
-9137
-12941
-15694
-16624
-15727
-15774
-15484
-14118
-11235
-7855
-5079
-2965
-1385
213
767
1970
3032
3284
2804
1521
1158
1010
392
-1018
-2260
-3255
-4836
-6783
-8566
-9052
-9102
-9267
-8749
-6925
-4264
-1923
260
2694
4891
5705
5697
5643
5717
4997
3398
2390
2393
2664
2387
2198
2418
2777
2707
2692
3252
3729
3668
3385
3725
4487
4664
4239
3766
3531
3087
2418
1954
2007
2239
2238
2541
3588
5049
6045
6540
6913
7364
7417
7010
6465
5716
4823
3988
3563
3454
3133
2609
2533
2995
3048
2961
2847
2695
2072
-363
-2742
-4948
-6749
-9913
-13385
-15319
-15680
-14775
-14938
-14113
-12729
-10728
-8642
-6813
-4203
-2337
-987
-227
1195
2788
3222
3063
2246
1880
1011
-173
-1124
-2395
-4318
-6813
-8365
-8858
-8885
-9108
-8765
-7304
-5322
-3247
-1032
1417
3299
4071
4226
4803
5397
5080
3952
2960
2736
2711
2612
2600
2852
2883
2714
2934
3479
3828
3587
3380
3613
4072
4245
4058
3949
3934
3712
3296
2986
2877
2870
2778
2998
3639
4505
5333
6002
6526
6863
6981
6868
6613
6010
5268
4780
4336
3913
3604
3640
3873
4103
4053
4095
4379
4090
2862
250
-2188
-4648
-7086
-10178
-13469
-15608
-16182
-15366
-15053
-14415
-13559
-11572
-9026
-7138
-5368
-3691
-1856
-571
568
1706
2697
2992
2252
1518
767
-106
-1546
-3377
-4931
-6289
-7356
-8130
-8200
-7928
-7362
-6393
-4891
-2959
-1267
122
1327
2332
2918
3266
3512
3743
3475
2870
2613
2872
3363
3403
3211
3150
3426
3676
3800
3954
3965
3851
3754
3979
4296
4176
3699
3314
3347
3366
3020
2702
2770
3236
3652
4152
4827
5638
6271
6513
6698
7037
7044
6757
6178
5518
5246
5034
4739
4367
4106
4216
4465
4523
4496
4212
3454
1962
-73
-2547
-4507
-7269
-10715
-13748
-15531
-15525
-15241
-15193
-14901
-13373
-11299
-9328
-7402
-5669
-3937
-2640
-1805
-600
462
1231
1233
847
532
81
-521
-1416
-2206
-3505
-4837
-5807
-6375
-6450
-6485
-6230
-5648
-4662
-3428
-2060
-631
444
1162
1630
2086
2629
2858
2775
2569
2653
3086
3504
3871
4208
4395
4518
4573
4739
4799
4527
4053
3692
3705
3836
3767
3407
3210
3167
3056
2934
2955
3247
3354
3381
3823
4661
5520
5976
6249
6512
6678
6685
6654
6551
6228
5639
5276
5313
5303
5167
4735
4668
4836
4899
4562
3587
2046
-226
-2694
-4938
-7160
-9756
-12659
-14280
-14715
-14478
-14374
-14289
-12978
-11330
-9759
-8972
-7730
-5745
-4034
-2995
-2512
-1358
-206
398
139
-310
-529
-1206
-1931
-2631
-3078
-3738
-4466
-4749
-4453
-4002
-4008
-3942
-3574
-2790
-2142
-1674
-978
-244
156
353
951
1707
2262
2286
2437
3079
3676
3980
4108
4426
4694
4750
4693
4905
5129
4919
4473
4145
4159
4075
3704
3279
3053
2888
2738
2722
2960
3225
3364
3593
4168
4806
5139
5421
5633
5961
6265
6415
6557
6601
6515
6326
6009
5742
5372
5106
5010
5051
4971
4661
3891
2535
903
-992
-3130
-5727
-8610
-11383
-12867
-13563
-13696
-13998
-13802
-12776
-11510
-9988
-8837
-7606
-6611
-5622
-4780
-3824
-2619
-2020
-1535
-1397
-1387
-1520
-1798
-1993
-2435
-2947
-3676
-3971
-3789
-3385
-3088
-2931
-2540
-2152
-1684
-1234
-796
-679
-816
-850
-600
61
585
891
1078
1690
2460
3186
3772
4135
4447
4556
4748
4922
5172
5153
4938
4876
4854
4825
4540
4149
3704
3299
2927
2740
2717
2745
2894
2974
3336
3943
4405
4741
4991
5273
5561
5871
6070
6179
6188
5971
6009
6003
5981
5632
5242
5114
5119
5146
4819
4253
3142
1751
-59
-1980
-4063
-6633
-9318
-11136
-12066
-12518
-12889
-13100
-12616
-11577
-10437
-9532
-8582
-7739
-6927
-6075
-5191
-4197
-3523
-3051
-2629
-2306
-2129
-2291
-2438
-2594
-2846
-3348
-3699
-3642
-3356
-2990
-2660
-2231
-1808
-1300
-747
-258
10
13
-179
-263
-91
27
145
269
673
1237
1885
2528
3148
3731
4093
4457
4725
5036
5202
5209
5283
5332
5322
5174
4967
4692
4441
4144
3712
3405
3188
3117
3033
2949
3091
3395
3844
4335
4662
4962
5314
5765
6062
6058
5914
5796
5817
5792
5601
5337
5130
4988
4885
4790
4578
4091
3310
1802
-4
-1932
-3661
-5499
-7673
-9555
-10844
-11326
-11560
-11839
-11877
-11340
-10577
-9960
-9469
-8782
-7883
-7106
-6421
-5514
-4618
-4039
-3667
-3339
-2915
-2764
-3102
-3332
-3381
-3420
-3570
-3707
-3456
-2969
-2529
-2144
-1584
-949
-417
-52
332
744
835
652
614
814
983
996
1042
1411
1855
2231
2573
3064
3623
4020
4323
4651
5077
5256
5264
5272
5348
5357
5034
4684
4468
4274
3841
3352
3130
3072
2958
2768
2889
3220
3553
3812
4161
4746
5337
5680
5920
6137
6323
6325
6035
5716
5377
5012
4476
3915
3526
3367
3369
3166
2621
1551
343
-671
-1858
-3263
-5108
-6893
-8261
-9211
-9783
-10208
-10583
-10874
-10944
-10680
-10116
-9600
-9210
-8609
-7773
-6864
-5986
-5335
-4629
-3863
-3443
-3282
-3199
-3157
-3194
-3299
-3382
-3377
-3408
-3329
-2924
-2285
-1627
-1104
-615
90
798
1207
1431
1572
1623
1520
1434
1479
1688
1811
1853
2009
2373
2766
2954
3210
3600
3954
4201
4476
4873
5256
5365
5191
5057
4920
4615
4146
3681
3470
3311
3097
2970
3058
3247
3397
3589
3902
4435
4876
5177
5458
5720
5942
5972
5789
5496
5025
4505
4041
3635
3281
2803
2478
2165
1997
1692
1323
1098
901
364
-836
-1903
-2927
-3899
-5385
-7087
-8271
-8907
-9407
-10202
-10748
-10771
-10378
-10009
-9711
-9232
-8741
-8219
-7756
-7010
-5968
-5331
-5030
-4774
-4114
-3606
-3464
-3642
-3644
-3429
-3413
-3234
-2898
-2180
-1482
-913
-286
541
1275
1532
1702
1882
2035
1857
1521
1496
1747
1931
1902
2022
2471
2965
3227
3386
3715
4088
4374
4592
4891
5250
5371
5217
5054
5011
4720
4111
3524
3302
3208
3001
2876
2945
3281
3605
3906
4371
4907
5209
5205
5309
5553
5704
5379
4732
4348
4208
3960
3397
2702
2335
2027
1602
1188
952
875
824
794
813
963
860
310
-450
-1177
-2176
-3541
-5206
-6544
-7516
-8347
-9121
-9807
-9977
-10000
-9908
-9818
-9552
-9312
-9336
-9116
-8613
-7772
-7102
-6704
-6172
-5476
-4721
-4333
-4014
-3588
-3191
-2961
-2658
-1969
-1207
-574
-124
479
1240
1778
2009
2151
2346
2475
2386
2338
2536
2682
2686
2627
2735
3008
3125
3104
3129
3378
3594
3761
4074
4581
4972
4951
4812
4690
4579
4231
3700
3323
3212
3221
3256
3409
3744
4110
4399
4682
4939
5197
5294
5271
5145
4932
4603
4234
4007
3614
3154
2592
2137
1873
1423
944
523
355
302
328
434
538
661
691
685
542
134
-648
-1719
-2867
-3905
-5190
-6431
-7533
-8274
-8603
-9115
-9508
-9916
-9975
-9922
-9962
-9884
-9827
-9397
-9006
-8356
-7580
-6832
-5975
-5458
-4791
-4188
-3528
-2964
-2486
-1913
-1387
-708
-89
580
1102
1467
1779
2026
2390
2621
2739
2772
2855
3030
3191
3332
3288
3188
3058
3032
3098
3197
3316
3447
3721
4023
4288
4455
4574
4587
4474
4343
4207
4116
4012
3979
4072
4296
4571
4725
4823
4859
4841
4776
4704
4649
4573
4394
4180
3859
3553
3199
2862
2506
1995
1559
1081
813
671
520
378
187
87
-109
-162
11
247
461
426
357
40
-510
-1271
-2181
-2990
-4147
-5578
-6930
-7776
-7990
-8368
-9045
-9843
-10291
-10334
-10398
-10394
-10390
-10021
-9547
-8895
-7850
-6762
-5667
-5080
-4486
-3699
-2869
-2164
-1829
-1335
-807
-204
259
754
1393
1785
2046
2206
2606
2993
3174
3265
3384
3567
3544
3443
3390
3449
3384
3125
3047
3190
3362
3376
3410
3660
3987
4225
4291
4371
4496
4523
4396
4380
4568
4643
4562
4558
4685
4812
4806
4645
4508
4315
4041
3639
3412
3362
3259
2961
2651
2554
2379
2045
1554
1181
976
726
447
282
324
305
148
118
302
605
700
686
747
832
568
-137
-1015
-2051
-3335
-4833
-6161
-7150
-7969
-8925
-9842
-10412
-10607
-10807
-11126
-11267
-11055
-10657
-10198
-9415
-8269
-6982
-5922
-5047
-4200
-3318
-2684
-2281
-1815
-1210
-655
-213
372
1223
2049
2535
2758
3013
3336
3485
3425
3395
3501
3510
3391
3316
3374
3326
3055
2699
2573
2609
2603
2615
2849
3316
3765
4137
4503
4878
5066
5035
4961
5014
5151
5126
4993
4984
5073
5025
4790
4470
4134
3776
3469
3326
3221
3061
2870
2705
2610
2467
2103
1672
1321
1046
791
558
509
487
385
243
181
301
520
721
812
979
1200
1285
1080
357
-610
-1901
-3586
-5186
-6560
-7405
-8176
-9132
-10157
-10905
-11000
-11040
-11109
-11346
-11359
-11004
-10467
-9423
-8231
-6964
-5965
-5216
-4335
-3448
-2574
-2209
-1934
-1417
-716
123
826
1699
2362
2840
3100
3260
3461
3459
3319
2981
2891
2952
3011
3013
2918
2799
2504
2249
2154
2286
2456
2521
2749
3221
3923
4587
5062
5385
5486
5499
5444
5440
5467
5402
5239
5061
5023
4916
4609
4206
3792
3538
3282
3026
2889
2801
2655
2413
2298
2211
2118
1818
1457
1299
1122
1008
896
923
974
928
919
820
1019
1239
1473
1723
1877
1762
700
-765
-2371
-3927
-5310
-6762
-7795
-8686
-9494
-10349
-11157
-11341
-11340
-11279
-11641
-11842
-11451
-10730
-9553
-8457
-7241
-6203
-5364
-4403
-3460
-2458
-1944
-1615
-1184
-428
617
1326
2066
2589
2951
3123
3163
3249
3131
2985
2676
2609
2748
2814
2678
2296
2057
1808
1596
1562
1714
1997
2215
2671
3366
4204
4938
5311
5486
5593
5749
5709
5666
5747
5795
5778
5570
5395
5227
4811
4254
3716
3421
3244
3067
2819
2600
2566
2433
2279
2070
1818
1513
1234
1193
1292
1489
1527
1484
1443
1354
1311
1221
1311
1461
1636
1800
1871
1575
398
-1177
-3128
-4931
-6162
-7262
-8105
-9177
-10347
-11524
-12151
-12000
-11773
-11605
-12044
-12189
-11650
-10691
-9314
-8252
-7233
-6342
-5424
-4250
-3072
-1922
-1369
-887
-332
399
1455
2084
2461
2505
2565
2674
2676
2739
2586
2455
2292
2338
2511
2539
2408
1943
1518
1248
1226
1444
1693
2032
2358
2904
3655
4521
5275
5677
5892
5929
6085
6349
6584
6706
6535
6301
6108
6026
5866
5356
4620
3858
3478
3341
3371
3447
3219
2857
2445
2189
2087
1947
1719
1424
1371
1600
1973
2230
2251
2153
2034
1951
2036
2140
2149
2117
1660
792
-502
-1977
-3772
-5572
-6773
-7658
-8236
-9311
-10873
-12258
-13034
-12877
-12632
-12575
-12635
-12500
-11811
-10761
-9297
-8026
-6981
-6081
-5373
-4172
-2852
-1678
-831
-220
518
1246
2160
2796
2973
2791
2412
2268
2228
2357
2306
1979
1716
1540
1603
1555
1356
928
390
156
316
818
1249
1604
1896
2449
3352
4241
5025
5474
5699
5903
6342
6984
7494
7693
7456
7158
6923
6700
6352
5693
4956
4382
3974
3774
3770
3782
3505
3045
2610
2190
1983
1775
1655
1660
1805
2062
2272
2542
2814
3053
3073
2965
2937
2946
3192
3257
2411
625
-1704
-4144
-5928
-6620
-7073
-7540
-8815
-10733
-12454
-13329
-13211
-13027
-13206
-13968
-13941
-13038
-11505
-9793
-8875
-8165
-7421
-6327
-4809
-3094
-1642
-953
-468
40
1159
2612
3452
3663
2962
2381
2219
2438
2702
2530
2014
1218
1026
1235
1485
1227
296
-580
-946
-431
477
1042
1224
1179
1616
2619
3856
4849
5158
5266
5472
6275
7278
8009
8191
7854
7688
7647
7739
7602
6858
5829
5006
4689
4624
4586
4358
3841
3465
3045
2789
2619
2386
2170
1872
1975
2192
2691
2906
2868
2999
3040
3192
3236
3332
3671
3706
2855
851
-1408
-3737
-5807
-6718
-7416
-7667
-8641
-10605
-12664
-13959
-13896
-13654
-13591
-14133
-14222
-13433
-12227
-10560
-9448
-8823
-8196
-7413
-5804
-3806
-1983
-967
-395
212
999
2201
3069
3540
3202
2546
2146
2205
2545
2599
2127
1331
911
911
1077
931
272
-610
-1204
-974
-24
776
1130
1031
1175
1933
3149
4271
4795
5038
5230
5948
6930
7891
8328
8161
7885
7816
8021
8130
7887
7086
6170
5555
5276
5207
5111
4748
4204
3562
3166
2993
3010
2688
2251
2182
2289
2894
3029
2953
2888
2994
3290
3504
3956
4114
3959
2812
501
-1825
-4401
-6006
-6496
-6615
-6814
-8674
-11255
-13684
-14362
-14057
-13925
-14129
-14822
-14262
-13111
-11630
-10268
-9838
-9523
-9072
-7907
-5738
-3355
-1545
-879
-272
303
1319
2671
3124
3335
2698
2163
2152
2374
2622
2132
1300
335
269
594
610
282
-856
-1699
-1857
-1232
-220
323
343
186
847
2066
3534
4491
4752
4956
5488
6605
7754
8548
8555
8235
8027
8274
8773
8775
8073
6939
6079
5672
5609
5445
4962
4363
3753
3340
3319
3417
3244
2880
2698
2730
3178
3562
3574
3676
3648
3988
4309
4550
4823
4571
3739
1837
-355
-3366
-5791
-6348
-6240
-5581
-7004
-10074
-13230
-14865
-14354
-13913
-13779
-14717
-14924
-13912
-12522
-10568
-10089
-10089
-10102
-9496
-7242
-4751
-2353
-1354
-1007
-567
50
1563
2550
3008
2619
1879
1976
2226
2821
2496
1293
112
-616
-103
271
411
-396
-1588
-2074
-1719
-544
-26
-20
-355
-71
1176
2793
4248
4715
4784
5007
5874
7278
8418
8864
8452
8064
8173
8651
9092
8688
7837
6855
6286
6192
6169
5858
4930
4048
3488
3583
3942
3862
3548
3258
3084
3200
3484
3590
3823
4256
4328
4348
4370
4551
4878
4471
2920
513
-2353
-5290
-6134
-5856
-5393
-5736
-8567
-11875
-13969
-13880
-12990
-12695
-13708
-14782
-14067
-12628
-10807
-9927
-10485
-10649
-10248
-8562
-5837
-3573
-2308
-2140
-2143
-1740
-111
1361
1628
1375
722
1013
1813
2369
2417
1367
100
-652
-296
479
836
252
-1249
-1919
-1578
-405
337
-26
-551
-684
359
1957
3548
4217
4085
4254
5086
6714
7994
8508
8236
7791
8057
8774
9404
9315
8583
7548
6757
6752
6961
6819
5916
4617
3996
4044
4543
4671
4304
3680
3281
3427
3829
4406
4480
4371
4408
4430
4865
5458
5192
3706
1292
-1742
-4489
-5181
-4461
-3609
-4613
-7971
-11612
-13743
-13236
-11970
-11699
-13029
-14151
-13701
-12131
-10337
-9903
-10514
-11020
-10415
-8360
-5656
-3416
-2388
-2484
-2659
-2298
-1079
506
1412
1201
329
-83
106
676
883
170
-833
-1511
-1261
-583
-482
-1081
-2200
-2938
-2466
-1061
66
73
-582
-979
-428
1018
2546
3688
4142
4501
5293
6322
7433
7967
8020
7897
8158
8919
9446
9346
8583
7687
6974
6721
6801
6648
6126
5152
4306
3958
3991
4049
4037
4064
4007
4228
4481
4746
4929
4870
4923
5074
5509
6274
6454
5602
3285
512
-2311
-4618
-4521
-3726
-3189
-5051
-8831
-12207
-13684
-12438
-11581
-11912
-13465
-14100
-12707
-11083
-9742
-9794
-10585
-10547
-9486
-7054
-4510
-2729
-2223
-2510
-2284
-1774
-434
660
1080
883
147
-214
-220
87
49
-799
-1860
-2282
-1817
-1388
-1670
-2565
-3529
-3686
-2781
-1249
-393
-593
-1247
-1338
-474
1105
2536
3206
3607
4296
5543
6667
7357
7563
7569
7771
8481
9394
9787
9497
8781
7989
7413
7210
7147
6969
6477
5599
4863
4322
4157
4071
3845
3905
4094
4519
4649
4633
4593
4552
4924
5235
5450
6139
6175
5434
3292
388
-2434
-4334
-3540
-2588
-2324
-4910
-8947
-11785
-12511
-10999
-10636
-11571
-13036
-13171
-11769
-10425
-9716
-10234
-10988
-10650
-9230
-6694
-4454
-3082
-2717
-2990
-2413
-1593
-342
699
1166
853
-71
-284
-55
566
366
-816
-1912
-2441
-1937
-1747
-2264
-3305
-4143
-4088
-3233
-1924
-1479
-1869
-2617
-2561
-1276
469
1913
2558
2926
3588
4818
6112
7082
7561
7590
7929
8802
9744
10149
9747
9051
8425
8155
8088
7850
7415
6678
5873
5093
4588
4511
4009
3537
3486
3806
4480
4716
4737
4368
4131
4258
5004
5935
6794
7363
6596
4413
1727
-1085
-3445
-3091
-2152
-1434
-3163
-7134
-10571
-12241
-11428
-10980
-11124
-12649
-13125
-12176
-11158
-10118
-10571
-11448
-11538
-10345
-7905
-5131
-3393
-2900
-3021
-2754
-1985
-610
493
1308
1466
825
777
522
547
476
-115
-907
-1462
-1427
-1733
-2208
-3349
-4253
-4449
-4077
-2844
-2338
-2625
-3298
-3411
-2736
-1375
311
1321
2156
2810
3969
5246
6181
6950
7259
7767
8604
9666
10162
9969
9496
8853
8537
8377
8262
8117
7488
6631
5872
5175
4697
4225
3858
3888
4164
4495
4531
4401
4190
4250
4335
4496
4961
5884
6992
7139
5829
2618
-685
-3827
-3851
-1854
-706
-1195
-5232
-9334
-12370
-12067
-10775
-10150
-10481
-11841
-11529
-11192
-10382
-10150
-10974
-11403
-10553
-8368
-5606
-3620
-2981
-3505
-3781
-3141
-1525
392
1009
1409
761
499
435
369
457
-170
-498
-1111
-896
-1123
-1671
-2757
-4343
-4721
-4353
-2935
-2098
-2273
-3140
-3970
-3598
-2377
-582
603
1146
1683
2499
3922
5103
5927
6343
6734
7779
8964
9852
9760
9179
8534
8306
8734
9038
8946
8078
7035
6167
5652
5493
5151
4700
4254
4139
4399
4516
4466
4058
3838
3754
4074
5002
5447
6375
6540
5809
3507
557
-2278
-3893
-2177
-486
214
-2938
-8091
-11974
-12455
-9946
-8348
-8745
-11363
-12482
-11618
-10010
-9208
-10156
-11518
-11235
-9129
-6007
-3532
-3176
-4019
-4769
-3834
-1847
640
1717
1663
1007
232
242
527
1046
746
44
-1058
-1344
-1111
-1303
-2353
-4112
-5049
-4868
-3479
-2286
-2343
-3534
-4832
-4869
-3388
-1346
117
461
449
983
2391
3939
4906
5640
6179
7044
8237
9360
9607
8938
8126
7874
8549
9396
9539
8587
7146
6057
5647
5562
5471
5140
4581
4194
4431
4769
4857
4499
3709
3552
4065
5187
6081
6555
6565
5952
4824
2826
871
-1333
-2523
-1911
-1065
-1045
-3575
-8059
-11889
-12583
-10658
-8779
-8598
-10557
-12226
-12214
-11269
-10109
-10049
-10491
-9960
-8411
-5968
-4035
-3556
-4213
-4481
-3394
-1451
1006
2099
2032
1252
257
277
751
1203
1072
225
-853
-1293
-1334
-1807
-2814
-4164
-5064
-4690
-3573
-2585
-2750
-4014
-5123
-5044
-3442
-1394
45
264
226
706
1843
3436
4632
5465
6070
6931
8189
9061
9150
8535
7853
7941
8644
9321
9149
8196
6907
5941
5756
5658
5740
5459
4738
4298
4425
4894
5029
4615
3848
3786
4535
5496
6515
6635
5880
5321
4755
4178
3140
1196
-1738
-3422
-2597
-1409
-1274
-4989
-10112
-12857
-12263
-9271
-7899
-9163
-11893
-13058
-12282
-10823
-9525
-9794
-10085
-9357
-7775
-5307
-3852
-3903
-4379
-4214
-2525
-202
1865
2350
1850
716
-1
248
793
1634
1321
135
-1334
-1747
-1812
-2163
-3105
-4497
-4822
-4249
-3012
-2558
-3388
-4698
-5295
-4363
-2287
-411
332
47
36
1024
2744
4258
4872
5312
5918
7189
8439
9038
8616
7760
7444
7882
8796
9147
8587
7348
6230
5724
5780
5851
5691
5402
5041
4727
4880
4745
4535
4460
4567
5084
5586
5990
5747
5725
5413
5644
5848
5188
3539
437
-2939
-4375
-2656
-766
-1096
-5552
-11186
-14038
-12570
-9380
-8100
-9841
-13002
-13781
-12690
-10522
-9324
-9571
-10172
-9658
-7597
-4970
-3168
-3385
-4086
-3936
-2121
511
2605
2865
2148
1211
580
742
1049
1513
1320
375
-815
-1522
-2041
-2749
-3745
-4909
-5241
-4512
-3404
-2926
-3692
-4974
-5370
-4328
-2379
-508
321
217
575
1596
3131
4392
5055
5551
6286
7550
8740
9183
8473
7530
7074
7459
8298
8695
8137
6922
5781
5348
5562
5678
5415
4704
4092
4135
4543
4831
4941
4849
4993
5213
5132
5196
5387
5854
6264
5885
5425
5141
5183
3874
1312
-2207
-5260
-4435
-2380
-1083
-3735
-9381
-13821
-14529
-11390
-9183
-9393
-12085
-13907
-12878
-11064
-9618
-9731
-10650
-10339
-8597
-5733
-3340
-2756
-3571
-4272
-2834
-434
2187
3022
2348
1723
1206
1482
1531
1646
1354
835
78
-592
-878
-1922
-3329
-4687
-5103
-4273
-3176
-2573
-2972
-3906
-4545
-4261
-2888
-1303
164
873
1309
2115
3045
4011
4518
5164
6109
7337
8425
8844
8501
7428
6676
6792
7718
8707
8729
7802
6495
5739
5591
5578
5235
4631
4489
4636
5176
5299
4769
4091
3541
3857
4689
5439
5676
5292
4739
4401
4319
4653
4594
4011
2367
221
-2252
-4831
-4914
-3906
-2829
-4355
-8918
-13125
-14371
-11754
-9166
-9086
-11679
-13741
-12850
-10864
-9401
-9376
-10337
-9968
-8123
-5491
-3355
-2959
-3332
-3935
-2959
-869
1666
3067
2533
1790
1018
1369
1984
2301
1645
302
-351
-304
24
-942
-2829
-4686
-5250
-4009
-2191
-1172
-1959
-3655
-4816
-4290
-2135
288
1686
1582
1205
1819
3225
4543
5227
5488
5747
6465
7674
8498
8216
7127
6343
6575
7716
8910
8984
7699
6004
5075
5175
5741
6078
5741
4804
4042
4127
4634
4393
3604
3275
3649
4548
5197
4893
3978
3297
2917
3110
3515
4159
4471
3561
1445
-1165
-3198
-5409
-5550
-4354
-3247
-3783
-7641
-11802
-14098
-12718
-10414
-9449
-10631
-12252
-11786
-10918
-10253
-10099
-10300
-9586
-7891
-5931
-3956
-3353
-3728
-4314
-3661
-1663
855
2711
2464
1897
1214
1209
1560
1643
1852
1675
1212
690
294
-424
-1366
-2202
-2700
-2331
-1427
-799
-897
-1858
-2503
-2154
-983
657
1937
2180
1895
2162
2834
3728
4367
4679
5143
5915
6905
7498
7260
6504
6239
6752
7642
8443
8359
7521
6441
5678
5563
5706
5980
5937
5415
4445
3876
3863
3795
3384
2805
2876
3336
3766
3555
2837
2122
1765
1757
1959
2203
2670
2646
1551
-463
-2634
-4547
-6305
-5649
-4136
-2988
-4309
-8617
-12737
-14244
-11816
-9032
-7961
-9642
-11577
-11701
-10983
-9803
-9407
-9405
-8821
-7322
-5544
-4178
-3934
-4362
-4627
-3756
-1666
1108
2602
2163
898
-278
257
1213
2212
2518
2253
1935
1561
1133
-82
-729
-1107
-823
103
876
1233
412
-827
-1429
-924
356
1766
2721
2736
2471
2470
2603
3239
3992
4900
5701
6181
6665
6718
6425
6046
6219
6781
7453
7952
7631
6906
5960
5446
5403
5483
5676
5561
5093
4186
3495
2985
2650
2634
2676
3051
3089
2767
2242
1506
1131
1075
1062
1454
2030
2475
1997
437
-1482
-2911
-3615
-5277
-5677
-4873
-3961
-4251
-7896
-12251
-14452
-12476
-9230
-7783
-9365
-12004
-12534
-11825
-10553
-9658
-9614
-9230
-7793
-6195
-4733
-4389
-4801
-4936
-3975
-1738
960
2766
2485
1731
1002
1318
2531
3358
3694
3540
3440
3524
3352
2229
1023
316
222
975
1722
1767
1034
-262
-1097
-837
138
1251
1985
1896
1676
1798
2004
2646
3441
4217
4922
5567
6145
6623
6567
6135
6135
6659
7558
8210
8023
7116
6290
5645
5514
5624
5527
5229
4454
3710
3147
2815
2189
1507
1159
1207
1842
2006
1624
730
-108
-199
71
395
807
1125
1240
849
-386
-2147
-3669
-4607
-5479
-4939
-4076
-3791
-5159
-9216
-12703
-13510
-11046
-8296
-7957
-10237
-12683
-12760
-11751
-10390
-9727
-9707
-8880
-7656
-6445
-5323
-4961
-4843
-4221
-2631
-306
2081
3201
2732
2266
2017
2883
4369
5352
5912
5743
5140
4294
3485
2695
2258
2255
2269
2457
2330
1609
687
-410
-909
-485
565
1737
2181
1812
1083
868
1280
2369
3663
4670
5394
5765
5926
5841
5699
5789
6568
7571
8269
8253
7436
6380
5425
5052
5156
5430
5393
4798
3589
2323
1598
1137
849
665
811
951
793
220
-665
-1263
-1243
-692
-155
45
0
-60
-462
-626
-870
-1186
-1747
-2593
-3526
-5526
-5982
-5496
-4792
-5412
-8592
-11488
-12708
-10751
-8544
-8370
-10641
-13159
-12807
-10923
-8895
-8077
-8879
-9294
-8312
-6447
-4313
-3308
-2785
-2324
-1066
758
2679
4091
3952
3992
4128
5157
6584
7201
6739
5703
5190
5082
5243
4594
3552
2699
2094
1888
1941
1659
907
-59
-669
-330
593
1364
1324
741
396
1186
2363
3218
3699
3918
4348
5034
5932
6494
6499
6181
6231
6762
7356
7682
7116
5850
4710
4188
4321
4485
4172
3235
1874
700
225
187
-125
-417
-612
-800
-1099
-1442
-1572
-1819
-1850
-1614
-1259
-777
-609
-829
-1356
-1421
-768
-262
-337
-1796
-3158
-4532
-5900
-5392
-4630
-4313
-6124
-9355
-11710
-11700
-9509
-8426
-9024
-11027
-11767
-10313
-8969
-8077
-7802
-7831
-7047
-5613
-3843
-2260
-1391
-976
-415
1065
2774
4677
5383
5057
5335
5790
6586
7048
7215
6805
6217
5808
5343
5211
4532
3705
2711
1862
1798
1960
1927
1176
423
28
161
748
1121
1298
1115
1123
1625
2238
2807
3228
3530
3860
4328
4905
5182
5120
5081
5248
5615
5585
5278
4597
3756
3307
3098
3052
2647
2065
1147
87
-615
-791
-596
-832
-1190
-1692
-2039
-2165
-2330
-2293
-2415
-2342
-1928
-1586
-1414
-1401
-1412
-1374
-1142
-621
-571
-727
-1302
-2204
-3281
-5503
-5990
-4772
-3286
-3200
-6383
-10026
-11533
-9306
-6489
-6030
-7824
-9949
-9325
-7754
-6608
-6173
-6772
-6338
-4715
-2977
-1534
-1149
-1136
-829
583
2587
4557
5809
5440
5503
5665
6239
7326
7747
7897
7384
6819
6374
6211
5747
4720
3969
3189
3121
3249
2684
1748
494
-155
-80
455
956
821
237
-385
-181
352
860
1353
1375
1645
2152
2715
3199
3142
3030
3017
3367
3774
4020
3803
2950
2409
2030
1959
1842
1330
628
-271
-829
-1010
-1054
-1496
-2006
-2399
-2738
-2588
-2452
-2439
-2608
-2758
-2461
-2086
-1784
-1640
-1526
-1518
-1413
-718
-197
143
305
-194
-464
-884
-980
-1563
-3409
-3947
-3132
-1668
-2225
-5205
-8200
-9031
-6423
-4261
-4544
-7006
-8909
-7904
-6213
-5119
-4934
-5268
-4806
-3655
-2077
-810
-335
139
733
2323
4056
5686
6488
6037
6180
6633
7690
8621
8904
8479
7307
6383
6433
6849
6354
5048
3514
2410
2067
2122
1516
336
-1058
-1883
-1900
-1684
-1444
-1831
-2615
-3014
-2348
-1562
-1242
-1281
-1318
-770
-40
769
1242
1267
1312
1703
2218
2618
2900
2788
2326
1926
1739
1647
1329
754
119
-457
-835
-812
-978
-1840
-2668
-2979
-2684
-2406
-2343
-2511
-2609
-2455
-2222
-1732
-1503
-1157
-645
-316
131
725
1135
1241
1399
1776
1951
1992
1592
915
262
-1433
-1977
-1208
-297
-350
-3020
-6111
-7457
-5731
-3616
-3458
-5049
-6944
-6562
-5309
-4381
-3891
-4094
-3723
-2292
-676
584
1052
973
1121
2345
4179
5961
7002
6542
6214
6185
6569
7455
7840
7534
6621
5765
5039
4626
3772
2442
1499
551
44
-341
-1130
-2169
-3276
-4098
-4317
-3890
-3608
-3645
-4080
-4402
-3926
-3287
-2814
-2456
-2101
-1596
-879
-273
147
612
941
1323
1754
2006
2220
2144
1823
1741
1770
1712
1430
881
181
-374
-686
-675
-520
-731
-1142
-1629
-1940
-1797
-1423
-1135
-992
-945
-753
-352
107
533
719
861
1257
2031
2577
2580
2476
2585
3302
3865
3570
2825
1718
1324
1348
581
217
9
-198
-888
-2551
-4087
-4693
-3717
-2953
-2969
-3851
-5004
-4615
-3975
-3451
-2933
-2979
-2633
-1861
-1028
-247
124
360
726
1789
2798
3699
4215
3700
3698
3816
4200
4749
4577
3937
3064
2336
1840
1766
1239
302
-489
-1443
-1989
-2281
-2852
-3462
-4116
-4586
-4601
-4415
-4334
-4442
-4731
-4882
-4282
-3564
-3078
-2730
-2592
-2155
-1380
-527
93
584
996
1577
2217
2507
2834
2988
3023
3154
3245
3275
3114
2852
2432
2002
1677
1536
1519
1165
755
417
184
215
242
177
44
125
425
747
894
1002
1387
1712
2118
2674
3054
3312
3479
3615
3931
4322
4516
4195
3558
2968
2841
2433
1232
742
717
758
-7
-2082
-3899
-4229
-3242
-2699
-3498
-5191
-6075
-5641
-5265
-5193
-5140
-5147
-4658
-4024
-3599
-3151
-2822
-2278
-1555
-609
260
973
1100
901
1298
1759
2196
2451
2401
2139
1425
871
707
384
-88
-874
-1681
-2394
-2701
-2901
-3508
-3983
-4533
-4689
-4786
-4637
-4163
-4070
-4074
-3921
-3243
-2471
-1828
-1350
-875
-43
936
1841
2457
2805
3398
3973
4375
4769
5058
5249
5150
5136
5042
4963
4722
4164
3590
2966
2787
2697
2368
1830
1281
1028
937
959
926
773
769
900
1183
1432
1550
1739
1918
2397
3024
3483
3598
3375
3295
3451
3923
4375
4316
4016
3267
2544
2074
1541
1130
-66
-1190
-1660
-1798
-2219
-3719
-5419
-6624
-6349
-5661
-5843
-6706
-7818
-7940
-7337
-6920
-6676
-6506
-6303
-5857
-5192
-4523
-4018
-3464
-3117
-2494
-1550
-721
-22
-76
-182
106
678
1228
1482
1320
809
605
441
351
244
-95
-354
-634
-910
-1073
-1252
-1465
-1606
-1596
-1552
-1335
-1050
-944
-738
-571
-203
353
794
1275
1772
2239
2560
2892
3157
3619
4274
4626
4868
4914
4972
5155
5080
4881
4737
4693
4674
4523
4084
3471
3105
2893
2736
2549
2173
1858
1565
1365
1336
1222
1019
861
783
770
949
1088
1125
1143
1091
1221
1350
1436
1547
1554
1476
1429
1440
1370
1202
698
-166
-781
-990
-982
-1438
-2857
-4070
-4401
-4126
-4222
-5538
-7286
-8109
-7454
-6596
-6781
-7907
-8946
-8849
-8076
-7339
-6852
-6795
-6676
-6206
-5462
-4516
-3580
-2861
-2361
-1613
-587
418
1080
1381
1776
2404
3048
3538
3728
3741
3727
3579
3440
3367
3366
3180
2666
2081
1667
1573
1430
1079
634
252
179
281
279
169
46
99
405
852
1316
1638
1799
1929
2306
2945
3641
4224
4507
4552
4566
4680
4882
5020
5063
4954
4739
4500
4242
3846
3166
2479
1994
1832
1778
1381
662
-143
-662
-797
-898
-1101
-1274
-1376
-1376
-1387
-1469
-1535
-1417
-1159
-896
-562
-403
-381
-474
-581
-428
-135
-26
-98
-273
-620
-881
-1445
-2085
-2363
-2437
-2735
-3663
-4699
-5288
-5122
-5088
-5835
-6938
-7555
-7066
-6165
-5983
-6524
-6865
-6588
-5709
-4840
-4242
-3776
-3200
-2460
-1655
-848
-188
573
1187
1849
2783
3584
3947
3975
4022
4247
4642
4866
4946
4861
4553
4150
3660
3134
2857
2813
2541
2102
1646
1154
720
369
177
186
184
147
154
90
92
233
371
617
1068
1491
1728
1835
1993
2320
2608
2746
2904
3069
3149
3234
3175
2914
2718
2594
2447
2209
1890
1559
1105
626
263
-20
-357
-788
-1121
-1469
-1725
-1922
-2201
-2474
-2694
-2679
-2571
-2461
-2328
-2294
-2394
-2385
-2199
-1854
-1498
-1304
-1223
-1176
-974
-721
-488
-441
-425
-199
-25
3
-247
-613
-622
-334
-323
-964
-1785
-2086
-1590
-1033
-1522
-2670
-3525
-3330
-2460
-2096
-2535
-3188
-3214
-2727
-2142
-1956
-2038
-1830
-1417
-747
-118
255
472
606
1023
1778
2539
2928
2910
2948
3145
3586
3887
3841
3776
3656
3652
3451
3068
2775
2409
2035
1660
1341
965
557
127
-386
-700
-926
-1043
-1131
-1368
-1448
-1544
-1591
-1475
-1283
-1052
-885
-666
-434
-130
141
354
662
876
1070
1315
1477
1636
1684
1542
1355
1240
1226
1192
941
422
-18
-372
-683
-934
-1278
-1647
-1999
-2286
-2459
-2525
-2597
-2636
-2633
-2604
-2402
-2157
-1956
-1647
-1198
-655
-87
372
689
1034
1460
1897
2418
2892
3272
3469
3492
3518
3573
3639
3462
3039
2603
2452
2446
1966
865
-277
-840
-723
-601
-1225
-2380
-3357
-3517
-3198
-3150
-3522
-3943
-4030
-3812
-3356
-3016
-2871
-2759
-2487
-1906
-1189
-543
-145
58
346
972
1695
2070
2123
2101
2154
2363
2500
2453
2129
1607
1299
1105
920
630
105
-566
-1129
-1362
-1473
-1666
-2044
-2422
-2608
-2670
-2564
-2444
-2476
-2460
-2273
-1951
-1574
-1184
-828
-534
-216
169
644
1005
1215
1442
1650
1887
2124
2229
2165
2014
1879
1798
1737
1646
1504
1274
910
612
427
247
107
-23
-149
-243
-342
-431
-476
-460
-295
-96
106
361
651
892
1017
1230
1518
1936
2424
2737
2910
2927
2949
3127
3326
3449
3433
3307
3128
2939
2795
2632
2410
2084
1538
912
467
320
97
-631
-1629
-2411
-2568
-2483
-2817
-3634
-4477
-4762
-4597
-4504
-4729
-4983
-5023
-4894
-4714
-4565
-4349
-4090
-3799
-3438
-3009
-2600
-2272
-2015
-1674
-1142
-624
-333
-169
60
337
584
623
694
935
1115
1036
671
334
238
392
379
146
-193
-536
-701
-760
-792
-865
-927
-939
-757
-566
-497
-491
-440
-123
422
928
1175
1333
1530
1848
2263
2667
3050
3329
3481
3609
3735
3847
3924
3858
3701
3576
3524
3371
3039
2595
2188
1908
1637
1317
916
503
181
4
-194
-432
-637
-781
-805
-764
-692
-607
-512
-363
-124
89
257
496
822
1099
1334
1533
1656
1758
1829
1941
1947
1832
1706
1539
1288
943
605
239
-101
-462
-1018
-1803
-2536
-2748
-2808
-3284
-4106
-4920
-5188
-5015
-4939
-5314
-5904
-6034
-5666
-5210
-5104
-5051
-4750
-4387
-3886
-3316
-2802
-2319
-1881
-1438
-923
-326
254
603
776
1050
1564
1921
1964
1944
1964
2065
2161
2246
2101
1766
1515
1461
1522
1538
1436
1118
761
681
836
906
816
742
807
914
1031
1154
1217
1326
1578
1866
2054
2178
2257
2301
2345
2446
2618
2713
2660
2581
2459
2261
2086
1944
1791
1645
1487
1207
866
493
191
-53
-336
-549
-649
-752
-987
-1307
-1601
-1733
-1671
-1539
-1475
-1484
-1514
-1485
-1395
-1258
-1046
-841
-659
-496
-285
-78
42
119
207
379
571
701
773
793
768
706
650
572
460
364
244
126
-33
-279
-556
-825
-1001
-1089
-1254
-1518
-1655
-1815
-2089
-2331
-2395
-2240
-2105
-2175
-2392
-2396
-2140
-1822
-1664
-1738
-1601
-1101
-648
-407
-314
-245
-34
254
633
986
1145
1092
996
1065
1291
1560
1453
1074
900
1003
1191
1094
702
329
197
286
412
354
50
-207
-297
-253
-107
-32
-71
-90
-7
168
311
369
422
523
634
782
973
1044
1012
908
809
833
914
900
735
505
284
153
1
-163
-282
-429
-615
-820
-970
-1051
-1086
-1157
-1234
-1220
-1127
-972
-876
-880
-829
-669
-406
-62
207
354
451
574
816
1157
1410
1510
1555
1606
1754
1924
1967
1930
1845
1749
1681
1648
1592
1505
1391
1172
1003
894
797
702
537
450
426
359
228
80
-24
-55
-16
2
-34
-55
-145
-292
-397
-460
-459
-545
-650
-697
-767
-1015
-1398
-1653
-1698
-1534
-1522
-1833
-2243
-2479
-2474
-2433
-2479
-2561
-2542
-2508
-2478
-2426
-2398
-2386
-2283
-2064
-1766
-1452
-1338
-1315
-1233
-999
-673
-450
-320
-129
144
301
335
349
423
597
755
821
834
792
736
670
616
608
620
620
580
592
546
471
438
450
571
661
693
691
683
727
806
916
1030
1119
1171
1192
1283
1390
1477
1542
1581
1661
1718
1764
1770
1805
1852
1831
1794
1754
1781
1783
1718
1624
1574
1581
1564
1490
1358
1275
1255
1206
1102
946
806
708
601
490
381
248
89
-49
-177
-308
-413
-553
-682
-762
-837
-903
-1026
-1166
-1245
-1281
-1337
-1396
-1441
-1507
-1538
-1571
-1626
-1661
-1695
-1677
-1639
-1688
-1799
-1878
-1956
-1949
-1917
-2003
-2135
-2221
-2198
-2181
-2254
-2417
-2473
-2387
-2274
-2164
-2188
-2230
-2154
-1987
-1801
-1638
-1505
-1341
-1146
-943
-686
-454
-276
-45
247
487
676
833
997
1224
1464
1643
1732
1746
1825
1965
2023
2061
2079
2029
1959
1907
1885
1860
1829
1798
1759
1670
1567
1526
1514
1528
1591
1605
1565
1554
1574
1576
1573
1585
1627
1661
1659
1642
1610
1537
1434
1350
1296
1287
1243
1088
825
609
474
316
129
-84
-245
-394
-585
-841
-1118
-1282
-1315
-1306
-1384
-1546
-1687
-1772
-1773
-1709
-1666
-1642
-1624
-1586
-1520
-1454
-1384
-1339
-1290
-1219
-1088
-943
-876
-899
-941
-924
-803
-657
-609
-616
-630
-603
-526
-483
-452
-408
-358
-306
-253
-202
-137
-52
8
66
119
165
260
346
389
399
378
407
488
495
377
244
215
302
381
241
-12
-185
-215
-124
-113
-206
-314
-387
-415
-402
-334
-273
-207
-184
-158
-36
92
193
251
317
485
686
818
848
842
888
999
1127
1183
1204
1167
1085
1018
949
933
907
807
665
518
403
300
171
8
-112
-157
-206
-301
-444
-565
-595
-590
-580
-593
-630
-643
-630
-602
-583
-563
-542
-498
-438
-398
-368
-386
-389
-357
-323
-288
-275
-264
-279
-297
-310
-303
-262
-235
-232
-235
-237
-239
-206
-154
-79
2
38
69
123
214
320
432
527
635
764
839
889
959
1051
1154
1209
1233
1271
1274
1265
1236
1200
1178
1143
1065
923
804
725
659
572
444
330
199
57
-61
-176
-274
-347
-455
-585
-715
-814
-870
-932
-1006
-1073
-1103
-1143
-1155
-1177
-1256
-1304
-1303
-1254
-1221
-1230
-1259
-1288
-1273
-1232
-1164
-1133
-1111
-1027
-954
-902
-850
-806
-741
-637
-500
-367
-284
-232
-170
-88
-3
122
243
299
353
414
469
530
585
616
636
654
683
706
683
649
626
587
555
548
550
528
470
405
337
311
324
348
345
320
317
333
368
404
435
446
474
546
637
699
715
714
722
768
817
850
847
822
800
764
705
664
611
547
495
424
346
255
164
56
-23
-82
-124
-134
-160
-205
-280
-338
-326
-273
-240
-246
-283
-299
-288
-276
-302
-322
-304
-283
-296
-378
-458
-518
-544
-566
-604
-661
-725
-778
-865
-945
-1012
-1036
-1012
-999
-1008
-1030
-1036
-997
-913
-823
-726
-597
-474
-367
-273
-199
-60
102
252
385
463
536
599
650
690
761
815
817
800
749
719
682
621
558
496
435
369
286
187
116
69
24
-6
-39
-79
-111
-136
-129
-89
-65
-66
-57
-46
-17
19
54
90
101
100
93
113
140
143
114
58
57
95
96
34
-62
-118
-116
-101
-107
-159
-226
-274
-293
-305
-314
-302
-294
-291
-299
-303
-291
-285
-272
-258
-234
-189
-138
-109
-124
-155
-149
-97
-51
-22
-12
-43
-54
-38
-22
-3
3
2
15
32
54
65
49
48
89
150
193
218
219
232
273
320
375
413
441
488
528
554
581
592
610
639
668
698
692
664
643
637
633
626
601
552
517
499
474
424
357
295
265
238
197
130
48
-19
-68
-101
-157
-207
-259
-301
-340
-408
-466
-509
-531
-559
-600
-660
-706
-722
-756
-803
-833
-849
-850
-877
-924
-954
-944
-921
-921
-930
-948
-934
-903
-894
-876
-850
-829
-808
-765
-705
-667
-647
-630
-571
-484
-414
-365
-344
-287
-183
-94
-41
4
79
149
211
274
346
424
484
532
578
628
705
785
843
886
914
948
967
1022
1071
1094
1087
1065
1078
1079
1083
1058
1006
946
907
892
865
818
745
673
614
572
529
466
405
376
346
299
226
162
130
110
98
61
15
-24
-50
-67
-92
-103
-108
-120
-143
-168
-199
-224
-245
-261
-264
-279
-309
-350
-405
-434
-436
-457
-498
-541
-567
-580
-604
-647
-682
-699
-704
-704
-721
-745
-758
-783
-800
-775
-730
-704
-712
-734
-736
-705
-675
-657
-638
-608
-560
-537
-528
-508
-470
-426
-391
-346
-307
-272
-245
-219
-176
-133
-87
-50
-10
51
105
150
188
236
292
339
404
473
537
569
589
628
687
763
805
810
820
845
884
894
880
881
886
896
897
884
851
815
789
759
729
701
674
640
584
518
452
388
345
309
248
179
107
43
-7
-68
-114
-157
-219
-277
-320
-361
-391
-427
-479
-514
-527
-537
-551
-578
-594
-579
-562
-567
-555
-534
-522
-493
-484
-471
-450
-430
-415
-418
-402
-372
-357
-369
-387
-372
-344
-311
-289
-316
-338
-332
-307
-261
-227
-222
-222
-220
-202
-146
-103
-81
-56
-25
18
62
97
129
170
224
279
317
334
356
388
414
434
448
469
494
494
468
427
406
424
442
413
357
305
291
288
256
202
155
131
127
121
74
22
-13
-28
-28
-23
-31
-59
-84
-101
-88
-75
-75
-80
-83
-71
-52
-42
-52
-63
-69
-59
-53
-57
-75
-103
-116
-117
-119
-145
-179
-202
-215
-217
-239
-258
-276
-278
-277
-289
-301
-290
-271
-257
-246
-235
-211
-185
-158
-135
-103
-68
-37
-15
4
40
61
71
83
99
116
129
122
113
120
123
131
116
101
94
96
97
99
100
93
95
111
141
163
161
168
205
259
304
315
313
335
387
429
437
427
428
436
431
419
391
369
345
303
261
223
175
116
50
-6
-41
-77
-130
-196
-260
-309
-332
-353
-377
-397
-422
-440
-439
-432
-423
-415
-412
-395
-371
-350
-330
-321
-310
-303
-287
-267
-257
-251
-263
-272
-273
-260
-250
-271
-300
-303
-296
-279
-272
-286
-295
-284
-247
-206
-177
-161
-136
-102
-44
23
65
93
132
186
259
314
337
359
400
451
500
519
522
532
552
552
550
554
552
545
510
471
451
444
428
397
346
305
289
272
248
214
182
164
148
129
114
94
66
51
44
37
39
31
11
-19
-39
-48
-56
-69
-86
-99
-120
-144
-174
-201
-215
-224
-240
-272
-306
-326
-349
-377
-404
-417
-425
-443
-451
-468
-483
-483
-479
-476
-467
-449
-433
-419
-401
-374
-349
-334
-309
-279
-242
-208
-175
-151
-134
-116
-87
-43
-4
19
26
28
50
85
103
109
107
113
128
141
147
152
161
171
180
187
195
214
240
259
277
293
305
333
364
388
404
421
446
471
489
499
501
512
525
542
551
538
513
491
474
468
456
422
378
336
298
254
203
154
112
74
24
-28
-76
-121
-162
-210
-249
-279
-308
-343
-388
-422
-451
-472
-484
-501
-506
-524
-545
-561
-572
-563
-558
-556
-553
-544
-536
-534
-526
-511
-491
-475
-456
-435
-410
-377
-360
-348
-321
-282
-226
-194
-171
-147
-126
-83
-39
4
36
62
92
119
151
176
199
225
246
279
299
306
321
335
349
365
379
384
379
388
397
404
405
396
389
387
389
385
372
362
364
371
367
354
338
327
324
328
329
330
319
303
302
294
284
276
258
243
239
231
210
181
151
126
102
75
50
19
-24
-68
-111
-146
-180
-227
-274
-320
-349
-378
-413
-454
-502
-524
-537
-549
-553
-560
-571
-575
-571
-560
-541
-521
-508
-483
-462
-432
-403
-384
-358
-336
-304
-270
-238
-217
-205
-195
-174
-146
-118
-100
-90
-85
-73
-57
-40
-24
-12
2
27
55
83
102
116
140
179
225
261
288
314
336
363
392
420
457
478
489
491
495
507
521
517
501
486
473
462
440
412
384
350
316
286
250
220
190
161
131
102
83
58
32
10
-4
-11
-21
-29
-39
-53
-64
-75
-82
-82
-78
-81
-94
-109
-124
-128
-132
-148
-155
-168
-187
-208
-233
-250
-251
-259
-276
-298
-312
-317
-328
-337
-341
-342
-336
-321
-318
-315
-300
-288
-272
-251
-234
-210
-182
-159
-132
-115
-110
-92
-58
-24
-3
5
6
18
42
58
65
69
82
100
104
90
87
92
105
120
121
114
112
116
128
139
142
152
158
167
182
189
190
200
210
220
221
218
216
221
228
225
211
194
182
175
161
148
128
103
85
62
39
17
-11
-38
-62
-78
-95
-110
-141
-167
-174
-181
-182
-198
-214
-211
-208
-203
-204
-208
-198
-183
-180
-179
-171
-157
-141
-132
-131
-121
-101
-86
-74
-76
-75
-59
-35
-18
-12
-9
-11
2
28
42
50
52
66
87
99
112
122
134
150
160
175
184
189
196
197
203
217
223
218
211
209
216
215
205
191
184
174
169
159
145
131
113
99
90
79
65
48
26
10
0
-4
-17
-31
-50
-68
-76
-88
-100
-110
-121
-127
-134
-144
-155
-168
-173
-179
-184
-187
-193
-196
-204
-207
-203
-201
-202
-206
-204
-197
-189
-186
-191
-193
-188
-176
-168
-163
-164
-167
-159
-153
-147
-140
-135
-128
-126
-118
-110
-101
-88
-83
-81
-69
-52
-27
-12
-7
2
20
48
76
102
123
135
154
178
207
235
254
269
284
305
330
339
344
356
367
380
378
376
371
368
365
354
341
327
315
295
272
253
230
207
183
159
136
109
86
65
49
26
-4
-30
-51
-65
-72
-93
-114
-133
-147
-163
-178
-189
-197
-208
-221
-230
-239
-248
-258
-279
-289
-284
-287
-288
-303
-322
-326
-322
-321
-322
-323
-316
-306
-299
-299
-294
-276
-252
-233
-221
-203
-178
-154
-133
-114
-94
-65
-30
-4
14
34
54
74
96
117
137
153
163
172
181
190
197
195
198
203
209
213
210
203
203
209
214
215
217
215
213
220
229
235
237
233
232
235
239
244
242
236
228
222
221
216
208
187
162
142
132
124
103
67
38
13
-7
-31
-59
-83
-103
-122
-143
-162
-184
-203
-212
-222
-228
-232
-243
-254
-256
-257
-256
-253
-248
-242
-243
-245
-245
-243
-231
-225
-228
-226
-221
-220
-221
-221
-217
-212
-203
-204
-205
-195
-188
-182
-171
-159
-143
-127
-113
-99
-81
-60
-35
-12
14
40
60
82
106
134
161
181
197
218
245
266
278
287
292
303
314
322
329
327
324
318
311
309
308
301
285
275
264
257
250
232
216
204
191
184
170
156
141
126
112
99
86
69
58
41
25
9
-7
-23
-41
-61
-76
-94
-108
-125
-144
-166
-185
-197
-210
-224
-234
-251
-263
-275
-282
-286
-292
-300
-303
-302
-297
-292
-294
-295
-289
-278
-267
-257
-253
-239
-225
-215
-202
-196
-184
-165
-148
-130
-120
-112
-103
-89
-67
-51
-40
-28
-17
0
18
26
34
48
64
82
99
107
112
124
135
150
164
175
187
197
207
210
214
221
231
244
252
251
252
258
262
260
254
253
259
262
257
251
237
230
228
219
211
201
189
176
156
142
129
113
98
82
60
41
21
2
-19
-40
-55
-70
-87
-107
-126
-145
-158
-165
-174
-189
-200
-208
-215
-217
-219
-224
-222
-220
-220
-214
-215
-214
-199
-193
-189
-182
-176
-169
-160
-155
-151
-142
-130
-123
-120
-118
-110
-100
-91
-88
-81
-70
-63
-55
-47
-41
-31
-20
-11
2
16
29
37
46
65
82
95
108
114
122
138
153
161
165
172
180
184
192
192
190
188
186
190
187
175
169
163
153
147
138
126
118
103
93
86
74
65
58
47
33
30
22
10
6
-1
-13
-16
-21
-28
-32
-41
-50
-54
-55
-55
-65
-73
-79
-85
-86
-91
-92
-98
-104
-106
-113
-117
-115
-118
-115
-115
-118
-120
-121
-118
-112
-104
-101
-102
-99
-94
-85
-75
-68
-66
-62
-54
-42
-36
-31
-24
-20
-12
2
3
4
10
13
16
27
33
30
33
38
36
44
47
45
51
54
53
58
62
64
68
69
65
67
78
81
81
81
82
86
91
88
88
86
86
89
91
88
80
76
69
65
65
60
49
36
28
25
16
7
-7
-21
-26
-33
-45
-54
-61
-73
-81
-85
-93
-91
-94
-103
-106
-106
-102
-95
-94
-96
-89
-80
-74
-64
-58
-53
-43
-34
-25
-13
-7
-2
11
21
22
31
35
37
46
49
50
56
56
60
56
53
57
57
57
57
55
53
51
50
48
49
52
49
45
45
47
47
48
42
41
42
41
42
38
33
30
29
29
24
15
9
2
2
-3
-10
-18
-32
-31
-33
-47
-49
-59
-70
-70
-75
-79
-82
-89
-97
-97
-95
-99
-100
-98
-103
-102
-96
-98
-96
-93
-91
-89
-86
-81
-80
-77
-72
-66
-61
-55
-53
-54
-46
-36
-32
-28
-22
-21
-16
-7
-4
0
7
15
20
23
28
36
43
48
52
60
65
68
74
80
85
92
95
103
105
107
113
117
117
122
127
128
126
127
128
128
125
122
123
118
113
110
103
95
89
85
79
70
61
49
41
35
25
19
7
-3
-8
-17
-24
-31
-42
-45
-49
-58
-64
-68
-72
-77
-80
-82
-89
-94
-95
-100
-103
-103
-106
-108
-116
-121
-121
-124
-124
-125
-128
-129
-135
-137
-133
-134
-134
-130
-128
-127
-119
-111
-111
-109
-98
-85
-75
-66
-58
-50
-38
-24
-12
-3
9
23
33
45
55
63
72
81
90
101
107
113
116
120
125
127
135
135
136
139
138
137
138
137
138
138
137
135
131
127
123
120
118
113
111
108
100
91
84
75
70
64
53
46
37
25
13
3
-7
-17
-27
-37
-46
-57
-66
-75
-85
-92
-95
-103
-110
-112
-115
-119
-123
-126
-126
-124
-121
-121
-123
-119
-117
-115
-107
-105
-106
-102
-99
-93
-89
-85
-83
-82
-76
-68
-66
-63
-62
-57
-49
-46
-39
-33
-33
-26
-20
-14
-3
1
5
12
18
25
35
43
48
54
63
67
70
79
86
88
94
98
101
110
113
111
111
116
119
123
125
122
121
122
120
120
117
115
114
111
106
102
100
91
84
81
75
66
62
53
45
35
28
17
10
2
-5
-13
-23
-34
-40
-48
-54
-61
-65
-72
-80
-82
-89
-93
-97
-98
-100
-102
-105
-107
-109
-112
-110
-109
-113
-113
-113
-115
-114
-112
-111
-113
-113
-110
-108
-106
-103
-103
-100
-92
-89
-81
-75
-72
-64
-54
-47
-38
-27
-19
-13
-2
11
20
28
36
43
54
62
68
77
78
84
90
92
95
96
95
97
97
98
96
94
89
87
85
83
80
78
76
74
68
64
63
61
60
59
57
55
53
53
48
47
44
43
44
40
38
35
28
24
23
19
16
12
8
1
-6
-11
-17
-18
-19
-26
-29
-34
-41
-42
-44
-47
-46
-46
-51
-50
-50
-49
-49
-48
-49
-46
-46
-44
-42
-43
-42
-41
-40
-40
-39
-36
-37
-38
-37
-38
-37
-36
-36
-33
-34
-32
-30
-31
-27
-26
-23
-17
-15
-12
-8
-6
-3
5
10
12
15
21
25
29
31
33
35
36
38
40
41
39
38
40
35
34
31
28
26
25
19
18
12
7
7
3
1
-3
-5
-10
-12
-12
-14
-17
-17
-18
-18
-20
-22
-23
-22
-21
-23
-22
-22
-25
-23
-22
-25
-22
-24
-23
-22
-25
-23
-23
-24
-22
-22
-18
-21
-23
-16
-17
-15
-12
-14
-10
-8
-8
-3
-2
-1
1
6
7
6
10
14
13
16
21
19
22
27
29
31
31
32
36
39
40
44
46
45
48
50
51
53
53
55
56
57
56
56
56
54
56
55
52
51
51
47
44
45
40
38
37
31
28
27
23
22
18
15
15
7
6
3
0
-2
-4
-5
-10
-16
-15
-20
-24
-24
-30
-32
-36
-41
-44
-47
-53
-57
-60
-62
-69
-71
-72
-80
-81
-80
-86
-88
-87
-88
-90
-87
-86
-88
-83
-81
-79
-75
-71
-68
-63
-57
-52
-48
-42
-38
-32
-26
-22
-17
-12
-9
-3
1
5
8
12
16
19
21
23
26
31
33
37
39
41
45
46
49
53
58
59
62
66
66
68
73
76
77
79
79
81
81
80
83
81
77
78
76
72
69
65
61
58
54
50
44
39
35
30
24
18
15
12
8
4
-2
-5
-9
-14
-13
-16
-21
-22
-23
-28
-29
-29
-33
-36
-34
-37
-41
-41
-42
-47
-47
-47
-50
-52
-51
-53
-56
-54
-57
-58
-56
-56
-58
-52
-53
-55
-52
-50
-48
-45
-42
-39
-36
-33
-32
-29
-22
-20
-16
-12
-8
-6
0
2
4
8
11
17
20
20
24
27
28
31
33
37
38
39
43
43
43
44
45
48
48
46
49
45
44
46
43
42
43
39
40
36
32
29
29
26
21
22
21
14
12
11
5
4
2
-2
-3
-4
-11
-11
-15
-19
-19
-20
-24
-26
-30
-32
-33
-37
-37
-39
-42
-45
-45
-45
-50
-51
-49
-51
-54
-51
-51
-53
-51
-50
-50
-47
-46
-43
-41
-37
-34
-35
-29
-24
-23
-18
-12
-12
-8
-3
-1
3
6
10
13
14
17
20
21
26
25
28
30
31
32
33
35
37
37
40
42
39
42
45
43
45
48
49
47
49
52
49
49
51
51
47
49
48
43
45
44
39
38
37
33
30
27
24
19
17
13
8
7
3
-2
-4
-7
-9
-13
-17
-17
-22
-22
-23
-27
-27
-28
-30
-30
-33
-33
-34
-36
-34
-35
-37
-38
-39
-39
-42
-41
-40
-44
-44
-42
-46
-46
-45
-46
-48
-45
-43
-46
-44
-43
-42
-41
-39
-35
-35
-33
-27
-25
-22
-20
-14
-11
-9
-4
1
2
7
12
15
19
22
24
27
32
32
33
37
37
38
41
43
40
41
45
42
41
44
41
40
40
39
38
37
35
32
31
32
29
27
27
23
21
19
19
17
15
14
11
9
8
5
3
1
-2
0
-3
-7
-8
-8
-11
-14
-14
-15
-18
-18
-17
-22
-22
-23
-24
-21
-25
-25
-22
-26
-24
-22
-24
-21
-24
-21
-17
-21
-18
-15
-17
-13
-13
-12
-12
-10
-7
-8
-7
-4
-5
-6
-1
-3
-3
0
1
0
2
2
4
2
3
8
5
6
9
8
10
12
10
16
12
13
16
15
18
19
18
22
20
20
22
21
23
20
22
23
18
19
21
16
16
14
15
13
8
10
8
4
2
2
2
-3
-2
-2
-6
-6
-7
-9
-8
-9
-11
-9
-10
-13
-12
-10
-12
-13
-10
-10
-12
-13
-10
-11
-12
-12
-10
-10
-12
-11
-10
-12
-12
-10
-11
-11
-11
-9
-8
-10
-8
-6
-7
-7
-3
-4
-2
1
1
3
5
5
8
9
9
10
13
14
13
14
17
15
16
16
17
15
14
15
14
12
11
9
9
7
4
5
4
1
-1
0
-2
-5
-5
-4
-8
-8
-6
-9
-11
-9
-10
-11
-10
-10
-10
-12
-11
-11
-14
-12
-9
-16
-14
-11
-16
-17
-13
-16
-17
-17
-16
-18
-19
-16
-18
-19
-16
-17
-16
-14
-16
-12
-12
-10
-7
-8
-4
-2
-3
2
5
3
7
9
11
13
14
16
17
18
19
22
20
22
23
23
22
23
23
23
23
24
22
22
23
22
21
22
22
21
21
21
21
19
20
19
17
18
18
16
17
16
12
14
13
10
10
9
5
5
3
0
-1
-1
-6
-7
-7
-9
-13
-13
-14
-18
-18
-19
-21
-21
-23
-23
-21
-28
-25
-25
-27
-25
-26
-26
-26
-27
-26
-27
-24
-25
-26
-22
-24
-24
-22
-24
-23
-20
-21
-21
-18
-20
-19
-16
-17
-17
-14
-14
-12
-12
-11
-7
-8
-8
-4
-2
-2
-1
2
4
2
6
10
7
9
14
14
14
17
18
20
20
22
23
23
25
24
24
28
27
26
28
28
27
28
28
29
27
28
28
25
26
24
25
21
22
21
17
19
16
13
17
9
9
10
5
5
3
1
0
-4
-3
-6
-8
-8
-12
-11
-13
-17
-14
-16
-20
-17
-21
-21
-20
-24
-23
-23
-24
-26
-23
-24
-27
-24
-24
-25
-26
-25
-23
-24
-25
-20
-22
-21
-20
-18
-19
-16
-15
-15
-11
-9
-12
-7
-6
-5
-4
-2
1
-1
1
6
6
6
7
9
11
8
12
15
12
13
15
15
16
13
16
17
15
16
18
17
15
16
16
17
15
17
17
15
17
16
14
17
16
14
15
15
14
12
14
13
8
10
11
7
8
5
5
4
0
1
-1
-2
-4
-6
-4
-9
-9
-8
-13
-11
-11
-15
-11
-13
-15
-15
-12
-14
-16
-14
-11
-16
-14
-12
-13
-13
-11
-10
-11
-12
-9
-9
-11
-8
-7
-8
-7
-4
-6
-6
-4
-4
-5
-3
-3
-1
-1
-1
1
1
1
2
4
4
6
5
7
7
8
8
9
10
10
9
11
10
8
11
10
8
7
8
7
7
4
5
6
1
2
3
1
-1
-1
0
-2
-4
-2
-4
-5
-4
-5
-5
-5
-5
-6
-7
-5
-6
-7
-5
-6
-6
-7
-6
-5
-7
-6
-5
-8
-5
-7
-7
-5
-7
-7
-6
-6
-6
-6
-5
-5
-5
-5
-3
-3
-2
-1
-1
1
0
1
4
4
5
5
5
8
6
7
10
9
9
11
12
12
10
12
15
11
12
15
12
12
13
13
12
11
12
12
12
11
10
11
9
9
10
8
7
8
6
5
6
4
2
5
0
-1
1
0
-2
-3
-4
-5
-6
-6
-9
-7
-9
-12
-10
-12
-13
-11
-14
-12
-13
-15
-15
-14
-13
-17
-15
-11
-17
-15
-13
-14
-14
-14
-12
-11
-15
-9
-10
-13
-10
-10
-9
-7
-8
-5
-6
-5
-4
-6
0
-2
-3
1
1
0
2
3
6
4
4
10
8
4
10
12
7
11
13
11
12
12
12
14
12
12
13
14
12
11
14
13
11
13
14
9
11
12
10
10
10
8
9
6
8
7
6
6
3
5
4
0
2
4
-2
-1
1
-3
-4
-2
-5
-6
-7
-6
-8
-8
-10
-8
-10
-10
-10
-12
-12
-11
-12
-13
-10
-10
-13
-11
-8
-13
-10
-6
-10
-8
-6
-6
-6
-5
-6
-3
-3
-3
-1
-1
-1
0
0
1
3
2
2
3
5
3
6
7
4
6
7
6
7
7
8
9
8
8
9
9
8
9
10
9
10
9
8
10
7
8
9
7
8
7
6
6
5
6
3
5
3
1
2
0
-2
2
-2
-3
-1
-3
-3
-5
-5
-5
-8
-8
-5
-9
-8
-6
-8
-10
-8
-9
-12
-9
-10
-11
-11
-11
-13
-9
-10
-13
-10
-8
-12
-11
-7
-11
-9
-7
-10
-6
-6
-10
-5
-3
-6
-5
0
-2
-3
1
2
0
1
3
5
4
4
7
8
6
7
10
10
10
11
12
13
12
12
13
14
13
13
14
14
14
13
12
15
12
11
15
12
11
12
10
11
9
7
11
9
6
7
8
4
4
7
1
2
3
0
1
0
-3
-2
-3
-3
-5
-4
-4
-8
-6
-7
-7
-9
-9
-8
-9
-13
-8
-9
-13
-11
-10
-11
-12
-11
-10
-11
-13
-11
-9
-11
-13
-7
-9
-10
-7
-8
-8
-7
-7
-7
-4
-7
-5
-3
-4
-2
-2
-2
-1
-1
-1
2
1
0
2
5
1
3
5
3
4
6
4
5
8
4
6
9
5
5
10
6
6
8
6
6
7
7
4
7
7
4
4
8
4
2
3
6
0
1
5
0
-1
3
-1
-1
2
-4
-1
0
-4
-5
0
-2
-6
-3
-1
-8
-3
-2
-8
-3
-4
-7
-1
-5
-5
