3
0
2
3
1
-2
2
1
-4
1
0
3
-3
-2
2
-3
-1
-4
0
-1
1
-4
-4
3
1
3
7
3
0
-2
-1
-1
-3
-3
-9
-3
-3
-2
-7
-7
-4
-5
-2
-4
-3
-1
-4
-1
-1
-5
-6
-4
-4
-4
0
-4
-4
-2
-3
-2
1
3
-5
-5
-3
-1
2
-6
-2
-2
-1
0
3
1
3
4
1
0
5
2
-1
5
-3
0
1
-1
4
5
4
3
5
3
4
3
1
-3
3
-1
2
5
4
7
3
4
-1
-1
4
1
0
-2
0
-5
-2
-4
-5
1
-4
-3
-4
-5
-3
-2
-2
0
-5
-6
-7
-7
-2
-5
1
-3
-8
-2
-6
-3
-2
-7
-6
-3
0
-2
1
-5
-7
-4
-5
-6
-7
-4
-6
-6
-3
-4
-4
-6
-4
-6
-5
-3
0
-5
-6
-4
1
-1
-6
0
-2
-3
-1
1
0
-5
-6
-1
-5
-6
-5
-8
-6
-3
-5
-4
-2
-7
-8
0
-1
-3
-4
-2
-2
-6
-8
-6
-4
-2
1
-2
-2
-5
2
0
-3
-2
-5
-2
-6
-6
-3
-4
-7
-8
-6
-5
-4
-5
-6
-8
-3
-8
-9
-8
-8
-4
-6
-5
-2
-4
-7
-4
-5
-5
-3
-2
-2
0
1
-2
-1
-4
-1
3
-2
-2
-1
3
0
-1
-2
-3
-5
-5
-4
-6
0
-7
-5
-4
-8
-6
-2
-4
-2
-1
-2
-1
-5
0
4
4
8
6
3
5
1
0
5
4
3
3
0
-2
-2
3
3
5
3
1
2
-6
-2
1
2
4
2
2
3
7
2
-5
-4
-3
-2
-1
-2
0
3
3
5
2
4
4
1
1
6
0
2
0
-4
3
0
0
4
2
-2
-2
-1
-1
-1
-1
-1
2
-1
-6
-2
-2
-1
1
0
4
4
3
5
5
4
-1
-2
2
-1
2
-3
-3
1
-1
2
2
0
-6
-3
-8
-7
-1
-6
-3
0
-3
-2
-1
-5
2
-1
-1
2
0
-2
4
0
-2
-1
1
1
-3
-1
-4
1
-1
0
-1
-1
0
-3
-2
0
0
-2
0
0
-2
3
3
-1
3
0
1
3
-3
-1
2
1
1
2
8
5
5
1
2
0
2
7
1
5
3
3
5
5
-1
2
-1
0
1
0
1
-2
-4
-5
-3
-1
-1
-1
-1
-2
-1
-1
1
-2
4
3
-1
1
1
-2
-1
7
-2
-1
4
5
8
6
7
4
6
7
5
3
0
-1
0
0
-4
-5
1
1
1
0
-1
-4
-2
-3
1
2
-1
5
4
2
1
0
-2
1
2
5
6
4
6
3
5
7
-1
2
1
-3
-2
-4
-3
-1
-8
-6
-7
-8
-5
-10
-2
-1
-1
0
-2
2
1
-4
1
6
5
8
9
5
11
7
5
14
10
5
6
6
4
6
4
0
-3
-1
-3
-8
-8
-8
-8
-9
-8
-9
-9
-9
-7
-6
0
2
1
7
2
2
3
-1
5
6
5
4
3
7
7
7
6
7
6
3
3
1
-7
-7
-8
-8
-9
-10
-9
-10
-10
-10
-11
-5
0
-2
0
4
4
5
5
3
2
3
4
3
3
0
0
4
6
5
2
8
7
5
5
-1
-3
-7
-11
-14
-14
-13
-14
-9
-7
-3
3
6
6
11
10
13
16
9
6
2
0
3
6
5
5
4
8
9
17
14
10
4
-1
-5
-4
-6
-13
-16
-19
-9
-13
-17
-11
-7
-1
1
4
8
9
8
12
14
20
17
12
14
5
6
6
6
10
15
18
16
13
13
11
12
2
-11
-16
-20
-14
-15
-21
-22
-18
-10
-12
-15
-8
-1
-3
-1
-2
1
3
4
0
0
6
7
4
7
2
2
5
3
6
1
5
0
0
4
-1
-1
-5
-11
-11
-14
-20
-19
-22
-19
-12
-10
2
5
5
12
11
12
10
7
4
0
-1
-2
2
4
4
9
7
11
12
7
6
1
-5
-5
-9
-11
-12
-18
-15
-12
-11
-7
-6
-6
-9
-4
-2
-1
3
2
2
5
7
10
10
7
8
4
7
1
2
5
-1
4
5
4
9
6
3
4
0
-2
-8
-10
-15
-13
-9
-7
-6
3
7
6
14
10
7
9
5
4
2
4
6
7
11
11
14
13
9
9
9
8
4
3
0
4
0
2
1
2
1
-3
1
-4
-4
-4
-3
-4
-5
0
1
4
6
6
5
3
5
-3
-2
-3
-9
-3
-5
-1
4
1
4
2
1
0
3
-3
-9
-5
-13
-9
-4
-3
-4
-1
2
1
0
4
-1
2
2
-6
-1
-5
-4
-6
-5
-1
1
3
3
5
-1
3
3
1
2
5
-1
-3
-2
0
5
5
1
1
5
2
0
-5
-5
-8
-7
-5
-6
-3
2
2
3
0
0
0
-5
-4
-4
-5
-4
1
3
-1
3
2
1
1
5
0
-2
-4
-11
-6
-8
-1
-3
1
1
2
5
-1
1
2
-2
-4
-7
-3
1
2
2
3
7
4
12
14
16
10
8
10
9
8
5
3
-1
-1
-1
-1
-2
-2
-3
-2
-5
-11
-6
-6
-2
-1
1
5
4
7
11
14
11
4
-4
-4
-6
-15
-19
-23
-24
-19
-18
-16
-10
-6
2
1
1
1
0
0
-1
4
5
9
15
19
25
29
31
30
22
16
12
9
3
-2
-1
3
12
15
20
27
33
36
33
24
17
8
1
-4
-15
-20
-18
-25
-28
-26
-33
-44
-50
-58
-66
-65
-67
-66
-54
-42
-24
-2
16
29
38
36
31
29
8
-7
-21
-30
-30
-30
-16
1
13
26
55
62
65
70
68
73
70
67
76
83
89
98
100
106
96
82
67
37
3
-45
-87
-120
-144
-164
-176
-169
-154
-138
-120
-103
-86
-69
-58
-52
-47
-28
-12
2
15
26
38
42
38
29
4
-20
-40
-51
-57
-59
-46
-25
14
52
84
119
142
164
184
190
197
199
192
188
176
170
151
124
97
57
19
-29
-87
-141
-178
-212
-235
-250
-250
-241
-219
-183
-145
-108
-77
-40
-4
22
39
53
55
57
51
35
9
-15
-38
-53
-69
-88
-96
-98
-80
-61
-51
-37
-3
40
77
120
170
223
271
316
354
380
386
355
314
257
182
104
20
-61
-136
-196
-225
-243
-255
-277
-285
-286
-278
-276
-280
-271
-248
-199
-136
-68
-2
53
97
135
146
123
62
-18
-93
-150
-192
-224
-237
-219
-156
-79
-8
51
105
150
178
197
223
250
270
298
339
397
451
483
476
447
386
306
205
84
-36
-143
-212
-244
-245
-228
-187
-133
-98
-98
-111
-130
-174
-241
-313
-359
-360
-331
-279
-212
-157
-92
-32
-6
-32
-104
-193
-271
-346
-419
-470
-463
-380
-261
-143
-17
121
251
337
378
394
388
373
350
347
383
435
467
513
577
631
651
604
515
393
261
136
14
-99
-192
-231
-219
-167
-111
-68
-37
-26
-43
-74
-133
-214
-304
-381
-418
-419
-387
-334
-271
-222
-184
-147
-105
-111
-177
-257
-304
-319
-344
-356
-345
-313
-285
-254
-203
-162
-173
-226
-253
-226
-179
-163
-145
-64
65
203
316
407
477
514
546
562
549
510
469
459
497
565
631
687
718
736
746
734
662
518
351
213
107
1
-99
-190
-233
-265
-304
-349
-411
-497
-610
-707
-810
-902
-924
-835
-686
-555
-433
-228
66
311
400
376
334
302
223
75
-96
-263
-392
-453
-446
-402
-396
-424
-431
-402
-373
-375
-403
-425
-382
-264
-96
86
248
402
556
674
719
681
572
424
286
195
145
113
139
269
493
705
854
959
1038
1050
952
782
628
501
367
238
162
191
271
321
281
130
-116
-391
-647
-933
-1288
-1697
-1969
-1951
-1671
-1316
-1055
-818
-455
54
520
727
657
497
429
425
373
219
23
-106
-137
-98
-71
-139
-335
-547
-659
-693
-757
-852
-843
-691
-442
-156
163
503
754
855
899
926
852
609
292
45
-126
-281
-388
-382
-305
-235
-163
7
244
434
542
663
867
1110
1342
1544
1654
1645
1580
1525
1433
1174
817
501
269
50
-180
-341
-418
-561
-851
-1180
-1442
-1647
-1873
-2111
-2356
-2505
-2387
-1918
-1240
-680
-302
155
875
1603
1943
1840
1553
1295
1061
752
335
-155
-629
-942
-1031
-1017
-1077
-1241
-1388
-1405
-1312
-1172
-1018
-835
-579
-177
376
939
1362
1622
1762
1779
1618
1282
839
309
-269
-782
-1078
-1178
-1225
-1247
-1145
-858
-532
-285
-95
119
360
585
830
1133
1459
1736
1970
2167
2257
2193
2006
1771
1487
1145
825
589
425
291
221
242
177
-176
-760
-1375
-1900
-2478
-3217
-3967
-4379
-4205
-3524
-2620
-1772
-888
253
1616
2761
3263
3218
3017
2844
2524
1936
1196
492
-74
-490
-770
-1059
-1453
-1886
-2203
-2375
-2551
-2694
-2631
-2268
-1701
-1015
-176
768
1649
2312
2748
2927
2747
2243
1586
897
143
-678
-1339
-1649
-1686
-1657
-1577
-1358
-1024
-701
-458
-230
-19
138
309
594
981
1327
1618
1919
2210
2370
2346
2180
1886
1462
1001
651
403
182
71
222
598
938
1122
1276
1435
1287
600
-378
-1290
-2118
-3131
-4244
-4937
-4848
-4193
-3462
-2777
-1825
-450
1020
2040
2456
2544
2657
2813
2739
2288
1636
1103
796
530
103
-485
-1099
-1654
-2170
-2652
-3091
-3458
-3667
-3503
-2934
-2138
-1311
-426
653
1770
2608
2981
3028
2852
2439
1807
1062
301
-481
-1127
-1453
-1484
-1471
-1501
-1404
-1078
-677
-432
-256
15
358
654
913
1297
1768
2156
2361
2483
2596
2597
2379
1993
1614
1265
880
532
357
421
590
796
1087
1432
1699
1795
1761
1385
421
-949
-2209
-3130
-4229
-5607
-6464
-6094
-4943
-4055
-3414
-2172
-113
1798
2721
2987
3268
3720
3957
3717
3063
2165
1424
1014
626
-193
-1383
-2317
-2890
-3528
-4376
-4918
-4769
-4357
-4021
-3471
-2206
-402
1226
2391
3159
3770
4255
4472
4208
3255
1918
686
-147
-735
-1319
-1883
-2380
-2669
-2608
-2098
-1542
-1523
-1850
-1756
-843
245
782
954
1358
2172
2917
3220
3040
2496
1836
1238
876
543
19
-527
-778
-495
75
631
1064
1397
1736
2056
2414
2785
3035
3102
3020
3120
3436
3697
3375
2273
843
-697
-2350
-4495
-6838
-8505
-9059
-8804
-8454
-7714
-5862
-2909
47
1887
2914
3892
5138
5997
5788
4754
3505
2722
2371
1966
1109
-117
-1108
-1762
-2438
-3509
-4749
-5614
-6118
-6335
-6172
-5228
-3478
-1487
488
2422
4407
5993
6712
6673
6104
5123
3459
1399
-283
-1220
-1862
-2834
-3745
-3895
-3289
-2770
-2825
-2960
-2813
-2430
-2016
-1418
-532
351
1153
2043
3040
3664
3666
3308
2820
2101
1119
275
-125
-285
-375
-263
183
839
1521
2198
2682
2829
2748
2694
2689
2529
2392
2487
2718
2909
3138
3509
3343
2244
600
-1124
-3314
-6516
-9436
-10503
-9959
-9613
-9793
-8551
-4883
-344
2650
3835
4574
5665
6803
7171
6502
4982
3396
2718
2812
2674
1609
198
-825
-1773
-3198
-4928
-6237
-7135
-8078
-8756
-8261
-6232
-3580
-1180
978
3285
5692
7460
8152
7748
6457
4553
2425
626
-740
-1942
-3204
-4210
-4455
-3977
-3400
-3333
-3679
-3864
-3460
-2650
-1880
-1355
-708
511
2225
3777
4576
4672
4451
4149
3594
2640
1404
230
-516
-650
-291
186
473
733
1297
2096
2623
2579
2273
2092
2009
1942
1998
2402
2883
3245
3774
4602
5330
4933
3684
2063
-131
-3594
-7765
-10201
-10288
-9752
-10573
-11378
-9295
-4402
359
2329
2479
2942
4462
6159
6589
5678
3965
2830
2936
3470
3253
1940
644
-399
-1805
-3864
-5706
-6613
-7547
-9152
-10465
-9750
-6941
-3910
-1746
-98
2103
4863
7256
8520
8142
6535
4359
2630
1579
597
-859
-2803
-4155
-4261
-3345
-2671
-3203
-4342
-4816
-3939
-2669
-1991
-1783
-1173
356
2247
3835
4684
4864
4646
4337
3949
3224
2140
1153
638
458
322
261
610
1143
1528
1589
1782
2319
2740
2794
2531
2622
3053
3488
3736
3875
4418
5005
5477
5355
4546
3141
705
-2526
-6364
-9488
-11164
-11562
-11657
-12096
-11486
-8499
-3538
664
2179
2199
3025
5278
7032
6757
5183
3766
3408
3509
3486
2979
1822
347
-1220
-2674
-4181
-5701
-7029
-8414
-9737
-10387
-9245
-6472
-3675
-1688
-101
2451
5545
7872
8555
7812
6469
4743
3067
1581
169
-1600
-3672
-4887
-4664
-3666
-3375
-4142
-4671
-4149
-2883
-1975
-1556
-1086
-178
1203
2813
4260
4900
4675
4251
4007
3659
2695
1477
658
160
-114
-44
757
1644
1921
1734
1977
2825
3433
3307
2761
2433
2454
2460
2488
2790
3366
3919
4306
5032
6157
6760
5666
3761
2208
405
-3916
-9908
-13185
-11552
-9092
-10593
-13960
-13066
-6377
-17
1359
-439
-606
1870
4574
5704
5333
4327
3565
4035
5290
5510
4155
2462
1418
-214
-3254
-5897
-6599
-6773
-8931
-11823
-12107
-8893
-5249
-3477
-2431
-293
2715
5257
6829
7562
6854
4663
2578
2019
2349
1471
-672
-2535
-2633
-1862
-1723
-2715
-4375
-5324
-5157
-4029
-3103
-2791
-2330
-715
1926
4053
5032
5109
5207
5303
4850
3890
2769
1935
1252
758
584
1018
1801
2312
2437
2353
2711
3329
3717
3410
2776
2503
2874
3542
3854
3967
4088
4525
5129
5618
5671
5050
3737
2263
392
-2614
-6760
-10040
-10829
-10219
-10670
-12535
-12635
-9424
-4880
-2266
-1951
-1528
162
2380
3934
4680
4834
4545
4609
5136
5757
5319
3953
2570
1146
-645
-2782
-4335
-5363
-6905
-9075
-10389
-9736
-8020
-6692
-5699
-4226
-1820
594
2549
3995
4686
4601
3925
3514
3564
3441
2628
1266
215
-245
-319
-790
-2020
-3367
-4358
-4358
-4027
-3654
-3325
-2709
-1562
-34
1637
2852
3590
3740
3778
3913
3962
3894
3577
3210
2998
3130
3633
4097
4088
3445
2933
2836
3123
3171
2663
2118
1890
2198
2647
2900
2783
2724
3029
3585
4096
4248
4295
4353
4170
3458
1644
-1515
-5155
-7662
-8422
-8772
-10537
-12847
-12989
-10088
-6463
-4634
-4305
-3427
-1307
884
2441
3325
3761
3809
3773
4134
4651
4648
4096
3309
2162
503
-1185
-2324
-3277
-5165
-7776
-9449
-9336
-8260
-7371
-6591
-5195
-3234
-1332
499
2275
3521
3664
3165
3086
3677
3978
3229
2084
1365
1297
1280
727
-301
-1569
-2560
-2991
-2987
-3025
-3286
-3302
-2650
-1271
201
1399
2390
3154
3821
4402
4975
5478
5569
5230
4695
4418
4415
4392
4001
3219
2611
2333
2394
2482
2257
1982
1726
1665
1680
1740
1982
2409
2871
3150
3714
4596
5463
5713
5063
3824
1370
-2583
-6419
-8458
-8675
-9673
-12317
-14119
-12544
-8591
-5697
-4854
-4704
-3424
-1528
32
1255
1900
2144
2273
2801
3886
4511
4605
4496
4197
2974
1001
-485
-1248
-2288
-4911
-7657
-8811
-8374
-7499
-7039
-6234
-4818
-3306
-1776
-33
1728
2510
2262
1852
2315
3186
3498
3250
2655
2427
2341
2251
1822
825
-656
-1990
-2712
-3018
-3176
-3509
-3382
-2586
-1267
189
1578
2837
3829
4440
4849
5454
5896
5816
5125
4303
3860
3726
3456
2976
2363
1910
1886
2178
2501
2371
1891
1594
1875
2401
2726
2979
3247
3850
4593
5493
6297
6328
5615
4049
1710
-2038
-5984
-8598
-9386
-10120
-12370
-14173
-13328
-9951
-7046
-6005
-5693
-4536
-2860
-1485
-362
682
1375
1666
2066
3090
4184
4646
4906
4901
4242
2639
1030
352
-295
-2272
-5169
-6980
-7018
-6319
-5886
-5586
-4570
-3422
-2370
-1240
-3
825
573
-13
17
949
1790
2250
2330
2364
2494
2600
2669
2293
1167
-562
-1808
-2289
-2025
-1916
-1992
-1653
-654
862
2207
3268
3786
4028
3935
3915
4086
4034
3602
2869
2371
2429
2795
2972
2816
2495
2409
2624
2806
2705
2368
2047
1963
2162
2466
2895
3381
3659
4087
4582
5300
5591
4988
3777
2049
-332
-3800
-6878
-8510
-8632
-9222
-11058
-12108
-10909
-8055
-6043
-5650
-5713
-5070
-3938
-2777
-1591
-513
235
757
1451
2702
3841
4553
5020
4974
4214
2822
1747
1368
689
-1176
-3518
-4872
-5029
-4729
-4603
-4503
-4070
-3852
-3553
-2944
-2019
-1416
-1591
-1868
-1434
-133
1098
1944
2273
2479
2726
2710
2529
2059
1327
475
-198
-443
-204
215
567
1037
1407
1729
2043
2396
2659
2514
1992
1775
2177
2660
2826
2567
2558
2946
3297
3305
3103
2908
2862
2888
2720
2638
2579
2589
2668
2690
2876
3306
3700
3962
4160
4375
4594
4406
3753
2569
402
-2849
-5631
-6919
-7008
-7772
-9862
-11126
-10183
-7953
-6649
-6575
-6539
-5672
-4823
-4298
-3464
-2206
-949
-139
457
1447
2543
3551
4581
5104
4633
3385
2486
2416
2258
780
-1233
-2624
-3119
-3348
-3611
-3532
-3164
-3262
-3672
-3516
-2696
-2044
-2277
-2742
-2506
-1548
-515
531
1409
1948
1896
1884
2238
2515
2006
1082
638
786
1078
1175
1492
1881
2066
1860
1803
1978
1971
1548
1144
1168
1472
1717
1868
2200
2478
2493
2390
2427
2635
2783
2719
2819
3083
3153
3049
3012
3131
3212
2911
2671
2831
3071
3265
3535
4039
4363
4076
3157
2035
84
-2658
-4930
-6021
-6304
-7529
-9317
-9825
-8409
-6778
-6332
-6463
-5963
-4883
-4509
-4557
-3958
-2770
-1752
-1407
-1145
-203
950
2165
3177
3660
3258
2517
2338
2637
2331
859
-587
-1228
-1468
-1885
-2198
-1799
-1252
-1585
-2299
-2426
-1847
-1662
-2355
-3029
-2882
-2161
-1429
-710
-41
251
257
422
1134
1673
1505
1194
1350
1967
2293
2393
2575
2885
2759
2256
1991
2078
2022
1568
1190
1327
1694
1742
1737
1951
2311
2328
2045
1979
2298
2644
2732
2824
2856
2842
2769
2802
2965
2799
2421
2392
2816
3216
3407
3542
4003
4262
3900
3101
1958
-112
-2765
-4822
-5480
-5530
-6919
-8753
-9109
-7435
-5753
-5614
-6231
-5996
-5074
-4820
-4980
-4829
-4071
-3247
-2743
-1940
-773
308
1394
2525
3291
3150
2535
2417
2866
2597
1342
272
19
62
-370
-856
-639
-411
-943
-1883
-2320
-2251
-2613
-3445
-3852
-3361
-2700
-2223
-1731
-1007
-474
-311
-45
618
1235
1413
1585
2167
2986
3261
3150
3054
3097
2908
2341
1937
1809
1706
1432
1308
1610
1960
1929
1717
1786
2045
2058
1930
2025
2618
3130
3294
3358
3359
3294
3005
2746
2559
2305
1975
2073
2531
2931
2995
3080
3525
3944
3610
2577
1045
-1125
-3157
-4569
-4793
-5163
-6604
-8078
-7832
-5966
-4642
-4950
-6013
-6054
-5530
-5380
-5602
-5608
-4975
-4132
-3344
-2171
-766
596
1799
2705
3055
2721
2155
2085
2344
1895
885
270
474
913
707
312
291
163
-529
-1564
-2119
-2338
-2761
-3520
-3687
-3083
-2202
-1464
-1014
-690
-708
-741
-458
269
712
848
1048
1860
2898
3425
3385
3094
2915
2617
2341
2186
2260
2112
1755
1565
1806
2080
1880
1447
1329
1587
1887
2135
2539
3170
3541
3525
3276
2983
2616
2233
1892
1763
1615
1496
1801
2357
2773
2739
2624
2811
3032
2716
2023
1054
-616
-2690
-4190
-4271
-3786
-4657
-6487
-7196
-5805
-3993
-3850
-5199
-6176
-6023
-5707
-5608
-5615
-5198
-4445
-3632
-2458
-996
237
1025
1450
1521
1221
728
692
1192
1375
858
540
1024
1861
1912
1123
548
345
-18
-862
-1646
-1919
-2009
-2270
-2407
-1979
-1312
-878
-913
-1170
-1494
-1781
-1660
-1030
-215
373
878
1722
2896
3623
3666
3210
2762
2511
2425
2553
2765
2725
2411
2324
2464
2577
2131
1395
1066
1277
1688
2116
2518
2943
3191
3089
2877
2650
2284
1893
1552
1389
1431
1489
1830
2261
2381
2077
1904
2174
2620
2583
2064
1463
330
-1457
-3053
-3475
-2945
-3309
-5122
-6573
-6030
-4227
-3461
-4509
-6047
-6511
-6335
-6147
-6046
-5756
-5130
-4490
-3595
-2237
-884
-33
330
373
301
167
390
1184
1938
1918
1601
1819
2564
2908
2176
1182
617
228
-361
-1004
-1196
-1085
-1321
-1837
-1947
-1393
-913
-1101
-1957
-2634
-2668
-2136
-1198
-286
484
1064
1793
2655
3378
3457
3030
2507
2300
2520
2884
3248
3283
3045
2614
2290
2078
1814
1338
916
1000
1554
2274
2817
3135
3312
3190
2790
2343
1996
1779
1526
1306
1286
1518
1767
1947
1927
1737
1554
1609
1894
2209
2219
1903
1149
-476
-2280
-3310
-3055
-2631
-3548
-5385
-6194
-5050
-3519
-3507
-5057
-6503
-6866
-6815
-6680
-6307
-5593
-4743
-4198
-3406
-2190
-947
-208
-57
-155
-292
-110
541
1673
2473
2348
2035
2130
2626
2659
1908
1148
608
168
-299
-401
-136
-98
-742
-1583
-1589
-992
-743
-1468
-2653
-3039
-2369
-1135
51
773
1193
1526
2042
2742
3343
3313
2680
2149
2315
3154
3826
3817
3321
2695
2160
1909
1835
1721
1404
1141
1371
2094
2966
3364
3202
2630
2041
1649
1404
1416
1377
1246
1082
1178
1616
2038
2100
1611
1170
1191
1684
2187
2144
1766
959
-633
-2389
-3247
-2750
-2139
-3043
-5019
-6007
-4952
-3497
-3495
-5138
-6763
-7349
-7445
-7118
-6435
-5485
-4725
-4342
-3673
-2488
-1220
-456
-243
-372
-599
-409
453
1957
2996
2834
2275
2201
2752
2932
2368
1628
1021
507
97
106
411
369
-426
-1440
-1673
-1255
-1081
-1697
-2606
-2782
-2142
-1046
148
1021
1393
1318
1371
1940
2735
3014
2579
2179
2399
3180
3719
3694
3308
2692
2063
1681
1705
1862
1829
1672
1754
2223
2804
3044
2826
2267
1709
1348
1262
1554
1795
1784
1571
1506
1787
2130
2165
1726
1322
1357
1855
2355
2370
1949
659
-1537
-3352
-3602
-2337
-1756
-3253
-5562
-6280
-4853
-3538
-3989
-5940
-7453
-7918
-7775
-6980
-5847
-4664
-4128
-4015
-3485
-2391
-1168
-476
-343
-590
-773
-288
1120
2959
3797
3277
2385
2169
2590
2723
2330
1736
1136
571
262
556
975
710
-477
-1650
-1750
-1259
-1308
-2338
-3192
-3068
-2023
-832
134
795
943
891
1110
2058
3013
3222
2608
2317
2848
3619
3868
3504
3076
2549
2041
1856
2165
2455
2257
1811
1759
2305
2775
2732
2329
1848
1540
1240
1314
1869
2267
2079
1495
1282
1693
2196
2117
1567
1230
1398
2047
2452
2260
1261
-989
-3211
-4005
-2949
-1709
-2460
-4793
-6465
-5931
-4508
-4136
-5391
-6983
-7677
-7831
-7308
-6164
-4869
-4049
-4134
-4129
-3397
-2092
-892
-312
-293
-542
-252
852
2634
3877
3622
2586
1798
1969
2386
2450
2272
1837
1268
702
629
996
981
39
-1471
-2139
-1867
-1538
-2213
-3378
-3385
-2388
-1004
-314
66
385
636
973
1624
2780
3375
3240
2776
3148
4061
4353
3894
3281
3079
2872
2595
2586
2862
2733
2032
1614
1976
2692
2782
2210
1842
1805
1770
1657
1792
2249
2307
1805
1517
1867
2423
2478
2170
1937
2092
2204
2024
1365
-707
-3398
-5026
-4162
-2064
-2002
-4552
-7071
-6801
-4900
-4180
-5584
-7329
-7617
-7312
-6865
-6075
-4848
-3832
-4080
-4541
-3960
-2359
-904
-321
-210
-216
96
844
2368
3821
3770
2610
1597
1752
2373
2392
2160
1926
1585
924
504
725
784
-131
-1774
-2461
-1981
-1494
-1969
-3041
-3266
-2752
-1910
-1073
-307
205
264
511
1489
3034
3933
3731
3120
3042
3663
4129
4039
3670
3197
2741
2581
3004
3571
3424
2553
1704
1656
2188
2591
2541
2266
2085
2036
2189
2571
2884
2570
1917
1733
2212
2824
3053
2943
2718
2484
1971
1122
-669
-3220
-4884
-4664
-2940
-2474
-4633
-7440
-7965
-6212
-5072
-5911
-7458
-7586
-6736
-6090
-5497
-4639
-3635
-3468
-4153
-4208
-2857
-841
377
462
154
211
934
2090
3193
3199
2180
1210
1097
1759
2221
2122
1515
750
201
-27
258
454
-137
-1447
-2252
-1743
-1005
-1338
-2671
-3246
-2756
-1912
-1319
-970
-319
197
536
1042
2382
3757
4165
3696
3383
3940
4257
4122
3822
3609
3316
3041
3248
3722
3869
3130
2250
2000
2377
2781
2603
2380
2460
2620
2592
2725
2955
2918
2621
2385
2705
3265
3677
3594
3231
2780
2120
301
-2765
-4955
-4769
-2737
-1736
-3871
-7662
-9714
-8667
-6830
-6753
-8079
-8563
-7551
-6342
-5279
-4350
-3614
-3494
-4299
-4655
-3377
-806
1309
1851
1339
867
971
1659
2805
3414
2752
1672
1171
1546
2215
2302
1632
442
-608
-994
-655
-156
-431
-1657
-2893
-2990
-2562
-2854
-3274
-3008
-2296
-2080
-2282
-1872
-749
302
571
932
2010
3537
4470
4511
4645
4802
4564
4179
4310
4614
4428
3825
3479
3639
3553
3034
2433
2260
2684
2959
2810
2732
2909
2917
2864
3078
3566
3980
3828
3804
4121
4691
5011
4646
3887
2747
496
-3265
-5670
-4656
-1424
-306
-3969
-9107
-11383
-9621
-7403
-7729
-9547
-10142
-8883
-7468
-6094
-4752
-3995
-4429
-5598
-5264
-2736
703
2992
3053
1936
1066
1397
2787
4341
4666
3278
1848
1593
2284
2689
2097
939
-680
-1972
-2162
-1175
-287
-1195
-3480
-5280
-4958
-3766
-3539
-3991
-4000
-3223
-2638
-2090
-1071
26
375
122
836
2759
4670
5144
4645
4541
4858
5057
5023
5287
5406
4713
3754
3789
4648
4795
3544
2040
1945
2964
3677
3482
3155
3029
2979
3012
3574
4694
5083
4632
4291
4919
5771
5695
4681
3239
875
-2940
-5320
-3659
501
1492
-3739
-10557
-12601
-9428
-6589
-7341
-9706
-10243
-9082
-8306
-7408
-6002
-5146
-6072
-7494
-6507
-2789
1000
2520
2133
1061
341
842
2856
5421
5998
3987
2136
2270
3357
3341
2017
644
-455
-1434
-1733
-846
-386
-2121
-5171
-6746
-5405
-3950
-4343
-5298
-5288
-4557
-4441
-3842
-2046
-61
234
-409
535
2847
4867
4814
4344
4856
5704
6045
6109
6705
6625
5332
3874
4020
5223
5295
4016
3001
3347
4042
3825
3072
2836
3085
3140
3346
4336
5311
5298
4661
4782
5861
6267
5206
3272
609
-2369
-3570
-1463
2041
1861
-4154
-10785
-11758
-7734
-4802
-6210
-9152
-9738
-8648
-8085
-7453
-6214
-5433
-6419
-7806
-6440
-2376
883
1169
-304
-1412
-1143
352
2785
5166
5326
3125
1429
1970
3690
4135
2785
1211
94
-613
-782
-442
-884
-2922
-5424
-6130
-4768
-4004
-4723
-5569
-5691
-5761
-6295
-5844
-3680
-1423
-781
-740
499
2404
3366
2922
2981
4339
5642
6149
6271
6471
6142
5169
4674
5448
6394
5942
4566
3739
3838
4025
3563
3277
3638
3942
3983
4309
5084
5453
5156
4905
5588
6382
5922
4174
1558
-1534
-3338
-1727
2317
4258
-396
-8478
-12356
-9312
-4581
-4040
-6817
-8705
-8000
-7215
-6824
-5886
-5034
-5418
-6887
-6343
-2708
1049
1709
-239
-2129
-2425
-833
1984
4655
4877
2031
-784
-768
1305
2694
2022
785
129
-375
-690
-360
-84
-1803
-4971
-6548
-4552
-1988
-2626
-5379
-7174
-6427
-5150
-4244
-3268
-2296
-2375
-3203
-2265
390
2665
2317
1287
2144
4279
5630
5298
4673
4093
3626
3718
5231
7218
7178
4994
2968
3375
4984
5575
5035
4360
4280
4131
4148
4944
5924
5967
5159
5279
7027
8531
7630
4786
1422
-2188
-4183
-1929
3242
6028
943
-8624
-13626
-10314
-3919
-2258
-5311
-8198
-7995
-7003
-6434
-5349
-4718
-5132
-6391
-5598
-1709
1976
2460
-286
-2991
-3220
-852
2678
5335
5173
1593
-1820
-1828
496
2093
1307
-159
-984
-1561
-1847
-1761
-1641
-2953
-5312
-6034
-3593
-633
-2136
-6683
-9028
-7140
-4020
-2741
-2480
-2543
-2689
-2997
-1959
732
2470
1763
248
1625
4913
6213
4329
1978
1618
2506
3928
5604
6876
6086
3392
1461
2199
4761
6076
5357
4345
4353
4882
5024
5348
5951
6102
5750
6114
8019
9568
8775
5680
2080
-1192
-3459
-1754
3387
7365
3555
-7171
-14659
-12432
-4482
-882
-3628
-7639
-8339
-7118
-6905
-6246
-5149
-4406
-4881
-4755
-1820
1493
1985
-718
-3192
-2711
274
3884
5902
5271
1832
-1611
-1630
886
3000
2597
841
-401
-1454
-2497
-3046
-3070
-3897
-5718
-6262
-4243
-1623
-3201
-8372
-11198
-9218
-4606
-1870
-1635
-2816
-4246
-4793
-3334
406
2858
2676
1132
1842
4877
6160
4569
1886
1313
2879
5358
7235
7274
5129
1743
272
1884
5133
6753
5644
3837
3024
3536
4457
5163
5557
5575
5656
6523
8162
9337
8360
5551
2570
156
-1824
-967
3424
7058
4502
-5356
-13657
-12571
-4411
1039
-1393
-6957
-9422
-7988
-6927
-6263
-5154
-4184
-3706
-3679
-2051
281
759
-1189
-3101
-2115
1448
4996
5949
4193
734
-2163
-1553
1554
3826
3358
1110
-464
-1393
-2263
-2703
-2624
-2883
-4160
-5032
-4317
-2541
-3793
-8500
-11461
-9588
-4813
-2271
-2756
-4726
-6189
-6324
-4384
-541
2178
2308
444
481
2984
4721
3862
2014
2145
4032
6153
7122
6769
4819
2320
1639
3430
6411
7338
5582
3457
2960
4052
4840
4955
4987
5492
6001
6598
7379
7742
7046
4683
2798
1374
-744
-1378
1303
5278
4923
-3085
-12253
-12738
-4909
1603
168
-5903
-8947
-7491
-6217
-5586
-4336
-3034
-2490
-3274
-2906
-819
240
-972
-2412
-1479
1710
4741
5186
3491
478
-2207
-1389
2076
4748
4251
1285
-984
-1826
-2365
-2459
-1799
-1472
-2688
-4344
-4621
-2962
-3422
-7713
-10503
-8719
-3995
-2049
-3834
-6411
-7634
-6984
-4932
-1098
1450
1327
-1112
-1717
1229
3481
3104
1230
1502
3693
5560
5913
5238
4124
2784
2958
4766
7325
7927
5862
3938
3881
5210
6060
6176
6284
6581
6440
6042
6464
7471
7535
5435
2608
-115
-2871
-2722
1488
5826
4135
-5627
-14478
-13071
-3766
2363
-650
-7305
-9789
-7306
-5384
-4433
-3151
-2305
-2167
-2675
-1410
975
1350
-641
-2158
-453
3349
6130
5679
2944
-221
-2148
-367
3379
5111
3432
-27
-1957
-2145
-2187
-2147
-2073
-2477
-3724
-4562
-4108
-2892
-3977
-8560
-10472
-7057
-1888
-616
-3898
-7156
-7841
-5687
-2724
263
1334
-92
-2183
-2157
1216
3380
2153
5
419
2941
4519
4441
3331
2260
1745
2714
5007
6775
6520
4455
3203
4254
6319
7186
6775
6461
6498
7009
7765
8468
8616
7248
4896
2667
-205
-2983
-1845
3005
6165
1788
-9285
-15880
-11147
-1692
1432
-3811
-9485
-9535
-6427
-5261
-4859
-3708
-2343
-1558
-1541
-122
1668
1308
-549
-823
2079
5981
7534
5459
1753
-871
-653
2565
5151
4403
1632
-1027
-1840
-1991
-2515
-2652
-2599
-3065
-4254
-4535
-3943
-3727
-6017
-9940
-9601
-5043
-878
-1335
-5274
-8033
-7452
-4045
-502
1910
1534
-672
-2031
-669
2645
3552
1550
-45
1186
3426
4064
2987
1573
991
1453
3093
4839
5153
3951
2654
2740
4668
6380
6308
5532
5262
6078
7444
8630
8912
8430
6974
4995
2792
-1176
-3033
466
5933
6743
-1517
-12508
-14986
-6925
1099
378
-6251
-10298
-8382
-5987
-5671
-5220
-4195
-2726
-2030
-1533
168
1061
-120
-1592
-309
3819
7482
7430
3908
248
-1043
1542
5476
6433
4155
1038
-594
-789
-1201
-1960
-2177
-2419
-3261
-4114
-4070
-3369
-4248
-7873
-11129
-9051
-3278
14
-2167
-7151
-9263
-7024
-2368
1279
2334
943
-1591
-1997
624
4002
4030
1271
34
1773
4091
4140
2530
981
787
2125
3913
4675
3488
1683
1159
2723
5287
6142
4989
3843
4060
5298
6737
7812
8365
8059
5979
3732
1603
-1071
-1678
1402
5654
5953
-1450
-11624
-13499
-5802
1778
929
-5841
-9387
-7353
-4981
-4992
-5093
-4017
-2006
-1188
-1509
-719
-326
-1058
-1612
150
4079
6901
6081
2480
-790
-1326
2045
5860
6268
3543
358
-828
-421
-637
-1527
-1710
-1736
-2087
-3107
-3626
-3375
-4110
-7045
-9617
-7516
-2807
-224
-2875
-7494
-8999
-6279
-1608
1224
1713
-144
-2154
-2063
801
3986
3678
1346
185
1862
3722
3688
2363
1319
1879
3301
4725
4624
3098
1622
1676
3555
5742
6161
4720
3181
3011
4569
6686
7924
7606
6218
4064
2669
1106
-1749
-2482
603
4694
4358
-3298
-12086
-12399
-4638
1720
283
-5627
-8293
-6391
-4853
-4660
-3805
-2123
-355
-352
-985
-416
-145
-783
-900
1080
4536
6488
4739
1002
-1693
-1371
2236
5380
4945
2125
-404
-1175
-992
-1470
-1842
-1419
-1280
-1865
-2913
-3302
-3209
-3923
-6181
-7678
-5907
-2306
-557
-3022
-6740
-7972
-5218
-800
1663
1274
-870
-2409
-1799
1174
3654
3241
1066
-38
1391
3143
3222
2043
1165
1741
3436
4589
4106
2562
1419
2136
4297
6011
5903
4379
3044
3417
4950
6604
7502
7116
6275
4596
2843
1375
-1109
-2926
-745
3824
5168
-1082
-11479
-14759
-7315
1684
2465
-4161
-9425
-8305
-5263
-4347
-3637
-2155
-515
-294
-1262
-1091
-264
-389
-599
908
4120
6620
5419
1327
-1803
-1578
1948
5704
5846
2648
-682
-1861
-1384
-1234
-1454
-1169
-885
-1731
-3204
-4195
-3929
-3484
-4409
-6477
-7005
-3512
-642
-1900
-5884
-8034
-5602
-875
2370
1718
-280
-2304
-2057
725
3748
4632
1763
-421
731
3283
3582
2171
1292
1803
3463
4255
4020
2493
1394
2162
4033
5767
6028
4399
2749
3083
4538
6619
7827
7369
5989
3963
2757
2517
-17
-3403
-2094
2781
5882
862
-10687
-16084
-9361
841
3012
-3621
-10031
-9647
-6668
-5230
-3652
-2022
-704
-814
-2187
-1660
17
127
-351
801
4009
6945
6034
1934
-1259
-1419
2011
6253
6478
3143
-353
-2017
-1652
-1218
-1124
-411
-426
-1990
-3911
-4654
-3855
-3144
-4074
-5830
-6156
-4430
-2128
-2210
-4738
-6525
-5534
-1643
1706
1953
-119
-2084
-1835
796
3820
4390
2449
72
383
2686
3737
3001
1875
1995
3085
3988
3583
2464
1826
2462
4206
5309
5273
3996
2639
3004
4778
6593
7129
6197
5300
4882
4177
3764
2640
-1057
-4183
-2056
3800
6529
-1016
-13760
-16813
-6832
4015
3255
-6449
-12588
-10330
-5922
-3998
-2820
-1732
-1672
-3285
-4275
-1932
618
346
-884
266
4067
6440
4518
536
-1715
-498
3712
7374
6545
2259
-1589
-2213
-406
874
1082
877
-264
-2441
-4391
-4395
-2591
-1706
-3205
-6212
-6877
-4346
-2407
-3154
-5446
-6281
-4586
-1088
1089
786
-1017
-2713
-1426
1884
4661
4205
1173
-293
1387
3551
3705
3042
2512
2806
3518
3852
3601
2624
2198
2963
4463
5372
4745
2870
2101
3668
5531
6502
5922
4801
5068
5594
4723
3365
1707
-1409
-3224
-756
4211
5827
-2043
-13527
-15232
-5372
4116
2355
-7364
-13279
-10631
-5527
-3067
-2425
-2720
-3623
-4806
-4584
-1916
25
-407
-1143
235
3425
5024
3291
254
-1019
529
4354
7357
6074
1524
-2154
-1920
905
2656
2113
814
-837
-2690
-3848
-3482
-1831
-1141
-3315
-7029
-6718
-3508
-2329
-3952
-6397
-6153
-3325
-67
733
-384
-2314
-3113
-673
2888
5270
3638
456
120
2243
3772
3724
3619
3662
3982
3915
3610
3178
2551
2946
4252
5496
5622
3795
1796
2177
4301
6045
6441
5562
4613
4898
4812
4126
3412
1337
-2260
-3648
365
5893
4915
-6005
-16097
-13331
-1386
5534
-372
-10962
-14189
-9060
-3726
-2363
-3093
-4009
-4899
-5331
-3727
-818
141
-1227
-1873
319
4117
5179
2407
-841
-1292
1695
5646
7034
4097
-372
-2412
-580
2325
2934
1734
-21
-1675
-2976
-3252
-2222
-807
-1168
-3270
-5778
-7017
-5212
-3266
-2730
-3511
-4427
-3811
-1816
-523
-1159
-1742
-1454
645
2901
3582
2825
819
-71
1533
4226
5573
5071
3390
2248
2714
3634
4277
4017
3636
4073
4342
4010
3222
2471
2812
4442
5598
5598
5131
4232
4534
5090
4168
3534
3025
822
-2355
-2250
2024
5659
1217
-9904
-14693
-7600
2701
3343
-6245
-13642
-11275
-5031
-2725
-3900
-5195
-5250
-5267
-5089
-2932
-684
-1087
-2776
-2480
1130
4727
3931
253
-1713
-125
3568
6302
5285
1585
-1119
-516
2224
3482
2416
809
-400
-1511
-2052
-1626
-431
-199
-2396
-6076
-7784
-5202
-2284
-2052
-4154
-5808
-5188
-3050
-1294
-1259
-1610
-1848
-578
1758
3625
3459
900
-263
1904
5413
6560
5036
2946
2375
3670
4885
5205
4397
3714
3660
3828
4074
3675
2736
2535
3556
4799
5422
4701
3585
3387
4674
5635
5035
4111
3202
50
-3806
-2021
4043
7031
-49
-12022
-14635
-5218
4002
1274
-9066
-14047
-9594
-4479
-4175
-5341
-5870
-6118
-6217
-5196
-2483
-1158
-3074
-4496
-2004
3051
5279
2333
-1430
-1651
1295
4934
6581
4496
1009
-561
882
3289
3654
2232
672
-353
-1038
-1179
-1143
-903
-1593
-3243
-5158
-6908
-5673
-3607
-2678
-3736
-5651
-5774
-3795
-1558
-1271
-1101
-1040
174
1855
2750
3110
2001
1704
3680
6140
5949
4022
2716
3283
4985
5595
5181
3841
2707
2693
3082
3809
3978
3072
2218
3018
4629
5325
4190
2352
2885
5179
7541
6860
3723
2439
2031
-824
-2674
715
5538
5146
-4529
-14071
-12163
-2384
2890
-2482
-11285
-12831
-8030
-5560
-5944
-6510
-6688
-6211
-5849
-5127
-3285
-2798
-3494
-2814
-180
2969
3428
1048
-483
435
2612
5548
6339
4018
1743
1415
2932
4011
3273
2157
1535
758
-510
-1658
-1942
-1094
-1241
-2832
-5504
-8110
-6869
-4065
-2514
-3609
-6065
-6635
-4625
-2138
-1136
-516
-651
126
1502
2763
3844
3217
2600
3739
5271
5373
4958
4619
4638
4730
4287
4106
4011
3566
3359
2972
3100
3596
3074
2445
3095
4119
4285
3509
2380
3560
6137
7756
6469
3203
2226
2764
414
-2146
466
5192
5580
-3487
-14265
-13846
-3553
3252
-1530
-10990
-14169
-9971
-6865
-6767
-6991
-7303
-7219
-6969
-5981
-3538
-2687
-4430
-4688
-1276
3550
5174
2391
-793
-756
2323
6660
8302
5711
2665
1683
2947
4532
4331
2930
1580
347
-575
-1002
-950
-1018
-2591
-4743
-6414
-7395
-6647
-4894
-4131
-4944
-6383
-6646
-4912
-2749
-1351
-469
63
897
1989
2929
3851
3736
3073
4031
6097
7027
6193
4271
3067
3676
5157
6104
5331
3462
2317
2419
3136
3861
3587
2839
3021
3586
3717
3599
3677
4728
6133
6951
6218
4012
3266
4223
4705
960
-2796
-1309
2958
4061
-3968
-13235
-13231
-4519
899
-4036
-12098
-14704
-11051
-7991
-7401
-7159
-7256
-7805
-8337
-7047
-3789
-2390
-3528
-3466
-25
3809
4155
1755
246
1964
5113
7543
8036
5926
3415
2402
3147
4728
4660
3252
1735
553
-711
-2009
-2684
-2838
-3526
-5072
-5567
-6353
-7035
-6923
-6315
-5218
-4956
-4920
-3979
-2105
-1269
-982
-124
1552
3287
3456
3505
4153
4560
4679
4959
5169
5116
4922
4561
4540
4536
4370
4161
3464
2642
2628
3308
4082
3793
2606
2372
3370
4709
4850
4459
4225
5071
5716
5720
5401
4124
3808
3521
2216
-2051
-4014
-974
2999
1938
-7507
-14945
-12567
-3919
-758
-6492
-13202
-13646
-9684
-7921
-7752
-7203
-6938
-7293
-7231
-5033
-1838
-1692
-3127
-2159
1950
5413
4857
2306
1734
3888
6101
7331
6960
5196
3828
3408
3883
4334
3482
1907
413
-902
-2001
-2686
-3033
-3061
-3836
-5503
-7283
-7972
-6914
-5518
-4624
-4740
-4963
-4461
-3125
-2035
-1070
119
1454
2971
3586
3576
3284
3306
4021
5263
5888
5824
5527
4790
4272
4189
4471
4811
4617
4178
3888
3591
3333
3152
2988
3301
4088
4431
4078
3487
3511
4133
4970
4538
4157
3853
2786
2033
1438
2584
940
-3416
-5997
-4305
-42
-1126
-7042
-12088
-11051
-6653
-4954
-6308
-8787
-9729
-9580
-8503
-5964
-4524
-4968
-5758
-5105
-2440
-488
-224
-660
100
2040
3663
4503
3982
2967
2381
3424
5460
6026
4386
2051
1034
1540
1913
1332
237
-793
-1880
-3031
-3579
-3331
-2731
-3216
-4717
-7168
-7450
-4809
-2553
-2075
-3619
-4331
-3333
-1171
373
1079
1395
1322
2138
3168
4276
4106
3024
3129
4390
5085
4532
3926
3679
4136
4670
4686
4460
3756
3260
3529
4209
5001
4911
3789
2971
3252
3952
4669
4615
3927
3594
3648
3980
3971
3403
2081
1612
1988
2074
-1064
-6122
-5787
-1165
1704
-2922
-11406
-13726
-8182
-2844
-4474
-9038
-10996
-9377
-7701
-7248
-5492
-4213
-5091
-6121
-4967
-1454
597
-610
-1563
668
3747
4360
3134
2241
3065
4070
4491
5134
5118
4052
2356
1244
1574
2078
1635
564
-671
-1994
-3010
-3210
-2875
-2617
-3438
-4806
-6106
-6974
-5601
-3520
-2350
-2693
-4010
-4046
-2304
37
1308
1838
1742
1859
2587
3484
4414
4223
3893
4530
5579
5846
5042
3950
3610
4548
5468
5606
4782
3366
2401
2414
3423
3977
3213
2128
2028
2430
2137
1472
1251
2096
3156
2849
2165
2151
2229
1348
458
1352
2713
1415
-3745
-6171
-2709
1847
1070
-6390
-11310
-8469
-2806
-2185
-6202
-9227
-8689
-6437
-5818
-5247
-4361
-4814
-5611
-5090
-2650
-474
-1263
-2786
-1664
1413
3092
2388
871
832
2300
3256
3931
3797
2898
1955
1234
1397
2038
1931
1108
315
-646
-1497
-2016
-2214
-1656
-1561
-2574
-3502
-4939
-5242
-3628
-1983
-1165
-1874
-3032
-2937
-1350
-135
741
1344
1773
2618
2660
2565
2812
3128
3779
4685
4994
4743
4142
3047
2881
3841
5086
5615
4438
2764
2135
2756
3737
3608
2369
1638
2065
2595
2425
1362
736
1573
2665
3105
2659
1946
1840
1898
1628
1791
1956
1909
190
-3410
-3974
-987
1556
-704
-6872
-10014
-7008
-2579
-2553
-5715
-8242
-8119
-6790
-6185
-4885
-3833
-4757
-5992
-5674
-3438
-1536
-2099
-3174
-2002
559
1906
1290
-1
94
1303
2508
3607
3707
2803
1894
1213
1552
2611
2731
1840
673
-181
-328
-189
-387
-629
-1215
-1572
-2487
-4391
-4676
-2999
-1025
-849
-2447
-4123
-3675
-1693
2
1174
1133
782
620
1338
2964
3687
3188
2862
3552
4335
4454
3598
2793
3363
4434
5101
4617
3285
2284
1920
2572
3538
3501
2420
1483
1215
1564
1999
1921
1858
1893
1933
2052
2262
2624
2768
2507
1903
2042
2554
2444
1485
-1510
-3371
-1893
879
1286
-3069
-7882
-8309
-4764
-2610
-4013
-6501
-7841
-7257
-6828
-6356
-5435
-5581
-6263
-6263
-4710
-3066
-3488
-4758
-3962
-1017
1052
1041
-52
-281
925
2162
3293
4173
4166
3465
2790
2943
3858
4111
3106
2129
1768
1545
1157
388
-96
-320
-1170
-2124
-3163
-3619
-3492
-3410
-3140
-3095
-3162
-3487
-3322
-2681
-1567
-361
310
712
680
1202
2029
2693
3041
3336
3843
4139
3971
3359
3390
4246
5042
5029
4154
3478
3286
3328
3363
3205
3221
3113
2687
1962
1504
1586
1688
1767
1767
2071
2359
2145
1882
1802
2439
3001
2344
1678
1608
1976
987
-2292
-3684
-1256
1626
134
-5615
-9492
-7750
-3694
-3214
-5738
-7904
-8420
-7983
-7878
-6784
-5614
-6250
-7372
-6701
-4346
-2988
-3844
-4643
-2667
504
1753
1277
648
1202
2426
3453
4941
5897
5124
3331
2622
3770
5195
4719
2752
1540
1198
972
352
-625
-1141
-1249
-1718
-2535
-4447
-5848
-5042
-3174
-2089
-3047
-4552
-4703
-2952
-1373
-461
-1
263
1303
2384
3176
3170
2888
3429
4856
5696
5429
4652
3745
3807
4561
5273
5485
4477
3132
2454
2684
3287
3201
2445
1668
1573
1584
1300
790
570
1037
1378
1402
1457
1574
1759
1771
1914
2123
1673
1122
1108
1690
1391
-603
-3239
-3487
-1312
-359
-2343
-6268
-8063
-6594
-4388
-4319
-6007
-7579
-8136
-7452
-6584
-5411
-5058
-5939
-6202
-5065
-3213
-2141
-2233
-2161
-985
643
1487
1853
2042
2468
3104
3554
4210
4175
3565
2905
2859
3552
3813
2832
1119
377
717
747
-48
-937
-1118
-1212
-2197
-3549
-4535
-3880
-2325
-1677
-2193
-3438
-3932
-2951
-841
750
1179
828
558
1378
2671
3771
3925
3616
3762
4250
4549
4282
3847
3499
3824
4506
4665
3922
2615
1972
2088
2529
2644
2309
1716
961
413
20
182
546
695
784
612
360
110
308
957
1575
1967
1627
1245
682
287
449
768
1389
624
-1476
-3685
-3632
-1412
-363
-2254
-5885
-6929
-5193
-3626
-4085
-5711
-6424
-6359
-6248
-5913
-4876
-4296
-4954
-5532
-4600
-2552
-1685
-2373
-2467
-1134
657
1462
1368
1406
1751
2148
2822
3822
4261
3645
2672
2602
3545
3955
3059
2125
1730
1579
939
36
-39
248
-49
-1431
-2532
-2971
-2680
-1688
-1285
-1290
-2143
-2637
-1769
-252
690
555
525
838
1885
2495
2671
2788
2684
3190
3779
4085
3585
2881
2707
3234
3854
3482
2717
1928
1737
1834
1428
1007
689
584
444
115
-228
-478
-594
-693
-289
220
364
-13
-479
64
825
1125
988
1042
1545
1849
1047
146
507
1422
2012
926
-1173
-2676
-2345
-1085
-491
-1898
-4660
-5969
-5572
-4384
-4314
-5353
-6269
-6408
-6158
-5764
-5243
-5259
-5253
-4701
-3382
-1955
-1826
-2392
-1968
-427
1397
2316
2531
2593
2745
3013
3665
4568
4961
4830
4283
3938
3751
3461
3185
2930
2494
1806
1093
648
205
-377
-1063
-1552
-2110
-2519
-2076
-1639
-1803
-2872
-3460
-2750
-1449
-683
-661
-700
-584
14
797
1572
1856
1643
1745
2429
3005
3011
2680
2593
2809
2846
2557
2332
2235
1961
1595
1305
1272
1078
463
-137
-220
45
76
-412
-806
-687
-411
-360
-454
-189
290
620
637
705
912
963
1193
1501
1803
1541
800
642
637
573
-10
-601
-1063
-1724
-2254
-2591
-2360
-2886
-3965
-4817
-4622
-3868
-4087
-4559
-4641
-4134
-3890
-3982
-3627
-2803
-2082
-2008
-1666
-589
342
605
558
1349
2470
2994
3016
3088
3456
3460
3385
3603
4072
3864
2919
2353
2420
2530
1860
807
296
353
180
-469
-1327
-2222
-2684
-2787
-2586
-2161
-2313
-2972
-3592
-3352
-2418
-1564
-1268
-1317
-992
-645
-301
69
781
1586
1849
1747
1716
1950
2137
2316
2589
2837
2789
2429
2002
1871
1894
1761
1505
1162
811
391
12
-231
-367
-428
-559
-609
-688
-884
-1072
-1053
-535
29
384
219
-157
-288
11
750
1270
1494
1357
1223
1033
696
764
1287
1950
1708
616
-194
-229
98
-116
-454
-736
-993
-1487
-2156
-2246
-2250
-2268
-2490
-2474
-2191
-2206
-2508
-2779
-2347
-1708
-1168
-965
-952
-824
-629
-238
186
753
1138
1282
1277
1154
1320
1539
1846
1985
1711
1342
1040
820
586
331
154
122
-100
-779
-1659
-2324
-2288
-1504
-1202
-1742
-2813
-3346
-2701
-1829
-1457
-1660
-1658
-1424
-901
-459
-128
198
293
764
1494
1966
1805
1386
1446
2186
2942
2899
2246
1525
1339
1705
1932
1812
1289
607
266
145
7
-212
-475
-544
-343
-286
-658
-1054
-1138
-639
120
573
695
512
447
720
1392
2024
2451
2585
2644
2808
2848
2920
2932
3002
2927
2943
2860
2381
1373
505
604
1019
717
-728
-1928
-2079
-1664
-1891
-2867
-3619
-3603
-3292
-3305
-3454
-3687
-3803
-3822
-3442
-2614
-1947
-2013
-2536
-2545
-1620
-466
-25
-205
-296
-34
269
459
677
1007
1011
697
512
582
560
166
-147
-99
115
-53
-601
-1211
-1867
-1893
-1316
-691
-753
-1622
-2322
-2232
-1480
-867
-547
-626
-795
-781
-433
205
469
373
363
780
1227
1367
1077
821
1044
1458
1803
1826
1584
1362
1213
1285
1590
1827
1740
1365
1097
1015
1136
1225
1254
1284
1126
1090
1131
1170
1204
1226
1421
1586
1641
1571
1567
1574
1528
1650
1872
2175
2088
1676
1395
1406
1630
1747
1720
1560
1219
649
182
238
457
424
-118
-979
-1422
-1685
-1755
-1774
-1999
-2420
-2994
-3329
-3368
-3163
-3304
-3559
-3652
-3617
-3352
-3195
-3115
-3029
-2893
-2612
-2106
-1632
-1433
-1320
-1185
-875
-338
8
167
128
170
461
632
649
517
523
494
407
372
312
192
-455
-798
-453
-42
-197
-1136
-1588
-1469
-1058
-874
-878
-900
-1200
-1160
-908
-216
172
176
307
647
1134
1294
1456
1729
2268
2699
2802
2712
2548
2616
2847
3093
3213
2997
2599
2269
2184
2225
2076
1794
1442
1212
1032
894
794
649
474
354
371
323
261
253
319
390
392
465
549
542
486
566
685
640
504
462
554
504
305
89
15
-55
-227
-389
-626
-906
-1144
-1235
-1240
-1415
-1812
-2192
-2230
-2057
-2099
-2502
-2887
-2691
-2246
-2122
-2518
-2917
-2671
-2117
-1805
-1824
-1862
-1850
-1761
-1425
-903
-611
-820
-1100
-837
-299
-23
-98
-216
-77
81
106
99
115
46
66
280
501
392
-230
-579
-198
377
500
110
-204
-146
-47
-57
166
492
638
576
492
682
859
919
1069
1417
1731
1799
1697
1610
1740
1927
2163
2457
2502
2278
2035
1961
2125
2270
2203
2011
1883
1742
1528
1270
1053
950
756
533
397
232
-62
-447
-760
-804
-768
-857
-1073
-1274
-1380
-1372
-1309
-1334
-1285
-1270
-1185
-1045
-964
-808
-623
-399
-239
-159
-90
68
261
407
592
626
484
258
133
297
493
490
224
-153
-541
-845
-901
-678
-543
-923
-1695
-2082
-1856
-1664
-1848
-2186
-2111
-1881
-1914
-2135
-2083
-1767
-1600
-1432
-1088
-627
-617
-868
-652
69
563
471
332
604
962
1008
925
1015
1130
1012
1042
1194
1194
779
390
546
875
876
431
199
150
210
269
356
549
411
245
287
578
751
643
585
781
1210
1274
1060
871
938
1239
1357
1349
1223
1089
862
624
580
597
537
210
-127
-340
-528
-745
-1012
-1101
-1066
-1070
-1193
-1414
-1503
-1450
-1271
-1080
-902
-718
-649
-577
-428
-146
168
374
494
591
763
946
1084
1080
1062
1207
1305
1321
1215
1052
971
903
885
876
760
433
161
80
15
-108
-379
-492
-530
-790
-1029
-1088
-975
-1023
-1156
-1221
-1111
-1049
-1214
-1112
-924
-699
-697
-738
-615
-546
-512
-483
-198
-41
28
-15
-94
-14
14
172
304
350
313
190
57
12
238
415
382
71
-217
-105
65
44
-105
-199
-281
-392
-465
-391
-357
-591
-735
-636
-439
-429
-659
-793
-663
-421
-311
-266
-286
-344
-307
-214
31
222
219
176
211
354
461
488
547
708
828
796
694
620
617
668
705
758
701
562
408
290
273
302
360
341
309
214
145
88
72
258
437
530
463
396
418
482
617
781
987
1081
1027
969
991
1088
1177
1272
1338
1288
1133
969
924
931
850
682
510
398
221
-65
-352
-506
-575
-689
-825
-989
-1177
-1417
-1573
-1511
-1367
-1351
-1437
-1476
-1394
-1319
-1281
-1178
-1036
-884
-838
-750
-715
-698
-674
-623
-479
-437
-468
-670
-878
-923
-758
-616
-771
-1059
-1237
-1224
-1210
-1218
-1175
-1137
-1170
-1253
-1206
-1044
-918
-834
-736
-534
-322
-195
-99
78
278
457
651
819
975
1104
1176
1232
1291
1348
1378
1417
1502
1467
1323
1148
1106
1137
1116
1007
831
722
627
599
573
527
446
383
431
583
686
621
560
652
879
1063
1121
1139
1220
1254
1246
1313
1436
1494
1408
1301
1292
1293
1142
962
872
819
708
501
302
159
-21
-241
-426
-547
-659
-783
-932
-1104
-1257
-1348
-1327
-1322
-1389
-1496
-1518
-1431
-1414
-1452
-1496
-1413
-1262
-1235
-1284
-1313
-1239
-1169
-1086
-1013
-951
-909
-960
-941
-885
-804
-796
-796
-765
-737
-705
-748
-765
-767
-719
-622
-552
-562
-602
-613
-575
-481
-410
-323
-239
-239
-236
-178
-95
32
127
215
334
416
467
537
616
732
876
986
1089
1128
1126
1154
1208
1277
1339
1362
1360
1348
1309
1254
1254
1277
1295
1227
1086
1000
959
960
923
829
696
597
540
518
477
373
298
265
262
236
169
89
73
62
68
96
100
75
-33
-77
-34
51
52
-10
-52
-117
-153
-226
-238
-220
-243
-329
-456
-536
-615
-652
-706
-763
-810
-850
-838
-870
-939
-966
-951
-904
-874
-822
-745
-671
-653
-668
-606
-502
-359
-289
-250
-211
-148
-76
-60
-37
-24
16
17
21
52
49
-21
-138
-178
-134
-54
-78
-158
-220
-289
-311
-276
-149
-47
-85
-166
-143
-10
81
137
195
318
431
444
487
546
595
627
694
795
786
694
594
559
582
521
433
334
244
155
0
-96
-169
-192
-249
-326
-376
-470
-505
-530
-487
-444
-424
-378
-357
-307
-291
-240
-151
-59
36
101
149
135
133
185
286
393
420
378
271
209
271
376
430
340
219
167
171
182
138
111
118
127
111
101
78
25
36
116
234
304
251
155
132
224
360
418
369
307
261
256
285
269
211
156
138
155
133
25
-106
-155
-104
-56
-73
-153
-178
-178
-212
-225
-185
-112
-91
-104
-141
-141
-156
-161
-118
-74
-55
-117
-188
-194
-194
-225
-261
-274
-273
-297
-354
-411
-443
-482
-511
-535
-572
-587
-623
-624
-614
-621
-641
-651
-593
-519
-470
-506
-506
-442
-349
-272
-280
-280
-246
-183
-138
-98
-90
-91
-94
-84
-12
42
68
45
42
93
189
265
296
355
411
488
544
610
672
703
763
850
947
970
943
916
943
1008
1038
1047
1020
974
939
900
869
804
730
692
647
567
453
344
233
190
170
117
40
-54
-121
-154
-153
-140
-169
-238
-300
-290
-248
-244
-277
-323
-314
-311
-339
-381
-426
-406
-373
-372
-443
-533
-567
-576
-579
-592
-595
-638
-712
-755
-755
-734
-739
-738
-735
-710
-704
-681
-652
-621
-562
-500
-428
-410
-399
-377
-301
-239
-199
-156
-136
-116
-131
-112
-111
-93
-62
-45
-55
-105
-125
-83
-36
-20
-13
4
32
60
102
198
315
355
369
422
539
651
695
739
845
972
1011
1001
998
1035
1109
1148
1153
1124
1061
992
947
934
895
829
742
660
566
435
353
317
298
231
117
15
-65
-119
-150
-145
-164
-224
-291
-346
-359
-378
-398
-401
-404
-428
-479
-510
-535
-542
-568
-600
-605
-621
-648
-714
-780
-790
-772
-764
-778
-795
-822
-859
-864
-839
-763
-727
-723
-723
-692
-613
-554
-497
-465
-403
-346
-254
-175
-149
-117
-104
-20
67
126
168
134
106
129
211
278
289
260
236
270
294
324
338
343
363
394
436
459
472
477
502
543
603
649
660
639
636
677
731
753
737
713
707
689
646
614
591
571
525
464
418
365
293
232
199
175
134
85
46
-1
-38
-52
-48
-59
-92
-125
-131
-137
-156
-149
-143
-146
-188
-234
-237
-244
-263
-300
-333
-371
-405
-445
-477
-506
-560
-590
-626
-653
-667
-677
-693
-717
-728
-718
-689
-676
-658
-634
-614
-580
-524
-459
-392
-359
-333
-261
-158
-76
-39
-9
55
144
205
239
262
292
325
334
338
364
395
401
384
342
332
345
344
360
377
375
355
334
349
391
434
439
449
456
464
467
466
508
526
522
516
487
449
389
361
361
355
306
214
143
74
22
-36
-76
-95
-154
-211
-284
-322
-345
-368
-372
-359
-337
-360
-380
-374
-337
-289
-260
-206
-161
-154
-167
-147
-88
-44
-33
-53
-54
-68
-91
-112
-140
-155
-190
-223
-245
-291
-341
-374
-379
-392
-409
-407
-406
-392
-408
-409
-379
-315
-243
-207
-194
-176
-96
-27
47
90
125
180
220
274
306
342
365
385
392
387
371
356
358
358
354
315
265
219
204
211
196
182
152
139
136
146
154
143
142
169
208
214
203
188
202
225
217
200
185
168
151
126
98
78
43
3
-23
-51
-78
-121
-174
-205
-224
-241
-272
-301
-322
-320
-319
-325
-319
-321
-310
-282
-235
-212
-211
-192
-156
-109
-82
-62
-49
-28
6
34
44
30
22
35
66
89
73
38
7
3
19
34
36
5
-19
-8
15
23
7
11
44
75
92
85
90
104
141
181
196
191
170
189
231
270
281
251
220
210
238
262
245
196
153
142
144
138
93
33
7
13
26
-2
-67
-121
-141
-131
-129
-146
-177
-208
-229
-249
-247
-248
-246
-252
-283
-299
-289
-268
-266
-291
-295
-278
-260
-272
-292
-293
-284
-273
-257
-236
-236
-249
-256
-236
-198
-163
-141
-128
-114
-100
-67
-28
13
43
66
85
122
144
164
192
204
226
240
256
271
278
257
250
262
285
299
277
248
233
234
229
230
225
228
224
204
189
184
205
232
249
248
239
233
234
265
286
287
277
281
289
288
269
249
247
231
220
212
201
165
104
70
61
49
4
-52
-88
-124
-164
-202
-228
-245
-275
-307
-332
-345
-361
-383
-385
-385
-376
-382
-391
-395
-383
-371
-377
-383
-376
-361
-357
-357
-354
-341
-344
-352
-357
-344
-335
-326
-312
-307
-294
-289
-275
-244
-211
-178
-155
-136
-100
-54
-16
11
43
80
129
167
186
213
242
281
313
333
340
350
364
373
388
386
373
363
343
340
334
321
312
299
276
253
244
245
252
246
247
247
228
215
208
222
241
236
226
219
215
192
174
178
187
182
147
128
107
85
52
27
23
12
-19
-74
-102
-126
-151
-169
-180
-186
-218
-248
-272
-282
-279
-282
-281
-300
-311
-317
-321
-318
-323
-311
-310
-313
-326
-325
-315
-312
-298
-298
-287
-279
-277
-269
-251
-225
-205
-182
-165
-143
-120
-99
-66
-40
-7
29
47
66
88
110
141
167
182
194
203
214
222
229
236
243
237
231
235
231
226
220
216
219
221
214
205
202
197
203
202
207
212
209
207
195
190
192
194
187
186
183
172
156
138
124
110
107
93
70
38
11
0
-7
-15
-36
-59
-73
-86
-94
-93
-92
-98
-107
-115
-109
-104
-106
-116
-123
-118
-115
-123
-135
-136
-144
-165
-176
-182
-189
-198
-223
-240
-261
-271
-279
-295
-303
-309
-313
-320
-318
-315
-303
-282
-252
-232
-217
-203
-170
-122
-88
-68
-48
-10
41
80
82
87
105
142
176
190
203
194
187
187
202
212
194
178
165
169
164
143
124
114
121
124
128
122
105
92
104
131
149
151
139
144
160
167
169
163
176
193
192
177
166
161
155
146
135
126
105
77
53
41
34
16
-5
-29
-42
-56
-73
-80
-92
-91
-95
-102
-110
-114
-109
-100
-89
-87
-81
-68
-61
-62
-60
-42
-25
-14
-20
-29
-35
-36
-37
-31
-25
-32
-51
-69
-75
-73
-74
-77
-75
-85
-95
-97
-99
-95
-101
-97
-76
-68
-76
-80
-66
-42
-21
-6
-1
5
9
24
44
57
71
69
66
68
67
64
63
68
65
55
35
20
12
2
-8
-19
-21
-37
-55
-65
-63
-63
-72
-68
-66
-66
-74
-68
-45
-29
-28
-29
-20
-15
-4
18
30
40
28
30
41
48
50
39
28
14
17
13
3
-19
-39
-46
-54
-62
-72
-82
-92
-102
-101
-95
-88
-90
-100
-87
-71
-57
-47
-37
-22
-6
11
25
47
64
70
80
87
101
122
137
135
125
119
133
146
137
124
113
119
123
122
111
102
87
72
87
99
100
92
76
71
79
92
102
99
89
89
92
88
92
86
75
71
65
62
54
36
20
8
7
3
-12
-34
-46
-53
-64
-81
-97
-100
-100
-106
-115
-123
-129
-133
-130
-121
-118
-119
-123
-119
-109
-97
-96
-99
-100
-95
-95
-89
-88
-95
-94
-89
-79
-83
-98
-108
-103
-94
-92
-98
-101
-104
-104
-107
-100
-94
-96
-94
-93
-82
-75
-73
-64
-52
-37
-35
-28
-14
-1
14
21
39
57
69
72
78
98
116
133
139
144
154
160
173
180
187
191
192
195
196
198
185
180
185
187
183
162
144
135
130
119
110
98
82
73
57
37
22
15
12
12
-3
-22
-34
-42
-38
-39
-44
-57
-66
-69
-74
-79
-85
-80
-85
-92
-103
-106
-108
-112
-122
-130
-123
-125
-134
-145
-147
-144
-148
-162
-162
-151
-144
-144
-153
-143
-131
-123
-120
-115
-104
-99
-87
-68
-54
-50
-52
-45
-29
-14
-2
5
11
14
19
27
40
41
42
45
50
61
57
58
70
74
79
82
85
90
103
110
108
115
125
134
144
140
139
150
156
163
171
170
169
172
175
177
171
164
162
151
148
142
133
122
100
88
81
74
60
43
28
12
7
-4
-18
-31
-43
-54
-63
-73
-84
-87
-92
-97
-97
-108
-112
-109
-109
-111
-115
-116
-112
-109
-115
-124
-126
-125
-126
-124
-125
-133
-144
-151
-154
-149
-144
-152
-161
-169
-171
-169
-171
-170
-163
-155
-152
-149
-144
-140
-131
-113
-96
-83
-71
-70
-57
-35
-18
0
15
30
38
46
63
79
90
100
111
121
124
121
128
140
141
149
151
150
149
148
154
159
164
164
162
159
156
161
169
165
162
162
156
151
151
145
142
143
131
122
117
105
90
84
76
68
57
36
26
23
8
-5
-13
-18
-27
-39
-38
-41
-47
-55
-61
-49
-47
-54
-63
-61
-56
-53
-48
-51
-55
-55
-58
-63
-58
-61
-65
-70
-80
-82
-81
-90
-97
-105
-111
-115
-113
-112
-123
-124
-121
-119
-115
-114
-117
-105
-98
-90
-80
-78
-74
-69
-52
-39
-28
-27
-31
-15
-2
11
9
6
9
20
38
32
29
31
32
40
44
46
46
48
47
48
60
60
60
65
66
69
73
71
70
72
74
71
71
66
62
57
48
43
44
37
24
14
10
5
1
-11
-20
-27
-29
-35
-42
-38
-41
-43
-39
-46
-44
-36
-34
-24
-20
-17
-15
-9
2
2
4
7
14
23
21
13
16
17
16
17
17
10
6
-2
-2
0
-3
-9
-18
-16
-15
-12
-15
-21
-16
-16
-7
-2
0
4
7
11
20
26
30
31
36
46
49
51
56
52
53
57
57
55
56
52
48
47
39
33
33
29
25
19
10
4
9
4
0
-6
-14
-14
-10
-8
-14
-18
-21
-22
-13
-12
-18
-23
-24
-24
-24
-19
-25
-26
-26
-35
-36
-36
-42
-49
-50
-49
-47
-52
-66
-72
-72
-68
-64
-66
-70
-75
-70
-64
-59
-56
-54
-47
-41
-37
-30
-24
-13
-5
2
7
11
20
28
27
32
44
49
49
50
49
51
49
46
48
52
46
39
38
37
35
33
30
30
29
25
25
30
26
25
31
29
26
25
29
34
36
33
32
36
32
30
32
27
21
23
15
5
3
-1
-11
-18
-25
-33
-38
-46
-53
-52
-55
-66
-74
-75
-74
-71
-71
-75
-78
-71
-67
-69
-59
-53
-47
-42
-41
-37
-27
-23
-22
-10
-4
-9
-5
-2
0
3
5
5
9
10
8
12
11
7
9
19
19
20
24
19
20
30
37
42
45
49
50
54
62
67
80
76
74
81
83
84
85
85
85
83
86
82
76
70
64
65
66
64
55
44
36
34
36
31
24
20
14
7
4
1
0
-1
-9
-9
-14
-22
-30
-33
-34
-38
-40
-47
-62
-65
-67
-70
-74
-86
-89
-90
-98
-101
-104
-110
-112
-114
-111
-110
-111
-116
-115
-108
-100
-99
-92
-89
-87
-81
-76
-63
-54
-51
-49
-43
-34
-29
-24
-16
-12
-8
-2
3
7
16
16
20
26
27
35
36
44
47
48
55
61
68
70
73
76
83
90
92
99
98
101
104
101
109
109
106
103
104
106
101
99
93
90
86
76
76
71
68
64
58
45
40
40
33
36
25
22
17
9
10
8
5
-2
-8
-9
-16
-15
-22
-26
-34
-38
-38
-47
-56
-68
-70
-66
-73
-82
-93
-102
-104
-107
-105
-110
-114
-115
-118
-118
-116
-114
-108
-104
-102
-90
-91
-88
-81
-68
-56
-54
-44
-38
-34
-21
-20
-10
-1
7
16
16
20
23
27
32
37
45
46
46
48
49
52
57
61
61
66
66
69
70
74
77
74
83
82
87
84
84
88
85
89
88
85
83
79
80
72
69
65
58
56
47
43
34
28
22
14
13
2
-4
-7
-15
-20
-23
-27
-33
-36
-40
-45
-40
-47
-47
-47
-49
-52
-52
-51
-57
-56
-55
-59
-57
-62
-62
-68
-72
-72
-71
-72
-84
-86
-86
-86
-87
-92
-91
-97
-93
-92
-94
-89
-89
-81
-78
-74
-68
-64
-56
-47
-36
-29
-22
-12
-4
4
15
26
31
40
47
54
63
69
71
76
84
88
87
91
92
95
93
92
97
93
91
92
91
88
84
89
84
83
82
77
77
71
73
72
65
61
61
59
51
51
50
45
38
33
34
27
25
18
12
11
4
2
-6
-9
-14
-17
-19
-25
-26
-31
-38
-37
-42
-41
-45
-47
-53
-53
-52
-59
-59
-62
-62
-61
-59
-61
-69
-66
-67
-66
-62
-65
-63
-65
-67
-65
-62
-58
-60
-54
-54
-55
-51
-49
-47
-43
-36
-37
-34
-33
-29
-25
-27
-19
-14
-13
-10
-9
-4
0
3
7
12
17
18
18
20
28
31
34
34
34
37
39
42
44
44
45
40
42
43
41
40
36
37
35
32
27
28
24
23
23
22
19
13
15
15
17
15
13
16
14
14
14
11
17
17
19
18
17
20
17
18
17
15
14
14
14
10
6
5
2
1
0
0
-4
-6
-9
-6
-6
-9
-7
-6
-6
-4
-4
-3
-2
0
2
3
8
7
9
7
10
10
10
10
9
10
5
7
3
-2
1
-2
-2
-4
-9
-11
-15
-11
-11
-12
-13
-17
-14
-12
-11
-12
-11
-11
-8
-5
-7
-7
-7
-7
-3
-2
-3
-9
-9
-15
-15
-13
-19
-19
-24
-28
-31
-32
-35
-40
-37
-41
-43
-41
-46
-45
-45
-41
-37
-38
-33
-36
-33
-28
-24
-21
-16
-11
-11
-4
-3
-1
4
2
6
11
13
12
15
15
15
21
19
22
24
20
22
22
27
30
31
34
32
36
36
40
39
39
42
43
48
45
45
46
43
45
44
42
37
35
35
27
30
24
22
19
14
15
10
3
0
0
-2
-4
-3
-7
-8
-11
-11
-8
-11
-10
-15
-11
-13
-15
-12
-14
-12
-14
-15
-17
-22
-20
-25
-26
-27
-33
-32
-35
-38
-40
-40
-45
-46
-45
-49
-48
-50
-49
-46
-45
-40
-40
-39
-39
-34
-28
-26
-20
-18
-11
-8
-5
0
3
9
14
15
15
19
22
24
31
33
33
35
33
36
37
37
39
40
40
42
44
42
42
44
44
47
45
47
44
41
46
48
48
44
46
44
40
41
38
37
35
32
32
25
26
22
20
17
13
9
2
0
-5
-6
-8
-14
-14
-19
-23
-23
-29
-31
-34
-39
-40
-40
-41
-44
-47
-47
-44
-50
-51
-51
-55
-53
-53
-53
-53
-54
-50
-53
-50
-50
-48
-48
-53
-44
-41
-43
-39
-37
-35
-33
-33
-27
-26
-27
-19
-17
-18
-13
-8
-6
0
0
3
4
5
12
14
17
18
22
27
26
30
34
36
36
38
41
41
42
46
45
46
50
48
49
50
45
48
47
45
45
45
43
42
40
39
37
35
32
30
26
27
24
22
23
19
18
17
13
11
9
6
6
4
2
0
-2
-5
-6
-6
-10
-13
-14
-16
-21
-20
-21
-23
-25
-27
-26
-32
-34
-33
-36
-35
-35
-36
-35
-38
-38
-33
-32
-33
-32
-30
-32
-30
-27
-23
-23
-21
-15
-16
-15
-14
-12
-12
-10
-7
-5
-3
-5
-2
1
1
1
4
3
4
4
8
7
10
11
14
16
14
17
19
17
21
21
22
24
21
27
24
24
28
25
23
24
21
20
20
18
19
17
13
13
11
8
8
5
5
0
3
0
-1
0
-3
-1
-2
-4
-2
-5
-6
-4
-4
-5
-2
-4
-7
-3
-6
-6
-10
-10
-5
-12
-11
-8
-14
-14
-16
-15
-14
-17
-19
-17
-18
-22
-17
-17
-17
-16
-12
-12
-14
-12
-10
-8
-6
-5
1
-3
-1
5
2
6
4
6
8
4
6
10
7
7
7
8
8
4
4
5
3
1
5
5
2
3
6
3
4
3
4
5
3
6
6
5
7
8
6
8
5
8
7
3
4
3
2
1
3
1
-1
-2
-4
-4
-5
-7
-7
-6
-9
-7
-6
-8
-6
-6
-7
-4
-4
-4
-4
-3
0
2
2
5
0
0
6
1
3
3
2
2
1
4
1
2
0
-1
2
-5
-1
-1
-4
-1
-2
0
0
-4
1
-2
0
1
3
2
0
5
4
8
8
6
8
8
8
10
10
8
10
10
10
11
8
10
9
7
8
5
8
2
4
6
3
4
2
4
-2
0
-1
-3
0
-6
-4
-3
-6
-7
-5
-6
-11
-9
-7
-14
-11
-13
-12
-12
-15
-12
-15
-16
-15
-17
-16
-18
-17
-15
-17
-17
-15
-14
-16
-15
-14
-16
-14
-13
-11
-13
-9
-10
-7
-8
-9
-4
-7
-2
-2
-1
0
1
3
3
7
6
9
7
9
13
10
14
15
14
15
16
19
15
18
17
18
19
19
19
21
18
19
20
19
19
20
20
19
17
20
19
18
20
20
19
19
19
17
18
15
18
14
13
12
12
12
7
10
6
4
2
0
-1
-4
-4
-7
-7
-10
-12
-14
-16
-15
-22
-17
-19
-24
-20
-22
-21
-25
-22
-24
-24
-25
-25
-24
-25
-24
-22
-22
-23
-25
-23
-22
-25
-23
-22
-22
-23
-21
-20
-22
-20
-17
-21
-16
-19
-17
-14
-16
-9
-10
-6
-4
-5
-1
1
3
5
7
9
11
12
16
14
17
20
18
21
18
21
20
20
24
20
23
19
19
21
18
18
18
16
16
18
16
17
17
16
17
16
15
15
16
13
15
15
14
15
13
12
12
10
8
9
7
5
5
1
1
0
-3
-4
-4
-9
-9
-9
-13
-13
-14
-14
-13
-16
-15
-15
-18
-17
-16
-18
-15
-15
-15
-12
-15
-14
-14
-14
-13
-14
-10
-14
-14
-11
-14
-12
-11
-14
-11
-12
-14
-11
-12
-11
-11
-7
-7
-9
-2
-6
-3
-3
1
2
3
4
6
8
9
10
15
14
14
16
15
16
15
18
21
18
18
22
16
18
18
18
16
17
16
13
18
13
15
15
13
14
14
11
9
11
9
11
10
9
11
6
7
6
4
3
4
1
1
0
-2
-3
-3
-6
-6
-5
-12
-11
-11
-13
-11
-13
-14
-13
-16
-15
-15
-17
-17
-15
-17
-14
-18
-15
-14
-16
-13
-14
-13
-16
-14
-12
-16
-12
-13
-14
-10
-13
-11
-12
-12
-12
-12
-9
-10
-11
-8
-8
-8
-4
-5
-4
-3
-1
-3
2
1
2
6
6
6
7
10
6
10
10
11
11
10
14
13
12
14
12
13
13
13
13
14
11
11
16
11
14
14
12
12
14
12
12
13
12
14
14
13
11
12
10
10
12
8
7
8
5
6
4
6
4
1
1
-1
-5
0
-5
-5
-3
-6
-6
-7
-6
-9
-7
-6
-9
-8
-7
-9
-9
-6
-8
-7
-6
-8
-8
-7
-9
-9
-6
-8
-10
-5
-9
-11
-7
-12
-10
-8
-10
-11
-9
-9
-9
-7
-8
-5
-8
-5
-6
-5
-4
-2
-1
-2
0
0
2
3
0
5
6
1
6
7
4
6
10
5
8
9
6
7
8
7
8
8
6
8
9
9
8
8
8
6
8
7
9
7
7
9
5
7
7
5
7
5
4
4
4
1
3
3
1
0
0
-1
-1
-3
-4
-2
-6
-4
-7
-6
-6
-8
-6
-8
-8
-8
-10
-8
-9
-8
-7
-8
-8
-8
-8
-7
-7
-9
-6
-8
-7
-7
-4
-6
-8
-3
-5
-5
-4
-4
-4
-5
-3
-1
-3
-1
0
-1
-3
1
-1
1
2
1
3
3
2
4
6
4
4
7
4
5
6
7
7
7
7
8
6
7
7
7
6
7
8
4
8
5
6
6
6
5
5
5
3
3
4
4
2
2
4
0
2
4
0
2
1
-1
2
-1
1
1
0
-1
0
0
-2
-2
0
-1
-2
-1
-2
0
-3
-3
0
-2
-5
-1
-3
-3
-2
-2
0
-4
1
-2
0
-1
-1
1
0
0
-1
5
-1
1
5
0
2
3
1
3
1
1
3
0
2
2
2
0
0
3
-2
0
1
-2
0
0
-1
-1
-3
-1
-2
-3
-4
-2
-4
-4
-2
-4
-4
-2
-3
-5
-4
-3
-6
-5
-4
-5
-6
-3
-7
-5
-7
-8
-5
-7
-6
-8
-6
-9
-7
-7
-8
-5
-6
-5
-7
-6
-4
-6
-4
-2
-3
-2
-3
0
-1
-1
2
0
0
3
0
3
2
3
5
2
5
5
4
3
5
6
5
6
7
7
5
8
7
8
9
8
9
9
9
9
10
11
11
11
11
10
10
10
9
9
10
8
10
8
7
6
7
5
5
5
4
1
3
2
1
1
1
0
-2
-1
-3
-1
-4
-3
-1
-4
-5
-3
-4
-7
-6
-3
-8
-6
-5
-7
-8
-8
-6
-7
-9
-6
-10
-9
-8
-9
-10
-9
-7
-9
-8
-8
-8
-8
-7
-6
-4
-8
-5
-3
-5
-3
-3
0
-4
0
-1
-2
-1
0
4
-1
0
5
1
-1
5
3
3
1
4
4
1
4
4
4
3
4
6
3
3
6
3
3
4
7
3
4
5
5
2
3
5
3
2
2
3
1
0
5
2
1
2
1
-1
-2
0
-1
-2
-1
-1
-4
-2
-4
-2
-3
-3
-1
-5
-3
-5
-3
-3
-3
-1
-1
-1
-2
-3
-1
-3
-2
0
-2
1
-2
-1
1
1
0
1
1
0
-1
2
1
1
2
3
2
1
4
2
2
2
5
3
3
5
5
4
5
5
5
5
5
4
5
2
6
6
4
4
6
4
2
3
3
1
2
2
1
2
1
1
0
-1
0
-1
-3
-1
-3
-3
-1
-2
-2
-3
-3
-4
-3
-6
-3
-4
-5
-3
-4
-5
-4
-3
-7
-4
-5
-5
-6
-6
-5
-6
-6
-5
-5
-6
-4
-6
-7
-5
-6
-5
-6
-3
-4
-3
-4
-4
-1
-4
-2
-2
-2
-2
-2
2
-1
-1
4
0
0
1
2
0
-1
5
2
1
5
1
5
3
3
4
2
1
5
3
2
6
6
5
5
5
5
2
3
6
3
4
5
6
5
5
5
5
4
3
5
3
2
4
6
2
4
5
2
1
2
1
1
2
1
3
4
0
1
2
-2
1
-2
1
-1
-1
0
-1
-2
1
0
-1
0
-2
-2
-3
-3
-2
0
-3
-1
1
-5
-2
-3
-3
-5
-4
-2
-4
-2
-3
-2
-3
-3
-2
-2
-4
-3
-2
-4
-2
1
0
-3
0
0
-2
-3
0
-1
-3
0
1
-1
2
0
0
2
-3
2
-1
-3
1
0
0
1
3
1
0
0
2
-3
2
1
-2
2
0
2
2
1
0
2
0
0
-1
1
-1
1
4
-1
1
3
-1
-2
2
-2
-3
0
1
-2
0
1
-2
0
-1
-1
-2
-3
-2
-3
-2
0
-1
1
1
-3
1
-4
-2
-2
-1
0
-2
2
-1
-1
1
-3
0
0
-3
0
-1
0
-1
0
4
-2
3
0
-3
2
-4
2
0
-1
4
1
4
0
2
3
-2
1
3
-1
1
3
4
2
1
5
2
1
2
2
0
1
2
4
4
-1
5
3
-2
3
1
0
0
1
3
0
2
3
2
3
-1
0
0
-2
1
0
1
1
1
3
0
1
1
0
0
-2
1
0
0
1
2
1
0
1
0
-2
-1
-1
0
0
0
2
2
-2
0
2
-2
-1
0
0
-2
1
1
0
-1
2
1
-2
-1
0
-3
-2
-1
-1
-1
-1
-1
-2
-2
-3
-3
-3
-4
-3
-1
-4
-1
-3
-2
-2
-4
-2
-5
-5
-4
-4
-5
-1
-2
-4
-3
-2
-5
-4
-4
-5
-3
-4
-3
-2
-4
-1
-3
-2
-3
-5
-3
-5
-1
-3
-1
1
-1
0
0
-2
-1
-2
-2
1
0
0
4
1
2
3
3
2
2
2
3
1
4
5
3
6
3
5
4
4
4
5
4
3
7
6
4
8
6
5
7
4
5
4
6
5
6
7
6
8
5
6
6
4
3
6
4
5
5
5
6
4
4
3
2
1
4
0
0
6
1
2
2
1
0
0
-1
-2
-2
-2
