SAMPLES:	12769
BITSPERSAMPLE:	16
CHANNELS:	1
SAMPLERATE:	16000
NORMALIZED:	FALSE
-17
-5
-13
-19
-10
-5
2
-13
2
1
-1
2
-9
10
5
3
-2
-4
11
5
-9
-2
-5
-9
-17
0
-5
-9
11
12
6
-1
-9
-2
-6
-5
-5
-11
-4
-6
-10
-3
-11
0
-2
-7
-4
-8
-1
-2
12
-2
3
9
7
-3
-16
-4
-18
5
9
3
9
10
12
8
16
16
25
20
13
1
1
-2
0
17
5
10
9
1
9
-1
-2
4
14
30
18
15
13
12
10
1
10
6
4
12
4
-5
-1
11
14
6
-1
-6
2
6
4
12
11
4
4
5
8
5
-6
-14
-4
-14
-15
-4
-13
-10
-15
-12
-10
-6
-12
-17
-11
-9
8
2
-13
-26
-2
6
-8
-11
-9
-12
-17
-13
-4
2
2
15
9
9
9
-2
2
7
9
5
11
6
8
-1
0
0
-1
-6
-4
14
11
8
8
0
1
5
7
11
3
10
18
19
24
25
19
11
7
8
11
3
6
17
-3
-4
10
6
14
8
10
9
-15
-7
2
-8
0
-9
4
-5
-2
5
-8
8
-1
-9
5
5
-16
-5
1
-13
-9
-15
-13
-3
2
-2
-11
-3
1
-3
-1
0
-2
-4
0
1
-10
-1
2
-1
-3
-8
1
-10
-14
-3
-2
3
0
-11
-5
3
-6
-19
-8
1
-4
10
14
10
1
-3
1
10
9
12
11
2
-2
8
2
1
6
-5
-6
0
-1
-9
-2
-8
-12
-7
-8
-3
4
2
3
14
-2
-3
5
-1
2
12
18
11
12
16
11
11
20
21
3
-2
4
-3
3
4
-2
7
6
10
11
8
5
9
1
19
9
0
1
2
14
7
8
2
3
8
-4
2
1
1
-5
-12
-10
-17
-14
-5
-6
-5
-7
-10
-4
-2
-13
-13
-7
-10
0
-5
-7
3
-7
-1
7
1
6
2
7
-4
-5
12
8
6
-2
2
-9
-7
0
-7
3
8
6
-2
-11
-8
-12
-16
-7
-6
-6
-11
-5
-2
-2
9
-2
5
-1
-2
8
8
23
12
19
13
5
6
12
13
17
17
4
5
0
-1
-1
3
0
8
1
5
2
-5
0
-6
1
6
6
-7
10
15
11
5
-11
10
5
-2
-11
-5
-1
1
9
-7
-4
0
-8
6
1
-3
-2
-5
-2
2
8
12
5
2
14
1
-4
2
7
9
7
-8
-5
-3
-16
-17
3
2
-3
2
2
-3
-7
-5
-4
-3
0
-10
-13
-5
3
1
-19
-7
-7
-6
6
2
0
-6
6
4
-2
-9
2
6
-2
3
0
1
1
4
-2
6
-1
-1
2
7
6
-5
-2
-2
-4
-6
-11
-21
-20
-4
-1
-10
-11
-1
-7
-7
4
6
-3
-6
-2
0
6
7
13
6
3
6
2
-2
5
-8
1
-5
-6
8
-6
-4
-4
1
-3
-11
-2
3
-9
-14
-5
-8
-9
-12
-8
-8
-17
-11
-14
-8
-6
-13
-7
-2
-3
-13
1
8
0
1
5
9
2
7
10
2
-8
-2
2
15
9
-4
-2
-4
0
-7
3
9
1
7
4
4
11
4
-4
4
13
13
19
10
19
4
-1
23
9
-3
-3
-1
3
10
3
-3
-4
-8
3
2
5
-14
-12
2
7
11
-6
-1
7
5
-8
-12
-5
-1
-7
-4
-15
-13
-4
-2
-8
-7
-6
-5
-1
-7
-2
-2
-13
0
11
7
-1
-11
1
2
5
4
8
-1
-3
8
1
-5
-8
4
-9
-14
3
1
8
10
-1
0
-9
2
13
6
-1
-6
-2
0
5
1
7
-1
0
-1
-5
-3
-2
-14
-8
7
2
11
-4
-1
5
-7
1
-2
2
0
8
4
-6
5
-7
-2
-1
-4
-2
-2
-9
-6
-7
-16
-9
-2
-8
-4
-3
-5
-14
-15
-4
-21
-1
2
0
8
2
5
-3
3
-6
6
11
9
9
8
9
3
8
7
2
-1
-5
-5
1
-7
-4
-9
-13
-5
-13
-13
1
-3
-1
0
5
5
0
14
10
-1
13
9
1
4
-2
1
4
-3
-2
2
4
9
-2
-6
-2
3
8
-8
-4
-5
-12
2
-12
-7
-13
-22
-10
-15
-14
-14
7
8
-2
11
13
11
2
15
9
3
6
8
13
3
1
4
3
-10
-5
8
9
5
14
6
8
14
5
4
4
-7
-14
-1
0
-2
9
11
-3
9
9
12
9
6
13
13
9
23
23
16
21
15
15
10
1
-4
1
4
-1
-6
-7
-6
-5
-17
-11
-6
-7
-6
-5
-4
-15
-2
3
-4
-6
-15
-15
-10
-17
-5
-8
-17
-13
-16
-21
-14
-5
-5
-5
-3
-12
2
-8
-14
-8
-20
-2
-5
-3
8
-9
-13
-10
-8
-14
-5
-7
-15
0
-4
0
1
-5
6
2
-6
-10
-7
-5
-10
-15
-17
-5
-3
-10
-6
-1
-2
-16
-10
-16
-11
-4
-4
1
-11
-13
-2
-2
-2
-2
-1
4
3
7
5
11
4
11
5
4
13
8
18
9
13
21
7
6
4
18
19
8
12
1
1
10
15
10
15
15
16
13
-1
3
7
3
1
13
1
1
5
-3
6
2
8
7
-12
0
-4
2
3
4
6
0
1
3
0
1
1
-10
0
-10
-2
3
-6
-1
6
6
9
10
0
11
-5
0
7
-2
2
8
5
-6
-1
-7
-13
-18
-17
-23
-10
-18
-32
-17
-17
-17
-14
-12
-11
-14
-8
-9
-7
-1
2
0
-2
17
11
7
8
5
5
-12
-8
-5
-4
-7
-3
-3
-4
9
14
10
-1
-3
-1
-1
-3
-6
-9
-11
-8
-1
4
12
11
9
14
6
8
13
7
12
17
15
15
12
19
13
11
12
22
13
1
0
9
18
3
1
-4
4
5
-4
-3
-6
-8
4
-2
-6
-3
14
13
2
9
5
-9
-5
7
8
1
15
8
7
0
-2
3
-9
1
-1
3
-8
-8
1
-2
-15
-11
-8
-8
-3
1
-8
-12
-1
-12
4
-8
-7
3
-5
-3
-4
-3
-7
-13
-8
-3
2
9
-1
-3
-4
1
6
1
-7
-10
15
4
-5
-10
-4
8
-5
-7
-8
3
4
-5
4
1
-4
-1
5
6
6
0
6
6
0
7
7
-3
2
9
-1
4
-7
-1
4
-11
-5
-4
-7
1
-8
-6
-3
-6
-3
-1
10
10
16
16
15
7
8
9
5
12
5
6
-2
0
-12
-4
-2
-11
2
-14
-8
-7
-5
0
-2
3
-12
-15
4
9
17
1
-1
-4
-9
-1
-6
5
2
14
9
8
16
7
18
1
9
8
9
8
8
15
-2
7
2
1
0
-10
5
17
13
4
9
7
21
12
12
17
8
13
16
13
13
22
16
9
-4
3
-6
0
1
-5
7
2
2
-4
1
-4
3
-9
-10
-3
-14
-8
-10
-15
-7
-10
-2
-13
-13
10
13
18
11
10
17
21
16
1
-1
4
10
0
5
4
5
2
-6
-5
-8
-7
-11
-16
-18
-21
-15
-11
-9
-11
-12
-7
-10
-10
-10
-10
7
6
-1
7
-7
-5
1
-10
-15
-19
-23
-9
-4
-15
-1
-5
-14
3
6
5
1
-1
-1
-3
2
-3
0
0
-2
11
9
10
15
24
14
6
20
13
15
4
5
8
-5
-1
12
15
13
3
4
2
2
6
2
1
2
11
9
8
0
4
1
-1
11
-1
-5
-6
6
8
-1
-2
3
-13
-4
4
-1
7
-5
-2
2
6
-7
2
18
8
17
15
12
11
3
-11
2
3
-7
-5
-3
6
-2
-5
-1
1
0
-11
-3
-5
0
7
9
13
9
15
12
2
1
-10
-5
11
14
10
-8
1
10
0
11
-1
-9
-9
-7
5
-3
-3
3
-4
-4
-2
4
8
-2
3
13
10
2
8
8
3
15
7
7
11
10
8
5
3
9
10
2
1
-10
-9
3
-2
-6
0
-5
-9
-8
-2
-2
6
0
-12
-2
-15
-17
-17
-14
-18
-2
-10
-9
-2
-8
-2
-8
-2
-5
0
10
-3
-4
5
-7
0
0
16
-1
-8
5
-15
0
1
9
3
10
15
17
22
8
16
4
4
17
13
11
10
10
11
6
11
8
6
0
1
-3
3
7
-2
6
7
11
12
6
12
5
-11
10
4
-9
-1
1
-3
-6
-15
-9
-1
-11
-2
-4
8
-10
-12
-2
4
5
-6
-3
1
5
1
0
1
4
7
10
12
12
6
3
4
12
4
2
3
-6
-1
-5
-8
-12
-8
-11
-3
-5
1
1
-12
-8
1
1
-11
-3
-1
0
-4
-10
-7
7
4
5
8
3
-1
3
-1
-6
-9
-7
0
1
-7
2
6
-6
-6
-5
-7
-17
-5
-9
-13
-6
0
-1
-9
8
-1
-13
0
3
-10
1
4
-14
5
11
-2
13
6
3
11
12
10
0
12
10
2
-1
0
3
5
9
-5
-9
3
8
1
-6
0
-2
2
1
-3
3
5
5
-12
-6
-6
1
3
-11
-3
-3
1
-1
-2
0
1
-8
-6
-4
-13
-7
0
-9
0
6
-6
0
7
3
-6
5
8
9
2
-13
-4
-13
6
-1
0
14
2
15
10
12
14
21
11
0
10
8
10
4
5
3
9
5
-8
0
3
-4
-8
-12
-16
-22
3
5
-7
-6
-10
-11
-25
-21
-1
-2
-6
-1
11
7
0
13
-2
-5
4
0
5
-6
-3
1
11
-2
-2
-1
-9
0
4
1
-3
0
2
5
6
2
6
4
0
5
-8
-5
-10
-14
-6
-7
-1
0
0
-3
-4
-1
1
-2
3
10
-3
3
0
-3
0
6
-1
-7
6
-8
-8
-9
2
0
0
11
10
9
7
-1
4
15
-6
-9
-9
-7
-12
-5
0
0
1
-17
-6
6
-4
4
2
-4
-6
-5
-12
-13
-7
-14
6
4
-7
-1
-16
-17
-12
-13
-5
-11
-13
-12
-11
-5
-3
-11
-13
-9
-9
-8
-8
-5
-6
6
-1
0
5
-4
-8
-13
-10
-7
-11
3
5
-4
7
4
-11
-5
6
-8
-9
7
-2
12
9
-11
-2
-2
-1
7
8
1
2
3
1
4
8
11
15
17
14
10
1
12
4
-1
-3
-15
2
-13
-10
-11
-21
-10
-11
1
8
7
9
17
7
-1
5
9
8
3
9
5
6
9
3
-1
11
8
4
1
6
6
5
2
6
-7
-4
-10
-8
7
-13
-15
-16
-4
-3
-16
-6
-9
-10
-7
-3
7
5
12
8
13
11
12
11
-2
-3
-8
-7
-12
-9
-8
-19
-17
-17
-9
-6
-14
-9
-4
2
-8
-12
2
-8
-5
1
-11
-9
-12
-20
-14
-13
-15
-14
-22
-26
-22
-15
-17
-5
12
15
32
29
36
45
37
31
27
20
16
24
21
42
43
37
36
28
31
17
6
3
-11
-1
1
-7
3
2
2
-8
-12
-16
-30
-27
-37
-37
-30
-12
12
20
53
74
66
71
59
49
34
7
-11
-35
-47
-61
-65
-52
-57
-33
-14
-20
-2
-16
-30
-39
-52
-86
-107
-123
-154
-150
-152
-153
-137
-111
-89
-74
-52
-6
15
36
73
84
84
78
65
36
11
-34
-53
-99
-119
-122
-135
-117
-102
-73
-51
-19
23
55
79
114
133
137
149
175
177
175
173
148
121
84
45
19
-1
-15
0
24
57
118
175
252
299
337
370
374
376
355
330
305
274
251
230
203
187
162
134
103
82
49
29
12
-10
-34
-54
-76
-137
-210
-323
-470
-617
-780
-930
-1008
-1011
-963
-849
-653
-422
-173
70
278
435
527
549
515
432
315
189
63
-52
-156
-257
-347
-444
-556
-624
-704
-763
-756
-718
-633
-488
-307
-85
132
336
524
644
706
744
715
628
519
376
201
48
-67
-174
-282
-327
-315
-305
-248
-174
-76
7
96
195
249
316
360
406
409
400
384
336
275
172
59
-43
-141
-236
-277
-275
-238
-135
17
181
347
522
652
753
849
908
918
925
924
900
862
817
725
591
463
318
182
63
-3
-9
36
100
180
222
151
-47
-362
-769
-1292
-1767
-2106
-2332
-2395
-2206
-1770
-1233
-602
56
635
1042
1261
1380
1308
1090
847
588
314
95
-59
-223
-411
-642
-893
-1211
-1536
-1806
-2027
-2128
-2059
-1806
-1407
-876
-236
393
947
1455
1874
2106
2133
2053
1850
1473
1035
608
124
-402
-849
-1184
-1493
-1715
-1789
-1777
-1741
-1589
-1277
-934
-570
-112
404
866
1297
1716
2014
2126
2080
1866
1482
958
368
-238
-875
-1390
-1759
-1981
-2009
-1854
-1553
-1183
-703
-116
433
948
1449
1878
2182
2414
2610
2666
2547
2326
2052
1694
1283
936
614
298
84
3
20
95
245
392
545
768
1079
1391
1706
2030
2210
2170
1950
1468
470
-928
-2408
-3924
-5445
-6491
-6833
-6735
-6156
-4844
-2994
-1121
653
2328
3581
4146
4317
4241
3731
2888
2069
1313
532
-127
-668
-1286
-2065
-2843
-3604
-4386
-4993
-5284
-5329
-5051
-4196
-2872
-1430
159
1869
3308
4313
5097
5630
5471
4771
3977
2989
1642
302
-759
-1805
-2873
-3561
-3749
-3880
-3921
-3589
-3093
-2635
-1989
-1043
-93
741
1653
2649
3415
3968
4357
4355
3884
3128
2157
923
-458
-1804
-3019
-4015
-4578
-4694
-4491
-3957
-3051
-1985
-842
405
1618
2552
3252
3891
4361
4551
4556
4461
4138
3607
3065
2539
1898
1184
515
-43
-505
-865
-1060
-1089
-1028
-873
-479
145
780
1363
2035
2748
3273
3618
3908
3943
3414
2553
1589
232
-1632
-3612
-5364
-7075
-8526
-9024
-8719
-8099
-6887
-4843
-2519
-381
1686
3572
4740
5181
5355
5188
4458
3428
2387
1218
32
-896
-1722
-2666
-3581
-4348
-5127
-5761
-5923
-5817
-5652
-4977
-3603
-2040
-420
1548
3439
4656
5500
6367
6687
6032
5055
4043
2524
659
-772
-1865
-3207
-4367
-4689
-4553
-4404
-3890
-2933
-2146
-1570
-672
363
1080
1626
2286
2854
3186
3515
3742
3476
2767
1925
883
-427
-1710
-2883
-4035
-4883
-5101
-4805
-4201
-3159
-1692
-149
1383
3066
4630
5611
6097
6460
6546
6161
5578
4996
4205
3156
2326
1752
1019
168
-469
-907
-1307
-1443
-1203
-937
-638
47
1003
1944
2957
3913
4326
4145
3753
2888
985
-1598
-4070
-6674
-9335
-10788
-10836
-10467
-9563
-7189
-3991
-1169
1432
4106
5873
6174
6032
5921
5051
3458
2108
994
-188
-1095
-1528
-2060
-3003
-3997
-5021
-6118
-6884
-7267
-7626
-7466
-6135
-4218
-2180
478
3463
5563
6874
8400
9427
8820
7405
6142
4249
1480
-717
-1976
-3547
-5260
-5729
-5325
-5200
-4956
-3977
-3200
-3045
-2556
-1514
-686
-60
1088
2466
3607
4804
5996
6495
6109
5223
3775
1644
-711
-3003
-5316
-7247
-8150
-8112
-7471
-6057
-3826
-1430
847
3299
5604
7087
7793
8276
8434
7946
7236
6699
5923
4725
3750
3164
2351
1226
376
-210
-963
-1583
-1534
-1243
-1191
-755
410
1667
2754
4109
5403
5749
5312
4611
3084
96
-3391
-6532
-9852
-12822
-13994
-13676
-12850
-10923
-7357
-3365
61
3393
6417
7818
7831
7669
6986
5177
3216
1778
239
-1270
-1962
-2311
-3285
-4467
-5328
-6483
-7926
-8675
-8881
-9200
-8751
-6816
-4327
-1795
1474
5037
7509
9214
11104
12042
11019
9303
7544
4760
1254
-1331
-3196
-5490
-7370
-7646
-7283
-7201
-6510
-5142
-4338
-4001
-3001
-1623
-699
273
1906
3599
4921
6409
7777
8090
7391
6170
4263
1617
-1210
-3879
-6381
-8321
-9065
-8796
-7760
-5782
-3187
-577
1983
4624
6834
8137
8909
9435
9352
8734
8266
7926
7127
6128
5544
5054
4106
3032
2319
1423
22
-1053
-1496
-1944
-2399
-2130
-1264
-643
-249
359
635
-270
-1841
-3401
-5462
-7815
-9442
-10109
-10047
-9106
-6989
-4021
-864
2224
5096
7043
7840
7759
6688
4799
2524
149
-2143
-3985
-5093
-5614
-5887
-5778
-5414
-5420
-5653
-5707
-5803
-6193
-6284
-5610
-4503
-3064
-813
2089
4728
7045
9343
10943
11256
10623
9236
6831
3549
270
-2640
-5399
-7522
-8525
-8745
-8361
-7250
-5661
-4154
-2892
-1685
-646
58
805
1807
2795
3877
5204
6464
7310
7666
7400
6204
4111
1494
-1463
-4577
-7341
-9261
-10276
-10241
-8909
-6524
-3508
-116
3375
6491
8881
10469
11286
11272
10606
9623
8468
7260
6180
5432
4915
4472
4029
3584
2942
1972
1045
290
-449
-1093
-1223
-899
-593
-307
-5
-412
-2108
-4403
-6838
-9786
-12842
-14774
-15406
-15220
-13429
-9426
-4480
323
5253
9903
12832
14041
14255
12948
9687
5655
1914
-1781
-5073
-7028
-8042
-8923
-9176
-8565
-8139
-8240
-8238
-8426
-9252
-9682
-8804
-7396
-5725
-2796
1196
5007
8829
13085
16198
17007
16441
14985
11705
6889
2195
-2332
-7245
-11142
-12775
-13118
-12866
-11333
-8809
-6514
-4425
-1888
330
1517
2408
3643
4804
5829
7356
8906
9622
9711
9509
8412
6033
2934
-675
-4808
-8615
-11220
-12688
-13097
-11982
-9404
-5947
-1750
2980
7299
10497
12695
14067
14337
13551
12306
10798
8954
7234
6266
5794
5240
4625
4084
3373
2320
1239
281
-959
-2469
-3761
-4608
-5314
-6249
-7303
-8253
-9378
-10609
-11087
-10845
-10578
-10075
-8541
-6164
-3566
-528
2925
5849
7785
9412
10624
10632
9525
7711
5112
1917
-1053
-3438
-5668
-7812
-9306
-10211
-10795
-10683
-10007
-9577
-9377
-8853
-7949
-6865
-5273
-2997
-707
1672
4852
8445
11425
13673
15126
15102
13491
11080
8197
4265
-472
-4822
-8395
-11419
-13179
-13260
-12654
-11704
-9736
-6814
-3894
-1090
1919
4431
6015
7556
9347
10474
10827
10741
10071
8543
6459
4259
1581
-1777
-5165
-7898
-9916
-10934
-10656
-9358
-7319
-4485
-846
3107
6805
9996
12289
13434
13731
13492
12716
11440
9883
8254
6840
5701
4911
4505
4046
3427
2876
2265
1258
-72
-1718
-4226
-7664
-11035
-13849
-16635
-18633
-18883
-18032
-16547
-13630
-9206
-4608
-408
3803
7546
9844
11205
12226
12218
10941
9218
7354
5078
2740
935
-749
-2905
-5062
-6780
-8499
-10295
-11601
-12615
-13706
-14347
-13985
-12847
-11176
-8577
-5244
-1805
2075
6492
10451
13368
15457
16508
16032
14349
12146
9252
5377
1298
-2212
-5334
-8151
-10106
-11215
-12155
-12623
-11877
-10493
-9010
-6763
-3902
-1199
1710
5254
8525
10871
12668
13772
13640
12439
10530
7788
4139
198
-3371
-6427
-8739
-9928
-9939
-9061
-7256
-4391
-1011
2197
5336
8189
10047
11185
11961
12084
11517
10831
10211
9379
8588
8223
7788
7079
6498
5835
4494
2592
770
-1536
-4762
-8074
-11094
-14374
-17549
-19154
-19395
-19100
-17532
-14388
-10780
-6997
-2521
1904
5320
7847
9919
11076
11146
10919
10278
8702
6685
4948
3256
1369
-400
-2056
-4171
-6558
-8408
-10073
-11931
-13259
-14002
-14666
-14666
-13294
-11039
-8558
-5462
-1514
2465
6006
9609
12852
14569
15001
14842
13859
11813
9375
6891
3760
269
-2452
-4941
-7635
-9492
-10829
-12137
-12766
-12336
-11170
-9388
-6903
-3898
-579
2935
6483
9507
11765
13073
13185
12210
10392
8009
5124
1733
-1544
-4040
-5931
-7100
-6974
-6029
-4817
-2915
-459
1936
4185
6208
7600
8340
8851
9359
9615
9690
9761
9524
9260
9222
9081
8741
8188
7250
5818
4049
2329
346
-2862
-6754
-10211
-13847
-17582
-19751
-20470
-20916
-20518
-18191
-14567
-10702
-6225
-1227
2874
5968
9001
11451
12580
12850
12427
11071
9116
7428
6159
4428
2366
520
-1635
-4014
-5963
-7837
-10156
-12578
-14615
-16248
-17283
-17046
-15667
-13901
-11310
-7202
-2393
2348
7167
11564
14488
15853
16473
16296
14656
12142
9489
6379
3228
850
-1128
-3116
-4913
-6463
-7884
-9160
-10036
-10416
-10578
-10411
-9334
-7290
-4542
-1361
2042
5423
8242
10382
11864
12238
11355
9490
6775
3742
1057
-1273
-3076
-4024
-4132
-3410
-1928
100
2339
4340
5848
6849
7449
7777
7786
7528
7228
6891
6728
7011
7495
8005
8441
8579
8296
7510
6215
4473
1792
-2130
-6377
-10458
-14646
-18093
-19980
-20821
-21016
-19896
-17155
-13814
-10215
-6045
-2120
887
3657
6340
8282
9514
10303
10529
10080
9463
9124
8539
7203
5507
3548
1113
-1455
-3822
-6264
-9045
-11708
-13876
-15607
-16624
-16544
-15770
-14531
-12238
-8803
-4850
-723
3481
7254
9964
11772
13164
13701
13079
11978
10611
8698
6698
5174
3547
1466
-536
-2408
-4541
-6651
-8185
-9485
-10653
-11065
-10469
-9091
-7063
-4343
-1300
1531
4135
6498
8140
8749
8642
7896
6384
4650
3263
2071
976
518
804
1450
2543
4098
5451
6291
6891
7285
7266
6931
6668
6261
5517
5153
5480
6038
6574
7323
8030
7990
7368
6481
4467
761
-3548
-8150
-13226
-17429
-19950
-21454
-22052
-20998
-18377
-15101
-11286
-6822
-2874
-153
2139
4140
5367
6189
6896
7239
7278
7625
8521
9239
9480
9434
8518
6485
4107
1562
-1614
-5275
-8816
-12009
-14883
-16782
-17209
-16868
-15954
-13806
-10789
-7647
-4151
-374
2720
4772
6441
7907
8604
8861
9313
9454
9163
8941
8775
8310
7396
6069
4271
1983
-526
-2888
-5130
-7186
-8669
-9440
-9590
-8965
-7517
-5754
-3991
-2092
-369
910
1989
2797
3101
3151
3299
3522
3804
4440
5399
6345
7301
8364
9268
9796
9874
9539
8980
8107
7080
6248
5457
4731
4359
4259
4397
4828
5296
5437
5262
4774
3521
1054
-2063
-5490
-9695
-13652
-16352
-18227
-19363
-19180
-17686
-15490
-12784
-9354
-5870
-3324
-1281
639
1844
2588
3431
4153
4644
5223
6294
7581
8538
9236
9363
8527
7160
5404
3011
223
-2774
-5950
-9065
-11571
-13078
-13933
-14326
-13751
-12347
-10666
-8486
-5862
-3413
-1517
-2
1399
2523
3442
4602
5818
6860
8065
9365
10346
10852
10811
10022
8322
6026
3583
977
-1746
-4074
-5801
-7064
-7687
-7493
-6839
-6145
-5350
-4509
-3923
-3578
-3192
-2781
-2528
-2048
-1024
303
1954
4068
6356
8542
10564
12269
13438
13939
13857
13296
12245
11033
9874
8557
7429
6764
6193
5778
5639
5489
5010
4160
3127
1448
-1475
-4835
-8325
-12444
-16026
-18124
-19346
-19819
-19037
-17016
-14432
-11551
-8070
-4796
-2687
-1065
313
1036
1674
2463
3146
3832
4710
6109
7725
8985
9934
10036
8959
7340
5391
2971
308
-2435
-5259
-7936
-9941
-10845
-11250
-11407
-10822
-9980
-9276
-8083
-6545
-5335
-4552
-3935
-3217
-2531
-1607
-65
1626
3204
5087
7102
8833
10296
11300
11444
10652
9352
7895
6136
4215
2600
1094
-372
-1430
-2130
-2836
-3705
-4656
-5688
-6815
-7802
-8407
-8776
-8895
-8320
-6972
-5114
-2649
357
3388
6214
8877
11200
12971
14160
14768
14768
14333
13825
13239
12526
12001
11574
10957
10290
9706
9005
7875
6295
4412
1707
-2164
-6273
-10339
-14692
-18372
-20649
-22003
-22563
-21809
-19752
-17268
-14495
-11113
-7955
-5667
-3560
-1545
-106
1158
2572
4024
5431
7032
9086
10912
12099
12859
12690
11324
9384
7118
4319
1224
-1744
-4507
-7130
-9103
-10057
-10623
-10871
-10394
-9742
-9236
-8455
-7541
-6899
-6530
-6202
-5679
-5057
-3953
-2122
-60
2185
4657
6925
8801
10268
11036
10914
9922
8406
6759
5050
3575
2607
1940
1477
1303
1227
1052
510
-539
-2029
-3941
-5998
-7845
-9370
-10373
-10591
-10019
-8571
-6265
-3382
-159
3037
5913
8450
10556
12202
13415
14132
14616
14924
15071
15382
15806
16109
16129
15824
15171
14035
12306
9965
6680
2201
-2869
-8195
-13531
-17974
-21143
-23251
-24340
-24220
-22889
-20887
-18465
-15604
-12900
-10824
-8974
-7118
-5309
-3355
-1216
1132
3676
6427
9490
12448
14743
16184
16386
15260
13250
10657
7663
4356
951
-2214
-5038
-7207
-8485
-9229
-9650
-9715
-9725
-9710
-9461
-9153
-9004
-9038
-9009
-8744
-8275
-7215
-5488
-3510
-1294
1157
3642
5882
7789
9205
9844
9717
9243
8637
7841
7194
6857
6547
6216
6006
5733
5056
3951
2476
475
-1865
-4084
-6159
-8110
-9490
-10162
-10363
-9878
-8514
-6602
-4573
-2420
-148
1978
3974
5983
7952
9710
11284
12808
14306
15790
17181
18316
19000
19233
19017
18232
16936
15045
12128
7915
2984
-2311
-7971
-13062
-17052
-20354
-22985
-24324
-24434
-23901
-22638
-20616
-18496
-16759
-14884
-12787
-10717
-8361
-5665
-2798
236
3548
7097
10607
13609
15899
17104
17055
16187
14646
12545
10098
7327
4377
1440
-1195
-3336
-5137
-6634
-7803
-8882
-9866
-10410
-10751
-11004
-11156
-11340
-11385
-11116
-10323
-8904
-7083
-4941
-2549
-235
2046
4251
5999
7236
7849
7941
7916
7705
7570
7796
7938
7963
8035
7876
7376
6469
5133
3352
1066
-1249
-3281
-5212
-6728
-7596
-8073
-8025
-7396
-6331
-4929
-3531
-2184
-686
790
2355
4132
5901
7691
9376
10963
12784
14628
16230
17692
18703
19174
19189
18660
17574
15254
11585
7224
2017
-3558
-8331
-12324
-15848
-18634
-20498
-21521
-21919
-21596
-20629
-19857
-19330
-18517
-17602
-16209
-13944
-11254
-8162
-4608
-700
3477
7585
11355
14293
15835
16346
16198
15275
14002
12590
10684
8397
6080
3989
2046
88
-1655
-3479
-5769
-7822
-9313
-10650
-11720
-12419
-12873
-13142
-12991
-12016
-10506
-8873
-6994
-4992
-3199
-1333
707
2546
4019
5185
6246
7167
8050
9130
10118
10628
10743
10556
9904
8850
7443
5564
3250
827
-1394
-3293
-4800
-5769
-6408
-6854
-6858
-6416
-5773
-5020
-4164
-3284
-2327
-1066
606
2518
4536
6622
8541
10311
12198
13993
15337
16352
17124
17387
17226
16986
16328
14422
11484
8019
3733
-877
-4764
-8106
-11450
-14336
-16378
-18001
-19167
-19432
-19196
-19256
-19338
-19003
-18502
-17526
-15636
-13207
-10511
-7333
-3652
213
4019
7652
10542
12194
13091
13543
13493
13189
12775
12014
10685
9146
7643
5981
4078
2108
-146
-2850
-5471
-7732
-9637
-11208
-12429
-13251
-13744
-13805
-13187
-12015
-10560
-8962
-7345
-5717
-4051
-2192
-196
1643
3347
5086
6710
8245
9913
11398
12300
12529
12226
11398
10023
8371
6551
4419
2186
146
-1624
-3092
-4230
-5019
-5703
-6315
-6506
-6303
-5976
-5298
-4188
-2881
-1307
640
2906
5216
7431
9591
11478
13050
14529
15704
16464
17022
17190
16770
15465
13195
10290
6521
2211
-1714
-5148
-8225
-10686
-12480
-13787
-14799
-15505
-15839
-16329
-16958
-17370
-17800
-17858
-17022
-15571
-13551
-10780
-7367
-3639
-20
3372
6279
8086
9077
9816
10099
10236
10575
10826
10842
10718
10546
10031
8768
7055
5002
2146
-1001
-3753
-6319
-8660
-10535
-11813
-12561
-12935
-12744
-12123
-11462
-10648
-9657
-8674
-7394
-5751
-3977
-1999
185
2535
4921
7163
9248
10977
12018
12499
12420
11652
10438
8892
7057
5136
3275
1586
14
-1588
-2969
-4133
-5319
-6202
-6606
-6748
-6556
-5995
-4989
-3480
-1742
258
2474
4593
6694
8827
10823
12725
14460
15937
17081
17824
18308
18013
16262
13577
10090
5388
636
-3255
-6696
-9695
-11771
-12964
-13903
-14544
-14528
-14642
-15527
-16301
-16900
-17560
-17323
-15995
-14072
-11583
-8366
-4640
-963
2486
5551
7416
7980
8155
7999
7635
7842
8410
8783
8967
9181
9195
8492
7254
5677
3199
106
-2545
-4788
-6680
-7952
-8828
-9414
-9894
-10110
-9881
-9605
-9410
-9178
-9000
-8672
-7696
-6130
-4081
-1718
729
3209
5313
7207
8997
10148
10677
10832
10585
10028
9388
8650
7719
6331
4598
2724
512
-1720
-3616
-5341
-6736
-7582
-7704
-7068
-5999
-4441
-2421
-620
922
2487
3848
5214
6758
8434
10292
12360
14592
16661
18470
19918
19908
17607
14177
9771
4029
-1199
-4929
-7955
-10481
-11804
-12136
-12590
-13073
-13108
-13869
-15746
-17214
-18191
-18757
-17772
-15403
-12465
-9037
-5102
-1123
2329
5139
7155
7661
7108
6791
6588
6755
7926
9300
10083
10215
9929
8995
6994
4368
1630
-1581
-4747
-6661
-7540
-7772
-7521
-7236
-7334
-8049
-8907
-9587
-10306
-10693
-10294
-9297
-7559
-4763
-1458
1649
4131
5953
7016
7224
7361
7729
7857
8050
8652
9154
9372
9381
8826
7196
4550
1591
-1542
-4737
-7013
-8165
-8694
-8466
-7384
-5840
-4357
-3002
-1628
-626
-25
921
2249
3846
6278
9255
12045
14823
17567
19500
20424
20780
19976
16814
12362
7954
2858
-1986
-4745
-6472
-8503
-10088
-11088
-12666
-14687
-16095
-17301
-19136
-20317
-19894
-18615
-16050
-11988
-7921
-4527
-1483
1078
2986
4563
6029
6858
7032
7581
8694
9886
11381
12689
12503
10692
8033
4966
1693
-1313
-3523
-5189
-6682
-7306
-7031
-6792
-6937
-7658
-9188
-11263
-12806
-12932
-11875
-9786
-6676
-3428
-720
1886
4308
5623
5923
5823
5389
4961
5561
7306
9167
10718
11626
11282
9685
7438
4871
1700
-1540
-4079
-5964
-7040
-6931
-6117
-5551
-5556
-5957
-6496
-6940
-6585
-5084
-3089
-512
2830
6153
9371
12653
15205
16498
17130
17587
17754
17926
18633
18521
15955
12374
8161
2346
-2876
-6168
-9206
-12555
-14969
-16358
-17818
-18872
-18562
-18365
-19288
-19391
-18440
-16910
-13617
-9301
-5469
-2103
1021
3801
6352
8938
11249
12175
12037
12199
12236
12213
12694
12384
10462
7324
3767
389
-2777
-5354
-7099
-8791
-10602
-11437
-11541
-11619
-11923
-12573
-13298
-14197
-14115
-12095
-9161
-5792
-1900
1534
3991
6261
8379
9605
9978
10252
10597
10807
11674
13065
13676
13234
11711
9030
5641
2318
-648
-3487
-5927
-7615
-8759
-9550
-9718
-9570
-9747
-10211
-10388
-9698
-8405
-6145
-2710
658
3836
7094
9948
12466
14928
16993
18451
19663
20889
21936
22622
22863
20694
15320
9277
2467
-5115
-9852
-11598
-13387
-15454
-16681
-18022
-20448
-22458
-22820
-23253
-23864
-22233
-18974
-14575
-8469
-2828
964
3509
5083
6286
8182
11073
14106
15941
16909
17694
17362
16349
15105
12207
7683
2731
-1503
-4514
-6625
-7693
-8181
-9858
-12535
-14378
-15730
-17069
-17754
-17569
-16784
-15592
-12790
-8405
-4074
-223
3029
4906
5848
7433
9257
10917
12711
14142
14894
15069
15083
14633
13191
10796
7748
4488
1513
-674
-2616
-4617
-6621
-8964
-11117
-12700
-13365
-13135
-12624
-11775
-10087
-7801
-5140
-1607
1863
4786
7582
9987
12428
15094
17699
19882
21487
22893
23900
24176
23991
21882
15791
8483
1479
-6272
-11328
-12347
-12957
-15104
-17632
-20298
-23909
-26823
-26880
-25441
-24127
-20831
-16111
-11467
-5518
-190
2511
3944
5187
6781
9742
14433
19141
21477
21159
19719
16879
13435
11219
8752
5239
1285
-2263
-4962
-7644
-10161
-12100
-14735
-18287
-20177
-19953
-18712
-16854
-14946
-12970
-11757
-10386
-7306
-3649
88
3951
7063
9305
11804
14013
15184
15638
15189
14306
13223
12649
12577
11814
10087
7195
3490
-223
-3183
-5507
-7501
-9025
-10326
-11337
-12238
-12549
-12125
-11851
-11483
-10140
-7634
-4564
-755
3289
6519
9167
11338
13335
15498
18078
20415
21949
23429
24416
24165
23156
20748
14448
6285
-587
-7684
-12948
-13596
-13251
-15517
-19190
-22709
-26792
-30063
-29496
-25868
-22416
-18337
-13061
-8950
-4569
189
2981
4917
7590
11089
15380
20359
24510
25440
22398
17934
13723
10010
8492
8075
6291
2563
-2537
-7660
-12762
-17420
-19986
-20864
-21774
-21419
-18867
-16133
-14470
-13880
-13057
-11930
-10334
-5999
352
6104
10587
13375
13959
13694
13772
13986
14306
14683
15160
14788
13172
11322
8624
4571
423
-2828
-4916
-5866
-6274
-6935
-8355
-10609
-12782
-14271
-14549
-12855
-10279
-7650
-4662
-1782
765
3183
5223
7493
10081
12349
15185
18294
20504
22048
22750
22593
22141
21460
20469
17058
9846
2443
-4590
-12421
-16196
-15479
-16212
-19273
-22454
-25970
-29500
-30296
-26743
-21948
-18340
-13730
-9275
-6157
-1215
4057
7114
10009
13403
16689
20317
23587
25186
23457
18867
14775
11664
9575
9181
7696
3288
-3181
-10134
-15660
-19480
-21597
-21173
-20216
-20548
-20096
-18777
-17800
-16719
-15277
-12400
-8225
-3406
2361
7816
11300
12883
13351
13595
14873
16772
18459
19178
18086
15857
12624
8929
5884
3352
841
-1545
-3652
-5693
-7670
-10019
-12400
-14172
-15119
-14815
-13727
-11900
-9564
-7831
-6472
-4521
-1997
1214
5307
9074
12554
15648
17235
18231
19241
19923
20558
21399
22356
22787
21864
19518
14348
5150
-3524
-9912
-16088
-18290
-16425
-16893
-21050
-25381
-29106
-32165
-31633
-26031
-19254
-14669
-9843
-5872
-4059
-172
4965
8696
12716
17466
21391
24044
25434
24916
21523
16420
13048
11137
9710
8937
6019
-64
-7736
-14944
-19574
-21610
-21906
-20572
-19339
-20159
-20972
-20448
-19208
-17068
-13588
-8306
-2919
1555
5849
9055
10470
11374
12807
14698
17251
19574
20215
18740
15743
12472
9243
6844
5608
4256
2053
-887
-4093
-7261
-10029
-11889
-12770
-13046
-12650
-11691
-11105
-10653
-9655
-8331
-6564
-3744
145
4252
7544
10011
12219
13866
15214
17082
19225
21100
22410
22970
22770
21556
19203
14862
7305
-537
-6287
-11913
-15220
-14413
-15188
-20142
-25283
-29042
-32105
-31697
-25891
-19227
-15627
-12389
-9030
-7444
-3756
2898
8265
12593
17128
20380
22051
23095
23104
20997
17552
15265
13945
12071
10198
6752
284
-7085
-13315
-17096
-18601
-19221
-19083
-18996
-20437
-21782
-21235
-19464
-16734
-13163
-8618
-3915
-459
2814
5911
8035
10237
12846
15274
17375
18584
18189
16383
13889
11787
10080
8363
7094
5413
2610
-554
-3556
-6066
-8161
-9554
-10092
-10451
-10755
-10759
-10738
-10704
-9812
-7910
-5264
-2400
378
3345
5513
7158
9589
12419
14827
16609
18060
19080
19550
20051
20714
20731
19390
14975
6800
-384
-5702
-11585
-13479
-11671
-13817
-19950
-24797
-28309
-31347
-30044
-23537
-17752
-15499
-12818
-9888
-8282
-3858
2760
7781
12002
16071
18762
20146
21150
21129
19231
16608
15418
14677
12732
10275
5893
-820
-7513
-12582
-15149
-16130
-17148
-17972
-18673
-20379
-21456
-20184
-17778
-15186
-11980
-7261
-3014
-673
2467
5878
7466
9502
12920
15191
16138
16744
16094
14077
11998
10856
9669
7664
5972
3985
942
-1883
-3778
-5369
-6970
-7983
-8432
-8916
-9310
-9192
-9016
-8765
-7476
-5392
-2905
-475
1595
3881
5536
6996
9879
12772
14489
15857
16764
17097
17630
18515
19565
19665
17894
13054
4593
-2372
-6788
-11785
-12845
-10428
-13096
-19900
-24744
-28041
-30273
-27899
-20809
-15217
-13924
-12230
-9912
-8347
-3320
3862
8964
12757
15629
17091
18057
18775
18932
17990
15884
14518
13333
10994
8009
3298
-2603
-8019
-12240
-14054
-14527
-16135
-17649
-18119
-19556
-20444
-18406
-15175
-13011
-10507
-5845
-2322
-731
2777
6770
8575
10768
13960
15253
14899
14738
14267
12585
10985
10556
9269
6524
4281
2280
-548
-3012
-4183
-5330
-7021
-8188
-8709
-9148
-9328
-8852
-8137
-7441
-5964
-3678
-1452
444
2299
4330
6048
7869
10911
13781
15177
16065
16623
16714
17203
18134
19036
19118
17232
11959
3538
-3232
-7652
-12358
-12960
-10525
-13693
-20748
-25325
-28453
-30237
-26743
-19245
-14223
-13383
-12072
-10062
-8208
-2530
5146
10198
13448
15578
16338
17102
18224
18876
18524
16797
14932
13208
10508
7073
2616
-2532
-7478
-11471
-13309
-14379
-16853
-18672
-18879
-20211
-20680
-17891
-15116
-13606
-10998
-6744
-3597
-1412
2809
6978
9185
11868
14789
15566
15128
15143
14767
13428
12246
11602
9666
6471
4021
1829
-718
-2866
-4246
-5690
-7699
-9038
-9550
-9837
-9582
-8890
-8286
-7546
-6174
-4066
-1664
220
2216
4610
6392
8409
11330
13909
15248
15791
16279
16904
17578
18409
19332
19145
17080
12177
4281
-2104
-6291
-11035
-12319
-10584
-13619
-20445
-25197
-28167
-29763
-27053
-20379
-15489
-14835
-13754
-11539
-9398
-3627
4252
9403
12501
14533
15361
16357
18015
19616
19965
18347
16347
14279
11180
7705
3772
-842
-5522
-9454
-11747
-13485
-16296
-18489
-19113
-20227
-20550
-18328
-15968
-14471
-12227
-8679
-5354
-2625
1268
5520
8253
10819
13600
14669
14620
14857
14880
14128
13038
12123
10435
7583
5005
3030
868
-1356
-3176
-4798
-6748
-8554
-9334
-9503
-9454
-9018
-8564
-8194
-7292
-5441
-3215
-1212
901
3126
5082
7138
9915
12783
14456
15246
16028
16605
16954
17822
18965
19227
18028
15347
10014
2351
-3472
-7422
-11179
-11776
-11478
-15744
-22022
-26108
-28361
-28324
-24190
-18230
-15190
-14898
-13444
-11205
-7841
-933
5791
9439
11842
13390
14369
16111
18425
19891
19289
17005
14898
12596
9441
6369
2931
-1162
-5566
-9213
-11315
-13757
-16863
-18274
-18436
-19019
-18589
-16799
-15279
-14026
-11932
-8180
-4399
-1386
2323
5684
7666
9770
12211
13503
14010
14636
14615
13446
12030
11117
9615
7227
5278
3664
1350
-1328
-3185
-4745
-6868
-8252
-8331
-8423
-8705
-8275
-7940
-8078
-7145
-5165
-3387
-1679
437
2524
4357
6477
9216
11681
12929
13945
15163
15931
16513
17596
18903
18770
17214
14881
9461
1872
-2982
-6323
-9789
-10183
-10559
-15609
-21731
-25389
-27059
-26288
-22061
-17007
-15411
-15581
-13987
-11552
-7238
-3
5820
8707
10657
11898
13304
15689
18148
19233
18133
16036
13955
11694
9481
6789
3369
-413
-4805
-8448
-10808
-13445
-15863
-16817
-16874
-16888
-16998
-16303
-14865
-13921
-11800
-7521
-3775
-1241
1624
4303
5986
8073
10808
12555
13094
13356
13088
11762
10633
10327
9457
7569
5943
4416
1878
-627
-2210
-3644
-5313
-6321
-6513
-7029
-7553
-7539
-7660
-7636
-6554
-4788
-3314
-1918
-197
1518
3128
5380
8189
10244
11586
12727
13694
14615
15624
17016
18328
18340
17047
14583
9367
2753
-1615
-4875
-7809
-8425
-9611
-14496
-20374
-24137
-25551
-24702
-21213
-17024
-15730
-16108
-14660
-11902
-7419
-828
4528
7339
8957
10370
12340
14807
17120
18265
17335
15192
13285
11623
9625
7073
4052
389
-4089
-7882
-10186
-12438
-14731
-15454
-15226
-16060
-16783
-15885
-14801
-13836
-11075
-6872
-3843
-1813
826
3149
4874
7565
10594
12129
12676
12904
12322
11136
10526
10632
9861
8237
6794
4915
2165
-332
-1909
-3393
-4976
-6029
-6590
-7281
-7979
-8120
-7983
-7728
-6948
-5563
-4229
-3076
-1367
548
2422
4721
7226
9309
10572
11729
13242
14418
15297
16673
17839
17811
17079
15746
12757
7268
1559
-2081
-5540
-8405
-8965
-10866
-16207
-21104
-23556
-24589
-23402
-19754
-16602
-16092
-15835
-13748
-10664
-5869
233
4598
6842
8657
10475
12508
14914
16852
17327
15982
14059
12712
11194
9066
6600
3561
-426
-4628
-7444
-9268
-11622
-13515
-13895
-14666
-16085
-15901
-14599
-13804
-12462
-9421
-6445
-4800
-2687
258
2392
4541
7644
9923
10622
11098
11479
11139
10856
11237
11332
10272
8793
7281
5133
2714
867
-495
-2131
-3755
-4742
-5703
-6889
-7661
-7905
-8249
-8287
-7445
-6459
-5691
-4456
-2694
-990
982
3512
5792
7539
9181
10853
12561
14169
15505
16903
18097
18106
17579
16679
13347
7807
3138
-329
-4230
-6617
-7107
-10291
-16191
-20417
-22693
-24138
-22699
-18888
-16886
-17133
-16511
-14481
-11626
-6360
-98
3678
5555
7333
9094
11067
13602
15895
16447
15023
13401
12374
10931
9056
7086
4440
667
-3085
-5477
-7666
-10266
-11864
-12501
-13638
-14784
-14440
-13616
-13399
-12156
-9521
-7462
-6111
-3913
-1264
845
3214
6193
8391
9098
9664
10593
10926
11284
12200
12271
11000
9349
7820
6033
4058
2541
1170
-933
-3053
-4403
-5758
-7049
-7729
-8259
-8766
-8861
-8381
-7707
-6887
-5425
-3737
-2084
79
2363
4483
6775
8704
10548
12625
14039
14876
15893
17113
17782
17713
17503
15832
11002
5334
1445
-2149
-5435
-6322
-7640
-12542
-18131
-21393
-23078
-23125
-20431
-17367
-16991
-17707
-16599
-13920
-9734
-3886
1094
3629
5080
6701
8736
11384
14202
15862
15379
13784
12651
11650
10323
8902
7225
4384
219
-3102
-5329
-8162
-10315
-10730
-11467
-12845
-13274
-13270
-13526
-12949
-11042
-8923
-7387
-5635
-3318
-1123
1174
4178
6834
8072
8771
9681
10423
10969
11841
12532
11956
10491
9148
7687
5817
4301
2978
830
-1669
-3476
-5002
-6583
-7574
-8071
-9049
-10122
-10189
-9773
-9247
-8000
-6239
-4633
-3015
-1017
1487
4098
6395
8804
10995
12480
13908
15382
16520
17438
18106
18365
17952
16612
14054
9374
3808
-204
-3766
-6807
-7704
-9499
-14092
-18656
-21412
-22843
-22582
-20069
-17321
-16640
-16326
-14387
-11819
-8158
-2985
1197
3696
5795
7630
9517
11592
13405
14271
13863
12941
12099
11190
10007
8319
5879
2842
-571
-3490
-5413
-7303
-9171
-9970
-10614
-12061
-12914
-12783
-12775
-12417
-10740
-8467
-6879
-5305
-2994
-930
1172
3951
6313
7737
8910
9949
10557
11187
11953
12198
11616
10550
9397
8021
6386
4656
2691
393
-2110
-4346
-6016
-7361
-8692
-9901
-10734
-11379
-11596
-10918
-9839
-8692
-7203
-5430
-3357
-859
2093
5070
7624
10057
12191
13809
15465
16873
17560
18403
19349
19309
18701
17463
13787
7886
2682
-1064
-4725
-6905
-7377
-10270
-15822
-19818
-21990
-23334
-21846
-18228
-16429
-16907
-16511
-14729
-12307
-7657
-1650
2294
4128
5827
7389
8938
11363
13746
14586
13978
12979
12066
11016
9874
8537
6191
2664
-715
-3227
-5513
-7499
-8660
-9444
-10799
-12321
-12862
-12962
-13104
-12093
-9823
-7865
-6537
-4777
-2673
-879
1388
4570
6970
8101
9051
9770
10081
10577
11483
11921
11219
10061
8876
7216
5195
3479
1772
-599
-3030
-4770
-6367
-8190
-9456
-10260
-11140
-11626
-11281
-10450
-9567
-8307
-6519
-4588
-2395
166
2901
5677
8021
10149
12355
14052
15319
16617
17599
17901
17924
18077
17793
16608
14770
11206
5574
454
-3414
-6787
-8284
-8744
-11650
-16271
-19765
-22150
-23120
-21192
-17788
-16202
-16228
-15402
-13611
-10919
-5938
-297
3073
4793
6268
7479
9150
11613
13758
14563
13829
12496
11293
10060
8727
7237
5275
2359
-1365
-4264
-6204
-8514
-9566
-8946
-9874
-11860
-12422
-12806
-13274
-11526
-8172
-6030
-5093
-3512
-1856
-521
2413
6202
8207
8824
9395
9583
9487
10335
11733
11727
10271
8749
7122
5122
3511
2375
574
-2179
-4734
-6573
-8271
-9640
-10146
-10469
-11197
-11452
-10670
-9724
-8672
-6737
-4391
-2513
-561
2004
4449
6455
8877
11438
13036
14069
14974
15562
15812
16056
16733
17068
16314
15135
13268
9885
5531
1304
-2028
-4879
-7125
-8065
-9961
-13954
-17542
-19952
-21414
-20538
-17789
-15653
-15070
-14710
-13517
-11371
-7495
-2291
1717
3748
5208
6555
7955
10007
12308
13376
12989
12114
11115
10122
9182
7991
6171
3520
408
-2570
-5202
-7027
-8235
-9016
-9012
-9842
-11664
-12369
-12495
-12270
-10038
-6900
-5116
-4123
-2706
-1147
608
3714
7132
8449
8512
8821
8728
8639
9674
10691
10023
8133
6419
4752
2847
1493
501
-1307
-3729
-5694
-7111
-8266
-9054
-9381
-9621
-9793
-9471
-8432
-7178
-5995
-4455
-2812
-1274
586
2846
5067
6778
8445
10337
11687
12440
13260
13967
13996
13777
14241
14790
14394
13910
13263
11165
7931
4126
255
-2994
-5655
-7083
-7765
-10062
-13668
-16897
-19533
-20429
-18764
-16158
-14397
-14015
-13980
-13164
-10829
-6356
-1334
1968
3695
4617
5318
7034
9845
12449
13684
13238
12001
10775
9604
8855
8213
6554
3806
897
-1873
-4544
-6583
-7503
-7942
-8957
-9868
-10440
-11847
-12765
-11639
-9929
-8268
-6054
-4221
-3415
-2298
10
2584
4750
6613
7562
7333
7093
7549
8358
8963
9059
8346
6648
4781
3478
2401
1346
229
-1451
-3539
-5482
-6967
-7757
-8213
-8573
-8559
-8472
-8497
-8213
-7245
-5962
-4672
-2742
-479
1276
3042
5042
6665
8380
10406
11978
13113
13990
14425
14624
14933
15252
15354
15101
14316
12891
10762
7607
3542
-322
-3373
-5942
-7612
-8471
-10630
-14365
-17522
-19480
-20446
-19377
-16846
-15483
-15501
-14947
-13422
-10884
-6482
-1499
1742
3439
4884
6344
8237
11007
13558
14503
14061
13139
12090
11153
10297
9097
7102
4028
604
-2261
-4634
-6717
-8231
-9107
-10255
-12154
-13268
-13491
-14164
-13671
-11237
-9456
-8315
-6144
-4201
-3043
-827
2416
4724
6150
7793
8757
8675
9351
10775
11243
10855
10029
8473
6418
4689
3683
2626
763
-1497
-3768
-6085
-7900
-8849
-9247
-9736
-10408
-10460
-9996
-9672
-8723
-6933
-5376
-3833
-1455
1148
3201
5144
7338
9299
11074
13169
15139
16258
16655
16729
16539
16223
16069
15887
15162
13743
11835
9243
5429
1197
-2493
-5937
-8672
-10161
-11652
-14395
-17746
-20364
-21753
-21733
-19764
-17000
-15635
-15043
-13562
-11263
-7896
-3047
1678
4580
6289
8021
9841
11919
14396
16097
16070
15002
13688
12360
11075
9583
7410
4219
423
-3050
-5868
-8126
-9835
-11246
-12725
-14100
-15151
-15734
-15521
-14694
-13310
-11234
-9140
-7210
-4904
-2462
-77
2700
5621
7881
9328
10408
11109
11220
11490
11992
11659
10621
9340
7430
5130
3157
1580
-71
-2029
-3906
-5918
-8255
-9916
-10785
-11413
-11481
-11110
-10754
-10226
-9335
-7903
-5932
-3676
-1205
1340
3572
5704
7952
10042
12087
14026
15575
16652
17172
17155
16905
16483
15815
14954
13885
12545
10763
8686
6514
3602
-248
-4047
-7449
-10328
-11979
-12705
-13704
-15547
-17763
-19377
-19804
-18704
-16107
-13424
-11753
-10550
-9066
-6809
-3278
1047
4770
7155
8472
9284
10191
11653
13206
13854
13156
11605
9832
8020
6415
5041
3003
22
-3095
-5938
-8321
-10042
-11121
-11844
-12557
-13305
-13866
-13927
-13299
-12035
-10021
-7545
-5486
-3810
-1893
15
2148
4923
7440
8941
9737
10157
10160
10074
10331
10439
9582
8077
6531
4828
3011
1620
405
-1426
-3553
-5262
-6841
-8208
-8773
-9051
-9387
-9421
-9200
-8738
-7802
-6456
-4808
-2932
-997
902
2773
4661
6562
8513
10493
12114
13188
14072
14654
14758
14846
14863
14278
13258
12167
10980
9614
8184
6897
5455
3573
1538
-988
-4094
-7079
-9650
-11285
-11896
-12335
-13114
-14488
-16329
-17327
-16772
-14845
-12023
-9461
-7889
-6932
-5720
-3515
-270
3182
5878
7280
7741
8088
8753
9760
10559
10472
9361
7625
5948
4607
3288
1864
57
-2367
-4919
-7077
-8792
-10071
-10781
-11178
-11386
-11374
-11290
-10962
-10097
-8855
-7118
-4868
-2831
-1193
468
2121
3758
5734
7777
9057
9566
9674
9290
8747
8486
8151
7297
5984
4421
2775
1137
-176
-1180
-2334
-3593
-4713
-5694
-6455
-6912
-7146
-7183
-7025
-6612
-5910
-4994
-3971
-2756
-1293
256
1959
3788
5385
6669
8026
9451
10600
11604
12593
13062
12903
12722
12469
11776
10964
10184
9042
7587
6219
5051
3834
2660
1474
-595
-3517
-6430
-9177
-11000
-11294
-11190
-11468
-12362
-13952
-15246
-15147
-13530
-10962
-8522
-7008
-6327
-5701
-4003
-1240
1863
4769
6515
6789
6780
7159
7755
8470
8843
8362
6950
5106
3546
2230
935
-243
-1792
-3933
-6102
-8011
-9572
-10311
-10263
-9996
-9959
-10079
-9981
-9636
-8701
-6753
-4469
-2674
-1058
548
2002
3725
5857
7750
8822
9302
9395
9049
8701
8528
8065
7163
5965
4537
3055
1680
483
-617
-1741
-2827
-3807
-4589
-5151
-5541
-5778
-5880
-5781
-5445
-4898
-4095
-3172
-2222
-1097
114
1407
2841
4213
5489
6679
7699
8566
9273
9803
10253
10486
10491
10348
9863
9052
8170
7412
6602
5624
4678
3724
2502
1503
877
-351
-2451
-4693
-7100
-9356
-10087
-9648
-9540
-10068
-11149
-12713
-13675
-12894
-10595
-8259
-6620
-5593
-5349
-4790
-2641
332
3014
4938
5648
5374
5131
5586
6537
7142
6999
6079
4512
3053
2060
1326
653
-508
-2306
-4243
-6066
-7465
-8019
-7913
-7735
-7684
-7842
-8141
-8130
-7382
-5906
-4108
-2432
-1129
-105
1005
2514
4339
6101
7383
7876
7801
7629
7421
7361
7454
7097
6204
5111
3854
2573
1549
826
36
-880
-1672
-2496
-3331
-3832
-4170
-4505
-4656
-4637
-4588
-4464
-4082
-3521
-2884
-2032
-975
53
1110
2268
3385
4462
5485
6387
7190
7868
8450
9003
9340
9402
9255
8910
8499
7968
7278
6472
5445
4239
3261
2586
1868
784
-1012
-3447
-6208
-8605
-9636
-9685
-9869
-10332
-11443
-13332
-14435
-13777
-11913
-9670
-7757
-6633
-6344
-5734
-3628
-715
2037
4329
5395
5258
5253
5935
6933
7748
7968
7237
5652
4045
3074
2446
1680
581
-1141
-3335
-5438
-6982
-7731
-7920
-8032
-8176
-8353
-8589
-8513
-7673
-6279
-4671
-2871
-1126
330
1741
3397
5161
6749
8105
9156
9549
9440
9342
9140
8669
8092
7344
6139
4578
3047
1574
187
-1020
-2064
-3068
-4106
-5052
-5768
-6276
-6539
-6391
-6134
-5883
-5448
-4939
-4369
-3560
-2451
-1120
208
1504
2903
4144
5126
6251
7390
8194
8868
9330
9472
9462
9385
9277
8954
8312
7459
6345
5134
4122
3134
2180
1374
527
-324
-1507
-3427
-5394
-7442
-9490
-10131
-9755
-9705
-9897
-10443
-11622
-12294
-11481
-9421
-7094
-5295
-4099
-3663
-3239
-1485
1006
3197
4982
5671
5167
4720
4911
5467
5924
5813
5037
3563
1962
1052
479
-162
-971
-2324
-3943
-5363
-6447
-6830
-6635
-6324
-5930
-5638
-5423
-5060
-4516
-3468
-1959
-508
955
2356
3193
3900
4974
5966
6723
7450
7656
6967
6036
5353
4745
4225
3822
3114
1815
286
-870
-1521
-1923
-2112
-2370
-3006
-3720
-4115
-4089
-3787
-3385
-3072
-2953
-2921
-2820
-2494
-1892
-1190
-411
561
1460
2102
2798
3588
4260
5020
5988
6664
6841
6959
7064
6987
7100
7425
7223
6604
6016
5193
4276
3733
3326
2672
2114
1732
727
-1064
-2848
-4891
-7118
-7874
-7735
-8055
-8444
-9271
-10935
-11953
-11409
-9881
-8074
-6508
-5563
-5474
-5054
-3147
-759
1388
3329
4019
3675
3850
4574
5487
6421
6568
5681
4444
3477
2981
2804
2563
1676
-59
-1835
-3246
-4331
-4682
-4645
-5117
-5623
-5903
-6409
-6480
-5883
-5212
-4439
-3462
-2488
-1511
-486
752
2125
3334
4499
5388
5768
5950
5984
5937
6108
6182
5888
5360
4444
3251
2289
1581
892
269
-392
-1347
-2419
-3189
-3741
-4225
-4411
-4492
-4850
-5206
-5297
-5214
-4928
-4268
-3391
-2531
-1599
-477
716
2031
3483
4778
5896
6883
7621
8245
8876
9343
9642
9670
9361
8818
8008
7133
6330
5351
4365
3381
2160
982
-52
-1014
-2085
-3693
-5448
-7162
-9016
-9754
-9355
-9307
-9355
-9442
-10286
-10768
-9818
-8000
-6001
-4253
-2940
-2363
-1870
-191
1962
3595
4964
5518
4983
4686
4980
5304
5482
5146
4157
2786
1518
810
290
-410
-1281
-2518
-3950
-5122
-5951
-6262
-6136
-6128
-6059
-5971
-6177
-6093
-5343
-4225
-2826
-1271
61
1028
1887
3049
4430
5743
6951
7725
7781
7445
7121
6894
6635
6225
5542
4329
2748
1282
65
-958
-1816
-2727
-3764
-4828
-5754
-6225
-6309
-6262
-6129
-5898
-5763
-5500
-4824
-3919
-2915
-1696
-388
733
1884
3189
4456
5568
6717
7748
8346
8704
8963
8936
8713
8449
8032
7473
6695
5707
4724
3649
2545
1675
887
53
-716
-1322
-1842
-2263
-2313
-2298
-2874
-3732
-4345
-5327
-6025
-5342
-4692
-4728
-4547
-4744
-5591
-5665
-4718
-3666
-2891
-2256
-1984
-2289
-2063
-905
-68
429
941
612
12
122
482
705
778
559
-6
-580
-672
-455
-430
-496
-945
-1740
-2218
-2468
-2538
-2247
-2045
-2196
-2259
-2234
-2236
-1919
-1258
-694
-290
207
752
1224
1856
2758
3368
3549
3771
3917
3815
3792
3789
3427
2824
2198
1582
967
425
-99
-743
-1379
-1950
-2389
-2628
-2786
-2863
-2836
-2860
-2836
-2596
-2292
-1943
-1424
-840
-346
17
430
923
1372
1994
2770
3376
3860
4293
4552
4767
5086
5403
5536
5567
5468
5040
4567
4329
4112
3791
3560
3196
2503
1949
1705
1411
1170
1005
576
21
-272
-201
-331
-1041
-1874
-3130
-4862
-5351
-4784
-4747
-4759
-4962
-6350
-7646
-7515
-6542
-5458
-4448
-3884
-4292
-4744
-3833
-2383
-1205
80
571
-68
-358
108
776
1606
2224
2152
1565
1013
901
1062
1341
1414
894
173
-486
-1152
-1336
-1066
-1252
-1595
-1799
-2397
-2898
-2700
-2280
-1958
-1463
-858
-519
-313
382
1280
1824
2508
3268
3404
3344
3516
3607
3591
3571
3458
3008
2209
1504
1007
466
31
-260
-769
-1446
-2019
-2353
-2541
-2692
-2647
-2563
-2704
-2692
-2327
-1968
-1584
-1015
-441
-28
480
1203
1920
2610
3397
4158
4738
5234
5643
5867
5949
5989
5926
5728
5380
4824
4224
3760
3188
2636
2304
1585
712
217
-344
-961
-1134
-1191
-1508
-1683
-1520
-1659
-2413
-2910
-3384
-4487
-4659
-3787
-3762
-3938
-3810
-4662
-5651
-5340
-4445
-3847
-3342
-2948
-3337
-3858
-3119
-1940
-1285
-496
-78
-620
-743
-65
602
1230
1608
1387
874
627
813
1207
1471
1376
766
-20
-543
-922
-978
-734
-891
-1264
-1394
-1679
-1922
-1700
-1346
-1166
-864
-426
-147
124
613
1201
1676
2187
2688
2928
2878
2798
2800
2728
2672
2683
2435
1793
1020
389
-111
-573
-860
-1141
-1785
-2462
-2801
-3034
-3085
-2836
-2626
-2581
-2433
-2095
-1623
-1003
-264
500
1095
1630
2218
2759
3324
3923
4393
4755
4981
4977
4905
4862
4718
4518
4271
3817
3260
2670
2112
1756
1421
1016
730
372
-88
-332
-363
-417
-533
-491
-404
-464
-275
272
326
-238
-537
-1097
-2128
-2069
-1400
-1722
-2208
-2565
-3799
-4874
-4721
-4179
-4078
-4180
-4299
-4970
-5507
-4703
-3590
-3071
-2428
-2149
-2454
-2170
-1243
-270
632
1148
1286
1378
1583
2102
2726
3140
3107
2636
2211
1816
1310
1236
1331
826
320
21
-744
-1461
-1629
-1772
-1981
-1965
-1836
-1859
-1901
-1603
-1168
-913
-532
36
323
507
898
1207
1377
1625
1859
1949
1824
1539
1311
1045
776
614
426
14
-519
-874
-1158
-1412
-1449
-1367
-1469
-1580
-1420
-1169
-960
-574
2
385
652
1177
1662
1955
2424
3020
3322
3487
3726
3799
3719
3854
4081
3993
3787
3569
3043
2528
2357
2156
1948
1793
1361
947
742
436
345
437
278
50
-63
-128
-188
-102
159
14
-672
-1117
-1736
-2760
-2883
-2602
-3146
-3569
-3697
-4534
-5264
-4992
-4506
-4473
-4306
-3858
-3975
-4112
-3170
-2219
-1831
-992
-304
-302
53
795
1258
1587
1956
2106
1961
1915
2091
2074
1946
1814
1235
561
102
-541
-883
-756
-1040
-1524
-1723
-2206
-2835
-2807
-2462
-2408
-2265
-1936
-1938
-1970
-1408
-672
-232
334
915
1031
1118
1546
1928
2133
2376
2502
2342
2061
1880
1717
1468
1144
778
338
-190
-593
-790
-961
-1156
-1241
-1341
-1491
-1508
-1295
-1020
-777
-376
22
295
701
1242
1674
2117
2546
2829
3066
3260
3463
3688
3780
3789
3742
3516
3245
3061
2794
2479
2189
1803
1339
946
751
553
305
248
178
-104
-116
53
-74
-106
139
229
244
604
885
421
-210
-499
-1177
-1768
-1368
-1301
-2150
-2702
-3276
-4300
-4661
-4226
-4015
-4287
-4391
-4480
-4856
-4559
-3479
-2821
-2466
-1917
-1776
-1739
-1046
-126
477
959
1244
1176
1127
1437
1722
1835
1925
1490
722
357
77
-232
-156
-206
-810
-1447
-1815
-2158
-2298
-1929
-1600
-1748
-1843
-1697
-1644
-1280
-353
366
639
894
1141
1244
1566
2247
2774
2859
2798
2645
2363
2237
2268
2179
1813
1210
558
62
-277
-362
-363
-669
-1124
-1477
-1745
-1765
-1451
-1058
-795
-711
-537
-169
253
907
1650
2099
2357
2618
2832
3054
3380
3671
3744
3654
3522
3283
2937
2689
2461
2057
1661
1327
927
525
262
104
-49
-204
-297
-302
-458
-524
-316
-170
-79
123
320
365
400
607
724
404
79
-140
-780
-1357
-1380
-1670
-2355
-2743
-3233
-4051
-4490
-4473
-4641
-4919
-4852
-4796
-4881
-4529
-3893
-3485
-3040
-2441
-2029
-1583
-886
-229
331
876
1263
1485
1742
1984
2083
2168
2161
1825
1450
1236
869
514
415
115
-427
-770
-1031
-1398
-1510
-1422
-1526
-1666
-1568
-1375
-1172
-716
-209
38
212
539
883
1255
1768
2146
2282
2284
2274
2307
2358
2429
2340
1998
1546
1113
765
560
378
141
-252
-776
-1194
-1350
-1354
-1230
-1035
-996
-1036
-965
-746
-383
120
606
1001
1270
1517
1854
2165
2431
2748
2907
2864
2885
2874
2726
2559
2407
2159
1816
1514
1256
927
576
355
98
-187
-299
-331
-441
-450
-328
-303
-308
-158
22
45
126
346
419
414
596
519
46
-247
-580
-1109
-1235
-1253
-1745
-2334
-2870
-3504
-3944
-3928
-3733
-3852
-4108
-4153
-4306
-4235
-3533
-2963
-2680
-2289
-1994
-1743
-1143
-374
228
617
877
1091
1266
1574
1945
2091
2097
1970
1684
1469
1264
964
771
594
282
-11
-278
-606
-869
-997
-958
-909
-947
-925
-952
-984
-745
-340
10
323
540
687
825
1054
1497
1889
2047
2117
2091
1916
1810
1875
1891
1690
1380
1023
527
47
-155
-282
-546
-796
-993
-1328
-1622
-1577
-1445
-1369
-1184
-949
-812
-660
-227
308
704
1111
1504
1709
1859
2137
2474
2702
2813
2859
2727
2488
2336
2251
2055
1763
1464
1088
702
464
341
176
-55
-267
-486
-676
-719
-655
-648
-701
-728
-672
-573
-460
-306
-201
-191
-165
-59
-31
-163
-303
-528
-838
-931
-911
-1096
-1411
-1715
-2178
-2583
-2544
-2466
-2573
-2619
-2743
-3002
-2999
-2628
-2325
-2131
-1884
-1795
-1800
-1487
-951
-586
-220
122
176
269
590
801
952
1165
1158
1019
1060
1063
868
820
799
509
267
259
74
-210
-185
-177
-385
-409
-338
-504
-605
-438
-311
-240
-11
190
234
304
517
673
771
913
990
994
1006
1040
1034
1017
896
763
702
600
476
431
307
89
-4
-22
-40
-25
20
34
-16
21
195
316
438
608
686
728
926
1165
1319
1440
1523
1503
1460
1527
1580
1527
1482
1428
1302
1225
1177
1085
956
807
670
554
472
398
307
209
134
78
45
-24
-99
-119
-166
-197
-158
-157
-223
-294
-362
-362
-341
-327
-284
-374
-541
-669
-847
-995
-1119
-1246
-1353
-1532
-1742
-1929
-2147
-2296
-2314
-2346
-2417
-2478
-2537
-2500
-2358
-2116
-1785
-1617
-1577
-1456
-1291
-1084
-697
-339
-234
-207
-163
-50
107
358
584
491
278
195
111
91
277
344
178
-5
-118
-239
-271
-146
-60
-171
-263
-266
-310
-200
56
189
240
286
261
284
427
611
764
864
933
934
910
969
1048
1050
1050
1050
963
953
999
966
916
872
784
680
638
677
696
625
611
609
536
528
636
722
757
828
914
944
942
1040
1136
1133
1193
1307
1298
1311
1377
1331
1212
1109
1045
976
900
825
709
533
315
163
58
-65
-178
-294
-415
-528
-592
-584
-598
-691
-733
-685
-667
-577
-417
-436
-576
-648
-684
-701
-613
-502
-610
-845
-1048
-1192
-1308
-1303
-1264
-1398
-1558
-1679
-1769
-1770
-1663
-1576
-1579
-1600
-1608
-1582
-1475
-1267
-1149
-1079
-983
-985
-946
-784
-657
-565
-427
-343
-370
-315
-179
-108
-79
-14
5
-88
-83
-31
-46
-59
-61
-125
-202
-207
-179
-184
-172
-122
-157
-195
-117
-32
55
215
321
371
479
564
658
835
994
1103
1184
1250
1301
1309
1362
1429
1378
1315
1270
1193
1114
1060
1003
878
751
667
577
516
520
518
465
448
458
431
471
578
640
678
767
821
851
933
1011
1035
1040
1018
976
937
893
870
791
668
530
378
246
142
81
28
-59
-154
-195
-241
-318
-284
-244
-310
-292
-231
-266
-322
-315
-357
-434
-424
-394
-414
-495
-566
-668
-798
-812
-771
-793
-845
-913
-1000
-1075
-1086
-1062
-1051
-1102
-1175
-1191
-1194
-1125
-1014
-949
-942
-990
-1002
-944
-832
-660
-503
-485
-532
-527
-460
-355
-206
-72
-64
-148
-194
-163
-128
-58
34
-16
-178
-251
-291
-323
-264
-197
-251
-355
-405
-436
-450
-411
-307
-296
-311
-270
-250
-214
-107
3
97
201
244
276
352
419
500
616
670
680
658
656
678
695
756
784
761
719
715
706
715
735
712
684
688
691
705
759
744
721
713
698
694
696
710
687
685
736
743
705
690
628
531
533
569
559
537
503
446
404
402
409
369
307
213
107
70
39
-52
-122
-192
-296
-337
-320
-351
-437
-490
-564
-642
-618
-532
-502
-476
-424
-434
-455
-354
-302
-296
-212
-201
-232
-208
-163
-156
-154
-191
-276
-366
-418
-464
-541
-575
-641
-756
-783
-747
-759
-730
-716
-799
-817
-775
-722
-656
-572
-512
-508
-481
-360
-293
-253
-124
-101
-119
-60
7
8
26
52
65
46
16
6
-60
-118
-119
-111
-131
-153
-147
-158
-143
-78
-6
32
23
75
128
152
244
365
394
398
468
502
482
514
570
581
568
605
594
513
514
525
492
487
465
364
300
272
242
237
239
179
105
48
8
18
36
63
52
23
44
82
133
225
289
283
299
304
298
327
358
402
379
331
302
220
145
119
81
17
-36
-87
-156
-223
-269
-297
-335
-354
-370
-397
-411
-424
-444
-437
-373
-316
-259
-211
-204
-192
-165
-144
-116
-64
-57
-109
-129
-120
-161
-191
-198
-261
-335
-374
-387
-413
-420
-429
-449
-471
-466
-457
-442
-391
-337
-300
-240
-181
-162
-113
-57
3
69
124
159
167
180
193
208
239
249
202
146
138
154
190
220
209
151
91
95
134
167
210
230
205
196
230
251
283
318
312
306
336
377
378
370
346
312
284
296
313
274
228
162
102
90
64
16
-32
-90
-137
-142
-109
-92
-135
-174
-195
-213
-153
-84
-72
-61
-74
-119
-114
-68
-19
6
-3
-43
-84
-81
-65
-36
-54
-85
-131
-176
-145
-134
-145
-160
-197
-255
-256
-183
-131
-128
-118
-127
-156
-138
-62
-33
-37
-24
-55
-84
-68
-49
-54
-45
-69
-128
-154
-162
-173
-159
-123
-140
-196
-214
-224
-221
-135
-44
-36
-42
-31
-40
-2
123
232
274
276
277
283
312
389
437
423
381
334
333
357
374
371
324
257
172
133
127
118
111
87
23
-41
-67
-81
-59
-34
-46
-78
-114
-128
-108
-61
-34
-24
-22
-45
-40
-8
23
35
39
49
48
49
88
118
102
83
63
36
34
30
10
-14
-49
-78
-97
-124
-137
-154
-191
-201
-201
-226
-222
-209
-213
-185
-165
-154
-170
-180
-158
-136
-112
-60
-24
-29
-22
-37
-63
-44
-18
-14
-34
-66
-104
-137
-154
-150
-163
-204
-214
-235
-259
-243
-174
-130
-109
-71
-28
-2
51
122
148
182
223
254
268
295
311
297
284
278
277
252
230
195
154
130
119
120
96
61
32
8
-7
-4
7
33
50
50
51
70
93
134
169
173
163
145
147
156
139
146
154
121
95
81
56
31
29
1
-45
-78
-84
-98
-109
-90
-106
-120
-125
-122
-129
-101
-72
-55
-14
-7
-7
17
48
52
65
88
84
72
67
61
27
39
75
56
45
35
-8
-40
-40
-34
-58
-87
-102
-152
-176
-160
-127
-129
-148
-156
-178
-178
-141
-100
-75
-69
-74
-42
-39
-25
33
24
7
-5
-13
-17
-18
-20
-16
-49
-83
-89
-118
-149
-153
-132
-132
-135
-117
-112
-131
-116
-55
-39
-39
-6
5
-21
-11
29
40
40
48
52
18
10
27
37
26
23
10
-39
-60
-53
-62
-73
-84
-108
-128
-142
-110
-87
-80
-65
-55
-50
-25
34
85
126
143
141
144
146
165
202
203
186
180
152
130
103
71
38
6
-6
-31
-60
-73
-80
-99
-111
-97
-97
-91
-76
-62
-33
-14
3
35
53
81
125
157
176
184
196
202
215
246
271
244
224
211
170
158
154
120
66
41
9
-11
-10
7
-5
-35
-55
-79
-80
-42
12
8
15
-4
-29
-17
12
50
54
63
24
-10
-4
32
45
52
35
-42
-82
-92
-91
-97
-96
-137
-203
-237
-234
-249
-241
-208
-226
-260
-259
-237
-234
-196
-150
-134
-116
-78
-57
-37
-6
34
44
51
62
42
50
63
65
30
-12
-52
-94
-112
-141
-170
-201
-238
-251
-258
-248
-238
-209
-178
-158
-141
-122
-97
-59
-8
36
102
147
161
160
163
175
189
204
213
198
173
170
154
139
130
96
54
28
8
-10
9
22
18
23
25
43
59
77
106
145
161
192
207
208
219
213
234
239
208
206
198
176
168
139
97
56
42
32
12
-8
-32
-67
-98
-83
-82
-102
-100
-127
-122
-109
-97
-77
-71
-76
-82
-66
-41
-25
-10
5
-12
-17
-1
17
22
26
33
10
-5
-12
-5
-14
-29
-37
-61
-69
-60
-59
-60
-70
-80
-88
-71
-71
-53
-20
-21
-10
11
8
9
23
35
48
46
56
29
2
-1
0
-21
-43
-62
-94
-118
-136
-132
-128
-141
-143
-152
-153
-133
-114
-97
-88
-67
-47
-35
-10
29
64
85
102
101
84
108
130
128
133
131
112
89
78
60
49
39
30
2
-28
-28
-31
-34
-20
-24
-37
-47
-39
-25
-11
23
24
35
46
58
65
72
93
120
131
127
110
80
86
79
69
58
49
24
7
-9
-33
-37
-60
-64
-63
-69
-62
-72
-82
-64
-51
-35
-18
0
6
28
60
81
102
128
134
133
143
153
159
150
145
124
86
72
61
33
18
-4
-32
-74
-91
-90
-102
-95
-86
-95
-109
-110
-99
-83
-61
-36
-25
-13
-5
7
27
44
57
53
34
9
-5
8
-4
-34
-46
-68
-102
-105
-105
-126
-161
-158
-154
-152
-114
-97
-94
-100
-76
-59
-48
-33
-12
-2
-4
15
21
37
47
41
43
21
16
22
16
19
-4
3
-27
-49
-40
-47
-44
-42
-49
-63
-57
-51
-27
-19
0
26
39
47
67
86
99
120
138
145
141
149
140
141
153
150
137
135
113
92
84
73
62
54
43
32
27
18
7
-4
2
-11
-17
-15
-5
-1
2
24
22
33
35
46
42
54
76
57
60
53
31
21
16
10
-12
-38
-58
-83
-87
-84
-87
-85
-103
-114
-114
-92
-68
-48
-37
-40
-45
-36
-8
8
19
31
31
18
5
3
3
-16
-15
-35
-58
-73
-88
-108
-121
-110
-114
-129
-144
-139
-140
-119
-97
-98
-83
-76
-66
-36
-14
6
28
28
38
57
76
95
112
121
113
113
101
98
99
91
88
55
31
24
3
-7
-18
-24
-44
-60
-53
-62
-46
-38
-41
-38
-36
-15
2
29
34
34
60
60
74
97
94
81
91
99
93
92
88
69
46
37
28
13
-12
-12
-24
-48
-57
-61
-78
-80
-74
-77
-60
-54
-52
-38
-19
-6
10
13
9
20
41
49
50
53
48
23
7
-6
-18
-24
-32
-49
-59
-72
-78
-82
-95
-99
-117
-107
-102
-93
-74
-74
-56
-55
-32
-11
-14
8
27
47
54
73
75
89
99
108
116
110
109
96
88
74
77
74
71
47
38
24
9
7
-4
-11
-27
-30
-34
-24
-15
-1
-5
-10
-3
7
21
29
47
61
58
51
52
64
54
59
58
50
48
23
11
-13
-16
-20
-34
-54
-56
-74
-100
-97
-95
-101
-101
-97
-92
-88
-64
-42
-48
-31
-10
6
7
25
35
36
46
50
47
44
39
30
19
11
7
-2
-24
-39
-49
-66
-70
-79
-76
-84
-102
-107
-124
-111
-95
-83
-58
-72
-72
-55
-34
-13
14
24
10
11
18
37
58
78
63
48
26
19
26
41
44
21
13
3
-3
4
1
3
-6
0
-6
-1
19
19
37
32
46
54
58
75
89
102
95
101
98
102
108
85
73
67
65
45
31
5
-23
-18
-31
-46
-57
-63
-75
-81
-79
-69
-57
-55
-46
-36
-33
-23
-2
3
28
29
29
33
37
49
47
43
25
20
16
-7
-13
-17
-35
-37
-48
-71
-79
-92
-90
-85
-93
-75
-80
-75
-75
-70
-54
-41
-20
-5
-8
-3
12
19
34
37
29
32
36
36
35
18
11
5
-11
-14
-25
-46
-37
-42
-48
-51
-52
-52
-60
-50
-41
-29
-11
9
7
26
33
49
65
64
86
83
94
107
98
114
104
92
99
75
58
48
54
41
25
17
2
-25
-24
-25
-34
-34
-36
-34
-39
-33
-27
-18
3
23
22
17
18
33
43
55
60
60
57
46
48
41
46
37
10
-8
-13
-16
-28
-33
-49
-54
-55
-74
-72
-79
-62
-52
-57
-50
-53
-33
-31
-12
13
15
23
23
30
38
49
52
55
68
57
51
44
34
26
26
17
-3
-25
-37
-42
-56
-58
-67
-75
-86
-81
-79
-85
-76
-62
-53
-56
-38
-26
-18
12
25
29
27
31
48
61
64
58
69
62
49
43
40
42
35
10
-5
-15
-30
-26
-29
-42
-41
-47
-58
-61
-46
-28
-34
-18
-17
-12
8
15
42
48
53
64
53
61
58
72
85
72
66
47
45
27
22
21
11
1
-22
-34
-37
-41
-38
-44
-52
-56
-57
-44
-43
-29
-13
-15
-3
-11
-9
17
18
28
43
32
28
36
37
33
23
29
9
-7
11
-4
-14
-24
-37
-41
-49
-68
-58
-51
-54
-53
-56
-50
-43
-23
-20
-11
5
15
27
30
46
55
63
59
61
70
63
68
57
65
52
46
30
21
18
10
-1
-18
-16
-28
-26
-21
-35
-44
-39
-44
-45
-35
-11
-10
-3
9
9
21
20
27
29
39
46
56
47
42
41
40
35
21
23
11
-3
-10
-5
9
-19
-25
-30
-40
-39
-24
-14
-28
-10
-18
-14
-10
1
19
19
32
32
41
45
34
54
55
40
37
32
36
27
25
17
-7
-12
-28
-37
-39
-50
-54
-66
-78
-75
-58
-73
-84
-81
-73
-71
-58
-53
-45
-30
-34
-22
-20
-13
-4
10
9
-1
7
15
15
15
16
7
8
6
-1
2
-8
-11
-3
-1
-12
-12
-9
-16
-10
-4
-1
-5
1
3
8
12
20
31
33
25
24
30
31
40
48
42
34
32
40
41
31
32
31
29
23
20
23
23
26
27
16
8
10
19
19
2
6
14
20
6
7
18
17
15
12
5
-2
6
16
20
22
23
10
7
6
11
13
11
6
21
17
2
10
5
9
-5
-3
-11
-9
-12
-14
-3
-27
-27
-24
-30
-36
-32
-27
-33
-40
-31
-31
-32
-29
-42
-23
-30
-24
-20
-24
-19
-21
-3
-14
-18
-11
-10
-2
-7
-5
-6
-4
-3
-14
-8
-15
-9
-2
-14
-24
-6
-3
-18
-16
-8
-4
-2
-4
-5
3
4
3
6
12
14
26
17
14
7
16
30
17
18
22
22
15
12
18
15
9
16
0
5
2
13
13
-6
2
2
8
3
6
2
6
15
20
20
17
21
23
40
23
28
35
26
26
33
37
28
19
22
9
2
8
-9
0
-11
-22
-15
-34
-30
-29
-33
-37
-51
-38
-35
-38
-34
-35
-20
-27
-26
-20
-18
-6
-2
0
-9
-1
7
6
6
3
13
1
-12
-13
-10
-10
-19
-22
-19
-30
-36
-32
-41
-40
-44
-30
-34
-41
-31
-30
-17
-11
-5
-7
-13
-4
9
11
13
18
30
22
10
21
26
19
14
9
2
1
-4
11
7
1
-11
-15
-22
-29
-6
-2
2
5
4
-1
5
22
27
32
24
33
42
40
46
52
60
49
38
32
22
28
30
27
21
8
2
1
-14
-10
-11
-20
-14
-20
-13
0
-8
-9
8
-5
10
16
25
26
24
45
41
43
35
35
40
35
27
26
17
21
23
1
-10
-19
-18
-17
-32
-31
-28
-33
-36
-31
-32
-27
-24
-20
-17
-10
-5
9
24
5
12
22
23
22
16
20
22
21
11
-6
-13
-17
-18
-25
-40
-40
-44
-57
-64
-61
-62
-66
-71
-68
-58
-59
-54
-39
-37
-24
-23
-26
-18
-17
6
25
16
14
16
18
22
13
17
12
3
11
-1
-3
0
-6
-6
-22
-28
-25
-32
-30
-14
-8
-10
-17
-24
-4
-7
4
9
12
20
25
32
25
35
29
41
34
35
31
27
33
20
32
23
7
13
7
-3
8
2
0
-2
-3
-2
-2
-2
2
7
15
10
6
20
21
31
34
36
30
32
34
43
42
30
38
28
28
22
18
16
9
13
1
-8
-2
-6
-12
-12
-7
-10
-8
-14
-10
-2
8
-6
8
14
4
17
24
23
18
21
27
31
31
14
12
21
15
15
9
-2
-6
-9
-20
-19
-14
-20
-35
-33
-30
-31
-29
-38
-26
-28
-30
-30
-22
-9
-11
-9
-7
-14
-8
-2
-3
4
0
-5
-2
-4
-12
-10
-13
-15
-26
-24
-26
-27
-19
-33
-34
-33
-28
-29
-29
-27
-15
-17
-17
-5
6
10
-5
7
19
20
22
24
27
27
25
24
29
25
25
14
9
6
-3
-1
-3
-7
-1
-16
-19
-15
-14
-21
-29
-14
-10
-8
-2
-1
4
3
6
17
22
15
20
28
27
30
31
37
27
27
16
20
18
12
14
8
14
1
-3
-9
-9
-2
-2
-14
-9
-8
-5
9
1
15
4
7
17
18
25
21
31
35
25
21
34
28
25
20
12
23
9
4
9
2
0
-8
-10
-20
-20
-12
-16
-19
-10
-20
-19
-14
-12
-4
-10
-3
-3
6
-1
5
13
3
5
4
12
8
1
-3
2
1
-3
-17
-15
-16
-19
-10
-25
-27
-20
-22
-30
-20
-22
-25
-17
-15
-6
-8
-10
-10
1
4
-11
2
10
9
14
3
2
0
3
2
3
-7
-11
-7
-7
-7
-15
-17
-20
-20
-19
-20
-18
-13
-10
-10
-14
-12
-8
-4
0
0
7
-1
4
11
10
8
11
10
2
-4
-1
5
4
-1
-5
-2
-5
-14
-12
-8
-9
-10
-6
1
4
-6
0
6
9
22
5
11
21
21
36
21
27
29
24
20
10
26
22
20
13
4
5
6
2
-6
-5
-9
-3
-10
-16
0
-7
-2
-6
-6
3
-3
-1
8
15
15
14
12
13
14
17
15
22
15
9
11
7
10
4
2
-4
-11
-5
-13
-3
-15
-19
-19
-15
-9
-13
-25
-20
-7
-1
-11
-17
-7
-9
0
-1
-7
-5
-5
-5
-4
-12
-6
-9
-9
-17
-18
-17
-25
-18
-23
-24
-20
-22
-23
-26
-25
-22
-17
-6
-16
-8
-9
-7
6
6
1
2
3
6
23
13
13
15
9
6
0
6
1
4
1
-5
3
-4
-5
-15
-24
-8
-3
-13
-8
-12
3
2
-7
1
-1
4
7
9
11
20
21
19
10
16
17
9
22
15
6
21
4
10
3
-6
3
-2
5
-3
-8
-8
-5
-1
-3
-8
3
-1
1
1
5
1
4
13
6
17
9
12
12
19
8
7
6
8
14
4
4
2
0
-3
0
-8
-10
-9
-1
-2
-6
-10
-13
-7
-5
-4
-3
-2
0
4
-10
-1
10
-3
-4
0
9
3
3
-13
-7
7
-12
-3
-8
-12
-12
-7
-5
-9
-10
-29
-14
-10
-9
-4
-12
-9
-13
-3
2
-16
-6
-4
-6
8
5
1
2
-7
0
6
-4
4
3
-3
1
5
2
-6
-8
0
-1
-5
-2
1
-9
-2
1
-4
2
-6
-2
4
3
0
5
0
-2
-3
6
16
5
-4
-3
4
5
2
0
3
4
4
5
-1
-6
8
-1
-8
9
-4
6
9
5
10
-11
-3
6
2
5
1
14
11
5
0
3
-6
5
13
3
13
3
5
5
4
3
-1
1
3
12
11
9
4
-4
10
-4
0
7
4
9
3
5
0
-3
-7
-2
-5
-2
3
-1
-5
-14
-9
-7
-11
3
-7
-16
-6
0
1
-7
-6
-9
-2
1
2
11
-3
-2
1
3
9
-1
7
1
-1
6
0
3
-1
-6
-4
8
0
-7
-12
-12
-2
2
-2
-6
-8
-2
5
-6
0
-5
-4
2
13
9
7
3
7
5
-3
6
12
8
4
5
8
5
-4
-3
-5
-6
4
2
-2
-3
-8
-3
-3
-2
-6
-6
-2
7
3
4
3
4
11
2
4
15
16
6
10
1
16
12
5
3
6
6
0
8
-4
-5
-4
-3
-6
-6
-1
-10
-11
-3
-5
0
-13
-8
-1
-1
9
-2
0
-6
1
4
10
0
0
4
-6
1
1
-5
-2
-9
-12
-4
-14
-9
-13
-13
-12
-14
-12
-9
-12
-11
-8
-14
-4
3
-3
-4
2
6
14
-2
1
2
5
12
11
13
3
-1
3
5
-9
-3
0
-2
3
-5
-3
-12
-8
-15
-12
3
1
-1
-9
-3
-2
4
