SAMPLES:	9501
BITSPERSAMPLE:	16
CHANNELS:	1
SAMPLERATE:	16000
NORMALIZED:	FALSE
2
7
10
14
5
0
6
5
-3
-8
-7
-5
-2
0
-1
-8
-5
0
-5
-3
5
2
-5
-3
-3
-1
-6
1
-4
-12
-26
-14
-15
-18
-5
-10
-1
-14
-5
-4
-6
-4
-3
0
1
-4
-14
-5
-6
-7
-4
-5
-7
-3
7
5
-3
-4
-13
-17
-19
-8
-1
-11
-6
-6
1
0
-1
6
8
7
9
6
7
6
5
-3
9
19
9
4
5
12
6
-8
-5
7
-6
0
-2
-9
6
5
-1
1
-6
-7
2
-3
6
-2
-2
9
0
16
16
8
17
19
19
4
15
2
-2
3
-1
7
-8
-5
4
-2
-5
-5
-14
-6
-8
-11
1
-8
-10
-5
-4
-3
0
0
-14
-11
-6
-11
-11
-12
-8
-5
3
7
3
1
-5
4
17
11
25
14
2
13
2
11
1
-1
5
-4
-6
-3
-5
-9
-4
-2
3
14
12
-3
-11
-9
-4
-10
-1
5
9
-6
-8
2
-2
3
5
-7
0
6
0
13
8
0
-1
-3
6
7
6
5
3
13
7
3
2
-10
-13
-11
-11
-10
-9
-4
6
-9
-10
0
2
-6
-12
-13
-16
0
-1
0
9
2
-7
-9
5
-2
3
10
2
-6
-8
9
7
3
7
-1
-8
-4
-7
3
5
1
8
8
3
-2
2
6
8
1
-2
2
-7
-11
-9
-21
-20
-3
-2
7
-2
-1
3
-7
-3
5
10
-2
3
8
4
8
10
6
4
1
-3
-6
-3
-8
-10
-6
-6
0
-2
-5
-10
-8
-9
-8
-15
-11
-9
-11
-5
10
8
-3
11
19
20
1
4
-7
-8
0
0
-2
-6
10
1
-2
-4
-1
-11
-18
-9
0
-13
-16
-13
-10
3
1
2
0
-7
5
10
-2
-11
-1
13
8
9
14
7
7
5
3
6
14
16
17
9
-3
-7
8
10
5
5
3
2
-3
-7
5
5
0
4
3
-1
0
-8
-11
0
-11
-10
-14
-7
-5
-11
-3
-12
-18
-4
-9
-14
-11
2
-1
0
1
-9
2
-6
-13
5
10
-12
-5
2
2
-10
-14
-5
-8
3
0
-8
0
1
3
0
-3
4
1
11
3
8
6
-2
-2
-8
4
-3
2
-5
1
4
7
1
-8
-1
8
8
7
6
0
10
7
5
-2
6
8
7
9
4
-4
-2
3
5
10
-5
-6
7
-1
-7
2
0
5
7
-3
-8
-8
-3
8
5
-5
2
-6
-8
1
-10
7
11
-6
-1
-13
-4
-14
-22
-14
-20
-20
-8
-7
-18
-16
-14
-10
-6
-2
-6
-8
-2
-12
-12
-5
0
-14
-3
2
9
16
7
10
-1
4
6
-2
-3
-15
0
3
9
10
1
-3
-2
11
15
1
-3
3
1
-3
-4
3
6
1
7
8
9
0
5
-1
-15
0
2
-2
-9
2
5
2
11
7
2
5
4
-4
0
-1
0
9
3
4
14
11
4
7
13
4
9
2
-11
-9
0
-5
-11
-10
-13
-13
-10
-12
-7
2
-3
9
-3
3
3
5
12
11
10
3
20
1
-8
2
1
-4
7
7
3
5
9
6
-3
-2
1
-11
10
12
-10
7
4
-3
1
-2
-3
2
3
2
1
2
-2
-5
2
6
11
5
3
12
0
-11
-4
-6
-10
-4
-11
-6
-9
-12
-14
-23
-12
-12
-6
-11
-7
6
8
12
6
8
-4
6
11
11
11
-6
2
-12
-10
-19
-11
-2
-1
4
-7
-5
6
13
10
0
-4
-5
-2
-2
-3
-4
-21
-4
-8
-19
-17
-16
-3
2
-5
-20
-14
3
-4
4
-10
-14
-3
-4
4
-3
-5
-3
-3
-9
-24
-15
7
12
6
-5
-2
-11
-4
3
-1
9
20
30
36
16
21
22
22
17
4
0
-15
-14
0
11
17
19
12
-7
-5
3
-6
-5
9
6
20
21
5
-3
-5
9
6
4
-5
-24
7
22
19
6
17
29
21
15
-12
-24
-14
9
3
-8
-11
-1
14
9
11
10
2
-6
-8
2
-11
-14
4
0
1
-1
2
7
-14
-10
-2
14
5
-26
-27
-32
5
19
16
-9
-11
-8
-1
2
-9
-11
4
21
13
-11
-17
-11
2
9
-20
-23
-28
-32
-23
-6
-12
-23
6
3
9
21
14
21
17
-6
-11
2
24
24
14
-4
2
0
0
-11
-28
-24
-20
-10
-12
-30
-8
34
67
85
39
-15
-41
-19
26
52
35
-23
-40
-4
17
15
-32
-63
-39
-1
-16
-106
-159
-94
101
245
167
-33
-139
-46
128
153
25
-81
-38
64
83
-13
-91
-46
98
113
-58
-205
-208
-58
85
117
51
0
-3
14
8
1
29
82
78
3
-75
-67
23
71
92
44
-30
-69
-137
-178
-116
-11
93
102
5
-49
-45
24
83
55
9
-28
-44
-41
-26
-3
51
80
76
6
-90
-154
-189
-129
-1
105
92
-22
-100
-47
98
176
105
-37
-91
-36
40
34
-27
-15
90
153
60
-101
-193
-113
13
49
0
-82
-60
-11
18
32
66
91
50
-59
-102
-19
71
109
-8
-42
92
148
118
-73
-229
-108
72
133
0
-200
-132
101
211
130
-91
-166
-24
108
118
-31
-147
-45
97
163
102
-71
-97
-1
43
34
-50
-101
-11
79
56
-60
-131
-51
98
144
58
-55
-81
-7
65
98
80
1
-13
6
40
30
-45
-82
-70
-6
24
-10
-34
-45
-27
4
-14
-12
26
25
24
-36
-95
1
108
162
98
-148
-258
-65
230
310
-7
-316
-241
78
252
-28
-422
-401
54
431
301
-162
-347
2
440
392
-59
-381
-159
331
398
1
-372
-260
200
350
29
-374
-369
78
325
148
-210
-365
-19
321
277
-33
-329
-189
232
385
169
-204
-307
-49
229
292
8
-209
-124
-22
-2
-208
-366
-20
238
174
-44
-296
39
396
256
-61
-384
-59
430
129
-256
-401
-64
565
279
-319
-477
-199
343
255
-218
-295
-50
227
126
-175
-79
179
249
44
-199
64
350
148
-219
-365
-1
443
334
-287
-609
-143
374
304
-292
-713
-167
628
512
-142
-547
-174
586
535
-207
-582
-219
410
515
-43
-444
-275
198
443
74
-446
-448
1
437
311
-336
-473
-117
412
650
-123
-521
-19
288
504
155
-399
-68
208
165
-56
-314
68
268
-41
-226
-454
-26
586
282
0
-408
-526
300
457
40
-100
-319
-69
345
122
-49
90
154
30
-276
-395
-71
114
82
74
-29
78
-9
-255
41
133
91
34
-395
-7
337
-193
-58
222
278
382
-289
-635
-40
287
151
-232
-257
113
235
106
-252
-279
255
183
-166
-293
-288
440
558
-138
-397
-214
434
677
-54
-796
-768
345
889
117
-429
-736
174
1165
198
-764
-894
-244
840
755
-30
-578
-593
54
378
469
259
-298
-372
49
187
258
94
-502
-107
215
72
269
-58
-413
-208
-25
224
475
339
-387
-552
100
102
209
98
-311
133
232
-245
-156
148
186
181
109
-205
-404
-278
-59
427
398
-92
-245
-20
276
171
-221
-540
-265
194
364
540
275
-703
-671
215
614
362
-248
-576
-247
631
405
-703
-423
369
459
569
-501
-1146
-56
624
719
21
-752
-174
478
246
-48
-381
-187
332
369
-14
-471
-118
345
-46
23
270
-102
259
-145
-793
-46
311
369
195
-469
-238
82
111
375
17
-159
-326
-180
438
516
47
-576
-602
124
651
219
-326
-526
-169
532
319
-363
18
-226
-298
591
163
-42
-137
-553
-195
681
1067
-224
-1149
-310
61
810
860
-741
-799
-240
371
864
437
-628
-816
-193
490
953
-160
-884
-70
124
60
344
3
149
55
-109
-317
-264
455
296
30
-315
-748
-202
966
853
-377
-1284
-672
922
1427
241
-1141
-1196
63
1084
904
-32
-1236
-478
198
388
840
-273
-796
-430
-2
1110
977
-417
-1041
-720
627
662
-88
-179
-79
88
-350
-821
388
1474
228
-723
-1132
-421
1200
894
-435
-1013
-605
663
1221
415
-923
-1135
58
1105
1093
-617
-1073
-251
313
560
-97
-190
-53
110
-151
-553
393
776
-221
-371
-347
453
896
-319
-1001
-275
668
649
63
-884
-46
580
-127
-316
-299
318
369
-318
-207
-278
421
244
-598
221
-275
179
886
-154
-313
-559
-253
508
1031
445
-1212
-934
-89
383
922
-109
-602
123
139
-146
-140
254
661
282
-979
-207
300
-15
615
-458
-587
587
-97
72
443
24
-389
-452
81
232
411
396
-55
-716
-476
116
-115
236
493
-212
172
-233
-279
-131
-47
1327
221
-1130
-372
492
750
164
-686
-1046
360
1464
-428
-705
-43
-195
781
-431
-725
656
355
156
-414
-1136
376
1021
-128
77
-285
-379
647
153
-405
297
-297
153
258
-586
178
210
-96
-335
-341
384
524
-74
57
-504
-591
555
759
-235
-386
17
311
1076
-359
-1663
37
1280
270
-237
-474
-418
564
-1
-350
841
73
-1007
-279
61
871
860
-604
-945
-384
645
1299
406
-971
-1237
-108
1167
1106
-289
-1399
-526
674
514
-93
-254
-260
-263
-204
25
297
200
134
-271
-697
-45
752
751
283
-1235
-1008
684
995
439
-693
-727
251
231
-27
-291
-457
284
147
-277
-300
63
265
-68
-322
63
409
159
146
-166
-735
-286
609
573
98
-618
-433
60
121
43
-303
-29
486
306
-381
-123
-257
-40
522
-223
351
1002
-206
-726
-843
-542
1385
1219
-371
-781
-527
-231
278
665
90
-289
-311
-475
-18
639
361
-556
-707
-142
167
576
876
220
-1365
-1375
408
1913
1576
-993
-2118
-123
1333
1107
-2
-1414
-606
730
374
-276
-245
17
204
-53
-519
234
819
645
-249
-1078
-383
942
1097
161
-828
-498
669
797
-79
-760
-186
567
660
-146
-1120
-293
645
67
41
-275
-415
727
160
-581
-68
-88
417
608
0
-166
-369
-49
484
10
-71
2
-21
292
314
-429
-821
101
660
289
-78
-228
-145
38
-356
-389
901
1160
-102
-937
-816
370
1103
9
-765
-471
-182
489
314
-494
-531
-51
31
224
-104
-410
309
455
-249
-601
251
773
532
-286
-824
-169
685
375
-387
-328
248
263
-224
-125
-103
240
479
-233
-448
-51
259
570
-52
-791
-269
-26
151
294
-372
-259
267
-172
-480
230
715
75
-351
-167
-191
278
388
-148
-517
-492
127
427
376
-157
-697
-498
17
419
126
-162
-229
-405
-165
71
538
395
-552
-571
-135
230
381
-74
-203
-265
-58
-27
-3
419
-196
-549
-78
481
477
87
-97
-303
-24
638
886
679
-242
-562
-194
459
1194
335
-614
-454
181
938
912
269
-432
-488
185
501
744
707
83
-345
-167
604
1160
938
87
-460
17
1039
1371
387
-382
-303
144
789
891
98
-126
78
265
601
546
689
736
309
110
415
683
648
-324
-1482
-1718
-1185
-387
-650
-1827
-2826
-2932
-2364
-2072
-2119
-2204
-2450
-2545
-2344
-1992
-1436
-1220
-1127
-807
-444
-133
114
107
113
297
609
998
1270
1114
425
94
406
694
472
41
-214
-179
-78
-8
-22
99
128
-65
-28
102
252
271
190
189
535
851
690
443
136
300
952
1147
839
879
1259
1902
2185
1922
1997
2326
2518
2439
2403
2576
2790
2763
2265
1663
1694
1971
1878
1730
1267
830
947
895
845
930
1122
1522
1782
1882
2482
2730
2218
1130
-464
-2261
-2749
-1324
-362
-843
-2593
-5071
-7002
-6831
-5383
-4433
-4414
-5080
-5718
-5979
-5490
-4437
-3480
-2542
-1451
-1075
-977
-501
-123
115
524
1612
2533
3005
2805
2090
1590
1576
2165
2580
2348
1770
749
-229
-144
443
684
588
182
-765
-1705
-1990
-1899
-2164
-2826
-3204
-3291
-3172
-2893
-3179
-4000
-4416
-3783
-2349
-873
-4
89
22
205
1191
2765
3911
4455
4295
3854
3964
4206
4256
3917
3160
2541
1993
1466
839
181
-318
-437
-279
-233
-370
-742
-1177
-880
-13
632
1164
1360
1414
1704
2185
2762
3354
3814
3866
4100
4452
4770
5283
5671
5567
5447
5464
5672
6051
5736
5163
3779
1164
-1912
-4837
-5728
-4054
-3017
-4547
-7674
-11463
-13506
-12666
-10660
-9170
-8752
-9219
-9892
-9608
-8220
-6027
-4012
-2310
-441
839
1630
2634
3279
3553
4639
6047
7077
7545
7156
6080
4788
4190
4501
4541
3809
2579
530
-1315
-1778
-1653
-1763
-2422
-3632
-5128
-6233
-6722
-7001
-7497
-8029
-7193
-5788
-4687
-3546
-3414
-3846
-2910
-651
1854
3854
5028
5148
4746
5563
7207
8213
8655
8208
6800
5668
5181
4639
3495
1929
468
-704
-1569
-2107
-2761
-3567
-4050
-4129
-3878
-3578
-3131
-2725
-2297
-1017
817
2300
3119
3659
4173
5066
6396
7786
8552
8753
8823
8979
9574
10472
10855
10355
9413
8076
7045
6069
3782
352
-3797
-7773
-9053
-8287
-8804
-10904
-13943
-17655
-19613
-18437
-16062
-14365
-13359
-12751
-12076
-10432
-7539
-4396
-1875
688
3216
4861
6516
8305
9080
9465
10440
10961
10784
10404
9588
8114
6301
4730
3197
1374
-310
-1938
-4337
-6095
-6608
-7092
-7801
-8388
-9339
-10582
-10880
-10031
-9149
-8509
-7358
-6087
-5092
-2763
357
1855
2949
4671
5642
6926
9364
10863
10702
10560
10445
9636
9063
8514
7131
4965
3113
1606
-345
-2156
-3748
-5483
-6751
-7271
-7314
-7306
-7215
-6808
-6244
-5466
-4114
-2206
-560
918
3222
5198
6695
8488
9812
10512
11351
12464
13161
13270
12967
12415
11731
11180
10999
10560
9021
7455
5808
3191
-303
-4382
-9037
-13657
-15122
-13755
-13718
-15502
-17872
-21387
-23447
-21170
-17005
-13829
-11333
-9413
-8386
-6508
-2631
1553
4618
7805
10350
11115
11821
13074
13211
12126
11623
11078
9624
8180
6640
3807
512
-1886
-3906
-6139
-7958
-9301
-11435
-12988
-12514
-11492
-10776
-9797
-9168
-9099
-8078
-5860
-3723
-2033
-252
1426
3279
5772
8260
9368
9252
8996
8999
9529
10345
10527
9466
7506
5414
3749
2500
1382
88
-1665
-3620
-5130
-6201
-7214
-7989
-8500
-8707
-8205
-7069
-5746
-4537
-3434
-2104
-442
1520
3620
5314
6691
8012
9572
11149
12328
12935
12907
12445
11982
11745
11247
10392
9375
7888
5930
4499
3690
2735
1837
878
-755
-2456
-3501
-4869
-7605
-11046
-14779
-17564
-16746
-13530
-11740
-12035
-13473
-15519
-15749
-12030
-6968
-3255
-694
670
1423
2902
5433
7809
9332
10529
11104
10646
9973
9071
6896
4176
2187
522
-985
-1883
-3136
-5487
-7987
-10055
-11436
-11673
-10868
-9810
-9617
-9371
-7804
-5858
-3744
-1397
-119
625
2321
4283
5899
7183
7380
6816
6345
6540
7219
7056
6041
4488
2435
1033
695
484
-51
-594
-1453
-2547
-3035
-3107
-3269
-3218
-2761
-2423
-2378
-2328
-2344
-2608
-2400
-1378
-247
948
2264
2792
2829
3313
4178
5167
6238
7117
7664
7938
7969
8021
8009
7960
8300
8323
7383
6350
5060
3411
2592
2421
2165
1638
902
149
-647
-870
-326
145
159
-13
-989
-3871
-7531
-11090
-13626
-12421
-8827
-6831
-7218
-9244
-12277
-13565
-10815
-6214
-2530
-45
911
792
1181
2703
4373
5615
7040
7948
7479
6516
5275
2950
549
-827
-1650
-2370
-2747
-3539
-5583
-7828
-9268
-9943
-9879
-8943
-7697
-7044
-6383
-4759
-3098
-1547
549
2188
3211
4753
6485
7158
7228
6932
6013
5638
6254
6427
5619
3993
1686
-383
-1540
-1614
-1317
-1223
-1606
-2454
-3221
-3538
-3327
-2680
-1828
-950
-314
-124
-331
-606
-607
-354
410
1312
1901
2527
2824
2756
2952
3362
3931
4927
6013
6557
6605
6679
6583
6500
6871
7061
6967
6551
5709
4702
3394
2364
1877
1104
476
332
256
189
419
713
373
148
213
-326
-2156
-5151
-8658
-12253
-13038
-10243
-7858
-7066
-7323
-9635
-12077
-10875
-6995
-3506
-312
1975
1948
1767
2875
3959
4801
5975
6849
6294
5093
4183
2108
-822
-2536
-3786
-5139
-5380
-5009
-5946
-7744
-9126
-10162
-10206
-8639
-6254
-4607
-3740
-2370
-702
1001
3473
5663
6365
6746
7559
8054
8291
8273
7209
5484
4120
3117
1818
328
-1143
-2874
-4561
-5334
-5257
-5192
-4668
-3721
-3209
-2703
-1794
-794
198
1406
2634
3336
3516
3362
2876
2150
1742
1856
1729
1497
1381
924
308
104
339
992
2090
3199
4004
4581
4973
5370
5831
6223
6852
7394
7381
7069
6290
5033
3889
3124
2673
2194
1589
963
226
-285
-163
440
874
1021
958
503
-28
-1394
-4624
-8975
-12835
-14082
-11553
-7974
-6234
-6534
-9142
-12213
-11838
-8082
-3660
212
2448
2338
1748
2336
3376
4540
5780
6241
5344
4113
3213
1468
-1086
-3253
-5025
-6442
-6626
-5907
-6030
-7048
-8163
-9134
-9017
-7278
-4740
-2677
-1371
110
2144
4294
6505
8103
8231
7967
8291
8626
8616
7890
5606
2708
875
32
-384
-945
-2697
-5439
-7478
-7815
-6637
-4545
-2660
-2074
-2081
-1591
-641
853
2730
4113
4629
4605
4186
3393
2410
1434
576
-32
-295
-312
-417
-703
-745
-528
-322
510
2137
3706
4938
5962
6534
6759
7257
7978
8338
8261
7864
6928
5701
4674
3592
2153
793
-37
-712
-1405
-1825
-2084
-2158
-1524
-78
1089
1420
1378
674
-410
-1600
-3815
-7153
-10529
-11780
-10023
-7439
-5808
-5908
-8447
-11415
-11159
-7743
-3632
83
2000
1536
930
1644
2751
3971
5280
5301
3886
2630
1794
361
-1565
-3344
-5089
-6427
-6372
-5412
-5117
-5519
-6249
-7222
-6938
-4783
-2155
-46
1308
2389
3846
5744
7678
8827
8468
7368
6776
6543
6358
5668
3488
275
-2409
-3907
-4431
-4553
-5074
-6385
-7589
-7646
-6468
-4336
-1923
-334
456
1309
2281
3463
4828
5780
5707
4929
4101
3155
2020
890
-258
-1466
-2161
-2143
-1946
-1626
-1031
-574
-227
733
2338
4045
5687
7059
7571
7570
7856
8313
8542
8287
7534
6221
4485
3265
2441
1289
267
-777
-1910
-2469
-2436
-2142
-1595
-685
190
887
1507
1800
1842
2001
2008
723
-2326
-6614
-11012
-12680
-10601
-7689
-5938
-6051
-8826
-12125
-12174
-9002
-5089
-1398
1073
1378
1130
1872
2766
3581
4616
4935
4221
3590
3181
1841
-306
-2255
-3990
-5223
-5097
-4138
-3659
-3925
-4601
-5402
-5442
-4238
-2288
-398
940
2289
3845
5138
6338
6862
6083
5053
4576
4488
4226
3111
759
-2244
-4343
-4760
-4049
-3284
-3381
-4578
-6087
-6247
-4352
-1343
1467
3146
3501
3321
3491
4198
5006
5336
4810
3644
2288
885
-366
-1674
-3037
-3894
-4089
-3661
-2567
-1378
-659
-179
548
1861
3732
5987
7965
8912
9092
8982
8744
8673
8652
8039
6765
5262
3761
2398
1315
201
-1066
-2089
-2627
-2475
-1832
-1531
-1567
-1120
-172
845
1998
2820
2248
1278
1125
471
-1738
-4990
-9062
-12497
-12301
-9356
-7096
-6245
-7389
-10620
-12304
-10058
-5885
-1822
1393
2746
2467
2446
3362
4488
5347
5705
5221
4100
3042
2010
293
-1993
-4143
-5817
-6539
-6087
-5113
-4782
-5392
-6086
-6095
-5211
-3265
-784
981
2129
3653
5156
6268
7269
7242
5912
4848
4657
4563
4226
2930
184
-3054
-5498
-6209
-5607
-4858
-4510
-4839
-5602
-5307
-3528
-1325
911
2804
3668
3817
4062
4383
4395
4062
3418
2377
1222
237
-813
-2136
-3285
-3794
-3534
-2539
-912
677
1515
2097
3003
4243
5897
7742
9072
9320
8770
8157
7670
7318
6949
5993
4379
2599
1020
-5
-477
-1016
-1720
-2321
-2913
-3052
-2530
-1921
-1143
-48
976
1890
2915
3566
3427
3414
3939
4186
3589
1446
-2791
-8058
-12136
-12937
-10865
-8534
-7478
-8461
-11417
-13565
-12323
-8686
-4521
-566
1794
2276
2818
3999
4892
5555
6243
6151
5295
4779
4005
1919
-700
-3081
-5256
-6576
-6380
-5679
-5604
-5814
-6300
-7007
-6747
-5053
-2734
-576
1251
2977
4490
5683
6876
7448
6898
6257
5995
5534
4816
3552
1121
-1707
-3969
-5231
-5400
-5249
-5172
-5436
-6165
-6231
-4939
-3024
-862
1271
2565
3089
3672
4261
4549
4791
4845
4356
3551
2723
1598
192
-990
-1578
-1595
-1221
-416
389
836
1180
1659
2508
3868
5323
6547
7381
7450
7079
6639
6108
5851
5629
4865
3796
2607
1271
71
-828
-1496
-1930
-2207
-2289
-1969
-1474
-1198
-785
59
1079
2226
3352
3778
3303
2788
2691
2537
1678
-727
-5109
-10340
-13531
-13065
-10802
-8703
-7706
-9189
-11933
-12464
-10017
-6193
-1965
1605
3076
3402
4259
5037
5287
5792
6017
5221
4449
4019
2625
45
-2634
-5088
-7083
-7517
-6446
-5498
-5453
-5849
-6388
-6501
-5175
-2606
-142
1547
3132
4876
6393
7880
8777
8036
6426
5248
4516
3916
2989
820
-2542
-5466
-6802
-6913
-6243
-5585
-5856
-6339
-5966
-4712
-2546
78
2133
3581
4856
5884
6479
6710
6658
6212
5468
4709
3704
2077
101
-1838
-3369
-3890
-3385
-2434
-1672
-1247
-891
-624
149
1778
3514
5007
6256
6998
7194
7262
7348
7040
6453
5832
4910
3846
2902
1781
525
-459
-1083
-1251
-1132
-1167
-1333
-1606
-1807
-1347
-374
737
1846
2517
2723
2729
2635
2684
2695
2158
817
-1919
-6079
-10350
-13041
-12954
-10874
-8924
-8144
-8926
-10703
-11142
-8830
-5010
-1265
1849
3690
4363
4993
5731
6094
6393
6466
5797
4814
3554
1475
-1222
-3862
-5936
-7250
-7820
-7557
-7021
-6937
-7025
-7002
-6511
-5071
-2907
-406
1909
3701
5453
7052
8058
8464
7991
6735
5586
4885
4066
2595
239
-2594
-4865
-5608
-5040
-4287
-4074
-4718
-5693
-5592
-4083
-1708
985
2941
3753
4215
4675
4998
5265
5413
5108
4278
3364
2290
799
-648
-1668
-2308
-2343
-1764
-1074
-572
-149
371
1023
1918
3266
4817
6009
6872
7370
7241
6808
6422
6108
5551
4661
3668
2311
796
-361
-1425
-2395
-2855
-2984
-2860
-2341
-1821
-1551
-1169
-458
567
1971
3542
4649
4828
4446
3884
3226
2813
2191
75
-3723
-8343
-12594
-14585
-13519
-11251
-9731
-9331
-10295
-11581
-10645
-7197
-3173
548
3510
5004
5664
6353
6773
6701
6493
6128
5342
4132
2438
-93
-3153
-5732
-7433
-8237
-8151
-7620
-7184
-7020
-6754
-5976
-4715
-2888
-527
1711
3441
5255
7158
8397
8992
8923
7762
6104
4967
4211
3307
1870
-406
-3127
-5375
-6584
-6677
-6237
-6055
-5906
-5458
-4734
-3140
-802
1123
2657
4324
5554
6187
6753
6879
6156
5314
4610
3431
1887
461
-1005
-2490
-3307
-3413
-3406
-3191
-2449
-1508
-632
476
1929
3346
4637
5934
6894
7207
7174
7145
6744
5994
5336
4418
3111
2043
1006
-262
-1193
-1703
-2032
-2064
-1758
-1472
-1149
-680
22
1052
2082
3043
3935
4172
3766
3500
3405
3242
2638
543
-3539
-8725
-12980
-14235
-12485
-9918
-8329
-8642
-10749
-12243
-10977
-7451
-3144
765
3309
4409
5015
5677
6064
6222
6309
5945
5126
4237
2784
240
-2632
-5123
-7124
-8056
-7585
-6714
-6265
-6154
-6256
-6113
-5143
-3223
-837
1310
3114
4962
6721
8027
8807
8521
7204
5898
4980
4202
3327
1812
-538
-2869
-4444
-5239
-5391
-5284
-5333
-5310
-4759
-3775
-2478
-1018
369
1790
3274
4582
5441
5651
5235
4585
4025
3505
2806
1797
433
-1098
-2247
-2738
-2767
-2397
-1802
-1322
-760
48
901
1902
3126
4300
5363
6196
6579
6563
6209
5604
5021
4545
3968
3240
2374
1113
-294
-1224
-1773
-2076
-2007
-1927
-2005
-1777
-934
227
1102
1655
2041
2105
2363
3095
3460
3334
3165
2576
1194
-1088
-4638
-9069
-12633
-13420
-11727
-9515
-8020
-8135
-9981
-11331
-9860
-6252
-2239
1502
3993
4707
4908
5388
5643
5795
6043
5842
5047
3890
2306
102
-2482
-4634
-6056
-6938
-6783
-5852
-5385
-5388
-5370
-5213
-4351
-2396
26
1999
3380
4722
6074
7145
7937
7944
6827
5463
4646
4100
3370
2112
223
-1817
-3253
-3975
-4564
-5534
-6826
-7578
-7100
-5468
-2990
-722
385
982
1883
3045
4542
6035
6553
6224
5680
4938
4084
3012
1523
-245
-1807
-2761
-3206
-3407
-3514
-3575
-3388
-2636
-1355
306
2025
3423
4606
5651
6262
6519
6652
6474
6037
5741
5325
4482
3469
2233
642
-789
-1656
-2212
-2381
-2135
-1953
-1867
-1433
-532
509
1433
2164
2506
2428
2410
2722
3091
3288
3381
3108
1683
-1315
-5398
-9705
-12763
-12891
-10752
-8624
-7610
-8211
-10106
-10876
-8917
-5338
-1444
2036
4118
4785
5161
5649
5910
6054
6190
5909
5108
4029
2470
243
-2300
-4645
-6392
-7276
-7126
-6325
-5674
-5572
-5627
-5285
-4311
-2612
-398
1545
3082
4887
6660
7801
8317
7958
6643
5375
4801
4397
3487
1823
-374
-2595
-4172
-4831
-4971
-5242
-5862
-6423
-6464
-5751
-4084
-1858
41
1569
2877
3616
4082
4741
5252
5300
5117
4691
3667
2224
837
-534
-1851
-2719
-3135
-3383
-3338
-2854
-2177
-1441
-508
605
1755
3055
4536
5770
6389
6490
6348
6020
5592
5263
4741
3675
2522
1603
637
-258
-948
-1678
-2237
-2249
-1759
-1113
-526
-39
305
709
1426
2428
3365
3879
3831
3347
2693
2248
2243
1886
93
-3252
-7549
-11615
-13439
-12309
-10094
-8504
-8017
-8888
-9918
-8902
-5841
-2324
923
3470
4924
5838
6787
7296
7081
6518
5789
4973
4112
2944
982
-1662
-4318
-6399
-7541
-7706
-7204
-6680
-6493
-6361
-5730
-4451
-2673
-509
1420
2869
4439
6187
7634
8522
8447
7251
5683
4505
3646
2631
1102
-909
-2913
-4367
-5054
-5283
-5627
-6221
-6550
-6108
-4855
-3001
-1034
436
1509
2568
3591
4539
5275
5479
5128
4589
4032
3317
2300
997
-538
-1967
-2804
-2985
-2788
-2490
-2220
-1939
-1574
-890
308
1647
2898
4133
5133
5676
5857
5772
5506
5141
4791
4438
3767
2848
1908
937
193
-168
-468
-872
-1293
-1480
-1310
-789
234
1230
1611
1689
1715
1839
2478
3403
3783
3447
2739
1943
1394
837
-851
-4145
-8204
-11676
-12885
-11377
-8991
-7437
-7197
-8256
-9117
-7823
-4736
-1250
1929
4096
5058
5598
6129
6307
6052
5662
5025
4198
3451
2312
252
-2337
-4898
-6892
-7690
-7319
-6430
-5770
-5703
-5824
-5454
-4321
-2564
-546
1204
2578
4111
5859
7213
7825
7495
6222
4923
4204
3680
2928
1521
-610
-2885
-4674
-5690
-6048
-6118
-6130
-6003
-5583
-4704
-3380
-1825
-275
1237
2684
3914
4872
5500
5554
5085
4457
3779
2956
1916
671
-833
-2420
-3463
-3783
-3665
-3203
-2561
-1917
-1207
-161
1082
2310
3577
4836
5917
6627
6947
6790
6211
5600
5136
4608
3822
2723
1369
104
-780
-1312
-1524
-1578
-1558
-1312
-839
-280
398
1027
1374
1820
2450
3000
3671
4257
4211
3751
3148
2424
1624
323
-2124
-5577
-9271
-11912
-12243
-10803
-9141
-8076
-8110
-8892
-8735
-6685
-3580
-398
2296
4019
4940
5675
6366
6561
6234
5613
4677
3668
2709
1219
-1020
-3394
-5534
-7118
-7563
-7071
-6510
-6200
-6041
-5741
-4916
-3453
-1510
443
1950
3250
4811
6318
7404
7801
7088
5729
4485
3519
2761
1778
102
-1971
-3680
-4647
-4944
-4990
-5183
-5549
-5721
-5112
-3570
-1689
-66
1256
2213
2911
3775
4683
5085
5005
4617
3885
2954
2015
936
-406
-1642
-2467
-2932
-3036
-2768
-2463
-2188
-1621
-797
140
1372
2691
3795
4749
5501
5906
5961
5715
5366
4994
4491
3984
3291
2109
814
-162
-851
-1077
-853
-790
-954
-1040
-993
-541
451
1486
2309
2945
3263
3524
3942
4174
4037
3513
2707
1988
1562
1118
-124
-2675
-6312
-10131
-12650
-12658
-10861
-8876
-7538
-7389
-8069
-7809
-5855
-3044
-40
2533
4160
5238
6072
6360
6100
5350
4282
3472
3011
2310
956
-1218
-3806
-5936
-7131
-7368
-6876
-6291
-5935
-5436
-4636
-3550
-2225
-921
268
1503
3008
4910
6623
7482
7364
6346
4932
3887
3342
2805
1851
366
-1396
-2947
-4007
-4721
-5302
-5840
-6075
-5693
-4729
-3377
-1915
-785
177
1468
2788
3902
4794
5025
4607
4083
3634
3065
2290
1330
67
-1352
-2432
-2987
-3295
-3320
-2889
-2350
-1788
-857
266
1241
2314
3519
4495
5362
6095
6348
6134
5684
5203
4739
4207
3564
2737
1590
592
157
-88
-381
-550
-730
-903
-533
348
1146
1687
2120
2345
2372
2540
2747
2647
2486
2399
2028
1452
984
336
-576
-1794
-3839
-6596
-9297
-11048
-11029
-9532
-7855
-6659
-6287
-6667
-6404
-4725
-2389
17
2163
3471
4065
4547
4782
4497
3974
3310
2534
1848
1137
-24
-1760
-3639
-5166
-6142
-6363
-5867
-5185
-4584
-4005
-3409
-2630
-1669
-636
633
1941
3123
4453
5487
5821
5702
5098
4068
3185
2577
1840
933
-134
-1393
-2533
-3337
-3832
-4199
-4509
-4590
-4320
-3653
-2572
-1288
-245
638
1550
2348
3045
3613
3787
3587
3275
2867
2442
1922
1092
77
-944
-1763
-2111
-2102
-1891
-1464
-1034
-570
111
922
1762
2706
3703
4527
5124
5449
5442
5174
4808
4438
3977
3392
2686
1912
1203
669
310
123
72
40
61
283
574
992
1763
2355
2613
2751
2388
1728
1443
1335
1158
1166
878
56
-656
-1075
-1454
-1876
-2793
-4697
-7183
-9337
-10188
-9376
-7556
-5754
-4804
-4910
-5295
-4851
-3354
-1364
555
2000
2790
3248
3698
3869
3451
2687
1963
1331
1001
720
-338
-2055
-3755
-5115
-5662
-5207
-4388
-3731
-3268
-2962
-2573
-1949
-1224
-353
569
1488
2720
4025
4819
5058
4664
3639
2619
2040
1733
1377
736
-256
-1394
-2313
-2643
-2513
-2399
-2503
-2806
-3189
-3217
-2591
-1559
-441
497
1157
1548
1744
1936
2109
2130
2202
2482
2573
2385
2019
1216
206
-373
-507
-346
159
604
682
564
499
635
1049
1791
2665
3377
3806
4084
4204
4108
3942
3710
3424
3258
3212
3109
2905
2472
1907
1411
1034
856
834
756
739
930
1038
1038
1001
692
214
-3
31
155
369
375
34
-371
-567
-385
-23
65
-753
-2704
-5241
-7420
-8372
-7783
-6315
-5106
-4647
-4995
-5654
-5679
-4810
-3469
-1922
-358
845
1737
2402
2497
2156
1815
1587
1580
1778
1619
797
-461
-1907
-3101
-3755
-3882
-3611
-3217
-2970
-2807
-2657
-2673
-2576
-2135
-1417
-365
1063
2541
3620
4096
3953
3402
2799
2532
2596
2642
2401
1763
834
-159
-1072
-1945
-2686
-3328
-3782
-3668
-3283
-2873
-2168
-1579
-1183
-249
871
1628
2425
3063
3140
3285
3685
3788
3549
3124
2301
1287
592
185
-171
-449
-652
-801
-807
-519
-29
446
986
1702
2459
3146
3709
4001
4099
4067
4105
4292
4237
3993
3688
3049
2388
1954
1349
733
493
295
175
387
496
291
137
43
-25
188
384
310
90
-224
-397
-254
54
399
591
552
497
305
-374
-1663
-3591
-5802
-7480
-7990
-7373
-6307
-5555
-5386
-5792
-6195
-5775
-4576
-3009
-1197
434
1565
2409
2848
2741
2480
2350
2253
2288
2265
1638
380
-1107
-2555
-3613
-3984
-3918
-3643
-3365
-3219
-3092
-2921
-2601
-2011
-1212
-174
1106
2403
3565
4301
4392
4006
3349
2759
2462
2196
1747
1041
116
-781
-1343
-1571
-1775
-2022
-2336
-2723
-2943
-2836
-2495
-1929
-1128
-233
597
1189
1533
1689
1786
2096
2591
2924
3031
2862
2293
1660
1170
772
491
351
252
201
157
94
25
-24
167
706
1466
2293
2982
3286
3224
3150
3192
3270
3361
3307
2993
2671
2481
2336
2190
1915
1451
1034
832
787
874
848
712
566
370
226
15
-335
-588
-702
-670
-373
-106
-21
-18
-51
66
319
457
151
-956
-2870
-5014
-6594
-7057
-6407
-5361
-4798
-4979
-5620
-6101
-5705
-4409
-2862
-1441
-276
511
1111
1638
1917
1917
1919
2001
2144
2199
1808
889
-353
-1570
-2402
-2721
-2677
-2514
-2419
-2441
-2580
-2691
-2581
-2291
-1805
-1015
-17
1135
2315
3114
3363
3211
2808
2482
2539
2741
2721
2339
1640
821
73
-560
-1188
-1843
-2515
-2999
-3052
-2867
-2600
-2160
-1708
-1215
-396
476
1129
1662
2029
2258
2596
3033
3237
3104
2703
2035
1262
751
457
179
5
-130
-369
-520
-532
-436
-103
374
990
1701
2278
2615
2791
2829
2804
2931
3176
3291
3306
3247
2871
2431
2171
1839
1574
1616
1618
1448
1328
1118
783
546
413
250
76
15
-82
-320
-520
-727
-965
-863
-464
-69
283
488
385
-70
-875
-2123
-3781
-5310
-6056
-5950
-5287
-4547
-4392
-4971
-5643
-5731
-5084
-3836
-2357
-1135
-346
227
665
895
1097
1370
1649
1970
2227
2101
1429
439
-517
-1333
-1785
-1765
-1674
-1703
-1768
-1948
-2233
-2329
-2136
-1749
-1183
-426
373
1090
1760
2203
2258
2108
1972
1918
2030
2203
2143
1735
1173
634
118
-378
-839
-1333
-1823
-2023
-1985
-2013
-2130
-2098
-1945
-1599
-780
44
441
765
1107
1349
1811
2427
2650
2544
2356
2014
1637
1400
1193
863
527
315
114
-88
-204
-217
-116
148
652
1233
1598
1799
1983
2132
2400
2928
3418
3554
3511
3385
3102
2870
2799
2533
2156
2034
1985
1902
1833
1541
968
499
311
236
180
19
-317
-676
-912
-927
-796
-619
-380
-52
268
498
709
684
299
-497
-1813
-3497
-5048
-5939
-6022
-5562
-5081
-5077
-5626
-6261
-6435
-5867
-4669
-3206
-1852
-743
71
695
1193
1550
1865
2188
2466
2603
2505
1984
1097
104
-862
-1610
-1982
-2081
-2103
-2163
-2287
-2507
-2665
-2662
-2492
-2041
-1346
-450
571
1481
1970
2033
1835
1599
1634
1953
2278
2355
2137
1668
1107
644
232
-269
-779
-1233
-1637
-1917
-2045
-2133
-2183
-1982
-1517
-896
-175
467
890
1200
1484
1790
2186
2496
2596
2458
2113
1708
1342
1066
821
580
343
105
-53
-53
-4
150
501
947
1433
1949
2354
2574
2741
2904
3014
3112
3167
3064
2896
2732
2505
2203
1946
1671
1436
1369
1385
1441
1467
1360
1121
835
556
322
171
69
-37
-191
-343
-453
-513
-523
-493
-402
-308
-152
92
180
-223
-1223
-2761
-4563
-5841
-6128
-5668
-4917
-4428
-4693
-5450
-5936
-5770
-4927
-3595
-2218
-1166
-388
282
776
1040
1152
1279
1477
1819
2221
2241
1686
749
-252
-1089
-1497
-1472
-1377
-1354
-1391
-1523
-1788
-1990
-2034
-1964
-1613
-889
-83
566
1022
1130
934
795
907
1178
1528
1771
1735
1407
1000
647
342
129
-6
-146
-296
-385
-543
-821
-1082
-1206
-1141
-836
-373
0
175
287
378
518
781
1035
1194
1235
1226
1202
1150
1076
1049
1036
1046
1151
1259
1279
1271
1289
1333
1479
1746
2027
2188
2301
2308
2174
2095
2078
2012
1953
1933
1870
1773
1724
1628
1475
1397
1480
1673
1945
2201
2219
2006
1637
1263
928
678
473
262
-25
-367
-663
-949
-1127
-1104
-1008
-815
-482
-154
91
139
-236
-1177
-2478
-3739
-4587
-4794
-4490
-4129
-4088
-4460
-4980
-5283
-5181
-4576
-3662
-2715
-1832
-1080
-562
-254
-57
138
445
882
1332
1578
1494
1120
551
-48
-462
-678
-766
-698
-624
-697
-871
-1134
-1437
-1644
-1680
-1471
-1006
-431
129
503
560
350
172
199
420
815
1169
1269
1178
1028
843
731
712
725
755
738
602
315
-92
-431
-564
-498
-276
-41
75
78
81
127
187
307
485
669
814
968
1037
996
985
1085
1222
1382
1548
1554
1464
1375
1324
1326
1380
1465
1528
1548
1545
1530
1491
1415
1342
1251
1143
1129
1217
1307
1423
1525
1489
1395
1390
1449
1513
1617
1680
1527
1236
926
557
262
96
-21
-193
-399
-661
-955
-1131
-1162
-1084
-929
-685
-435
-249
-58
114
238
287
129
-339
-1144
-2087
-2861
-3232
-3247
-3115
-3117
-3418
-3883
-4236
-4327
-4174
-3817
-3374
-2930
-2393
-1791
-1265
-831
-476
-204
73
427
740
925
1013
949
743
466
248
93
29
96
129
10
-233
-560
-946
-1244
-1361
-1244
-929
-464
-3
209
164
-40
-210
-214
23
392
718
991
1197
1274
1214
1063
802
638
747
1018
1266
1226
817
218
-247
-329
-39
344
577
537
304
117
60
93
197
327
467
687
936
1109
1095
922
731
618
687
888
1046
1089
1060
948
869
865
920
970
991
1061
1116
1139
1139
1112
1033
985
1023
1094
1161
1183
1144
1038
952
940
987
1033
1064
1019
851
684
532
380
297
227
127
24
-101
-254
-458
-629
-750
-792
-707
-601
-523
-525
-594
-619
-523
-301
-20
199
172
-174
-838
-1625
-2322
-2754
-2815
-2652
-2501
-2560
-2814
-3151
-3385
-3375
-3140
-2766
-2354
-1901
-1457
-1089
-835
-739
-748
-705
-484
-121
263
537
592
428
185
-12
-120
-85
51
223
343
301
124
-145
-441
-582
-532
-380
-109
172
290
328
275
129
40
119
301
543
785
882
825
704
633
632
741
904
982
949
838
684
564
542
591
647
679
651
594
500
397
311
223
125
69
63
48
58
108
131
163
240
286
314
376
465
549
699
835
872
902
939
999
1098
1180
1143
988
778
644
671
803
961
1012
941
791
674
644
661
726
769
797
823
847
822
706
568
417
292
248
249
202
113
-26
-203
-387
-508
-582
-641
-651
-615
-541
-451
-325
-250
-238
-249
-209
-116
29
169
119
-132
-549
-1058
-1512
-1789
-1907
-1955
-1937
-1957
-2119
-2322
-2505
-2650
-2639
-2432
-2107
-1773
-1448
-1183
-1009
-865
-716
-564
-401
-187
49
224
340
369
282
148
10
-90
-127
-68
71
204
235
130
-75
-310
-403
-263
-20
261
469
512
432
300
159
22
-23
30
179
358
510
564
498
425
390
417
478
567
615
634
623
558
473
362
277
245
249
248
212
128
9
-95
-147
-131
-49
90
230
333
417
454
502
600
725
859
947
996
1014
1004
982
957
908
865
862
879
872
818
733
655
617
703
892
1046
1154
1177
1081
932
812
739
714
779
806
768
654
443
196
-24
-125
-175
-181
-216
-291
-393
-507
-542
-527
-478
-432
-343
-254
-165
-76
-37
-54
-90
-62
5
99
179
168
41
-151
-409
-769
-1167
-1576
-1928
-2138
-2233
-2299
-2402
-2529
-2658
-2677
-2552
-2317
-2063
-1805
-1523
-1257
-967
-717
-516
-352
-205
-40
132
252
320
317
255
181
99
18
-30
-49
-67
-59
-69
-74
-84
-88
-94
-111
-99
-15
131
312
448
489
428
316
231
205
239
305
363
416
449
433
413
387
375
401
433
446
431
421
435
474
546
569
521
443
377
322
303
314
299
260
224
213
186
200
238
288
365
442
494
544
601
680
818
955
1067
1146
1202
1206
1234
1267
1241
1173
1061
925
775
686
619
533
423
280
116
-32
-105
-148
-176
-171
-116
-38
90
211
274
300
304
348
417
450
466
437
377
340
293
205
69
-82
-234
-332
-409
-499
-605
-711
-805
-891
-926
-949
-927
-845
-737
-626
-576
-599
-696
-820
-953
-1070
-1133
-1162
-1169
-1191
-1251
-1361
-1447
-1460
-1433
-1342
-1254
-1169
-1056
-886
-695
-552
-458
-424
-350
-207
-4
177
289
295
225
184
130
88
79
45
28
11
-13
-91
-179
-244
-314
-325
-277
-172
-59
57
118
71
-16
-73
-11
115
304
444
485
475
424
400
330
258
197
166
195
264
290
252
180
89
53
71
142
223
320
447
545
595
616
597
570
603
674
750
815
843
835
758
680
608
539
527
568
602
607
603
568
493
425
357
271
222
236
289
360
415
424
391
339
320
314
321
346
379
397
418
440
406
356
301
236
175
125
104
68
37
28
-34
-109
-182
-241
-271
-251
-225
-224
-257
-312
-392
-433
-432
-416
-367
-321
-271
-257
-269
-303
-375
-456
-508
-507
-455
-409
-362
-362
-438
-525
-605
-690
-753
-774
-790
-778
-765
-768
-818
-870
-890
-888
-824
-720
-626
-577
-523
-510
-553
-569
-583
-539
-440
-292
-151
-87
-42
-45
-63
-77
-91
-96
-76
3
86
146
127
45
-82
-170
-183
-156
-88
-43
-12
-28
-84
-158
-236
-290
-263
-146
18
180
300
352
317
301
328
410
572
756
887
932
905
811
713
646
598
582
573
558
530
473
375
267
168
105
92
125
189
242
303
336
318
282
250
241
301
410
519
601
646
639
620
611
583
572
571
573
565
522
446
331
220
130
68
29
-28
-57
-58
-47
-26
-23
-53
-102
-118
-83
17
145
252
305
306
264
203
185
186
200
207
216
204
185
167
80
-50
-201
-362
-447
-453
-436
-444
-482
-550
-619
-620
-589
-563
-559
-573
-604
-620
-617
-650
-715
-806
-864
-855
-806
-726
-685
-736
-808
-865
-888
-844
-759
-661
-557
-454
-360
-320
-331
-334
-330
-286
-203
-125
-96
-115
-138
-154
-175
-206
-249
-306
-362
-398
-395
-418
-429
-427
-428
-394
-359
-301
-221
-123
0
110
207
298
373
475
574
648
692
709
700
687
656
589
538
481
451
450
432
399
353
322
321
340
350
346
338
347
389
459
503
538
547
527
513
491
482
478
508
556
567
545
489
411
363
363
379
387
391
359
318
290
275
274
272
303
321
322
329
338
333
313
277
243
203
206
257
296
301
254
181
63
-6
-46
-71
-46
-15
29
54
40
-23
-108
-180
-211
-193
-165
-146
-160
-221
-288
-353
-411
-456
-502
-537
-587
-613
-642
-675
-711
-746
-761
-752
-680
-626
-580
-567
-590
-631
-624
-589
-540
-472
-414
-371
-366
-383
-438
-515
-570
-590
-555
-486
-442
-430
-450
-500
-526
-523
-479
-408
-353
-313
-301
-316
-338
-342
-289
-231
-154
-67
-13
13
0
-14
-48
-67
-39
27
111
180
228
233
208
189
189
229
283
348
413
462
496
498
498
480
460
455
477
506
523
521
496
450
406
389
391
426
461
503
550
567
567
544
515
489
497
525
552
563
531
465
380
297
222
186
194
227
270
342
365
336
319
265
245
254
301
374
433
493
509
487
422
330
253
202
196
222
237
204
120
-2
-140
-243
-314
-321
-315
-286
-271
-277
-294
-354
-387
-407
-401
-358
-261
-164
-103
-80
-119
-194
-257
-270
-227
-173
-151
-171
-241
-341
-456
-553
-622
-687
-686
-640
-596
-554
-555
-596
-643
-678
-662
-594
-498
-411
-342
-319
-378
-459
-529
-559
-536
-473
-387
-341
-325
-322
-341
-359
-369
-374
-339
-287
-231
-198
-189
-214
-245
-263
-272
-256
-252
-234
-202
-169
-141
-136
-144
-142
-115
-41
64
163
239
286
312
322
330
357
398
443
509
596
626
647
613
563
511
477
511
551
616
646
654
634
584
547
511
488
470
463
469
459
443
416
387
368
385
416
451
480
495
504
498
496
488
480
488
521
559
578
576
527
440
362
283
217
176
149
134
97
82
38
-10
-55
-99
-122
-152
-143
-117
-83
-44
-33
-35
-64
-88
-97
-102
-103
-100
-101
-99
-93
-116
-144
-198
-269
-328
-361
-381
-409
-431
-474
-554
-638
-701
-734
-743
-727
-691
-672
-657
-646
-639
-625
-632
-607
-576
-524
-460
-413
-393
-401
-412
-426
-421
-403
-375
-342
-300
-277
-273
-299
-355
-401
-405
-373
-330
-286
-269
-307
-349
-383
-418
-410
-391
-340
-286
-217
-162
-118
-71
-32
16
70
128
184
238
287
314
326
332
321
334
342
374
404
417
420
417
409
391
395
422
444
473
510
518
530
536
534
527
509
492
470
454
466
472
482
500
503
522
527
529
529
514
516
534
570
604
620
613
575
540
510
466
423
360
303
250
208
190
145
105
71
45
61
75
85
73
50
38
24
46
71
79
71
56
35
-14
-57
-100
-153
-182
-209
-215
-223
-249
-288
-350
-423
-486
-528
-543
-539
-548
-549
-568
-587
-587
-581
-561
-540
-509
-471
-422
-401
-395
-405
-439
-458
-473
-466
-456
-450
-435
-423
-412
-415
-416
-411
-398
-367
-333
-295
-262
-227
-196
-174
-161
-160
-180
-190
-196
-212
-223
-219
-227
-211
-200
-196
-195
-198
-185
-160
-115
-65
-39
-8
15
35
82
121
179
219
264
268
283
283
265
269
256
261
263
286
303
313
306
283
256
244
244
264
288
304
314
330
346
347
348
350
344
368
405
446
477
459
425
384
361
343
367
389
392
377
353
312
270
248
243
265
296
329
337
338
295
261
234
204
182
162
149
125
110
89
54
-6
-59
-106
-127
-115
-116
-88
-85
-92
-81
-75
-55
-52
-38
-27
-40
-42
-64
-106
-148
-209
-257
-298
-325
-356
-377
-400
-431
-446
-452
-432
-417
-378
-347
-305
-262
-227
-198
-190
-181
-183
-164
-135
-111
-94
-92
-111
-157
-212
-269
-311
-335
-328
-291
-262
-248
-243
-249
-252
-253
-224
-182
-148
-96
-61
-40
-22
-10
-8
-6
-14
-30
-62
-67
-83
-97
-114
-136
-144
-151
-105
-64
-26
1
12
27
44
77
114
155
187
220
240
243
220
176
135
97
77
45
30
16
-22
-27
-35
-36
-28
-16
21
41
82
120
145
168
192
216
242
268
297
313
310
295
258
222
165
131
103
73
55
42
34
14
4
-1
7
23
63
100
150
184
205
229
237
239
240
225
201
168
132
92
54
32
1
-19
-29
-38
-32
-27
-15
-14
2
28
53
96
135
163
167
165
137
114
78
40
28
8
-5
-26
-43
-71
-97
-107
-112
-97
-83
-55
-44
-19
-9
0
24
39
49
32
8
-43
-96
-135
-168
-183
-203
-218
-230
-245
-257
-282
-307
-316
-311
-271
-219
-163
-116
-96
-73
-54
-37
-23
-16
-12
-21
-22
-29
-55
-83
-118
-143
-155
-154
-144
-144
-152
-158
-179
-176
-173
-141
-90
-42
11
36
48
39
30
26
17
13
15
30
38
50
39
10
-27
-62
-64
-53
-18
14
53
78
91
110
111
110
113
132
156
172
181
175
149
107
71
47
44
56
85
118
141
131
122
119
111
138
173
236
289
334
346
328
279
214
161
135
132
124
143
152
139
107
67
15
-16
-30
18
72
127
160
165
149
100
73
54
49
72
99
134
129
98
56
-19
-47
-71
-66
-30
-23
-19
-34
-68
-105
-135
-146
-143
-122
-90
-57
-50
-63
-101
-165
-213
-247
-254
-240
-230
-225
-231
-261
-291
-323
-351
-341
-292
-229
-150
-90
-68
-66
-83
-81
-82
-70
-47
-35
-33
-28
-59
-96
-149
-207
-243
-255
-242
-204
-168
-153
-154
-173
-185
-189
-148
-97
-27
20
68
87
66
46
9
-1
-3
16
59
78
73
52
15
-18
-56
-57
-40
4
64
111
147
143
140
121
119
140
159
200
216
241
243
228
200
157
136
121
122
121
136
131
128
112
98
101
111
141
180
210
230
218
197
190
173
178
181
191
203
201
184
157
115
79
55
40
47
49
55
51
51
46
30
13
6
20
25
44
64
57
38
5
-18
-42
-61
-61
-58
-50
-72
-91
-115
-146
-155
-169
-163
-150
-130
-98
-95
-89
-98
-128
-143
-146
-125
-108
-104
-105
-104
-117
-133
-144
-147
-150
-136
-122
-112
-101
-114
-126
-141
-147
-142
-128
-108
-88
-67
-65
-79
-100
-95
-96
-90
-63
-50
-38
-53
-59
-76
-92
-101
-106
-86
-80
-64
-58
-62
-63
-73
-71
-61
-41
-4
16
28
44
28
10
3
-8
-4
1
16
34
44
47
41
35
38
40
55
83
108
132
149
149
137
127
106
103
98
108
116
102
107
90
77
56
31
40
46
61
77
90
101
99
103
114
132
157
171
197
210
207
175
140
122
88
84
74
71
60
37
18
-11
-31
-46
-46
-34
-2
15
24
24
21
18
7
10
4
17
34
35
42
27
5
-24
-44
-47
-51
-62
-67
-62
-63
-67
-75
-84
-86
-85
-68
-43
-25
-23
-31
-40
-46
-56
-59
-61
-73
-77
-78
-87
-101
-107
-108
-128
-120
-109
-91
-79
-73
-50
-45
-36
-27
-6
5
-6
-1
-5
-15
-33
-54
-74
-94
-109
-133
-130
-134
-156
-151
-148
-128
-110
-93
-69
-51
-36
-30
-1
16
34
40
47
56
35
30
16
-3
-32
-41
-42
-50
-42
-33
-28
-30
-25
-10
4
7
14
36
54
82
112
128
138
133
117
112
97
84
66
55
48
39
39
26
31
21
21
32
31
46
56
67
74
72
76
77
91
92
90
104
88
82
84
78
68
58
57
56
62
56
50
42
23
19
28
23
33
36
32
47
48
54
59
66
63
55
60
38
40
22
11
4
-22
-30
-52
-55
-56
-55
-56
-60
-49
-54
-53
-43
-33
-17
-10
-3
-9
-11
-29
-45
-50
-56
-65
-78
-77
-73
-91
-104
-122
-131
-143
-144
-122
-108
-82
-66
-57
-52
-70
-80
-90
-84
-56
-43
-29
-26
-38
-62
-83
-101
-121
-116
-114
-113
-88
-93
-86
-92
-93
-76
-68
-36
-10
27
48
63
67
61
65
53
61
63
71
75
59
60
46
14
4
-2
-7
2
4
27
34
34
55
49
63
76
86
112
123
126
129
120
113
112
106
100
84
70
63
42
33
23
30
11
8
20
30
42
47
74
75
84
91
107
114
117
116
109
103
90
76
60
39
29
14
7
1
-6
-8
-19
-21
-24
-13
-13
-8
13
24
25
28
33
24
23
26
23
15
7
-7
-25
-51
-75
-92
-114
-123
-127
-125
-124
-112
-102
-90
-72
-69
-62
-49
-30
-24
-16
-10
-23
-41
-56
-72
-87
-102
-118
-115
-127
-135
-134
-139
-131
-130
-117
-97
-82
-71
-47
-28
-19
-14
-20
-15
-25
-22
-21
-21
-22
-28
-35
-53
-62
-58
-69
-64
-43
-31
-22
1
21
30
34
34
39
47
67
83
97
101
100
84
68
53
23
21
6
14
30
27
42
25
16
19
17
34
58
82
104
111
121
116
110
109
105
108
102
101
85
73
45
31
21
11
26
23
36
40
42
41
39
55
51
67
90
97
124
132
117
116
89
67
60
36
33
20
1
-13
-27
-51
-58
-66
-74
-65
-55
-51
-54
-33
-26
-31
-14
-4
5
11
8
14
5
-16
-29
-43
-55
-77
-78
-101
-100
-108
-127
-120
-128
-117
-121
-108
-91
-73
-57
-49
-26
-26
-29
-31
-28
-23
-36
-33
-37
-42
-55
-76
-66
-86
-98
-98
-94
-94
-84
-71
-56
-42
-19
-14
-12
3
10
25
29
43
54
49
42
34
30
26
4
-2
2
-2
1
1
14
25
25
27
41
47
54
69
71
85
86
85
89
78
85
77
65
69
64
57
48
42
38
24
19
26
20
29
30
45
67
70
80
88
93
92
102
98
114
111
97
93
74
61
47
24
10
0
-4
-21
-19
-14
-14
-30
-22
-15
-11
14
12
35
41
42
43
38
32
24
22
-3
-8
-23
-49
-63
-78
-91
-94
-91
-93
-83
-82
-78
-78
-82
-62
-54
-45
-30
-20
-12
-20
-15
-25
-42
-47
-55
-64
-68
-77
-85
-96
-110
-120
-114
-123
-127
-105
-103
-85
-81
-75
-60
-65
-49
-33
-21
-22
-4
-10
-15
-21
-31
-39
-50
-49
-51
-50
-52
-56
-42
-43
-44
-29
-20
-13
5
22
39
55
59
64
70
78
58
64
66
53
49
45
41
37
35
27
32
22
22
28
38
53
64
75
88
95
107
106
109
112
101
106
100
99
98
78
67
52
45
32
29
40
44
42
47
47
44
56
45
62
73
76
86
79
89
80
63
59
49
42
32
13
19
12
-4
-11
-12
-29
-34
-25
-29
-8
-7
-9
4
5
12
13
18
32
17
22
1
-10
-17
-47
-47
-57
-68
-78
-89
-100
-92
-102
-99
-89
-86
-73
-61
-45
-43
-22
-30
-27
-26
-36
-35
-43
-48
-64
-80
-105
-119
-136
-144
-139
-133
-128
-116
-96
-84
-71
-61
-44
-36
-23
-7
-10
0
6
-9
-4
-15
-23
-34
-51
-48
-62
-62
-60
-67
-59
-62
-47
-39
-28
-6
2
9
22
31
42
53
60
72
67
75
59
62
46
24
24
5
5
1
3
4
11
11
14
29
35
41
65
75
91
96
97
106
100
99
88
86
80
63
56
51
45
27
26
32
16
13
16
30
32
41
66
77
72
84
87
86
85
71
69
57
44
35
24
15
11
-2
1
-3
-8
-14
-18
-21
-20
-19
-14
1
16
16
30
33
18
11
-1
-10
-19
-21
-37
-36
-45
-63
-69
-80
-87
-88
-80
-86
-69
-60
-60
-56
-58
-46
-52
-48
-41
-35
-30
-33
-36
-42
-46
-55
-56
-67
-64
-62
-75
-79
-73
-69
-71
-64
-57
-59
-55
-47
-43
-39
-28
-24
-6
-15
-4
8
-12
-5
-22
-28
-33
-37
-37
-31
-24
-19
-16
-16
-19
-8
-7
-11
5
14
28
30
41
38
37
38
28
35
29
28
26
29
17
24
24
19
22
21
43
46
53
67
65
67
67
59
55
63
69
63
62
71
60
53
47
37
38
37
31
37
38
40
43
40
43
56
62
54
65
73
63
65
54
44
38
27
23
21
22
17
9
9
-8
-12
-13
-20
-3
-6
-7
14
-2
-4
4
0
-3
-2
-9
-2
-5
-7
-10
-26
-18
-36
-44
-45
-53
-48
-57
-55
-51
-57
-49
-44
-48
-29
-31
-31
-30
-32
-18
-36
-25
-27
-35
-35
-43
-42
-54
-47
-53
-47
-45
-52
-45
-53
-53
-49
-50
-50
-39
-38
-30
-25
-22
-17
-20
-23
-14
-19
-17
-19
-26
-21
-24
-30
-27
-21
-21
-14
-16
-21
-20
-21
-18
-17
-6
14
11
15
30
26
20
18
27
20
20
29
30
24
23
22
27
22
24
32
39
43
39
49
50
53
53
52
56
53
49
47
44
53
48
45
54
47
59
52
45
41
38
35
27
32
31
45
37
39
45
39
37
37
39
40
49
33
33
27
12
15
5
-3
3
-4
-6
-6
-14
4
-5
1
-4
3
5
-2
6
1
9
6
1
-7
0
-9
-20
-23
-27
-29
-44
-42
-45
-42
-42
-42
-35
-42
-41
-43
-46
-39
-33
-31
-29
-31
-27
-20
-33
-20
-15
-27
-28
-38
-40
-52
-57
-55
-58
-56
-60
-56
-44
-42
-36
-31
-22
-17
-18
-16
-13
-12
-15
-17
-17
-21
-21
-21
-25
-14
-17
-23
-18
-21
-14
-15
-4
6
-6
4
0
-6
-7
-9
4
11
14
27
35
45
30
34
42
30
24
27
24
19
19
12
11
10
10
12
19
33
40
48
48
40
48
36
34
37
43
43
41
42
34
26
15
14
7
5
7
15
10
11
22
18
11
18
20
11
27
13
13
17
7
12
0
6
5
13
6
15
10
3
-3
-22
-9
-23
-18
-23
-18
-18
-18
-12
-17
-8
-22
-11
-18
-26
-14
-22
-28
-23
-27
-27
-24
-30
-24
-22
-25
-24
-29
-26
-31
-25
-17
-23
-17
-17
-25
-32
-42
-38
-38
-41
-25
-25
-7
-5
0
2
12
2
1
2
-9
-3
-13
-2
-12
-7
2
-6
-1
-2
1
4
-2
0
13
