2
3
-1
-3
0
-3
-1
-1
3
7
-1
-1
1
0
-5
-2
-3
-2
5
2
5
5
4
1
2
0
-6
0
0
0
2
1
0
-2
1
-1
0
-2
-3
0
3
3
2
-1
0
0
0
-2
-3
-2
1
-1
0
-4
-2
4
-1
0
-2
1
-3
-2
1
1
2
-1
2
-1
1
2
2
3
1
3
0
-3
-1
1
1
0
1
1
1
2
5
4
0
3
8
2
0
0
0
2
-2
2
4
4
1
0
0
-1
1
-1
3
-1
3
5
1
3
5
4
0
-2
-4
1
-2
0
1
-2
-2
1
-2
1
1
0
3
0
3
-2
2
0
-3
-1
-3
-3
-2
1
0
-2
0
0
2
4
-1
0
2
-2
-2
-1
-3
1
-2
-2
-2
0
2
-1
2
4
3
3
1
1
-1
-4
-2
1
1
0
2
-3
-2
-1
1
0
-1
5
-2
-2
1
1
-1
-2
0
-4
-2
0
1
0
0
-1
-4
-2
1
-3
-3
-3
-4
-2
-1
-2
0
3
1
1
-3
2
-2
-5
-1
-1
-2
-1
-3
1
0
-1
-3
2
3
0
2
0
4
2
4
0
-1
0
3
1
2
0
-3
0
4
5
3
6
4
-1
3
0
0
5
4
4
5
4
5
4
0
2
4
4
1
2
4
3
3
0
1
0
-1
6
3
2
3
5
1
-3
-3
1
-1
3
-1
-2
1
-4
0
0
1
-3
-4
0
2
-2
-1
-1
-2
-4
-1
-3
-3
0
-3
1
-2
-1
-3
-3
0
-5
-3
-3
-1
-1
-5
-5
-3
0
-3
0
1
1
2
-3
-1
-1
-4
-4
-6
-4
-5
-4
1
0
-2
-4
0
-4
-2
0
-3
-2
-9
-2
-5
-5
-1
-2
-2
-4
-4
-4
-4
-1
-2
-1
0
-3
-5
-1
-3
-5
-4
-3
3
0
-1
3
-3
1
4
1
1
4
2
4
-1
6
1
2
4
1
8
2
1
1
3
4
2
1
3
8
4
1
3
1
0
2
2
-1
1
-1
-1
-1
0
2
-1
-1
4
2
0
-2
-1
0
0
-6
-4
-3
-7
-3
1
-2
1
1
-1
1
1
2
2
2
0
-4
-5
-5
-3
-1
-2
-1
-4
0
2
2
3
0
-3
-7
-7
-1
0
2
3
-5
-2
-3
1
-1
0
-1
0
3
-2
-1
2
3
2
1
-1
3
0
1
3
1
5
3
3
3
0
-1
1
1
1
5
4
-6
1
2
3
3
1
4
-3
-5
-3
-3
-1
-4
-2
-1
0
-2
1
-1
-3
-4
-6
-5
-5
-3
-3
-3
-4
-4
-5
-1
2
-2
-2
1
-1
-7
-4
-4
-4
-4
0
-2
-2
-1
-2
0
-1
2
3
3
-4
1
0
-5
1
0
-1
-3
-1
-2
4
1
-3
-1
-1
0
2
1
-4
-2
-3
-3
0
-2
1
0
2
-1
-8
-2
0
3
4
-2
-3
-5
0
0
2
-3
0
-2
-1
5
7
2
-1
3
9
8
-2
1
-2
5
4
-5
-7
2
7
5
6
0
2
5
3
-1
-1
-5
-5
-1
1
2
-1
-2
-3
2
6
2
0
-9
-12
2
5
-2
-9
-5
7
4
1
2
-1
6
4
8
4
-5
-7
0
3
-3
-12
-10
7
6
-2
-4
9
12
-10
-12
9
21
2
-21
-11
23
18
-69
-70
24
66
17
-47
-9
54
46
-27
-42
14
39
-2
-46
-11
34
15
-23
-19
25
39
-2
-25
1
32
20
-41
-44
8
38
14
-28
-22
13
22
-2
-17
-9
10
10
1
-11
-10
3
-1
1
1
0
4
0
5
4
9
13
-2
-2
7
17
9
-6
-11
-3
12
8
-6
-10
4
20
24
2
-14
-6
6
11
-3
-17
-11
6
16
-1
-12
-9
11
10
-5
-6
6
10
4
-8
-8
12
7
-16
-24
8
29
0
-34
-15
23
30
-11
-34
-5
30
13
-34
-32
9
23
-16
-31
2
26
7
-22
-5
29
22
-22
-24
12
27
-10
-25
3
22
15
-9
-9
15
14
4
12
14
2
-14
2
24
3
-23
-13
14
13
-11
-20
8
22
2
-17
2
18
-16
-35
0
25
-2
-41
-22
23
11
-23
-19
17
19
-4
-15
4
14
-13
-15
10
18
-9
-27
2
32
8
-33
-10
29
21
-11
-21
18
29
-8
-24
10
30
3
-25
-7
39
23
-27
-21
25
46
0
-38
-1
37
21
-32
-24
13
18
-6
-12
21
11
-18
-14
12
23
-3
-26
-6
18
15
-11
-24
-4
18
11
-2
-5
-11
0
19
0
-33
-16
31
29
-17
-22
22
25
-20
-33
21
49
2
-46
-15
48
35
-44
-61
16
63
11
-57
-29
40
34
-15
-33
-3
19
14
-3
-13
-4
1
-14
-21
9
22
1
-24
-2
21
11
-9
-18
-7
14
32
2
-21
1
2
-7
5
12
-5
-33
11
46
12
-57
-46
57
65
-24
-56
14
83
27
-68
-49
53
53
-34
-54
29
83
-19
-76
0
70
33
-49
-35
39
49
-17
-76
-42
38
42
-22
-41
6
36
19
-19
-25
-1
42
46
-21
-66
1
72
-4
-144
-104
90
120
-44
-132
-2
161
90
-108
-113
69
154
8
-140
-62
94
55
-69
-94
6
81
25
-44
-31
44
55
-22
-67
10
71
-1
-59
-11
37
2
-49
-11
44
0
-21
14
43
6
-53
-14
24
10
-22
-21
10
30
-9
-25
3
5
-24
-8
62
42
-43
-71
-11
62
37
-54
-79
30
113
43
-112
-97
100
131
-52
-112
16
84
53
-44
-56
13
63
22
-26
11
9
49
7
-83
-39
32
45
-38
-54
13
67
9
-71
14
89
44
-70
-11
93
-2
-139
-64
33
-16
-98
-61
86
77
27
-6
-41
48
83
64
-35
-79
-10
54
0
-73
-84
-1
122
46
-67
-46
61
71
57
-66
-73
34
60
56
-112
-132
6
103
-14
-104
17
59
3
34
12
-38
-17
24
81
-20
-114
-55
58
48
-42
-86
13
49
-40
-34
60
146
6
-107
28
152
44
-296
-106
281
35
-264
-260
150
309
-10
-193
-27
264
145
-186
-199
162
158
-110
-102
-86
28
19
27
65
-111
-47
163
146
-86
-206
24
205
135
-174
-206
94
149
70
-202
-178
177
179
-64
-203
-40
208
73
-122
-66
89
137
-100
-178
30
151
-4
-164
-8
95
-8
-85
41
103
-46
-59
86
61
-165
-82
153
139
-77
-202
-23
172
120
-131
-120
12
125
99
-149
-168
6
256
85
-117
-172
79
262
-57
-204
-96
232
129
-368
-172
380
166
-183
-428
116
705
-55
-596
-217
480
449
-330
-621
151
607
-19
-505
-102
259
166
-107
-159
101
183
-108
-141
157
101
76
-137
-41
-46
9
64
-237
176
85
-138
-144
136
274
-134
-353
83
632
33
-692
-408
515
628
-213
-753
-74
774
42
-549
39
187
155
-77
-42
228
-171
-93
-123
202
402
-286
-459
-251
337
622
-85
-641
-267
708
658
-485
-483
-37
120
468
103
-371
-454
-44
530
435
-212
-618
-149
828
298
-445
-583
-65
909
-1
-502
-84
-49
252
74
-388
92
176
-21
15
-267
-130
371
172
-250
-151
-272
214
382
-43
-457
-123
667
149
-204
-402
30
225
164
10
-56
-332
-348
334
562
91
-610
-371
424
577
-262
-393
-227
82
381
193
-166
-250
-192
236
532
84
-304
-757
362
778
80
-334
-594
7
806
476
-1022
-390
389
518
-128
-587
-66
374
172
50
82
-319
-37
129
77
-412
-662
-452
483
515
-764
-581
611
626
183
-435
-239
911
531
-363
-312
-176
325
285
-386
77
230
-4
74
-163
52
585
-36
-339
-125
-153
680
450
-1184
-799
425
1220
160
-1466
-635
1086
832
-337
-775
-385
620
343
-95
255
-491
-460
527
556
-168
-370
-273
-164
472
298
32
-432
-29
128
358
728
-309
-1135
-613
865
617
-616
-1695
-530
1466
1366
-530
-1655
-81
1773
1355
-819
-1613
36
1533
344
-786
-1010
224
888
263
-193
-660
351
639
151
196
-310
-823
241
1195
-285
-1062
-524
280
954
-230
-739
-55
1
466
121
-87
-620
-114
263
322
648
-920
-607
-35
1119
840
-965
-911
-245
867
1204
-380
-1590
-103
1053
1195
9
-1552
-1007
1146
1446
-208
-1399
-1139
701
1360
236
-1032
-547
-144
819
1056
-6
-1180
-974
897
1229
374
-1598
-1047
1122
1030
-212
-1030
-411
509
760
39
-660
-91
423
-323
-72
666
52
-832
-254
346
586
234
-622
-806
480
1217
-498
-498
-190
52
397
223
-84
-606
-260
350
605
188
-695
-669
449
631
-125
-232
76
-230
148
101
-3
527
-721
-359
659
554
-546
-535
181
18
677
177
-705
-252
567
310
147
-787
-569
802
626
71
-660
-563
426
602
-304
-542
-90
341
501
-430
-316
4
203
565
-289
-237
24
61
79
-197
-133
115
337
-167
-20
345
-366
-263
-77
67
693
-206
-1217
254
1135
276
-292
-1451
337
1505
17
-1000
-811
687
700
321
-928
-759
359
763
444
-646
-162
-35
-3
487
285
-500
-528
184
744
222
-744
-671
22
1001
285
-666
-30
9
73
138
-197
188
-401
-419
658
389
-36
-623
-313
346
667
291
-732
-674
493
926
-339
-779
-259
696
785
-641
-495
-383
171
534
-124
-77
-132
-266
303
622
325
-130
-884
-142
879
382
-694
-1118
287
1128
667
-612
-899
119
331
477
125
-203
-558
-375
325
797
239
-443
-1076
221
1485
241
-1493
-977
632
1239
464
-1076
-682
690
502
-94
-152
-73
-97
-286
832
496
-382
-780
-285
994
727
-697
-1173
76
643
530
150
-472
-240
713
276
-658
-198
-108
248
-101
-376
457
115
-95
-202
-60
437
384
-384
-818
-142
386
-18
-437
350
574
-218
-382
-411
81
459
20
-732
-458
342
198
303
4
-71
-248
-245
564
391
-474
-902
-83
792
613
-253
-709
-7
642
492
-58
-207
-205
-24
191
417
414
-284
15
231
234
139
-416
4
124
210
65
-97
228
377
24
-614
-168
677
472
-339
-699
-106
581
-32
-147
202
-185
-273
-264
-29
172
-157
-479
-280
392
383
-642
-718
-311
205
283
-302
-501
-286
50
49
287
-85
-496
-165
330
562
-201
-564
-191
413
903
396
-572
-845
332
896
577
-563
-685
618
839
319
-455
-402
-64
178
347
29
-30
-144
-70
490
391
-281
-440
31
287
196
-161
-285
85
381
517
37
-38
-257
97
713
-74
-221
-394
240
927
522
-463
-752
19
507
378
-435
-701
-322
244
-47
-286
-233
-380
-95
-113
-181
-485
-535
-94
46
89
-201
-502
-259
104
-28
-168
-347
-217
291
180
-30
-46
-55
192
436
143
-69
23
347
412
183
136
-19
142
288
202
224
-100
3
446
321
5
-279
29
541
269
-202
-135
139
329
218
12
-65
-85
29
392
262
-280
-387
-147
464
471
-157
-605
-282
324
233
-273
-574
-540
-61
40
-404
-303
-274
-338
-417
-400
-180
-269
-502
-455
-108
98
-238
-472
-387
-206
-144
-252
-64
7
-79
-153
-194
27
212
150
-151
-45
154
429
634
145
38
324
590
779
798
426
358
573
816
1086
1123
869
629
989
1434
1344
1070
684
429
712
1117
1136
615
372
336
296
285
26
-346
-735
-616
-391
-582
-1106
-1711
-1818
-1576
-1609
-1851
-2012
-2062
-2105
-2248
-2311
-2230
-2075
-2040
-1969
-1705
-1372
-1300
-1425
-1274
-881
-464
-93
-69
-123
92
445
704
877
1117
1164
1124
1265
1514
1440
1383
1522
1735
1865
1841
1512
1250
1319
1520
1899
1980
1656
1120
1056
1586
2011
1892
1646
1598
1718
1868
1733
1638
1813
1908
1997
2468
2321
2170
1973
1642
1792
714
-1647
-3163
-1895
1322
2660
-572
-5850
-7428
-4207
-81
-327
-4648
-7222
-5884
-2881
-2641
-5409
-7125
-5549
-2192
-376
-1443
-3934
-4834
-3293
-725
1356
1776
1182
413
402
1504
2593
2841
2380
1972
2573
3487
3150
1404
-115
23
1550
2571
1454
-432
-1734
-1717
-935
-595
-696
-1296
-2005
-2195
-1981
-1651
-1214
-867
-495
70
501
727
560
513
1409
2840
3850
3905
3326
2943
3502
4441
5011
5109
4776
4753
4805
4614
4387
4214
4279
4328
4144
3940
3600
3493
2511
681
-2394
-5741
-5045
-1523
2110
479
-7075
-12601
-11511
-4862
-734
-3849
-9525
-10850
-6849
-3583
-4755
-8554
-8586
-4053
562
1760
-1476
-4142
-3699
-454
3592
5723
5800
4352
2998
2720
4008
5611
6290
6227
5147
4572
4124
3426
2304
761
-62
73
262
-1178
-3725
-6293
-6507
-4902
-3775
-3993
-5633
-6767
-6729
-5723
-4106
-2594
-2043
-2355
-2626
-2037
-339
1029
1903
2548
3350
4267
4548
4529
4671
5419
6526
7312
7258
6261
5216
4521
4691
5340
5439
4943
3953
3274
2757
2448
2520
2679
3025
2863
2570
1726
-469
-2424
-5528
-6410
-3553
-358
1842
-2451
-9124
-11933
-8845
-2177
-51
-3349
-7800
-8054
-5203
-3245
-4297
-6240
-4151
-700
2093
1379
-1868
-3083
-2307
1131
4489
5867
5333
3313
1465
1136
2594
3940
4791
4267
2906
2015
757
72
-715
-1334
-931
-439
-838
-3437
-6803
-8068
-6144
-3223
-2479
-4190
-6279
-6595
-5317
-3742
-2104
-769
-57
-254
-693
-307
1010
2359
3309
4217
5027
5278
4533
3820
4279
5832
7158
7316
6425
4871
3896
3849
4360
5119
4843
3978
3051
2759
2898
2564
2439
2631
3733
3895
3552
2243
-268
-2472
-6140
-6076
-2095
2237
3301
-3896
-11413
-12855
-7263
-376
-210
-5076
-9008
-7977
-5340
-4293
-6089
-6977
-3944
-668
1752
401
-2656
-3654
-2712
1056
4774
6464
5799
3290
1050
999
2923
5057
6206
4847
2915
1785
1148
930
-405
-1437
-1136
-332
-297
-2400
-6012
-8826
-8450
-5398
-2254
-2087
-5187
-8197
-8490
-5446
-1594
281
-29
-1165
-1515
-540
1049
2287
3139
3694
4659
5619
5608
4684
3584
4035
6054
7921
7953
5976
3693
2784
3518
4799
5189
4518
3666
2818
2393
2242
2581
3180
3919
4236
3881
3148
603
-2403
-6456
-7089
-2523
2576
4459
-2336
-11016
-13727
-8799
-1149
539
-3446
-7944
-7847
-5686
-4760
-5834
-6486
-3407
-85
2073
1006
-1712
-2868
-2533
650
4517
7258
7339
4522
1298
123
2091
4717
6400
5401
2993
1135
-148
-380
-1211
-1865
-1835
-1316
-1369
-2986
-5503
-8219
-8832
-8005
-5233
-2776
-3382
-5937
-8707
-7807
-4021
4
1438
482
-791
-823
728
2278
3789
4314
4646
5023
5415
5691
4762
4013
4277
5985
7385
6902
4757
2729
2275
2961
4350
4875
4407
3089
1748
1634
2550
3873
4523
4268
4312
4177
2555
-276
-4878
-6372
-2826
2463
5677
1002
-7476
-12078
-9562
-2420
1236
-1277
-5623
-7027
-5856
-4694
-5715
-6462
-4035
-1035
1397
889
-1567
-3072
-3524
-1529
2119
5450
6536
4498
942
-1112
-175
2244
4811
4935
3061
878
-1048
-1440
-1737
-1943
-1778
-1425
-1186
-2270
-4323
-6844
-7819
-6990
-4965
-2949
-3022
-4392
-6594
-6919
-4614
-1136
1276
1164
-73
-903
28
1463
2903
3674
4028
4545
4565
4453
3866
3611
4020
4890
5932
6086
5111
3588
2645
3006
4269
5206
5207
4273
3253
3160
3880
4891
5836
5763
5631
5208
3100
748
-3941
-5536
-2339
2448
5757
291
-8156
-12647
-9703
-2562
97
-2918
-7374
-8032
-6681
-5747
-6988
-7744
-4791
-1875
688
11
-2286
-3375
-3694
-1298
2310
5639
6765
4775
1353
-447
848
3339
5785
5488
3658
1800
82
-257
-1037
-1496
-1156
-614
-467
-1784
-4470
-6851
-7478
-6640
-4747
-3613
-3649
-4938
-6919
-7220
-5327
-1982
344
503
-575
-1053
-338
1010
2334
3164
4168
4641
4687
4369
3878
3921
4265
5119
6063
6317
5563
4149
3038
3269
4400
5381
5555
4789
3694
3303
3585
4513
5666
5618
5579
4378
2265
-517
-5024
-5607
-2216
2936
4790
-1655
-9652
-12779
-8395
-1877
-497
-4144
-7530
-7089
-5603
-5201
-7072
-7021
-3910
-753
1644
547
-1436
-2877
-3041
-512
3140
6416
7000
4619
1088
-294
1071
3660
5562
4706
2879
1236
283
-335
-1629
-2304
-1849
-985
-819
-2329
-4833
-6722
-7346
-6332
-4526
-3546
-3906
-5526
-6791
-6111
-3976
-1628
-588
-700
-770
-433
392
1293
1984
2668
3494
4152
4455
4174
3611
3453
3819
4737
5573
5521
4727
3722
3297
3710
4375
4867
4954
4658
4197
4020
4245
5064
6057
6102
6030
4321
1963
-1414
-5134
-3922
202
4756
3399
-4562
-11017
-11230
-5126
-650
-1974
-6261
-7907
-6100
-4807
-5562
-7747
-6582
-3145
112
1520
-252
-1932
-3054
-2324
681
4265
6890
6334
3371
501
416
2496
4730
5208
3516
2172
1232
762
-334
-2095
-2443
-1665
-698
-1090
-3226
-5528
-6872
-6990
-5981
-4706
-4159
-4722
-6268
-6835
-5620
-3521
-1859
-1442
-1411
-917
-324
352
1043
1758
2723
3468
4041
4420
4221
3906
3843
4157
5069
5607
5452
4854
4094
4063
4315
4765
5121
5118
4950
4764
5103
5137
5720
5589
5937
5732
3164
-140
-5239
-5461
-1324
3335
4217
-2961
-10110
-12036
-7469
-2064
-2061
-5578
-8223
-6782
-5039
-4932
-6970
-7349
-4143
-787
2045
1407
-497
-1864
-2448
-62
3680
7189
8185
5593
2076
620
2169
4613
5812
4518
2938
2084
1285
177
-2088
-3205
-2550
-1400
-972
-2408
-4654
-6727
-8067
-8146
-6825
-5003
-4211
-5153
-6872
-7110
-5654
-3450
-1857
-1097
-408
104
353
595
1144
2186
3341
4186
4740
4764
4267
3711
3589
4194
5151
5510
5185
4386
3688
3535
3736
4412
4898
4850
4469
4196
4523
4941
5580
5620
6390
5513
2316
-2168
-6676
-4405
889
5320
3230
-5415
-11157
-10758
-4886
-1090
-2594
-5965
-6795
-4765
-4338
-5601
-7793
-6145
-1963
1299
2915
894
-935
-2459
-2095
1091
5118
8132
7414
4072
724
398
2290
4420
5235
3907
2727
1257
-1
-1577
-3224
-3244
-2292
-1127
-1450
-3283
-5793
-7460
-7801
-6727
-5185
-4900
-5375
-6702
-6717
-5606
-4246
-3099
-2620
-1555
-540
292
292
444
1033
2192
3582
4124
4440
3715
3304
3378
3984
4902
5052
4757
4108
3915
3851
4118
4275
4606
4997
4811
4769
4500
4993
5405
6142
6602
7067
6345
2553
-1958
-6552
-4198
1904
6285
4052
-5769
-12173
-11386
-4808
-509
-2662
-6557
-7624
-5161
-4470
-6209
-8830
-7432
-2409
1371
3200
701
-1760
-3094
-2482
1096
4929
8077
7839
4961
1461
352
1959
4251
5736
4558
3397
2016
634
-1269
-3631
-3779
-2418
-632
-828
-3000
-5687
-7516
-7894
-7228
-5603
-4699
-4812
-6247
-7260
-6492
-4839
-3112
-2373
-1599
-716
98
361
441
1051
2090
3589
4446
4768
4314
3548
3396
3887
4882
5318
5040
4296
3866
3759
3753
4101
4370
4648
4386
4056
3937
4581
5059
5527
5899
6057
6865
4121
71
-5767
-7022
-1100
5168
7144
-1394
-11255
-13901
-7896
-249
-82
-4925
-8610
-6357
-3684
-4305
-7650
-8911
-4174
674
3796
2179
-959
-2619
-3125
-523
3392
7625
9021
6506
2151
-344
1142
3913
6063
4846
3044
2142
1316
101
-3067
-4611
-3700
-1302
-238
-2053
-5085
-7296
-7763
-7457
-6157
-5393
-4753
-5761
-7098
-6766
-5371
-3032
-2410
-2093
-1419
-119
884
946
1000
1661
3164
4130
4637
4338
3921
3715
3744
4477
4946
5060
4552
3890
3574
3508
3749
4155
4156
4082
3618
3555
4105
4654
5044
5373
5762
6664
6458
2776
-1998
-6889
-5033
1697
6590
5226
-4846
-12239
-11844
-5058
396
-1378
-5771
-7469
-5075
-4020
-5578
-8476
-7525
-2412
1545
3555
1062
-1904
-3665
-3596
95
4809
8468
8168
4234
17
-585
2054
4923
5740
3628
2542
2128
1406
-736
-4088
-4672
-2788
-280
-29
-2422
-5481
-7427
-7672
-6654
-4779
-4248
-5178
-6980
-7229
-5358
-3308
-2569
-3144
-2685
-1163
823
1356
1097
1090
1802
3309
4280
4745
4195
3513
3382
4066
4985
5069
4620
3750
3560
3563
3766
4124
4001
3952
3522
3619
4065
4508
4855
5136
6142
6641
7196
4966
1084
-3656
-6640
-2457
3451
7415
2224
-8162
-13246
-10255
-2267
271
-3282
-7441
-6933
-4173
-4414
-7369
-9508
-5896
-737
2676
2314
-851
-2890
-4039
-2329
1767
6314
8770
6827
2591
-246
655
3412
5359
4899
3493
3225
2671
1196
-2139
-4575
-3877
-1464
483
-462
-3324
-6246
-7882
-7945
-6482
-4782
-4323
-5319
-6880
-6626
-5007
-3454
-3064
-3061
-1958
1
1432
1428
980
964
2093
3669
4854
5187
4537
3679
3468
4030
4748
5015
4538
3920
3518
3330
3426
3493
3456
3441
3657
3923
4253
4359
4440
5269
6091
6603
6860
4239
761
-4541
-6670
-1819
4038
7373
427
-9289
-12873
-8455
-1279
-499
-4550
-7539
-5561
-3504
-4683
-8076
-9145
-4539
-97
2659
1628
-1075
-2525
-3578
-1678
2146
6474
8109
5897
2070
182
1557
3408
4527
3555
2943
3369
2616
516
-3405
-5222
-3930
-1303
44
-1400
-4166
-6607
-7666
-7812
-6585
-5684
-4951
-5024
-5596
-4995
-4656
-3914
-3529
-2301
-264
1671
2301
1749
1191
1249
2809
4288
5510
5530
4649
4058
3728
4087
4365
4416
4283
4144
3771
3334
3002
2862
3055
3420
3939
4328
4397
4340
4411
5384
6152
7122
6819
3459
-943
-6745
-5533
544
6522
6100
-4062
-11674
-11895
-4824
49
-2404
-7025
-7802
-4267
-3158
-5569
-9586
-8565
-3424
828
2906
602
-1497
-3316
-3430
-650
3531
7289
7505
4635
1390
949
2482
3890
3857
2724
3103
3579
2583
-629
-4450
-5210
-3371
-1030
-648
-2372
-4724
-6681
-7840
-7944
-6708
-5260
-4601
-4980
-5300
-4575
-3808
-3451
-3236
-1799
685
2695
2945
1905
1170
1651
3255
4900
5770
5554
4639
3792
3602
3972
4234
4248
3931
3594
3392
2965
2937
2666
2672
3102
3527
4225
4359
4462
4728
5507
5695
6409
6135
3801
128
-5783
-5591
-712
5292
5742
-3233
-10817
-11748
-5564
-701
-2511
-7072
-7996
-4936
-3286
-4889
-8815
-8409
-4366
-147
2546
1235
-480
-2346
-2920
-756
3064
6719
7665
5380
2326
1543
2506
3899
3772
2438
2434
2882
2533
-37
-3924
-5543
-4601
-2412
-1324
-2237
-4322
-6488
-8047
-8172
-6784
-5390
-4614
-4885
-4717
-3675
-2987
-2868
-2864
-1496
1164
3260
3672
2805
1861
2161
3374
4846
5816
5524
4703
3912
3715
3879
3578
3193
2975
3142
3261
2923
2307
1990
1957
2385
3286
3954
4618
4620
4487
5144
5630
6928
6997
4218
29
-5657
-5183
28
5562
5359
-3310
-10366
-10716
-4931
-1172
-3477
-7878
-7948
-4280
-2679
-4862
-9292
-9155
-4937
-284
2630
1475
-390
-2426
-2940
-930
2762
6272
7205
5379
2604
1979
2703
3673
3149
1695
1860
2756
2845
200
-4103
-6349
-5524
-2937
-1446
-2260
-4452
-6554
-7833
-7798
-6721
-5527
-4713
-4605
-3999
-2860
-2039
-2080
-2378
-1394
1152
3513
4358
3538
2234
2135
3027
4444
5359
5138
4543
3939
3717
3553
2939
2454
2458
2958
3304
3059
2433
1919
1834
2395
3561
4514
5064
5181
4942
5997
6368
7426
7326
4309
775
-5169
-4814
-269
4952
5186
-3279
-10058
-11017
-5646
-2174
-4170
-8149
-8135
-4403
-3171
-5042
-9463
-9284
-5254
-855
2520
1775
317
-1863
-2617
-856
2838
6417
7483
5995
3174
2430
2759
3536
3205
1542
1527
2167
2487
269
-4005
-6659
-6440
-4009
-2409
-2639
-4539
-6531
-7994
-8378
-6996
-5469
-4118
-4045
-3772
-2512
-1430
-1014
-1425
-718
1431
3920
4901
4312
2992
2411
3014
4109
5253
5310
4699
3830
3187
2889
2446
2032
1902
2309
2607
2800
2470
1892
1717
1864
3333
4661
5459
5572
5088
6299
7052
8507
7367
3355
-1513
-6344
-3649
1646
6233
3100
-6203
-11604
-10326
-4194
-2597
-5783
-9307
-7559
-3606
-3158
-6245
-10335
-8647
-4040
1012
3504
2321
494
-2131
-2251
-26
4230
7527
7789
5611
2832
2243
2497
2880
1992
1018
1728
2581
2057
-1488
-5779
-7481
-6113
-3469
-2309
-2883
-4507
-6168
-7698
-8098
-6832
-4702
-3078
-2976
-2816
-2002
-1012
-790
-1141
-227
2063
4446
5063
4082
2586
2138
2656
3737
4729
4736
4142
2997
2323
2038
1878
1718
1607
1831
2076
2314
2296
2173
2037
2273
3233
4478
5629
6244
6435
7106
7359
8038
7952
5748
2400
-3567
-5188
-2308
2969
5141
-1340
-8795
-12260
-8759
-4368
-4525
-7890
-9313
-6798
-4473
-4573
-7997
-8931
-6499
-2252
2162
3056
2542
273
-1331
-586
2420
6393
8198
7186
4198
2725
2634
3281
2737
755
274
946
1770
122
-4002
-7016
-7334
-5428
-3690
-3375
-4042
-4970
-6495
-7598
-7284
-5369
-3071
-2416
-2402
-1924
-566
243
93
-102
1093
3071
4423
4499
3368
2547
2067
2432
3233
3796
3712
2846
1988
1586
1434
1161
914
964
1469
2164
2699
2991
2772
2799
3305
4679
6068
7087
7484
8020
8800
9088
9225
6592
3043
-2685
-5837
-3150
1756
5273
-256
-8856
-13489
-10933
-5422
-4865
-8237
-10555
-7884
-4541
-4112
-7269
-9301
-6858
-2566
2117
3732
3281
1572
-363
55
2675
6632
8647
7668
4761
2943
3124
3516
2759
120
-1185
-416
773
-114
-4078
-7550
-8324
-6688
-4906
-4316
-4603
-5075
-6047
-6908
-6325
-4534
-2535
-2140
-2099
-910
1026
2023
1205
272
915
2840
4319
4518
3533
2472
1866
1917
2567
3011
2802
2121
1620
1591
1543
1006
428
374
1006
2029
2957
3413
3165
2991
3480
5104
6672
7520
7894
8495
9839
10208
10041
6852
2589
-3003
-6440
-3508
915
4062
-1424
-9672
-13515
-11116
-6224
-6361
-9445
-11026
-7763
-4393
-4010
-6707
-8422
-5972
-2021
2422
4339
4248
2862
1161
1424
3531
6820
8395
7735
4985
2841
2459
2556
2047
-559
-2467
-2304
-1006
-1202
-4338
-7885
-9067
-7582
-5709
-4548
-4479
-4439
-4922
-5666
-5147
-3650
-1530
-1034
-681
316
2198
3062
1959
747
682
2476
3883
4408
3443
2211
1159
792
1285
1751
1940
1493
1322
1210
1067
474
-60
202
1128
2601
3735
4371
3950
3591
3989
5550
7646
8767
9394
9512
9889
9814
9685
7081
2835
-3582
-7923
-5259
-499
3073
-2548
-11082
-14855
-12027
-6627
-6644
-10084
-11902
-8407
-4192
-2651
-4874
-6776
-5051
-1518
3083
5422
5719
4513
2750
2550
4198
6949
8385
7373
4202
2049
1872
2377
1213
-2346
-4950
-4452
-2306
-1995
-4935
-8546
-9434
-7996
-5835
-4425
-3779
-3495
-4089
-4333
-3039
-799
559
-114
-688
685
3198
4150
2741
758
397
1681
2961
3324
2315
900
-118
-83
745
1262
1030
589
660
1147
1369
972
481
592
1461
2971
4409
5140
4715
4173
4780
6612
8595
9517
9582
9791
10084
9892
9616
6224
1176
-6081
-10175
-6514
-1117
1906
-4529
-12827
-15314
-11310
-6306
-7066
-10353
-11133
-6397
-2083
-800
-3084
-4949
-3009
323
4651
6800
6909
5473
3352
2655
3908
6231
7092
5553
2009
-71
115
578
-788
-4780
-7329
-6395
-3788
-2713
-4990
-7874
-8530
-6884
-4355
-2470
-1620
-1588
-2058
-1773
-69
1651
1844
512
89
1761
3838
3994
1827
-427
-938
232
1411
1529
333
-1005
-1589
-1196
-216
113
111
126
701
1582
1824
1581
1168
1390
2623
4267
5741
6248
5803
5612
6426
7771
8955
9326
9313
9648
9377
8738
8042
4653
-454
-7822
-11863
-8219
-2949
6
-5745
-12990
-14584
-10583
-6038
-6735
-9579
-9702
-4665
-320
1165
-1038
-2800
-1154
1630
5245
6961
7073
5876
3764
2475
3018
4702
5247
3490
-140
-2086
-1772
-1234
-2491
-6027
-8019
-7037
-4681
-3693
-5086
-6797
-6704
-4954
-2676
-714
316
553
165
322
1565
2738
2465
1105
460
1501
2893
2597
598
-1527
-2149
-1303
-531
-488
-1358
-2147
-2134
-1531
-524
55
409
815
1435
2217
2730
2699
2494
2602
3364
4773
6077
6698
6426
5994
6376
7415
8478
8863
8896
8501
8136
7097
6478
4311
-172
-6277
-12101
-10790
-6408
-1878
-3767
-10190
-13066
-11363
-6277
-5124
-6970
-8299
-5249
-330
2402
2165
-133
110
1558
4136
6170
6531
6155
4145
2254
1442
2345
3246
2431
-536
-3403
-3746
-3057
-2786
-5112
-7544
-7658
-5811
-3572
-3654
-4675
-5127
-3917
-1682
373
1695
1900
1371
980
1648
2533
2646
1321
122
107
854
1077
-241
-2076
-3185
-2924
-1968
-1286
-1387
-1808
-1914
-1347
-281
675
1357
1815
2289
2901
3351
3580
3489
3506
4005
4897
6161
6712
6599
6302
6389
7324
7940
8352
8059
7966
7394
6513
4997
710
-4031
-10414
-11941
-8888
-4524
-2175
-6708
-10473
-11421
-7845
-4794
-5210
-6561
-5798
-1308
2060
3558
1640
583
1398
3035
5459
5832
5635
4107
2260
1009
928
1714
1633
-135
-3163
-4616
-4541
-3728
-4361
-6371
-7169
-6056
-3631
-2454
-3041
-3889
-3434
-1646
549
2329
3029
3156
2267
1932
1948
1977
1562
212
-335
-528
-238
-997
-2380
-3800
-4188
-3436
-2565
-1862
-2027
-1952
-1577
-616
577
1549
2371
2965
3528
4038
4267
4178
3877
3880
4260
5076
5915
6308
6084
5641
5646
6267
7112
7490
7151
6771
6277
6174
5018
816
-4450
-10474
-11270
-7886
-3969
-2438
-6607
-9606
-9774
-6677
-4324
-5068
-6242
-5130
-1002
2057
3259
1665
757
1520
2710
4631
4921
4541
3218
1326
387
620
1485
1322
-646
-3426
-4561
-4102
-3312
-3802
-5584
-6195
-4971
-2838
-1507
-1931
-2806
-2800
-1685
440
2489
3455
3157
1734
1036
1306
1659
933
-705
-1710
-1673
-981
-1425
-2566
-4084
-4592
-3797
-2685
-1557
-1313
-1107
-715
196
1341
2378
3135
3493
3829
4085
4494
4464
4069
3644
3687
4491
5480
5923
5518
4929
4673
5308
6116
6710
6585
6315
5994
6159
4681
-73
-6302
-11928
-10693
-5922
-1599
-2112
-7243
-9535
-8351
-4567
-3584
-5256
-6347
-4102
428
3009
3365
1344
821
1525
2897
4470
4477
3891
2001
113
-451
547
1790
1112
-1697
-4550
-4953
-3658
-2821
-3934
-5729
-5627
-3667
-1589
-1073
-1923
-2476
-1924
-589
1169
2661
3294
2729
1428
953
1273
1292
-109
-1893
-2456
-1764
-955
-1648
-3047
-4222
-4185
-3008
-1832
-1002
-799
-520
242
1367
2354
2932
3137
3316
3686
4058
4387
4170
3680
3206
3323
4146
5053
5373
4888
4298
4269
5009
6005
6212
6256
6003
6145
5748
1828
-3842
-10463
-11691
-7692
-2845
-1114
-5182
-8250
-8361
-5059
-3427
-4845
-6340
-5296
-608
2665
3846
2158
927
1427
2446
4099
4352
3972
2385
398
-625
-29
1513
1642
-524
-3768
-5075
-4071
-2762
-3209
-5103
-5762
-4101
-1621
-418
-1098
-2143
-2115
-1005
579
1906
2696
2623
1911
1239
1124
1135
19
-1866
-3045
-2688
-1449
-1270
-2387
-3666
-4054
-3060
-1779
-971
-774
-609
277
1608
2692
3087
3106
3218
3532
3844
4059
4050
3703
3239
3004
3445
4331
4974
4939
4252
3755
4058
5165
5857
6179
5903
6169
6159
2761
-2824
-9980
-11737
-8051
-3072
-765
-4531
-7338
-7435
-4434
-2834
-4667
-6448
-5694
-1182
2415
3947
2489
1152
1435
2107
3783
4121
3945
2467
72
-1081
-543
1364
1905
-233
-3603
-5174
-4231
-2783
-3058
-4942
-5563
-3988
-1345
161
-374
-1354
-1827
-1014
450
2036
3128
3079
2376
1422
1320
1098
70
-2060
-3812
-3552
-2216
-1200
-2126
-3701
-4548
-3745
-2115
-965
-677
-923
-201
1219
2906
3588
3238
2864
2967
3677
4306
4299
3538
2824
2558
3330
4339
4838
4806
4198
3803
3870
4484
4883
5337
5336
6154
6488
3375
-2245
-9661
-11491
-7906
-2833
-668
-4169
-6608
-6230
-3103
-2030
-4205
-6355
-5468
-971
2525
4120
2720
1581
1663
2052
3428
3744
3730
2287
-259
-1737
-1302
688
1434
-469
-3753
-5172
-4290
-2952
-3287
-5163
-5515
-3771
-1026
556
188
-650
-1162
-689
512
1956
2936
2765
2165
1686
1859
1435
-288
-2582
-4232
-3801
-2552
-1706
-2319
-3600
-4109
-3302
-1821
-842
-673
-810
41
1459
3110
3726
3365
2947
2844
3593
4307
4391
3693
2776
2467
3196
4052
4501
4432
4064
3948
3878
4004
4151
4636
4983
6013
5621
2417
-3217
-9640
-10317
-7158
-2446
-1390
-4414
-5768
-4901
-1873
-1837
-4202
-6178
-4560
-236
2887
3938
2235
1664
1608
2269
3227
3108
3027
1417
-560
-1783
-1404
65
306
-1485
-3956
-4672
-3767
-2992
-3895
-5477
-5173
-2932
-323
854
339
-105
-414
-100
566
1585
2742
2801
2546
2055
2162
1400
-543
-2966
-4542
-4028
-2904
-1898
-2378
-3306
-3777
-3046
-1727
-970
-841
-896
165
1658
3345
3924
3711
3161
2839
3510
4221
4568
3945
3077
2887
3546
4265
4573
4231
3920
3876
3991
3762
3578
3510
4092
5127
3614
252
-5812
-9330
-8274
-5101
-1845
-3277
-4862
-4986
-2663
-818
-2231
-4466
-5384
-2314
1043
3496
3211
2043
2042
1907
2737
2652
2536
1987
347
-1106
-1807
-1154
-504
-1280
-3358
-4678
-4258
-3146
-3060
-4634
-5546
-4310
-1667
621
1025
557
381
491
1025
1314
1944
2483
2650
2793
2533
2263
736
-1470
-3613
-4600
-4073
-3208
-2624
-3016
-3393
-3220
-2216
-1232
-960
-893
-387
942
2349
3389
3660
3561
3240
3157
3648
4048
4064
3493
2918
3092
3693
4208
4252
3729
3313
3388
3877
3805
3291
2392
3034
4284
3181
-407
-6671
-9006
-7219
-3552
-1510
-3866
-5165
-4539
-1470
-161
-1870
-4247
-4543
-1563
1290
3249
2626
2165
2060
1945
2489
2269
2451
1491
-365
-1890
-2016
-755
-239
-1644
-4190
-5109
-4057
-2530
-2670
-4555
-5370
-4029
-1277
875
1061
771
624
1002
1371
1197
1460
1822
2586
2738
2439
1603
149
-1564
-3646
-4467
-4320
-3203
-2601
-2822
-2944
-2616
-1582
-1022
-814
-804
-146
983
2264
3268
3553
3644
3347
3455
3624
3738
3742
3503
3421
3554
3893
4370
4530
4004
3383
3235
3501
3620
3127
2685
3556
3076
698
-4417
-8678
-7878
-5055
-1778
-2877
-5062
-5012
-2638
163
-728
-2978
-4593
-2380
646
2817
3035
1923
2335
2207
2922
2882
2497
1925
92
-1402
-2113
-1230
-322
-819
-3033
-4952
-4893
-3742
-2884
-3850
-5134
-4737
-2828
-289
851
604
407
485
1375
1968
2125
2056
1978
2373
2564
2343
996
-811
-2639
-3730
-3763
-3460
-3052
-3159
-3164
-2674
-1799
-1046
-825
-836
-467
421
1590
2688
3300
3532
3474
3457
3551
3541
3369
3160
3118
3433
3871
4299
4363
4018
3573
3087
3028
2701
2818
3360
4349
4757
2083
-2532
-7694
-9064
-6570
-3329
-2132
-4264
-5233
-3884
-883
33
-2080
-4215
-4086
-933
1816
3210
2629
1965
2044
2402
3436
3474
2896
1118
-891
-1729
-1417
-296
-246
-1600
-3608
-4643
-4136
-3507
-3711
-5004
-5534
-4447
-2373
-206
735
982
709
603
1072
1703
2202
2000
1849
2073
2579
2348
757
-1252
-2936
-3342
-3132
-2836
-2710
-2846
-2625
-2127
-1341
-817
-710
-728
-343
670
1912
2906
3315
3327
3211
3311
3540
3609
3426
3096
3079
3454
3932
4294
4216
3824
3314
3065
3179
3686
4094
4407
4511
3008
-337
-5610
-9151
-8513
-4966
-1988
-2965
-5119
-5201
-2235
-6
-1145
-4082
-5225
-2450
1022
3202
2849
1931
2018
2499
3328
3407
3042
1933
310
-1145
-1524
-675
41
-454
-2482
-4202
-4447
-3800
-3799
-5056
-6174
-5363
-2986
-678
454
338
270
289
608
992
1432
1801
1959
2256
2424
2542
1554
-102
-1805
-2764
-2590
-2276
-2059
-2227
-2220
-1861
-1290
-916
-976
-1039
-777
123
1325
2326
2879
3087
3094
3236
3317
3305
3275
3105
3109
3330
3728
4246
4399
4013
3450
3112
3360
3822
4032
3970
4263
3723
1247
-3825
-8877
-9490
-6300
-2369
-2559
-5221
-5912
-3026
417
-283
-3602
-5939
-3646
316
2876
3100
2154
2573
2967
3483
3311
3041
2473
1095
-447
-1406
-714
62
-83
-1980
-3967
-4421
-3838
-3655
-5008
-6427
-6131
-3864
-1485
-203
-82
10
202
340
424
756
1492
1809
2113
2219
2621
2322
769
-1042
-2301
-2169
-1776
-1720
-2015
-1978
-1496
-927
-700
-1014
-1205
-1139
-352
782
1844
2570
2859
2968
3071
3194
3165
3048
2863
2916
3231
3697
4112
4239
3969
3571
3476
3841
4220
4221
3929
4101
4059
2045
-2564
-7992
-9692
-7089
-3142
-2436
-4944
-6199
-3978
-188
-10
-2927
-5754
-4518
-615
2133
3056
2354
2798
3299
3605
3492
3138
2800
1481
122
-787
-97
677
357
-1401
-3553
-4173
-3891
-3715
-4863
-6357
-6488
-4666
-2296
-843
-598
-668
-255
87
370
480
970
1484
1916
2317
2704
2723
1412
-405
-1874
-1884
-1380
-1399
-1873
-2194
-1592
-934
-578
-918
-1385
-1505
-1072
134
1384
2316
2613
2705
2990
3292
3307
2962
2644
2698
3107
3672
4173
4419
4381
3920
3615
3714
4115
4393
4031
3820
3769
2713
-551
-5726
-9105
-8407
-4898
-2688
-4016
-5830
-5174
-1741
-33
-1734
-4652
-5214
-2141
903
2640
2523
2744
3477
3807
3865
3318
3093
1988
660
-463
-360
606
626
-513
-2693
-3928
-4079
-3862
-4427
-5768
-6391
-5453
-3302
-1548
-822
-821
-657
-248
143
364
758
1315
1855
2266
2477
2580
1811
428
-1080
-1664
-1421
-1212
-1296
-1665
-1460
-1135
-774
-786
-1078
-1245
-1201
-462
603
1702
2315
2595
2751
2934
3026
2859
2725
2687
2917
3267
3695
4175
4460
4292
3794
3493
3678
4071
4077
3744
3640
3122
1149
-2976
-7287
-8579
-6565
-3564
-3218
-4799
-5401
-3283
-565
-716
-3021
-4965
-3488
-493
1775
2481
2396
3211
3688
3961
3514
3160
2539
1227
9
-626
182
656
226
-1444
-3103
-3708
-3880
-4124
-5197
-6031
-5784
-4170
-2282
-1126
-834
-811
-493
-173
61
295
833
1473
1994
2152
2247
1913
935
-304
-1307
-1443
-1385
-1394
-1474
-1342
-1031
-851
-857
-1021
-1103
-1144
-840
-193
719
1677
2380
2808
2948
2883
2748
2675
2748
2948
3150
3416
3811
4311
4568
4420
3969
3637
3511
3502
3491
3510
3396
2044
-959
-5088
-7621
-7167
-4779
-3286
-4197
-5194
-4349
-1581
-332
-1663
-3923
-4168
-1707
770
2267
2283
2750
3420
3840
3842
3400
3116
2069
909
-168
-15
511
419
-603
-2299
-3176
-3698
-3935
-4750
-5701
-5958
-5091
-3362
-1918
-1098
-952
-714
-507
-292
-122
280
976
1535
1928
2065
2047
1330
91
-1103
-1560
-1408
-1261
-1218
-1203
-945
-743
-639
-748
-981
-1095
-993
-403
479
1440
2262
2741
2986
2993
2870
2714
2647
2779
2909
3143
3460
4113
4713
4749
4282
3628
3391
3339
3242
2984
2811
2090
146
-3257
-6443
-7162
-5549
-3535
-3695
-4889
-4890
-2592
-449
-908
-2987
-4171
-2346
161
1787
1961
2178
3186
3850
4017
3437
3175
2495
1486
326
-119
360
377
-225
-1682
-2645
-3133
-3530
-4264
-5311
-5737
-5241
-3858
-2531
-1629
-1214
-857
-509
-420
-376
-137
451
973
1232
1463
1702
1479
482
-732
-1360
-1306
-1133
-1185
-1219
-1048
-807
-637
-638
-710
-844
-901
-624
56
1001
1896
2466
2713
2812
2803
2815
2743
2749
2794
2937
3305
3888
4484
4601
4268
3710
3444
3292
3138
2882
2690
2297
858
-1884
-5097
-6597
-5806
-3873
-3328
-4280
-4772
-3287
-887
-482
-1997
-3652
-2835
-586
1173
1737
1755
2669
3427
3818
3426
3058
2612
1680
684
34
395
494
18
-1185
-2110
-2463
-2926
-3692
-4820
-5319
-5049
-4037
-2961
-2099
-1459
-938
-466
-374
-498
-534
-139
466
963
1260
1477
1320
663
-228
-820
-1017
-1217
-1464
-1531
-1182
-758
-503
-568
-718
-846
-837
-607
-200
458
1186
1930
2475
2792
2805
2663
2519
2570
2752
2808
2884
3145
3731
4187
4118
3590
3149
3004
3089
2966
2543
2088
1199
-333
-2891
-5144
-5708
-4457
-2992
-3100
-3910
-3835
-1964
-537
-952
-2541
-3072
-1463
335
1330
1310
1820
2799
3427
3321
2768
2537
1999
1248
313
123
367
276
-376
-1384
-1911
-2375
-2901
-3761
-4451
-4601
-4202
-3372
-2591
-1864
-1325
-860
-696
-772
-807
-523
-27
337
605
885
1034
672
-46
-671
-853
-926
-1054
-1133
-1010
-715
-498
-365
-387
-475
-577
-465
-109
453
1105
1707
2243
2604
2759
2663
2517
2507
2660
2707
2631
2723
3159
3699
3804
3395
2838
2617
2666
2726
2416
1978
1517
675
-982
-3457
-5142
-5068
-3545
-2610
-3079
-3673
-2921
-1036
-359
-1312
-2634
-2281
-642
659
1054
1194
2039
2801
3040
2570
2293
2105
1508
629
-114
47
268
107
-623
-1300
-1680
-2149
-2776
-3528
-3860
-3813
-3373
-2778
-2067
-1333
-786
-618
-856
-1033
-832
-323
-18
-7
14
265
423
233
-281
-763
-1082
-1210
-1089
-910
-764
-741
-610
-388
-211
-229
-319
-226
106
703
1336
1925
2340
2550
2556
2439
2403
2472
2557
2480
2428
2605
2997
3322
3260
2856
2430
2270
2364
2396
2061
1623
1183
467
-1129
-3419
-4886
-4501
-2907
-2120
-2699
-3217
-2190
-500
-156
-1388
-2454
-1740
-171
830
965
1292
2179
2755
2571
1998
1905
1820
1184
130
-442
-88
298
89
-669
-1229
-1499
-1863
-2521
-3181
-3356
-3108
-2644
-2207
-1652
-953
-459
-574
-1137
-1463
-1124
-529
-307
-417
-398
-50
233
112
-384
-888
-1187
-1136
-855
-591
-456
-440
-336
-169
-21
-26
-81
-68
203
777
1432
2020
2288
2330
2226
2187
2273
2349
2278
2088
2136
2438
2854
2961
2688
2222
1837
1732
1761
1715
1427
1165
904
384
-943
-2791
-3968
-3774
-2678
-2113
-2350
-2415
-1468
-278
-65
-873
-1473
-969
-49
598
823
1253
1872
2109
1893
1594
1595
1398
696
-240
-635
-381
-129
-282
-771
-1085
-1237
-1495
-1953
-2443
-2632
-2488
-2163
-1725
-1231
-742
-568
-857
-1294
-1431
-1125
-814
-762
-819
-666
-344
-187
-331
-680
-994
-1139
-1045
-769
-497
-335
-237
-138
11
124
205
258
328
569
1022
1652
2171
2378
2236
2013
1968
2037
2029
1811
1748
2017
2415
2583
2407
2182
1971
1697
1344
1179
1251
1375
1315
1043
667
-89
-1287
-2606
-3310
-3042
-2311
-1894
-1858
-1590
-797
-11
-36
-621
-946
-591
53
482
755
1098
1430
1505
1379
1228
1077
638
-120
-735
-798
-406
-137
-337
-734
-950
-967
-1083
-1452
-1843
-1975
-1777
-1392
-976
-722
-784
-1105
-1399
-1340
-1092
-984
-1137
-1263
-1062
-658
-359
-406
-706
-1021
-1100
-933
-673
-538
-509
-438
-261
2
177
257
270
332
556
966
1462
1861
2007
1927
1892
1985
2115
2051
1865
1882
2077
2248
2104
1777
1519
1397
1378
1309
1215
1145
1235
1388
1347
888
130
-648
-1372
-1989
-2362
-2240
-1750
-1316
-1137
-953
-557
-163
-176
-559
-729
-364
268
633
608
598
813
1002
859
434
11
-275
-497
-628
-554
-371
-275
-395
-599
-684
-686
-772
-1003
-1246
-1267
-987
-695
-660
-977
-1356
-1418
-1261
-1143
-1250
-1421
-1392
-1195
-1007
-904
-921
-1004
-1092
-1068
-810
-481
-277
-276
-271
-104
166
352
379
418
558
831
1193
1617
2001
2166
2091
1991
2031
2056
1839
1472
1296
1439
1614
1561
1384
1254
1241
1188
1076
965
870
839
877
1008
1014
744
204
-277
-500
-712
-1107
-1605
-1645
-1184
-685
-559
-668
-570
-325
-159
-237
-278
-223
-152
-102
-33
204
320
192
-159
-418
-418
-365
-423
-609
-631
-444
-209
-133
-223
-328
-431
-568
-748
-902
-1000
-1101
-1239
-1340
-1326
-1251
-1246
-1365
-1504
-1519
-1439
-1355
-1294
-1186
-967
-731
-539
-382
-225
-97
-51
-54
-3
173
408
680
873
1036
1178
1351
1610
1821
1897
1724
1512
1425
1507
1547
1419
1270
1261
1390
1405
1224
953
804
800
851
832
764
702
681
675
574
394
106
-91
-164
-185
-357
-741
-1019
-1015
-748
-588
-589
-627
-500
-216
-18
20
-158
-298
-348
-295
-242
-261
-303
-392
-440
-453
-392
-362
-414
-522
-581
-475
-281
-127
-147
-268
-363
-418
-513
-708
-910
-1073
-1155
-1134
-1013
-889
-924
-1048
-1120
-1049
-959
-960
-989
-947
-742
-435
-151
-11
-16
-16
66
220
389
588
810
999
1170
1331
1526
1635
1593
1427
1227
1168
1190
1198
1094
984
1028
1123
1113
889
631
469
398
370
336
354
398
442
440
393
282
121
-48
-121
-74
-36
-113
-289
-374
-361
-340
-436
-535
-520
-418
-311
-260
-195
-171
-243
-383
-471
-498
-566
-738
-867
-839
-703
-603
-604
-602
-559
-496
-478
-452
-359
-227
-121
-92
-69
-44
-85
-216
-380
-467
-464
-485
-576
-671
-701
-646
-605
-611
-638
-651
-618
-510
-341
-144
21
135
263
396
551
679
794
888
1005
1125
1213
1247
1207
1228
1240
1233
1129
988
932
917
918
824
702
593
531
446
295
138
19
-18
-72
-116
-159
-182
-195
-216
-176
-135
-114
-152
-225
-296
-367
-400
-362
-271
-188
-101
3
122
139
9
-159
-294
-378
-468
-538
-539
-509
-513
-578
-641
-671
-658
-657
-673
-649
-555
-417
-326
-282
-207
-86
-11
-46
-124
-160
-126
-104
-118
-147
-171
-159
-183
-261
-384
-475
-467
-404
-318
-219
-72
75
182
239
290
342
365
353
331
382
538
744
883
922
953
1038
1109
1066
897
723
644
668
730
732
635
484
355
256
125
-76
-288
-396
-373
-309
-270
-299
-336
-341
-317
-245
-216
-242
-297
-284
-155
2
80
49
22
44
133
143
61
-42
-80
-46
-81
-199
-348
-402
-425
-472
-584
-699
-733
-728
-672
-600
-508
-422
-374
-356
-296
-217
-113
-43
-2
61
107
138
113
74
25
-34
-94
-118
-74
-42
-45
-78
-42
63
137
144
78
24
-13
-10
40
123
223
327
437
517
557
555
555
565
570
600
643
675
645
524
426
403
440
416
265
108
48
56
-23
-191
-356
-394
-387
-398
-408
-421
-414
-417
-354
-221
-103
-77
-118
-109
-25
97
178
211
226
251
299
323
299
239
156
43
-71
-172
-233
-291
-393
-499
-576
-615
-639
-658
-651
-583
-493
-392
-326
-295
-253
-200
-108
-30
44
93
144
185
205
207
157
112
59
49
63
74
82
56
63
70
75
38
-22
-42
-56
-34
-3
53
95
92
93
116
168
190
188
190
226
295
335
344
301
246
202
192
244
277
253
166
87
45
-5
-98
-211
-282
-314
-297
-267
-239
-217
-202
-159
-84
11
99
137
124
123
190
297
383
391
376
365
358
335
266
173
51
-45
-106
-124
-159
-237
-315
-377
-398
-414
-425
-406
-364
-311
-271
-255
-222
-173
-120
-81
-58
-17
49
127
184
203
191
166
152
115
48
-48
-136
-170
-176
-153
-131
-91
-45
-22
-33
-72
-100
-113
-121
-136
-163
-170
-135
-72
-17
-5
-12
7
53
100
125
117
116
129
179
231
225
166
81
34
0
-56
-143
-210
-217
-181
-133
-112
-113
-117
-104
-59
11
98
182
254
308
370
446
504
539
524
513
502
497
471
406
310
196
120
62
28
-40
-115
-183
-241
-253
-257
-244
-253
-262
-243
-206
-179
-176
-171
-168
-140
-121
-98
-93
-87
-59
-40
-45
-85
-108
-140
-176
-239
-273
-263
-245
-229
-228
-197
-151
-114
-121
-145
-147
-102
-47
-39
-79
-115
-93
-36
-1
-23
-52
-41
15
77
89
77
71
105
176
228
228
173
116
92
92
67
4
-68
-106
-82
-29
24
35
14
21
90
200
273
280
277
319
420
501
517
482
426
393
366
351
313
226
95
-5
-32
-24
-46
-125
-193
-242
-267
-285
-287
-277
-269
-243
-185
-123
-115
-143
-163
-145
-121
-130
-149
-145
-120
-96
-84
-84
-81
-115
-179
-240
-262
-231
-224
-225
-196
-110
-12
19
-10
-37
-22
6
3
-35
-73
-76
-70
-55
-40
-20
6
11
19
29
41
40
26
35
79
156
210
216
175
138
127
122
102
62
26
4
-3
10
39
56
56
56
85
147
188
183
161
186
271
352
365
323
273
236
199
151
95
27
-41
-85
-90
-99
-128
-184
-236
-269
-276
-261
-249
-223
-183
-105
-41
-7
0
-12
-25
-39
-39
-37
-48
-69
-81
-83
-93
-122
-158
-184
-202
-227
-235
-216
-170
-123
-93
-44
9
49
34
2
3
43
69
45
7
-18
-10
5
9
1
-16
-3
45
86
87
62
66
119
176
197
185
159
145
138
110
79
46
32
20
-10
-22
-12
17
34
45
66
98
137
154
158
140
150
193
244
271
248
206
159
123
95
51
-32
-122
-174
-186
-187
-219
-263
-282
-271
-232
-206
-204
-202
-168
-95
-24
18
36
44
33
0
-44
-77
-89
-99
-107
-113
-120
-126
-146
-158
-170
-175
-178
-170
-144
-95
-25
42
90
103
107
116
125
119
89
56
30
21
28
36
49
52
63
88
109
118
97
81
77
95
119
132
137
130
123
98
67
45
24
16
0
-3
3
11
12
9
23
48
84
109
127
139
157
193
220
239
240
229
198
138
80
33
-2
-57
-126
-176
-193
-194
-235
-293
-341
-340
-300
-271
-246
-224
-187
-142
-87
-47
-27
-47
-76
-84
-71
-42
-45
-57
-56
-44
-51
-84
-107
-100
-78
-71
-65
-45
-16
6
37
82
124
142
132
137
149
154
135
100
72
58
56
39
21
-2
5
23
35
33
22
45
78
117
127
120
119
127
124
89
54
29
20
3
-12
-15
-18
-25
-46
-50
-30
7
45
65
83
99
130
166
185
180
155
134
125
113
79
13
-44
-85
-108
-142
-190
-225
-255
-262
-262
-247
-220
-198
-178
-145
-92
-38
-10
-16
-19
-13
2
-2
-16
-16
-9
0
-6
-14
-40
-73
-94
-81
-45
-32
-30
-19
24
71
94
100
100
106
116
124
114
86
51
29
32
45
40
13
-20
-34
-24
-10
-1
2
18
48
87
113
119
110
108
121
126
104
52
1
-41
-64
-73
-80
-82
-86
-81
-67
-37
-7
8
15
30
65
103
132
136
138
139
144
140
113
70
14
-33
-72
-99
-122
-154
-196
-228
-218
-193
-182
-194
-196
-158
-108
-58
-24
-8
9
22
25
11
-13
-27
-28
-31
-44
-57
-63
-64
-73
-85
-82
-59
-33
-13
-6
16
61
105
136
135
134
134
136
131
111
80
43
33
39
51
37
0
-26
-27
-3
7
9
18
53
93
117
113
99
100
101
100
80
51
26
3
-8
-12
-26
-48
-62
-56
-31
-7
6
12
29
64
98
117
120
114
98
83
68
50
23
-17
-58
-99
-128
-145
-161
-182
-210
-221
-213
-201
-193
-180
-149
-111
-74
-39
-8
7
5
1
-8
-13
-19
-17
-15
-28
-42
-56
-53
-54
-61
-65
-57
-32
-6
18
39
69
90
99
101
100
104
90
73
61
66
71
63
44
21
6
-7
-6
1
4
4
9
31
61
85
93
86
75
84
99
107
96
77
56
42
24
7
-12
-36
-47
-46
-23
3
22
33
38
47
66
92
102
95
77
59
46
36
19
-8
-47
-90
-124
-151
-172
-191
-198
-197
-186
-178
-169
-157
-137
-109
-75
-30
7
22
18
13
16
8
-12
-28
-25
-25
-41
-65
-76
-67
-57
-50
-47
-26
0
13
17
33
71
99
106
95
88
95
96
83
52
28
22
23
26
5
-20
-33
-19
1
10
8
6
30
70
100
100
89
90
102
113
101
73
42
23
13
6
1
-18
-40
-53
-47
-31
-15
2
19
43
61
76
90
96
86
58
33
15
1
-18
-40
-71
-101
-122
-135
-148
-168
-182
-179
-156
-133
-118
-108
-84
-49
-8
22
35
41
40
38
31
20
6
-11
-24
-33
-32
-43
-64
-83
-84
-69
-56
-42
-30
-9
15
44
71
86
96
97
95
92
88
78
63
48
41
43
36
24
12
11
16
19
26
33
39
43
57
72
86
92
93
92
83
72
47
19
-7
-24
-31
-36
-48
-60
-58
-46
-30
-21
-12
7
28
46
48
45
48
48
38
23
5
-10
-30
-54
-81
-103
-127
-148
-161
-166
-159
-148
-134
-118
-92
-59
-28
-4
19
44
64
76
73
55
36
27
22
9
-9
-23
-27
-29
-34
-40
-41
-37
-29
-20
-5
9
22
37
51
64
74
76
74
66
59
50
33
17
8
3
-5
-5
-1
4
6
8
17
33
53
67
76
92
107
111
108
98
82
63
43
23
2
-16
-27
-35
-45
-54
-64
-68
-55
-37
-21
-11
-3
16
33
40
36
25
15
2
-9
-26
-54
-83
-105
-111
-114
-123
-133
-137
-129
-112
-94
-79
-61
-33
-2
26
48
64
71
69
68
67
67
58
35
12
-3
-5
-5
-14
-27
-42
-42
-30
-20
-15
-15
-1
24
50
56
49
46
43
44
44
43
34
20
11
3
-2
-13
-22
-20
-2
14
17
19
30
55
75
85
86
85
90
89
82
63
43
18
0
-13
-28
-42
-52
-54
-61
-70
-68
-56
-38
-27
-17
-6
13
31
36
29
12
5
2
-4
-21
-49
-74
-86
-91
-96
-108
-124
-132
-124
-100
-79
-62
-46
-24
7
35
55
62
63
61
63
69
68
54
24
-1
-10
-11
-21
-35
-44
-37
-23
-13
-4
-8
-1
8
25
40
47
48
39
38
45
53
49
31
13
-1
-8
-12
-12
-5
1
9
17
27
40
44
50
59
75
89
91
81
64
56
46
26
2
-12
-19
-26
-36
-48
-52
-51
-48
-45
-38
-28
-18
-6
11
29
35
41
38
24
8
-4
-14
-32
-49
-68
-80
-81
-80
-85
-89
-90
-84
-76
-70
-59
-43
-21
-2
19
35
46
41
31
25
24
22
11
-7
-20
-27
-30
-34
-37
-37
-30
-17
-3
8
11
13
22
41
52
55
50
42
34
30
25
13
1
-9
-15
-19
-18
-15
-13
-5
8
17
29
39
54
68
80
87
92
96
86
71
56
44
28
10
-8
-27
-37
-41
-44
-51
-53
-45
-33
-22
-13
-6
4
12
17
20
23
16
9
2
-3
-12
-22
-32
-46
-57
-69
-77
-81
-76
-73
-67
-59
-45
-33
-21
-5
12
31
48
49
41
39
41
41
32
11
-4
-9
-8
-15
-25
-32
-33
-23
-12
-3
2
6
21
34
44
42
34
26
24
23
14
3
-5
-11
-13
-17
-22
-30
-33
-31
-24
-13
-2
11
20
36
51
59
63
69
67
59
50
38
26
15
4
-11
-26
-38
-44
-46
-42
-37
-34
-24
-11
-1
7
14
24
27
26
21
20
24
21
12
-2
-11
-14
-22
-42
-55
-61
-59
-52
-41
-30
-23
-15
-7
7
24
38
42
47
51
55
53
50
42
33
21
8
-5
-15
-22
-37
-45
-42
-37
-28
-15
-7
-7
-2
4
5
5
1
2
1
1
-2
-12
-16
-21
-26
-32
-33
-31
-34
-36
-32
-24
-12
-2
8
17
25
35
43
42
39
40
37
29
20
10
1
-8
-19
-25
-29
-27
-27
-25
-24
-21
-11
-2
3
11
17
20
21
22
24
21
17
11
4
-2
-3
-7
-16
-24
-26
-18
-11
-7
-6
1
10
19
29
42
52
57
55
51
53
47
37
28
20
16
14
5
-8
-21
-33
-41
-44
-39
-32
-26
-17
-9
0
6
2
-2
-4
1
-1
-7
-13
-9
-10
-11
-18
-24
-23
-26
-32
-34
-30
-22
-11
-5
-1
1
9
18
20
19
17
13
14
10
-1
-14
-22
-24
-31
-37
-37
-37
-37
-32
-28
-18
-10
-2
3
5
11
17
18
18
22
21
15
7
7
4
-2
-5
-9
-15
-13
-13
-9
-6
0
8
13
22
36
48
54
55
56
63
62
55
47
35
23
16
12
6
-7
-19
-23
-24
-20
-17
-21
-23
-14
-5
2
5
8
7
6
9
4
-5
-12
-11
-8
-11
-16
-20
-26
-25
-19
-20
-19
-18
-12
-6
-2
0
0
-3
1
3
-4
-13
-20
-24
-29
-36
-37
-39
-38
-37
-37
-34
-31
-29
-23
-15
-9
3
6
10
13
15
20
23
23
23
16
10
9
5
1
-5
-8
-11
-11
-5
2
6
14
17
25
35
43
50
50
51
54
52
48
44
38
34
26
20
18
9
-1
-5
-11
-13
-14
-14
-13
-11
-4
-3
-6
-1
1
0
1
-4
-6
-10
-10
-9
-13
-16
-20
-30
-31
-28
-31
-22
-18
-17
-12
-7
-3
-4
-3
-1
-4
-6
-6
-13
-17
-18
-21
-22
-23
-21
-22
-25
-20
-21
-23
-19
-16
-12
-6
-3
2
-1
-3
3
8
11
11
10
8
4
2
-2
-6
-5
-5
-5
3
8
15
22
26
36
44
45
45
45
47
51
47
40
34
31
27
20
13
4
-2
-5
-10
-12
-9
-12
-11
-9
-10
-8
-6
-3
1
3
6
9
9
7
6
0
-4
-8
-9
-16
-22
-25
-28
-25
-22
-18
-12
-12
-10
-5
-6
-7
-5
-7
-6
-3
-3
-6
-10
-13
-16
-19
-19
-22
-22
-18
-17
-17
-12
-9
-6
-6
-3
1
0
5
7
8
11
10
3
-1
-2
-3
-7
-10
-9
-6
2
7
7
11
16
22
28
32
36
36
34
37
39
37
35
26
23
20
15
11
4
-4
-9
-10
-11
-15
-15
-13
-11
-7
-3
-4
-2
5
6
5
2
1
1
0
1
-3
-5
-5
-6
-11
-12
-18
-21
-22
-19
-18
-19
-15
-13
-10
-5
-7
-9
-7
-6
-8
-8
-7
-9
-12
-12
-11
-14
-14
-15
-18
-15
-9
-5
-4
-1
1
3
3
8
8
11
10
11
10
9
6
2
2
1
2
0
1
5
7
7
8
11
12
11
14
14
16
17
17
20
23
23
19
16
13
11
5
1
-5
-7
-10
-10
-9
-9
-9
-6
-6
-4
-1
-2
-3
-1
3
1
0
0
-1
-1
-1
-3
-3
-6
-8
-9
-9
-8
-8
-10
-8
-6
-5
-2
-2
-3
0
0
-3
-4
-3
-4
-8
-8
-9
-12
-14
-16
-16
-15
-15
-13
-12
-9
-5
-1
-2
2
4
4
5
4
2
-1
-1
0
-2
-4
-5
-5
-1
-1
-1
0
2
7
11
15
17
21
23
23
23
24
22
19
18
16
16
14
10
6
4
1
-1
-5
-5
-6
-5
-1
-1
-1
2
0
-1
1
2
-1
-2
0
-1
-4
-3
-4
-8
-4
-6
-8
-9
-11
-10
-9
-8
-5
-7
-6
-3
-1
3
1
-1
-1
-5
-8
-9
-13
-17
-18
-17
-17
-19
-16
-15
-14
-11
-10
-7
-3
-2
0
3
3
3
2
2
3
1
0
-3
-4
-3
-5
-7
-7
-6
-4
-3
-1
1
5
12
15
19
23
25
29
32
28
29
31
25
23
23
18
13
11
8
4
4
2
-3
-3
0
-3
-5
-6
-6
-2
-2
-2
-1
-1
0
0
1
1
-2
-4
-5
-8
-8
-8
-12
-11
-11
-8
-6
-8
-8
-8
-6
-4
-2
-2
-3
-3
-5
-11
-13
-15
-16
-14
-13
-14
-13
-12
-10
-10
-14
-12
-10
-7
-1
1
1
4
5
5
6
6
3
3
3
2
2
2
0
2
4
2
4
3
3
7
9
10
16
19
20
23
24
22
23
23
20
17
16
13
8
5
1
-1
-6
-9
-8
-9
-9
-6
-10
-9
-3
0
-1
0
1
1
3
4
3
3
3
3
3
4
1
-3
-5
-6
-9
-10
-10
-11
-10
-6
-7
-8
-6
-6
-7
-5
-6
-8
-6
-6
-7
-7
-5
-7
-9
-9
-8
-9
-8
-6
-5
-4
-1
2
0
3
4
3
4
5
2
2
3
1
1
0
0
0
1
3
3
6
7
7
10
15
15
15
18
17
15
14
14
10
8
9
6
4
5
3
0
1
0
-2
-2
-1
-4
-2
-1
-2
-1
1
0
2
3
2
3
4
3
5
5
1
3
2
-2
-3
-5
-7
-5
-3
-4
-3
0
-1
-3
-4
-6
-6
-8
-10
-11
-9
-8
-10
-8
-8
-7
-8
-7
-8
-9
-5
-5
-6
-1
-1
-2
0
0
-2
-3
-1
-1
-2
0
1
2
1
2
3
1
1
5
5
7
11
9
10
15
13
13
16
13
11
13
12
9
5
7
4
1
2
1
-1
1
2
1
1
3
2
2
4
3
3
3
1
2
2
-1
2
3
-3
-1
1
-5
-3
-2
-3
-5
-1
-1
-4
-1
1
1
2
4
3
0
-1
1
-2
-4
-4
-6
-7
-6
-5
-7
-7
-9
-5
-6
-9
-7
-8
-9
-4
-5
-5
-4
-2
0
0
1
0
-1
-2
0
1
-1
-1
0
1
1
2
4
3
6
10
12
13
14
16
16
17
18
14
11
11
6
5
2
-1
-1
-1
-2
-1
1
1
2
4
4
4
4
3
5
5
7
6
7
6
6
7
3
3
0
-4
-4
-7
-6
-7
-8
-6
-6
-5
-5
-4
-3
-1
0
0
0
0
0
1
-1
-2
-4
-5
-6
-8
-4
-5
-6
-6
-3
-5
-7
-3
-3
-7
-1
-1
-4
-1
2
0
-2
2
-1
-2
-1
-2
-1
-1
1
1
1
3
5
5
5
5
10
10
10
10
11
11
9
11
9
5
6
5
3
0
-1
0
-1
-1
0
3
2
3
5
5
5
6
6
7
5
9
7
5
4
3
2
-3
-3
-4
-6
-7
-5
-6
-8
-7
-5
-8
-8
-5
-7
-8
-4
-2
-5
-3
-1
-4
-3
-4
-4
-8
-8
-6
-7
-6
-7
-7
-7
-6
-7
-6
-6
-4
-3
1
0
1
2
0
2
2
1
0
1
2
1
3
2
4
4
2
5
5
2
7
6
6
7
9
8
6
8
5
5
3
3
1
1
1
-1
-1
-1
0
0
0
1
2
2
4
4
7
6
5
8
5
5
4
5
3
0
1
-1
-3
-5
-3
-6
-9
-6
-6
-10
-8
-4
-6
-5
-3
-2
-5
0
-2
-3
-1
-3
-3
-4
-4
-5
-5
-4
-6
-6
-5
-6
-7
-4
-4
-5
-5
-2
-5
-3
0
0
-1
2
4
1
4
5
2
3
3
0
1
4
2
3
7
5
5
9
5
6
9
8
6
7
7
5
4
3
3
0
-2
-1
-3
-3
-1
-1
-2
1
2
3
3
6
4
5
5
3
6
3
5
4
2
2
1
0
-3
-3
-3
-7
-8
-6
-5
-8
-6
-3
-6
-4
-1
-4
-2
1
0
-3
-1
-1
-4
-1
-3
-4
-4
-4
-4
-3
-2
-4
-3
-3
-3
-5
-2
-1
-3
-1
3
-1
1
3
0
1
2
2
1
3
3
2
4
4
2
6
3
3
5
4
5
7
6
6
7
6
6
5
2
3
1
0
1
1
0
0
1
1
0
1
1
1
3
0
3
2
0
3
2
1
1
2
-1
-2
1
-2
-5
-3
-4
-6
-5
-4
-5
-3
-1
-3
-3
-2
-2
-3
-2
-1
-3
-3
-2
-2
-2
-2
-1
-2
-3
0
-3
-3
-1
-3
-4
-1
-2
-3
-2
-1
-1
1
0
0
2
0
1
1
1
1
4
4
3
2
3
0
0
-1
1
-1
-1
2
1
1
2
4
1
2
3
3
2
3
4
3
3
4
3
2
3
0
0
-2
-1
-1
-2
-1
0
0
1
0
0
3
2
1
0
3
2
-2
0
1
-5
-5
-1
-5
-7
-2
-3
-5
-3
1
-1
-3
0
1
-2
-2
2
0
-4
-1
1
-4
-3
-2
-2
-4
-4
-1
-2
-2
-3
1
-3
-2
0
0
-1
0
1
1
1
3
3
3
3
3
3
2
2
3
3
1
3
2
1
0
2
-1
-2
0
-1
-1
1
2
2
4
6
4
6
5
3
4
4
3
2
2
0
-1
1
-2
-3
0
-2
-2
1
0
0
2
2
0
2
0
-1
0
-2
-3
-2
-2
-3
-3
-1
-2
0
0
-1
1
1
0
2
2
1
1
1
-2
-2
0
-4
-4
-2
-4
-5
-2
-1
-2
0
2
2
3
4
2
3
3
1
0
1
-1
0
1
-1
-1
2
0
2
4
3
2
5
4
3
5
4
3
3
2
-1
1
-1
-1
1
0
-1
2
1
1
3
3
2
2
5
3
2
3
3
0
1
2
1
0
2
1
1
1
0
0
-3
-1
-2
-3
-1
-2
-3
-2
-1
-2
0
0
-1
0
1
0
2
1
3
3
2
3
2
1
0
-1
-2
-3
-2
-6
-4
-4
-5
-2
-2
0
0
2
4
5
5
6
6
6
3
4
2
-2
-1
-1
-3
-5
0
-1
-3
0
2
2
3
5
6
4
4
3
2
2
-1
1
0
-1
1
1
1
1
1
0
0
-1
-1
0
-1
-1
1
0
0
1
1
1
1
1
1
1
1
2
3
1
3
3
-1
2
0
-2
0
-1
-4
-1
-2
-6
-2
0
-3
0
3
1
4
5
5
5
5
3
3
1
-1
-1
-3
-4
-3
-4
-4
-3
-1
0
1
1
4
4
4
5
4
2
2
1
-1
0
-1
-1
0
-1
-1
1
1
0
2
2
-1
2
3
1
1
3
1
0
2
3
0
0
1
1
-2
0
0
0
1
1
2
3
1
0
3
0
-2
0
0
-5
-3
-1
-5
-3
1
0
0
3
4
3
3
3
3
1
0
0
0
-4
-4
-2
-2
-4
-1
0
1
2
2
3
2
2
2
1
0
1
0
-2
0
0
-1
0
1
0
1
3
0
3
2
0
2
3
-2
1
2
-3
-1
2
-2
-2
1
-2
-3
2
0
-2
3
3
3
4
5
4
3
3
1
1
-3
-3
-4
-5
-5
-3
-3
-2
0
3
3
4
5
4
3
3
4
1
1
0
-2
-2
-1
-3
-2
0
-1
-1
1
0
-1
1
0
0
1
1
1
2
2
3
2
2
2
2
0
-1
0
-3
-3
-1
0
-2
0
2
0
1
2
3
1
0
2
0
-3
0
2
-3
0
4
2
2
5
3
2
3
0
-1
-1
-4
-4
-2
-4
-3
-1
1
0
3
4
3
3
4
4
1
-1
1
0
-1
-1
-1
-1
-2
-1
-1
0
-1
-1
-1
-2
0
-1
0
2
1
2
4
3
1
2
2
-2
-1
-2
-2
-3
-3
-2
-3
-1
1
2
1
4
3
3
1
2
0
-1
-1
-2
-3
-3
-2
-2
-1
-1
2
1
1
2
2
0
0
1
-1
-3
0
-1
-2
-3
2
-1
-2
1
0
-2
-3
1
-1
-2
2
2
-2
1
4
1
-1
3
0
-3
-1
-1
-4
-3
-1
-1
-2
0
1
2
0
2
3
-1
0
0
-3
-3
-1
-2
-3
1
0
-1
3
0
1
2
2
-1
1
0
-2
-3
-1
-2
-3
-2
-1
-2
-1
1
1
1
1
1
1
1
0
1
1
-1
-2
1
-3
-3
-1
-1
-4
-2
-1
-2
-2
0
1
2
1
3
4
3
0
3
2
-3
-2
0
-3
-5
-1
-3
-2
-1
0
0
0
0
2
0
2
2
0
1
1
1
-1
0
0
-1
-1
0
-1
0
-1
0
-1
-1
0
0
-1
1
0
-1
1
-1
-1
0
-1
-2
1
1
-1
1
3
0
2
2
2
-1
-1
-1
-3
-4
-4
-3
-3
-3
-2
1
0
1
2
4
0
3
3
0
0
1
-1
-2
0
-3
-2
0
-3
-2
0
-1
-2
0
1
0
1
1
1
1
-1
3
1
-2
0
0
-2
-2
-1
-2
-3
0
-1
0
0
0
2
1
1
0
1
0
-1
-1
-1
-2
-2
-1
0
-2
2
2
0
2
3
1
1
2
-2
-1
0
-2
-2
-1
-1
-2
-2
-1
0
0
-1
1
0
-1
2
0
1
1
1
1
1
-1
1
-1
-2
-2
0
-2
-1
-1
0
2
1
1
2
2
1
1
0
0
-1
-2
-1
0
-2
1
-1
-1
1
3
1
2
1
1
0
0
-1
-1
-2
-2
-2
-1
-1
-1
-1
1
3
0
1
3
-1
1
3
0
1
0
0
0
0
-2
-1
0
-4
-2
0
-4
-2
0
-1
0
3
2
1
4
1
1
3
0
-1
-1
-3
-4
-3
-1
-3
-1
0
0
2
3
2
3
2
0
1
1
-3
-2
-2
-3
-1
0
0
0
2
1
2
3
-1
2
1
-2
-1
0
-3
-2
2
-1
-1
1
0
0
0
0
1
-1
1
1
0
0
2
1
0
2
0
1
-1
0
0
0
-2
-1
-1
-1
-1
1
1
2
1
3
4
1
2
2
-1
-1
0
-3
-2
-1
0
-1
3
2
2
3
3
-1
2
2
-2
-1
1
-1
-2
1
0
-1
1
1
0
3
1
2
3
0
1
3
0
0
1
-1
0
1
-2
-1
1
-2
-2
1
0
-1
1
3
2
2
2
4
2
1
2
1
0
-1
-1
-1
-2
-1
0
-1
0
1
2
2
2
1
4
2
-1
2
2
-2
0
2
-1
-1
2
0
-1
-1
1
1
-1
-1
1
0
-1
1
1
0
0
1
-1
1
-1
1
0
0
0
0
1
1
0
-1
2
1
-2
0
1
-3
-2
0
-1
-4
0
0
-2
0
1
2
1
2
2
2
1
1
0
0
-1
-1
-3
-2
-1
-2
-2
1
1
0
2
2
1
2
2
0
1
1
0
0
-1
-3
0
-1
-2
0
0
-1
0
1
1
1
2
2
2
1
1
1
0
-1
-1
0
-2
-2
-1
0
0
0
0
1
0
0
1
2
0
-1
1
1
-1
-2
1
0
-4
-2
2
-3
-2
1
0
-1
1
2
2
1
-1
2
2
-3
1
0
-4
-2
1
-4
-2
1
-2
-2
2
0
-1
3
1
0
1
1
-2
-1
-1
-2
-4
-1
-3
-2
-1
0
-1
0
0
1
2
0
0
0
1
-2
-2
0
-1
-3
-2
0
-2
-3
-1
1
-2
-1
1
2
-1
0
2
0
-3
-1
2
-2
-3
0
-2
-4
-2
-3
-2
-2
-1
-1
1
-1
-1
3
-1
-2
2
0
-4
-2
0
-4
-4
-2
-3
-3
-2
-2
-1
-2
-1
1
1
-1
0
0
-1
-2
-2
-3
-2
-3
-3
-2
-2
-4
-2
-1
-1
-1
1
-1
0
0
0
-1
-1
-2
-2
-2
-3
-3
-4
-3
-4
-2
-2
-1
-2
-1
0
0
0
0
1
-1
-1
0
-2
-3
-3
-3
-5
-4
-3
-3
-3
-2
-1
-3
1
0
-1
1
1
-2
1
-2
-3
-1
-2
-6
-3
-3
-5
-3
-1
-2
-1
0
-1
0
-2
0
1
-2
-2
-1
-3
-4
-1
-4
-2
-2
-4
-1
0
-3
1
2
-2
-1
2
-1
-2
1
-1
-4
-3
-2
-4
-4
-2
-3
-3
-1
0
0
2
0
2
4
0
-1
3
-2
-4
-1
-4
-6
-3
-3
-5
-1
-3
-2
1
1
0
1
1
1
0
0
-1
-1
-2
-2
-2
-2
-3
-3
-2
-2
-3
-2
-1
-2
1
-1
1
2
0
0
3
0
-2
1
-1
-4
-3
-2
-4
-4
-2
-3
-2
1
1
1
2
2
-1
2
-1
-3
0
-2
-5
-3
-1
-3
-2
-3
1
0
0
1
2
-1
0
1
-1
0
-1
-1
-1
0
-4
-1
-1
-3
-3
0
-1
-2
-1
0
1
1
0
1
3
-3
-1
3
-3
-4
1
-1
-5
-2
-1
-3
-3
1
0
-1
1
2
0
0
0
1
-1
-1
0
-1
-2
-1
1
-4
-2
2
-1
-4
2
-1
-3
-1
1
-1
-2
2
0
0
-1
1
-1
0
-1
0
-2
-1
-1
-2
-1
-1
-1
-1
0
2
-2
1
1
-1
0
2
-1
-2
0
1
-3
0
0
-2
1
-1
0
1
1
0
1
1
1
-2
0
-1
-1
-1
-1
-1
-1
-2
0
0
0
1
1
2
-1
1
1
1
-1
0
1
-1
-1
2
-2
-3
1
-1
-2
-1
0
-1
-1
0
2
2
0
2
5
0
1
3
1
-1
-1
0
-1
-3
-2
1
-1
-1
0
3
1
0
3
3
1
1
1
0
-1
-1
0
-3
0
-1
-1
0
1
0
1
2
1
0
1
2
0
1
1
1
1
1
1
-1
2
0
-1
1
2
-2
1
3
-1
0
3
1
-1
2
1
0
1
1
-2
-1
0
0
-1
1
1
1
0
0
3
1
-1
2
2
-1
-1
2
2
-2
1
2
1
-1
0
3
2
-1
1
2
2
-2
1
2
0
-1
2
0
0
0
1
2
0
0
2
1
1
1
1
2
-1
1
1
1
0
0
1
-1
0
0
0
2
0
2
2
0
3
2
0
1
1
-2
1
-1
1
0
-1
2
1
-1
2
3
0
1
4
1
-1
4
1
0
2
0
0
0
-1
1
0
0
0
0
3
0
1
4
1
1
2
1
0
0
2
1
-2
0
-1
1
-1
-1
3
-1
1
2
1
2
1
1
1
-2
2
-1
1
0
-3
1
0
0
-1
0
1
0
-1
3
1
1
1
3
2
-2
2
2
-3
0
1
-2
-1
0
0
-1
0
2
-1
2
2
1
1
0
1
-2
-1
1
-2
-2
0
-1
0
0
1
2
1
2
1
1
0
1
0
-1
0
0
-2
1
-1
-2
1
-1
0
-1
0
2
0
1
3
0
1
2
-1
2
0
-2
-2
1
-3
-3
1
-1
-3
1
0
1
1
1
4
1
1
2
0
0
0
0
-1
-3
-1
0
-3
0
0
1
-1
2
1
1
2
1
0
2
-1
0
2
-1
0
-1
-1
0
-1
0
-1
0
0
0
2
0
-1
2
1
0
1
1
1
-3
0
1
-3
-3
1
0
-3
-1
4
0
0
4
-1
1
0
-1
1
0
-3
-2
-1
-1
-2
0
0
0
1
-1
2
-1
1
1
0
1
1
-2
0
0
-2
-1
-2
1
-3
-4
1
1
-3
0
1
0
1
0
1
0
1
-3
0
0
-3
-3
0
-1
-2
-2
0
0
-2
-1
1
1
-3
0
0
-1
0
-1
-2
2
-2
-5
2
0
-3
-2
0
0
-1
-1
1
1
-1
-2
1
-1
-4
-1
-1
0
-2
-1
1
-1
-2
0
0
-1
0
0
0
-2
-1
0
-2
0
2
-3
-1
0
-2
-1
-2
-2
-1
0
-3
2
2
-2
0
3
-1
-1
