SAMPLES:	13941
BITSPERSAMPLE:	16
CHANNELS:	1
SAMPLERATE:	16000
NORMALIZED:	FALSE
13
10
0
10
4
2
8
16
11
-2
-2
2
-1
-8
-2
2
-2
1
15
3
3
-4
-12
-5
-7
-2
-1
0
-6
4
0
4
-1
-16
-1
2
7
11
0
-4
-7
1
1
-4
-16
-8
3
7
6
0
5
-1
17
10
1
12
9
-6
-5
-9
-8
-2
-15
-17
-15
-3
4
7
0
-3
-3
-1
-3
-5
0
-4
3
-7
5
1
-5
17
5
10
13
3
-1
5
7
-1
3
15
-2
-4
-3
-1
0
-15
-22
-16
2
-8
-2
-2
-4
-2
9
7
1
8
2
0
-3
3
-5
-5
0
-12
-3
-7
-2
4
5
0
-5
5
-3
-2
2
6
6
7
5
8
7
2
6
1
-3
-14
-10
-3
-8
-6
-8
-15
-15
-17
-24
-12
-15
-9
-11
-15
-7
-11
-11
-9
-9
-4
-3
-9
-7
-11
-2
-2
-5
-5
6
2
10
13
1
9
7
3
-5
5
7
9
14
10
6
15
20
20
20
9
4
7
9
-3
0
-2
-10
-7
-18
-20
-18
-21
-9
-2
-3
-10
-13
-1
-1
0
-3
-14
-3
-2
-1
1
8
5
5
3
0
14
11
8
4
-3
5
13
10
13
14
6
-4
2
16
9
6
9
14
5
3
8
-4
-3
-2
2
-4
-3
-1
-18
1
9
11
11
2
-2
4
-3
-16
-6
-7
-4
-4
-9
-16
-18
-2
-14
-12
-7
-4
-3
-7
-12
-3
5
-9
1
0
3
6
2
16
9
7
8
12
21
11
16
11
1
5
7
14
9
7
14
18
12
-7
1
-10
-4
8
-6
0
3
-9
-6
5
2
-3
-3
6
7
0
6
4
-1
-10
-3
6
1
-4
-4
3
-3
-17
-12
-15
-9
1
-7
-9
-16
-8
0
-2
5
9
-2
-11
-2
-1
4
5
6
0
3
13
6
9
3
3
7
4
3
9
2
-4
-6
-3
-8
-4
4
-5
-2
3
7
1
-2
0
-3
-2
-11
-10
-8
-11
6
0
-6
3
4
-2
-1
11
4
0
7
8
2
-5
-4
-4
-4
7
-6
1
5
6
4
5
15
9
3
14
6
-10
-3
-9
-8
-4
-7
-4
-7
-7
2
6
-7
1
14
1
6
7
13
2
7
16
8
20
9
14
15
10
0
-8
-9
-1
-3
-2
6
-11
-1
-3
2
4
-3
-2
1
11
4
-1
4
-5
-8
2
1
6
-1
-5
-11
-11
-9
-8
-1
-3
5
-1
-7
-1
-4
-4
3
1
-12
-2
8
-2
-11
-10
-4
-4
-4
-9
7
0
-3
8
17
13
3
10
16
18
16
26
19
26
35
25
24
31
22
26
25
5
13
2
-5
-6
-8
-14
-9
-7
-13
-6
-8
-7
10
-3
4
11
12
14
8
13
12
14
18
25
17
21
19
7
2
-15
-15
-22
-33
-25
-29
-40
-49
-46
-45
-33
-31
-33
-43
-28
-17
-27
-15
-8
2
4
6
0
13
19
16
24
26
28
22
13
13
16
10
10
-7
-7
-2
-6
-16
-17
-20
-24
-35
-35
-36
-43
-48
-46
-36
-49
-55
-54
-69
-59
-53
-45
-30
-46
-39
-34
-31
-21
-32
-15
-2
-13
-17
10
13
7
25
12
1
3
0
-12
-9
-15
-10
-5
-13
-8
-3
-5
-5
4
14
41
32
36
57
54
71
70
69
79
88
105
112
119
117
116
128
115
119
124
112
113
121
108
103
100
91
88
91
68
54
66
45
27
33
16
4
0
-20
-17
-18
-25
-28
-20
-10
-16
-10
4
11
31
45
51
74
89
100
118
136
142
138
126
117
116
99
75
47
13
-20
-65
-98
-144
-198
-234
-283
-336
-379
-409
-437
-465
-488
-488
-492
-486
-477
-461
-434
-416
-381
-357
-322
-291
-262
-234
-207
-185
-166
-146
-128
-111
-99
-89
-89
-65
-58
-47
-58
-42
-20
-26
1
13
9
29
48
71
104
121
165
210
238
258
295
324
359
401
436
463
493
535
551
577
592
613
633
625
626
636
617
601
604
578
558
528
508
490
452
414
382
350
321
298
274
246
236
214
197
198
202
199
198
218
234
250
287
311
323
344
369
389
396
387
382
370
335
272
204
116
-13
-158
-328
-498
-666
-836
-1008
-1182
-1320
-1462
-1585
-1660
-1728
-1768
-1774
-1748
-1691
-1601
-1517
-1404
-1280
-1167
-1013
-857
-716
-579
-452
-316
-194
-80
10
63
137
158
183
206
193
183
159
126
92
72
48
39
37
37
35
50
91
144
186
250
309
354
440
497
553
612
652
704
730
754
783
787
773
752
709
660
592
513
448
349
265
167
84
0
-90
-152
-224
-265
-310
-322
-334
-338
-313
-285
-253
-197
-142
-84
-14
59
138
208
275
357
439
511
568
626
685
711
737
738
745
723
702
673
617
583
526
481
450
390
355
303
266
223
180
166
135
117
99
88
81
89
70
63
86
97
105
129
154
176
226
267
309
343
377
432
475
508
534
543
577
574
554
523
452
376
251
102
-65
-258
-472
-686
-914
-1134
-1354
-1573
-1752
-1909
-2018
-2124
-2186
-2215
-2202
-2126
-2035
-1927
-1800
-1663
-1502
-1325
-1147
-977
-821
-673
-511
-364
-234
-124
-52
11
58
105
131
127
117
95
94
74
53
32
5
16
15
20
38
64
106
138
197
260
300
366
442
507
572
630
682
725
780
823
855
883
871
862
849
832
792
736
680
619
556
490
413
340
272
192
134
81
23
-33
-72
-98
-115
-103
-91
-73
-27
42
133
237
341
451
566
670
786
895
974
1053
1101
1129
1161
1154
1150
1116
1078
1042
984
913
837
755
663
577
469
378
279
180
95
7
-69
-139
-200
-234
-262
-271
-248
-229
-179
-118
-52
22
107
190
270
362
443
523
599
641
678
678
653
603
491
355
168
-68
-316
-589
-879
-1177
-1485
-1781
-2084
-2322
-2527
-2702
-2827
-2901
-2929
-2894
-2800
-2681
-2533
-2380
-2189
-1981
-1743
-1505
-1289
-1084
-871
-663
-475
-294
-158
-35
66
148
224
266
308
320
310
319
315
305
299
286
290
306
319
329
342
349
372
385
385
399
404
408
420
442
469
490
526
562
616
667
712
762
793
854
899
939
955
962
978
968
965
926
883
843
784
733
673
592
505
438
370
321
263
208
175
149
136
162
207
248
305
376
458
548
642
735
812
891
952
1002
1057
1083
1090
1093
1084
1040
1002
958
888
796
708
612
506
386
261
147
40
-70
-173
-267
-348
-402
-439
-468
-478
-454
-440
-397
-333
-267
-168
-75
35
135
231
327
420
484
512
524
496
438
332
196
33
-187
-429
-683
-967
-1258
-1568
-1857
-2109
-2349
-2553
-2727
-2854
-2930
-2969
-2948
-2891
-2798
-2682
-2534
-2345
-2131
-1922
-1721
-1505
-1305
-1086
-876
-680
-501
-347
-194
-53
71
198
294
392
472
536
591
644
699
726
750
770
784
793
787
769
747
721
682
644
607
573
543
505
492
472
473
504
535
586
640
673
749
807
878
954
1005
1062
1091
1137
1149
1146
1130
1091
1036
981
927
850
767
682
600
526
460
406
365
334
316
317
340
366
399
440
493
547
598
646
684
721
740
770
777
756
763
748
714
671
639
592
531
473
406
333
264
191
102
26
-69
-153
-232
-305
-384
-443
-494
-531
-561
-590
-600
-597
-570
-545
-480
-409
-341
-254
-148
-35
67
167
269
333
374
400
385
333
249
131
-27
-204
-401
-632
-871
-1130
-1395
-1626
-1855
-2066
-2258
-2416
-2535
-2609
-2646
-2651
-2630
-2579
-2498
-2396
-2243
-2086
-1918
-1743
-1579
-1388
-1198
-1009
-823
-647
-478
-310
-156
-5
132
257
392
510
611
689
771
836
886
920
932
940
935
899
871
826
774
724
672
617
571
555
521
496
520
538
552
583
626
671
723
775
834
893
943
994
1038
1076
1105
1128
1122
1111
1104
1064
1027
973
918
870
809
753
702
652
607
588
567
555
552
541
541
545
556
545
550
555
558
571
572
566
572
577
569
573
553
533
499
474
438
382
334
253
170
92
27
-41
-117
-191
-261
-325
-381
-412
-459
-498
-521
-529
-527
-519
-499
-457
-408
-348
-271
-177
-79
21
115
198
275
326
356
342
297
228
103
-29
-200
-376
-574
-804
-1013
-1248
-1465
-1675
-1865
-2036
-2192
-2319
-2416
-2479
-2495
-2505
-2481
-2433
-2369
-2250
-2137
-1980
-1835
-1689
-1532
-1363
-1190
-1024
-873
-726
-575
-437
-298
-182
-57
61
162
244
340
430
502
578
623
673
720
734
749
780
806
818
812
806
803
819
833
838
851
866
884
900
919
953
1002
1042
1075
1106
1157
1194
1210
1216
1200
1201
1204
1179
1129
1083
1034
992
933
873
828
805
794
744
709
686
673
661
648
647
654
665
648
640
664
681
696
693
660
666
682
680
663
630
597
551
489
443
395
329
270
187
113
51
-13
-77
-158
-218
-247
-252
-282
-319
-316
-292
-272
-268
-243
-198
-141
-87
-30
0
29
55
55
39
23
-24
-108
-238
-395
-545
-752
-996
-1247
-1498
-1706
-1890
-2086
-2253
-2392
-2482
-2544
-2599
-2623
-2621
-2583
-2522
-2449
-2374
-2289
-2183
-2099
-1967
-1795
-1583
-1381
-1184
-959
-725
-481
-308
-175
-54
103
265
422
533
625
712
750
758
789
847
893
910
877
834
784
696
536
386
302
316
369
368
363
385
469
517
488
466
583
838
1027
1096
1071
1039
994
953
958
1027
1120
1123
1052
991
976
923
835
694
630
754
875
940
922
895
893
905
917
998
1148
1251
1279
1206
1140
1112
1079
1059
1076
1121
1142
1065
936
873
928
955
871
736
630
666
722
696
587
444
344
314
344
389
425
347
177
87
160
322
440
423
346
393
552
718
787
728
577
313
-59
-423
-743
-1078
-1492
-2058
-2691
-3257
-3656
-3924
-4139
-4368
-4630
-4864
-5019
-4994
-4803
-4579
-4420
-4325
-4117
-3662
-3058
-2450
-1956
-1576
-1162
-640
-42
530
944
1186
1294
1373
1541
1776
1956
1980
1898
1783
1768
1803
1784
1674
1477
1275
1041
850
704
507
218
-117
-402
-567
-643
-712
-847
-1035
-1155
-1144
-985
-766
-604
-530
-444
-292
-23
352
693
946
1092
1178
1356
1602
1785
1867
1817
1769
1771
1750
1682
1540
1326
1107
970
901
869
770
650
560
528
614
726
829
908
1019
1184
1401
1602
1727
1812
1907
2089
2301
2446
2470
2409
2334
2310
2344
2346
2253
2041
1790
1595
1461
1296
1088
853
584
377
245
142
74
13
-60
-91
-123
-140
-88
-78
-152
-414
-911
-1491
-1929
-2203
-2481
-2915
-3615
-4401
-4954
-5115
-4999
-4980
-5263
-5707
-5998
-5904
-5426
-4898
-4603
-4571
-4506
-4043
-3244
-2325
-1556
-1044
-736
-335
275
961
1513
1763
1855
1928
2083
2275
2366
2310
2216
2160
2098
1953
1713
1466
1250
1112
953
665
201
-297
-560
-571
-532
-696
-1094
-1559
-1839
-1804
-1585
-1423
-1516
-1716
-1758
-1530
-1087
-617
-318
-185
-5
360
876
1330
1637
1861
2041
2258
2454
2548
2531
2476
2446
2414
2314
2134
1903
1673
1518
1459
1375
1146
854
686
732
951
1130
1169
1150
1190
1446
1823
2152
2305
2278
2219
2261
2436
2615
2706
2657
2567
2587
2639
2615
2438
2188
2029
1933
1780
1486
1097
732
567
591
603
507
254
40
119
358
574
354
-483
-1553
-2219
-2311
-2449
-3086
-4215
-5422
-6042
-5829
-5392
-5526
-6417
-7385
-7652
-7098
-6131
-5499
-5624
-6099
-5946
-4759
-3166
-2029
-1661
-1710
-1482
-543
825
1915
2173
1970
1919
2221
2747
3199
3273
2892
2459
2373
2476
2444
2209
1923
1585
1126
645
162
-283
-495
-432
-524
-985
-1572
-1828
-1682
-1463
-1454
-1808
-2428
-2783
-2379
-1507
-884
-813
-1045
-1156
-735
163
1021
1249
948
821
1318
2204
2937
3130
2688
2126
2038
2469
2809
2615
2037
1463
1263
1492
1805
1753
1267
746
578
762
1056
1291
1389
1385
1507
1826
2153
2322
2375
2441
2531
2640
2733
2800
2853
2917
2995
2981
2795
2545
2335
2205
2121
1937
1592
1210
922
832
848
772
581
275
-14
-33
192
427
503
268
-351
-1234
-1906
-2194
-2585
-3369
-4452
-5501
-5988
-5776
-5412
-5610
-6595
-7527
-7627
-7020
-6240
-5808
-5901
-6151
-5712
-4359
-2880
-2001
-1802
-1765
-1370
-369
993
1995
2204
2047
2197
2670
3149
3419
3301
2786
2289
2195
2362
2372
2147
1804
1348
834
470
199
-199
-629
-873
-1021
-1292
-1533
-1522
-1454
-1575
-1814
-2125
-2367
-2264
-1811
-1258
-983
-940
-772
-440
-8
549
1002
1051
990
1288
1918
2564
2939
2841
2400
2077
2128
2353
2249
1744
1244
996
1018
1326
1526
1213
651
279
257
534
891
1085
1098
1156
1551
2198
2623
2681
2614
2513
2521
2845
3198
3254
3199
3158
3146
3153
3095
2928
2580
2140
1930
1882
1601
1299
1168
884
563
478
295
32
-47
70
364
563
655
589
-55
-1128
-1898
-2375
-3179
-4133
-4938
-5794
-6240
-6066
-5942
-6324
-7165
-7695
-7572
-7253
-6822
-6280
-5984
-5726
-4743
-3315
-2297
-1727
-1287
-796
-79
900
1958
2649
2816
3094
3641
3855
3669
3387
2937
2395
2173
2240
2078
1610
1180
902
500
-137
-706
-1243
-1813
-2033
-1919
-1932
-2143
-2166
-1980
-1894
-1944
-2002
-2115
-2143
-1788
-1046
-438
-140
228
608
986
1463
1881
2083
2062
2229
2744
3173
3320
3285
2954
2358
1977
1776
1410
877
376
137
117
221
355
281
-134
-452
-269
78
423
886
1291
1680
2251
2935
3555
3830
3769
3799
4005
4164
4310
4388
4189
3937
3789
3586
3238
2651
2056
1759
1514
1080
752
495
-6
-384
-486
-631
-861
-1003
-856
-467
-212
66
295
-322
-1502
-2294
-2932
-3925
-4763
-5258
-5824
-6357
-6413
-6229
-6403
-6998
-7290
-7185
-7288
-7010
-5995
-5102
-4489
-3511
-2382
-1668
-1098
-259
559
995
1401
2282
3123
3445
3773
4018
3586
2942
2612
2188
1492
1024
922
721
233
-96
-225
-700
-1424
-1903
-2253
-2653
-2616
-2132
-1845
-1785
-1514
-1145
-1029
-1035
-938
-780
-626
-159
730
1445
1774
2143
2427
2360
2293
2371
2366
2224
2231
2464
2561
2415
2175
1711
855
37
-373
-692
-1039
-1119
-962
-822
-575
-243
-26
74
266
759
1319
1882
2711
3655
4339
4850
5358
5594
5530
5450
5325
5014
4737
4592
4342
3854
3208
2588
1850
908
200
-258
-774
-1078
-1021
-1056
-1272
-1348
-1275
-1188
-1164
-941
-419
19
522
1210
1310
420
-893
-2091
-3270
-4384
-5005
-5423
-6034
-6491
-6413
-6177
-6319
-6657
-6873
-7203
-7282
-6301
-4701
-3473
-2704
-1938
-1202
-549
304
1183
1608
1685
2100
2926
3522
3699
3570
2845
1623
571
-136
-796
-1525
-1991
-2153
-2231
-2184
-2038
-2143
-2629
-3048
-2933
-2416
-1610
-549
468
1248
1895
2536
2804
2480
1895
1522
1609
2121
2751
3087
2850
2233
1653
1115
416
-313
-942
-1319
-1225
-713
-229
-222
-702
-1390
-1836
-1880
-1576
-990
-404
199
1161
2244
2970
3256
3225
3132
3385
4036
4850
5464
5624
5567
5543
5364
4908
4319
3525
2751
2394
2400
2466
2255
1736
1104
474
-7
-241
-346
-534
-540
-89
489
929
1186
1004
505
351
770
1484
2111
2537
2870
3056
2900
1940
-567
-4503
-8227
-10395
-11040
-10728
-10187
-10117
-10249
-9650
-8196
-6627
-5657
-4916
-3549
-1151
2246
5730
7636
7320
5693
3964
2766
1944
1103
8
-1265
-2309
-2939
-3716
-5395
-7788
-9913
-10785
-9930
-7736
-5032
-2489
-309
1882
4104
5675
6301
6368
6418
6851
7618
8018
7303
5327
2622
-45
-2491
-4774
-6562
-7721
-8113
-7331
-5728
-4262
-3292
-2579
-1657
-94
2026
4174
5868
6964
7782
8503
8513
7389
5374
2817
452
-971
-1777
-2631
-3705
-4827
-5560
-5563
-4900
-3799
-2478
-1045
932
3594
6191
8030
8997
9064
8738
8635
8572
8302
7475
6036
4625
3337
1883
410
-1058
-2517
-3484
-3536
-3005
-2382
-1873
-1390
-716
123
1155
2408
3306
3655
4109
4830
5543
6017
6091
5643
4695
3571
2212
-257
-4344
-9227
-13234
-15357
-15726
-14863
-13803
-13027
-11704
-9192
-5783
-2611
-480
1111
2864
5255
8098
10163
10200
7973
4597
1523
-827
-2677
-4492
-6508
-8196
-8985
-8770
-8308
-8443
-8991
-9146
-8023
-5340
-1785
1714
4587
6783
8630
9974
10281
9272
7308
5219
3509
2383
1345
-289
-2532
-5009
-6939
-7973
-8731
-9052
-8532
-7481
-5156
-1634
1760
4476
5999
6691
7329
7816
8043
7884
6959
5629
4423
3085
1192
-1463
-4487
-6980
-8277
-8229
-7272
-5923
-4350
-2662
-596
1765
3696
5094
6271
7285
8459
9713
10142
9595
8242
6367
4805
3536
2152
792
-572
-1570
-1771
-1548
-1310
-1350
-1582
-1587
-1080
74
1305
2314
3326
4193
5244
6277
6505
6271
5866
5368
5293
5350
5019
4315
3101
1261
-1713
-6199
-11605
-16457
-19064
-19158
-17324
-14479
-11783
-9067
-5698
-1967
1590
3958
5047
6134
7653
9621
11382
11216
8418
3825
-1040
-4995
-7900
-9940
-11412
-12312
-11931
-10309
-8239
-6455
-5652
-5381
-4451
-2359
681
4035
6961
9130
10650
11286
10544
8298
5037
1554
-1346
-3155
-4189
-4921
-5454
-5833
-5941
-6079
-6436
-6014
-5214
-4391
-1813
1246
3304
5682
7188
7137
6869
5793
4323
3038
1714
1402
1470
868
257
-898
-2816
-4289
-5099
-5487
-5365
-4479
-3039
-1251
1006
2876
3821
4372
4574
4785
5619
6524
6879
7043
7037
6483
5815
5148
3833
2298
1002
-20
-324
-429
-574
-516
-958
-1470
-1232
-947
-350
1051
2438
3904
5474
6417
6781
6882
6634
6187
5736
5306
4914
4459
3863
2158
-1427
-6592
-12835
-17964
-19953
-19655
-17689
-14450
-11178
-7224
-2376
2212
5878
7206
6885
7319
8241
9381
10479
9243
5434
626
-4268
-8286
-11290
-13727
-15296
-15254
-13294
-9751
-5676
-2416
-608
233
1051
2421
4087
5659
7184
8484
9429
9737
8542
5552
1478
-2577
-5730
-7826
-8743
-8614
-7884
-6383
-4512
-2985
-1961
-1385
-588
853
2571
4466
6170
7160
7479
6965
5619
3428
500
-2092
-3567
-3854
-3021
-1850
-1191
-972
-1013
-1171
-1271
-1581
-2188
-2597
-2280
-1001
781
2256
3097
3313
3188
3543
4383
5099
5717
6165
6435
6823
7138
6628
5156
3144
992
-742
-1785
-2318
-2566
-2678
-2318
-1432
-534
475
1494
2306
3493
5029
6443
7640
8302
8482
8276
7615
6869
5733
4233
2828
531
-3205
-7860
-13355
-18149
-20370
-20318
-18503
-15350
-11386
-6512
-910
4682
9176
11219
10882
9926
9148
8373
7426
5329
1475
-3068
-7252
-10608
-12896
-14691
-15867
-15438
-13138
-9227
-4423
-36
3097
4992
6054
6723
6939
6581
5922
5257
4892
4560
3525
1473
-1338
-4195
-6408
-7766
-8204
-7748
-6472
-4062
-948
1760
3493
3980
3364
2589
1964
1171
613
411
356
792
1570
1734
970
-140
-787
-542
399
1576
2367
2352
2076
1770
828
-910
-3276
-5798
-7376
-7149
-5400
-2924
-268
2322
4632
6744
8725
9856
9852
9284
8470
7687
7063
5984
4100
1639
-956
-3164
-4812
-5685
-5658
-5029
-3575
-1026
1791
4214
6165
7624
8541
8777
8627
8230
7558
6895
6277
5885
5619
4640
2683
-813
-6601
-13715
-19956
-23124
-22905
-20573
-16611
-11452
-5817
480
6952
11729
13460
12341
10277
8741
7584
6320
4166
557
-3891
-8064
-11257
-13533
-15421
-16536
-15886
-12932
-8019
-2400
2628
6139
7989
8748
8581
7278
5193
2943
1222
743
1148
1007
-355
-2288
-4097
-5418
-6123
-6374
-6236
-5267
-2897
515
3791
5788
6035
4869
3309
1968
243
-1840
-3175
-3745
-3665
-2198
-319
485
524
802
1756
3038
4204
4873
4545
3651
2827
1584
-407
-3235
-6698
-9382
-10109
-9046
-6662
-3444
143
3890
7649
11078
13243
13368
12143
10361
8233
6366
4567
2104
-551
-2705
-4236
-5100
-5642
-5871
-5419
-4046
-1315
2259
5633
8520
10364
11159
11435
10812
9558
7836
5519
4067
3842
3630
2703
-295
-6075
-13507
-20245
-23386
-23252
-21803
-18214
-12372
-5491
2674
10891
16146
17018
14502
11072
8191
5621
2870
-558
-4501
-7982
-10514
-12191
-13288
-14429
-15332
-14374
-10708
-5414
58
4952
8502
10458
11433
11162
8942
5319
1293
-1990
-3448
-3375
-3344
-4155
-4834
-4595
-4102
-3613
-3156
-3036
-2312
-192
2817
5664
6869
6147
4489
2547
882
-1025
-3482
-4991
-5240
-4641
-2503
231
1770
2265
2714
3540
4266
4485
4173
3102
1801
840
-212
-1696
-3922
-6759
-8820
-9133
-7766
-5237
-2199
1250
5170
9127
12521
14407
14008
11946
9180
6365
3960
1592
-1170
-3654
-5183
-5814
-5647
-5141
-4559
-3601
-1790
1049
4354
7478
9786
11096
11760
11490
10523
9183
6998
4689
3388
2928
2657
1480
-1669
-7032
-14329
-20639
-23008
-22964
-21726
-17846
-11725
-4488
3957
12241
17547
18211
15458
12032
8790
5236
1493
-2543
-6682
-9865
-11836
-12775
-13138
-13873
-14434
-13067
-9420
-4483
595
5048
8599
10915
11926
11481
9102
5185
1019
-2279
-3866
-3956
-4196
-4991
-4886
-3778
-2744
-2076
-1870
-1977
-1627
-122
2542
4906
5418
4528
3383
2243
760
-1190
-3178
-4744
-5433
-4487
-2169
138
1776
2768
3437
4239
4977
4946
3881
2171
445
-898
-2041
-3386
-5166
-7345
-8673
-8041
-6214
-3907
-979
2394
6084
10124
13607
15253
14637
12382
9576
6813
3966
832
-2227
-4609
-5833
-5766
-4956
-4006
-3085
-2104
-260
2793
5684
7730
9492
10912
11936
12626
12512
11194
8806
6371
4399
1477
-3652
-11392
-20144
-25469
-26437
-25704
-22981
-17887
-11845
-4197
5732
15221
20433
20443
18167
15561
12041
7819
2922
-3132
-9273
-13804
-16032
-16484
-16720
-17343
-16898
-13945
-8844
-3139
2209
6788
10245
12645
14218
14232
11758
7327
2525
-1180
-3275
-4995
-7518
-9454
-9419
-8015
-5952
-3879
-2431
-1274
361
3331
6779
8264
7690
6458
4860
3254
1393
-1503
-4383
-6221
-6864
-5687
-3267
-1355
-343
890
3094
5487
6831
6641
5122
3200
1659
236
-1431
-3761
-6986
-9569
-9968
-8773
-6933
-4707
-2005
1718
6283
10794
14320
15852
15110
13127
10924
8413
5275
1624
-1852
-4397
-5612
-5637
-5182
-4639
-3817
-2090
684
3499
6039
8560
10611
12371
14278
15622
15620
13809
10138
4699
-4046
-15404
-24034
-28162
-30606
-30509
-26069
-19449
-11626
-1393
9759
17710
20394
20012
19204
17522
14038
9324
3818
-2559
-9116
-14218
-17240
-19553
-21851
-22712
-20761
-16021
-9827
-3294
3459
9532
13849
16659
17659
16280
12938
8215
3751
984
-1813
-5978
-9678
-11484
-11884
-11620
-10769
-9262
-7313
-4484
205
5784
9877
11699
12025
11763
10868
8220
3761
-705
-4269
-6988
-7819
-6734
-5617
-4897
-3476
-991
2020
4379
5401
5630
5521
5068
4524
3742
1703
-1918
-5720
-8076
-9120
-9615
-9275
-7426
-4078
418
5808
10913
14039
15066
14818
13686
11819
9110
5585
2172
-222
-1871
-2903
-3302
-3787
-4248
-3818
-2333
37
2929
5692
8584
11813
14575
16232
16173
13691
7404
-3596
-14996
-21515
-25441
-28977
-28707
-24855
-20040
-12647
-2072
7855
13306
14631
15430
16665
16351
14270
11078
6668
1147
-4565
-9024
-12751
-17571
-22160
-23832
-22270
-18304
-13165
-7416
-888
5339
10640
14943
16941
16449
14182
10818
8303
6624
3094
-2184
-6614
-9321
-10921
-12154
-13000
-13001
-12018
-9096
-3547
2640
6870
9193
11173
12989
13079
10708
7121
3240
-657
-3211
-3642
-3729
-4442
-4766
-4143
-2459
-270
932
1079
1450
2135
2858
3794
4157
2690
-106
-2297
-3179
-3962
-5146
-5549
-4695
-2758
711
5118
8734
10775
11499
11613
11462
10548
8583
5859
3275
1867
1067
518
544
-242
-1374
-700
888
2282
3800
5228
6837
8503
9339
7465
58
-9241
-14094
-16805
-19673
-19677
-18023
-16033
-10949
-2737
5191
9169
8953
8311
8842
8749
7489
5485
2727
-693
-3734
-5026
-6094
-9196
-13049
-15267
-15158
-13247
-10740
-7913
-4239
-333
3545
7243
9258
9430
8427
6593
6071
6745
5052
1373
-1451
-3226
-4578
-6272
-8356
-10256
-12043
-11310
-6460
-1588
1179
3814
6238
8198
10057
10013
7481
4470
1989
422
381
788
-96
-1554
-1760
-755
462
1058
420
-658
-910
-264
887
1529
289
-1888
-2833
-2489
-1812
-1383
-1321
-705
1233
4258
7725
10017
10046
9002
8454
8448
7725
5917
4279
3177
2383
2669
3722
4006
3341
3159
4247
5773
6625
6275
5268
2831
-4549
-13116
-15563
-16958
-20835
-20278
-16178
-12870
-7428
760
8429
12154
11210
10233
10624
9158
6216
3322
275
-3136
-6540
-8189
-8931
-11367
-14286
-15426
-14125
-11514
-9348
-6416
-2143
1529
4887
7682
8414
8257
7093
4897
4602
5229
3301
48
-2023
-2943
-3452
-4786
-6911
-9073
-11391
-11180
-7139
-3448
-968
1938
4108
6637
9739
10092
8115
6030
3793
2030
1526
1536
426
-1627
-2306
-1456
-546
-128
-491
-733
-71
776
2020
2958
1661
-554
-1527
-1860
-2355
-2984
-3173
-2165
-20
3165
7013
9684
10295
10296
10233
9717
8945
7534
5852
5188
5172
5579
6296
6143
5267
4729
5200
5762
4869
2371
-4629
-14939
-18628
-17409
-19095
-18751
-15599
-13590
-8075
1344
9689
14048
12672
10157
10340
9697
7289
4035
-441
-4707
-7850
-9047
-9019
-10817
-13616
-14810
-13454
-9923
-7166
-5307
-2204
660
3483
6659
7396
6518
5234
2949
2491
3879
3248
584
-1987
-2716
-1763
-2355
-4814
-6947
-9064
-9705
-7058
-3979
-2278
-1331
-378
2725
6332
6575
5048
4055
3208
2938
3872
5011
4033
1440
576
1102
1281
756
-1428
-3496
-3318
-2527
-1641
-522
-1190
-3322
-3920
-2291
-626
-271
-53
1326
3847
7153
10498
12233
11722
10063
8373
6981
5520
3331
1028
-11
75
1085
2764
3868
4592
5552
6934
9164
10463
9431
4384
-5918
-13192
-13970
-16924
-20033
-18712
-18056
-15602
-7548
1523
7723
8759
7569
9331
11254
10774
9359
6804
3288
-265
-2333
-3156
-6392
-11739
-15518
-16392
-14862
-13039
-11248
-7997
-4558
-547
4704
7545
7894
7787
6473
6234
8082
8275
5748
2150
-327
-882
-2409
-5909
-9496
-12711
-14496
-12660
-7761
-3669
-2179
-141
3873
7375
9064
8724
6736
4990
4415
4487
4976
4209
904
-2037
-2605
-2321
-2356
-3286
-4170
-3105
-998
1314
3772
4000
1572
-438
-593
-281
-903
-1848
-1688
71
3338
7169
9936
10433
9308
8678
9052
9365
8673
6987
5833
6087
6762
7349
7634
6837
5139
3876
3745
693
-9061
-17935
-19885
-21034
-21361
-17353
-14049
-11623
-5893
2702
11241
13979
11328
10293
10434
9276
7815
5397
1367
-3919
-7725
-8156
-9221
-13013
-16567
-17474
-15316
-12051
-8950
-5235
-2013
598
4116
6919
7854
7385
5472
4822
6604
7715
6577
3661
839
-891
-3012
-5104
-7809
-12074
-13689
-11399
-7797
-3463
-652
-37
1754
5019
6696
5905
5046
4457
3310
4157
6470
6095
3487
1168
-526
-1211
-1489
-2717
-3845
-3628
-2546
-417
2341
3124
902
-1892
-2637
-2304
-2600
-2413
-1135
638
3689
8384
12460
13549
12739
11833
10928
10620
9956
7736
6065
5614
5303
5585
5892
5222
3875
2801
2391
-1445
-10657
-16987
-17718
-18948
-18324
-14128
-11679
-9317
-3632
3556
9216
9944
7911
7803
8388
8149
7610
6201
2947
-1737
-4501
-5053
-7918
-12787
-15935
-16539
-15257
-13009
-10012
-6698
-4149
-1536
1775
4135
5093
5100
4830
6179
8670
9863
9039
6974
4748
2517
-173
-3636
-8204
-12132
-13424
-12204
-8716
-5626
-5196
-4166
-1257
981
2485
3797
4399
4736
6103
8740
10471
9511
6709
3422
798
-687
-2274
-4178
-5261
-5419
-4436
-2138
6
-63
-2272
-3899
-3774
-3413
-2713
-1150
326
2423
6235
10307
12713
13120
12248
11306
11096
10893
9727
8168
6962
6167
6012
6049
5369
3716
1717
617
-1783
-8647
-14740
-16189
-17398
-16823
-12604
-9933
-8092
-4028
934
5502
7058
5655
5051
5587
6118
6591
6376
4524
922
-2123
-3258
-5392
-9321
-12265
-13445
-13239
-11691
-9846
-8106
-6444
-4967
-3199
-1712
-512
663
1577
3907
7675
10358
11092
10557
9367
7408
4775
1500
-2892
-7258
-10236
-10602
-8529
-7859
-8547
-7686
-6322
-4389
-1510
404
1803
3926
6459
9560
12076
11687
9118
6519
4241
2066
-73
-2289
-4281
-5524
-5383
-4217
-3346
-3600
-4777
-5282
-4296
-2672
-815
1065
3138
5527
7970
10546
12030
11424
10053
9351
9476
9389
8732
8188
7375
6506
6255
6241
5923
4474
2531
1091
-2384
-8484
-12798
-14854
-16763
-16154
-13680
-12149
-9454
-5292
-1056
2846
4282
4262
5181
6010
6890
7806
7251
5340
2745
289
-1850
-4855
-8268
-10845
-12408
-12564
-11752
-10745
-9606
-8690
-7361
-5306
-3856
-2329
-316
1507
4802
8759
10480
10547
9580
7582
5895
3819
684
-2392
-5329
-7117
-6216
-4582
-4598
-5691
-6309
-5711
-4444
-2881
-1048
705
2803
5523
8365
10228
9469
7022
5052
3461
2031
989
-92
-985
-1453
-1613
-1393
-1817
-3649
-5626
-6178
-5261
-3853
-2215
133
2418
4309
6761
8837
9525
9331
8855
9047
9643
9727
9650
9232
8276
7369
6651
6054
4828
2913
1369
-667
-4495
-9139
-12882
-15361
-16455
-15541
-13421
-11283
-8500
-4602
-832
1883
3498
4288
4966
5964
7080
7681
6984
5046
2860
779
-1713
-4886
-7943
-10102
-11115
-10900
-10255
-9574
-8939
-8513
-7499
-6207
-5361
-4158
-2346
308
3670
6635
8723
9160
8567
8091
6697
4601
2252
-773
-2956
-3675
-3650
-3431
-4276
-5540
-5797
-5437
-4477
-3213
-2094
-309
2012
4530
7041
8063
7566
6693
5832
5300
4611
3567
2617
1606
970
717
-161
-1621
-3425
-4695
-4738
-4339
-3602
-2545
-1295
668
2950
5209
7170
8171
9126
10516
11532
11974
11842
11131
10161
9125
8050
6792
5079
3114
1644
731
-1118
-4418
-7731
-10991
-13566
-13686
-12821
-12046
-10653
-8877
-6042
-2930
-1106
315
1045
1134
2534
4473
5283
4880
3762
2603
980
-818
-2378
-4689
-6794
-7454
-7365
-7091
-7459
-8447
-8800
-8887
-8582
-7508
-6825
-5905
-3790
-880
2598
5004
5735
6435
6795
6670
6752
5904
3733
1742
817
237
-570
-1952
-4152
-5747
-5924
-5560
-4679
-3599
-2792
-1258
1236
3417
4608
4990
4941
4946
5243
5568
5575
5072
3920
2799
2067
943
-696
-2195
-3248
-3621
-3133
-2201
-1113
-100
894
2482
4070
5165
6286
7013
7465
8488
9293
9219
8842
8216
7448
6906
6541
5973
5003
4169
3530
2536
614
-1987
-4206
-6758
-9213
-9713
-10081
-10829
-9844
-8445
-7569
-6217
-4993
-4124
-3139
-1842
-36
1524
2562
3373
3619
3522
2886
1296
-156
-1459
-2878
-3435
-3761
-4552
-5417
-6244
-6680
-7280
-8250
-8306
-7904
-7314
-5374
-2957
-1292
196
1856
3117
3837
4331
4265
3776
3671
3669
3678
3637
2812
1723
811
-178
-1004
-1805
-2415
-2488
-2173
-1430
-688
-372
-167
94
529
1039
1397
1803
2077
2381
2959
3095
2918
2643
1800
1177
1220
998
512
467
566
744
1454
2054
2075
2335
2864
3017
3533
4188
3974
3997
4408
4559
4945
5062
4922
4927
4591
4736
5165
4937
4840
4588
4147
3728
2457
1082
-277
-2178
-3372
-4255
-5615
-6573
-7267
-7780
-7921
-8060
-7858
-7428
-6977
-5742
-4184
-3029
-1824
-1012
-741
-377
-249
-324
-448
-774
-954
-1126
-1533
-2110
-2838
-3624
-4434
-4853
-4834
-4934
-4814
-4110
-3392
-2895
-2552
-2394
-2278
-1927
-1277
-503
387
1142
1782
2608
3152
3236
3150
2705
2278
2230
2164
2166
2350
2384
2260
1971
1524
998
345
-117
-223
-318
-369
-215
104
469
602
853
1243
1272
1236
1422
1706
1848
1792
1983
2274
2302
2401
2580
2606
2494
2374
2429
2401
2171
2184
2394
2639
3018
3331
3684
4049
4012
4067
4125
3666
3489
3440
3135
3087
2740
2179
1837
993
-120
-1146
-2437
-3526
-4113
-4608
-4924
-5093
-5302
-5195
-4900
-4783
-4714
-4620
-4540
-4323
-3864
-3133
-2648
-2409
-1950
-1815
-1865
-1805
-2107
-2321
-2289
-2426
-2281
-1901
-1838
-1838
-1830
-2148
-2549
-2717
-2720
-2651
-2507
-2158
-1614
-1145
-576
-33
215
432
416
358
681
885
1083
1439
1526
1700
1947
2039
2157
2089
1880
1807
1595
1349
1293
1007
658
643
659
541
500
506
418
376
461
507
635
855
1147
1705
2286
2537
2647
2780
2664
2322
2091
1882
1676
1626
1744
1967
2070
2033
1974
1819
1579
1506
1573
1583
1797
2204
2444
2636
2613
2185
1801
1360
763
413
120
-364
-689
-737
-906
-1025
-873
-917
-1019
-960
-1122
-1133
-1185
-1700
-1896
-2016
-2476
-2602
-2641
-2843
-2747
-2688
-2610
-2278
-2160
-1997
-1516
-1197
-1025
-848
-799
-800
-918
-1032
-1181
-1510
-1713
-1845
-1969
-2049
-2329
-2616
-2756
-2960
-2903
-2575
-2319
-1904
-1409
-922
-318
60
275
555
611
636
873
956
931
948
824
630
457
209
-119
-428
-585
-647
-568
-287
-97
88
478
815
1065
1350
1660
1948
2241
2476
2663
2763
2657
2694
2780
2490
2214
1949
1470
1335
1388
1205
1062
825
594
604
616
671
708
573
517
735
920
986
1008
891
810
775
698
753
583
232
309
351
134
108
-114
-505
-499
-420
-592
-724
-691
-711
-688
-356
-63
-136
-56
237
248
197
138
-125
-279
-275
-349
-421
-401
-444
-536
-432
-347
-765
-1248
-1384
-1607
-1897
-1815
-1722
-1832
-1528
-1141
-924
-506
-547
-715
-560
-723
-734
-508
-517
-386
-348
-382
-292
-654
-1126
-1298
-1377
-1349
-1234
-1087
-832
-601
-340
10
51
-8
176
283
324
573
811
827
867
966
1046
997
880
699
460
596
772
732
923
810
693
1066
944
792
912
485
330
603
548
548
378
46
39
-119
-539
-442
-476
-979
-435
-163
-238
308
147
369
603
176
601
401
35
569
403
696
782
401
862
445
335
895
306
25
53
-254
-152
-2
-162
3
200
100
458
563
194
26
-89
-166
-338
-247
-295
-586
-231
-268
-379
49
-539
-382
-22
-592
151
310
-62
374
190
208
-30
-456
-344
-727
-818
-680
-831
-745
-728
-577
-487
-583
-480
-530
-84
155
191
775
806
857
1093
1125
1114
933
789
587
414
182
147
-90
-536
-284
-691
-834
-227
-722
-51
697
126
1062
1087
622
1544
840
672
858
-278
22
-79
-786
-553
-1114
-1405
-952
-1043
-788
-535
-664
-311
-98
130
309
334
404
216
519
720
409
477
392
44
-63
-204
-392
-612
-742
-655
-639
-452
-414
-492
-222
-380
-398
-30
-173
-391
-122
-21
-301
-130
-10
-240
-242
22
253
87
235
541
429
446
426
50
-150
-318
-692
-747
-777
-842
-1054
-840
-482
-702
-363
-3
-352
-217
310
297
431
828
693
653
665
725
589
283
477
337
295
743
526
529
706
461
452
328
-63
-160
-306
-244
-133
-335
-338
-85
189
341
690
832
841
1043
1158
1368
1050
989
869
401
584
221
-138
-246
-725
-883
-985
-1031
-967
-961
-722
-437
-278
73
395
415
418
877
984
468
733
399
-43
-59
-461
-726
-1223
-1313
-1416
-1481
-982
-1325
-1045
-525
-549
-85
205
140
115
331
428
221
381
235
-23
432
290
334
427
-79
390
-195
-211
101
-600
-364
-671
-760
-397
-907
-455
-766
-897
-131
-707
-121
115
-226
681
527
574
1065
683
954
908
627
667
415
243
47
81
-109
-218
-200
-372
-177
-347
-319
-233
-658
37
16
-137
656
289
507
959
607
733
927
300
649
486
188
580
112
73
-40
-172
-132
-118
-298
-315
-135
-227
-88
136
141
-153
186
49
-114
121
-368
-262
-228
-342
-193
-167
-185
-429
-238
-311
-187
-449
-360
15
-502
-48
186
-397
-1
-116
-498
-127
-468
-632
-148
-471
-124
133
-51
71
490
282
391
677
-119
380
47
-436
351
-488
-573
-112
-1019
-397
-508
-996
-222
-743
-543
24
-93
-35
620
593
653
1176
563
724
769
343
546
133
-124
95
-721
-95
-610
-690
-273
-1050
-123
-167
-257
626
-213
542
612
50
827
70
257
433
67
534
117
477
318
99
624
5
305
177
-127
237
-170
483
-104
125
445
-432
186
-216
-778
-21
-817
-661
-84
-707
167
123
138
347
279
416
105
375
281
76
376
3
296
62
-46
-191
-456
-285
-756
-504
-561
-577
-48
-252
142
225
-217
508
1
-171
540
-319
110
-124
-81
282
-575
278
-447
-390
381
-539
337
44
231
180
356
431
22
812
170
341
442
-68
355
19
-393
340
-730
161
-25
-428
558
-604
237
51
-400
775
-221
5
621
-382
626
-13
-316
41
-408
-516
-405
-317
-620
-262
-63
-257
-33
466
-376
579
195
23
1046
-300
798
402
-34
759
-504
14
-254
-953
-123
-813
-526
-463
-573
78
-307
-187
165
-406
54
-114
-68
206
-99
632
240
570
612
252
604
139
139
133
-245
194
-526
-92
58
-728
309
-512
-664
269
-923
10
30
-821
835
-201
117
980
57
957
577
358
871
279
317
266
-245
74
-166
-262
-161
-159
-329
117
-307
-315
126
-311
31
74
12
396
333
87
593
97
257
200
-114
8
-343
-174
-195
-409
-441
33
-397
28
-113
-196
150
-127
-218
152
-244
-456
358
-814
388
95
-281
939
-169
561
541
-140
469
-148
-113
103
-661
-263
-327
-759
-255
-703
-518
-369
-474
-383
-27
-215
-294
688
-218
418
859
-293
1276
414
201
970
-173
308
-119
-56
-299
-355
-346
-421
36
-868
288
-295
-824
764
-566
-193
828
-320
77
1007
-233
498
834
-478
1011
98
279
441
-79
393
201
314
106
585
57
271
302
51
15
-156
-239
-627
172
-651
30
-13
-294
233
-10
356
3
134
284
136
241
349
193
228
357
-428
184
-173
-631
-289
-576
-788
-602
-317
-881
-96
-420
-131
421
-114
720
230
683
753
0
729
357
-420
265
-200
-735
-239
-696
-739
-604
-660
-697
-492
-335
-309
28
436
234
509
766
370
873
705
262
904
-14
11
561
-806
-12
-154
-940
-84
-759
-440
-70
-489
259
-500
287
224
-500
932
-424
307
570
-447
770
-130
114
624
-230
64
60
58
-296
262
157
-435
406
-115
-462
686
-575
8
322
-836
996
-422
240
741
-988
1210
-191
-409
1050
-880
647
101
-516
615
-499
141
74
62
236
-51
114
42
-266
90
-74
-553
93
-472
38
73
-393
94
-102
-24
476
-132
348
831
-268
845
491
-534
771
-476
-189
83
-871
112
-661
-575
-132
-555
-256
163
-588
292
726
-482
943
592
-106
781
318
-115
508
-141
-66
104
-509
68
-402
-355
16
-612
-121
176
-342
312
259
-24
228
204
30
-163
188
-202
-106
205
-359
-95
-135
-305
-123
-169
-159
-21
-34
105
205
-66
73
191
-322
363
175
-440
610
-502
-427
247
-954
-371
-33
-698
166
150
-334
730
-124
331
559
-359
591
69
-64
610
-102
-90
290
-366
-122
18
-318
8
-295
97
229
-58
538
191
405
541
294
469
137
281
187
-450
309
-192
-693
468
-484
-727
307
-512
-446
163
-503
139
299
132
653
155
477
660
-33
471
154
-433
405
-341
-416
305
-769
-109
-160
-648
510
-375
-330
842
-400
28
853
-403
156
618
-411
316
316
-670
178
-119
-732
145
-376
-442
146
-131
-210
343
-140
-191
312
-441
155
240
-452
376
-251
-318
367
-920
-3
66
-1181
650
-387
-760
1009
-739
199
836
-728
699
225
-688
657
-372
-418
702
-530
-214
722
-389
140
566
-561
195
523
-572
527
395
-344
536
-28
26
214
-28
221
-192
-106
108
-478
0
-319
-409
188
-334
-155
203
19
-198
129
174
-184
186
375
156
467
518
59
271
119
-279
256
-36
-238
197
-460
193
37
-652
322
4
-555
604
258
-451
670
-56
-457
328
110
-418
6
346
-555
-27
370
-759
-25
433
-425
251
466
-322
194
150
-407
77
-186
-606
-186
-212
-481
-194
-281
-466
18
-75
-454
274
189
-293
599
137
-103
684
28
-15
413
-113
-80
142
-248
-280
-73
-305
-214
41
-93
61
370
248
198
421
202
-8
280
137
-215
254
81
-376
65
49
-342
-66
-189
-300
79
-31
-110
-11
124
-207
-66
173
-162
206
157
-100
405
27
-140
485
-103
177
595
-41
292
301
-49
-120
-5
-188
-154
127
-62
106
-28
-58
-32
-167
-9
-156
10
62
-151
-102
-81
-182
20
-72
72
177
-100
63
-37
-266
-23
-156
-369
15
-130
-285
-102
-222
-393
-309
-200
-311
-134
-16
-100
57
104
-93
66
28
-1
118
19
-34
-29
50
-21
-33
-66
-132
7
-108
-55
-40
-22
18
170
276
181
433
395
299
338
208
113
97
-33
-90
-88
-141
-148
-100
-176
31
109
111
271
273
299
330
345
189
307
370
230
213
80
3
-48
-40
32
116
294
301
336
447
379
320
387
497
349
400
315
40
216
108
-47
177
-28
-87
-45
-322
-408
-424
-492
-351
-294
-298
-193
-318
-202
-317
-419
-361
-419
-315
-214
-92
-146
-105
-175
-196
-61
77
60
200
304
136
396
257
183
381
272
337
379
271
161
-42
-157
-192
-252
-260
-319
-390
-521
-769
-833
-1011
-1138
-1166
-1292
-1325
-1362
-1358
-1284
-1449
-1532
-1437
-1421
-1246
-1191
-1102
-963
-927
-829
-724
-443
-87
53
272
522
603
816
912
973
1158
1356
1320
1300
1370
1189
1101
1145
996
924
1093
971
905
948
922
817
897
1021
941
1025
1131
960
1013
1101
992
1161
1303
1430
1339
1436
1364
1176
1335
1487
1633
1706
1839
1826
1752
1735
1657
1743
1909
2035
2077
1799
1708
1055
213
219
-364
-703
-567
-1355
-2085
-2677
-3460
-3879
-4016
-4246
-4282
-4478
-4900
-4946
-5091
-5016
-4794
-4588
-4064
-3644
-3172
-2762
-2341
-2077
-1635
-957
-366
349
771
1093
1278
1450
1664
2076
2370
2510
2707
2504
2451
2326
2158
2248
2092
1952
1840
1462
1227
999
619
398
437
258
115
72
-330
-592
-697
-873
-794
-581
-672
-869
-1068
-1217
-1322
-1033
-812
-836
-461
-609
-843
-517
-534
-226
195
310
567
588
510
566
661
622
837
956
942
974
841
736
719
704
724
877
889
721
718
583
486
603
806
1037
1182
1236
1131
1044
1099
1196
1574
1770
1829
1803
1669
1605
1460
1677
1828
1830
1902
1818
1637
1514
1415
1369
1560
1736
1812
1720
1488
964
205
-157
-319
-584
-666
-1032
-2129
-3019
-3784
-4261
-4191
-4335
-4572
-5027
-5679
-5977
-5978
-5712
-5401
-5056
-4718
-4267
-3773
-3272
-2627
-2162
-1650
-881
-21
793
1339
1574
1692
1804
2111
2646
3107
3210
3029
2700
2443
2399
2458
2611
2616
2323
1940
1579
1341
1075
875
655
432
286
-28
-329
-672
-1110
-1233
-1205
-1207
-1129
-1200
-1471
-1716
-1679
-1497
-1186
-808
-742
-796
-834
-864
-757
-387
-97
-18
26
-29
-72
46
224
423
518
488
508
527
606
668
735
819
904
927
1072
1132
1080
1081
1017
1124
1256
1284
1410
1360
1267
1278
1280
1503
1695
1882
1950
1759
1698
1690
1800
2018
2066
2075
2005
1748
1573
1498
1434
1376
1296
1228
1202
1094
940
938
978
1015
1301
1477
1378
1237
536
-126
-252
-483
-719
-699
-1493
-2754
-3420
-4008
-4255
-4042
-4334
-4711
-5246
-5782
-5565
-5248
-4860
-4546
-4466
-4167
-3864
-3443
-2753
-2202
-1836
-1373
-742
-174
347
776
954
1218
1457
1868
2400
2417
2360
2251
2059
2123
2290
2335
2309
2034
1507
1253
999
904
886
726
539
214
-159
-458
-547
-754
-772
-848
-955
-1099
-1227
-1223
-1308
-1171
-998
-707
-524
-349
-310
-333
-228
-100
222
587
695
688
574
413
418
526
728
718
617
491
369
329
453
572
706
735
707
688
641
673
709
812
945
1036
1099
1088
1013
1048
1024
1152
1324
1409
1445
1394
1375
1347
1446
1600
1655
1626
1607
1520
1388
1428
1419
1376
1366
1269
1171
1056
910
770
677
699
656
655
586
567
527
516
765
981
1070
1013
647
-53
-343
-448
-648
-569
-1010
-1915
-2727
-3335
-3620
-3703
-3728
-4075
-4648
-5167
-5354
-5190
-4956
-4698
-4569
-4416
-4136
-3755
-3260
-2762
-2379
-1940
-1335
-745
-177
284
567
806
1123
1560
2048
2282
2353
2332
2252
2294
2408
2521
2595
2410
2058
1805
1530
1313
1221
1059
827
511
107
-163
-304
-388
-463
-490
-588
-839
-865
-868
-864
-776
-724
-567
-500
-411
-231
-191
-122
2
220
499
708
746
631
617
503
623
873
746
656
459
184
161
113
156
204
120
41
46
41
41
90
148
245
309
373
432
515
553
623
752
817
933
990
1047
1147
1189
1228
1277
1266
1366
1464
1483
1556
1430
1299
1257
1129
1084
1136
1025
881
714
554
445
449
455
461
571
552
601
708
738
793
966
1028
1120
1262
1248
1216
1067
633
228
149
-59
-274
-489
-1165
-1984
-2541
-2847
-3005
-3045
-3415
-3962
-4450
-4791
-4642
-4397
-4205
-4119
-4184
-4069
-3766
-3314
-2726
-2282
-2027
-1659
-1207
-655
-169
209
537
777
1064
1446
1785
1919
1950
1978
1996
2075
2172
2069
1910
1674
1404
1329
1293
1154
957
734
490
297
187
92
3
-182
-336
-443
-513
-555
-641
-652
-688
-658
-587
-494
-447
-405
-449
-367
-237
-187
46
122
94
69
51
72
269
356
340
343
155
92
130
173
268
258
192
115
91
171
301
407
478
530
595
696
762
929
1052
1123
1169
1256
1339
1395
1476
1496
1496
1433
1405
1340
1291
1243
1127
1030
896
716
633
567
525
443
379
296
182
170
185
180
196
192
123
244
248
280
472
563
701
824
950
1039
1124
1316
1525
1619
1610
1461
1052
760
614
333
170
-141
-915
-1664
-2190
-2635
-2863
-3047
-3458
-3989
-4465
-4790
-4797
-4710
-4634
-4539
-4557
-4431
-4204
-3877
-3350
-2961
-2618
-2053
-1618
-1144
-641
-316
71
410
795
1283
1669
1832
2016
2111
2148
2334
2561
2689
2631
2479
2280
2055
1930
1871
1832
1697
1359
1037
722
512
327
176
71
-157
-394
-580
-716
-836
-888
-900
-845
-757
-713
-649
-648
-663
-485
-238
30
248
255
227
141
126
229
429
524
422
287
156
37
35
203
258
273
243
179
209
258
376
589
764
859
925
987
1011
1056
1136
1190
1195
1130
1010
942
866
673
567
478
329
244
194
127
8
-81
-115
-72
63
124
190
192
52
92
212
309
427
428
491
494
497
568
646
732
712
804
918
926
1019
1060
1112
1235
1284
1360
1472
1440
1359
1196
886
555
268
37
-237
-645
-1187
-1759
-2254
-2676
-2958
-3199
-3519
-3894
-4222
-4387
-4402
-4323
-4240
-4074
-3925
-3731
-3354
-2932
-2549
-2138
-1734
-1303
-832
-399
33
337
561
811
1125
1425
1630
1745
1810
1840
1877
1934
1976
1959
1854
1777
1673
1553
1376
1179
1015
834
634
506
365
141
-30
-180
-349
-458
-520
-591
-613
-624
-676
-635
-589
-536
-407
-323
-219
-141
-60
36
120
174
193
189
200
230
283
294
242
194
142
159
188
240
273
251
239
308
411
518
594
613
639
708
768
848
951
950
915
905
897
847
804
801
766
699
660
626
581
457
461
483
473
515
487
493
491
480
490
536
508
489
543
509
505
525
481
503
490
487
521
507
517
519
545
538
518
536
561
626
686
707
723
641
610
650
647
643
546
321
69
-192
-497
-673
-859
-1184
-1512
-1881
-2276
-2573
-2734
-2901
-3006
-3133
-3293
-3316
-3346
-3282
-3147
-3009
-2848
-2623
-2393
-2184
-1914
-1688
-1471
-1165
-896
-644
-362
-116
41
183
357
509
661
860
979
999
1014
962
975
1009
1050
1045
991
891
743
633
575
526
446
402
352
270
184
160
152
198
269
328
392
379
418
489
525
642
742
688
703
649
554
636
599
544
569
425
363
363
289
304
277
209
238
213
204
254
237
280
325
355
426
497
490
493
536
544
556
630
611
595
594
573
596
581
576
561
530
519
496
504
514
495
498
492
476
459
481
464
433
396
371
354
348
356
340
342
283
258
257
186
129
111
55
29
27
2
-12
-57
-118
-147
-157
-173
-168
-210
-270
-286
-336
-305
-259
-277
-261
-261
-291
-309
-346
-372
-441
-494
-483
-590
-671
-769
-948
-1036
-1104
-1205
-1265
-1351
-1507
-1585
-1616
-1642
-1675
-1678
-1669
-1691
-1646
-1592
-1558
-1534
-1486
-1384
-1240
-1082
-1004
-934
-848
-785
-632
-438
-293
-190
-122
-28
82
211
349
458
521
548
602
671
721
749
800
836
831
840
897
898
887
850
790
799
728
700
715
641
594
580
551
585
580
524
551
531
478
556
555
518
490
416
387
343
361
333
256
184
110
76
114
114
66
33
-16
-14
41
138
178
203
268
290
388
488
560
699
713
741
834
825
840
880
868
885
900
902
890
904
874
833
850
797
782
786
709
664
585
469
381
299
213
135
68
-106
-252
-320
-448
-491
-530
-670
-700
-774
-840
-783
-823
-832
-811
-840
-768
-716
-670
-616
-611
-589
-563
-462
-403
-368
-304
-302
-302
-307
-264
-245
-257
-205
-231
-286
-286
-364
-368
-385
-442
-428
-550
-638
-639
-742
-744
-748
-834
-888
-956
-1011
-1052
-1035
-1055
-1069
-1057
-1134
-1122
-1098
-1114
-987
-900
-847
-736
-719
-631
-532
-480
-347
-243
-143
-16
62
157
229
258
407
482
564
745
761
825
901
850
941
1023
990
1095
1136
1084
1109
1069
1022
992
1014
960
925
946
767
726
690
539
537
467
371
312
239
138
123
116
-31
62
47
-127
94
90
14
219
129
189
288
235
433
442
494
606
492
660
610
580
814
624
707
748
576
672
600
556
535
524
400
335
413
117
159
135
-213
35
-161
-384
-120
-561
-517
-404
-784
-461
-644
-830
-507
-883
-759
-640
-933
-680
-735
-767
-577
-722
-700
-530
-660
-531
-320
-471
-265
-241
-429
-135
-189
-266
99
-84
-56
195
-145
94
157
-119
262
-10
-126
143
-333
-92
-90
-496
-84
-416
-519
-211
-609
-458
-416
-729
-507
-578
-690
-465
-599
-609
-497
-564
-459
-395
-423
-369
-293
-301
-275
-69
-128
-133
132
-37
84
302
108
368
449
205
529
435
252
704
355
385
697
146
415
539
62
507
464
29
549
287
11
603
95
100
565
-95
252
428
-175
367
219
-115
484
127
65
489
12
168
362
-8
274
308
48
318
277
-6
346
198
-36
532
125
188
642
-66
412
489
-40
712
306
174
711
81
342
532
72
389
297
56
247
170
7
82
16
-158
-49
-63
-225
-67
-216
-327
-156
-442
-278
-252
-515
-306
-466
-554
-443
-539
-507
-449
-546
-459
-362
-530
-337
-318
-441
-72
-290
-211
109
-360
-24
58
-295
209
-3
-149
253
-206
-27
170
-296
115
-118
-282
19
-343
-110
-168
-391
-213
-349
-331
-314
-218
-324
-340
-214
-498
-212
-270
-480
-21
-380
-346
3
-511
-106
-47
-368
191
-59
-41
249
-10
220
209
261
318
269
436
227
391
387
223
474
281
224
408
234
214
371
218
135
386
158
143
453
63
245
389
-40
359
228
-34
430
28
78
397
-92
185
205
-113
210
113
-46
164
21
-105
149
-48
-85
243
-175
-2
240
-317
221
146
-198
371
-1
-3
286
15
107
270
100
128
315
53
207
290
50
352
215
127
368
40
276
184
-33
431
-123
92
312
-365
255
-16
-401
276
-367
-264
58
-516
-142
-239
-436
-165
-367
-396
-209
-365
-338
-164
-376
-220
-159
-375
-129
-175
-302
36
-136
-210
88
-288
-144
-12
-279
10
-120
-209
-112
-194
-175
-181
-59
-204
-148
-36
-256
4
-89
-257
77
-131
-147
157
-111
-59
111
-144
23
123
-87
89
144
-142
147
117
-155
293
-34
40
354
-138
286
156
-75
366
27
143
308
17
208
185
38
185
186
142
219
280
171
166
246
107
207
210
174
201
54
166
69
98
145
-47
191
-2
-31
244
-82
100
189
-187
277
55
-137
445
-164
19
371
-325
182
229
-371
361
39
-362
447
-193
-230
434
-348
-22
320
-506
253
67
-487
463
-277
-241
378
-480
39
105
-505
157
-149
-288
77
-234
-129
-133
-149
-110
-103
-94
-118
14
-126
-69
5
-132
-6
2
-74
63
-48
-67
50
-91
28
2
-72
-42
-132
-29
-159
-51
-78
-255
28
-258
-113
3
-245
49
-141
-115
-26
-154
-62
-72
-85
-99
6
-139
-146
46
-230
-81
111
-275
61
52
-338
337
-123
-115
414
-308
254
174
-158
382
34
62
236
65
77
197
50
3
199
-77
7
190
-194
143
40
-226
243
-170
-52
238
-213
116
33
-151
116
-46
-6
35
26
3
-31
88
-83
65
91
-66
213
49
45
237
-29
236
154
84
356
23
299
139
117
399
-47
414
204
45
435
-21
202
314
-39
305
207
-61
293
-41
12
172
-186
144
-58
-162
56
-160
-123
-75
-197
-195
-57
-330
-72
-85
-433
148
-380
-229
192
-558
157
-3
-436
398
-316
-209
339
-521
129
145
-447
345
-173
-265
215
-304
-118
33
-256
-103
-38
-324
-79
-76
-392
53
-171
-313
139
-313
-72
85
-315
140
-168
-147
67
-257
135
-153
-30
89
-270
181
-198
26
68
-235
213
-208
-23
48
-148
49
-132
-7
-60
-69
70
-57
110
9
-55
174
-155
92
130
-160
261
-85
-4
228
-162
154
47
37
89
54
278
-82
281
131
-133
461
-165
163
401
-313
422
109
-187
473
-191
46
333
-293
320
105
-162
374
-175
74
260
-218
264
134
-143
333
68
-80
375
7
-18
399
-128
132
298
-168
260
74
-37
224
-48
113
19
1
118
-141
190
-34
-145
292
-321
20
221
-401
360
-82
-214
351
-407
171
43
-354
363
-316
-89
244
-482
197
-44
-373
256
-310
-86
115
-330
105
-58
-184
64
-162
-99
-38
-54
-110
44
-36
-155
190
-269
61
62
-352
386
-341
-74
349
-659
373
-114
-544
624
-599
13
427
-778
507
-122
-532
594
-546
-62
339
-584
229
-31
-413
250
-220
-218
168
-235
-131
149
-281
-54
212
-419
172
150
-467
524
-201
-52
556
-454
512
55
-196
597
-308
296
265
-266
506
-93
-15
348
-263
233
-30
-58
214
-179
201
-165
15
31
-228
295
-282
142
104
-247
315
-224
146
54
-98
241
-122
183
57
-11
184
-3
100
103
55
183
7
231
146
-101
408
-165
94
354
-364
417
15
-221
438
-196
-68
342
-250
39
350
-375
251
187
-450
487
-200
-139
434
-523
248
-8
-396
379
-326
-103
178
-396
68
-10
-287
120
-124
-169
84
-160
-92
47
-146
-16
23
-128
106
-79
-48
99
-199
129
-76
-136
211
-249
43
72
-226
173
-139
-47
114
-279
182
-85
-151
236
-294
93
25
-230
170
-93
-53
29
-72
-109
53
-123
-106
95
-302
80
-109
-175
65
-231
15
-145
-98
-13
-122
-28
-53
-47
14
-47
-42
82
-105
90
19
-38
222
-204
223
39
-146
353
-218
121
165
-203
242
52
-90
224
33
-69
273
-6
40
240
-57
119
154
-14
108
194
-24
149
188
-136
336
-31
-70
432
-359
256
197
-389
518
-239
-9
365
-334
355
27
-77
274
-77
113
63
49
51
35
88
-104
94
19
-152
153
-126
-87
130
-253
40
-26
-243
83
-139
-166
5
-129
-146
31
-121
-128
38
-136
-100
29
-108
-55
9
-127
-36
4
-96
-47
43
-168
30
48
-244
175
-86
-164
185
-123
-63
156
-117
-33
190
-195
127
125
-208
255
-133
-41
203
-192
93
59
-123
22
11
-169
67
-84
-168
145
-306
38
-53
-250
145
-298
-3
-50
-209
85
-149
-36
38
-161
74
30
-120
207
-53
32
175
-91
166
53
-48
165
15
-14
172
35
-23
232
-3
-6
297
-128
122
222
-210
324
-11
-75
299
-249
187
38
-189
304
-215
104
55
-218
226
-249
67
53
-210
247
-197
69
154
-232
314
-101
-9
323
-246
307
71
-77
267
-71
109
67
72
4
112
60
-92
239
-202
60
82
-297
241
-211
-33
120
-264
123
-139
-45
9
-57
1
-53
48
-109
16
-32
-136
68
-82
-119
75
-147
-91
57
-214
26
-49
-155
49
-120
-41
-41
-23
-53
7
20
-116
130
-94
-7
121
-140
166
-32
-60
182
-180
69
133
-266
253
-66
-171
296
-297
78
57
-220
165
-78
-18
19
-4
-68
1
3
-133
95
-135
-20
48
-173
70
-63
-83
57
-84
-15
53
-69
19
50
-32
18
51
34
-22
162
-22
25
208
-137
170
97
-97
230
-7
8
131
6
44
68
56
-34
83
16
-60
128
-47
-3
142
-93
35
65
-97
83
19
-83
92
-30
-50
85
-64
-6
103
-112
71
105
-151
179
-7
-78
186
-107
40
100
-81
63
57
-23
24
64
-39
18
81
-109
77
23
-138
136
-76
-66
115
-131
-11
54
-100
29
43
-113
28
15
-172
113
-89
-137
150
-193
15
30
-170
39
-45
-105
-5
4
-100
55
-55
-97
97
-138
23
59
-117
66
19
-119
130
-61
-81
159
-172
86
14
-80
141
-104
103
-43
7
69
-95
170
-103
51
89
-155
150
-103
-53
73
-146
63
-68
-65
-17
-122
-19
-102
-2
-43
-66
41
-92
9
-11
-41
54
-31
56
14
50
93
-20
164
-3
65
164
-35
188
24
38
161
-68
128
56
-16
153
-9
51
67
0
37
34
15
24
46
-14
43
43
10
53
43
44
47
67
4
41
48
-54
65
-28
-43
81
-112
36
6
-99
93
-67
32
33
-10
51
-2
27
-10
44
-4
28
34
-18
37
-33
15
-18
-24
-6
-57
-11
-52
-62
-52
-58
-97
-27
-65
-114
52
-140
16
14
-160
137
-123
-23
99
-172
109
-40
-118
133
-202
41
30
-212
148
-148
-69
108
-161
51
7
-108
35
-33
-65
25
-22
-33
22
-20
-38
14
-14
-24
36
-9
2
26
-25
11
-18
-36
41
-48
33
18
-37
68
-54
3
20
-28
51
-7
39
23
-14
83
-47
54
69
-55
149
-44
35
109
-96
101
-22
-20
50
-46
5
-23
-2
-34
26
-39
-20
53
-76
81
-31
-3
89
-56
70
24
-7
72
39
17
61
49
20
74
-1
48
57
-20
62
8
9
25
26
9
32
45
-20
83
12
14
107
-30
54
64
-31
64
10
-42
64
-29
-22
39
-26
-26
23
-44
-43
28
-105
11
-50
-84
-3
-94
-26
-72
-41
-50
-37
-20
-61
19
-89
-7
-21
-101
48
-97
-7
36
-125
96
-42
-49
97
-71
56
32
-49
79
-21
-13
34
-34
17
2
7
-19
38
-28
-28
86
-134
58
-4
-121
108
-125
-7
15
-108
38
-51
-15
8
7
-11
30
33
-36
100
-35
29
80
-74
115
0
-3
97
-26
60
63
-7
75
57
-6
106
-9
37
58
-59
85
-10
-6
72
-18
15
65
-34
30
62
-64
88
-37
-27
71
-98
41
-6
-47
26
-20
15
-5
36
8
-16
74
-40
29
40
-75
83
-35
-2
75
-64
69
17
-15
61
-4
36
30
1
20
9
8
18
5
15
8
37
9
16
86
-68
73
9
-86
92
-98
15
-3
-60
4
-55
10
-69
14
-31
-47
31
-76
-8
-4
-89
-7
-11
-104
45
-55
-48
39
-100
34
-22
-58
47
-71
-4
19
-61
27
-19
-14
-6
-22
-2
-23
36
-21
-20
32
-41
9
10
-47
28
-17
-25
16
-17
-23
16
1
-31
36
-26
-26
30
-47
0
29
-71
50
-24
-58
105
-116
76
37
-85
125
-48
-7
62
-23
-3
62
-29
28
57
-60
104
-13
6
94
-28
97
35
17
94
-11
60
39
-2
78
-8
32
60
-21
53
21
7
49
-20
60
-18
-7
35
-68
48
-18
-13
30
-25
34
9
24
12
38
6
-4
56
-54
37
29
-73
69
-40
-25
78
-76
59
12
-59
103
-59
16
64
-68
77
-22
-1
42
-53
41
-29
-9
14
-24
-3
-25
-3
-68
5
-34
-76
40
-85
-25
-3
-95
17
-57
-40
13
-77
11
-23
-57
18
-66
-21
-16
-62
17
-44
-19
-21
-44
1
-55
2
-12
-34
35
-36
2
50
-63
44
21
-36
84
-26
31
47
-35
50
0
-1
27
-8
-3
8
-23
-16
0
-26
-20
-15
-26
-21
-19
-32
-5
-33
-28
1
-47
15
-3
-22
40
-20
22
32
-23
45
-3
-12
43
-17
2
33
-24
18
16
-27
31
-12
12
3
-1
10
-28
26
-29
8
5
-14
37
-12
22
11
20
5
21
32
-6
45
-15
18
17
-18
38
-21
15
21
-8
20
7
4
18
31
-18
38
13
-10
43
-27
30
8
-7
27
-19
13
-2
-17
14
-22
-10
8
-27
-7
-5
-28
6
-29
-26
26
-45
19
12
-30
52
-47
18
22
-37
45
-20
1
16
-16
-6
-11
4
-10
13
-4
-1
3
-24
-1
-29
-10
-10
-23
2
-20
-11
-15
-15
-14
3
-19
-3
3
-25
29
-31
-2
0
-15
10
-13
4
-17
-11
-8
-33
-22
-2
-36
-14
-20
-26
-5
-27
-1
-31
-3
-2
-40
12
-32
-13
16
-55
4
-2
-47
26
-37
-5
18
-29
14
-9
7
-9
5
-8
-3
30
-22
46
-8
3
65
-29
59
19
8
53
-14
32
1
11
6
-11
21
-9
22
3
11
31
-4
27
26
1
42
14
10
40
-7
47
16
11
40
2
46
11
29
17
13
36
-18
29
6
-24
26
-20
-18
18
-23
12
1
-7
13
-1
5
13
9
3
18
-14
1
9
-21
18
-2
-18
31
-27
1
30
-49
32
-2
-35
43
-35
5
17
-31
26
-11
-12
8
-4
5
5
7
-10
4
-5
-12
0
-8
-11
-7
-15
-27
1
-37
-20
-2
-36
-8
-14
-22
-17
-6
-18
-7
4
-17
-6
13
-24
8
3
-26
27
-39
-7
15
-43
25
-14
-18
29
-16
5
19
-10
24
9
-11
18
-3
27
-10
10
20
-14
52
-27
16
44
-34
37
-7
-22
9
-22
-22
-19
-22
-19
-14
-26
0
-10
-6
14
-5
20
13
8
15
16
10
15
26
1
39
21
17
54
5
46
37
7
51
13
22
30
7
35
7
14
33
-5
23
21
-3
37
-1
0
28
-12
12
-6
-8
-1
-17
-4
-25
2
-31
-5
0
-40
25
-34
4
-1
-27
25
-31
10
-3
-13
12
-7
1
-3
2
2
-8
7
-2
-10
4
-12
-5
0
-11
6
-2
0
-4
-7
-2
-3
3
-19
13
-8
-1
12
-40
12
-7
-25
21
-23
-11
15
-30
-14
-4
-28
-2
-12
-23
-1
-12
-20
1
-17
-26
15
-31
13
-5
-33
31
-44
-1
10
-39
27
-6
-11
16
-15
-2
10
-9
-5
-8
