SAMPLES:	9091
BITSPERSAMPLE:	16
CHANNELS:	1
SAMPLERATE:	16000
NORMALIZED:	FALSE
-8
-12
0
6
-4
-8
-7
-6
2
9
-2
-4
5
5
9
16
1
16
16
8
18
5
17
3
8
8
3
13
9
6
10
9
15
23
19
10
13
12
7
0
-5
12
6
14
6
1
1
-1
3
1
10
4
-2
-6
0
0
1
-2
-3
10
-9
-13
-12
-13
-12
-12
-22
-19
-4
-6
0
2
11
2
-2
-2
-3
-6
-1
-3
-11
7
-3
-15
-3
4
6
7
6
10
13
3
10
3
2
-6
-2
1
-8
-2
-5
2
-2
-9
2
-8
-6
-4
-4
2
5
6
-2
7
10
2
3
14
9
3
1
3
4
3
6
5
9
5
2
6
-2
-3
3
-1
0
-9
-18
4
4
-4
-9
-9
-9
-11
-2
-1
-18
-8
-4
-11
-12
-12
-18
-5
14
-2
-8
-9
-13
-14
-4
-7
-11
-16
-11
-10
-19
-7
-11
-5
-8
-5
-4
-8
2
2
2
-7
-6
-5
-4
-7
-5
4
7
1
2
5
21
10
15
17
10
8
1
12
10
6
-2
14
-4
-9
11
11
8
-3
2
3
6
5
-1
-3
8
3
4
0
-2
1
-1
7
4
13
6
4
5
-6
-2
6
14
2
5
12
6
12
1
-9
1
5
-5
-7
-6
-6
-5
-1
19
4
-1
0
-16
-18
2
-15
-6
-3
-8
8
12
16
9
7
3
3
-1
0
10
-4
5
8
7
9
7
7
4
-4
-2
11
0
0
2
-12
-10
-9
-1
-8
-5
1
-11
-13
-14
-13
-13
-6
6
6
-2
-9
-7
-3
-9
1
-6
-11
-3
-9
2
-1
-2
2
-3
-9
-7
-5
-7
4
-3
-11
-12
-1
2
0
4
6
7
7
0
-4
7
5
3
7
17
6
3
-5
0
8
3
7
-4
-8
9
13
15
21
17
12
12
20
12
12
11
11
16
2
9
6
6
9
1
4
3
2
-1
3
1
-15
-11
-8
-5
-1
-7
-11
-14
-6
-14
-7
-7
-15
-9
-3
6
9
4
8
14
6
13
11
15
10
3
5
6
11
-3
-5
4
3
4
1
1
0
-6
-1
-3
-8
-3
-1
-10
-11
-5
4
8
1
-1
1
7
1
6
3
-2
1
5
15
1
13
13
-10
0
2
-6
0
-2
2
-1
-4
-3
-3
3
2
7
15
10
8
23
22
11
11
8
17
12
-9
2
12
2
5
2
5
6
-6
3
2
-18
-16
-12
-10
-6
-9
2
-5
-5
-1
-4
-10
-13
-5
-11
-10
-7
-4
-10
-2
11
5
-4
2
8
-4
1
-4
-17
1
2
-4
-4
-2
-14
-2
0
-2
10
-2
-13
-5
1
-4
0
3
5
-9
-6
-5
-10
-8
-2
1
8
13
2
10
7
-3
8
9
0
-2
-3
-4
4
5
1
1
5
11
-17
-9
1
-9
-12
-8
4
3
1
1
8
-1
-1
-3
2
0
-1
0
4
6
10
5
-1
10
-12
-9
4
1
9
12
14
10
7
7
-1
0
-1
11
7
5
15
17
13
12
12
7
-3
-12
0
-4
-7
3
1
-2
6
15
8
6
-2
6
-5
-11
1
3
11
5
20
3
-11
-2
-17
-18
-22
-18
-5
-17
-12
6
4
1
6
0
-7
-13
-11
-2
-5
3
3
-5
5
-3
-9
-8
-14
-14
-15
-13
-12
-6
1
-2
-6
-5
7
0
-16
-11
-25
-12
-9
-8
1
0
0
-7
-4
-11
-7
-2
-10
-15
-2
11
10
13
24
30
8
-8
-11
9
10
8
13
-5
2
12
20
28
-5
-46
-42
-31
-18
14
59
62
25
-6
-7
22
35
32
0
-14
-11
-20
8
5
4
-8
-3
5
-9
4
-5
-10
-9
-16
-15
3
9
1
-13
-19
-32
-29
-16
-13
-3
-41
-11
28
26
23
-7
-27
-5
21
4
-17
-13
3
5
14
0
1
8
0
9
1
9
1
4
10
20
15
16
20
19
23
15
10
-12
-19
-19
-32
-27
-11
3
2
15
31
16
12
-5
-9
-1
0
3
-14
-4
5
-4
-16
-25
-19
-24
-29
-35
-25
10
9
18
23
23
35
20
4
-6
-8
-10
-7
-18
-24
5
7
-13
-2
0
-13
-7
-12
-26
-19
20
39
40
26
30
25
-3
-10
-8
-40
-40
-14
-34
-40
-11
5
3
11
12
11
4
-4
-16
-17
9
16
39
34
-24
-33
4
-53
-110
-99
-111
-116
-60
32
120
158
114
41
-8
17
38
10
11
45
34
20
7
-36
-4
12
-14
-22
-58
-135
-70
82
94
79
100
76
1
-27
-33
-12
13
-23
-52
-50
-37
-21
9
41
117
85
-119
-170
-18
16
-28
41
129
167
141
16
-152
-212
-147
-47
50
61
-41
-66
22
96
101
55
-22
-82
-84
-66
9
59
49
-29
-48
8
12
-30
9
53
-36
-110
-129
-28
120
108
61
107
71
-55
-66
-78
-114
21
60
-41
17
40
-67
-2
80
-4
-34
-49
-99
-59
39
74
126
117
43
68
-15
-156
-106
-24
-89
-55
9
-115
-47
64
-57
-51
165
233
71
-66
-127
-77
51
54
-17
7
14
-37
-23
-6
-68
-152
-166
-29
99
159
186
107
25
73
56
-73
-57
11
-7
11
30
-66
-129
26
164
29
-92
-3
116
34
-81
-56
-52
9
93
43
-3
8
-44
-63
44
80
-18
-158
-173
18
165
64
-11
78
38
-135
-136
4
16
25
83
29
2
37
17
26
0
-67
-89
-87
24
132
94
-70
-118
-20
83
213
152
-24
-49
-74
-21
35
-176
-242
89
277
-20
-202
4
43
-100
14
93
10
37
7
-100
50
263
-43
-264
-27
116
10
-168
-155
89
271
139
-136
-188
54
189
-9
-166
45
65
-83
119
38
-333
-61
382
151
-83
-31
-259
-295
226
318
61
84
-205
-408
163
495
109
-276
-304
-47
176
121
-55
20
159
12
-239
-208
78
98
-91
-55
95
-42
-150
248
407
-37
-220
-234
-157
274
235
-179
-286
-108
122
71
-29
31
-33
-118
-8
215
210
-229
-304
166
257
-110
-84
366
19
-626
-86
397
-211
-157
485
114
-206
18
-88
168
494
-128
-526
-140
200
381
26
-546
-55
432
-197
-112
560
8
-497
-175
96
385
206
-250
152
39
-653
89
686
-186
-316
371
-352
-645
702
439
-362
477
-35
-1296
-55
1069
118
-362
-30
137
309
-181
-621
105
534
40
-216
36
24
-308
-294
112
374
245
-107
-348
-93
421
207
-430
-79
447
115
-294
-38
412
-258
-730
400
187
-918
224
1236
168
-799
-405
340
356
136
86
-90
-9
-156
-642
-47
636
127
-203
-299
-170
559
8
-901
409
1230
-90
-714
-217
-41
73
-31
-165
464
316
-573
-83
71
-667
438
1009
-412
-515
254
378
19
-378
26
106
-236
-39
27
185
325
-288
-535
-106
492
750
-238
-622
207
77
-456
-69
265
138
55
136
187
-269
-324
446
184
-823
-203
963
146
-1079
-335
777
459
-329
-326
426
211
-772
-22
612
114
508
58
-830
-153
296
-14
-179
-212
20
214
9
-307
5
383
-92
66
576
-118
-379
167
-109
-416
10
247
168
-108
-206
213
-96
-430
302
354
-301
-126
389
155
-366
-218
261
395
219
-155
-328
-471
-374
566
808
158
-138
-382
-417
-139
121
287
161
-14
-146
-218
32
119
132
85
-335
20
553
-60
-243
390
-358
-1376
-375
1334
1459
-183
-1193
-690
0
549
576
-187
-343
124
272
-91
-197
379
44
-938
-338
794
464
134
199
-721
-951
595
946
488
475
-1172
-1540
590
777
74
339
-264
-1152
-578
1030
1472
443
-675
-1488
-594
1288
906
-341
-11
-476
-1376
143
1337
591
-40
-1054
-1372
195
1230
1097
174
-762
-720
-413
282
1191
853
-850
-1532
-220
702
888
641
-446
-956
-787
144
1339
889
-114
-871
-1153
-194
643
950
638
-731
-1092
19
741
795
320
-715
-1095
-297
485
748
505
-122
-569
-661
-171
389
353
316
-103
-497
-11
227
269
244
-459
-550
150
295
209
304
-72
-738
-478
483
785
247
-349
-357
-92
218
361
-233
-382
295
-153
-650
181
332
89
300
-162
-469
-122
-114
87
486
14
-310
109
2
-79
132
-145
75
490
-46
-349
219
547
193
-66
-167
-429
-284
105
355
238
-285
-355
-413
-595
218
924
475
-255
-420
-34
83
250
553
-294
-1101
-423
132
179
437
50
-588
-501
-175
310
576
160
-161
-105
81
296
387
103
-472
-499
-98
113
480
623
149
-660
-957
325
1175
356
91
260
-241
-341
215
743
382
-670
-767
-300
349
1186
189
-1325
-487
556
307
153
-23
-373
-559
-519
-224
568
844
-258
-712
-418
-387
651
1011
-371
-793
-292
416
791
-77
-73
704
-122
-610
368
672
295
-267
-771
-396
496
1009
283
-1014
-850
37
405
524
6
-398
-255
-392
-162
776
1100
433
-245
-772
-709
509
530
-853
-576
105
-179
61
145
140
353
-609
-991
402
1088
664
-80
-608
-219
259
444
355
-303
-464
-27
-7
38
260
56
-463
-727
-547
-144
290
160
-697
-1130
-759
-457
-502
-663
-567
-469
-877
-916
-215
82
-325
-651
-524
-183
-4
81
-24
-54
266
229
97
376
475
448
511
431
530
829
870
600
422
585
903
1096
1074
942
807
879
960
980
855
504
567
719
676
848
726
519
627
761
1140
1303
1261
1354
1486
1879
1973
2035
2587
2306
1008
-188
-833
-909
-749
-802
-1509
-2323
-2922
-3776
-4415
-4453
-4001
-3463
-3345
-3580
-3852
-3583
-2960
-2479
-1859
-1206
-550
14
161
246
408
959
1710
2013
2320
2527
2226
1673
1248
1264
1147
1119
1334
810
128
-563
-1503
-1491
-794
-553
-805
-1337
-1917
-2278
-2215
-1949
-1510
-691
-272
-398
-431
-247
261
768
1059
1340
1698
2158
2385
2291
2092
1925
1995
2101
2311
2598
2419
1760
1179
1018
874
745
855
616
267
118
-254
-334
-152
-186
60
560
903
1227
1835
2613
3203
3725
4359
5092
5560
5168
3979
2310
821
113
-272
-449
-583
-1543
-3333
-5457
-7210
-7650
-6913
-5978
-5645
-6209
-6920
-6937
-6451
-5603
-4257
-2903
-1963
-1376
-1237
-1007
-191
722
1480
2108
2783
3635
4027
3713
3037
2377
2154
2103
1974
1806
1268
246
-835
-1389
-1555
-1597
-1647
-2409
-3428
-3868
-4000
-3887
-3527
-3021
-2377
-1747
-1335
-997
-437
119
696
1665
2674
3540
4317
4427
4086
4092
4333
4475
4621
4689
4320
3536
2472
1581
1154
807
459
-96
-749
-1053
-1475
-1916
-1841
-1653
-1387
-1051
-727
-3
1037
1945
2688
3615
4998
6552
7770
8624
9071
8601
6979
4696
2420
714
11
-1
-444
-2091
-4739
-7611
-9842
-10788
-10205
-9017
-8426
-8549
-9351
-10139
-9507
-7606
-5291
-3111
-1816
-1272
-991
-415
793
2052
3034
3932
4649
5162
5434
5250
4707
3998
3345
2861
2564
2392
1565
-73
-1338
-2243
-2736
-2339
-2491
-3685
-4707
-5535
-6134
-5837
-4832
-3818
-3094
-2428
-1818
-1188
-202
939
1906
2660
3437
4481
5426
5864
5904
5621
5300
5339
5524
5426
4932
4098
2875
1390
354
-251
-956
-1391
-1781
-2436
-2850
-3141
-3202
-2752
-2340
-1895
-1124
-403
443
1470
2327
3276
4541
6209
8001
9329
10138
10538
10479
9755
7779
5087
2765
405
-1486
-2008
-2576
-4421
-6986
-9673
-12221
-13625
-13084
-11698
-10718
-10485
-10797
-10869
-9927
-7610
-4665
-2361
-670
497
1032
1929
3322
4459
5275
5858
6377
6838
6872
6536
5753
4339
2897
1705
874
652
-127
-2027
-3534
-4433
-5322
-5409
-5130
-5681
-6491
-6690
-6610
-6283
-4978
-3264
-2016
-884
224
1200
2254
3358
4279
4877
5590
6495
7005
7149
6852
6023
5054
4209
3958
3918
3289
2278
876
-946
-2340
-2953
-3157
-3108
-3088
-3415
-3677
-3412
-3043
-2406
-1282
-225
662
1757
3077
4075
4789
5595
6247
6984
8241
9423
10241
10991
11506
11343
10578
8707
5146
1135
-2436
-5172
-5942
-5565
-6132
-8190
-11454
-14954
-16916
-16538
-14417
-11770
-10011
-9527
-9428
-8677
-6723
-3617
-298
2449
4430
5408
5906
6400
6865
7184
7156
7156
7273
7167
6600
5107
2720
262
-1718
-3012
-3414
-3652
-4667
-6000
-7106
-8167
-8514
-7975
-7356
-6617
-5940
-5573
-4834
-3597
-2202
-282
1880
3642
5190
6393
6786
6575
6387
6615
7226
7840
7892
6875
5135
3325
1783
836
475
350
-187
-1490
-3006
-4361
-5363
-5491
-4959
-4297
-3548
-2680
-1982
-1700
-1336
-589
370
1794
3590
5022
5937
6346
6118
5900
6227
6947
7724
8303
8516
8209
7780
7738
8123
8644
8650
7323
4072
-551
-4902
-8217
-9959
-9191
-7670
-8101
-10376
-13529
-16572
-17505
-15611
-11992
-8372
-6127
-5225
-5064
-4477
-2234
1227
4735
7549
8990
8959
8289
7494
6660
5993
5619
5403
5069
4169
2281
-494
-3575
-6114
-7507
-7723
-7172
-6825
-7515
-8484
-8960
-8876
-7562
-5245
-3416
-2188
-1049
-437
42
1385
3412
5187
6648
7922
8396
7892
7039
6042
5130
4794
4830
4790
4130
2773
1087
-749
-2242
-2805
-2575
-2217
-2174
-2663
-3779
-4841
-5082
-4569
-3544
-2133
-968
-305
120
189
319
1219
2610
4041
5470
6430
6627
6410
6037
5819
6012
6452
6866
6810
5922
4549
3488
3092
3355
4423
5642
6058
5710
4779
2823
-7
-2809
-5088
-6834
-7711
-7493
-7277
-8146
-9900
-11963
-13708
-13980
-12101
-9098
-6348
-4522
-3818
-3681
-2908
-817
2015
4642
6472
6976
6192
5201
4521
3919
3505
3186
2480
1435
243
-1285
-3063
-4771
-6200
-7072
-7085
-6397
-5745
-5582
-5424
-4930
-4237
-2963
-1166
174
930
1543
1897
2206
3015
4095
5003
5639
6053
6059
5377
4442
3651
2916
2498
2495
2431
1897
765
-795
-2345
-3149
-2892
-2174
-1627
-1582
-2111
-2900
-3481
-3515
-2990
-1917
-653
198
807
1294
1536
1922
2636
3451
4293
5283
5952
6030
5939
5717
5493
5510
5716
5735
5372
4849
4311
3775
3509
3733
4251
4736
5158
5339
4887
4202
3143
855
-2005
-4673
-7308
-9165
-9571
-9393
-9823
-11095
-12743
-14207
-14559
-13089
-10374
-7597
-5323
-3664
-2625
-1413
855
3429
5500
7142
7955
7811
7349
6820
5925
4704
3502
2331
1067
-85
-1212
-2955
-5042
-6643
-7699
-8010
-7407
-6663
-6257
-5876
-5225
-4146
-2755
-1066
576
1458
2044
2859
3464
3970
4777
5390
5574
5825
5863
5133
3988
2829
1560
655
355
211
-72
-761
-1847
-2906
-3511
-3392
-2709
-2038
-1639
-1529
-1548
-1556
-1406
-954
-250
537
1394
2227
2789
3105
3211
3234
3524
4102
4808
5556
6040
6024
5661
5220
4824
4542
4371
4141
3839
3463
2834
2115
1485
890
755
1074
1387
1767
2279
2705
2940
2915
2031
-414
-3729
-6799
-9329
-10338
-9215
-7852
-7926
-9247
-11326
-13122
-12919
-10346
-6724
-3401
-1206
-239
122
943
2738
4947
6862
8149
8459
7739
6653
5334
3518
1659
337
-580
-1158
-1679
-2902
-4937
-7082
-8569
-9020
-8240
-6697
-5365
-4646
-4079
-3422
-2588
-1135
592
1828
2689
3413
3976
4494
4883
5061
5073
4992
4918
4813
4265
3095
1517
-86
-1102
-1285
-1014
-710
-872
-1745
-2815
-3346
-3068
-2072
-615
475
804
643
348
186
413
1183
2137
2859
3372
3532
3122
2632
2499
2609
3046
3911
4665
4814
4395
3765
3243
2930
3152
3537
3386
2889
2142
1175
562
574
816
1060
1390
1527
1372
1453
1901
2520
3358
3957
3350
1124
-2144
-5536
-8402
-9816
-9195
-7817
-7422
-8160
-9656
-11374
-11725
-9771
-6402
-2999
-308
1214
1590
1879
2887
4296
5726
6902
7261
6587
5177
3412
1365
-761
-2320
-3241
-3846
-4274
-4978
-6326
-7929
-9072
-9300
-8437
-6640
-4674
-3184
-1999
-812
423
1878
3501
4784
5578
6087
6449
6598
6435
5920
5081
4185
3553
3165
2610
1470
-120
-1744
-3069
-3529
-3034
-2288
-1934
-2117
-2613
-2895
-2413
-1111
486
1658
2233
2388
2106
1755
1846
2188
2365
2477
2596
2392
1791
1136
546
126
339
1170
2060
2675
2909
2683
2304
2381
3004
3688
4108
4062
3398
2452
1792
1579
1627
1916
2258
2147
1855
1830
1823
1922
2465
3148
3567
3787
3388
1386
-1926
-5299
-8333
-10321
-10127
-8621
-7749
-7993
-9155
-10955
-11921
-10573
-7416
-3871
-840
1007
1447
1365
1963
3272
4675
5954
6590
5982
4592
3097
1274
-799
-2369
-3290
-3798
-3994
-4148
-4933
-6329
-7397
-7704
-7230
-5556
-3238
-1565
-434
577
1355
2299
3722
4982
5669
5978
5899
5491
4895
4151
3492
2901
2302
2013
1601
452
-1052
-2415
-3422
-3562
-2627
-1420
-722
-471
-578
-922
-763
242
1617
2738
3302
3258
2638
1757
919
272
-102
-235
-103
4
-306
-797
-1185
-1400
-1040
284
1921
3266
4358
4819
4644
4641
5061
5623
6150
6315
5809
4753
3628
2604
1656
904
426
-42
-639
-1003
-1096
-1010
-528
401
1385
2193
2790
2576
804
-2124
-5117
-7737
-9234
-8628
-7024
-6290
-6627
-7813
-9561
-10423
-9089
-6188
-3005
-285
1244
1474
1408
2047
3203
4373
5361
5667
4843
3301
1618
-327
-2233
-3492
-4185
-4476
-4461
-4605
-5296
-6257
-6905
-6818
-5823
-3897
-1587
64
1160
2301
3322
4414
5948
7149
7342
7054
6478
5268
4065
3474
2843
1987
1408
771
-464
-1902
-3133
-4198
-4681
-4147
-3142
-2244
-1493
-1076
-1026
-798
31
1253
2435
3310
3703
3325
2445
1624
887
347
283
373
220
9
-240
-725
-1114
-850
-84
834
1959
3106
3745
4023
4350
4510
4585
4907
5209
5033
4404
3448
2081
626
-265
-542
-565
-485
-512
-904
-1427
-1321
-458
785
2249
3545
4195
4307
4221
3657
1956
-672
-3643
-6673
-8768
-8897
-7970
-7582
-8038
-9332
-11012
-11581
-10050
-7097
-3977
-1534
-205
205
632
1897
3572
4986
5907
5960
5114
3915
2696
1245
-365
-1660
-2599
-3140
-3260
-3420
-4130
-5168
-5769
-5599
-4579
-2714
-679
517
1082
1828
2701
3770
5198
6226
6182
5482
4660
3676
2885
2565
2132
1342
599
-98
-1054
-1984
-2663
-3176
-3313
-2783
-1874
-990
-236
182
216
313
794
1510
2162
2558
2608
2029
920
-82
-835
-1471
-1662
-1561
-1665
-1747
-1640
-1577
-1469
-897
94
1248
2659
4150
5177
5712
6069
6159
6115
6232
6258
5832
5003
3816
2282
940
116
-468
-900
-1190
-1605
-2185
-2433
-1919
-838
484
1877
2949
3421
3682
3972
3606
1959
-639
-3706
-6816
-8642
-8374
-7355
-6942
-7242
-8464
-10081
-10317
-8582
-5812
-2852
-393
839
1320
2072
3202
4396
5377
5835
5510
4591
3509
2142
351
-1402
-2853
-3911
-4209
-3958
-4008
-4606
-5376
-5897
-5763
-4612
-2623
-700
598
1577
2538
3383
4449
5739
6331
6111
5631
4757
3538
2567
1725
680
-207
-870
-1594
-2383
-3311
-4284
-4952
-4961
-4140
-2758
-1280
-200
293
469
664
1209
2148
3107
3688
3674
2972
1746
449
-578
-1212
-1406
-1311
-1145
-1033
-1122
-1313
-1268
-815
132
1634
3226
4411
5237
5619
5485
5372
5546
5682
5633
5381
4574
3186
1768
564
-459
-961
-948
-1036
-1304
-1459
-1517
-1318
-444
989
2314
3357
4185
4566
4616
4699
4349
2605
-227
-3329
-6405
-8552
-8767
-7944
-7810
-8492
-9587
-11003
-11488
-9803
-6832
-3943
-1471
346
1232
1870
3170
4638
5595
6245
6527
5942
4746
3422
1612
-513
-2065
-2946
-3517
-3771
-4027
-4864
-6027
-6651
-6480
-5689
-4148
-2177
-662
375
1595
2774
3690
4806
5733
5828
5455
5097
4456
3422
2528
1825
905
-74
-675
-1349
-2449
-3335
-3684
-3724
-3280
-2205
-1175
-635
-277
5
135
439
1138
1806
2044
2029
1788
1050
79
-658
-1196
-1493
-1230
-623
-167
35
98
101
387
1344
2748
4061
4967
5477
5562
5355
5240
5215
4977
4481
3855
2973
1912
967
75
-873
-1522
-1724
-1724
-1659
-1473
-1195
-802
-34
1200
2457
3333
3861
4243
4630
5039
5403
4901
2667
-774
-4441
-7710
-9502
-9231
-8226
-8047
-8755
-10010
-11336
-11429
-9470
-6289
-3106
-450
1360
2205
2818
3862
5020
5915
6597
6756
5979
4512
2655
444
-1738
-3249
-3909
-4192
-4462
-4871
-5656
-6662
-6990
-6336
-5142
-3355
-1341
98
1124
2344
3572
4680
5973
6991
7166
6706
5855
4537
3018
1656
604
-178
-878
-1546
-2451
-3781
-4989
-5487
-5251
-4320
-2775
-1313
-587
-289
44
505
1322
2591
3705
4148
4050
3429
2323
1167
330
-214
-454
-341
-192
-268
-565
-976
-1159
-775
215
1565
2824
3628
3910
3880
3818
4016
4397
4613
4506
3942
2948
1840
969
356
-88
-268
-403
-668
-853
-927
-795
-227
693
1692
2708
3493
3732
3710
3786
3958
4293
4626
4164
2098
-1320
-5126
-8628
-10840
-10911
-9740
-8992
-9156
-10093
-11439
-11826
-10129
-6844
-3111
143
2293
3188
3529
4165
5178
6276
7277
7796
7246
5752
3731
1267
-1167
-2875
-3775
-4237
-4400
-4643
-5504
-6600
-7136
-6918
-5939
-4121
-2016
-450
645
1790
2924
4025
5335
6405
6662
6281
5503
4271
2838
1669
777
-37
-651
-1095
-1876
-2937
-3745
-4138
-3960
-3005
-1634
-544
142
541
691
962
1669
2536
3147
3434
3240
2435
1290
228
-663
-1286
-1423
-1259
-1086
-986
-981
-1085
-1048
-512
504
1692
2890
3945
4491
4692
4939
5156
5229
5259
5078
4399
3472
2444
1298
294
-365
-836
-1253
-1508
-1684
-1954
-1985
-1453
-649
218
1310
2241
2604
2890
3417
3949
4602
5294
5118
3416
371
-3213
-6609
-9033
-9522
-8605
-7955
-8181
-9080
-10533
-11407
-10217
-7290
-3803
-557
1618
2504
2849
3495
4623
5954
7057
7493
6790
5055
2906
595
-1556
-3045
-3850
-4395
-4706
-5110
-5952
-6868
-7281
-6901
-5793
-4008
-1969
-317
871
2044
3356
4636
5920
6917
7140
6687
5814
4600
3241
1942
766
-172
-857
-1408
-1996
-2874
-3939
-4735
-4872
-4258
-3020
-1612
-539
11
332
781
1435
2339
3267
3776
3676
3160
2332
1284
316
-288
-568
-645
-555
-438
-648
-1078
-1234
-907
-167
1007
2418
3335
3718
3944
4070
4109
4345
4664
4529
3955
3207
2187
967
117
-314
-609
-666
-552
-698
-1012
-1079
-844
-294
717
1964
2933
3385
3617
3682
3474
3453
3917
4318
4206
3768
2323
-858
-4512
-7546
-9959
-10879
-9915
-8853
-8885
-9453
-10299
-10950
-9947
-6946
-3324
-174
2146
3265
3434
3780
4797
5940
6770
7108
6503
4776
2598
501
-1563
-3289
-4182
-4583
-5014
-5437
-5939
-6775
-7351
-6872
-5679
-4106
-2081
-207
908
1925
3293
4445
5493
6665
7190
6833
6191
5153
3533
1951
721
-252
-781
-978
-1394
-2243
-3326
-4262
-4530
-3966
-2812
-1504
-567
-190
-29
297
872
1736
2661
3214
3264
2945
2342
1668
1166
727
399
293
179
-21
-181
-371
-542
-320
241
882
1692
2456
2778
2878
3037
3040
3018
3217
3220
2836
2348
1773
955
268
-4
-139
-111
150
231
10
-141
-103
154
850
1831
2665
3173
3343
3235
3021
2897
3059
3350
3349
2930
1653
-1053
-4456
-7498
-9929
-10964
-10095
-8831
-8452
-8665
-9316
-9973
-9186
-6421
-2905
288
2723
3897
3967
4082
4825
5694
6388
6758
6192
4611
2651
601
-1453
-3077
-4015
-4501
-4720
-4927
-5425
-6172
-6730
-6489
-5373
-3668
-1562
307
1343
2090
3092
4081
5145
6391
6986
6629
5901
4753
3095
1662
703
-123
-570
-649
-1152
-2231
-3377
-4441
-4939
-4256
-2908
-1549
-439
81
28
101
613
1380
2308
3049
3258
2997
2407
1550
724
102
-292
-367
-305
-300
-371
-644
-974
-884
-313
447
1437
2462
2934
3028
3168
3174
3067
3239
3418
3103
2580
2037
1142
211
-129
-96
-34
274
510
145
-298
-328
-109
533
1674
2518
2718
2631
2348
2074
2209
2648
3092
3347
3123
2307
658
-2048
-4999
-7478
-9324
-9723
-8700
-7859
-7773
-8049
-8795
-9141
-7775
-5009
-1927
798
2598
3236
3341
3765
4637
5494
6129
6263
5442
3943
2252
393
-1415
-2717
-3523
-3944
-4062
-4314
-4837
-5443
-5827
-5470
-4336
-2774
-999
516
1315
2002
3030
4001
5045
6091
6406
5856
4910
3688
2324
1285
672
258
-188
-691
-1383
-2390
-3347
-3773
-3617
-3016
-2007
-993
-378
-124
73
420
914
1643
2417
2741
2589
2187
1483
644
78
-298
-670
-809
-791
-907
-1029
-972
-906
-775
-254
495
1189
1935
2623
2944
3065
3248
3304
3151
3075
2915
2396
1754
1167
525
21
-143
-158
-287
-434
-593
-824
-789
-259
452
1094
1684
2050
2095
2168
2506
2851
3007
3129
3218
2964
2566
2080
686
-1869
-4599
-7017
-8911
-9267
-8275
-7477
-7298
-7436
-7880
-7873
-6414
-3897
-1229
1161
2748
3501
3958
4507
5093
5537
5701
5391
4583
3330
1787
57
-1744
-3225
-4148
-4659
-4856
-4973
-5272
-5631
-5569
-4870
-3755
-2289
-677
576
1490
2553
3785
4809
5665
6240
5941
5101
4230
3066
1796
877
-4
-913
-1440
-1905
-2587
-3207
-3754
-4098
-3810
-3034
-2048
-991
-301
19
410
851
1435
2237
2723
2784
2599
2088
1398
863
330
-265
-647
-899
-1032
-1002
-1029
-1108
-1135
-997
-450
455
1423
2275
2823
2935
2923
3064
3235
3441
3512
3261
2699
1890
1163
707
466
482
688
663
415
181
-50
-66
445
1201
1810
2256
2406
2263
2150
2213
2410
2606
2732
2817
2748
2388
1742
453
-1810
-4401
-6672
-8414
-9077
-8466
-7675
-7360
-7245
-7363
-7336
-6310
-4239
-1833
376
2083
3041
3418
3769
4324
4852
5116
5042
4399
3013
1315
-360
-2052
-3424
-4230
-4719
-5081
-5277
-5393
-5547
-5472
-4916
-3944
-2750
-1271
307
1522
2582
3701
4494
4989
5419
5379
4801
4056
3073
1884
833
-88
-812
-1241
-1616
-2006
-2338
-2851
-3314
-3261
-2904
-2220
-1060
-63
562
1121
1434
1495
1776
2162
2361
2530
2418
1884
1163
308
-505
-957
-1099
-1023
-761
-592
-656
-727
-604
-244
525
1598
2511
3075
3392
3511
3396
3356
3434
3254
2860
2431
1778
1028
543
190
-71
-26
47
-37
-58
-130
-155
312
1044
1754
2568
3020
2892
2732
2550
2272
2298
2376
2148
1957
1689
926
-65
-1393
-3452
-5555
-7092
-8174
-8331
-7501
-6737
-6421
-6208
-6074
-5697
-4401
-2366
-357
1314
2445
2898
3114
3433
3732
3893
3887
3438
2557
1459
94
-1405
-2783
-3940
-4650
-4766
-4633
-4509
-4377
-4363
-4330
-3830
-2873
-1695
-249
1115
1966
2716
3518
4021
4418
4861
4758
4073
3288
2277
1070
220
-340
-843
-1118
-1310
-1735
-2260
-2728
-2988
-2816
-2218
-1340
-343
365
643
831
933
978
1277
1667
1765
1751
1596
1039
400
-71
-510
-773
-682
-460
-273
-91
12
58
253
667
1299
2029
2644
3032
3096
2940
2754
2660
2594
2481
2309
1933
1375
844
491
323
351
546
654
602
593
686
862
1369
2038
2431
2591
2559
2189
1809
1727
1722
1777
1835
1668
1456
1328
1005
516
-356
-2080
-4213
-6075
-7553
-8176
-7610
-6801
-6403
-6218
-6280
-6349
-5633
-3977
-1952
-40
1475
2393
2752
2984
3333
3685
3878
3824
3354
2350
1046
-408
-1897
-3134
-3951
-4320
-4374
-4336
-4341
-4494
-4649
-4404
-3697
-2655
-1215
268
1327
2221
3161
3830
4346
4890
4953
4399
3678
2857
1858
1012
449
-79
-649
-1122
-1548
-2161
-2749
-2952
-2868
-2568
-1793
-863
-309
94
469
631
833
1311
1725
1899
1983
1846
1394
900
489
45
-328
-445
-407
-365
-280
-166
-110
22
408
991
1620
2276
2768
2943
2912
2829
2803
2729
2652
2594
2296
1781
1359
1012
663
559
676
622
521
555
516
603
1049
1570
1914
2167
2195
1930
1652
1468
1338
1283
1230
1085
1009
933
781
473
-362
-1850
-3654
-5373
-6660
-7063
-6658
-6018
-5567
-5426
-5513
-5496
-4896
-3580
-1859
-247
980
1737
2048
2257
2570
2882
3089
3045
2607
1717
533
-757
-1947
-2876
-3481
-3630
-3588
-3563
-3543
-3606
-3639
-3378
-2744
-1844
-779
244
1074
1828
2562
3222
3796
4153
4136
3728
2954
2073
1277
565
6
-387
-769
-1142
-1470
-1896
-2332
-2551
-2551
-2310
-1688
-936
-349
66
297
386
557
871
1268
1604
1692
1493
1106
644
287
112
5
1
92
163
197
264
331
406
671
1070
1550
2080
2487
2710
2762
2759
2781
2783
2743
2616
2253
1734
1353
1099
933
969
1032
931
829
777
744
920
1245
1549
1814
1869
1677
1441
1153
900
822
777
671
589
422
260
407
623
617
327
-668
-2493
-4430
-5976
-6969
-6969
-6227
-5632
-5459
-5583
-5860
-5826
-4945
-3339
-1529
99
1322
2035
2385
2640
2929
3200
3324
3237
2826
1964
704
-681
-2017
-3090
-3614
-3645
-3621
-3679
-3809
-4137
-4346
-3986
-3144
-2061
-720
597
1541
2364
3160
3701
4112
4426
4372
3979
3396
2563
1612
721
-72
-628
-975
-1369
-1834
-2381
-3045
-3422
-3213
-2604
-1745
-769
-90
216
496
796
1178
1752
2310
2624
2655
2455
2010
1439
934
541
314
243
287
266
111
-75
-172
-26
391
1054
1817
2396
2760
2988
3039
2999
3073
3108
2929
2684
2366
1878
1393
1054
743
484
338
277
169
18
26
162
361
721
1136
1316
1225
1058
796
549
570
759
882
936
982
997
938
818
435
-583
-2171
-3878
-5476
-6614
-6817
-6456
-6049
-5739
-5701
-5862
-5680
-4867
-3505
-1788
-115
1196
2047
2492
2760
3011
3177
3239
3155
2658
1734
589
-756
-2082
-3024
-3574
-3795
-3761
-3702
-3766
-3915
-3894
-3549
-2818
-1773
-536
666
1596
2418
3130
3643
4047
4284
4180
3754
3044
2152
1232
345
-370
-781
-1099
-1447
-1715
-2127
-2681
-2885
-2639
-2167
-1343
-359
253
567
797
935
1137
1580
2097
2396
2387
2086
1581
981
496
285
188
151
223
228
70
-7
41
187
584
1222
1905
2424
2790
2986
2948
2846
2906
2924
2734
2495
2097
1428
876
606
368
320
461
428
279
219
208
305
598
989
1339
1520
1531
1411
1151
875
747
728
727
813
871
832
770
618
271
-468
-1663
-3142
-4707
-6001
-6584
-6459
-6071
-5639
-5358
-5423
-5412
-4902
-3869
-2399
-795
577
1489
2006
2255
2413
2573
2645
2648
2358
1671
736
-425
-1678
-2693
-3266
-3512
-3486
-3304
-3300
-3442
-3466
-3258
-2723
-1814
-645
433
1287
2064
2714
3204
3690
4126
4185
3852
3262
2408
1385
496
-115
-571
-867
-1054
-1340
-1855
-2333
-2539
-2491
-2056
-1210
-370
196
613
872
987
1290
1790
2166
2364
2438
2167
1666
1231
835
496
311
286
298
243
155
74
-13
29
356
853
1342
1865
2251
2332
2330
2388
2366
2304
2311
2162
1782
1374
990
636
477
594
734
760
797
724
487
425
648
913
1221
1570
1637
1347
980
657
370
286
449
597
559
501
556
546
550
645
305
-773
-2178
-3719
-5253
-6102
-6124
-5828
-5488
-5230
-5238
-5370
-5165
-4333
-3050
-1566
-55
1109
1710
2028
2256
2331
2442
2655
2631
2206
1478
402
-916
-2087
-2857
-3248
-3353
-3307
-3302
-3499
-3706
-3612
-3262
-2600
-1536
-408
551
1477
2299
2907
3434
3919
4155
4113
3809
3239
2383
1405
579
-126
-727
-1060
-1282
-1684
-2040
-2284
-2515
-2481
-2037
-1406
-724
9
570
895
1123
1327
1550
1806
2063
2229
2142
1777
1295
738
229
-22
-59
-13
43
-4
-188
-396
-455
-219
268
925
1641
2185
2438
2531
2540
2481
2525
2619
2567
2386
2067
1604
1174
898
746
699
738
720
643
598
590
654
806
982
1077
1121
1094
967
808
671
575
510
542
654
780
943
1105
1095
839
240
-875
-2305
-3794
-5087
-5862
-6027
-5805
-5548
-5427
-5489
-5518
-5253
-4435
-3078
-1596
-250
811
1386
1630
1913
2227
2450
2666
2649
2099
1219
221
-923
-1941
-2589
-2979
-3214
-3332
-3425
-3580
-3700
-3527
-3074
-2443
-1515
-454
448
1308
2214
2935
3508
3965
4128
3975
3623
3171
2606
1862
1102
394
-462
-1166
-1446
-1848
-2292
-2330
-2516
-2818
-2475
-1907
-1425
-566
269
635
980
1397
1678
2026
2468
2709
2618
2205
1660
1029
375
38
-81
-290
-403
-393
-607
-794
-637
-432
-60
661
1428
1996
2418
2708
2826
2839
2931
3123
3047
2784
2559
2037
1386
1132
903
578
572
603
467
461
609
645
642
777
887
875
910
950
805
583
471
366
222
304
463
550
784
1111
1216
1060
556
-566
-2063
-3509
-4707
-5423
-5604
-5508
-5457
-5543
-5692
-5711
-5385
-4577
-3325
-1986
-757
281
1014
1481
1923
2319
2570
2764
2768
2398
1740
881
-134
-1117
-1870
-2405
-2762
-2939
-3057
-3210
-3309
-3257
-3038
-2594
-1857
-921
-7
939
1815
2435
2949
3405
3616
3599
3403
2914
2190
1448
803
271
-137
-430
-733
-1216
-1743
-2139
-2467
-2502
-2070
-1549
-1030
-434
-91
40
332
740
1192
1752
2223
2292
2038
1604
1055
585
321
260
202
83
-23
-212
-459
-513
-350
-114
317
928
1473
1896
2287
2504
2596
2682
2797
2873
2803
2663
2393
1945
1509
1233
970
794
793
736
597
561
529
438
462
615
712
813
980
987
778
521
257
-23
-110
41
258
393
460
415
284
206
210
104
-423
-1337
-2537
-3920
-4964
-5406
-5405
-5144
-4850
-4759
-4858
-4865
-4540
-3785
-2679
-1392
-165
778
1390
1807
2062
2181
2342
2464
2333
1969
1330
369
-711
-1683
-2412
-2858
-3000
-3022
-3034
-3114
-3176
-3046
-2720
-2078
-1156
-149
797
1669
2355
2793
3087
3234
3196
3033
2759
2317
1726
1046
359
-221
-623
-831
-963
-1217
-1548
-1859
-2084
-1987
-1470
-791
-151
427
766
918
1130
1410
1690
1970
2134
2075
1825
1440
978
529
184
2
-13
35
73
47
-44
-86
74
445
1030
1694
2243
2616
2780
2781
2772
2779
2757
2735
2589
2226
1790
1337
873
598
470
408
421
408
371
362
388
454
637
800
871
924
766
414
61
-274
-490
-445
-205
80
319
434
441
447
453
488
392
-150
-1052
-2253
-3609
-4667
-5196
-5394
-5320
-5080
-5087
-5161
-5044
-4729
-4010
-2858
-1567
-354
675
1382
1800
2056
2219
2410
2527
2427
2107
1418
387
-700
-1652
-2360
-2692
-2783
-2811
-2901
-3098
-3249
-3200
-2884
-2178
-1171
-199
731
1550
2076
2469
2860
3115
3265
3313
3070
2563
1885
1113
436
-68
-388
-526
-711
-1074
-1436
-1826
-2102
-1942
-1464
-885
-259
237
463
590
788
1065
1426
1786
2019
2023
1755
1378
987
586
343
299
245
212
203
77
-98
-129
-6
267
773
1356
1816
2156
2321
2302
2221
2187
2230
2229
2170
2037
1740
1326
969
738
566
523
630
665
610
672
703
665
788
931
914
832
697
344
-4
-213
-346
-282
-114
38
112
64
9
68
186
376
562
336
-384
-1347
-2576
-3762
-4397
-4619
-4660
-4436
-4303
-4478
-4586
-4462
-4103
-3291
-2127
-967
29
730
1131
1296
1401
1591
1828
1968
1911
1580
841
-85
-905
-1584
-2001
-2131
-2176
-2313
-2502
-2686
-2813
-2727
-2343
-1686
-925
-131
663
1263
1648
2005
2302
2474
2723
2920
2839
2547
2081
1398
679
192
-143
-372
-497
-634
-916
-1229
-1410
-1458
-1337
-988
-494
-83
297
657
853
1010
1241
1461
1640
1789
1780
1576
1205
768
428
231
186
294
381
329
241
114
5
129
408
750
1165
1519
1710
1824
1902
1907
1953
2039
2039
1976
1811
1520
1203
933
733
676
680
656
670
606
481
439
382
333
384
409
390
366
225
-9
-216
-392
-453
-346
-153
23
133
149
140
159
237
377
382
54
-616
-1551
-2687
-3633
-4122
-4346
-4354
-4194
-4236
-4457
-4483
-4311
-3864
-2990
-1910
-924
-78
580
996
1294
1594
1887
2110
2187
2052
1611
895
91
-669
-1286
-1737
-1975
-2148
-2355
-2484
-2534
-2530
-2369
-1974
-1520
-976
-300
347
918
1464
1928
2250
2535
2800
2917
2873
2638
2202
1644
1067
627
367
120
-60
-266
-686
-1075
-1327
-1481
-1421
-1077
-690
-295
110
402
624
813
1025
1234
1436
1551
1568
1435
1137
860
611
434
406
432
385
273
66
-183
-331
-323
-128
238
612
932
1180
1313
1423
1606
1780
1913
2030
1983
1836
1665
1471
1298
1162
1042
931
823
686
605
476
311
186
71
-24
8
100
135
128
16
-195
-410
-519
-464
-274
-46
177
295
263
227
276
342
491
626
447
-70
-847
-1858
-2868
-3527
-3837
-3906
-3817
-3768
-3907
-4117
-4201
-4022
-3488
-2652
-1631
-661
56
609
973
1165
1373
1632
1782
1807
1705
1307
678
-25
-705
-1264
-1595
-1712
-1746
-1816
-1949
-2125
-2313
-2329
-2069
-1589
-958
-229
442
932
1337
1635
1824
2017
2237
2399
2482
2473
2266
1893
1437
955
529
203
-17
-182
-367
-595
-833
-1043
-1137
-1045
-803
-484
-151
128
331
549
762
987
1205
1331
1330
1213
1053
812
616
468
300
149
39
-71
-183
-177
-141
-33
172
402
643
902
1149
1367
1575
1738
1861
1924
1922
1853
1741
1588
1421
1248
1028
811
600
406
281
226
210
172
104
9
-108
-165
-116
23
186
329
399
348
250
188
175
251
412
556
635
615
497
381
298
248
221
40
-384
-1029
-1886
-2778
-3446
-3869
-4072
-4023
-3961
-3971
-3917
-3805
-3600
-3098
-2399
-1618
-752
7
593
1010
1281
1417
1505
1532
1464
1316
1029
596
95
-447
-929
-1296
-1562
-1717
-1795
-1896
-2004
-2089
-2163
-2107
-1863
-1453
-916
-304
257
731
1107
1371
1618
1868
2091
2301
2436
2405
2242
1974
1582
1180
826
531
292
75
-118
-358
-570
-692
-735
-676
-520
-348
-194
-16
126
275
430
567
641
672
656
609
533
435
345
249
194
170
194
223
263
317
386
470
597
781
942
1120
1267
1381
1451
1476
1466
1413
1325
1218
1145
1055
942
827
694
540
438
386
374
389
393
375
328
311
323
381
431
448
448
392
337
300
242
187
128
56
-8
13
52
84
152
145
102
69
25
-57
-223
-569
-1057
-1663
-2346
-2880
-3250
-3499
-3546
-3473
-3431
-3371
-3193
-3002
-2694
-2185
-1598
-960
-350
180
541
747
863
924
952
945
932
823
544
205
-209
-673
-1013
-1204
-1328
-1364
-1349
-1393
-1470
-1495
-1440
-1278
-950
-510
-11
432
833
1165
1358
1521
1711
1837
1947
2070
2110
2040
1899
1715
1414
1109
829
570
341
202
118
5
-67
-137
-199
-253
-235
-188
-156
-75
-9
69
150
220
237
188
94
27
-25
-21
91
186
250
303
331
334
399
529
640
761
880
895
881
873
866
873
903
939
941
931
901
850
804
761
724
682
635
609
574
548
546
525
466
373
251
107
-9
-68
-114
-119
-128
-125
-145
-170
-136
-108
-54
40
140
236
322
364
381
368
368
360
320
198
-62
-500
-1064
-1658
-2229
-2631
-2891
-3032
-3091
-3138
-3189
-3185
-3084
-2865
-2482
-2015
-1495
-961
-482
-60
273
556
756
895
992
1010
988
888
696
450
160
-136
-368
-563
-694
-774
-845
-906
-931
-906
-839
-709
-501
-265
-14
271
526
730
894
1018
1080
1120
1188
1245
1282
1307
1293
1185
1028
842
637
500
450
463
496
521
493
383
245
143
107
150
237
314
318
217
50
-160
-349
-485
-527
-502
-471
-416
-385
-400
-391
-323
-195
-2
268
535
738
893
965
985
1038
1146
1248
1365
1457
1440
1334
1175
976
793
676
575
503
437
336
227
101
-31
-138
-223
-275
-287
-254
-205
-142
-77
-47
-37
-16
12
86
193
280
322
342
291
253
235
202
224
211
150
36
-109
-263
-419
-514
-610
-711
-808
-968
-1163
-1366
-1555
-1706
-1784
-1820
-1830
-1814
-1809
-1779
-1701
-1586
-1428
-1251
-1089
-927
-749
-542
-301
-67
119
234
265
278
306
326
361
399
385
337
285
224
159
126
102
37
0
-46
-91
-135
-171
-205
-241
-239
-218
-155
-93
-28
29
47
60
99
156
254
398
533
671
754
810
823
810
811
820
842
870
880
852
808
723
630
492
369
215
53
-110
-290
-439
-580
-693
-746
-774
-773
-696
-608
-493
-356
-185
-52
105
278
434
607
781
949
1065
1122
1111
1048
933
834
761
709
656
597
474
300
117
-65
-204
-280
-278
-214
-125
-32
36
54
51
74
110
151
223
269
281
282
275
241
185
149
88
12
-20
-43
-45
-49
-58
-87
-155
-202
-225
-226
-207
-177
-157
-192
-230
-270
-323
-346
-359
-372
-417
-485
-578
-717
-871
-994
-1096
-1121
-1072
-1001
-930
-872
-857
-844
-817
-756
-602
-441
-240
-48
82
168
222
231
243
268
286
330
340
324
269
150
5
-114
-202
-249
-282
-296
-340
-425
-453
-456
-407
-274
-132
-3
109
185
219
236
254
275
328
371
414
447
430
396
349
311
283
275
277
259
247
247
220
209
231
220
189
182
166
140
155
170
154
133
95
45
-18
-48
-29
-31
-12
6
-5
-38
-57
-32
-2
73
190
282
355
419
447
434
446
476
497
544
595
612
599
555
472
401
332
293
286
267
249
215
108
-1
-73
-143
-142
-86
-40
-6
11
-11
-60
-77
-64
-37
35
94
128
135
119
110
115
101
107
113
79
70
40
-21
-72
-125
-228
-307
-371
-438
-473
-514
-572
-655
-746
-817
-857
-857
-809
-742
-683
-619
-551
-504
-466
-409
-357
-309
-237
-183
-149
-125
-138
-162
-197
-227
-234
-241
-237
-220
-227
-234
-216
-171
-108
-26
59
105
156
186
199
206
195
175
148
108
76
54
15
-18
-41
-64
-64
-39
-13
12
58
90
125
173
203
250
280
322
375
408
458
507
547
555
521
464
351
235
149
60
-5
-40
-67
-120
-179
-251
-330
-379
-372
-314
-219
-128
-34
43
87
192
284
393
513
601
647
659
668
663
659
660
642
584
521
426
331
216
115
34
-19
-29
-6
42
50
59
36
14
9
47
104
139
179
196
181
185
195
188
180
157
115
62
31
-3
-40
-79
-131
-196
-237
-262
-292
-292
-318
-349
-383
-427
-467
-492
-522
-524
-534
-543
-539
-553
-562
-579
-593
-593
-573
-536
-499
-449
-397
-362
-308
-265
-223
-174
-126
-62
-30
15
48
47
46
46
40
41
36
36
23
-20
-32
-48
-68
-58
-51
-40
-24
-6
14
17
31
29
16
15
21
39
56
85
110
117
123
126
106
112
127
175
196
226
244
208
186
164
145
134
144
127
106
85
56
24
2
-13
-19
-12
9
43
74
119
170
233
287
349
389
417
447
471
487
504
520
517
512
497
469
429
398
351
297
237
163
97
27
0
-16
-7
17
28
36
16
-4
-17
-6
50
122
177
208
190
127
59
9
-39
-47
-34
-31
-49
-90
-159
-254
-346
-423
-466
-504
-506
-503
-521
-531
-563
-593
-616
-634
-607
-571
-495
-392
-303
-240
-213
-211
-233
-232
-205
-160
-91
-13
29
20
6
-46
-94
-106
-99
-81
-50
-37
-35
-63
-104
-152
-168
-166
-120
-46
-8
24
23
-12
-63
-88
-92
-78
-38
-1
28
51
52
19
-5
-40
-46
-19
13
74
120
150
152
138
111
80
78
85
106
137
148
154
141
133
117
102
110
117
152
166
211
249
263
277
265
267
269
314
360
420
478
494
491
452
424
404
398
413
433
442
426
402
351
286
247
194
163
160
163
177
173
151
118
60
5
-29
-57
-60
-48
-26
-4
-2
-20
-52
-99
-132
-156
-174
-163
-153
-140
-153
-189
-212
-268
-302
-344
-406
-433
-446
-438
-443
-440
-461
-501
-518
-524
-485
-426
-346
-266
-218
-195
-191
-169
-131
-86
-37
7
37
43
31
-5
-58
-105
-138
-159
-166
-153
-162
-167
-193
-232
-249
-252
-231
-197
-126
-65
-12
39
57
67
57
42
47
47
65
72
85
72
38
8
-31
-44
-71
-64
-51
-41
2
44
76
114
130
137
131
129
146
153
183
193
198
187
160
131
88
91
101
129
185
243
288
300
303
296
292
316
358
403
439
464
449
422
375
341
301
261
259
238
242
231
206
157
86
23
-34
-58
-57
-36
-23
-13
-20
-49
-79
-99
-99
-94
-88
-57
-39
-16
-7
-45
-95
-139
-176
-212
-222
-223
-234
-253
-284
-319
-352
-382
-407
-426
-446
-431
-409
-370
-320
-287
-258
-239
-217
-181
-153
-128
-98
-75
-62
-50
-55
-57
-57
-62
-71
-79
-74
-81
-97
-103
-117
-127
-135
-140
-133
-109
-85
-59
-39
-31
-23
-14
-18
-8
7
3
28
32
36
29
23
29
32
43
45
60
82
108
149
162
171
176
155
138
128
152
174
208
231
227
227
197
167
152
156
171
193
199
211
193
169
148
120
107
100
134
175
213
260
283
276
263
234
223
223
244
283
310
330
328
305
255
198
155
125
104
83
64
39
16
-28
-94
-132
-169
-179
-175
-166
-151
-157
-165
-175
-192
-204
-202
-192
-173
-152
-136
-125
-126
-133
-155
-185
-205
-223
-216
-200
-183
-181
-191
-218
-251
-267
-273
-256
-235
-202
-172
-149
-155
-157
-156
-156
-155
-147
-126
-88
-61
-44
-43
-59
-73
-87
-94
-93
-81
-75
-47
-25
-2
25
25
28
35
51
63
81
103
112
124
109
90
64
43
35
40
46
55
46
38
41
48
49
74
107
132
153
157
154
138
152
155
163
182
193
205
200
214
236
231
232
208
184
148
125
117
106
124
135
143
137
132
113
90
76
77
81
98
121
126
132
116
86
48
28
20
20
21
26
19
-18
-38
-57
-72
-86
-94
-107
-119
-119
-109
-101
-101
-105
-115
-140
-158
-176
-195
-197
-204
-214
-222
-237
-268
-285
-307
-312
-306
-291
-247
-212
-189
-169
-169
-172
-169
-142
-103
-66
-37
-8
1
2
0
-22
-22
-19
-19
-7
-16
-29
-44
-62
-76
-91
-89
-76
-54
-36
-29
-21
-14
-5
3
2
25
39
56
90
102
120
126
121
112
109
123
141
149
150
148
154
142
132
127
116
135
127
133
134
114
124
104
100
85
79
75
80
86
74
81
82
85
89
107
125
149
180
190
205
210
214
219
199
196
195
180
180
161
144
119
79
50
9
-3
-20
-31
-29
-40
-42
-50
-58
-61
-49
-32
-19
-10
-6
-15
-16
-28
-41
-54
-68
-83
-81
-83
-94
-103
-121
-134
-150
-160
-154
-165
-179
-180
-192
-200
-195
-194
-184
-173
-157
-145
-140
-137
-136
-136
-131
-123
-103
-90
-79
-54
-64
-47
-52
-61
-50
-68
-62
-68
-74
-62
-46
-44
-29
-34
-62
-57
-56
-46
-32
-24
-11
-10
-3
6
6
10
24
31
29
44
52
63
67
66
75
60
57
56
65
74
76
78
85
93
95
105
107
101
112
116
118
116
118
110
108
98
81
75
69
75
73
74
72
61
57
52
34
29
34
46
50
52
40
35
21
10
9
20
31
28
32
8
-7
-11
-22
-24
-22
-33
-31
-35
-62
-57
-77
-85
-85
-107
-112
-107
-102
-95
-74
-73
-47
-36
-23
-7
-3
10
-5
7
5
3
13
11
8
-3
-10
-21
-34
-58
-64
-74
-75
-55
-47
-43
-39
-45
-50
-41
-33
-8
18
34
37
34
20
10
5
-1
8
12
15
10
0
-13
-22
-50
-60
-60
-59
-30
-14
3
4
-2
6
-7
5
13
8
32
32
37
44
36
32
17
10
10
14
21
23
36
45
53
58
66
67
63
75
90
95
97
98
84
68
51
49
33
25
16
11
-11
-28
-47
-69
-69
-81
-75
-72
-78
-72
-64
-53
-44
-43
-29
-23
-6
0
9
16
21
5
-11
-13
-30
-37
-40
-48
-52
-48
-44
-44
-75
-79
-92
-112
-109
-105
-88
-77
-59
-47
-40
-28
-34
-21
-3
13
36
48
65
63
80
84
90
83
67
82
66
80
70
63
59
40
36
22
10
6
12
16
12
7
12
3
-1
0
8
30
45
43
43
43
34
29
13
-2
-5
-6
15
33
28
41
31
13
14
8
14
22
25
31
32
24
8
-4
-25
-29
-29
-28
-17
-23
-14
-13
-21
-8
-24
-13
2
14
33
39
55
55
58
57
53
37
28
22
18
18
13
12
-8
-22
-40
-43
-34
-41
-27
-23
-23
-14
-25
-23
-34
-24
-18
-11
7
-3
3
-3
-7
-18
-25
-11
-6
-7
-11
-12
-28
-34
-34
-43
-33
-39
-36
-37
-37
-24
-23
-6
-15
-8
-6
3
8
20
31
32
38
34
43
29
39
48
48
51
41
39
43
43
34
19
22
26
23
29
25
28
34
36
31
40
32
14
11
0
6
3
-3
-8
-8
-12
-21
-31
-39
-37
-45
-43
-33
-31
-31
-39
-34
-35
-30
-38
-38
-31
-26
-26
-44
-53
-60
-64
-72
-69
-68
-72
-77
-95
-91
-91
-92
-86
-79
-51
-32
-21
-10
1
4
17
15
29
36
42
47
50
66
61
64
57
60
54
45
49
42
37
42
28
13
8
5
5
-2
11
15
24
12
11
25
22
27
28
35
31
38
40
46
57
63
54
63
63
56
50
36
36
28
19
27
16
13
15
-1
-14
-22
-25
-34
-39
-41
-17
-11
-3
13
20
36
29
37
41
42
53
56
63
53
46
32
24
21
15
2
-2
0
-3
-14
-22
-30
-24
-26
-32
-25
-41
-29
-42
-44
-52
-68
-58
-63
-57
-55
-60
-62
-68
-70
-75
-84
-80
-83
-85
-80
-79
-82
-71
-63
-67
-57
-63
-64
-65
-60
-43
-34
-26
-26
-27
-25
-34
-31
-18
-11
3
17
20
14
4
4
11
3
10
28
38
39
48
35
35
43
38
45
52
57
60
62
48
45
33
31
44
36
44
46
47
51
41
41
39
40
45
51
58
48
47
41
31
33
24
16
17
11
10
8
-3
-2
-2
-20
-16
-19
-27
-23
-22
-14
-22
-1
1
8
14
13
21
21
22
12
17
14
23
20
12
6
-4
-5
-9
-29
-34
-29
-33
-29
-39
-40
-52
-47
-51
-48
-33
-31
-39
-32
-28
-42
-33
-40
-25
-26
-31
-20
-25
-34
-30
-36
-35
-32
-49
-35
-26
-19
-13
-15
-15
-22
-24
-38
-41
-32
-30
-35
-23
-12
-10
-8
-17
-18
-23
-19
-15
-4
1
9
0
6
14
11
15
7
28
31
43
43
32
48
42
45
47
33
42
47
56
64
59
52
34
34
31
21
11
12
24
32
26
9
11
1
-7
8
-2
15
12
21
21
14
24
28
45
39
49
52
44
53
42
26
25
25
28
26
35
18
16
19
4
-4
-25
-28
-27
-21
-29
-23
-31
-37
-32
-34
-31
-41
-30
-26
-10
-3
8
8
6
15
8
7
6
-12
-7
-22
-25
-34
-54
-49
-58
-61
-69
-63
-68
-76
-78
-76
-73
-62
-54
-39
-43
-29
-10
-19
-14
-20
-10
-1
-19
-18
-23
-27
-23
-36
-17
-10
-7
-3
-3
7
0
-4
-5
17
15
3
18
6
11
1
-4
10
14
6
11
4
-7
-2
-12
-7
-1
-2
13
22
28
25
26
26
21
17
15
27
29
30
34
34
30
21
15
6
1
1
4
2
-1
4
18
9
14
15
17
25
23
28
23
30
28
36
41
33
34
44
47
39
41
39
33
48
26
26
34
14
18
13
16
18
15
8
10
10
3
-2
-8
-10
7
6
-9
-5
-7
-7
-12
-21
-5
-15
-11
-11
-22
-5
-24
-34
-25
-28
-23
-19
-36
-24
-23
-31
-38
-41
-42
-48
-37
-49
-41
-40
-36
-29
-30
-29
-33
-30
-18
-18
-15
-7
-6
5
-5
-11
-4
-3
6
-3
8
8
-3
4
4
0
-6
-2
-5
-9
-4
-7
-2
-10
-17
-9
-16
-15
-21
-15
-2
5
-4
-3
3
10
8
13
16
24
30
20
22
16
14
3
-7
-5
-18
-4
-7
-3
2
2
-10
-4
1
-17
-13
-17
0
2
11
15
15
18
21
30
22
22
27
34
36
31
18
22
15
13
23
18
12
12
8
13
7
-5
-7
-5
-4
1
5
8
16
19
20
15
19
11
10
16
17
15
4
2
0
-2
-19
-20
-10
-15
-22
-27
-26
-21
-21
-16
-1
13
10
16
25
23
25
26
30
23
17
15
17
15
4
8
5
-2
-15
-13
-8
-12
0
-1
-3
-2
2
-5
