-4
2
-1
-2
-2
-1
0
0
-4
2
2
-3
0
-2
0
-3
0
2
-2
-1
2
-5
0
3
-2
4
0
-2
5
6
0
-1
1
-2
-4
-4
-2
-2
-2
-1
0
0
-2
0
-3
-7
-4
-4
0
-3
-1
-3
2
-3
-6
-6
-5
-1
-4
-5
-2
1
-1
3
-1
-1
-1
-1
-5
-5
-1
0
-2
-1
1
-1
-4
-4
-1
-4
1
-3
-5
-1
-1
0
-3
-2
-3
0
-5
-2
-2
-3
-2
-1
0
1
1
-2
0
-1
1
-1
1
2
-1
0
1
7
3
2
4
3
1
1
3
5
3
-4
1
-2
-4
0
0
6
3
1
1
1
0
-2
-2
-9
-1
-1
-2
-2
0
3
-4
-4
0
-4
1
2
1
0
-1
1
0
2
-1
2
3
-1
0
0
2
2
3
4
2
2
5
1
0
-2
-1
3
-2
0
2
6
4
1
3
3
0
-1
1
-1
-2
2
3
3
-3
-2
0
0
1
5
6
-2
3
0
-2
-2
-2
1
-5
-4
-2
-4
-3
2
1
-1
-1
0
-2
-10
-4
-1
-4
-3
-2
-5
-8
-4
-2
-6
-4
0
-3
-4
-1
0
3
1
-5
-1
-1
3
-1
-1
1
0
-1
3
3
-5
2
5
1
5
5
2
2
-1
-1
-1
-1
-1
-1
-3
1
0
1
-5
-2
1
-1
-2
-2
-1
-4
-6
-4
-2
3
3
-1
-4
-1
-4
-3
-2
-2
1
2
3
3
2
4
6
3
4
4
-3
0
5
4
6
3
2
5
3
3
6
5
6
3
3
2
3
3
3
7
3
1
0
0
-2
3
1
-1
3
2
2
5
2
-1
-1
-2
0
2
1
-2
-1
0
4
0
-2
-2
0
4
3
5
1
-1
2
2
4
0
-3
-1
-1
3
1
2
-1
5
3
4
2
-2
1
-3
0
-1
-1
0
2
-1
-1
0
-3
-4
-2
-6
-4
-2
0
-2
-2
-1
0
-4
-7
0
-6
-8
-5
-2
-1
-5
2
3
2
3
-2
-1
0
3
1
-4
-6
-2
1
6
1
1
3
4
3
0
6
-2
-1
0
-1
3
0
0
-2
1
0
-3
-2
-2
-2
-4
-4
-4
-4
0
-2
1
-1
-3
0
-4
-4
-2
-3
-1
-1
-5
0
-3
1
2
0
1
-2
1
4
-1
1
2
0
5
3
-1
-2
0
3
4
3
0
-1
2
2
4
5
0
1
2
-3
1
0
4
4
2
-1
-3
4
1
1
0
-4
-3
-1
0
1
4
2
0
-1
-1
-3
-3
-4
0
0
-3
-3
-1
3
3
1
0
-3
-2
-3
-2
-2
-1
0
5
5
1
0
-3
3
-1
0
0
0
5
4
2
-1
2
3
-3
0
-3
-1
2
-1
1
3
3
0
1
4
2
-3
-2
1
2
-2
-1
-1
-3
-2
-2
2
4
2
3
6
1
1
0
2
-1
-2
0
-1
-1
-5
0
4
2
-2
0
2
0
3
-1
0
3
2
-3
-5
-4
-2
-3
-2
-3
-4
-5
-1
0
0
2
-1
2
1
0
1
0
1
0
-4
-3
-2
0
0
5
3
-1
5
2
-1
3
7
1
1
3
2
-2
0
4
4
1
-4
-4
-2
-1
2
1
1
3
-1
2
6
5
-3
2
2
-1
0
0
0
1
4
2
1
2
0
4
8
4
2
4
3
5
2
3
4
5
3
4
1
0
2
0
-1
2
2
1
3
5
4
1
1
-1
-2
-1
-2
-3
-2
3
2
3
2
0
-1
-4
-1
0
-1
4
2
-1
1
-1
1
2
4
4
4
-1
-3
0
1
1
-2
-1
-1
2
-1
2
3
-1
4
1
-2
0
2
-1
3
0
-1
1
-3
0
-1
-2
-5
1
2
2
0
0
1
-1
1
1
0
-2
-1
-1
-2
0
1
-3
-4
-2
3
-6
-5
0
0
-3
1
5
-2
0
2
0
0
1
-1
-5
-5
-4
-2
-1
-2
4
4
1
5
5
7
1
-2
-1
0
-1
-1
-4
0
-1
0
2
1
0
0
0
2
4
0
2
-2
-3
-2
5
-3
-2
3
-6
-4
0
2
0
-1
0
4
-2
3
5
-2
-2
-2
-2
2
6
-4
2
6
3
-5
-3
7
0
-5
-3
6
3
2
-3
-1
4
0
-1
1
6
-5
-2
6
3
1
-3
3
4
-3
-3
2
3
0
-4
-3
8
5
-8
0
10
7
-5
-2
2
-6
-2
4
3
-10
-3
9
2
-8
-3
7
8
-2
3
4
-3
-1
3
8
-6
-5
4
3
5
3
5
5
0
5
-4
-3
2
5
1
-6
6
0
-2
3
-1
-8
-1
2
1
0
-7
-3
5
1
-16
-13
9
10
-17
-10
15
12
-12
-6
10
11
0
-14
1
19
8
-19
-9
19
11
-8
-6
2
4
14
-5
-38
-6
43
21
-35
-8
28
3
-6
7
-36
-48
55
46
-85
-73
79
75
-51
-48
18
16
22
32
-54
-57
66
88
-55
-106
41
113
-2
-86
-20
58
53
-14
-56
-9
68
40
-43
-38
29
47
1
-27
-15
4
21
2
-28
-20
13
20
-7
-16
-2
3
13
9
-18
-13
11
13
-9
-22
0
14
5
-9
-13
6
12
10
-11
-19
11
36
-2
-55
-7
63
18
-66
-29
72
49
-64
-77
28
79
-8
-90
-23
82
32
-71
-58
39
63
-5
-46
-17
44
39
-35
-51
26
60
-2
-50
1
52
6
-35
-6
37
30
-17
-16
25
33
-26
-36
23
37
-32
-59
21
49
-41
-76
35
80
-34
-92
16
102
-25
-153
-21
163
42
-137
-48
89
67
3
-60
-117
67
199
-57
-247
-1
257
52
-224
-55
218
99
-139
-107
81
92
-47
-82
-22
42
26
-67
-61
32
45
1
-37
-29
51
60
-43
-85
35
123
-23
-155
15
190
10
-193
-11
184
60
-79
-60
7
60
40
-88
-118
93
201
-75
-232
65
250
-40
-251
6
217
-43
-244
47
174
-141
-153
175
123
-154
-35
113
22
-12
-4
-54
53
160
-8
-143
-17
136
77
-60
-68
48
77
1
-81
-61
120
56
-150
-87
129
98
-167
-121
153
138
-183
-160
191
139
-234
-241
127
164
-84
-171
46
186
36
-138
-26
146
74
-67
-73
81
74
-30
-6
79
15
-151
83
196
-139
-202
224
170
-363
-85
408
93
-382
-105
215
153
-110
-271
-23
311
120
-370
-177
214
239
-111
-288
-119
251
358
-207
-482
123
624
-35
-639
13
545
52
-502
-59
385
-56
-248
235
168
-488
-31
649
-171
-757
342
594
-356
-436
263
236
-95
-18
-182
-65
352
146
-435
-197
362
281
-186
-360
47
528
164
-682
-341
834
443
-806
-487
657
706
-415
-979
243
1047
-95
-993
-66
830
30
-429
-230
43
437
143
-543
-212
489
174
-437
-270
459
324
-455
-295
492
274
-417
-334
200
582
70
-714
-251
891
294
-810
-152
313
359
162
-464
-604
475
949
-556
-825
306
678
-18
-465
-220
75
208
396
-270
-873
456
1070
-431
-1229
214
1265
-23
-1095
-6
818
-143
-368
248
19
-423
384
758
-984
-517
1145
241
-834
-177
483
165
-164
-92
91
-218
-125
351
241
-343
-349
335
288
-321
-293
128
230
207
-196
-577
47
706
262
-850
-428
958
309
-829
-43
678
-334
-421
526
180
-494
1
561
-30
-664
-88
713
368
-778
-404
782
159
-591
-231
363
556
-382
-801
593
774
-776
-617
822
327
-789
-112
615
16
-368
76
-104
-121
504
279
-751
-394
1082
214
-1124
-36
925
104
-639
-115
317
180
-98
-225
-55
306
-75
-146
79
-59
64
-147
-134
346
146
-423
-45
325
-84
-133
41
-6
-2
203
-156
-227
222
-39
-68
89
-50
-48
144
8
70
-161
-230
207
374
-13
-597
280
373
-395
-254
252
300
-307
-281
219
319
-292
-170
91
129
185
-318
18
344
-58
-421
71
382
-102
-178
136
31
-111
42
-127
-63
323
301
-445
-534
676
603
-684
-627
632
516
-429
-328
123
351
-11
-365
-278
263
348
-10
-351
-345
203
294
107
-282
-168
323
281
-312
-436
160
620
-27
-763
62
486
72
-223
-87
142
-300
15
680
7
-935
-18
1099
-79
-1009
-20
1041
99
-602
-292
-107
595
592
-936
-915
1129
1024
-1223
-1059
932
1147
-644
-1263
618
1110
-360
-989
234
797
-128
-627
44
271
203
-295
-423
465
260
-417
-138
244
176
151
-466
-395
482
636
-308
-854
255
942
-166
-869
-331
904
640
-763
-915
456
914
-202
-857
-32
1066
-2
-848
-129
736
293
-624
-304
286
326
-158
-121
14
52
244
-574
-377
1143
368
-1181
-184
994
-163
-812
160
861
111
-892
-370
880
488
-778
-481
732
132
-727
59
457
-9
-218
-128
-341
406
699
-573
-232
643
-131
-904
176
911
-132
-480
8
94
246
-155
-558
531
752
-882
-438
906
31
-481
207
81
-405
241
637
-436
-510
400
497
-449
-557
310
507
-84
-442
-79
171
214
-312
-157
443
280
-64
-391
37
234
-119
-314
123
436
-36
-585
18
309
-39
186
-88
-128
316
-51
-615
332
569
-345
-449
79
598
-86
-452
15
230
41
-501
-26
653
268
-559
-496
370
312
-425
91
729
-60
-806
-177
607
268
-499
-14
752
-234
-859
322
588
-278
-161
385
-86
-291
253
-6
-20
-93
-149
-81
37
34
175
115
-677
-246
286
157
-80
-42
90
264
-353
-772
534
969
-34
-718
42
635
81
-267
-57
354
237
14
-311
129
482
-161
-491
-255
626
66
-397
48
-111
1
-95
-326
-6
307
-17
-320
100
72
-292
32
38
-227
81
693
-55
-851
33
669
252
-450
149
697
18
-356
-314
441
448
-447
-188
343
301
-296
-264
152
3
-171
69
319
-86
-245
-162
10
198
-304
-263
411
277
-256
-354
219
119
-484
21
353
60
139
90
-532
-517
307
484
-115
-304
460
433
-471
-572
146
568
104
-184
26
159
-16
-73
-207
-159
395
396
-448
-485
661
437
-554
-699
8
443
-15
-198
360
500
-542
-1103
66
587
89
200
216
-151
-425
-226
207
309
112
115
-39
8
186
-127
-72
241
-9
-103
214
341
177
174
-315
-848
131
727
41
-273
176
87
-484
-798
-215
551
310
-234
-183
70
-179
-55
343
251
-50
55
386
313
-17
-50
141
84
-84
34
267
234
-84
-558
-608
-194
294
189
-200
-97
115
-440
-651
95
246
-187
-19
8
-279
-127
-6
-158
-56
328
325
76
176
391
256
-20
204
684
317
93
308
253
28
-203
-70
103
180
-7
-106
-155
-410
-396
-223
-197
-247
81
132
-228
-184
-1
244
295
300
557
800
629
457
675
867
628
584
934
876
523
311
314
340
-20
-400
-207
-136
-615
-1044
-1005
-989
-1378
-1630
-1435
-1307
-1340
-1485
-1685
-1531
-1290
-1160
-1059
-890
-623
-369
-236
-168
51
330
546
693
813
1108
1122
931
954
976
1055
1111
954
789
770
618
429
218
-28
62
56
-238
-293
-59
-52
-451
-530
-53
163
-19
210
561
550
398
595
1004
1218
1157
1249
1620
1713
1705
1713
1776
1766
1818
1937
2041
2039
2004
1303
19
-480
-433
-468
-885
-1166
-1268
-2224
-3542
-3691
-3242
-3371
-3331
-2969
-3075
-3668
-3701
-3136
-2600
-2234
-1668
-928
-784
-479
138
437
661
1259
1934
1969
2155
2655
2780
2356
1984
2131
2232
2233
1927
1425
828
124
-571
-1209
-1445
-1503
-1941
-2518
-2836
-3033
-3088
-3151
-2860
-2343
-2155
-1799
-1161
-717
-565
3
690
1137
1771
2239
2501
2587
2934
2972
2806
3161
3288
3172
2939
2778
2670
2334
2103
1877
1578
1336
1074
881
536
506
324
181
249
226
645
1092
1330
1324
1098
166
-1038
-1106
-829
-971
-1202
-1105
-1567
-3159
-4104
-3681
-3148
-3332
-3296
-2623
-2667
-3433
-3368
-2555
-1963
-1480
-818
-372
-26
429
453
530
1072
1603
1708
1711
2022
2166
1828
1339
1057
1041
874
670
571
138
-654
-1681
-2220
-2512
-2980
-3084
-2883
-2986
-3265
-2986
-2656
-2548
-1999
-1020
-326
146
928
1542
1517
1697
2281
2934
3268
3394
3557
3339
2674
2250
2326
2374
2354
2242
2009
1609
1120
886
958
879
901
1046
1015
953
1006
1302
1509
1831
2375
2826
3090
3487
3121
927
-857
-721
-721
-1587
-1437
-614
-2002
-5063
-6405
-5562
-4947
-4953
-4244
-3368
-3792
-4960
-4832
-3419
-2140
-1265
-543
106
842
1299
1295
1487
2287
2846
2742
2777
3310
3231
2187
1270
816
449
250
367
152
-779
-1885
-2951
-3918
-4423
-4017
-3462
-3840
-4064
-3362
-2810
-3054
-2476
-693
368
614
1496
2701
3064
2838
3080
3716
4048
4131
4261
4061
3354
2632
1971
1532
1562
1763
1491
903
514
288
41
-142
110
610
972
1263
1531
1693
2130
2856
3370
3909
4784
5289
3269
250
-350
-197
-1378
-2202
-1003
-991
-4192
-7000
-6936
-6206
-6530
-6106
-4492
-3790
-4747
-5478
-4580
-2979
-1717
-731
181
1316
2325
2279
1949
2731
3761
3571
3032
3508
4007
3194
1631
590
93
-411
-616
-745
-1174
-2035
-3522
-4986
-5510
-5023
-4509
-4442
-4310
-3894
-3366
-2975
-2267
-645
844
1449
2031
3156
3978
4127
4281
4547
4724
4626
4430
4114
3648
2981
1917
910
415
359
192
-312
-639
-728
-893
-1082
-882
-219
345
640
1149
1948
2604
3337
4307
5160
5794
6592
6301
3628
992
726
553
-1071
-1548
-441
-1698
-5820
-8114
-7377
-6959
-7476
-6611
-4875
-4850
-6175
-6177
-4527
-2769
-1500
-416
838
2210
2963
2706
2883
3991
4651
4201
3881
4479
4484
2985
1192
251
-281
-809
-1133
-1359
-1771
-2928
-4760
-6104
-6124
-5511
-5162
-4891
-4329
-3661
-3363
-3079
-1924
-150
1122
1884
2923
4008
4348
4255
4410
4648
4734
4727
4504
3922
3182
2114
735
-136
-158
-59
-420
-967
-1230
-1391
-1547
-1380
-574
333
700
1017
1863
2798
3285
4024
5249
6310
6989
7520
7202
4610
1393
504
417
-1005
-1783
-905
-2004
-6157
-8987
-8593
-7844
-8224
-7418
-5257
-4615
-5904
-6253
-4479
-2435
-1087
186
1964
3651
4182
3660
3632
4687
5261
4663
4320
4823
4569
2682
530
-626
-1283
-2038
-2466
-2479
-2784
-3849
-5655
-7072
-6837
-5932
-5642
-5189
-3932
-3025
-2983
-2552
-1165
422
1773
2945
3991
4862
5376
5311
5008
5001
5110
4944
4441
3930
3161
1591
-159
-1162
-1377
-1455
-1735
-1937
-2267
-2742
-2931
-2599
-1691
-485
424
930
1735
2882
3567
4128
5482
6995
7777
8341
8912
7396
3572
1201
1093
8
-1778
-1384
-924
-4221
-8779
-9962
-8855
-8795
-8777
-6820
-4997
-5529
-6703
-5792
-3332
-1423
-196
1352
3419
4852
4703
4189
4843
5753
5390
4599
4795
5110
3804
1292
-600
-1562
-2392
-3085
-3242
-3356
-4019
-5322
-6831
-7299
-6239
-5215
-5037
-4220
-2676
-2183
-2217
-952
987
2077
2851
4073
4968
5268
5456
5454
5013
4633
4650
4265
3412
2680
1742
66
-1623
-2063
-1893
-2156
-2550
-2692
-2756
-2977
-2875
-1981
-666
281
929
1916
3089
3976
4578
5523
6908
8009
8696
9360
8925
6139
2529
856
196
-1420
-2321
-1801
-3056
-7320
-10641
-10682
-9904
-9819
-8842
-6641
-5596
-6392
-6538
-4613
-1921
-164
1139
3162
5318
6090
5553
5523
6387
6703
5856
5188
5338
4835
2620
-22
-1636
-2512
-3504
-4361
-4589
-4706
-5547
-7041
-7933
-7378
-6069
-5417
-4990
-3435
-1842
-1566
-1115
824
2617
3136
3858
5307
6028
5858
5908
5789
4902
4312
4198
3566
2572
1711
431
-1443
-2711
-2716
-2539
-2902
-3253
-3289
-3221
-3123
-2619
-1444
-160
727
1576
2769
3949
4823
5588
6567
7818
8863
9642
9726
7698
3937
1209
335
-963
-2581
-2411
-2427
-5902
-10345
-11386
-10202
-9940
-9669
-7488
-5262
-5484
-6423
-5004
-1984
156
1366
3244
5708
6898
6289
5695
6418
7134
6446
5355
5068
4661
2698
-139
-2078
-2967
-4001
-5180
-5609
-5523
-5891
-7195
-8286
-7876
-6416
-5372
-4731
-3166
-1332
-549
-115
1350
3227
4232
4814
5697
6347
6339
6090
5633
4816
4130
3554
2712
1833
1000
-150
-1939
-3426
-3696
-3398
-3396
-3605
-3561
-3386
-3225
-2725
-1490
8
1133
2038
3112
4296
5159
5988
7119
8248
9098
9842
10217
8699
5187
1829
289
-930
-2765
-3296
-3071
-5369
-9907
-12375
-11615
-10642
-10398
-8831
-6194
-5407
-6361
-5751
-2740
222
1756
3372
5874
7623
7384
6445
6735
7630
7353
6064
5330
4912
3107
67
-2348
-3505
-4417
-5576
-6261
-6189
-6361
-7508
-8663
-8415
-6866
-5369
-4326
-2858
-1089
26
592
1829
3734
5110
5824
6396
6748
6639
6311
5779
5008
4269
3571
2605
1430
408
-605
-2127
-3719
-4330
-3959
-3715
-4012
-4118
-3809
-3472
-3044
-1896
-179
1126
1952
2879
4063
5089
5896
6905
8131
9302
9942
10125
9299
6414
2529
221
-562
-2049
-3540
-3663
-4725
-8719
-12501
-12557
-10834
-10208
-9355
-6920
-5119
-5620
-5901
-3491
32
2249
3666
5779
7808
8126
7096
6714
7502
7822
6708
5322
4534
3196
372
-2504
-3933
-4695
-5848
-6804
-6876
-6867
-7644
-8702
-8756
-7367
-5499
-4087
-2663
-934
454
1233
2253
4012
5538
6406
6904
7024
6741
6347
5895
5091
4114
3288
2305
986
-263
-1208
-2388
-3895
-4798
-4695
-4232
-4218
-4361
-4146
-3652
-3026
-1982
-358
1162
2162
2985
4033
5144
6022
6913
7968
9036
9761
10227
9956
7568
3713
822
-376
-1943
-3687
-3854
-4206
-7558
-11934
-13058
-11611
-10768
-10091
-7653
-5136
-5198
-5984
-4198
-588
2066
3514
5549
7927
8716
7697
6910
7511
8024
7082
5549
4692
3613
968
-2240
-4098
-4818
-5912
-7169
-7361
-7047
-7649
-8846
-9046
-7660
-5663
-4231
-2901
-947
727
1463
2368
4307
6037
6625
6986
7409
7149
6429
5996
5431
4312
3188
2154
874
-476
-1427
-2387
-3783
-4881
-5055
-4677
-4505
-4429
-4106
-3613
-2955
-1884
-378
1131
2301
3266
4351
5433
6292
7161
8206
9065
9502
9910
9703
7385
3468
539
-721
-2438
-4409
-4639
-4674
-7751
-12143
-13358
-11805
-10835
-10161
-7658
-4936
-4800
-5587
-3827
15
2860
4204
6042
8356
9100
7974
7174
7811
8224
7005
5235
4235
3133
509
-2754
-4728
-5556
-6663
-7944
-8150
-7599
-7904
-9147
-9413
-7856
-5676
-3954
-2350
-426
1236
2105
2964
4810
6892
7862
7896
7915
7726
6913
6019
5478
4781
3521
2029
619
-704
-1838
-2888
-4180
-5263
-5554
-5328
-5195
-5092
-4589
-3910
-3283
-2269
-605
1041
2059
2982
4326
5659
6437
7226
8451
9368
9589
9838
10055
8381
4555
1089
-403
-1798
-4063
-4987
-4717
-6817
-11326
-13572
-12193
-10749
-10421
-8546
-5373
-4376
-5311
-4260
-482
2792
4164
5669
8023
9197
8190
7055
7475
8115
7113
5129
3921
2956
596
-2716
-4905
-5699
-6697
-8068
-8489
-7942
-7941
-8874
-9207
-7910
-5754
-3869
-2204
-390
1305
2483
3229
4534
6566
7929
7921
7591
7527
6943
5800
4980
4389
3336
1798
302
-928
-1943
-2944
-4082
-5084
-5464
-5199
-4939
-4752
-4180
-3370
-2687
-1813
-359
1327
2552
3434
4540
5831
6764
7491
8464
9354
9686
9739
9399
7391
3725
533
-1113
-2725
-4578
-5188
-5414
-7951
-11875
-13285
-11968
-10808
-9936
-7408
-4572
-4138
-4711
-2987
761
3559
4960
6781
8869
9338
8155
7437
7851
7779
6225
4389
3396
2126
-625
-3784
-5693
-6707
-7950
-8914
-8704
-8126
-8449
-9205
-8915
-7296
-5242
-3256
-1187
733
2134
3174
4228
5643
7287
8351
8343
7877
7527
6826
5598
4558
3803
2748
1223
-278
-1425
-2455
-3599
-4720
-5383
-5466
-5267
-5054
-4726
-4110
-3392
-2571
-1401
158
1748
2927
3834
4786
5910
6958
7839
8764
9504
9797
9858
9152
6588
2860
4
-1613
-3411
-4990
-5232
-5876
-9050
-12602
-13169
-11729
-10779
-9555
-6654
-4175
-4129
-4259
-1862
1758
4106
5509
7472
9255
9298
8155
7668
7994
7459
5588
3830
2847
1300
-1597
-4498
-6169
-7255
-8508
-9237
-8828
-8268
-8544
-8929
-8177
-6338
-4309
-2355
-222
1669
2890
3881
5098
6439
7631
8341
8209
7497
6820
6112
5003
3824
2838
1696
240
-1152
-2194
-3079
-4088
-5079
-5606
-5555
-5178
-4837
-4407
-3707
-2941
-2080
-805
879
2425
3525
4407
5329
6318
7247
8222
9125
9617
9691
9684
9043
6454
2601
-340
-2034
-4003
-5720
-5905
-6365
-9369
-12881
-13405
-11814
-10790
-9559
-6553
-3800
-3491
-3593
-1240
2463
4853
6147
8041
9898
9951
8664
7998
8151
7438
5353
3364
2265
669
-2298
-5242
-6861
-7920
-9262
-10005
-9471
-8777
-8848
-8953
-8047
-6178
-4079
-2038
60
2150
3735
4722
5732
7107
8242
8504
8179
7697
7032
6046
4798
3521
2271
929
-468
-1685
-2582
-3403
-4397
-5418
-5953
-5760
-5250
-4766
-4176
-3354
-2632
-1975
-793
990
2605
3588
4408
5434
6441
7136
7720
8557
9197
9139
8845
8861
7791
4244
142
-2117
-3504
-5650
-6911
-6552
-7538
-11070
-13606
-12749
-10921
-9881
-7938
-4544
-2349
-2343
-1697
1258
4555
6297
7488
9332
10592
9926
8303
7544
7292
5878
3486
1721
598
-1565
-4843
-7353
-8461
-9353
-10360
-10373
-9349
-8587
-8459
-8043
-6526
-4250
-1919
178
2273
4306
5571
6187
7139
8369
8801
8390
7816
7135
6064
4758
3431
1949
427
-883
-2049
-3047
-3785
-4437
-5298
-6051
-6092
-5458
-4653
-3968
-3191
-2376
-1617
-605
918
2627
3898
4739
5487
6329
7144
7672
8093
8652
8978
8673
8381
8129
5824
1333
-2213
-3517
-5060
-7173
-7361
-6831
-9253
-13135
-13725
-11436
-9866
-8757
-5723
-2264
-1392
-1744
141
3854
6320
7261
8743
10629
10743
8941
7435
7054
6214
4032
1798
479
-1164
-4198
-7286
-8815
-9447
-10359
-10832
-9987
-8785
-8259
-7871
-6671
-4528
-2078
176
2248
4267
5753
6433
7049
8064
8689
8384
7719
6986
5846
4479
3256
1883
191
-1302
-2405
-3372
-4125
-4586
-5078
-5730
-6003
-5566
-4669
-3725
-2895
-2105
-1268
-253
1023
2501
3922
4943
5529
6142
7004
7638
7749
7931
8377
8242
7557
7396
6765
3361
-1370
-3833
-4646
-6676
-8406
-7567
-7357
-10672
-13629
-12351
-9606
-8570
-7067
-3216
-117
-88
-171
2630
6294
7769
8207
9842
11305
10209
7622
6343
6150
4714
1902
-230
-1406
-3549
-6861
-9202
-9804
-10274
-11151
-10984
-9459
-8045
-7332
-6425
-4636
-2225
261
2424
4347
6140
7278
7651
7987
8530
8562
7871
6857
5682
4419
3131
1597
-228
-1787
-2875
-3895
-4735
-4968
-5028
-5534
-6088
-5873
-4853
-3689
-2805
-2014
-1005
50
937
2080
3662
4933
5413
5750
6545
7334
7524
7383
7549
7788
7363
6697
6652
5726
1904
-2633
-4575
-5380
-7544
-8812
-7545
-7637
-11055
-13177
-11151
-8629
-7861
-5903
-1738
935
567
866
4052
7178
7945
8358
10050
10891
9090
6529
5535
5129
3231
353
-1631
-2870
-5077
-8025
-9767
-10047
-10424
-11009
-10349
-8436
-6783
-5843
-4728
-2816
-278
2231
4116
5669
7211
7999
7795
7758
8205
7957
6703
5335
4159
2849
1417
-54
-1613
-3011
-4107
-4951
-5305
-5114
-4948
-5224
-5395
-4830
-3705
-2580
-1652
-680
377
1246
1980
3089
4427
5258
5596
6062
6743
7094
6959
6704
6700
6749
6270
5687
5606
4413
442
-3873
-5429
-6146
-8269
-9146
-7488
-7535
-10791
-12287
-9847
-7461
-6789
-4524
-147
2275
1790
2299
5425
8031
8335
8623
10105
10468
8275
5674
4655
3943
1661
-1357
-3248
-4389
-6433
-9048
-10414
-10507
-10808
-11137
-10019
-7675
-5754
-4651
-3382
-1300
1284
3619
5365
6851
8098
8454
8004
7802
7879
7237
5758
4182
2857
1638
287
-1257
-2731
-3918
-4978
-5797
-5772
-5079
-4750
-4900
-4744
-4053
-3079
-1977
-843
249
1360
2276
2841
3544
4612
5375
5565
5903
6589
6849
6421
5898
5829
5880
5509
4991
4907
4318
1182
-3241
-5524
-6089
-7715
-9126
-7784
-6608
-8926
-11440
-10040
-7231
-6309
-4838
-743
2679
2752
2410
4751
7596
8157
7912
9012
9837
8186
5451
4028
3364
1329
-1802
-3928
-4830
-6235
-8550
-10074
-10182
-10249
-10598
-9696
-7215
-4893
-3596
-2403
-460
1826
3845
5552
7044
8143
8495
8142
7553
7066
6364
4974
3178
1777
896
-258
-2002
-3566
-4594
-5582
-6384
-6081
-4890
-4159
-4162
-4056
-3437
-2516
-1307
80
1344
2448
3238
3473
3571
4281
5240
5591
5622
6006
6317
5673
4708
4449
4622
4498
4120
3937
3961
3099
-288
-4492
-6163
-6374
-7909
-8753
-6606
-5484
-8406
-10658
-8521
-5855
-5317
-3385
1132
3966
3338
3034
5477
7741
7542
7169
8336
8840
6856
4137
2818
1887
-543
-3522
-5048
-5528
-6819
-8916
-9992
-9763
-9720
-9781
-8343
-5551
-3229
-1911
-517
1462
3459
5064
6405
7670
8606
8622
7746
6776
5995
4788
3060
1553
618
-353
-1928
-3749
-5132
-5945
-6499
-6501
-5475
-4135
-3562
-3586
-3297
-2380
-1107
262
1619
2834
3654
3862
3590
3689
4595
5423
5530
5497
5749
5537
4458
3647
3807
4043
3648
3196
3407
3871
2555
-1577
-5272
-6046
-6662
-8418
-7731
-4641
-4855
-8730
-9901
-7097
-5213
-4655
-1551
3029
4532
3100
3197
5854
7303
6460
6460
7939
7858
5264
2777
1804
494
-2322
-4801
-5488
-5726
-7134
-8869
-9279
-8921
-9096
-8811
-6677
-3779
-1662
-187
1319
2881
4229
5348
6485
7778
8609
8233
7088
5913
4553
2851
1385
429
-447
-1597
-3125
-4745
-6002
-6729
-6881
-6212
-4820
-3545
-2897
-2548
-2032
-1218
-40
1477
2953
4012
4520
4423
4042
4107
4719
5093
5018
4905
4764
4248
3508
3126
3053
2787
2481
2573
3094
3610
2334
-1670
-5219
-6066
-6674
-7772
-6402
-3546
-4403
-8269
-8961
-6181
-4631
-3939
-589
3612
4431
2800
3174
5752
6540
5374
5773
7447
7012
4368
2206
1203
-471
-3253
-5200
-5456
-5538
-6831
-8403
-8687
-8374
-8567
-7996
-5489
-2516
-502
870
2099
3200
4157
5319
6682
7785
8202
7620
6212
4522
3060
1885
666
-575
-1493
-2358
-3839
-5443
-6268
-6448
-6317
-5597
-4124
-2609
-1742
-1490
-1210
-384
919
2268
3442
4405
4752
4321
3753
3840
4383
4590
4398
4255
4225
3887
3150
2639
2592
2560
2436
2683
3479
3907
1695
-2914
-5607
-5689
-6523
-7292
-5014
-2813
-5302
-8835
-7895
-5093
-4484
-3267
822
4002
3575
2298
3550
5665
5413
4501
5669
6995
5753
3204
1559
394
-1680
-4100
-5161
-5029
-5281
-6632
-7901
-7896
-7644
-7720
-6545
-3745
-1120
534
1794
2771
3587
4599
5842
6832
7346
7595
6843
4842
3102
2225
982
-933
-2052
-2258
-3290
-5103
-5982
-6099
-6462
-6372
-5050
-3130
-1610
-847
-522
-64
803
1942
3098
4221
5020
5002
4375
3808
3811
4064
3919
3636
3649
3636
3022
2289
2090
1864
1582
2008
2839
3481
3865
2257
-2012
-4992
-5068
-5465
-6341
-4631
-2411
-4331
-7773
-7471
-5157
-4533
-3622
-201
2962
3058
1789
2608
4585
4546
3704
4662
6114
5484
3214
1406
419
-1126
-3424
-4710
-4462
-4381
-5706
-6996
-6816
-6608
-6990
-6116
-3519
-913
680
1694
2546
3261
3908
4711
5676
6432
6635
5882
4275
2724
1614
382
-1142
-2033
-2168
-2904
-4383
-5268
-5508
-5907
-5841
-4409
-2347
-922
-285
59
397
945
1855
2964
4048
4767
4745
4137
3535
3409
3464
3287
3217
3397
3456
2983
2269
2008
2066
2055
2375
3291
4321
3925
365
-3665
-4636
-4979
-6559
-5989
-2910
-2800
-6504
-7923
-5711
-4730
-4967
-2318
1818
3164
2028
2063
4116
4818
3476
3668
5612
5964
4198
2522
1566
-7
-2542
-4376
-4591
-4403
-5098
-6332
-6759
-6626
-7110
-7046
-4991
-2325
-402
1153
2346
2939
3498
4362
5149
5823
6555
6630
5385
3681
2429
1088
-617
-1861
-2182
-2403
-3501
-4797
-5419
-5825
-6123
-5388
-3493
-1544
-366
106
307
689
1421
2269
3254
4446
5079
4684
3937
3517
3346
3069
2931
3137
3294
3108
2640
2177
1882
1667
1780
2544
3453
4211
3883
664
-3226
-4500
-4922
-6099
-5563
-2927
-2651
-5909
-7700
-6286
-5337
-5197
-2824
985
2792
1978
1609
3297
4171
3197
3408
5287
6004
4619
2790
1626
308
-1910
-3847
-4229
-3769
-4193
-5565
-6176
-6072
-6547
-6673
-4963
-2306
-201
1136
1959
2622
3265
3687
4197
5229
6108
5782
4523
3231
2009
644
-626
-1416
-1730
-2162
-3225
-4381
-4950
-5249
-5368
-4546
-2785
-1201
-308
140
359
694
1290
2064
3080
4083
4494
4122
3432
3021
2991
3008
2975
3097
3291
3188
2714
2395
2469
2443
2479
3105
4069
4691
3055
-1015
-3784
-4441
-5720
-6579
-4493
-2412
-4371
-7555
-7435
-5848
-5711
-4656
-1069
1962
2161
1348
2474
4419
4160
3298
4543
6078
5506
3859
2741
1692
-365
-2829
-4079
-3996
-4023
-5076
-6109
-6179
-6446
-7104
-6357
-4057
-1880
-246
1181
2070
2608
3218
3776
4388
5382
6151
5652
4380
3327
2124
579
-648
-1239
-1535
-2236
-3385
-4241
-4744
-5252
-5230
-4162
-2596
-1292
-466
-35
214
659
1313
2058
3102
4172
4483
3944
3455
3473
3510
3293
3236
3571
3678
3274
2795
2774
2933
2647
2571
3356
4271
3135
-708
-3741
-4450
-5744
-7321
-5768
-3088
-4249
-7444
-7546
-5580
-5315
-4947
-1588
1960
2430
1600
2782
4986
4953
3687
4411
6011
5563
3927
3107
2390
206
-2742
-4287
-4277
-4387
-5337
-6169
-6237
-6555
-7307
-6780
-4564
-2414
-899
715
2122
2857
3307
3846
4481
5172
5711
5664
5026
4055
2698
1173
-43
-1049
-1788
-2075
-2715
-3871
-4597
-4901
-5145
-4664
-3254
-1809
-837
-249
80
413
1034
1827
2642
3618
4406
4242
3695
3824
4114
3803
3479
3800
4144
3821
3273
3167
3268
2882
2409
2964
3988
2794
-1209
-4064
-4546
-6113
-7965
-6237
-3477
-4871
-7936
-7474
-5307
-5226
-4949
-1461
2230
2567
1730
3291
5630
5256
3812
4622
6146
5420
3526
2862
2520
328
-2891
-4504
-4378
-4693
-5915
-6483
-6153
-6495
-7423
-6820
-4543
-2575
-1247
453
2167
3040
3508
4172
4798
5226
5699
5878
5211
4172
3051
1450
-223
-1189
-1538
-1973
-2809
-3779
-4590
-5181
-5363
-4746
-3439
-2092
-1200
-633
-87
473
1070
1768
2532
3359
4037
4111
3950
4223
4400
3925
3603
4006
4376
4060
3593
3608
3622
3156
2807
3243
3681
1728
-2257
-4301
-4615
-6502
-7957
-5863
-3963
-6139
-8379
-6812
-4840
-5075
-4078
-297
2565
2431
2112
4111
5981
5134
4168
5394
6370
5049
3164
2569
2027
-310
-3327
-4647
-4580
-5167
-6452
-6826
-6424
-6827
-7565
-6582
-4155
-2258
-979
570
2180
3319
3965
4491
5096
5510
5656
5494
4921
4185
3140
1419
-385
-1316
-1511
-1926
-2774
-3494
-4189
-5004
-5171
-4366
-3129
-1917
-1178
-787
-179
510
1003
1588
2483
3261
3586
3741
4079
4420
4353
3990
3903
4261
4452
4130
3780
3781
3715
3259
3123
3532
2713
-651
-3860
-4667
-5630
-7635
-7376
-5114
-5432
-8004
-8049
-5767
-4942
-4771
-2071
1604
2817
2430
3557
5773
6040
4903
5322
6524
6022
4226
2932
2256
731
-1929
-4052
-4814
-5321
-6318
-7070
-6954
-6921
-7577
-7372
-5475
-3355
-1757
-97
1469
2550
3532
4555
5205
5532
5921
6094
5614
4847
4041
2716
843
-783
-1541
-1659
-2025
-2931
-3831
-4658
-5335
-5202
-4180
-2817
-1738
-1268
-983
-356
479
1204
1918
2831
3566
3709
3873
4462
4839
4619
4274
4409
4762
4663
4248
4051
3943
3581
3273
3531
3431
681
-3386
-4972
-5423
-7316
-8044
-5923
-5261
-7848
-8886
-6691
-5165
-5132
-3156
692
2873
2789
3375
5703
6685
5364
5165
6723
6853
5018
3456
2657
1189
-1425
-3622
-4441
-5092
-6407
-7475
-7418
-7139
-7688
-7858
-6326
-4198
-2667
-985
1020
2372
3122
4039
5220
5942
6183
6426
6240
5438
4396
3172
1689
88
-1205
-1847
-2099
-2695
-3679
-4534
-5135
-5337
-4812
-3591
-2256
-1538
-1337
-893
-76
757
1561
2457
3209
3518
3609
3988
4518
4686
4473
4371
4654
4850
4575
4188
4019
3731
3383
3507
3893
2823
-938
-4364
-5173
-6249
-8064
-7179
-4947
-6069
-8715
-8020
-5655
-5267
-4762
-1465
2003
2918
2924
4556
6687
6349
4879
5642
7082
6202
4247
3228
2306
11
-2905
-4414
-4700
-5622
-7114
-7728
-7375
-7413
-8047
-7425
-5294
-3523
-2154
-113
1892
2988
3701
4606
5509
6018
6260
6382
6043
5234
4010
2424
907
-488
-1621
-2017
-2162
-2885
-3880
-4557
-4938
-4934
-4225
-2956
-1755
-1202
-1053
-531
306
1001
1735
2672
3338
3479
3634
4135
4535
4454
4172
4370
4826
4681
4264
4119
3979
3565
3224
3503
3643
1220
-3047
-4992
-5389
-7409
-8497
-6113
-4792
-7573
-9191
-6799
-5044
-5363
-3549
651
3122
2958
3387
5937
7255
5681
5032
6661
7084
5179
3511
2930
1488
-1589
-4204
-4877
-5172
-6488
-7779
-7806
-7421
-8049
-8368
-6586
-4255
-2870
-1250
1029
2609
3339
4263
5411
6055
6338
6631
6515
5939
5084
3615
1786
246
-1110
-2042
-2206
-2479
-3395
-4393
-5019
-5249
-4936
-3961
-2640
-1570
-1133
-878
-213
664
1340
2000
2947
3655
3834
4186
4757
4858
4450
4207
4629
5040
4766
4404
4306
3965
3417
3250
3542
2612
-1083
-4512
-5233
-6301
-8356
-7702
-5348
-6245
-8984
-8349
-5656
-5089
-4693
-1401
2154
3137
3085
4701
7052
6923
5469
6092
7383
6386
4246
3143
2373
152
-2963
-4684
-5057
-5959
-7477
-8191
-7803
-7846
-8613
-7907
-5488
-3574
-2278
-323
1746
2911
3707
4944
6124
6499
6482
6440
6097
5482
4459
2879
1239
-298
-1668
-2276
-2406
-2968
-3867
-4646
-5090
-4925
-4259
-3315
-2222
-1438
-1083
-620
226
1110
1713
2241
2987
3552
3823
4296
4716
4607
4160
4168
4720
4821
4477
4315
4110
3704
3499
3615
3617
1686
-2412
-4866
-5288
-6949
-8376
-6678
-5179
-7386
-9242
-7298
-5295
-5436
-4007
-143
2519
2983
3553
5704
7317
6330
5482
6802
7453
5761
3902
3087
1793
-979
-3703
-4858
-5526
-6831
-8033
-8224
-7837
-8197
-8671
-7310
-4923
-3240
-1566
656
2337
3162
4094
5514
6517
6723
6952
6943
6081
5105
4087
2420
512
-917
-1674
-2165
-2787
-3376
-4110
-5109
-5478
-4823
-3837
-2786
-1799
-1229
-859
-259
596
1493
2192
2794
3357
3678
4104
4694
4790
4298
4023
4372
4632
4485
4433
4362
3786
3319
3429
3564
2959
109
-3686
-5112
-5781
-7732
-8040
-5838
-5779
-8544
-8863
-6203
-5105
-5196
-2579
1183
2766
3017
4338
6658
7134
5712
5820
7297
6958
5016
3679
2739
708
-2241
-4234
-5056
-6176
-7537
-8274
-8172
-7975
-8389
-8266
-6518
-4441
-2822
-687
1634
3010
3756
4875
6169
6589
6588
6915
6664
5627
4700
3676
1983
-31
-1535
-2088
-2484
-3165
-3621
-4136
-4925
-5250
-4680
-3572
-2440
-1669
-1185
-658
43
839
1584
2298
2996
3391
3612
4168
4737
4649
4162
4175
4624
4764
4611
4492
4174
3548
3278
3409
3507
2839
-207
-3822
-5087
-6010
-7972
-7918
-5711
-5990
-8448
-8207
-5802
-5249
-5198
-2352
1185
2709
3247
4807
6924
6961
5568
5904
7199
6685
4890
3768
2829
687
-2215
-4150
-5103
-6316
-7627
-8241
-7938
-7747
-8353
-8193
-6459
-4656
-3036
-685
1581
2760
3558
4685
5773
6176
6416
6851
6593
5664
4745
3661
1980
-55
-1382
-1654
-2102
-2938
-3413
-4019
-4995
-5347
-4729
-3554
-2412
-1740
-1267
-695
-29
706
1474
2281
3040
3432
3814
4513
4948
4736
4288
4376
4903
5003
4740
4662
4432
3778
3361
3506
3520
1392
-2608
-4727
-5450
-7409
-8564
-6684
-5554
-7956
-9258
-7070
-5517
-5779
-3913
-45
2157
2683
3836
6264
7441
6244
5905
7223
7458
5882
4546
3867
2120
-864
-3318
-4423
-5574
-7143
-8233
-8389
-8175
-8669
-8878
-7480
-5674
-4354
-2378
236
2010
3081
4238
5583
6330
6397
6851
7175
6719
5823
4819
3396
1372
-467
-1348
-1707
-2406
-3083
-3740
-4712
-5317
-5296
-4689
-3564
-2529
-1925
-1428
-741
89
934
1611
2418
3181
3720
4406
5098
5330
4916
4663
4976
5232
5103
5087
5137
4511
3884
3787
3725
2017
-2001
-4604
-5317
-7205
-8899
-7402
-5714
-7956
-10097
-8286
-6142
-6343
-4984
-838
1746
2172
3211
5818
7637
6842
6251
7485
8084
6687
5252
4713
3295
303
-2580
-3881
-4919
-6607
-7952
-8395
-8461
-9109
-9585
-8375
-6386
-5086
-3445
-840
1117
2232
3548
5077
6136
6387
6805
7339
7161
6440
5480
4156
2305
407
-764
-1189
-1858
-2778
-3466
-4428
-5298
-5317
-4790
-4008
-3076
-2351
-1918
-1374
-600
388
1213
1913
2795
3409
3996
4728
5187
5007
4670
4915
5377
5374
5149
5371
5021
4089
3881
4048
3371
5
-3677
-4659
-5945
-8464
-8415
-5910
-6519
-9514
-9247
-6674
-6316
-6487
-3065
677
1682
2310
4470
6986
7137
6126
6804
7973
7428
5952
5308
4577
2343
-813
-2866
-3915
-5502
-7054
-7840
-8015
-8517
-9440
-9223
-7558
-6071
-4799
-2517
-283
931
2211
3947
5376
5890
6427
7158
7049
6685
6361
5400
3679
1853
357
-526
-1158
-1999
-2728
-3685
-4825
-5323
-5112
-4500
-3751
-3059
-2613
-2191
-1472
-556
345
1153
2022
2630
3275
4207
4961
5121
4865
4989
5421
5600
5401
5492
5588
4892
4413
4542
4455
1999
-2354
-4339
-5096
-7402
-8696
-6635
-5756
-8780
-10222
-8055
-6766
-7431
-5348
-1088
834
1345
2988
5652
6777
5966
6171
7597
8043
7024
6171
5681
4135
1167
-1477
-2594
-3789
-5491
-6779
-7288
-7756
-8936
-9626
-8629
-7159
-6165
-4306
-1826
-321
775
2352
3958
4806
5503
6629
7060
6975
7060
6511
4979
3338
1853
619
-36
-646
-1396
-2396
-3655
-4584
-5005
-4850
-4241
-3627
-3262
-2976
-2453
-1712
-874
-119
813
1664
2334
3330
4397
4981
4878
4824
5352
5880
5822
5785
6101
5718
4982
4910
5185
4097
167
-3165
-4192
-6007
-8232
-7627
-5757
-7376
-10110
-9479
-7620
-7822
-7398
-3921
-981
86
1379
3813
5908
5913
5641
6701
7817
7808
7232
6825
5941
3784
926
-933
-2111
-3643
-5176
-6252
-6846
-7782
-9014
-9194
-8335
-7601
-6459
-4290
-2402
-1189
198
1825
2988
3678
5006
6258
6589
6993
7287
6474
4968
3641
2518
1662
976
238
-672
-2012
-3298
-4162
-4602
-4465
-4126
-3890
-3763
-3470
-2914
-2205
-1520
-749
242
1015
1903
3205
4374
4685
4626
5138
5809
6017
6015
6478
6706
6095
5756
5911
5635
2881
-1172
-2992
-4245
-6693
-7742
-6015
-6003
-9026
-10166
-8659
-8144
-8696
-6560
-3101
-1500
-533
1525
4125
4997
4713
5542
6921
7535
7427
7444
7140
5703
3302
1168
-118
-1542
-3045
-4244
-5067
-6096
-7604
-8460
-8296
-8081
-7691
-6091
-4170
-3073
-1963
-328
1000
1547
2592
4385
5339
5839
6731
6935
5917
4789
3922
3144
2545
1945
1134
29
-1192
-2326
-3264
-3646
-3656
-3799
-3988
-3890
-3506
-3131
-2699
-2123
-1287
-562
108
1341
2830
3648
3808
4365
5259
5724
5798
6189
6795
6660
6339
6541
6668
5440
2009
-954
-2316
-4259
-6339
-6138
-5076
-6688
-9076
-9119
-8309
-8935
-8796
-6105
-3806
-2758
-1133
1342
3104
3264
3614
4794
5809
6399
6989
7483
7139
5788
3817
2289
964
-522
-1641
-2417
-3193
-4472
-5847
-6541
-6941
-7403
-7072
-5752
-4653
-3859
-2643
-1204
-433
-170
974
2347
3097
4107
5341
5654
5083
4403
3896
3588
3197
2743
2161
1318
363
-644
-1436
-1960
-2548
-3200
-3692
-3733
-3413
-3106
-2943
-2536
-1946
-1579
-1048
134
1516
2142
2601
3637
4584
4853
4974
5434
5753
5868
6324
6958
7142
6178
3737
1180
-698
-2615
-4300
-4544
-4077
-4957
-6547
-7021
-7103
-8159
-8591
-7046
-5431
-4391
-2709
-459
867
1032
1513
2367
2965
3577
4683
5724
6071
5748
4841
3642
2166
838
83
-329
-679
-1317
-2175
-2934
-3805
-4724
-5108
-4861
-4584
-4195
-3304
-2195
-1693
-1755
-1310
-712
-309
566
1857
2864
3081
3000
3233
3392
3096
2752
2606
2213
1744
1459
1312
897
-2
-922
-1766
-2334
-2460
-2319
-2144
-1919
-1747
-1721
-1622
-1260
-698
-274
396
1559
2453
2859
3210
3542
3436
3384
4117
4955
5253
5330
5516
4468
2277
632
-588
-1844
-2638
-2314
-2096
-2845
-3629
-4135
-4799
-5612
-5658
-5019
-4215
-3198
-2112
-975
-360
-231
-352
-485
-126
550
1428
2379
3191
3219
2496
1745
1195
653
155
191
447
419
345
314
-9
-788
-1521
-1836
-1873
-1605
-1091
-619
-614
-819
-937
-1214
-1451
-1331
-1020
-729
-148
761
1251
1199
1004
665
175
46
526
980
1067
942
653
-15
-785
-1159
-1150
-1047
-827
-396
15
202
126
92
214
347
566
995
1509
1743
1701
1671
1577
1286
866
862
1310
1572
1760
2090
2267
2035
1611
1345
1085
633
197
253
560
522
360
257
53
-604
-1284
-1483
-1656
-1963
-2168
-2144
-2066
-2074
-2159
-2280
-2455
-2738
-2831
-2502
-1925
-1287
-834
-501
-176
76
278
437
590
669
803
1197
1723
2013
2032
1844
1337
890
751
708
606
334
70
-114
-293
-505
-687
-881
-1322
-1758
-1874
-1662
-1482
-1486
-1498
-1569
-1654
-1655
-1439
-1034
-648
-314
-83
189
456
455
317
428
822
990
1063
1328
1428
1156
945
1091
1157
940
723
784
834
660
619
675
568
308
265
594
914
924
909
1164
1254
1323
1733
2251
2528
2462
2289
2007
1609
1144
708
338
97
-130
-468
-663
-943
-1533
-2071
-2432
-2671
-2794
-2760
-2574
-2260
-1898
-1645
-1536
-1522
-1517
-1416
-1017
-443
41
407
594
636
699
760
779
669
421
245
234
319
371
350
150
-286
-799
-1043
-1029
-1071
-1140
-1165
-1211
-1265
-1173
-976
-836
-772
-755
-758
-556
-218
-86
-84
104
279
215
252
402
351
147
189
459
587
533
526
535
470
503
621
737
795
714
713
927
1108
1039
1004
1101
1083
1123
1373
1617
1575
1420
1286
1132
1026
940
789
634
571
423
305
411
487
429
411
383
223
-25
-201
-283
-261
-127
2
62
20
-94
-209
-256
-329
-456
-641
-920
-1065
-1109
-1146
-1166
-1327
-1517
-1724
-1806
-1708
-1560
-1405
-1228
-1103
-1096
-952
-812
-797
-814
-824
-794
-700
-462
-172
22
102
24
-118
-108
-8
-21
0
156
205
149
164
183
-12
-268
-303
-176
-137
-118
-105
-213
-327
-355
-285
-116
5
31
204
468
580
578
685
768
730
921
1351
1505
1427
1446
1387
1180
1103
1163
1047
817
644
508
337
218
190
124
-27
-131
-162
-152
-33
163
351
470
626
803
931
1172
1546
1819
1947
2061
2009
1687
1380
1176
987
690
377
156
-172
-544
-835
-1133
-1524
-1916
-2235
-2458
-2522
-2514
-2524
-2543
-2585
-2522
-2371
-2142
-1775
-1437
-1205
-1067
-858
-589
-388
-196
40
255
303
375
506
519
468
489
657
742
728
676
458
96
-178
-252
-309
-363
-405
-415
-428
-506
-590
-675
-668
-638
-480
-75
271
412
457
512
507
525
665
786
823
730
662
686
690
614
520
463
321
200
231
336
338
295
332
386
448
504
627
773
807
769
818
1025
1076
966
955
1022
982
849
890
908
782
662
658
708
744
873
909
872
775
492
101
-307
-614
-834
-993
-1046
-1007
-1084
-1407
-1741
-1954
-2073
-2189
-2190
-1931
-1682
-1586
-1469
-1284
-1227
-1248
-1124
-812
-487
-245
1
190
228
226
299
397
430
405
457
541
486
334
271
206
46
33
160
134
-79
-238
-355
-517
-608
-552
-459
-446
-467
-431
-387
-351
-294
-252
-194
-61
130
347
549
700
785
826
898
971
982
985
1051
1104
1069
1007
985
939
797
691
662
581
446
394
388
309
194
101
45
-5
-7
99
275
384
385
335
268
254
299
378
488
614
706
689
631
558
401
163
-5
-85
-170
-287
-422
-597
-836
-985
-976
-925
-922
-958
-1047
-1176
-1233
-1159
-1039
-987
-974
-884
-751
-679
-665
-686
-694
-725
-657
-381
-79
39
30
8
-37
-58
-62
-10
61
49
43
57
72
69
-26
-145
-140
-101
-123
-87
-32
-39
-49
27
195
280
300
333
318
320
365
405
401
361
308
255
245
240
229
179
105
64
-1
-13
10
7
55
186
306
405
521
524
426
388
474
493
476
573
602
500
418
417
374
290
234
212
257
282
285
256
256
261
233
315
456
551
527
485
512
502
446
402
347
220
64
-70
-234
-412
-577
-712
-778
-780
-786
-943
-1154
-1288
-1342
-1347
-1298
-1179
-1092
-1059
-995
-915
-829
-731
-670
-585
-399
-193
-22
107
161
213
273
379
554
675
696
660
654
662
634
593
496
305
70
-72
-176
-307
-381
-450
-537
-633
-652
-584
-554
-563
-500
-355
-253
-142
14
108
130
192
302
362
399
435
416
368
383
430
443
450
441
413
380
375
399
370
323
326
406
490
574
650
596
508
499
549
597
661
761
773
718
678
648
580
536
551
543
544
519
377
121
-176
-446
-733
-978
-1097
-1171
-1253
-1296
-1300
-1297
-1287
-1263
-1178
-1083
-1001
-862
-739
-623
-467
-311
-139
15
116
146
114
96
137
197
251
314
336
327
314
259
187
93
-16
-119
-182
-191
-165
-168
-236
-312
-388
-483
-562
-585
-562
-489
-345
-162
22
119
109
48
-7
-4
54
189
319
418
473
481
454
348
230
142
129
228
421
662
799
797
753
728
661
576
611
688
715
703
764
779
632
483
414
370
296
290
337
339
327
385
463
460
424
340
172
20
-112
-221
-319
-408
-481
-586
-661
-733
-844
-974
-1056
-1089
-1062
-927
-748
-619
-573
-536
-490
-492
-507
-486
-432
-384
-338
-277
-212
-184
-211
-233
-259
-289
-281
-237
-151
-28
70
136
177
152
75
16
-10
25
71
39
-9
-41
-83
-171
-221
-204
-245
-330
-307
-203
-134
-76
-7
33
44
58
126
250
319
308
341
466
590
687
799
889
858
801
777
761
732
698
704
706
717
700
629
512
405
316
242
263
335
355
363
411
425
407
388
323
164
-6
-120
-240
-338
-383
-437
-518
-595
-620
-653
-689
-699
-706
-665
-586
-490
-414
-351
-322
-367
-402
-420
-456
-505
-544
-530
-518
-516
-509
-486
-473
-510
-485
-394
-321
-267
-173
-64
20
91
140
169
156
119
80
104
162
158
128
111
70
-4
-61
-70
-87
-108
-105
-32
59
120
136
132
129
134
197
276
317
330
344
343
365
424
487
502
458
454
483
484
512
602
695
709
716
749
729
647
572
543
546
603
663
686
679
605
466
286
98
-84
-307
-504
-606
-681
-757
-816
-871
-942
-1002
-1015
-979
-913
-858
-771
-669
-555
-413
-314
-256
-223
-184
-139
-119
-106
-92
-112
-163
-166
-160
-176
-200
-199
-184
-205
-216
-204
-211
-256
-265
-208
-152
-126
-128
-130
-162
-201
-172
-122
-74
-31
35
90
123
146
152
172
185
239
324
390
412
405
380
325
286
281
284
236
161
123
89
62
63
123
202
247
317
390
453
488
493
517
574
634
677
740
800
813
827
867
907
903
856
805
714
583
440
246
-1
-253
-476
-688
-848
-951
-1046
-1133
-1169
-1152
-1138
-1114
-1067
-1017
-956
-835
-680
-538
-401
-281
-164
-66
-15
16
46
66
68
91
105
92
83
60
29
-3
-42
-117
-199
-258
-321
-366
-335
-284
-261
-233
-195
-160
-149
-151
-143
-125
-72
25
138
213
242
233
182
137
117
137
154
161
197
237
261
263
244
196
118
59
50
52
83
142
211
293
362
396
385
346
305
280
281
313
386
459
519
591
644
697
737
768
813
858
901
925
887
758
562
299
22
-251
-495
-698
-872
-964
-992
-1009
-1036
-1045
-1071
-1119
-1108
-1030
-903
-750
-569
-381
-228
-115
-62
-53
-73
-109
-116
-82
-57
-29
22
59
52
43
36
-11
-57
-70
-55
-23
-1
30
52
33
8
-17
-54
-126
-209
-235
-207
-145
-64
29
84
109
147
186
216
221
228
242
250
279
309
292
222
150
88
35
0
-10
-29
-76
-75
-17
48
97
142
172
171
184
242
310
341
367
410
430
449
477
480
472
469
483
501
541
572
563
540
563
573
494
370
200
-11
-228
-394
-517
-644
-751
-804
-822
-821
-814
-817
-839
-852
-840
-766
-654
-541
-416
-306
-201
-115
-39
19
40
32
31
78
117
142
188
243
276
266
260
233
175
114
78
93
114
110
62
-7
-99
-204
-290
-338
-376
-405
-387
-340
-262
-171
-112
-88
-38
39
94
145
203
241
252
292
398
492
523
528
481
395
285
174
73
-25
-101
-140
-140
-117
-117
-159
-190
-206
-222
-220
-185
-130
-77
-8
101
196
225
205
192
196
220
279
363
431
450
455
461
430
357
274
208
165
169
201
201
164
96
-15
-142
-257
-375
-503
-632
-726
-763
-745
-719
-681
-627
-559
-468
-366
-268
-202
-138
-51
72
238
419
533
561
562
556
521
492
474
441
387
348
349
333
277
163
32
-67
-144
-190
-217
-253
-318
-382
-404
-407
-437
-479
-518
-535
-497
-412
-301
-198
-122
-60
16
119
202
248
280
309
327
337
363
364
309
245
203
169
112
41
-45
-145
-210
-243
-251
-244
-236
-236
-228
-203
-185
-198
-227
-258
-265
-219
-158
-107
-65
-38
-17
28
74
116
141
133
125
161
216
242
250
234
193
139
93
50
-25
-113
-175
-198
-184
-153
-147
-160
-166
-154
-103
-12
85
160
215
279
357
424
466
497
518
552
608
673
710
670
590
512
431
333
226
119
-11
-135
-204
-237
-281
-339
-384
-419
-426
-398
-356
-346
-345
-337
-312
-277
-231
-189
-188
-181
-131
-77
-40
-25
-41
-59
-66
-43
-7
24
28
18
13
16
30
19
-7
-59
-110
-141
-176
-216
-281
-338
-364
-352
-310
-253
-211
-204
-180
-132
-86
-40
9
47
79
119
153
161
147
113
60
26
32
30
2
-48
-94
-135
-158
-146
-139
-132
-123
-103
-58
-10
24
33
38
53
83
119
156
176
177
182
195
208
225
237
246
276
321
354
369
354
316
265
242
228
194
170
155
125
91
83
70
24
-36
-80
-106
-137
-152
-152
-169
-188
-177
-142
-96
-74
-60
-43
-45
-44
-30
-14
-8
4
31
59
77
79
68
43
27
24
25
37
36
16
9
20
18
0
-10
-28
-51
-62
-65
-78
-96
-93
-87
-82
-62
-43
-43
-59
-59
-45
-32
-12
21
45
49
43
49
50
26
2
-17
-31
-53
-77
-99
-127
-165
-193
-228
-261
-284
-302
-292
-263
-213
-163
-119
-84
-66
-42
-21
-4
2
18
45
66
104
133
143
133
108
92
82
74
65
58
62
64
55
54
60
33
-8
-27
-56
-92
-114
-121
-133
-143
-121
-104
-104
-101
-83
-67
-40
8
63
101
121
143
172
183
184
191
190
183
173
172
164
137
106
77
57
35
24
10
-12
-16
-10
23
66
128
185
215
232
230
212
195
182
176
169
176
193
193
194
185
159
112
60
20
-19
-49
-58
-73
-99
-130
-164
-202
-238
-264
-282
-301
-315
-318
-319
-311
-300
-288
-268
-240
-208
-172
-131
-94
-74
-51
-16
8
18
41
78
92
101
106
92
70
54
33
15
-3
-27
-62
-98
-120
-136
-145
-142
-124
-92
-72
-55
-25
-2
10
25
58
98
128
148
159
159
152
131
120
109
91
78
64
64
60
42
20
0
-7
-16
-15
-5
-8
-21
-39
-28
-17
-13
-1
18
39
48
81
106
116
119
123
147
164
183
196
200
198
181
177
162
134
88
44
21
-3
-32
-57
-85
-119
-159
-185
-205
-229
-250
-260
-256
-242
-211
-185
-169
-153
-139
-123
-114
-96
-83
-64
-34
4
50
76
92
89
71
49
54
50
46
62
74
78
80
89
81
59
32
21
18
15
12
-4
-24
-47
-68
-82
-90
-103
-131
-136
-129
-118
-111
-99
-77
-65
-36
0
28
39
41
47
49
59
75
93
94
84
90
94
86
75
70
71
65
82
102
110
110
101
104
106
110
105
92
72
53
40
28
11
-12
-46
-67
-85
-96
-100
-122
-146
-161
-156
-143
-123
-103
-91
-76
-59
-40
-31
-35
-47
-61
-56
-30
-8
7
6
-8
-28
-31
-39
-45
-44
-55
-45
-27
-2
14
15
18
23
38
63
89
104
106
107
109
117
136
135
126
118
119
117
117
121
104
81
62
49
32
5
-14
-28
-45
-57
-53
-51
-72
-100
-120
-123
-131
-131
-112
-97
-81
-51
-11
23
42
56
74
100
118
129
135
127
114
101
94
90
77
55
36
12
-8
-26
-52
-79
-103
-112
-114
-109
-113
-121
-127
-131
-123
-104
-97
-101
-92
-75
-52
-26
-12
-8
-20
-25
-19
-9
6
15
12
5
15
22
18
11
10
-1
-12
-17
-25
-50
-73
-82
-80
-72
-57
-39
-32
-11
8
29
58
76
98
113
142
168
187
192
177
166
149
134
128
111
86
54
29
19
7
-5
-17
-30
-43
-43
-37
-37
-40
-50
-55
-54
-45
-30
-28
-29
-30
-29
-39
-43
-34
-34
-30
-14
17
27
25
27
26
21
23
29
33
25
18
16
7
-1
-21
-42
-67
-79
-79
-80
-81
-86
-85
-84
-67
-42
-27
-16
-10
-8
-5
2
11
20
28
43
60
69
70
62
48
29
21
21
21
19
25
29
27
27
26
18
-3
-17
-22
-27
-25
-21
-23
-29
-32
-30
-26
-20
-16
-12
-6
11
27
34
44
52
55
57
65
75
72
64
53
37
20
1
-17
-36
-55
-73
-85
-95
-106
-116
-121
-123
-126
-124
-117
-108
-92
-67
-34
-6
14
33
43
50
46
41
50
43
38
40
42
37
21
14
6
-5
-6
-2
-6
-9
-14
-14
-16
-14
-8
-9
-2
3
4
6
5
5
6
8
16
25
28
32
28
31
31
38
47
50
57
53
57
56
51
47
36
30
15
14
15
16
22
22
33
41
51
57
58
59
56
62
70
78
86
87
91
92
85
75
55
37
11
-19
-37
-52
-68
-73
-77
-83
-96
-115
-133
-154
-175
-186
-181
-173
-166
-153
-133
-120
-115
-101
-84
-73
-62
-44
-19
-6
7
19
27
29
33
38
36
29
20
10
4
8
14
19
28
32
32
26
19
17
14
10
7
8
9
11
12
15
15
19
16
14
21
21
24
26
27
28
25
19
17
6
2
0
-2
4
4
8
8
10
17
16
28
35
44
50
52
56
59
63
66
65
63
59
53
49
48
45
39
43
36
30
22
16
9
-6
-15
-30
-38
-43
-52
-51
-57
-62
-69
-79
-84
-91
-95
-89
-84
-78
-72
-66
-62
-55
-48
-42
-36
-25
-15
-2
12
23
31
29
22
16
13
14
16
24
36
38
44
44
45
40
33
28
20
21
21
22
27
27
22
15
4
-1
-17
-25
-33
-37
-34
-34
-23
-19
-17
-11
-13
-6
-4
-2
8
14
25
35
45
49
48
44
40
29
22
9
-3
-15
-22
-25
-36
-38
-42
-53
-56
-49
-40
-35
-30
-26
-22
-13
0
18
27
31
35
38
39
36
31
28
25
21
23
23
15
3
-9
-18
-24
-28
-29
-33
-42
-44
-47
-44
-46
-51
-48
-43
-35
-28
-22
-12
-15
-12
2
18
28
39
49
55
58
63
70
71
65
66
65
62
60
51
42
29
28
22
18
8
-1
-13
-24
-22
-21
-19
-16
-10
-5
5
12
18
14
8
9
9
19
21
30
29
26
22
14
5
-18
-29
-41
-39
-38
-33
-31
-36
-42
-46
-46
-50
-48
-56
-55
-53
-48
-43
-39
-33
-26
-19
-6
3
2
-2
-7
-2
0
10
20
22
24
21
20
15
8
-3
-10
-15
-14
-14
-11
-15
-23
-29
-27
-23
-17
-6
2
10
21
33
44
47
47
46
44
41
45
55
56
56
60
60
53
43
33
17
5
-4
-5
-6
-7
-6
-6
-5
-6
-5
-11
-21
-23
-31
-32
-31
-34
-32
-32
-29
-23
-20
-20
-21
-23
-17
-14
-11
-5
-4
-2
-2
7
11
10
8
3
3
0
-1
3
2
-1
2
-1
-1
-5
-11
-15
-18
-15
-5
0
8
6
3
-2
-10
-9
-16
-17
-15
-20
-12
-12
-5
-3
1
5
7
12
16
19
19
23
29
34
31
36
33
30
26
23
23
19
16
15
16
14
14
16
15
22
25
35
43
50
55
52
53
46
43
40
35
36
28
21
12
0
-9
-20
-31
-40
-50
-55
-61
-57
-58
-58
-56
-55
-56
-58
-56
-51
-48
-44
-37
-30
-23
-18
-12
-10
-7
-5
-6
-1
-1
0
3
4
6
5
5
-1
-3
-8
-10
-8
-9
-6
-6
-2
1
1
2
2
1
2
4
8
5
7
12
14
18
23
30
32
34
35
31
25
20
14
9
7
3
0
-8
-17
-27
-33
-35
-37
-32
-28
-19
-9
0
4
4
5
8
14
22
32
40
47
50
50
50
44
40
36
32
27
22
19
13
4
-4
-10
-13
-20
-21
-22
-25
-24
-30
-29
-35
-37
-34
-33
-24
-18
-13
-11
-7
-2
1
7
14
17
16
16
13
15
14
19
21
21
22
23
19
14
8
3
3
4
12
14
15
18
18
16
15
12
11
9
10
12
10
11
5
1
-5
-7
-9
-13
-15
-18
-16
-14
-6
-8
-7
-12
-18
-17
-19
-18
-25
-27
-26
-21
-15
-10
-6
-7
-11
-14
-15
-16
-19
-20
-14
-8
-1
8
12
11
8
4
5
3
2
0
-5
-8
-11
-16
-20
-26
-30
-31
-31
-26
-29
-26
-24
-23
-18
-15
-5
0
3
8
13
15
21
24
27
25
24
24
23
24
19
22
22
25
28
27
25
23
20
19
20
17
15
10
6
4
1
0
-1
-2
-3
0
3
5
7
3
4
5
7
13
15
13
12
14
16
18
14
9
8
3
1
-1
-3
-11
-16
-17
-20
-17
-20
-19
-17
-20
-18
-16
-18
-18
-19
-18
-10
-5
1
4
5
6
5
4
2
0
-4
-7
-2
1
-1
0
-7
-9
-13
-18
-18
-24
-27
-31
-30
-28
-23
-22
-23
-23
-25
-26
-22
-23
-22
-19
-15
-6
1
6
11
17
20
26
32
33
36
38
39
41
39
38
36
33
31
29
30
25
24
19
12
12
10
13
14
11
10
7
9
7
2
-3
-8
-11
-13
-15
-17
-21
-26
-25
-29
-29
-30
-33
-29
-32
-26
-23
-20
-19
-19
-18
-16
-9
-5
-3
1
2
3
2
2
-2
-5
-6
-4
0
1
1
3
0
3
2
2
2
-3
-3
-4
-3
-2
-3
-6
-8
-11
-8
-9
-8
-8
-9
-7
-4
0
0
0
3
2
6
4
4
3
4
10
10
10
6
5
4
4
2
2
0
0
3
3
10
7
13
15
15
20
18
25
24
26
27
28
31
33
33
30
28
24
20
16
9
3
2
0
0
0
-5
-10
-17
-21
-27
-27
-27
-29
-26
-27
-23
-22
-24
-24
-26
-27
-21
-19
-12
-11
-6
-4
-2
2
-1
-1
-3
-5
-1
-2
0
3
1
5
3
2
4
-3
-5
-13
-15
-16
-16
-11
-12
-10
-7
-4
0
1
-4
-3
-4
-1
3
2
3
3
3
8
7
9
8
6
10
7
8
7
5
6
5
8
10
11
10
10
8
8
6
6
4
2
0
1
4
4
7
5
9
11
15
19
15
19
13
11
13
9
10
7
2
1
-3
-5
-3
-10
-10
-11
-14
-9
-13
-11
-12
-12
-9
-10
-8
-9
-6
-4
-1
-1
0
1
3
7
6
8
11
12
16
16
13
13
11
11
12
8
6
6
3
2
-3
-8
-8
-10
-9
-9
-8
-10
-8
-9
-10
-14
-12
-12
-5
-3
-3
2
-1
4
4
2
2
-1
-1
-1
0
1
1
3
6
7
8
7
6
4
1
-1
0
-2
-1
-3
-4
-2
-6
-4
-9
-10
-12
-12
-10
-10
-6
-3
2
5
4
4
5
3
4
4
6
8
8
9
7
4
1
0
-3
-6
-9
-9
-7
-7
-6
-10
-7
-3
-1
4
3
2
3
4
7
8
8
7
9
8
7
6
1
1
0
1
4
2
5
2
1
1
-3
0
-5
-4
-5
-9
-6
-7
-7
-10
-10
-12
-10
-9
-8
-7
-6
-6
-3
-2
-2
1
-1
1
3
3
8
8
5
7
4
7
11
8
9
5
5
5
-1
0
-7
-8
-7
-6
-4
-6
-8
-6
-8
-8
-6
-7
-7
-4
-3
-2
3
4
8
9
8
11
12
11
10
8
6
8
10
11
11
9
12
10
12
11
7
8
-1
4
1
-2
3
0
6
6
7
8
8
6
5
2
2
3
2
6
1
4
1
1
1
-4
-6
-9
-10
-11
-14
-16
-14
-19
-15
-15
-17
-14
-18
-17
-18
-19
-16
-17
-14
-15
-15
-13
-10
-8
-5
-5
-3
1
2
5
6
3
7
7
7
9
5
8
7
5
5
2
1
-1
-5
-4
-6
-4
-5
-7
-6
-7
-7
-4
-3
-5
-2
-3
1
2
0
-1
-3
-5
-2
-1
1
3
1
4
2
7
3
6
7
6
9
8
9
12
9
10
9
9
10
9
10
9
10
10
12
13
12
10
12
7
11
7
6
5
3
4
2
2
0
-1
-5
-6
-10
-8
-13
-14
-17
-19
-14
-17
-13
-12
-10
-6
-4
-2
-1
-1
-1
0
-1
1
0
2
4
4
5
2
3
3
4
3
2
3
4
7
6
8
6
8
8
9
9
6
7
4
5
2
1
1
0
4
2
4
1
1
2
-2
1
-1
1
2
3
1
0
-2
-4
-5
-7
-6
-7
-6
-8
-7
-7
-7
-6
-7
-6
-3
-4
0
-2
0
2
2
6
5
6
6
6
7
5
2
3
-3
0
-4
-5
-4
-10
-7
-10
-10
-12
-12
-13
-12
-16
-12
-13
-12
-10
-13
-9
-12
-9
-8
-6
-7
-4
-6
2
1
2
3
1
5
3
6
3
5
4
5
8
7
8
5
1
2
-1
1
2
0
3
4
9
10
9
11
6
8
6
6
7
7
7
8
10
10
13
11
9
9
3
6
4
3
5
0
5
1
3
3
-1
-2
-5
-7
-5
-8
-8
-8
-10
-6
-7
-2
-3
1
1
3
5
4
5
4
6
4
8
5
10
7
4
3
0
1
-4
-3
-8
-7
-7
-6
-6
-8
-7
-11
-9
-13
-10
-10
-11
-10
-12
-10
-9
-7
-7
-4
-9
-3
-2
-2
3
-4
3
1
3
7
2
5
1
3
3
3
2
0
1
-1
3
0
2
-2
-2
-2
-3
-1
0
-1
0
0
1
4
2
5
0
-1
-2
-1
0
0
-1
-1
-1
-2
2
-2
-4
-6
-6
-5
-5
-5
-6
-5
-6
-4
-5
-6
-6
-6
-6
-4
-2
-2
1
0
0
0
0
2
2
4
2
5
6
8
10
7
5
6
3
8
5
3
3
3
4
4
3
1
-1
-1
-2
-1
-2
-2
1
1
3
5
6
4
6
4
5
4
5
4
4
3
3
6
3
7
5
4
6
6
7
7
7
5
7
4
8
6
5
8
5
9
4
5
5
0
2
0
-2
2
-3
0
1
-2
1
-4
-3
-4
-4
-4
-5
-5
-9
-5
-7
-6
-8
-7
-9
-10
-8
-11
-8
-9
-8
-6
-6
-7
-3
-3
-4
0
-5
-2
-2
-1
0
-1
-1
-1
1
-1
-1
-2
-4
0
0
0
0
0
0
0
1
-3
-2
-3
-2
-1
1
-2
0
0
0
1
-2
0
-3
-1
-1
0
0
0
3
1
3
2
1
1
1
0
1
3
1
5
4
4
5
3
3
2
5
1
5
3
5
7
7
9
7
8
4
7
3
3
2
1
2
2
1
-1
3
3
1
1
-2
-1
0
-3
-2
-3
-3
-1
-1
-1
-3
-3
-4
-1
-3
-3
-1
-1
2
1
3
3
5
7
6
8
7
7
9
7
7
7
3
6
4
2
3
0
3
2
3
3
4
2
4
4
3
5
0
3
1
0
1
-2
1
0
0
1
1
1
1
1
0
0
1
2
2
3
3
1
3
2
3
0
0
-1
-1
0
-2
-1
-2
-1
-1
-1
-1
-3
-3
-3
-1
-2
0
-2
1
1
0
2
-2
0
-2
-4
-2
-4
-4
-3
-1
-2
-1
-3
-3
-2
-5
-4
-7
-5
-6
-4
-5
-6
-6
-5
-4
-4
-4
-3
-3
-2
0
2
0
2
2
0
4
-1
4
1
2
4
2
6
2
3
2
0
3
0
2
0
-2
0
-2
-3
0
-3
-3
-1
-3
-1
-1
-1
0
-2
0
-1
-1
1
0
1
0
2
2
4
4
4
4
3
6
4
3
2
2
1
1
2
-1
0
-3
1
0
1
0
-2
0
-3
0
-2
-2
0
-2
1
1
1
3
2
4
4
2
3
1
1
0
-2
-1
-3
0
-2
-1
-1
-2
-1
-2
-3
-4
-4
-4
-4
-2
-4
-2
-2
-2
0
-1
-1
-2
-1
-3
0
-1
0
2
0
3
0
1
0
0
0
-2
-2
-3
0
-3
-2
-4
-2
-3
-4
-5
-7
-7
-5
-7
-4
-6
-6
-5
-5
-1
-3
-3
-2
-2
-1
2
-1
0
0
-1
1
-1
-1
-1
0
-2
1
-2
0
0
-2
-2
-4
-3
-3
-3
-2
-3
-2
-3
-1
-1
-3
-2
-2
-1
1
-1
-1
-1
-1
2
1
3
-1
0
1
-1
1
-1
0
-1
1
3
0
2
0
-1
0
-2
-1
-1
-3
-1
-3
-1
0
0
1
-1
0
-1
-3
-2
-3
-2
-1
-2
-2
-2
0
0
0
-3
-1
-2
0
-1
-3
-4
-3
-2
-3
0
-5
-1
-3
-3
-1
-3
-3
-2
-3
-1
-2
-4
-2
-5
-2
-3
-3
-2
-3
-4
-1
-2
-1
-1
-4
2
-4
0
0
-5
-1
-4
-3
-2
-4
-2
-1
-2
-1
-1
-2
-2
0
-3
-2
-2
-3
1
0
-1
0
-1
-1
1
0
0
0
1
1
2
1
-1
1
1
0
2
-1
0
2
-1
3
3
1
4
3
2
2
-1
-1
0
-1
-1
-2
0
-1
1
0
-1
2
0
0
4
-1
3
1
0
1
1
0
0
1
0
-1
1
0
4
2
2
1
3
1
1
-1
-2
1
-1
2
0
0
-1
2
0
3
0
-3
-1
-4
-2
-5
-4
-3
-3
1
-2
-1
1
-2
3
-2
-1
-1
-3
0
-1
-3
-3
-3
-1
-1
-1
-1
-3
-1
-1
0
0
-1
-2
0
-3
-2
-2
-4
-3
-1
-3
1
-2
-3
-1
-1
0
-2
-1
-3
0
0
-1
0
-1
-1
1
0
-3
1
-3
1
0
-1
0
-1
-2
-1
-2
-3
-3
-6
0
-1
2
2
0
3
1
1
1
-1
-1
-1
-2
1
-1
1
1
2
3
1
2
0
1
2
2
3
1
5
0
4
-2
-2
0
0
2
2
1
0
2
-1
1
-1
-3
-2
0
-1
0
0
0
3
3
4
1
1
0
-1
2
-1
0
1
1
2
2
0
0
2
-2
2
2
-1
4
0
3
1
1
-1
-2
-1
-4
-1
-2
0
0
1
0
2
1
-1
0
-2
-1
-1
-2
0
0
1
-1
2
-1
1
2
0
0
-1
0
0
0
-2
-1
-3
-2
-1
-3
0
-3
2
1
1
2
-2
-1
-4
-2
-2
-1
-3
1
0
1
1
-1
0
0
0
0
0
-1
1
1
1
0
-1
-1
-1
0
-1
-3
0
-2
3
2
0
0
-2
-1
-2
-1
-4
0
1
0
3
1
-1
2
0
0
2
-2
0
2
0
3
0
1
3
1
0
0
1
1
3
2
3
3
3
1
0
-1
-2
-2
-1
1
1
2
3
2
3
2
2
1
0
2
0
1
2
3
4
2
3
3
1
2
2
1
5
3
2
4
0
2
2
0
2
2
2
4
4
2
1
3
-1
4
1
-2
4
0
3
3
2
2
3
4
2
1
0
1
3
2
3
2
3
2
4
-1
0
2
0
5
0
2
1
2
1
-1
-1
-3
0
1
-1
2
0
1
4
0
4
-1
0
0
1
-1
0
2
1
3
0
1
-1
1
0
1
1
0
3
0
0
0
-1
-1
-2
-2
-2
-1
1
-1
3
0
2
2
-1
1
-3
-1
-2
0
1
-2
2
0
1
2
-2
0
0
0
1
-1
1
0
-2
1
-2
-1
-1
-4
0
0
-1
2
-1
2
-1
2
-2
0
-1
-1
0
-1
0
-1
1
0
0
-1
-1
0
3
0
2
-1
-2
3
-1
-1
0
-3
2
1
1
3
-2
2
0
0
1
-4
0
-2
-1
0
-1
0
2
3
0
2
-2
1
2
2
0
0
1
1
3
-1
0
0
0
2
-1
3
-1
1
4
0
2
0
-2
1
-1
-2
1
-2
1
2
1
2
-1
0
0
2
0
-1
-1
2
-1
2
-1
-2
1
1
3
0
3
0
2
2
-2
1
-2
-2
2
-3
-2
1
-2
4
-2
0
0
-2
2
-2
0
-2
0
1
0
-2
-2
-1
0
1
1
0
0
1
0
3
-2
-1
0
-1
0
0
-2
0
1
0
2
-2
1
-2
-1
-2
-2
0
0
1
-1
-2
-1
-1
0
2
-3
1
1
1
5
1
0
1
0
-2
1
-2
-2
0
0
2
2
1
0
0
1
-1
2
-2
-1
1
-2
0
1
-1
0
0
-2
1
0
3
3
1
2
1
1
1
2
-3
1
-1
-1
4
1
2
2
1
1
3
-2
-1
-1
-3
1
0
2
1
0
0
0
1
0
1
0
-1
2
1
3
1
0
-1
1
-1
-1
1
-2
1
2
2
2
2
-1
1
-1
-2
0
-1
0
1
-1
0
1
1
-1
-1
0
0
1
2
-1
1
-2
0
0
-2
1
-2
0
2
0
2
2
-2
2
-1
-2
0
-2
-1
0
-1
1
3
1
1
0
-2
0
-1
1
-2
0
-1
0
2
-1
2
-3
0
0
2
-1
2
-1
1
2
-1
3
-2
2
0
0
2
-1
3
0
0
2
-2
1
1
-3
2
-2
1
4
0
2
-1
0
0
1
1
-1
-1
0
1
3
2
2
0
-1
2
0
0
1
-1
1
2
2
2
1
0
1
0
1
1
-1
1
-1
1
1
1
2
2
0
1
0
0
2
0
1
0
1
0
2
0
1
-1
0
1
1
2
-1
1
-2
1
1
0
1
-2
0
1
3
1
-1
-1
-1
1
2
-2
-1
-2
0
1
1
1
-2
1
-2
2
-1
-2
0
-1
2
0
0
0
1
1
-2
-2
-3
0
-1
1
-3
-1
0
2
2
-1
-3
-3
-1
-1
-1
-1
-4
1
-1
2
0
-3
1
-2
1
0
-2
-1
-1
-1
-1
-2
0
-1
1
1
-1
2
0
2
-1
-1
-1
-4
1
-3
0
0
-2
3
2
1
2
-3
0
0
-3
2
-4
1
2
-1
4
1
0
1
0
-1
1
0
0
2
-1
1
1
-1
0
0
-2
1
0
1
1
0
0
1
2
-1
2
0
-2
1
1
-1
1
1
-1
2
0
-1
2
0
-1
2
0
1
2
-1
-1
0
-1
-2
2
-3
1
2
0
3
0
0
0
-2
-1
-1
-3
1
0
0
1
1
0
4
-1
0
-2
1
-2
1
-1
-2
2
-2
2
0
0
-2
0
0
-1
0
-1
-1
-1
-2
0
1
-3
1
-2
0
1
-1
-2
-1
-3
-1
1
-4
1
-1
-1
0
1
-2
-2
1
-4
-1
-1
-5
2
0
-3
1
-2
1
-1
0
-4
-3
-2
-3
-1
0
-3
1
-1
-1
1
-2
-2
-3
-2
-3
0
-3
-1
-2
-1
1
0
0
-1
-2
-1
1
-3
-1
-3
-3
-1
-1
0
-1
-1
0
-1
0
0
-3
-2
-3
-2
-1
-2
-1
-1
2
-2
1
-1
-1
1
-2
0
-2
-1
0
0
1
-1
0
0
1
0
0
-4
-2
0
-1
2
-2
0
-1
2
0
0
-1
-1
0
0
1
-3
-1
0
-1
1
1
-2
1
-1
-1
-1
0
-1
0
2
-2
-1
1
-2
1
0
-3
0
0
-1
2
-1
-3
1
-1
1
0
-2
0
0
0
1
-2
-2
-1
-2
0
-1
-2
0
3
0
1
0
-4
1
0
-4
1
-4
-1
3
-1
0
-2
1
1
1
0
-4
-2
0
-1
1
-2
-4
2
-1
1
0
-4
1
-1
1
0
-3
-1
-1
1
0
0
-3
-1
1
0
-1
-1
-2
-1
2
-2
-2
0
-2
1
1
-2
0
-1
0
0
-2
-3
-3
-1
0
0
1
0
-1
2
-1
0
-2
-2
-2
0
2
-2
1
0
0
3
0
-2
1
-2
-1
1
-1
0
1
-1
0
1
-1
0
1
-1
0
0
-1
1
0
1
-1
-1
0
-2
2
0
-1
-1
0
1
1
0
-2
-1
0
0
-1
1
0
0
2
0
-1
0
-1
0
2
0
2
0
1
0
0
0
0
0
0
0
-1
2
1
1
2
0
-1
2
0
-2
1
-3
1
1
-2
2
0
1
0
0
0
0
2
-2
0
1
-1
3
0
-1
0
1
2
2
0
-2
1
0
1
0
-1
-1
2
1
-1
2
0
1
1
0
-1
-1
2
-2
2
0
-1
5
0
1
2
-1
1
1
0
-1
-1
1
0
4
2
0
4
1
-1
2
-2
0
1
0
0
1
2
-1
3
3
-1
1
2
-2
3
0
-2
2
-1
2
0
2
-2
2
2
1
2
0
0
1
2
-1
-1
1
-2
3
3
-2
3
-1
2
1
0
-1
-2
1
0
1
0
1
2
1
2
0
-1
1
-3
2
-3
-3
