-12
-10
-3
2
0
2
-6
-18
-20
-20
-12
3
19
32
42
47
39
15
-9
-25
-43
-46
-33
-15
4
13
16
13
7
0
-4
0
-5
-4
-1
3
-2
-4
-5
-10
-10
-8
-1
6
8
15
14
10
6
-2
1
0
2
4
4
1
-4
-2
-5
-3
3
10
13
17
13
2
-11
-18
-19
-14
-3
3
9
12
10
2
-9
-17
-17
-14
-10
1
11
8
10
8
3
1
-4
-3
-2
-2
-7
-11
-6
-6
-7
-1
1
1
2
6
5
2
0
-4
-1
4
15
25
25
22
14
-7
-23
-29
-30
-20
-8
8
22
27
28
18
6
-6
-14
-11
-6
2
8
13
13
11
3
-6
-4
-6
-9
-9
-8
-7
-9
-11
-12
-13
-3
1
6
5
0
-1
-8
-10
-16
-17
-14
-8
1
7
-1
-3
-4
-5
-9
-8
0
5
6
6
0
-13
-19
-23
-18
-8
6
14
20
25
27
22
12
3
-7
-11
-12
-10
-15
-16
-10
-11
3
15
18
16
11
7
-6
-11
-14
-13
-6
7
18
29
28
12
1
-19
-28
-26
-24
-16
5
19
23
25
16
4
-12
-14
-12
-9
5
17
33
33
29
22
5
-7
-14
-16
-8
0
2
14
21
15
13
3
-2
-5
-5
-4
-5
-10
-14
-10
-5
4
10
12
4
-1
-2
-7
-5
-7
-8
-3
-6
-3
-9
-14
-24
-21
-14
-6
3
15
26
28
30
18
6
-6
-18
-28
-32
-30
-20
-8
-6
0
4
6
6
7
9
4
7
4
-1
0
1
6
14
17
23
18
9
2
-8
-13
-18
-17
-10
7
18
21
22
14
1
-11
-15
-12
-9
-2
7
18
16
12
2
-6
-9
-13
-12
-18
-11
-7
-5
2
3
4
8
1
-3
-5
-9
-13
-11
-11
-9
-8
-5
2
2
7
4
-5
-6
-10
-7
-3
-6
-5
-2
-7
-11
-14
-14
-11
-4
3
10
21
29
27
23
11
-2
-13
-25
-29
-28
-23
-15
-10
-4
3
5
5
2
-3
-6
-4
-2
-4
4
10
10
12
8
7
5
-4
-10
-19
-20
-20
-19
-10
-3
7
14
17
12
6
-8
-21
-24
-18
-12
0
12
11
14
12
1
-17
-24
-25
-21
-12
1
14
20
17
5
6
-1
-8
-13
-12
-11
-8
-4
-2
3
-2
-3
-5
-4
2
6
15
14
6
6
-2
-8
-10
-13
-15
-11
-7
-7
0
3
7
13
18
21
15
4
-4
-11
-21
-24
-23
-14
-8
2
8
5
1
1
-3
-4
-5
-9
-7
-2
2
2
-3
0
-4
-4
2
1
2
-5
-11
-12
-11
-4
6
12
22
26
24
18
5
-2
-9
-8
-1
12
16
19
17
8
0
-13
-23
-26
-20
-10
5
14
21
19
11
0
-6
-3
-10
-4
-6
-2
-1
-4
1
2
0
-2
0
7
10
10
12
7
5
5
5
6
3
3
2
1
1
-5
7
15
19
25
24
22
12
10
5
2
-3
-1
7
17
28
26
29
20
11
9
6
7
8
7
17
18
22
23
25
22
17
14
11
12
10
8
4
11
7
17
22
23
24
23
18
4
1
2
5
13
19
27
33
32
23
17
7
-2
-1
5
13
24
28
34
35
23
18
11
3
9
12
16
16
15
13
5
3
-3
-6
-5
-7
2
9
8
9
4
0
-3
-7
-6
-6
-4
-5
-4
-6
-2
5
4
8
11
8
-4
-11
-16
-22
-18
-18
-11
2
2
4
5
3
-4
-7
-2
-2
3
7
4
5
2
5
2
3
3
5
7
4
2
-1
-3
-5
-1
-1
-1
1
0
-3
-6
-7
-8
-15
-6
2
4
5
6
2
-5
-10
-20
-21
-21
-17
-13
-4
6
-1
0
-1
-9
-14
-9
-1
4
3
11
8
3
2
-9
-9
-12
-16
-10
-10
-1
3
0
1
-5
-4
-5
-7
1
8
5
0
4
-1
2
7
-2
-2
-6
-9
-14
-9
-5
-10
-7
-5
-1
5
7
7
5
3
0
-9
-5
-7
-2
1
-4
3
1
1
-2
-6
-4
0
2
10
12
8
7
1
4
1
-4
4
4
3
2
0
3
3
5
9
14
14
14
4
1
-1
-9
-8
-9
-6
-2
-4
-1
-9
-9
-7
-9
-3
-2
6
8
7
0
-3
-5
-10
-14
-14
-10
-9
-10
-6
-7
-10
-13
-15
-11
-12
-14
-11
-6
-7
-8
-6
-1
9
9
5
-5
-11
-14
-17
-18
-16
-13
-10
-10
-7
-3
-3
2
-2
-3
0
-1
8
8
-2
-6
-11
-11
-12
-14
-8
-10
-6
-4
0
2
-2
-6
-5
-4
-4
-2
1
-2
-4
-4
-7
-7
-13
-11
-6
2
6
9
8
9
7
0
-4
-14
-12
-9
-6
-4
-6
-9
-9
-8
-10
-9
-4
-6
0
11
7
14
7
5
8
-6
-8
-6
-6
-4
2
3
0
0
-3
-6
-9
-5
-3
-3
9
10
13
13
13
12
12
5
-5
-9
-12
-8
-12
-7
-1
-4
-2
1
1
-3
-6
-6
-3
-6
-6
-9
-5
-8
-9
-5
-10
-12
-15
-13
-6
2
3
4
5
-6
-9
-6
-4
0
-2
-2
-1
-4
-6
-9
-8
-5
-2
4
9
12
6
5
5
6
7
7
7
9
7
7
7
3
5
2
1
4
8
13
16
19
24
23
18
22
22
27
34
31
34
35
24
21
25
25
25
26
24
31
33
37
41
39
42
42
45
40
38
33
21
13
12
10
9
9
9
11
8
4
3
-2
-7
-10
-12
-12
-11
-14
-12
-25
-30
-32
-43
-44
-39
-41
-43
-44
-47
-45
-47
-51
-50
-51
-51
-44
-50
-56
-59
-62
-59
-59
-49
-42
-36
-31
-30
-25
-24
-22
-16
-11
-8
5
13
20
24
20
17
22
21
24
37
49
61
73
83
87
93
91
91
95
101
110
117
125
129
130
130
127
122
113
108
103
97
91
93
92
85
80
66
51
34
25
2
-8
-21
-43
-56
-72
-82
-102
-123
-142
-155
-172
-191
-204
-216
-230
-234
-240
-252
-257
-263
-267
-271
-273
-274
-268
-258
-250
-239
-232
-222
-205
-191
-173
-154
-135
-114
-93
-69
-46
-24
-9
14
34
54
76
92
113
126
149
167
185
206
232
253
271
291
307
325
338
346
358
374
386
393
407
413
419
422
418
410
405
398
386
375
353
329
303
268
232
189
147
108
64
14
-38
-92
-144
-195
-243
-284
-324
-359
-391
-414
-436
-452
-463
-471
-471
-471
-462
-445
-426
-402
-378
-359
-339
-313
-284
-252
-229
-203
-176
-149
-121
-104
-89
-82
-74
-67
-62
-51
-44
-35
-32
-24
-21
-17
-20
-22
-19
-19
-12
-12
-1
7
10
24
34
47
66
74
81
92
99
113
127
135
146
159
161
164
162
159
162
164
168
168
177
187
195
201
207
213
223
233
246
265
285
309
333
358
378
396
411
418
426
429
429
430
427
412
391
359
333
296
240
181
110
39
-31
-96
-166
-236
-306
-370
-418
-465
-506
-545
-576
-596
-599
-595
-585
-561
-531
-500
-469
-439
-398
-356
-316
-274
-230
-188
-155
-117
-85
-68
-52
-43
-45
-42
-50
-64
-79
-99
-123
-142
-161
-174
-188
-205
-214
-219
-208
-199
-178
-157
-129
-98
-70
-28
6
40
73
104
131
158
187
211
231
258
271
280
288
293
303
307
317
328
341
358
374
386
407
430
449
476
499
529
556
584
617
636
659
669
675
673
659
638
607
567
515
458
370
276
174
61
-50
-166
-278
-390
-494
-600
-690
-770
-841
-896
-944
-969
-984
-986
-976
-946
-910
-863
-809
-748
-669
-599
-517
-435
-356
-278
-207
-142
-89
-38
7
36
59
70
65
58
40
12
-16
-45
-76
-109
-137
-162
-183
-195
-204
-204
-200
-189
-169
-142
-104
-72
-26
20
67
114
161
204
241
283
316
353
377
401
421
436
452
463
468
472
474
473
481
484
495
511
519
539
565
597
623
659
695
731
762
789
818
833
834
830
816
795
757
707
647
559
455
340
216
82
-57
-203
-350
-492
-627
-753
-865
-977
-1072
-1150
-1222
-1263
-1283
-1290
-1280
-1244
-1199
-1141
-1069
-990
-902
-808
-713
-612
-508
-412
-313
-221
-141
-70
-12
30
60
74
81
71
50
34
1
-24
-56
-96
-125
-156
-187
-207
-226
-235
-232
-219
-189
-158
-118
-66
-17
36
90
148
220
278
336
399
454
507
544
580
607
622
629
634
630
631
625
625
621
623
629
622
626
623
624
636
645
659
672
689
705
718
737
753
754
748
738
720
699
668
621
565
479
377
263
135
-8
-159
-310
-459
-610
-751
-879
-1010
-1129
-1236
-1329
-1405
-1449
-1485
-1496
-1486
-1448
-1394
-1329
-1245
-1156
-1058
-962
-856
-737
-629
-518
-397
-286
-188
-89
-4
68
135
184
219
243
252
252
242
232
210
188
153
110
82
50
26
14
2
10
32
51
95
138
184
228
273
326
364
410
451
485
519
549
572
594
610
612
618
609
596
584
571
559
550
542
531
520
511
506
501
496
489
495
503
511
533
545
569
587
597
610
612
617
612
602
595
562
531
477
402
311
192
65
-74
-223
-375
-539
-691
-829
-964
-1088
-1198
-1295
-1384
-1451
-1500
-1529
-1533
-1528
-1505
-1467
-1407
-1331
-1251
-1160
-1068
-968
-855
-748
-629
-516
-407
-293
-183
-79
6
81
139
188
220
238
247
255
259
254
249
242
228
204
189
172
163
158
160
178
199
235
279
326
376
423
466
506
545
579
612
638
664
679
691
691
686
689
674
663
654
639
619
608
592
571
553
522
493
461
428
398
375
361
356
360
369
386
400
418
435
444
454
458
458
453
443
427
390
335
264
174
65
-53
-184
-314
-447
-584
-715
-840
-954
-1060
-1154
-1241
-1321
-1378
-1415
-1434
-1430
-1417
-1389
-1346
-1287
-1223
-1156
-1086
-1016
-935
-841
-741
-634
-518
-405
-287
-180
-79
10
84
145
194
238
268
300
330
349
362
373
377
375
376
375
380
394
411
435
462
486
508
526
542
547
554
560
561
575
582
586
592
590
578
569
545
520
499
470
453
434
419
405
389
375
352
326
302
277
248
224
209
197
191
197
206
214
230
240
260
279
294
310
323
338
340
334
309
259
192
109
12
-92
-202
-310
-423
-532
-629
-723
-816
-909
-995
-1085
-1155
-1213
-1258
-1275
-1280
-1266
-1244
-1209
-1159
-1107
-1053
-990
-918
-836
-745
-654
-554
-450
-353
-258
-167
-84
-8
57
119
181
234
294
346
390
428
460
485
495
511
521
538
548
563
585
600
615
628
629
628
624
608
595
581
565
547
534
520
500
486
467
442
413
389
362
336
318
296
282
259
244
231
215
196
186
180
179
189
201
221
246
273
297
326
351
371
389
407
428
446
457
460
451
428
383
312
227
134
26
-85
-202
-328
-448
-561
-684
-800
-914
-1025
-1135
-1229
-1305
-1366
-1400
-1426
-1433
-1426
-1396
-1360
-1310
-1248
-1178
-1100
-1014
-922
-823
-717
-623
-518
-422
-318
-221
-132
-45
41
130
213
294
361
429
484
537
581
614
643
658
671
692
701
716
729
727
720
708
692
673
658
634
607
586
561
538
513
482
457
416
378
349
324
302
278
250
216
192
177
164
149
141
133
136
152
169
196
224
256
294
335
379
416
448
468
497
530
565
589
591
579
540
487
423
354
267
157
34
-112
-252
-392
-524
-659
-791
-923
-1059
-1172
-1269
-1345
-1414
-1476
-1520
-1545
-1547
-1521
-1472
-1413
-1343
-1263
-1177
-1092
-1003
-907
-816
-728
-641
-555
-468
-377
-272
-166
-63
39
140
240
342
435
521
592
644
686
724
761
794
815
833
845
860
878
883
869
833
784
715
653
602
561
531
517
508
511
522
534
541
531
499
461
425
378
339
300
271
252
241
244
262
286
312
338
364
406
454
509
554
590
611
621
626
634
647
631
600
557
510
465
417
352
254
107
-78
-286
-488
-677
-848
-1007
-1170
-1309
-1424
-1506
-1569
-1624
-1700
-1783
-1853
-1895
-1899
-1864
-1796
-1708
-1593
-1473
-1343
-1203
-1070
-945
-828
-717
-600
-478
-356
-240
-140
-60
13
75
142
227
326
445
571
706
834
953
1051
1117
1142
1118
1057
978
917
885
873
870
860
832
797
755
698
619
494
327
144
-16
-116
-165
-165
-135
-69
52
247
507
801
1078
1318
1495
1605
1664
1659
1581
1436
1263
1132
1085
1117
1199
1296
1392
1480
1528
1494
1280
844
261
-346
-845
-1196
-1435
-1649
-1886
-2094
-2178
-2117
-1973
-1847
-1824
-1892
-1961
-1971
-1884
-1754
-1663
-1642
-1660
-1657
-1567
-1406
-1230
-1098
-1011
-879
-657
-353
-59
115
114
-46
-259
-426
-473
-409
-275
-90
132
412
722
974
1093
1044
820
512
182
-104
-292
-369
-312
-166
38
235
352
322
117
-210
-561
-808
-842
-614
-126
602
1457
2293
2926
3211
3120
2697
2057
1338
667
171
-56
13
344
814
1270
1548
1551
1305
907
474
126
-55
-21
265
767
1394
2022
2515
2777
2770
2550
2211
1791
1285
635
-134
-868
-1380
-1551
-1453
-1339
-1464
-1887
-2474
-3015
-3384
-3595
-3771
-4005
-4230
-4283
-4007
-3410
-2682
-2091
-1778
-1700
-1700
-1592
-1339
-1018
-748
-550
-336
24
586
1226
1736
1950
1863
1628
1413
1279
1181
1024
760
438
173
54
75
148
166
61
-151
-393
-588
-683
-679
-593
-427
-181
155
572
1019
1400
1617
1639
1504
1283
1021
750
543
503
694
1017
1283
1394
1409
1443
1494
1440
1188
844
632
686
924
1162
1299
1380
1495
1618
1666
1590
1419
1212
1050
976
1006
1116
1251
1348
1399
1444
1437
1241
707
-150
-1138
-1987
-2520
-2767
-2878
-3011
-3190
-3306
-3282
-3140
-3013
-3061
-3337
-3714
-3956
-3888
-3514
-2982
-2444
-2002
-1629
-1256
-874
-511
-251
-130
-104
-75
76
399
814
1182
1382
1403
1320
1195
1041
833
561
230
-81
-287
-344
-246
-68
99
158
94
-45
-186
-257
-261
-211
-142
-50
94
331
652
985
1239
1363
1379
1368
1411
1522
1675
1823
1937
2028
2123
2232
2326
2348
2275
2110
1932
1824
1815
1871
1962
2045
2100
2102
2070
2052
2023
1956
1807
1640
1526
1507
1474
1214
596
-315
-1285
-2143
-2784
-3174
-3371
-3472
-3531
-3543
-3481
-3380
-3361
-3550
-4019
-4589
-4925
-4816
-4305
-3609
-2917
-2340
-1880
-1462
-1051
-703
-509
-484
-576
-605
-351
258
1058
1767
2195
2311
2185
1914
1566
1138
638
135
-256
-451
-408
-148
170
353
287
3
-374
-717
-953
-1021
-934
-714
-360
97
588
1039
1349
1439
1316
1087
897
826
915
1154
1583
2134
2640
2942
3006
2917
2778
2644
2490
2329
2213
2253
2477
2804
3107
3287
3292
3090
2760
2440
2204
2047
1931
1757
1371
629
-415
-1590
-2642
-3329
-3645
-3855
-4210
-4595
-4736
-4572
-4332
-4314
-4708
-5376
-5856
-5742
-5042
-4070
-3138
-2412
-1894
-1394
-747
-87
245
140
-170
-319
10
824
1784
2432
2629
2568
2439
2256
1938
1409
624
-250
-870
-1024
-850
-632
-544
-698
-1036
-1360
-1574
-1805
-2103
-2286
-2159
-1646
-807
155
942
1368
1499
1508
1473
1423
1375
1324
1351
1593
2126
2810
3372
3614
3496
3121
2689
2379
2228
2168
2139
2189
2393
2720
3040
3180
3106
2896
2670
2502
2385
2330
2370
2512
2563
2172
1159
-269
-1713
-2852
-3503
-3742
-3860
-4044
-4180
-4119
-3928
-3840
-4063
-4712
-5610
-6172
-5956
-5041
-3857
-2827
-2075
-1510
-965
-369
39
35
-249
-471
-326
340
1394
2430
3009
3026
2677
2177
1647
1066
366
-455
-1145
-1410
-1251
-943
-766
-851
-1199
-1654
-2029
-2286
-2501
-2657
-2608
-2246
-1556
-666
168
724
964
1022
1103
1294
1538
1772
1971
2185
2481
2857
3230
3427
3364
3092
2790
2623
2616
2704
2788
2839
2890
2973
3016
2921
2719
2514
2372
2324
2419
2638
2890
3122
3249
3057
2284
971
-591
-2123
-3293
-3807
-3767
-3621
-3614
-3637
-3615
-3684
-3956
-4512
-5343
-6065
-6170
-5527
-4442
-3271
-2221
-1405
-845
-485
-319
-376
-569
-699
-581
-48
895
1937
2654
2830
2545
2061
1602
1192
712
130
-392
-717
-818
-754
-787
-1140
-1739
-2318
-2695
-2818
-2672
-2440
-2303
-2157
-1752
-1124
-521
-96
95
105
182
560
1126
1616
1915
2100
2252
2460
2795
3133
3252
3101
2876
2769
2789
2869
2936
2913
2836
2856
3066
3309
3416
3430
3365
3210
3109
3188
3346
3436
3371
2921
1838
341
-1090
-2292
-3193
-3654
-3801
-3946
-4067
-3928
-3728
-3863
-4351
-4996
-5623
-5857
-5356
-4292
-3137
-2154
-1354
-724
-245
87
171
-12
-279
-326
76
940
1974
2700
2863
2538
1993
1457
1016
588
53
-536
-1003
-1211
-1226
-1301
-1612
-2189
-2884
-3393
-3518
-3322
-3009
-2728
-2508
-2238
-1778
-1133
-537
-134
147
437
804
1227
1647
1920
2011
2053
2175
2354
2536
2710
2850
2927
2960
2970
2923
2796
2666
2645
2781
3065
3412
3675
3706
3529
3366
3352
3430
3503
3503
3187
2275
957
-342
-1493
-2451
-2976
-3167
-3434
-3713
-3641
-3348
-3343
-3679
-4161
-4746
-5154
-4903
-3992
-2886
-1884
-1042
-444
-70
239
450
430
206
-9
94
672
1540
2229
2412
2167
1688
1133
655
274
-118
-537
-913
-1200
-1473
-1796
-2179
-2708
-3332
-3743
-3738
-3431
-2987
-2556
-2251
-1964
-1505
-960
-579
-321
51
553
1143
1784
2254
2368
2198
1960
1748
1635
1700
1880
2015
2112
2279
2509
2651
2557
2302
2041
1969
2232
2747
3239
3526
3638
3754
3874
3911
3929
3803
3106
1730
172
-1178
-2229
-2764
-2777
-2857
-3286
-3542
-3374
-3267
-3476
-3867
-4398
-4929
-4859
-3926
-2630
-1460
-527
183
644
1000
1334
1508
1358
1035
950
1368
2138
2783
2940
2558
1877
1228
791
450
-15
-566
-1003
-1234
-1432
-1812
-2413
-3220
-4081
-4605
-4524
-4048
-3480
-3011
-2710
-2505
-2184
-1672
-1213
-901
-558
25
878
1811
2487
2708
2538
2191
1855
1650
1584
1588
1625
1692
1813
1926
1940
1773
1425
1111
1106
1511
2223
2968
3471
3621
3638
3788
3910
3946
4036
3830
2825
1301
-125
-1466
-2627
-3083
-3158
-3624
-4112
-3960
-3638
-3739
-3979
-4272
-4894
-5299
-4729
-3464
-2207
-1049
32
765
1204
1706
2199
2251
1863
1574
1761
2402
3238
3860
3880
3278
2461
1825
1378
888
368
-42
-504
-1110
-1654
-2220
-3110
-4042
-4540
-4679
-4535
-3933
-3167
-2790
-2578
-2155
-1774
-1566
-1208
-661
-95
680
1687
2441
2614
2400
2010
1500
1070
934
1007
1091
1218
1457
1653
1668
1526
1237
894
753
990
1599
2432
3207
3691
3950
4174
4369
4517
4517
3757
1954
-47
-1602
-2799
-3426
-3530
-3940
-4708
-4944
-4606
-4450
-4595
-4865
-5470
-5985
-5460
-3940
-2285
-902
191
928
1497
2211
2935
3176
2784
2343
2441
3092
3958
4540
4402
3590
2688
2121
1770
1319
685
37
-423
-608
-790
-1293
-2352
-3869
-5117
-5327
-4704
-3903
-3022
-2304
-2103
-1837
-940
-223
-268
-274
179
717
1594
2966
3748
3357
2642
2066
1385
812
583
342
-11
-14
455
929
1001
652
73
-374
-332
285
1270
2205
2759
3123
3631
4198
4719
5040
4495
2684
361
-1450
-2610
-3210
-3356
-3704
-4475
-4901
-4687
-4510
-4721
-5131
-5691
-6121
-5733
-4391
-2667
-1070
258
1255
1930
2523
3138
3431
3091
2491
2350
2847
3623
4183
4132
3423
2468
1741
1267
710
-48
-639
-806
-706
-660
-908
-1685
-3040
-4280
-4692
-4379
-3638
-2624
-1710
-1137
-615
102
686
838
816
920
1345
2259
3322
3850
3624
2847
1898
1196
748
290
-193
-517
-514
-137
356
554
227
-372
-685
-430
438
1770
3006
3731
4162
4719
5478
6235
6415
5048
1821
-1952
-4635
-5911
-6023
-5645
-5868
-6557
-6661
-6103
-5598
-5627
-6257
-7032
-6879
-5059
-2117
867
3178
4458
4858
5123
5531
5705
5291
4139
2772
2156
2535
3084
2738
1132
-1127
-3091
-4045
-4000
-3773
-3988
-4157
-3499
-2218
-1271
-1042
-1284
-2019
-2558
-1605
420
2146
3460
4503
4694
4148
3693
3299
2463
1452
960
1189
1868
2433
2159
770
-1353
-3214
-3748
-3248
-2891
-2646
-1826
-641
590
1952
2864
2579
1730
1746
3017
4805
6484
7691
8053
7821
7853
8310
7762
4135
-2414
-8848
-12851
-14123
-12985
-11028
-10333
-10570
-9678
-7145
-4667
-3531
-3260
-2801
-1093
2676
7814
11945
13177
11819
9587
7519
5827
4395
2067
-1798
-5298
-6544
-6294
-6298
-7487
-9801
-12136
-12550
-9866
-5442
-1756
600
2676
5139
7681
9392
9660
8496
6339
4687
5082
6321
5722
3091
-2
-3216
-6243
-7543
-7260
-7416
-7749
-6241
-3125
-160
2131
3678
3698
2653
2744
4537
6076
6169
5507
4593
3415
2554
2212
1242
-774
-2207
-1833
-283
1601
3178
3679
3390
3518
4426
5572
6345
4884
-458
-6990
-10928
-12608
-12940
-11498
-9773
-9089
-7552
-3670
200
1389
1001
1222
2245
4420
8093
11174
11619
9978
7536
4655
1498
-1398
-4447
-8199
-11046
-11475
-10277
-8678
-7612
-7575
-7737
-6772
-3787
781
4987
7673
9496
11364
12911
12450
9655
5975
1495
-3113
-5022
-4602
-5297
-7301
-8284
-8502
-9093
-8388
-5759
-3586
-1777
1825
6155
9106
10850
11410
10020
7273
4847
3388
2140
679
-559
-1470
-2212
-2559
-2279
-1721
-1564
-1406
-70
2339
4713
6570
7872
8614
8994
9384
9300
6260
-1206
-9577
-14696
-16929
-16993
-14589
-12049
-11002
-8915
-4293
129
2277
3477
4736
6180
8797
12247
14491
14264
11439
6837
1933
-2412
-5838
-8744
-11954
-14592
-15189
-13662
-10784
-7908
-5930
-4401
-2265
1686
7279
12184
14524
14788
14500
13694
11038
6707
1722
-4193
-10001
-12765
-12340
-11971
-12693
-12071
-9866
-7934
-5052
-200
3900
6358
9305
12432
13580
12872
11368
8462
4092
73
-2618
-4383
-5397
-5784
-5766
-5322
-4105
-1807
976
3329
5123
6818
8814
10577
11510
11777
11529
11492
10734
5282
-4547
-13474
-20084
-24344
-23549
-19249
-16061
-13354
-7931
-1102
3842
7040
9212
9994
10917
12941
15003
16182
14754
10072
4067
-2207
-8061
-12278
-15456
-18169
-19186
-17614
-13653
-8413
-3321
685
3078
5065
8867
13913
17528
18374
17103
14869
11304
6065
579
-5280
-12751
-19094
-20157
-17454
-15324
-13070
-8681
-4797
-1985
3011
8610
11048
11797
12976
13337
11986
9698
6494
1644
-3752
-7704
-9804
-10228
-9238
-7472
-5120
-2463
344
3654
6833
8883
9864
10478
11360
12084
12113
11897
11374
10569
8238
3
-12424
-21623
-27606
-30941
-27238
-19363
-13372
-7540
1202
9525
13354
14482
14652
13232
12160
12393
12532
12131
9428
3639
-2932
-9744
-16036
-19749
-21822
-22636
-20357
-15299
-8323
-77
7309
12080
13608
13440
14535
16725
17467
15939
13114
9140
3447
-2656
-7651
-12747
-19014
-23629
-22453
-16517
-11105
-6331
631
6215
8246
11359
15069
14497
11218
9292
7675
4407
1410
-937
-4845
-8941
-11012
-11526
-10403
-7684
-4157
-134
3542
6586
9162
10584
10859
10092
8609
8056
8038
7771
8768
10247
9862
4247
-8557
-20704
-26905
-30909
-29756
-21081
-12192
-5390
3721
14406
20045
18891
15585
11482
7454
6324
6373
5979
5383
2232
-2861
-7853
-13943
-19579
-22341
-22818
-20211
-14113
-6255
2372
10411
16274
18621
16785
13617
12099
11233
9686
7659
5163
1704
-3150
-8080
-11180
-13941
-18038
-19241
-13416
-5370
-773
3954
10198
11595
9953
11519
12032
7562
3240
1939
726
-1089
-1813
-3148
-6333
-8337
-7919
-6413
-4153
-1583
778
3278
5944
7982
8664
7928
6173
4169
3340
4174
5138
6120
8139
9988
9481
2758
-10230
-20920
-26391
-29458
-25913
-15703
-7078
-754
8396
17762
20442
17267
12606
7030
2720
1976
2542
3118
3160
896
-2510
-6294
-11993
-17676
-20814
-21300
-18081
-11388
-3495
4452
11562
16399
17474
14591
10275
6885
4651
3515
3208
2524
120
-3814
-6947
-8242
-9754
-12360
-12996
-8862
-2818
1694
6916
11820
11422
8681
8332
7675
4221
874
-250
-902
-1012
426
551
-1616
-3561
-4465
-4226
-2766
-969
457
1577
3091
5049
6172
5831
4683
3391
3065
4434
6371
8108
10223
11663
7609
-4077
-15808
-22531
-27765
-28947
-22002
-12942
-6361
1352
11997
19987
20584
16571
11648
6856
3650
2706
3230
3504
1464
-1800
-4565
-8314
-13433
-18521
-22143
-21735
-16861
-9378
-545
7659
13742
17108
16721
13695
10074
5817
1537
-801
-1064
-1066
-2707
-5477
-6778
-7458
-9886
-11406
-8811
-4635
-1998
2176
9157
12272
10473
9815
9240
5249
965
-777
-1847
-2668
-1056
1361
1560
761
165
-809
-1376
-840
-239
-279
244
2144
4253
5710
6366
5800
5055
5838
7523
8988
10638
10946
4796
-7291
-16384
-21017
-26055
-27156
-20963
-13511
-6735
2726
13396
19694
19742
16028
11200
7270
4377
1698
549
799
4
-1581
-3060
-5998
-11010
-16289
-19681
-19486
-15750
-9831
-2248
6092
13282
17365
17119
13726
9322
4307
-600
-3351
-3856
-4144
-5259
-6033
-5023
-4375
-6884
-8862
-6625
-3962
-2912
1067
7504
9440
7910
8683
8564
4089
-266
-2116
-3496
-3750
-1091
2389
3900
4024
3716
2425
771
101
-369
-1266
-1154
298
2284
4574
6607
7847
8645
9739
10659
10893
10175
4018
-7771
-16010
-19732
-24006
-24285
-18206
-11790
-5760
3310
12925
17752
17237
13748
9188
5806
3526
716
-928
-755
-1136
-1794
-2231
-4212
-8051
-12648
-15772
-15033
-11557
-7429
-2345
4018
10396
14285
14361
12305
8966
3576
-1801
-4213
-4472
-5424
-7360
-7413
-4922
-3602
-4680
-4486
-2311
-1858
-2120
1150
4940
4644
3415
4343
4585
2449
303
-1170
-3088
-3689
-1662
1105
3503
5194
5507
4909
4147
3061
1201
-985
-2184
-1904
-792
1073
3924
7175
10485
13186
14250
11837
2384
-10152
-16953
-19889
-22110
-19477
-12992
-6925
-177
8708
16158
17629
13919
8368
3304
487
-1050
-2549
-2778
-2106
-1436
-324
-418
-3037
-6747
-10330
-12009
-9895
-5569
-1351
2725
6880
10092
10953
9494
6462
2003
-2841
-5903
-6220
-5115
-4424
-4509
-3867
-1574
-580
-1946
-1219
1406
1264
600
3723
6154
2978
-543
-577
-2046
-5162
-5088
-3297
-2853
-1858
884
3274
4528
5608
6080
5369
4508
4035
2915
892
-441
-881
-1356
-892
705
2649
5711
9258
10852
7699
-784
-9054
-14092
-18571
-19612
-14316
-7537
-1468
6630
15786
20353
17952
11851
4910
-1278
-5429
-7731
-7911
-6266
-4377
-1995
795
1511
-1047
-5350
-8825
-9064
-6013
-1717
2995
7882
11857
13816
12719
8531
2336
-4861
-11033
-13446
-11944
-9045
-6686
-4662
-1374
2384
3456
3410
5167
5397
3134
3846
7238
6519
2271
309
-1665
-6416
-8957
-8286
-7975
-6897
-3022
2004
5820
7966
8680
7821
6302
5235
4104
2392
991
455
291
430
1289
2735
3838
4209
1915
-5877
-13787
-16278
-17932
-18294
-12043
-3948
1266
7722
17422
24364
23545
17746
10576
3049
-3811
-9561
-12698
-12521
-11774
-10142
-5492
-1167
-913
-3649
-6343
-6356
-3873
-905
3201
8950
13902
16589
17278
15558
10501
1830
-8112
-15096
-18035
-18886
-17911
-14440
-9017
-3199
924
4311
8766
11105
9530
9142
11784
11603
7500
4955
3082
-2183
-7317
-9149
-10830
-12296
-10176
-5554
-546
4778
9059
10638
10217
9534
8270
5598
3277
2358
1866
1604
2599
4520
5005
2994
-3751
-14947
-22323
-24799
-27358
-24797
-14364
-3528
5256
16036
26930
30650
26626
19482
11410
3899
-2930
-9482
-13060
-13363
-13617
-12914
-9343
-6442
-7100
-8948
-8319
-4454
-155
3238
7330
12021
15474
16732
16250
14299
9642
1970
-5632
-9947
-12192
-14892
-17147
-16412
-12621
-9062
-6429
-1408
4458
6788
7982
11930
15009
13342
10514
8699
4838
-356
-3537
-5579
-8044
-8933
-7300
-5148
-2615
1062
4389
6266
7550
9008
9698
8886
8138
7939
7373
7294
7591
6818
2811
-7415
-18499
-23343
-26787
-29840
-25462
-16479
-8876
125
13146
24505
27996
25325
20176
13935
7411
417
-5361
-8285
-10640
-12527
-11430
-8915
-8304
-10013
-12089
-11390
-7327
-2674
2286
8564
14126
17077
17415
15737
12127
5530
-2769
-8646
-10565
-10889
-11599
-11461
-8916
-5891
-4688
-3176
484
2632
1585
2281
5994
7449
6043
5921
5884
3092
522
148
-678
-2141
-2034
-944
-182
1121
3070
3915
3686
4324
5658
6059
6218
7256
8533
9562
10042
9363
4118
-7436
-17199
-21755
-26332
-26927
-20149
-12342
-4966
4819
15605
22486
22796
18693
12702
6518
1083
-3831
-6945
-7911
-8524
-7965
-5607
-4318
-5616
-8486
-11047
-10676
-7384
-3074
2457
8996
14519
17749
18260
15710
9969
1356
-8051
-14474
-16707
-16603
-15034
-11456
-5721
-744
1656
5060
8871
8155
5356
5791
7105
4610
1457
951
-1626
-6461
-7720
-6472
-6015
-4407
-280
4117
7294
9986
11489
10238
7688
6020
4840
3646
3512
4999
6598
7521
6965
282
-10691
-17821
-23180
-28250
-25614
-16757
-8536
114
12308
24062
28174
25220
19332
11311
2749
-4754
-10012
-11529
-11700
-12036
-9702
-5653
-4304
-6055
-8489
-9299
-7214
-3593
1095
7632
13852
17560
19047
18477
15127
8289
-1084
-9553
-14766
-17705
-19248
-18944
-16267
-11436
-6441
-1493
4793
9826
11277
12359
14710
14209
9905
5728
1271
-5163
-9839
-10718
-10592
-10026
-6864
-1851
2281
5545
8684
10294
10016
9430
9413
9391
8593
8368
9069
8755
6981
182
-11877
-20109
-24758
-29990
-28551
-19509
-10634
-2374
9348
22440
28787
26805
21988
16020
8299
4
-6441
-9518
-11745
-14448
-13946
-10077
-8043
-9270
-10674
-9856
-6923
-3857
-43
6186
12222
16059
18721
19726
17889
12609
4075
-4201
-9071
-12666
-16635
-18557
-17293
-14199
-11004
-7108
-454
5510
7349
9097
12847
14415
11692
8224
5940
1454
-4357
-6882
-7705
-8917
-7959
-4449
-879
2256
5664
8277
9057
9353
10153
10296
10031
10454
10639
10064
5620
-4834
-13628
-18584
-25522
-29458
-25098
-17909
-10970
-1010
12696
23400
26128
24285
20725
15088
7551
-595
-6166
-8960
-11864
-13033
-10863
-9130
-9967
-12520
-14164
-11900
-7775
-3728
2488
9987
15498
18507
19597
18551
14291
6297
-2470
-8199
-11483
-14168
-15867
-15231
-12017
-9287
-7264
-2477
2698
4824
6742
11012
14140
12861
10541
7977
1981
-4157
-7123
-9622
-11662
-9963
-5336
-833
3546
7902
10418
10364
9179
8504
7888
7326
7805
9310
9770
4452
-4294
-10221
-16830
-24087
-24817
-20758
-16146
-9177
2065
14621
22597
24182
21938
17796
11777
4160
-2139
-5433
-8547
-11816
-11665
-9200
-8462
-10113
-12538
-12956
-10797
-7855
-3279
3544
10612
15986
18998
20033
18337
12235
2922
-5057
-9839
-14062
-17561
-17755
-14986
-11238
-7726
-3409
1579
4616
6362
8863
11346
12097
10633
8365
5587
1556
-2428
-6026
-9599
-10927
-9255
-6397
-2607
2358
7134
10012
11419
12602
12571
11030
8908
7115
5345
-765
-9447
-13979
-17462
-21568
-20993
-16467
-11324
-5535
2699
12657
19339
21324
20746
18445
15044
9758
3302
-1633
-6460
-11760
-13857
-13033
-12604
-13196
-13878
-12759
-9751
-6766
-2565
3576
9027
13188
16834
18966
18522
14954
8487
1769
-4385
-11794
-18197
-20850
-20775
-18491
-14106
-7963
-879
5116
9961
14228
16726
16218
13167
9744
6110
1253
-3092
-6260
-9017
-9959
-8683
-6369
-3541
-487
2596
5486
8411
11118
12697
13189
12681
11128
6283
-2884
-10537
-15632
-21583
-23961
-20708
-16364
-11732
-4307
5862
14042
17578
18936
18826
16706
13135
8745
4804
862
-4190
-8048
-9281
-10479
-12913
-14674
-14503
-12700
-10002
-6314
-1039
4615
9290
13337
16420
17235
15065
10361
5406
796
-5098
-10678
-14111
-16014
-16047
-14479
-11461
-6839
-2436
1753
6469
10473
12685
12660
11712
10566
7679
3816
171
-3688
-6379
-6866
-6008
-4208
-1507
1603
4397
6501
8268
9681
9813
8639
6479
1358
-5911
-11097
-14802
-17399
-16123
-13035
-10606
-7244
-1741
4606
8477
10086
11927
12691
11848
10966
9800
7494
3315
-1497
-4644
-7331
-10973
-14329
-16200
-15910
-13338
-9297
-3860
2326
7375
11190
14503
16256
15710
13098
8835
4099
-1181
-7065
-11675
-14178
-15007
-14294
-12326
-9040
-5336
-2257
1325
5499
8299
9517
10823
11979
11111
8810
6511
3197
-1312
-5120
-6912
-7257
-6656
-4158
19
4459
8705
12271
14231
14099
11025
3542
-6226
-13324
-18192
-21716
-20291
-14858
-9530
-4317
2254
8587
10782
9425
8286
7539
6606
6172
6724
7885
7089
3949
1245
-1983
-7816
-13955
-17662
-18502
-16914
-13234
-6990
750
7297
11741
14454
15325
13935
10770
7097
3761
919
-2513
-6270
-7626
-7561
-9320
-11206
-10696
-9524
-8542
-5243
281
4479
6899
9825
12271
11854
9773
7596
4140
95
-1868
-2437
-2985
-2572
-975
1341
4066
6817
9023
9579
8794
5235
-2742
-9496
-13190
-17441
-18309
-14081
-9493
-5441
-650
5360
9585
9186
7891
7320
5808
4381
4108
5239
5756
3627
1359
-532
-4430
-9201
-12801
-14638
-14524
-12960
-9566
-3830
2239
6817
10250
12604
13540
12629
9508
6222
3878
147
-3854
-5143
-5878
-8245
-9931
-8954
-7328
-6385
-3581
110
1481
2737
5524
7182
6797
6072
5775
4535
2499
2023
2680
2409
1480
1665
3205
4590
5354
6159
7193
6447
116
-8041
-11864
-15545
-19911
-18622
-13282
-8700
-4735
1648
9953
12842
10919
10959
10522
7611
5772
5618
5564
3366
-82
-1856
-4759
-10423
-15342
-18041
-18807
-17413
-13618
-6864
702
6647
11829
15437
15899
14070
10302
6430
4145
977
-2310
-2915
-3121
-4617
-5667
-5479
-5600
-6696
-5886
-2695
-463
1431
4620
7044
7820
7602
6808
5391
3280
1687
1585
1737
1572
2391
3915
5202
6151
5919
6032
6059
-277
-7790
-10002
-13660
-17303
-14929
-10986
-8722
-7101
-2726
4103
6394
6152
7709
8428
8162
8170
8728
9654
7647
3922
1535
-1956
-7091
-12480
-17258
-19526
-19720
-18433
-13548
-6893
-1046
4620
8910
11436
12943
12101
10208
9119
7045
4215
2656
1617
-777
-3722
-4811
-5463
-7106
-7193
-5795
-5187
-3973
-1066
2156
4519
6016
7803
9403
9720
9334
8658
6752
4496
3783
4459
5219
5768
6582
7247
3288
-5751
-12485
-17636
-23241
-23130
-17430
-12158
-7930
-1757
6699
10995
9869
9407
8804
6449
5913
8548
11517
11346
9004
7435
3994
-2595
-9595
-16091
-21269
-23788
-22873
-18251
-12133
-7083
-2919
1145
4702
6828
8412
10399
11815
12708
14006
14562
12299
7621
2679
-2251
-7061
-9989
-10933
-11184
-10540
-8086
-4636
-1974
-165
1457
3399
6324
9476
12419
15062
16005
15240
14143
13048
11079
7973
5238
424
-9134
-17272
-22266
-27250
-27919
-23051
-17256
-11668
-4983
3752
9936
10427
11382
13254
12252
10932
11892
13254
11426
7493
6032
3557
-3149
-8812
-12392
-16338
-19439
-19545
-16705
-13920
-12456
-9366
-5382
-2464
1098
5624
9621
12664
15177
17005
16975
14355
10099
5427
1210
-2301
-4874
-6461
-7912
-9368
-9941
-9904
-9976
-9166
-6807
-3098
1805
7477
12820
16535
18775
19984
19517
17405
15010
12825
10589
7455
1901
-6288
-15345
-23626
-29162
-30381
-28657
-24746
-18523
-9818
379
8019
12193
15230
15859
14354
13899
14484
13520
10010
7134
5303
1122
-4150
-8229
-12550
-16980
-19668
-19476
-17356
-15412
-12827
-8698
-4395
-498
3841
8233
11360
13363
14976
15515
13944
10650
6629
2460
-1410
-3503
-4261
-5364
-6195
-6101
-6002
-6174
-6024
-5232
-3894
-2076
1187
5421
9162
11794
13804
14986
14901
14194
13354
12632
12188
10658
6946
865
-7567
-15957
-23005
-27197
-27186
-24512
-19882
-12889
-4960
2276
6959
9362
10482
9990
9929
10946
11717
11655
10301
8029
5278
1299
-3396
-8542
-13361
-16606
-17979
-17121
-15086
-12683
-9887
-6666
-2491
1991
5378
8090
10214
11524
11745
10726
8895
6175
3276
1136
212
64
-569
-1355
-1608
-2526
-4099
-5348
-5956
-5357
-3715
-973
2506
5323
7357
8964
9809
9780
9231
8895
9480
10914
12487
12446
10596
5745
-2198
-9979
-16809
-22104
-24096
-22836
-18833
-13593
-8308
-2714
464
1972
3752
5339
7392
9804
11831
13014
12421
10696
7706
2251
-3397
-8396
-12509
-14886
-15308
-14415
-12971
-10982
-8442
-5664
-2630
385
3423
7004
9883
11656
12071
10944
8752
5711
2538
170
-1444
-2193
-2279
-2073
-1527
-1511
-1910
-2185
-1946
-675
760
2160
4356
6397
7238
7448
7116
5786
3878
2649
2952
4408
6040
6998
7339
6132
2690
-2053
-6587
-10688
-13759
-14633
-13852
-12151
-9940
-7760
-5782
-4125
-2902
-1017
1029
3371
5974
7996
9012
8538
6838
4559
1353
-2396
-5453
-7866
-9374
-9833
-9359
-8654
-7682
-6220
-4369
-2065
788
3548
5748
7517
8728
9206
8408
6826
5310
3669
1738
205
-826
-1815
-3044
-3874
-3654
-2763
-1330
647
3109
5589
7442
8759
9283
8336
6394
4017
1817
819
716
1065
2075
2929
3192
2934
1339
-1032
-3443
-6085
-8054
-8537
-8037
-7318
-6346
-4813
-3788
-3597
-3169
-3073
-3662
-3504
-2535
-1934
-898
704
1557
1783
2007
2113
1460
72
-606
-1228
-2931
-4228
-5010
-5748
-5886
-5115
-3468
-1634
140
2136
3834
4984
5551
5652
5413
4815
4404
4187
3602
2775
2214
1716
944
177
-412
-944
-1105
-384
1044
2549
3872
4846
5234
5056
4564
4080
3738
3444
3355
3473
3394
2947
2458
1376
-546
-2450
-4341
-6145
-7262
-7411
-7418
-7222
-5713
-4066
-3434
-2467
-1813
-2222
-2788
-2690
-2267
-2717
-2718
-1691
-1000
-252
902
1713
1811
1026
241
-1060
-2721
-3554
-4012
-3759
-2584
-1320
-30
1211
1965
2339
2148
1798
1772
1969
2199
2589
3058
3245
3148
3011
2661
1916
1394
1102
1123
1579
2042
2130
1815
1439
1118
657
556
1228
2126
3000
3819
4599
4938
4512
3521
2537
1327
-348
-1674
-2700
-3628
-4278
-4795
-4644
-4175
-4075
-3575
-3285
-3317
-2892
-2846
-2839
-2435
-2554
-2522
-2045
-1581
-780
-328
-265
-180
-673
-1573
-2386
-2877
-2770
-2396
-1515
-21
1109
1859
2447
2554
1977
1094
372
48
84
271
432
885
1348
1585
1889
2076
2027
1876
1958
2439
2888
2892
2644
2149
1700
1117
541
297
-9
-455
-386
-88
150
319
333
770
1531
1791
1785
1857
1449
944
679
726
529
-39
-446
-774
-1297
-1935
-2744
-3194
-3192
-3234
-3204
-3128
-2940
-2489
-1612
-621
166
555
240
-190
-279
-657
-1106
-1452
-1748
-1446
-994
-786
-527
-466
-775
-873
-757
-673
-639
-472
11
685
1208
1728
2244
2433
2383
2386
2413
2201
1812
1516
1231
457
-99
-321
-843
-1223
-790
-347
337
1009
1360
1479
1310
1226
1192
791
231
-17
-379
-401
-7
439
291
125
-233
-530
-855
-1225
-1398
-1517
-1386
-866
-375
-78
103
100
481
829
1307
1575
1484
1199
899
418
-165
-530
-611
-698
-885
-996
-1056
-1346
-1791
-2000
-2222
-2394
-2298
-1786
-972
-56
750
1504
2012
2251
2313
2198
1779
1454
1231
1006
782
544
232
-377
-902
-1219
-1285
-1314
-1267
-816
-257
60
514
823
868
705
218
-188
-703
-943
-1215
-837
-381
-534
-522
-266
-403
-856
-1311
-1250
-1225
-1291
-433
62
346
574
999
1251
1239
895
710
480
422
650
797
1167
1433
1366
1151
859
276
-309
-1027
-1037
-1173
-1424
-1051
-729
-296
15
36
143
462
751
1190
1556
1833
1835
1800
1912
2155
1850
854
488
-67
-868
-1069
-849
-1179
-929
-639
-330
61
160
-225
-511
-1021
-1407
-1705
-2017
-1663
-1359
-934
-319
184
-220
-209
-717
-1131
-1214
-1276
-1726
-1460
-1303
-821
-182
234
508
515
686
726
713
708
860
834
1174
1254
1574
1571
1368
808
64
-523
-928
-1613
-1359
-1030
-949
-502
-123
-105
149
205
666
1099
1238
2003
2521
2384
2455
2378
1924
1267
444
116
-722
-1265
-1160
-1023
-721
-350
265
744
568
52
-353
-931
-1388
-1556
-1414
-1106
-680
-587
-53
201
-447
-712
-1252
-1628
-1725
-1751
-1523
-1248
-721
-289
128
382
313
-7
-338
-607
-182
-118
462
905
1177
1622
1433
1259
935
481
45
-237
-266
-126
-256
271
415
252
285
196
422
296
449
421
683
828
1236
1240
1302
1187
1092
652
372
92
-165
-28
-30
417
495
841
864
892
562
85
-711
-1320
-1630
-2001
-2145
-1721
-1546
-1524
-1221
-1186
-1102
-1036
-642
-65
6
226
275
118
-291
-189
-439
-724
-592
-672
-599
-369
-492
-509
-549
-525
82
-37
489
696
736
1059
1112
1132
1239
852
727
710
237
-165
-643
-639
-584
-635
-440
255
618
1068
1563
1713
1956
1524
1215
1157
816
569
743
856
1078
1149
1031
768
225
-455
-1078
-1400
-1556
-1316
-1122
-553
-323
-262
-313
-825
-1188
-1474
-1704
-1290
-925
-592
-309
-246
-130
-424
-570
-495
-840
-750
-734
-612
-202
114
330
485
339
302
42
-261
-296
-166
121
481
1164
1100
1046
1045
582
248
-141
-542
-618
-604
-427
-254
-341
-175
-19
253
569
758
976
948
949
964
1037
1027
1249
1137
1356
1407
1294
963
577
199
-374
-806
-814
-777
-838
-597
-556
-236
-478
-530
-540
-587
-749
-581
-506
-279
-372
-700
-710
-1045
-1169
-1190
-1014
-1038
-1010
-825
-653
-380
-121
126
419
727
746
664
447
357
112
-43
118
308
343
208
435
85
-42
-55
-161
-211
-242
-150
21
201
425
556
646
810
499
393
135
-38
-90
-35
220
503
675
891
798
699
573
213
270
101
-167
-337
-546
-469
-578
-624
-530
-476
-281
24
319
608
574
671
633
346
180
-275
-406
-727
-867
-834
-886
-1034
-911
-855
-739
-546
-302
23
167
575
630
783
764
636
775
837
776
603
171
-121
-377
-745
-815
-889
-802
-808
-419
15
233
412
588
778
968
883
867
780
517
99
-109
-249
-455
-582
-701
-391
-454
-428
-415
-637
-807
-960
-946
-536
-407
-79
275
398
720
436
364
100
-238
-484
-454
-193
165
497
758
868
532
51
-374
-685
-911
-717
-480
-31
433
725
1077
1141
1005
684
342
254
368
463
638
681
358
53
-541
-776
-971
-1132
-910
-624
-262
107
326
559
759
944
1166
1266
1313
1178
880
666
449
-59
-499
-749
-1110
-1181
-1419
-1711
-1574
-1558
-1524
-1112
-892
-716
-271
40
644
871
698
721
387
98
90
-235
-122
-104
-142
23
-238
-266
-598
-792
-576
-368
123
758
1035
1403
1517
1424
1313
870
618
427
196
277
138
-192
-400
-677
-780
-862
-860
-670
-518
-198
225
492
560
468
261
117
133
120
355
349
371
506
397
304
87
-224
-360
-491
-468
-293
-272
-165
-146
-239
-303
-647
-1075
-1101
-1177
-1031
-674
-546
-296
-331
-335
-224
-357
-189
-10
313
482
691
813
531
511
154
237
203
57
276
321
421
639
555
750
721
772
1164
1076
1351
1145
859
384
73
-420
-681
-721
-763
-642
-736
-693
-576
-622
-586
-410
-386
114
290
652
1038
979
990
606
342
-158
-468
-764
-733
-861
-797
-786
-816
-851
-833
-809
-848
-515
-455
-10
78
371
388
208
-104
-337
-611
-896
-915
-754
-591
-400
11
2
243
208
517
689
761
728
706
829
819
1083
956
911
860
566
340
314
-57
-60
-32
-54
251
203
464
516
610
529
346
147
-112
-181
-263
-187
-287
-174
-343
-182
-169
-308
-367
-371
-372
-129
188
208
318
157
117
-245
-375
-509
-736
-773
-614
-562
-459
-417
-414
-326
-277
-290
-317
-470
-493
-455
-445
-380
-242
-341
-368
-233
-281
-96
-53
167
388
465
686
957
1116
1402
1299
1321
1072
440
123
-189
-397
-538
-425
-183
-195
-19
34
102
211
129
451
439
786
1059
1073
1112
931
520
22
-499
-1004
-1203
-1288
-1211
-878
-630
-472
48
29
282
174
-12
308
157
497
685
476
668
76
-173
-368
-899
-899
-1153
-1344
-1280
-1267
-941
-558
-266
117
305
557
527
591
531
377
376
298
284
224
61
13
-155
-148
-174
-162
-61
71
169
370
243
190
296
110
305
422
290
294
180
62
231
52
255
246
239
350
164
65
-146
-259
-330
-236
-80
-179
-92
-114
-303
-50
-348
-204
-111
-175
283
351
555
862
462
508
304
31
6
-366
-493
-603
-802
-716
-719
-718
-562
-529
-250
-29
201
334
467
553
585
509
409
377
305
204
325
209
42
-109
-384
-329
-462
-367
-179
-125
-13
46
-17
-68
-23
-5
16
107
84
-23
-17
-68
7
-50
120
60
-88
-120
-543
-453
-490
-451
-137
-76
46
209
-72
-97
-284
-381
-187
263
525
683
892
764
808
431
113
-74
-432
-327
-287
-433
-314
-538
-455
-263
-290
-66
56
270
559
542
441
321
322
353
454
464
386
196
-6
-89
-222
-273
-331
-287
-182
12
114
315
336
154
70
-160
-240
-136
-200
-112
127
-42
248
106
94
-11
-185
-231
-270
-301
-280
-450
-441
-486
-494
-436
-422
-290
-484
-227
-66
93
233
387
590
699
728
936
557
374
31
-191
-249
-483
-402
-396
-474
-258
-161
-246
-81
-198
10
160
447
623
622
484
374
204
277
185
25
113
-201
-129
-162
-73
10
6
155
238
140
170
42
-25
-55
-137
98
9
-33
-53
-213
-444
-424
-406
-371
-291
-385
-244
-165
-71
112
-130
-157
-268
-207
85
101
211
130
60
195
245
217
341
226
311
371
429
267
120
-240
-463
-364
-500
-218
-294
-303
-252
-103
-11
168
204
141
230
224
511
435
225
196
185
137
496
223
32
-177
-471
-92
-46
107
-25
-185
-209
-118
-91
32
209
151
246
438
289
95
-94
-453
-400
-457
-192
-52
-271
-325
-602
-718
-654
-568
-404
-251
-43
187
288
246
208
265
356
663
699
520
284
-90
-235
-114
-87
30
8
-248
-304
-316
-190
71
189
230
367
288
284
275
-11
-151
-264
-147
15
2
-70
-257
-348
-162
174
476
786
690
551
360
157
8
-110
-147
-54
161
331
391
189
-34
-303
-356
-425
-284
-174
-234
-125
-82
-76
-133
-420
-715
-959
-1048
-779
-575
-235
-74
-2
229
335
363
282
124
-16
18
162
338
410
204
-28
-273
-466
-436
-416
-288
-18
145
459
678
735
809
700
757
731
585
396
144
-109
-264
-279
-180
-8
142
346
405
433
435
469
430
476
503
486
521
462
361
226
110
-60
-167
-309
-430
-572
-637
-566
-435
-199
-85
-145
-402
-767
-1104
-1272
-1312
-1156
-1011
-930
-775
-715
-707
-689
-669
-590
-413
-216
-71
2
-85
-262
-421
-551
-668
-695
-673
-643
-426
-241
4
287
599
836
1041
1196
1193
1205
1161
1093
1048
886
702
563
348
290
328
450
709
815
953
919
946
1143
1300
1565
1666
1741
1689
1459
1247
1084
883
847
802
864
660
379
133
-238
-332
-421
-348
-377
-723
-1123
-1593
-2034
-2197
-2257
-2149
-2173
-2341
-2388
-2573
-2564
-2472
-2213
-1887
-1474
-1109
-843
-765
-896
-946
-918
-609
-148
292
480
561
527
571
737
917
1113
1236
1273
1297
1298
1025
713
284
86
53
42
131
-90
-459
-771
-829
-570
-253
8
142
172
220
456
694
861
921
863
864
944
971
981
905
753
823
985
1334
1610
1706
1651
1668
1778
1966
2205
2312
2262
2114
2015
1736
1271
540
-160
-540
-709
-565
-600
-1082
-1869
-2709
-3024
-2943
-2793
-2563
-2678
-3013
-3177
-3132
-2861
-2648
-2458
-2211
-1933
-1603
-1222
-883
-905
-896
-567
7
760
1416
1666
1537
1253
1268
1637
1973
2077
1967
1574
1170
830
574
431
165
54
-97
-353
-682
-1038
-1320
-1337
-1262
-994
-813
-907
-1147
-1441
-1392
-1166
-724
-281
64
227
418
694
932
1138
1406
1693
1911
2103
2229
2202
2013
1943
2048
2199
2277
2226
2024
1696
1451
1510
1783
2052
2257
2414
2209
1575
538
-182
-539
-700
-508
-526
-1158
-2444
-3495
-3707
-3583
-3102
-2458
-2492
-3017
-3705
-3746
-3353
-3019
-2407
-1856
-1572
-1481
-1225
-1097
-1270
-1369
-865
-11
815
1406
1637
1421
1098
1307
2011
2704
2893
2714
2178
1549
1080
965
912
679
385
47
-131
-562
-1197
-1682
-1867
-1779
-1312
-647
-413
-851
-1484
-1720
-1596
-1202
-674
-412
-764
-1105
-991
-454
161
664
1080
1246
1361
1647
1922
1958
1841
1848
2112
2465
2702
2759
2474
1932
1713
1946
2243
2280
2176
2053
1950
2086
2430
2389
1393
116
-481
-660
-565
-264
-569
-1755
-3198
-3612
-3085
-2750
-2478
-2481
-3104
-3791
-3794
-3104
-2739
-2855
-2754
-2484
-2308
-2011
-1592
-1539
-1887
-1733
-753
468
1232
1576
1661
1401
1494
2282
3162
3341
2841
2296
1870
1631
1680
1787
1547
980
472
181
-138
-561
-873
-1015
-939
-818
-788
-1024
-1528
-2066
-2119
-1769
-1453
-1479
-1820
-2228
-2417
-2056
-1369
-687
-476
-447
-345
-91
388
936
1359
1620
1809
2109
2437
2522
2498
2374
2389
2614
2901
3091
2942
2511
2242
2238
2265
2397
2414
2222
1911
1681
1412
713
-148
-502
-501
-347
-137
-403
-1473
-2887
-3557
-3204
-2660
-2308
-2369
-3194
-4248
-4588
-3928
-3095
-2728
-2637
-2634
-2691
-2489
-1785
-1080
-747
-432
324
1183
1629
1766
1739
1585
1643
2190
2853
2904
2265
1599
1241
1252
1533
1816
1705
1078
546
388
412
275
-99
-462
-724
-929
-950
-1068
-1738
-2513
-2854
-2668
-2290
-2148
-2249
-2618
-2956
-2549
-1598
-755
-341
-336
-379
-196
443
1276
1794
1929
1814
1838
2119
2418
2501
2331
2120
2074
2277
2621
2831
2662
2481
2476
2662
2846
2755
2352
1839
1615
1809
2087
1964
1373
263
-595
-586
-150
139
-91
-1000
-2197
-2993
-2822
-2155
-2076
-2457
-3074
-3776
-4048
-3674
-2996
-2765
-2981
-2921
-2516
-2204
-1785
-1344
-1168
-1100
-751
7
477
348
92
87
325
867
1546
1954
1665
1201
1223
1691
2182
2426
2461
2197
1838
1675
1748
1605
1056
472
107
-147
-468
-958
-1506
-2048
-2422
-2147
-1660
-1615
-2036
-2568
-2774
-2601
-2044
-1292
-1048
-1356
-1649
-1597
-1148
-623
-180
18
-71
-21
316
816
1269
1542
1789
2093
2399
2632
2756
2695
2603
2723
3067
3325
3313
3076
2748
2511
2620
2947
2988
2725
2385
2083
1877
1736
1549
950
-22
-489
-510
-663
-895
-1379
-2193
-3094
-3413
-2907
-2610
-2873
-3204
-3667
-4055
-4002
-3440
-2896
-3044
-3351
-3158
-2794
-2423
-1858
-1339
-1098
-1044
-605
146
540
624
875
1260
1558
1911
2263
2276
1782
1408
1544
1789
1795
1652
1330
893
514
471
673
560
196
-127
-269
-353
-460
-441
-539
-818
-1073
-1147
-1077
-1324
-1557
-1579
-1616
-1544
-1387
-1193
-1097
-1170
-956
-517
-183
125
306
451
524
648
979
1322
1504
1602
1765
1870
1891
1815
1840
1851
1798
1919
2082
2037
1847
1673
1584
1553
1529
1517
1342
1081
896
813
919
1100
1089
961
754
413
-29
-465
-411
-353
-535
-579
-912
-1587
-2268
-2479
-2155
-2129
-2266
-2345
-2801
-3324
-3377
-2792
-2173
-2039
-1966
-1822
-1956
-2020
-1528
-885
-592
-551
-266
133
145
168
483
708
733
934
1417
1597
1289
1140
1328
1506
1573
1785
1893
1485
901
719
801
694
502
434
283
-161
-469
-400
-417
-635
-759
-705
-766
-1131
-1304
-1229
-1284
-1216
-976
-772
-869
-1219
-1232
-971
-701
-300
41
169
29
-19
387
846
1119
1266
1279
1149
960
1038
1298
1360
1293
1335
1369
1301
1196
1215
1241
1211
1290
1488
1557
1387
1245
1262
1349
1322
1257
1101
743
426
406
551
502
91
-211
-320
-519
-463
-347
-612
-1206
-1760
-1734
-1617
-1750
-1727
-1958
-2510
-2879
-2778
-2369
-2342
-2485
-2287
-2156
-2108
-1729
-1220
-1015
-1106
-878
-279
46
108
305
409
304
403
946
1426
1310
1120
1204
1210
1145
1264
1490
1372
1032
1045
1252
1191
948
843
776
569
439
579
577
286
59
156
310
234
124
13
-283
-639
-676
-541
-534
-755
-915
-950
-1067
-1097
-935
-748
-713
-743
-587
-371
-328
-211
8
163
229
269
384
370
264
342
543
654
655
649
618
590
685
968
1196
1224
1181
1123
1078
1132
1324
1421
1295
1086
887
654
542
547
490
187
-150
-235
-364
-498
-459
-535
-860
-1238
-1328
-1181
-1353
-1507
-1424
-1601
-1888
-1894
-1686
-1638
-1891
-1838
-1548
-1622
-1614
-1262
-1026
-1067
-991
-531
-151
-152
51
437
520
547
876
1321
1433
1358
1546
1707
1533
1478
1647
1704
1497
1375
1484
1345
1031
958
1003
871
679
671
646
359
114
95
43
-103
-189
-209
-308
-581
-754
-831
-1032
-1174
-1255
-1263
-1252
-1408
-1471
-1448
-1517
-1451
-1327
-1154
-1022
-1033
-868
-640
-474
-242
-10
176
249
264
423
542
567
652
736
797
824
865
957
953
913
973
1089
1157
1170
1151
1102
1044
1077
1188
1249
1219
1064
894
799
732
610
355
182
73
-94
-37
37
-234
-636
-955
-965
-937
-1006
-885
-991
-1427
-1604
-1421
-1191
-1180
-1238
-1189
-1324
-1485
-1198
-757
-661
-674
-483
-196
-111
-78
195
265
120
242
616
793
634
543
619
573
557
830
996
796
529
519
625
621
660
791
732
515
455
519
449
234
147
153
100
27
-17
-109
-319
-442
-365
-278
-363
-568
-745
-883
-925
-826
-710
-731
-919
-1071
-1054
-963
-856
-777
-734
-720
-715
-561
-373
-255
-222
-191
-106
-40
30
118
164
170
253
412
567
629
633
641
708
846
1022
1189
1257
1266
1279
1421
1628
1724
1733
1706
1571
1480
1525
1590
1611
1383
1168
1046
802
710
683
443
88
-376
-659
-839
-1140
-1271
-1417
-1726
-1971
-2088
-2112
-2183
-2328
-2284
-2127
-2084
-1911
-1685
-1625
-1608
-1478
-1114
-761
-614
-462
-357
-383
-241
127
531
728
748
802
859
901
1055
1269
1351
1292
1283
1372
1396
1320
1245
1176
1060
957
937
860
654
433
287
246
179
45
-136
-417
-647
-764
-804
-779
-901
-1101
-1225
-1299
-1256
-1238
-1245
-1233
-1323
-1329
-1171
-1039
-959
-955
-904
-763
-650
-426
-201
-108
-34
70
286
516
678
825
917
978
1078
1220
1343
1368
1329
1334
1360
1384
1390
1332
1249
1175
1156
1202
1202
1142
1008
827
766
763
748
736
635
472
260
25
-48
-158
-310
-309
-403
-607
-806
-1027
-1089
-1172
-1232
-1139
-1230
-1405
-1486
-1508
-1436
-1328
-1193
-1020
-997
-1009
-876
-740
-642
-520
-403
-280
-232
-179
-55
-42
-47
39
156
269
361
398
401
363
362
464
582
660
695
658
595
545
507
532
554
518
480
422
352
290
226
194
203
179
143
118
12
-114
-208
-269
-263
-293
-337
-372
-509
-661
-715
-743
-745
-744
-733
-732
-784
-769
-672
-584
-519
-455
-417
-382
-327
-198
-58
76
202
300
390
469
562
652
762
850
893
926
977
1006
1046
1113
1154
1155
1093
1040
1009
960
992
1062
1031
991
912
821
806
766
765
717
533
379
190
48
-51
-204
-300
-466
-672
-820
-992
-1121
-1249
-1346
-1355
-1397
-1423
-1432
-1487
-1528
-1524
-1433
-1289
-1186
-1105
-1043
-1007
-911
-749
-562
-364
-249
-151
-45
59
184
289
400
502
579
662
714
720
682
629
651
671
653
629
575
504
449
428
435
387
260
169
115
84
78
63
-3
-139
-272
-302
-267
-244
-264
-299
-383
-473
-439
-353
-273
-243
-264
-233
-216
-183
-90
-28
0
21
68
161
201
210
262
276
278
304
337
320
245
207
227
216
183
192
162
82
41
55
70
36
22
73
84
105
204
266
297
316
377
477
510
533
582
565
556
599
650
672
614
523
475
420
358
369
350
289
216
147
82
-33
-166
-250
-328
-407
-466
-521
-610
-748
-847
-887
-901
-909
-930
-959
-994
-1024
-980
-907
-837
-785
-761
-694
-648
-602
-534
-475
-368
-265
-137
39
113
161
229
309
448
546
633
697
662
648
689
727
748
736
725
691
616
548
500
412
337
316
291
242
153
41
-88
-181
-236
-271
-317
-387
-491
-572
-605
-607
-583
-597
-580
-582
-590
-537
-492
-448
-376
-344
-283
-243
-242
-187
-171
-129
-62
-30
29
60
60
141
219
290
381
407
426
432
435
510
554
534
560
532
482
524
512
510
496
420
402
354
291
286
220
180
197
150
123
93
26
-26
-58
-53
-6
-20
-13
-6
-69
-62
-33
37
87
79
84
64
20
44
104
127
120
85
63
43
24
58
96
58
17
-15
-53
-61
-62
-65
-114
-190
-256
-286
-312
-335
-369
-421
-472
-494
-499
-491
-468
-494
-498
-491
-465
-418
-388
-367
-339
-314
-262
-203
-181
-178
-200
-185
-154
-116
-84
-82
-126
-149
-155
-119
-94
-113
-130
-179
-217
-219
-173
-160
-129
-135
-139
-127
-125
-76
-7
28
86
148
138
197
213
247
332
364
430
488
486
548
580
596
698
685
735
754
709
737
699
660
656
592
567
535
455
411
296
217
138
77
52
8
-43
-100
-154
-198
-228
-226
-230
-257
-239
-264
-271
-293
-290
-279
-261
-218
-173
-152
-150
-125
-109
-58
-2
50
75
113
115
167
197
186
207
173
177
170
135
120
94
19
29
-18
-61
-118
-223
-261
-330
-363
-353
-357
-425
-464
-533
-552
-571
-557
-518
-524
-537
-519
-480
-488
-445
-452
-425
-404
-391
-371
-350
-403
-379
-318
-275
-181
-151
-98
-100
-61
19
118
196
262
317
366
391
473
547
550
618
585
610
599
579
602
609
598
628
610
563
523
449
444
405
420
391
336
236
179
123
104
113
84
5
-85
-131
-180
-151
-146
-112
-162
-221
-233
-254
-275
-237
-247
-260
-296
-348
-308
-368
-341
-293
-261
-248
-246
-257
-239
-272
-209
-95
-120
-61
-85
-76
-63
-22
20
112
82
76
115
72
139
125
187
195
180
121
149
73
27
45
19
40
-9
-8
-50
-56
-94
-34
-38
-44
-44
-100
-90
-82
-80
-37
-11
-82
-96
-162
-171
-129
-154
-87
-78
-151
-139
-138
-132
-55
-37
34
61
22
78
74
86
155
167
225
243
219
214
178
165
198
192
222
220
159
153
144
124
146
151
117
146
112
115
135
101
89
76
35
75
39
5
51
-57
-93
-83
-139
-137
-120
-159
-122
-199
-221
-197
-256
-248
-212
-241
-233
-233
-268
-241
-264
-290
-248
-236
-240
-152
-165
-142
-143
-153
-74
-31
0
95
95
54
114
96
182
221
259
311
289
262
320
298
285
352
285
344
307
295
280
268
226
244
212
188
189
111
154
112
122
90
88
14
-10
-38
-28
-44
-73
-78
-178
-175
-251
-213
-240
-230
-248
-264
-277
-282
-275
-275
-213
-258
-202
-219
-194
-241
-216
-209
-211
-162
-146
-98
-144
-111
-115
-51
-30
49
46
62
107
112
191
210
217
204
233
227
263
267
279
216
182
156
138
167
146
159
123
56
33
-9
-79
-42
-66
-48
-19
-76
-130
-176
-243
-209
-179
-170
-118
-224
-241
-281
-293
-257
-177
-190
-170
-195
-217
-195
-198
-104
-64
-2
42
94
51
101
106
163
267
321
373
358
366
327
388
377
447
420
413
404
362
328
345
316
258
297
215
251
168
176
97
40
-28
-38
-130
-163
-154
-268
-238
-364
-381
-458
-454
-464
-435
-461
-444
-506
-515
-483
-520
-397
-431
-347
-362
-365
-296
-304
-269
-171
-182
-115
-35
-19
79
90
150
220
224
316
365
363
414
464
460
503
506
470
462
407
425
421
400
408
345
251
206
150
138
148
111
71
-19
-95
-160
-180
-216
-205
-195
-228
-230
-325
-340
-378
-422
-344
-319
-333
-271
-341
-335
-373
-385
-263
-262
-205
-117
-162
-147
-89
-80
4
66
125
220
206
240
271
209
283
303
313
375
365
356
358
269
286
240
206
232
176
204
148
136
47
35
-79
-49
-74
-86
-96
-162
-192
-255
-295
-319
-273
-360
-249
-350
-325
-378
-390
-372
-344
-291
-253
-184
-204
-139
-165
-133
-54
-6
-3
152
101
152
216
187
279
255
303
364
330
393
449
415
459
432
415
394
432
407
412
401
315
300
223
169
194
73
104
96
-42
19
-108
-181
-168
-254
-236
-195
-281
-224
-304
-360
-331
-369
-343
-261
-287
-282
-229
-309
-259
-245
-254
-189
-161
-153
-92
-147
-141
-75
-158
-65
-18
-61
19
25
1
66
-5
43
66
10
103
107
72
105
34
-13
12
-30
7
14
7
-24
-21
-98
-24
-99
-69
-12
-85
-75
-42
-112
-66
-97
-134
-41
-165
-39
-79
-62
-32
-34
-61
8
-12
53
89
126
139
116
174
137
200
196
250
277
228
274
271
213
277
228
230
262
220
270
225
183
192
112
136
132
110
110
92
41
4
-22
-34
-55
-72
-65
-76
-88
-136
-107
-202
-181
-174
-162
-133
-125
-147
-138
-161
-168
-107
-127
-56
-72
-50
-43
-38
-84
-21
-59
-41
-14
-14
-31
-69
-74
-81
-77
-76
-33
-63
-60
-63
-70
-82
-64
-67
-27
-52
-30
-34
-57
-37
-75
-72
-24
-71
-3
-34
-46
1
-48
8
20
-23
73
59
75
109
60
111
74
96
108
106
123
140
108
97
79
87
59
91
83
55
117
37
91
31
18
83
23
32
80
-15
54
21
-29
50
-10
32
43
6
22
44
-2
54
34
13
72
65
63
97
70
45
84
-7
60
42
17
54
3
-16
-10
-85
-101
-83
-172
-94
-135
-154
-170
-228
-221
-227
-237
-180
-194
-201
-192
-214
-204
-204
-178
-168
-156
-110
-104
-91
-97
-128
-87
-111
-12
-6
25
50
53
59
77
92
120
145
177
200
199
237
192
229
155
194
217
189
251
204
154
170
110
126
134
100
151
103
99
50
30
-14
-3
-41
-33
-44
-61
-97
-103
-164
-161
-136
-167
-126
-191
-140
-166
-146
-117
-106
-117
-69
-103
-89
-53
-23
39
43
65
51
79
53
167
135
187
202
192
167
162
137
179
164
163
211
136
157
78
104
21
84
55
86
53
25
-2
-50
-85
-117
-107
-159
-101
-172
-133
-222
-220
-258
-267
-256
-218
-188
-213
-181
-229
-224
-226
-171
-174
-102
-103
-66
-68
-93
-63
-37
-18
67
94
86
154
91
128
149
125
196
221
163
228
147
153
196
140
171
143
113
116
96
59
117
61
80
70
-7
-7
-39
-53
-11
-41
-52
-29
-142
-121
-157
-145
-101
-108
-93
-116
-159
-168
-160
-163
-95
-85
-61
-67
-57
-91
-51
-33
-24
33
72
99
102
91
77
100
87
155
162
155
180
153
131
145
117
129
165
123
166
124
110
107
71
74
86
80
64
81
32
22
0
25
-16
3
-15
-21
-16
-39
-22
-49
-62
-58
-56
-105
-51
-92
-85
-75
-95
-89
-108
-103
-123
-121
-101
-64
-87
-51
-80
-71
-67
-55
-36
-38
2
0
24
-27
1
-11
8
14
44
19
41
10
5
-2
-11
17
5
41
-16
18
-17
-23
-21
-45
-41
-12
-64
-28
-44
-96
-72
-119
-106
-126
-97
-115
-102
-109
-129
-125
-135
-124
-74
-89
-30
-31
-73
-5
-54
-15
22
34
68
89
68
70
62
40
93
79
103
131
89
86
110
53
107
103
92
156
75
126
109
94
109
114
94
96
85
100
83
61
84
47
65
44
86
41
82
54
42
56
17
37
33
20
30
41
-7
31
-21
-17
-11
-38
-27
-25
-64
-45
-50
-109
-58
-100
-99
-92
-121
-132
-123
-143
-133
-113
-155
-120
-134
-153
-116
-142
-133
-99
-146
-88
-97
-111
-35
-94
-50
-37
-60
4
-6
23
29
26
44
56
68
80
93
86
67
74
57
60
84
38
94
26
49
56
9
53
9
44
39
29
51
24
9
34
-11
41
4
17
36
-16
24
-17
13
24
23
61
49
39
80
40
76
86
95
136
124
137
129
135
145
152
134
168
142
157
140
136
115
111
95
76
76
44
59
37
11
0
-21
-54
-22
-74
-55
-77
-102
-96
-121
-111
-129
-140
-139
-147
-162
-153
-164
-145
-182
-162
-176
-186
-154
-164
-138
-155
-128
-129
-119
-105
-108
-92
-70
-60
-39
-34
-35
-7
-24
10
16
25
31
64
64
47
98
70
76
96
80
98
90
79
93
55
53
75
47
48
51
28
0
3
-21
-7
-19
-13
-17
-44
-50
-52
-75
-65
-60
-53
-62
-64
-71
-92
-70
-67
-52
-41
-34
-28
-38
-20
-15
-14
39
45
54
80
49
61
73
82
115
126
120
140
109
91
112
98
109
131
93
116
62
51
54
8
55
36
42
25
11
-17
-31
-48
-33
-76
-18
-74
-74
-87
-128
-102
-150
-122
-148
-149
-153
-139
-168
-137
-157
-136
-153
-116
-141
-107
-72
-94
-44
-76
-46
-33
-40
-6
12
8
42
31
59
18
62
59
60
108
78
127
95
98
114
81
99
111
91
130
94
96
81
41
67
27
51
49
26
38
-6
-11
-20
-21
-19
-4
-12
-21
-42
-42
-45
-35
-36
-35
-25
-53
-31
-39
-48
-31
-15
-22
-16
-9
-6
9
15
10
38
34
33
58
32
57
63
70
73
75
54
78
52
85
92
73
108
64
85
67
79
59
77
47
92
48
60
46
7
33
0
27
9
25
-26
10
-44
-18
-26
-24
-21
-5
-34
-39
-13
-65
-3
-43
-17
-6
-19
-13
1
-65
-22
-21
-37
3
-28
-28
-40
-42
-50
-23
-45
-12
-8
-21
-10
-9
-32
9
8
19
48
10
40
2
0
18
-5
20
18
-3
11
-23
-31
-22
-48
-32
-46
-53
-62
-65
-65
-96
-60
-112
-86
-72
-125
-82
-95
-109
-77
-94
-88
-67
-96
-41
-59
-57
-30
-30
-33
-11
1
-1
19
15
40
43
37
71
72
71
95
80
96
99
106
139
108
123
109
91
106
91
92
104
78
77
58
42
36
13
34
3
7
5
-19
-27
-35
-64
-27
-59
-34
-24
-78
-32
-75
-65
-52
-64
-39
-34
-54
-13
-54
-38
-31
-46
-17
-25
-9
-6
-18
1
-12
-12
-11
-22
3
3
16
-8
13
-16
2
-6
-5
-16
-22
-1
-11
-25
-26
-32
-61
-19
-72
-19
-67
-48
-30
-76
-54
-72
-73
-55
-60
-57
-43
-69
-22
-56
-33
-34
-29
-12
1
4
16
26
30
53
43
64
65
69
89
116
89
128
102
110
118
111
119
99
117
124
111
116
110
82
107
89
93
81
76
76
64
60
30
41
31
28
29
2
-12
-5
-24
-5
-15
-23
-16
-36
-35
-47
-40
-47
-29
-30
-36
-34
-43
-53
-27
-54
-22
-29
-43
-9
-54
-29
-48
-39
-23
-33
-31
-19
-66
-24
-53
-45
-34
-61
-26
-69
-48
-56
-52
-62
-33
-47
-42
-52
-50
-59
-48
-35
-44
-4
-49
-5
-41
-39
-21
-24
-1
9
-5
9
12
-23
21
-12
3
3
14
-10
0
2
-19
15
-10
17
7
-2
9
26
-4
43
9
37
43
9
59
15
36
50
46
46
48
16
54
15
29
48
20
28
14
37
-3
25
-7
12
6
-10
9
-8
-24
7
-13
-45
0
-58
-10
-41
-35
-25
-27
-30
-25
-37
-54
-36
-44
-29
-38
-12
-53
-7
-56
-22
-31
-44
-10
-36
-5
-16
-41
-15
-11
-47
9
-37
-8
-25
-16
4
-38
-9
-16
-17
-43
-5
-28
-24
-22
-25
-44
-14
-52
-27
-3
-47
11
-27
0
-12
12
6
17
4
32
36
15
46
35
36
42
61
25
70
16
48
53
13
61
36
35
37
45
35
54
11
63
36
29
65
41
49
39
60
11
41
25
40
21
39
20
36
22
0
38
-1
26
7
38
20
21
26
38
-2
24
39
14
37
25
53
19
20
10
16
-9
14
21
-1
14
-13
-4
-21
-24
-7
6
-25
-2
-1
-21
-26
-13
10
-36
18
-1
-15
-2
-9
-9
2
-1
26
2
-3
9
-25
7
-20
4
15
-3
-10
4
-25
-25
-19
-6
-19
-21
7
-19
-35
-34
-18
-22
-39
-15
-6
-35
-26
-21
-28
-40
-40
-32
-24
-58
-33
-15
-67
-54
-38
-61
-58
-52
-43
-37
-60
-31
-45
-56
-48
-56
-23
-28
-40
-9
-21
-33
-30
-6
-7
-21
-1
10
-7
-24
7
12
-12
17
29
3
29
10
33
32
25
48
47
46
41
54
39
32
46
41
29
39
17
30
22
10
17
-3
1
5
-12
-3
9
-22
12
2
-19
-3
-4
-10
21
-3
15
15
-11
12
-16
9
14
5
27
35
-13
18
0
-4
24
-2
27
16
-9
4
7
-29
-2
-8
-6
-3
-18
-3
-29
-34
-35
-14
-45
-34
-29
-47
-65
-55
-61
-68
-55
-67
-36
-90
-65
-64
-77
-67
-67
-58
-38
-60
-46
-37
-71
-21
-27
-3
-8
5
-1
8
14
24
36
42
37
59
55
38
71
54
67
66
78
72
69
69
80
84
61
87
97
83
80
94
87
81
93
101
83
83
83
67
78
45
57
75
41
53
50
28
25
21
25
23
16
28
21
11
3
-5
12
-11
4
16
1
-10
-10
-11
-11
-26
-12
5
-33
-12
-25
-27
-36
-26
-9
-24
-17
-10
-24
-24
-20
-18
-1
-16
3
3
1
-19
1
6
-12
13
12
4
-9
1
-9
-7
-10
1
2
0
-27
-8
-11
-38
1
-14
-11
-20
-21
-28
-26
-38
-17
-27
-25
-19
-32
-39
-41
-29
-38
-9
-37
-11
-26
-36
-28
-31
-28
-6
-15
-5
-3
-28
8
-35
-1
3
-9
19
2
-6
9
-6
5
19
-10
29
1
-2
2
1
7
1
0
9
-5
-21
5
-18
-6
-6
0
-1
-22
-12
-15
-25
-10
-8
-14
-10
-27
-20
-23
-31
-19
-20
-16
-19
-26
-25
-24
-38
-19
-22
-24
-23
-16
-20
-26
-22
-8
-7
-16
-1
-12
-5
-16
0
0
9
3
3
4
-12
-4
7
-5
11
21
-12
10
-14
-13
2
-7
9
0
-3
4
-13
-14
-2
-15
14
5
-8
2
-6
-14
-8
7
11
7
2
13
5
-2
11
23
21
31
31
29
22
18
34
47
40
42
67
45
38
46
53
46
48
48
54
39
33
46
41
39
24
39
24
11
21
43
28
11
32
23
3
-6
14
14
13
17
25
14
-13
-2
-1
-7
1
12
16
16
-17
1
1
-28
3
12
3
0
1
-1
-9
-24
0
-9
-13
-6
-13
-17
-31
-30
-12
-23
-40
-14
-32
-43
-41
-34
-40
-37
-34
-26
-35
-43
-28
-41
-31
-22
-25
-15
-9
-15
0
-13
-7
4
-1
5
7
13
16
23
23
27
4
15
23
11
24
29
34
30
19
19
17
2
16
23
24
23
23
22
8
-2
10
2
0
14
12
10
2
-5
-6
-12
-22
-11
-13
-16
-11
-10
-15
-20
-15
-24
-19
-18
-21
-14
-9
-13
-4
-8
-12
-14
-20
-15
-18
-7
-12
0
3
-6
-10
-10
-10
-14
-6
-3
12
5
15
8
4
0
2
2
15
5
14
24
4
17
0
4
-2
-7
7
3
-8
16
-5
-5
-3
-23
-14
-17
-16
-6
-2
-14
1
-8
-20
-15
-21
-15
-7
-8
4
-3
-12
-2
-17
-16
-11
-12
5
-7
3
0
-5
-2
-6
-2
-8
-11
4
-1
-6
9
2
2
-5
0
-3
-12
-3
1
0
1
13
-1
-2
-9
-13
-9
-11
-4
4
2
6
-1
-17
-5
-19
-8
10
-3
14
13
5
3
-1
4
10
10
16
14
6
8
11
7
6
9
0
11
-2
3
10
2
12
14
0
11
3
-9
14
8
11
19
11
17
9
-5
20
8
8
30
16
14
11
12
9
7
17
16
10
15
4
5
9
-1
10
8
3
-4
-4
-13
-12
-6
-9
-2
-5
-13
-12
-17
-21
-17
-16
-11
-14
-12
-17
-9
-20
-20
-2
-22
-10
-4
-15
-3
-3
-6
6
0
4
1
5
6
0
20
16
18
22
17
12
12
9
14
8
15
16
9
9
0
1
-8
-10
-5
-3
-9
-2
-5
-8
-14
-12
-14
-20
-22
-10
-7
-10
0
-8
-14
-13
-11
-18
-9
-2
-6
3
5
-6
4
-3
3
2
5
9
5
18
13
14
14
14
6
14
4
8
12
14
19
17
17
8
5
-5
4
-4
8
5
7
9
-9
-5
-14
-19
-15
-6
-9
-4
-11
-4
-18
-22
-12
-20
-19
-13
-9
-11
-6
-11
-3
-19
-15
-13
-18
-11
-10
-1
0
-9
-9
-2
-19
-14
-5
2
6
6
12
13
-2
3
18
4
15
20
26
24
16
20
21
16
15
32
21
17
18
23
18
11
20
25
17
16
20
10
14
15
24
20
18
14
19
13
4
15
18
13
15
16
13
4
7
15
4
15
13
5
7
2
1
5
-1
2
3
-2
0
-6
-5
-4
-7
-4
-11
-12
-7
-11
-14
-10
-11
-12
-18
-16
-16
-24
-15
-13
-16
-15
-18
-24
-19
-30
-19
-14
-21
-12
-12
-19
-17
-23
-18
-14
-21
-2
-7
-14
-8
-11
-13
-11
-13
-8
-8
-7
-3
-9
-7
-14
-7
-16
-15
-14
-10
-5
-8
-8
-9
-6
-8
-13
-8
-8
-7
9
-4
2
4
-3
2
-4
-6
2
3
4
10
6
7
1
1
-3
-3
4
0
5
7
7
4
-3
-1
0
-2
1
-3
2
-1
3
3
-3
-5
-10
0
-8
-8
-6
2
2
-5
2
-4
-13
-7
-1
-6
2
2
12
5
4
6
4
3
3
16
15
11
21
21
11
17
11
15
10
15
23
21
20
18
18
12
7
6
13
6
16
19
9
11
5
6
4
0
8
12
6
12
4
2
1
0
-1
-2
-3
2
-1
-6
-3
-9
-6
-11
-10
-7
-13
-10
-4
-10
-6
-5
-10
-3
-8
-3
-2
-6
-4
2
1
-2
-1
-7
-3
-5
-6
-4
-4
-4
2
-4
-10
-7
-12
-4
-6
-8
-1
-6
-9
-8
-12
-9
-9
-8
-3
-6
-12
-12
-10
-13
-10
-11
-11
-9
-14
-7
-7
-6
-8
-6
-2
-6
-7
-2
3
2
8
10
8
1
11
7
13
18
17
26
20
17
14
15
13
21
22
23
19
18
16
12
7
15
13
13
13
7
15
3
10
11
11
8
5
9
1
4
7
12
7
6
9
-2
-7
-3
-2
2
5
6
-1
-2
-5
-14
-7
-8
-5
3
-1
-5
-9
-8
-9
-12
-9
-6
-6
-7
-7
-7
-7
-12
-6
-8
-13
-9
-8
-7
-7
-2
-2
1
-8
-4
-6
-6
-4
0
1
3
6
-3
1
-6
-6
-1
3
1
3
5
-1
-1
-1
-5
-3
-2
-2
-2
-5
-3
-2
-5
-4
-5
-6
-8
-10
-6
-3
-3
-2
0
-4
-1
-4
-5
-3
-2
6
7
7
3
3
1
1
-2
0
4
5
5
4
3
-1
-3
-2
-4
-5
-1
-2
-3
-6
-1
-6
-6
-11
-7
-6
-8
-5
-5
