10
8
9
3
5
3
5
6
2
8
7
1
3
-1
4
3
4
6
5
6
6
10
10
8
11
12
11
10
8
11
11
12
12
16
15
13
18
17
16
14
15
13
17
18
18
18
16
13
14
20
13
17
17
18
21
16
17
22
23
25
19
22
24
18
17
17
19
20
17
14
15
9
11
11
16
16
10
12
9
9
6
5
9
2
6
7
10
12
9
10
7
7
11
12
9
10
9
3
4
0
4
4
-4
-1
-3
-3
-2
-1
-6
-6
-3
-5
-4
-7
-6
-5
-8
-10
-10
-10
-8
-7
-10
-12
-9
-7
-6
-9
-9
-9
-9
-10
-17
-18
-16
-16
-17
-14
-15
-19
-15
-13
-12
-14
-14
-11
-12
-15
-15
-14
-20
-21
-16
-18
-13
-16
-17
-14
-16
-15
-21
-19
-19
-17
-18
-21
-18
-20
-19
-17
-18
-20
-17
-18
-18
-20
-21
-17
-17
-18
-13
-15
-18
-10
-16
-14
-14
-19
-17
-20
-17
-14
-14
-17
-15
-13
-11
-14
-10
-12
-17
-14
-12
-12
-14
-14
-12
-12
-11
-9
-8
-9
-9
-6
-7
-4
-3
0
-2
-2
-1
0
2
2
1
2
5
4
4
6
6
5
6
6
2
4
8
6
8
13
9
16
11
11
18
10
14
19
17
15
15
15
19
21
14
20
22
24
18
24
29
21
20
21
24
23
25
26
24
26
23
22
24
29
29
23
27
24
19
25
24
22
24
24
25
23
23
23
22
20
17
21
19
19
23
23
23
21
15
18
19
16
19
20
19
20
24
20
15
18
15
14
12
14
11
17
14
10
9
8
13
10
7
11
11
7
7
10
10
5
8
6
3
4
6
5
1
5
2
-1
5
-3
-2
-3
-6
-7
-4
-8
-13
-7
-5
-10
-8
-9
-11
-13
-11
-9
-9
-9
-12
-11
-14
-12
-11
-11
-12
-12
-9
-12
-14
-16
-15
-18
-20
-20
-21
-22
-19
-18
-20
-18
-19
-20
-21
-19
-21
-19
-19
-18
-19
-25
-23
-23
-23
-18
-18
-20
-20
-21
-19
-23
-25
-22
-23
-23
-21
-22
-20
-23
-19
-20
-20
-19
-20
-19
-17
-20
-17
-17
-19
-19
-21
-18
-19
-20
-16
-15
-14
-11
-19
-15
-13
-15
-11
-15
-14
-11
-10
-9
-10
-7
-6
-8
-6
-3
0
-2
-4
-3
-5
3
2
3
6
0
-1
5
5
3
5
4
5
4
9
8
6
7
9
11
12
12
7
11
13
9
10
13
15
15
20
18
20
17
17
18
20
22
13
19
21
20
18
15
18
24
25
23
24
25
25
25
23
20
23
25
27
24
29
31
30
25
28
33
29
32
30
29
27
27
24
24
22
25
25
20
26
21
24
23
22
19
22
20
19
21
18
16
18
19
10
14
14
9
12
14
10
15
14
12
13
12
17
11
11
7
8
10
7
6
4
2
3
2
-3
-3
-4
-2
0
-2
-1
-1
-3
-4
-3
-7
-11
-11
-10
-6
-10
-6
-7
-12
-10
-14
-13
-14
-16
-15
-16
-17
-20
-19
-16
-18
-14
-16
-18
-22
-17
-17
-22
-18
-16
-17
-18
-17
-16
-15
-19
-14
-11
-13
-16
-15
-13
-13
-16
-18
-17
-19
-21
-18
-16
-13
-18
-23
-22
-18
-20
-22
-19
-17
-17
-19
-19
-19
-18
-22
-21
-20
-17
-17
-19
-17
-26
-20
-19
-20
-14
-20
-19
-15
-10
-13
-16
-15
-13
-12
-11
-14
-12
-8
-8
-7
-7
-6
-9
-8
-8
-6
-7
-6
-4
-7
-7
-10
-7
-6
-4
0
-2
-1
5
3
2
4
2
4
6
9
6
9
10
6
7
10
13
14
13
13
18
17
14
13
10
10
17
16
19
20
21
21
15
15
20
23
13
21
23
18
25
20
20
19
19
21
20
15
16
18
17
19
16
14
16
12
12
13
17
13
12
14
15
15
17
18
10
16
15
14
14
16
17
16
20
17
18
17
19
22
16
19
18
15
15
16
14
15
13
11
15
15
15
17
14
12
11
6
5
7
7
10
10
4
6
9
8
10
8
5
4
1
-1
4
1
-2
1
0
3
-3
-4
-4
-5
-3
-6
-5
-9
-8
-3
-9
-6
-7
-8
-5
-9
-8
-8
-9
-9
-11
-9
-7
-9
-13
-8
-10
-12
-13
-12
-10
-9
-12
-11
-7
-14
-12
-9
-11
-11
-9
-11
-9
-11
-10
-10
-16
-13
-12
-11
-13
-12
-12
-11
-13
-12
-8
-14
-14
-12
-15
-19
-20
-17
-20
-21
-23
-20
-22
-19
-17
-18
-15
-17
-15
-14
-14
-12
-11
-11
-10
-4
-8
-8
-7
-8
-10
-14
-14
-19
-19
-25
-27
-22
-15
-8
-6
-5
-3
4
10
14
9
6
1
4
-1
-1
-4
-3
5
8
16
16
22
14
3
-2
-11
-18
-26
-29
-36
-33
-20
-10
-8
-5
4
4
3
5
11
7
-8
-11
0
9
13
16
19
32
42
44
47
47
42
37
34
22
18
8
2
8
7
7
2
7
15
12
3
0
-1
-7
-17
-20
-11
-5
-7
-16
4
25
31
33
34
31
28
31
25
15
-2
-7
-3
-6
0
19
23
19
16
14
23
22
9
-6
-17
-9
2
-4
-17
-9
17
31
40
49
46
35
31
21
-1
-18
-22
-18
-25
-30
-11
5
10
9
15
15
14
15
3
-22
-43
-38
-36
-38
-21
-3
-3
-3
11
17
9
1
-10
-25
-30
-14
0
-19
-38
-20
5
17
12
13
16
27
27
9
-11
-21
-23
-30
-35
-21
-6
-11
-22
-15
-2
0
-5
-18
-36
-51
-53
-46
-43
-45
-48
-42
-14
32
58
50
40
56
72
62
36
25
26
17
7
-8
-8
0
3
-7
-11
-1
1
-6
-13
-19
-19
-25
-32
-52
-64
-46
-16
6
12
25
38
63
75
52
11
-17
-22
-36
-56
-44
-18
-22
-36
-104
-274
-429
-389
-219
-195
-356
-452
-301
-56
51
-99
-533
-957
-924
-472
-255
-469
-506
44
728
1008
1086
1203
1102
640
127
-110
-227
-419
-645
-759
-482
203
974
1366
1405
1487
1619
1538
1172
767
383
-15
-290
-311
-153
49
332
619
764
822
898
873
567
119
-313
-839
-1432
-1742
-1647
-1549
-1640
-1597
-1119
-480
-105
48
106
73
-15
-16
14
-111
-307
-315
-115
67
163
266
258
-36
-395
-493
-396
-568
-1032
-1411
-1460
-1300
-1253
-1368
-1560
-1541
-1161
-693
-352
-87
396
918
1178
1362
1594
1778
1575
1165
911
797
729
503
279
192
353
694
895
1010
1175
1423
1509
1407
1342
1375
1308
1048
785
769
946
1039
962
901
1144
1464
1601
1482
1281
1026
394
-707
-1984
-2950
-3511
-4263
-5371
-5906
-4809
-2707
-1432
-1189
-578
1272
3052
3399
2679
1860
1374
980
520
-159
-938
-1235
-843
-405
-394
-517
-316
-205
-763
-1746
-2519
-2655
-2431
-2365
-2572
-2360
-995
851
1853
1863
1826
2213
2272
1537
168
-1425
-2657
-3145
-2969
-2865
-2589
-1625
-239
901
1766
2835
3476
2985
2021
1542
1505
1158
426
-48
-130
338
1073
1625
1795
1792
1958
1834
1440
1293
1507
1519
1123
1175
1882
2585
2874
3153
3720
4051
4316
4398
4311
3956
4038
4194
1073
-5006
-9635
-8499
-6010
-9155
-15288
-16649
-9905
-2787
-1180
-2176
-1306
3127
6928
7886
6240
3751
3206
3124
2580
1126
343
1333
2055
1988
627
-583
-493
-110
-1666
-6232
-9694
-8556
-5514
-5373
-7335
-6232
-1245
3088
4618
5376
6609
7398
7027
6192
4585
1971
33
-878
-2031
-3942
-4535
-3074
-2678
-4213
-5312
-4009
-2394
-2848
-3744
-3153
-1035
975
2209
3336
4618
5922
6312
5378
4227
3441
2248
-334
-2977
-3507
-2539
-1921
-2097
-1499
620
3058
4574
4787
4336
4054
4022
3595
2343
1262
1091
1526
1940
2702
4479
6226
7438
7663
7603
7221
6116
4196
-926
-8052
-13815
-14643
-12870
-14763
-18504
-18580
-11393
-2509
1192
1655
2378
6114
9364
9224
6955
3779
2546
1933
1514
1337
1320
2422
3201
3362
2180
122
-1285
-2467
-5114
-9787
-13509
-13057
-10047
-8421
-8033
-5728
-226
5434
8398
9641
10072
10154
9287
7367
4995
1792
-711
-2047
-2494
-2848
-3589
-3655
-3518
-3651
-4278
-5140
-5835
-6564
-6860
-5821
-3617
-969
1432
3781
6514
8689
9597
8922
7176
4931
2090
-703
-3041
-4437
-4888
-4735
-3667
-1874
547
2778
4226
4886
4775
4425
3794
3072
2016
925
703
1529
2843
3719
4542
5860
7167
7847
8066
8256
8245
7073
5128
3373
2185
712
-3594
-10064
-15342
-16042
-13991
-14960
-18616
-19730
-14194
-5763
-1029
214
1209
4812
9087
10935
10073
7276
5427
4824
4470
3405
1809
1235
1254
785
-931
-3114
-4459
-5189
-7054
-10591
-13477
-12858
-9544
-7249
-6603
-4781
125
5931
9306
10310
10290
10279
9881
8504
5910
2034
-1371
-3192
-3537
-4068
-5035
-5492
-5233
-4533
-4034
-3286
-2849
-3089
-3514
-3046
-1052
1117
2573
3270
4222
5742
6878
6959
5727
3951
1843
-248
-1845
-2695
-2985
-3257
-3166
-2261
-344
1775
3322
3960
3965
4113
4425
4627
3988
3028
2539
2658
3146
3242
3497
3836
4293
4651
4777
5234
5732
6022
5791
5179
4634
4004
2992
1489
-1955
-7329
-12812
-15350
-14812
-15607
-18427
-20090
-16511
-9153
-3584
-640
946
3804
7573
9885
10371
8098
5700
4310
3941
3864
2722
1907
1463
1479
924
-827
-2877
-4578
-6302
-9136
-12203
-13111
-11114
-8735
-7408
-5641
-1723
3563
7285
9004
9399
9324
9074
7976
6099
3058
493
-627
-1017
-1753
-2785
-2545
-1885
-2206
-3439
-3922
-3348
-3520
-4688
-5370
-4102
-1713
305
1758
3254
5266
6999
7542
6735
5263
3594
1540
-783
-2444
-3014
-3040
-3011
-2539
-974
1132
2892
3701
3875
3928
4090
4084
3393
2396
1675
1661
1938
2092
2543
2993
3545
3824
4143
4734
4910
5019
4729
4643
4805
5031
5069
4288
3067
1831
-288
-4410
-9844
-14177
-15495
-16404
-18500
-20417
-19228
-13628
-7812
-3733
-1211
1496
5835
9118
10704
9729
7776
6901
6350
6054
4579
3116
2484
2222
1522
-562
-2797
-4402
-5831
-8211
-11121
-12708
-11922
-10201
-8883
-7237
-4329
-15
3860
6528
8171
8812
9208
8979
8197
6384
3825
1930
841
343
-422
-1082
-1369
-1643
-2027
-2645
-3221
-4176
-5312
-5791
-5153
-3669
-2252
-790
1249
3667
5634
6425
6270
5691
4701
3209
1348
-345
-1462
-1978
-1862
-1292
-176
1093
2296
3185
3579
3822
3729
3454
2805
1911
1323
1178
1552
1960
2231
2725
3492
4417
4857
4710
4475
4283
4159
3911
3363
3336
3519
3940
4135
3062
1596
-2097
-6544
-10874
-14267
-15866
-18996
-21224
-21307
-17664
-11330
-6812
-2635
1032
5583
10085
12025
12428
10563
8610
6999
5604
4492
2904
1932
1564
1491
906
-215
-1671
-3175
-5545
-8697
-11304
-12606
-12105
-11567
-10649
-8277
-4356
587
4318
7034
9076
10394
11018
10076
8221
5874
3434
1372
-479
-1606
-1874
-1913
-2058
-2509
-2731
-2677
-3031
-3771
-4768
-5193
-4681
-3441
-1765
-145
1660
3519
5164
6266
6583
6062
4570
2753
1229
244
-626
-1359
-1469
-805
470
1692
2778
3412
3717
3720
3317
2672
1771
1020
408
148
487
1209
2209
3020
3955
4933
5532
5867
5572
5126
4312
3358
2790
2496
2631
3060
3001
1981
-825
-4722
-7820
-10406
-12442
-15879
-19290
-19757
-17203
-12178
-8369
-5449
-1781
2509
7289
9643
9937
8913
7351
6413
5113
3911
2731
2060
2099
2227
1991
1330
360
-993
-3211
-6510
-9382
-11131
-11720
-12035
-12123
-10398
-6911
-2604
1062
3685
6136
8236
9587
9474
7830
5825
3986
2447
1007
-276
-712
-588
-413
-359
-326
-227
-630
-1678
-2854
-3631
-3860
-3785
-3481
-2682
-1150
708
2430
3662
4492
5017
4881
4153
2956
1899
1093
434
66
57
623
1372
2107
2750
3289
3679
3536
3109
2511
1996
1552
1173
1140
1265
1829
2603
3504
4281
4668
4946
4943
4531
3827
3076
2558
2368
2276
2768
3079
2495
662
-2607
-5447
-7998
-10489
-13490
-17126
-18444
-17357
-14271
-11026
-8572
-5116
-1091
3221
6378
7613
7813
7226
6602
5859
4736
3866
3334
3188
3154
2901
2791
2458
1310
-697
-3507
-6141
-8260
-10037
-11379
-12367
-11956
-9945
-7002
-3822
-945
1942
4716
6578
7402
7247
6518
5282
3427
1899
1032
889
895
572
524
929
1605
1705
744
-636
-1858
-2483
-2925
-3271
-3271
-2703
-1587
-191
1453
2878
3932
4167
4040
3793
3438
2911
2034
1426
1227
1514
2032
2406
2832
3322
3734
3772
3436
3027
2594
1943
1250
1020
1296
1905
2309
3064
3897
4641
4931
4689
4347
3739
3378
2937
2539
2543
2865
2489
80
-3965
-7001
-8127
-9266
-12723
-17257
-18955
-16740
-12944
-10456
-9352
-7046
-2918
1779
4852
5712
5641
5504
5746
5599
5029
4419
4245
4429
4527
4175
3702
3534
2948
982
-2372
-5308
-6824
-7861
-9614
-11698
-12188
-10537
-7996
-5599
-3566
-1436
878
2944
4271
4650
4639
4533
4054
3323
2869
3292
3840
3663
3001
2756
3149
3009
1824
79
-1274
-1891
-2292
-2911
-3313
-3009
-2114
-1179
-361
627
1534
2000
1966
1978
2387
2770
2664
2398
2533
3274
4164
4574
4531
4520
4897
5108
4713
3848
2967
2489
2022
1716
1483
1586
1880
1800
2018
1978
2288
2275
1954
1821
1591
2254
2576
3371
3869
3318
1203
-2528
-5274
-6870
-8306
-11720
-16112
-18023
-16210
-12483
-10071
-9105
-7681
-4206
129
2972
3608
2804
2447
2813
3427
3532
3365
3875
4937
5912
6072
5734
5607
5216
3358
-216
-3774
-5621
-6476
-7865
-10057
-11153
-9843
-7191
-4829
-3401
-2194
-610
1041
2190
2211
1711
1605
1843
1975
1861
2273
3206
3814
3802
3716
4033
3972
2955
1362
75
-524
-1034
-1755
-2635
-2723
-1936
-1089
-715
-673
-200
312
542
539
825
1532
2067
2382
2796
3761
5019
5808
5738
5337
5353
5690
5506
4488
3346
2649
2457
2277
1984
1657
1422
1579
1694
1916
1735
1550
1469
1434
1835
2057
2496
2848
3769
5041
5013
2789
-1153
-4212
-5671
-7309
-10899
-15522
-17786
-16643
-13821
-11824
-10739
-8884
-5808
-2199
402
1694
2116
2171
2509
2853
3259
3799
4722
5892
6490
6576
6571
6887
6706
4892
1614
-1720
-3789
-5215
-7103
-9390
-10833
-10510
-9146
-7600
-6149
-4676
-3194
-1865
-568
540
1264
1617
1814
2193
2953
4083
5029
5260
5062
4929
5040
4637
3362
1783
350
-706
-1625
-2297
-2591
-2645
-2421
-2141
-1562
-616
223
483
193
190
823
1586
1928
1983
2402
3367
4439
5255
5718
5862
5915
5829
5455
4862
4144
3419
2578
1861
1386
1023
870
617
396
104
-3
72
122
120
149
556
997
1671
2427
3699
4730
5369
5380
3374
582
-2096
-3335
-5210
-9454
-13501
-15420
-14046
-12454
-11897
-11091
-9407
-6495
-3592
-1465
-359
29
544
1024
1341
1880
2696
3513
4381
5358
6254
6859
7104
7277
6312
3750
907
-985
-2257
-4533
-7134
-8401
-8602
-8146
-7327
-6046
-4611
-3684
-2701
-2038
-1802
-1773
-1703
-1481
-1621
-1189
372
2192
3399
4403
5778
6803
6875
6191
5214
3961
2556
1114
-340
-1337
-1720
-1576
-1424
-1301
-546
389
780
474
355
623
642
586
615
865
1435
2416
3624
4559
5216
5726
5901
5808
5584
5222
4401
3231
2527
2398
2044
1462
1332
1812
2111
2044
1876
1712
1540
1558
1515
1201
901
1347
2694
4115
4704
3272
551
-2299
-3516
-4570
-7990
-12689
-15754
-15195
-13539
-12686
-11732
-9929
-7040
-4202
-1877
-62
882
1425
1406
1042
888
1553
2822
3835
4473
5308
6443
7412
8110
7680
5617
2620
-81
-1991
-4259
-6906
-8849
-9767
-9635
-9000
-7499
-5612
-4330
-3468
-2812
-2056
-1378
-990
-912
-1302
-1227
94
1896
3333
4101
5029
6114
6703
6536
5844
4811
3338
1747
436
-297
-698
-919
-1175
-1266
-543
518
1111
768
195
200
354
452
298
266
655
1315
2428
3591
4572
5180
5409
5370
5203
5092
4786
3959
2844
2175
1971
1999
1869
1663
1619
1638
1564
1373
1123
720
206
-426
-546
-76
741
1674
2459
3943
4638
3489
967
-1305
-2192
-4150
-7596
-11264
-12927
-12544
-11909
-11237
-10034
-8220
-6007
-3988
-2299
-1220
-578
-344
-607
-1155
-1289
-627
544
1879
2842
3839
4971
6519
7752
7454
5764
3804
2264
480
-1963
-3973
-5150
-5904
-6401
-6333
-5363
-4215
-3437
-3114
-3166
-3305
-3376
-3552
-3845
-4110
-3526
-2206
-875
680
2468
4441
5889
6600
6852
6535
5958
5116
3981
2803
1828
1306
1003
764
910
1308
1388
996
539
327
-7
-557
-1049
-1280
-1177
-684
48
894
1819
2701
3397
3664
3770
3846
3750
3278
2623
2314
2353
2476
2545
2552
2659
2806
2898
2533
1932
1418
1162
1033
802
848
1320
2106
3074
3943
4775
4901
3706
1918
-183
-1746
-3916
-6587
-9109
-10753
-11076
-10899
-10210
-9200
-7992
-6700
-5507
-4495
-3775
-3340
-3151
-3224
-3344
-3011
-1965
-519
1029
2303
3513
4668
5719
6308
5930
4894
3662
2378
917
-701
-1722
-2186
-2675
-3134
-3253
-2631
-2080
-2089
-2513
-3004
-3284
-3653
-4134
-4497
-4324
-3483
-2289
-1095
246
1807
3304
4204
4408
4255
4059
3730
3203
2517
2020
1895
1863
1817
1745
1907
2014
1810
1354
863
492
130
-244
-440
-454
-175
288
784
1331
1822
2239
2257
1953
1720
1538
1296
836
453
452
646
936
1215
1522
1850
2024
2002
1786
1559
1570
1680
1678
1616
1733
2177
2735
3138
3355
3395
3439
3555
3637
3597
2894
1511
-233
-1903
-3267
-4453
-5159
-5630
-6286
-6905
-6652
-5336
-4248
-4233
-4554
-4392
-4051
-4055
-4139
-4077
-4074
-4061
-3672
-2880
-1906
-711
360
862
746
773
1058
994
537
114
-71
-384
-450
-7
544
855
1106
1334
1067
509
292
214
-461
-1647
-2402
-2380
-2097
-1657
-983
-245
235
592
1021
1218
1209
1051
729
260
152
582
1093
1271
1331
1553
1705
1688
1504
1291
962
588
376
176
153
481
1010
1280
1207
1391
1609
1601
1270
822
479
132
16
-36
-109
-101
205
708
1068
1385
1739
1946
1833
1757
1815
1658
1311
1071
1045
1092
1264
1565
1763
1718
1711
1836
1846
1672
1423
1300
1118
1082
1245
1586
1878
2377
2787
2523
1586
596
166
-419
-1399
-2585
-3284
-3402
-3348
-3199
-2931
-2665
-2602
-2976
-3704
-4520
-5143
-5644
-6319
-7051
-7331
-6837
-5525
-3889
-2505
-1539
-874
-157
516
797
659
344
228
291
388
710
1219
1805
2199
2207
2059
1863
1523
976
153
-632
-1244
-1598
-1505
-1203
-619
14
500
856
1038
1206
1121
739
268
-162
-390
-488
-418
-203
36
304
621
812
910
990
1049
969
715
572
525
513
550
583
654
737
877
1027
1086
1178
1302
1405
1382
1492
1717
1897
1921
1867
1885
1856
1776
1592
1293
947
655
407
257
150
202
247
283
394
708
1073
1282
1415
1531
1581
1513
1472
1519
1587
1568
1588
1704
1997
2344
2685
2672
2164
1322
407
-351
-1134
-1989
-2899
-3624
-4009
-4162
-4170
-3963
-3543
-3166
-3206
-3555
-3832
-3752
-3571
-3677
-3960
-3983
-3458
-2534
-1635
-1049
-658
-417
-223
-186
-253
-390
-580
-776
-982
-1088
-960
-534
-15
317
407
537
796
1014
933
690
511
305
31
-219
-290
-193
-57
-22
-73
-136
-69
95
216
227
201
192
177
179
291
485
590
606
641
807
1044
1283
1389
1333
1196
1090
1035
1017
955
858
721
653
693
827
1019
1123
1187
1134
1048
971
912
740
420
216
239
405
564
651
790
893
921
878
876
876
815
740
711
761
828
917
995
1112
1207
1277
1311
1157
964
814
715
676
551
438
422
643
1020
1292
1185
772
311
111
-37
-416
-967
-1396
-1535
-1545
-1523
-1478
-1391
-1383
-1584
-1997
-2488
-2883
-3123
-3256
-3420
-3533
-3390
-3032
-2552
-2114
-1782
-1529
-1356
-1272
-1247
-1152
-985
-881
-886
-862
-735
-479
-194
-12
-5
-108
-194
-316
-425
-475
-495
-533
-614
-576
-327
-93
159
422
624
654
699
898
1082
1096
970
944
978
1079
1149
1206
1236
1222
1190
1085
918
729
569
438
278
195
196
213
353
469
600
703
734
763
817
872
868
811
797
751
716
767
775
943
1016
1103
989
861
835
909
843
656
433
371
547
586
705
525
460
492
455
533
653
676
526
635
1040
1289
1423
1528
1726
1793
1646
1621
1597
1537
1220
692
37
-568
-965
-1209
-1388
-1594
-1666
-1690
-1703
-1696
-1679
-1659
-1657
-1812
-2143
-2404
-2500
-2417
-2246
-2169
-2178
-2159
-2043
-1843
-1750
-1763
-1790
-1884
-1954
-1970
-1862
-1589
-1253
-909
-696
-549
-392
-85
192
187
140
91
-10
10
160
262
253
186
211
195
142
214
311
312
218
172
164
213
306
470
511
355
237
257
328
302
288
210
236
349
555
809
1008
1097
1145
1163
1168
1093
967
835
614
411
418
533
553
649
716
663
596
604
601
581
434
281
217
120
198
397
548
727
903
1027
1167
1442
1562
1586
1458
1381
1385
1324
1288
1394
1363
1333
1272
1125
1126
1184
1185
987
784
633
693
905
992
772
261
-281
-557
-738
-897
-1008
-1178
-1295
-1390
-1500
-1567
-1602
-1737
-1976
-2409
-2746
-2791
-2675
-2484
-2350
-2262
-2112
-1946
-1756
-1555
-1354
-1290
-1363
-1485
-1535
-1306
-1053
-869
-726
-689
-685
-614
-502
-400
-363
-469
-457
-421
-374
-255
-61
152
246
142
-34
-113
-101
4
152
151
94
194
379
628
854
1009
1056
900
700
632
566
488
345
177
79
-13
153
393
551
582
675
556
450
509
585
640
608
691
715
816
1025
1273
1385
1444
1520
1444
1423
1354
1191
1201
1194
965
725
748
758
732
749
798
859
780
666
590
553
578
747
768
784
833
924
1058
1245
1250
1221
1340
1459
1428
1372
1404
1240
674
-85
-642
-1002
-1166
-1266
-1343
-1312
-1222
-1217
-1418
-1583
-1661
-1798
-2197
-2704
-3073
-3158
-2953
-2667
-2427
-2159
-1921
-1809
-1761
-1702
-1591
-1610
-1787
-1945
-1918
-1655
-1214
-772
-512
-327
-186
-118
10
90
147
186
102
-36
-67
89
342
562
573
516
419
261
160
150
207
107
-26
-179
-193
-63
66
140
89
8
-73
-131
-106
74
176
189
181
217
382
635
841
949
1042
1068
1089
1127
1164
1129
1025
1108
1095
1032
1178
1352
1245
1031
1044
1014
931
893
934
904
879
934
1012
1202
1379
1362
1363
1494
1462
1541
1832
1989
1913
1833
1721
1580
1509
1489
1344
1221
1231
1223
1370
1691
1979
1759
1018
-93
-1098
-1683
-1914
-1992
-2066
-2045
-2049
-2106
-2248
-2302
-2372
-2737
-3432
-4086
-4407
-4240
-3712
-3152
-2798
-2579
-2521
-2509
-2410
-2101
-1756
-1671
-1696
-1585
-1228
-685
-32
383
566
560
379
241
297
428
522
549
445
264
234
399
546
441
141
-117
-450
-677
-583
-319
-132
-31
-171
-266
-43
102
42
15
108
38
34
233
538
625
769
978
908
817
947
1133
950
886
1104
1199
1105
1214
1367
1332
1305
1211
1095
985
1093
1191
1089
1024
1170
1287
1286
1315
1501
1598
1572
1609
1473
1291
1329
1385
1366
1497
1740
1974
2133
2199
2233
2261
2176
1926
1571
1349
1297
1461
1796
2237
2455
2007
804
-746
-1686
-2020
-2219
-2428
-2449
-2456
-2659
-3112
-3532
-3809
-4042
-4605
-5399
-5818
-5485
-4572
-3709
-3148
-2770
-2601
-2722
-2871
-2691
-2086
-1516
-1165
-983
-675
-73
664
1112
1238
1073
701
344
204
373
609
773
739
459
75
-65
78
111
-258
-776
-979
-977
-996
-785
-276
40
-87
-283
-343
-246
-52
243
301
285
467
816
1068
1160
1257
1222
1169
1059
999
1102
1415
1518
1444
1480
1457
1471
1474
1430
1299
1257
1220
1098
1167
1381
1519
1432
1320
1243
1205
1237
1349
1552
1520
1425
1466
1651
1760
2074
2495
2697
2730
2803
3078
3343
3350
3015
2445
2215
2482
2928
3249
3750
3830
2515
-126
-2387
-2911
-2614
-2717
-3242
-3243
-3132
-3840
-5281
-6162
-6111
-6290
-7476
-8574
-8195
-6500
-4930
-4162
-3877
-3582
-3685
-4211
-4285
-3225
-1485
-233
239
510
1177
1981
2523
2511
2180
1690
1325
1374
1898
2276
2307
2014
1272
-17
-1084
-1236
-888
-996
-1763
-2238
-2181
-1968
-1929
-1770
-1595
-1634
-1852
-1823
-1257
-371
538
1010
1067
1113
1546
2143
2435
2474
2526
2593
2548
2608
2871
3052
3010
2654
2223
1943
1871
1830
1506
947
631
742
783
753
797
790
670
636
763
865
1090
1452
1794
1949
2384
3253
4076
4302
4138
4101
4406
4812
4639
3893
3287
3603
4234
4574
4776
5304
4563
1126
-3559
-5802
-4791
-3385
-3545
-4071
-3771
-4234
-6693
-9500
-10175
-9357
-9304
-10457
-10460
-8151
-4952
-3475
-3828
-4460
-4377
-4464
-4440
-3029
58
2918
3814
3524
3454
3908
4190
4106
3672
3100
2616
2749
3363
3495
2720
1576
316
-1320
-3012
-3585
-3000
-2721
-3791
-5045
-5180
-4829
-4877
-5066
-4724
-4020
-3459
-2876
-1859
-499
706
1370
1550
1935
2932
4130
4870
5252
5684
5859
5568
5148
5000
4833
4335
3746
3185
2519
2000
1737
1379
621
-242
-730
-701
-335
-33
-103
-257
-176
-53
145
773
2104
3543
4341
4523
4966
5905
6828
6738
5909
5219
5544
6545
7413
8058
8988
8688
4180
-3046
-7948
-6491
-3098
-2333
-4186
-5255
-6308
-9795
-14299
-15742
-13632
-11997
-12822
-13873
-11626
-7256
-4561
-5239
-6754
-6457
-5256
-4036
-1298
3423
7643
8166
6074
4582
5316
6850
8150
8752
8627
7643
6496
5982
5295
3796
1442
-752
-2635
-4336
-4849
-4014
-4086
-7016
-10765
-11818
-10432
-9382
-8695
-7263
-5702
-5476
-5666
-4158
-1657
106
847
1527
3146
5477
7389
8160
7960
7736
7449
6776
6809
7741
8171
6851
4837
3972
3812
3188
1927
857
159
-583
-1292
-1356
-1046
-868
-1206
-1801
-1483
-131
1781
3180
3771
4400
5191
6288
7060
7465
7490
7549
7698
8301
9686
11693
12410
7727
-935
-7766
-6873
-1779
447
-1791
-5060
-7937
-12535
-18085
-20063
-16561
-12271
-12055
-15189
-15780
-12109
-8481
-8830
-11004
-10406
-7047
-4091
-868
4017
8940
9632
6211
3616
5194
9488
13459
15110
13964
11090
8327
7154
6513
5310
3576
1776
-310
-2820
-4440
-4896
-6624
-10561
-14025
-13975
-11607
-9737
-8592
-7764
-8022
-9096
-8900
-6207
-2503
372
2293
3548
4593
5937
7089
7572
7811
8328
8781
8937
9533
10187
9065
6245
4032
3546
3332
2594
1983
1584
486
-1433
-3102
-3602
-3225
-2854
-2741
-2455
-1128
606
1663
1959
3065
4903
6799
7565
7894
8207
9052
10059
10957
11858
13544
13804
7634
-2562
-8648
-3958
3291
3911
-2271
-7630
-10971
-15702
-20854
-20482
-14069
-9480
-12149
-18109
-18935
-14191
-10479
-11562
-12962
-9820
-4715
-2006
-97
3706
7497
6586
2921
2913
8655
15152
18273
17127
13387
8788
5984
6930
9028
9257
7061
3857
-113
-4670
-7408
-7759
-8375
-10798
-12696
-12136
-10915
-10873
-11191
-11368
-11683
-11075
-8180
-3671
-102
1383
1725
1791
2785
5045
7487
9453
10650
11126
10370
8962
8800
9259
8828
7626
7068
6981
5761
3562
1715
474
-751
-1899
-2536
-2246
-2092
-2498
-3374
-3495
-2314
-758
383
1976
3884
5376
5252
4844
5674
7839
9744
10951
12005
14000
13509
6542
-2692
-6469
-359
5506
4643
-1525
-6353
-10582
-16392
-20821
-18528
-11913
-9032
-13026
-18655
-19005
-15666
-13639
-14144
-13235
-9094
-5040
-3141
-1116
1793
3717
2677
1693
4780
11362
17106
18863
15860
11052
7220
6897
9553
11812
11791
9229
5089
-86
-4765
-6314
-5736
-6922
-10434
-12866
-11411
-9514
-10445
-12707
-13598
-12759
-11075
-7912
-3183
205
68
-1484
-1409
1980
6155
8775
9925
10201
10232
9357
8518
9075
9995
9883
8500
7542
7481
6479
4146
1848
731
239
-455
-1140
-1157
-1789
-2939
-3894
-3368
-1496
-280
851
1812
3343
4433
4664
3973
4258
6783
10232
12374
12672
13232
9666
1422
-6695
-5261
3959
8837
4668
-3877
-10010
-14825
-18894
-19014
-13002
-7376
-8347
-15801
-21231
-19872
-15679
-13675
-13519
-11054
-6550
-4210
-3722
-2342
-18
680
-127
1934
8464
15133
18105
16204
11275
6997
6000
10081
14884
15784
12310
6926
1980
-2276
-4185
-2609
-917
-3282
-8470
-12213
-12153
-11109
-10970
-10890
-10686
-9695
-8402
-6526
-4366
-3202
-2945
-2479
-331
4151
7639
8113
6695
5793
6561
7602
9002
10649
10844
9231
6859
5678
5562
5466
4985
4261
3168
1722
-31
-1643
-2468
-2840
-2397
-1560
-597
73
-478
-653
-119
1865
4239
5788
6347
6438
6704
6838
8335
11852
14878
9701
-918
-7005
-1265
7088
7022
4
-5813
-8965
-13514
-17595
-15630
-8454
-6081
-12219
-20691
-21326
-15300
-11172
-12336
-13552
-10853
-7572
-7091
-5992
-1878
1660
948
-771
2074
8864
14149
15176
12393
8423
6476
8652
13596
16052
13648
8829
4358
670
-1788
-1094
1397
-226
-6765
-11999
-11209
-8353
-8639
-10713
-11111
-10330
-9896
-8475
-5313
-2771
-3160
-4238
-2735
1539
5580
6426
5270
4839
6166
7713
8694
10064
10833
9343
6734
6053
7582
8133
6562
4847
3971
2877
948
-418
-590
-966
-1915
-2213
-1072
12
-840
-2045
-1265
1519
3577
4073
3776
4415
5345
6254
7341
9577
12867
10597
2282
-5894
-3704
5542
9227
3328
-4829
-8711
-10982
-14036
-14008
-8885
-5329
-8840
-16931
-20417
-16683
-11626
-10751
-12490
-12060
-9066
-7176
-6440
-4475
-1714
-448
-1050
406
5850
11296
13389
10912
6949
5426
7639
12637
15517
13715
8955
4606
1854
265
276
2034
1820
-3046
-8812
-10457
-8092
-7013
-8638
-9451
-8510
-7579
-7552
-6807
-4696
-3706
-3718
-2462
816
3960
4263
2821
2677
4389
6527
7700
8368
8998
8447
6705
5916
7066
8432
7864
6002
5097
4452
3240
1555
908
1206
1254
952
742
623
-67
-466
-185
1784
3265
3634
2716
2252
3157
5441
8531
11144
8240
-626
-7837
-5608
4709
9597
5255
-3689
-9530
-12513
-13725
-11465
-5419
-2061
-6365
-15319
-19713
-15591
-9163
-7474
-9632
-10457
-8269
-6823
-6585
-4621
-2012
-1495
-3127
-1901
4175
9787
10822
7722
3779
2704
5319
11070
15052
13172
7300
2256
480
1067
2749
4805
4586
-877
-8381
-12085
-8971
-3469
-2145
-4864
-8086
-8909
-8202
-7157
-4614
-1737
-949
-1812
-1799
577
2497
2203
1627
2278
4072
5824
6797
7171
6254
4468
3692
5106
7842
8856
7004
4702
3461
3038
2411
2439
3832
4602
3310
1406
557
1169
1627
1850
3059
4320
4623
3347
2869
3929
6183
7688
8448
4568
-1997
-5759
-1544
5930
5909
-731
-7498
-9283
-9836
-10443
-9284
-5715
-5180
-9750
-16011
-16809
-11571
-6868
-7391
-10179
-10125
-7476
-6486
-6525
-4360
-1572
-1111
-2366
-734
4214
7373
6880
4681
3611
4693
7121
10102
10721
7772
3867
2025
1881
2111
2610
2760
-44
-5221
-7603
-5637
-3452
-4094
-5672
-5797
-6010
-6526
-5520
-3209
-1796
-1942
-1894
-598
959
1839
1803
1694
2695
4088
4539
4190
4534
5443
5237
4364
4714
5984
6138
4897
4145
4240
3757
2848
2541
3155
3322
2567
2061
2257
2575
2807
3167
4247
4562
3965
3007
3569
5283
7036
8242
9552
9110
1492
-8181
-10952
386
11382
9218
-4264
-14245
-14864
-12333
-10948
-7694
-2923
-3722
-12292
-21220
-19360
-9758
-3376
-5645
-9581
-8530
-5247
-5464
-6100
-3339
508
1356
502
3446
8095
8927
6055
2855
3232
6212
10170
12870
10537
4239
-911
-1219
1245
2994
3155
1820
-3441
-9745
-11021
-6524
-1924
-2694
-5360
-6736
-7199
-6953
-5161
-1954
-60
-214
-145
642
1470
1697
1628
2381
4137
5826
5851
4436
3852
4404
4403
4247
5199
6552
5836
3303
2237
2848
3010
2111
1580
2605
3223
2543
1547
1380
2194
2441
3216
4599
6070
5314
3993
3704
5666
8499
11330
11988
3808
-7546
-11769
-419
12149
10946
-2438
-13160
-14681
-12464
-11116
-7721
-2427
-2900
-11732
-21860
-20738
-9849
-2056
-4914
-10857
-10399
-5701
-5167
-6531
-3690
933
1724
-791
1272
7206
9194
6368
2857
3195
6378
9918
12367
10121
3730
-1372
-1080
2294
4324
3939
2533
-2384
-11214
-14520
-8368
1558
2227
-5049
-9652
-9442
-7628
-5710
-1181
3298
1947
-2252
-2772
492
3560
3583
3048
3954
5246
5225
3809
3110
4613
5430
4357
4450
6287
6921
3496
305
1681
3968
3935
2177
2286
3268
2422
906
1203
2974
3547
3347
3762
5295
5152
4627
4230
4915
6643
10703
12204
3670
-8434
-10555
2455
11556
6307
-5526
-10272
-10210
-12075
-13406
-8170
-1777
-3664
-13412
-20878
-17513
-8440
-3992
-6921
-9872
-7756
-4903
-6292
-6785
-2586
1910
1670
-304
2698
7492
7828
4902
2741
3933
6339
9206
11192
8649
2639
-1307
-517
1633
2238
1854
1079
-3128
-8794
-10305
-6992
-2878
-2547
-4174
-5691
-7017
-6664
-4343
-923
1297
1462
1015
660
1141
2529
4027
5311
6111
5723
4391
3435
4317
5664
5456
4645
4852
5235
4150
2209
1885
2846
2797
1601
712
1617
2382
1764
654
501
2031
2966
3273
3310
4313
4654
4687
4616
6244
8566
10384
9891
2078
-5779
-6914
3215
10934
6410
-4731
-11223
-11327
-10327
-9745
-6237
-3163
-6634
-14427
-19814
-16448
-8699
-4785
-7061
-10156
-9527
-6539
-6199
-6119
-3102
51
804
-1
2587
6765
6817
4619
3434
5215
7826
9625
10520
7971
2714
-348
1311
3827
4005
1811
-292
-3730
-7739
-8902
-7658
-4368
-2476
-2853
-6290
-9884
-9168
-4935
-1036
1057
1776
886
-1612
-2034
1524
5704
7276
6435
4744
3123
2880
4682
6951
7141
6030
5097
4523
4159
3844
3893
3317
2397
2150
2004
2198
2098
1695
1064
505
1476
2650
3404
2990
3108
3367
4036
4713
6025
8235
10213
11692
4316
-7022
-11993
-253
15259
13965
-2629
-16041
-15522
-9838
-8028
-6309
-2016
-3180
-12985
-23582
-21641
-9204
-667
-4177
-11274
-12178
-7586
-6089
-7293
-3993
1342
2747
-483
-360
5340
7958
5510
2611
3848
7651
10293
11033
8424
2620
-1596
51
4093
5581
3223
-125
-3681
-8186
-10120
-8276
-3808
-858
-2524
-7076
-10877
-10212
-5642
-1006
1893
2672
843
-2199
-2785
1109
6216
8309
7231
4923
2861
2491
4382
7040
7964
6273
4504
3853
4092
4499
4348
3708
2736
2155
1975
2023
2165
2061
1616
1231
1938
2873
3238
2737
2730
3537
4257
5257
6158
7540
8625
10753
6184
-4385
-11813
-3752
12963
15384
519
-15526
-17104
-11029
-7937
-6860
-2899
-2688
-10923
-22650
-23908
-12101
-702
-1380
-9636
-13216
-9089
-5778
-6509
-4095
1614
4315
747
-1393
3472
7854
7152
4342
4380
7230
9162
9894
8253
3455
-713
362
4232
5533
2636
-820
-3550
-7182
-8779
-7565
-4234
-2394
-3680
-6692
-9853
-9896
-6188
-1768
753
1316
524
-1438
-2462
303
5349
8185
7525
4990
2637
2040
3803
7180
8659
6814
4245
2970
3286
3941
4430
4444
3346
2051
1234
1352
2114
2529
2014
1303
1295
2307
3132
3079
2951
3240
3821
5034
5923
7385
8232
10557
8586
-1764
-10802
-7330
10038
17448
5602
-12469
-17761
-11664
-6927
-6411
-3618
-1736
-8052
-20116
-25238
-15412
-1678
508
-8246
-14399
-11495
-6236
-6575
-5423
446
4562
1791
-2482
940
6941
7951
5312
4358
6734
9111
10025
8765
4665
238
483
4524
6323
4014
-209
-3053
-6303
-8061
-5867
-2097
-1827
-6963
-10460
-9405
-6145
-4958
-4037
-2202
-1212
-2048
-2476
-488
2075
2984
3725
5057
5641
4354
2648
3165
5588
7795
7066
4706
3482
4127
4357
3791
4206
4955
3859
1084
322
2507
3738
2766
1313
1663
2519
2215
2277
2915
4216
4289
4266
4665
6063
7353
9887
10567
2123
-8360
-9821
5098
17030
10098
-7408
-17040
-13254
-7197
-5335
-3318
-1710
-6473
-16984
-24398
-18289
-4396
1878
-5087
-14106
-14200
-7812
-5747
-5586
-983
3739
2638
-2495
-1201
5297
7947
6171
4441
5925
8142
9273
9100
6075
1512
519
4124
6630
4984
652
-2416
-5161
-7262
-5447
-1781
-1046
-6074
-10786
-10111
-6270
-4196
-3731
-2883
-2342
-2834
-2976
-692
2295
3113
2958
3630
4876
4863
3383
3089
4708
6695
6445
4393
3499
4263
4540
3484
3332
4251
4051
1806
523
2029
3330
2675
1233
1537
2709
2532
2095
2793
4072
4017
3017
3754
5779
7397
8229
10044
6176
-3775
-10246
-2811
12680
14498
1329
-13056
-15531
-10322
-5972
-3651
-1410
-3436
-11514
-20999
-21823
-10937
10
-768
-9660
-14104
-10279
-6365
-6552
-3381
2209
3851
-358
-2355
2493
6615
6288
4881
5501
7314
8309
8839
7565
3470
759
3056
6477
6273
2789
-824
-3174
-5825
-5727
-2513
-596
-2505
-7843
-10856
-9426
-5574
-2396
-2260
-3414
-4108
-4198
-3240
-439
2858
3958
2625
1807
2789
3225
3283
4221
5699
5878
4049
3076
3570
4304
4457
3819
3719
3317
2201
1442
1918
3125
3046
1813
1342
2262
2767
2360
2180
3204
4173
3979
3244
4013
5404
7113
7867
9579
6402
-3069
-9874
-3617
12417
15910
2194
-14071
-16319
-9071
-4110
-3817
-2258
-2993
-10473
-20805
-22306
-10833
929
-248
-10225
-14962
-10867
-6176
-6496
-4092
1848
4050
-302
-3559
736
6371
6887
4968
5076
7387
8734
8345
6421
3694
2303
4279
6940
6258
2999
-520
-2417
-4508
-4930
-2311
-522
-2228
-6866
-9444
-8516
-6419
-4222
-2347
-1924
-3116
-4461
-4147
-1613
1591
3701
3947
2639
1862
1694
2191
4034
6083
6710
4569
2105
2177
3515
4435
4457
4376
3691
1929
876
1701
2935
2782
1756
1533
2343
2345
1831
1908
3110
4145
4284
3232
3357
4037
5705
6926
8906
8828
1739
-6960
-8204
4182
13919
8522
-7006
-15170
-11779
-6404
-5345
-4097
-2292
-6128
-15851
-22083
-15789
-3778
339
-6219
-12727
-12314
-7716
-6381
-5120
-428
3317
1650
-2605
-1627
3793
6730
5927
5016
6201
7667
7827
7023
5376
3501
3474
5612
6381
4372
718
-1473
-2605
-3235
-1965
-759
-2231
-6746
-9046
-6574
-3420
-3222
-4178
-4013
-3567
-3761
-3101
-439
1700
1570
992
1555
2817
3212
2545
2323
3419
4951
4903
3227
2278
2968
3489
3347
3668
4465
3504
878
0
2018
3740
2907
1416
1266
2150
2017
2340
3014
3983
3943
3283
3279
4181
5338
5844
6236
7001
9065
3973
-5271
-9496
824
14437
11405
-5219
-16418
-12765
-5336
-4209
-5195
-2725
-4642
-13651
-21812
-17900
-4806
2067
-4146
-13204
-14526
-8596
-4921
-5047
-1591
2815
2188
-3229
-4366
2240
7538
6970
4792
4696
6270
6990
7004
6287
4565
3757
5590
6368
4255
1120
-458
-698
-2158
-2263
-649
-796
-5297
-9765
-8181
-2642
-567
-3449
-5654
-5503
-4613
-3606
-927
2419
2041
-735
-1260
1130
3557
3396
2745
3322
4192
4020
2641
2202
3666
4834
4160
3462
4011
4019
1637
-89
2306
5325
4314
782
-394
1658
2902
2802
3320
3984
3916
2717
2933
3593
4074
4055
5560
7530
9559
8158
-857
-9077
-7563
7408
15959
6882
-9576
-15617
-10285
-5091
-4464
-2292
-911
-7103
-17309
-21483
-12927
-1644
134
-7750
-13884
-12268
-6961
-5965
-5247
-751
2222
-692
-5307
-2256
5151
6992
3967
2757
5342
7663
7227
6361
5535
4432
4296
5702
6087
4838
2048
-336
-2099
-2541
-64
1245
-638
-6012
-9617
-7417
-2488
22
-2255
-5413
-6553
-5741
-3775
-429
2490
1733
-1794
-3347
-822
2615
3861
3665
3072
2697
1998
1532
2831
4826
5879
4366
2701
2789
3178
2596
1818
3154
4588
3290
822
269
1734
2903
3086
3703
4399
3771
2615
2245
3530
4753
5281
5119
5415
5701
8100
5915
-2646
-9039
-3892
10913
13675
856
-12754
-13416
-7158
-4020
-3961
-1172
-1729
-10017
-19216
-19405
-8508
923
-1184
-9954
-14099
-10983
-7050
-7068
-4063
1512
2022
-3468
-6217
-454
5633
5267
3547
4602
6553
6492
5885
6478
6157
4914
5756
7181
6148
3554
1088
292
-663
-588
1101
1220
-1333
-4838
-7942
-7811
-4117
233
710
-4838
-8684
-7782
-4587
-1331
1135
1447
-1742
-5278
-3540
1282
3946
3963
2543
1428
716
1469
3877
5057
4946
4351
3193
2660
2709
3203
3420
3263
4054
3986
1976
447
815
3123
4848
4957
4387
2591
1247
1359
3229
5169
5964
4577
3599
3528
6449
7377
-531
-8162
-6517
8243
14902
3595
-11826
-14251
-6231
-1761
-3583
-2718
-630
-6518
-16863
-20169
-9846
1999
1037
-9486
-14845
-11589
-6902
-7226
-5415
1117
2414
-3511
-8086
-2763
5187
6021
3604
3769
5696
5940
5394
6305
6809
5616
5249
6911
7041
5408
2438
822
439
396
1952
1897
-368
-3572
-5921
-5602
-3511
-2531
-3416
-5447
-6468
-5394
-5217
-4683
-3479
-2744
-2532
-2364
-1196
-678
-1657
-592
2442
4307
3307
1149
1237
2591
4065
5027
5442
5028
3614
1895
1831
3946
5847
5439
2797
1273
1376
1705
2488
3891
5012
4408
1955
405
1471
3635
5001
4094
2810
2211
3461
4574
7217
5463
-2605
-8984
-4747
10155
13765
1667
-12434
-13100
-5108
-889
-1697
-790
-1883
-9641
-18180
-17300
-5576
2744
-1939
-12306
-15587
-10584
-5866
-6258
-4053
39
-216
-5107
-6847
-254
5730
5339
3345
3422
5087
5606
6024
7298
6942
5911
6628
8093
7417
5117
2767
2433
2016
2044
3023
1989
-1006
-4755
-6106
-4336
-2555
-2612
-5198
-7725
-7753
-6187
-5229
-5114
-4347
-3507
-3798
-4368
-3180
-1438
-478
303
1694
2767
2112
1194
1990
3825
5475
6007
5347
4143
2803
2805
4251
5819
5900
4075
1771
1279
2123
2894
2987
2715
2448
1869
1348
1922
2673
3054
2532
1815
1510
2104
2941
3553
3900
5534
6503
677
-6183
-5960
5068
12499
5650
-6301
-10477
-6178
-2339
-2781
-2560
-1537
-5553
-12846
-16500
-10583
-1490
-980
-8703
-13562
-10955
-6735
-6820
-6204
-1185
563
-3483
-6669
-2494
4016
5056
3597
4177
5794
6376
6101
6895
7602
7382
7415
7852
7349
6362
4461
2439
1479
1658
2819
1631
-1490
-3981
-5352
-5313
-4509
-4232
-4949
-7167
-8765
-7925
-6366
-4829
-4574
-5266
-5489
-4540
-2312
-558
-313
338
1298
2123
2521
2786
4033
4899
5135
5255
5258
5065
4271
3575
4203
5156
5098
3779
2036
1609
1845
1872
1852
1511
1350
990
570
681
1529
2510
2615
2103
1815
2428
2895
3165
3121
4348
5593
7617
5210
-2065
-6956
-2631
9355
11455
1431
-9502
-10279
-5204
-2853
-3139
-1438
-2545
-9627
-16709
-15580
-6396
-847
-4662
-11261
-12307
-8998
-6988
-7068
-3158
1220
25
-4331
-4129
2477
6430
5069
4531
6486
7857
6585
6011
7822
8512
7426
6643
6952
6521
4611
1908
1121
1320
1547
777
-1764
-4003
-5546
-6364
-5797
-4853
-4211
-5600
-8098
-9025
-8219
-5536
-2960
-1925
-3072
-5017
-4899
-2150
918
2884
3300
2325
1294
1177
3037
5517
6506
5866
4227
2921
2779
3099
3810
4351
4059
2811
1123
284
752
1501
1738
1411
912
587
413
620
1171
2212
3071
3372
2858
2569
2553
2753
2988
3475
4093
4684
4717
5439
4966
-344
-5148
-4384
4441
8976
2401
-7090
-10379
-7268
-4476
-3994
-2392
-2315
-7425
-13482
-14430
-7908
-1025
-1402
-6719
-9560
-7756
-5142
-4516
-2080
2154
2070
-1611
-3139
1079
5257
4887
4375
5193
5482
4657
4307
5733
5936
4742
4206
4158
3615
2778
1459
405
-470
-976
-568
-1186
-2248
-3381
-4968
-5354
-4216
-2831
-3035
-4793
-5832
-5670
-5054
-3116
-1005
-566
-2398
-3996
-2653
-293
1421
2561
2508
1470
156
490
2778
4307
4476
3516
2258
1671
1588
2326
3332
3703
3011
1647
760
1350
2196
2161
1984
2061
2179
1371
518
1002
2140
3018
2855
2257
1922
1836
2110
2809
3118
3028
2118
1660
1540
2385
3186
4679
4018
-1989
-7013
-5660
4090
8374
1803
-7308
-9558
-5706
-2862
-2226
-277
-203
-5643
-11680
-11536
-3811
2038
-265
-6303
-8330
-6083
-4310
-4218
-1615
1860
158
-4242
-5082
-15
3563
2163
1075
1909
2711
2121
1817
3484
4033
3256
2755
3025
3435
3170
1856
1038
1007
1264
1537
680
128
-568
-2069
-2759
-1956
-880
-1310
-3044
-3862
-3841
-3906
-3439
-2291
-1382
-2077
-3495
-3693
-2525
-1028
267
775
500
-191
-492
641
2466
3948
3982
2631
1534
1378
2348
3776
4594
4312
2811
1083
715
1714
2674
2776
2178
1689
1094
49
-445
371
1581
1620
617
44
128
391
726
1166
2225
2312
1868
681
717
1983
3616
4590
4815
4431
540
-2976
-2423
4632
8553
3906
-3605
-5920
-3222
-1118
-1051
-294
-152
-4151
-9072
-9937
-4995
-738
-2201
-6757
-8569
-6987
-5900
-6179
-4749
-1792
-2155
-4838
-5417
-2144
383
3
125
1680
2385
1946
1814
3323
4086
3939
4166
4425
4351
3727
2991
2764
2963
2913
2596
1562
700
4
-852
-1179
-1069
-1183
-1768
-2552
-3081
-3770
-4062
-3228
-2550
-2613
-3045
-2997
-2914
-3082
-2074
-244
614
13
-912
-817
165
1342
2699
3338
2828
1692
629
1004
2798
4230
3600
1715
589
710
952
1232
1898
2149
1289
-96
-507
32
761
1010
910
870
856
743
704
1112
1862
2388
2662
2981
3291
3040
2461
2263
3105
4223
4793
4505
4400
4504
1499
-1846
-1947
3501
6913
2715
-3716
-5645
-3453
-2204
-2698
-1962
-1308
-4485
-9092
-10302
-6174
-2070
-3149
-6823
-8170
-6669
-6278
-6952
-4961
-1189
-1337
-4570
-5476
-2197
490
154
686
2417
2832
1736
1421
3177
4613
4770
4828
4689
4416
3912
3256
3212
3812
4069
3480
1946
849
377
-140
-133
-42
-933
-2360
-3262
-2725
-2747
-3533
-3643
-3517
-3758
-4888
-4583
-2833
-1880
-2435
-3308
-2854
-1634
-811
-431
171
624
848
823
1368
2563
2897
2283
1837
2402
3383
3278
2487
2171
2088
1871
1443
1796
2171
1496
408
117
862
1273
727
143
147
459
766
1025
1199
1182
1194
1666
2497
3177
3264
2995
2795
3042
3467
3803
3945
4075
3968
4247
4170
1680
-988
-1505
2523
4841
1380
-3510
-5060
-3193
-2730
-3841
-3123
-2389
-4850
-8810
-9486
-5650
-2821
-4430
-7166
-7284
-5455
-5155
-5890
-4302
-1618
-1606
-3396
-3485
-748
890
335
856
2271
2919
2150
1772
3065
3854
3767
3717
3582
3504
3013
2419
2407
2620
2533
1938
805
223
-11
-178
-125
-433
-956
-1789
-2398
-2629
-2647
-2199
-1662
-2173
-3077
-3506
-3079
-2292
-1832
-1303
-1520
-2212
-2259
-1472
-424
192
217
96
-120
51
954
1545
1772
1785
1767
1733
1734
2142
2494
2438
2288
2072
1937
1919
1950
1886
1708
1694
1816
1558
1112
980
1115
1254
1206
1323
1298
940
710
1049
1796
2226
2100
1720
1730
2091
2486
2547
2747
2848
2910
2776
3190
4229
2817
-151
-1548
1564
4916
3158
-1229
-3150
-2268
-1914
-2767
-2015
-826
-3111
-7210
-8514
-5664
-3009
-4193
-6689
-7237
-6402
-6485
-7015
-5394
-2818
-3168
-5262
-5274
-2502
-519
-1032
-652
935
1685
1186
1322
3041
4094
3815
3799
4223
4708
4471
3690
3315
3551
3911
3646
2469
1408
852
348
76
-116
-450
-1349
-2485
-3097
-3343
-3345
-3176
-3102
-3305
-3620
-3868
-3918
-3855
-3021
-1941
-1224
-1355
-1809
-1751
-930
404
1443
1714
1347
1161
1426
1991
2766
3294
3287
2647
2126
2248
2677
2843
2542
2007
1632
1411
1281
1124
909
751
623
555
375
245
254
301
409
521
632
860
1168
1349
1509
1663
2063
2440
2697
2951
2984
3169
3124
3158
3114
2990
2917
2964
3096
3526
2924
324
-1806
-1266
2179
2706
-400
-3449
-4078
-3594
-3922
-3556
-1977
-2554
-5989
-8499
-7324
-4172
-3304
-4909
-6071
-5972
-5452
-5672
-4843
-2585
-1606
-2907
-3878
-2569
-434
-78
-261
779
1571
1611
1292
1898
2802
2904
3057
3207
3030
3002
2870
2611
2377
2402
2609
1979
1082
700
598
291
-110
-271
-465
-1187
-1789
-1885
-1935
-1842
-1864
-2127
-2681
-2915
-2278
-1556
-1535
-1610
-1668
-1640
-1678
-1198
-40
599
244
-166
39
734
1435
1686
1728
1464
1340
1582
2003
2554
2571
1927
1202
1222
1940
2280
1805
1339
1005
618
434
742
1262
1009
306
39
192
528
688
781
857
792
881
1087
1281
1529
1805
2141
2425
2578
2740
2724
2891
3139
3118
2839
2613
2867
3047
2849
2723
2949
1504
-930
-1953
360
2618
757
-2740
-4331
-3705
-3471
-3849
-3013
-2386
-4597
-7759
-8314
-5423
-3135
-4013
-5821
-6316
-5769
-5745
-5391
-3195
-1282
-2028
-3796
-3486
-1401
-34
112
951
1736
1508
1103
1500
2524
2956
3068
3390
3265
2945
2786
2494
2263
2333
2861
2847
1681
677
331
458
527
372
204
-268
-1241
-1893
-1782
-1147
-820
-1417
-1854
-1971
-1892
-1781
-1509
-994
-954
-1235
-1178
-928
-888
-710
-285
284
300
65
-22
45
385
766
1064
1234
975
691
582
831
1338
1508
1305
990
713
690
904
1301
1409
1018
707
561
623
815
1092
1279
1192
990
837
916
1137
1484
1675
1766
1693
1682
1747
1740
1949
2229
2478
2583
2438
2137
2012
2281
2578
2341
1858
1641
1634
1671
1645
1918
898
-1226
-2275
-672
1290
-18
-2598
-3658
-3222
-3517
-4039
-3088
-2134
-3688
-6322
-6570
-4486
-3140
-3925
-4859
-4638
-4333
-4531
-4338
-2769
-1535
-2178
-3099
-2338
-730
-57
-130
410
1057
946
1097
1722
2406
2388
2254
2463
2300
2311
2646
2761
2064
1559
1855
1994
1368
848
947
890
388
-136
-211
-184
-499
-878
-980
-821
-831
-1276
-1614
-1427
-1040
-1055
-1360
-1165
-740
-789
-1029
-1120
-773
-547
-367
-163
-124
-56
-233
-331
-73
472
844
693
300
276
577
873
1150
1256
1275
1051
926
1103
1430
1781
1817
1602
1434
1398
1425
1569
1754
1822
1545
1393
1463
1390
1292
1325
1499
1448
1123
1024
1147
1183
1096
1049
1138
1217
1099
984
899
1003
1255
1349
1146
732
494
706
1073
1189
1143
1127
217
-1392
-1857
-88
1641
390
-2059
-3019
-2437
-2295
-2470
-1718
-1322
-3057
-5152
-5081
-3178
-2183
-2916
-3773
-4046
-4108
-4057
-3476
-2192
-1580
-2292
-3019
-2626
-1406
-565
-343
-50
103
101
369
743
1204
1531
1786
1844
1406
1457
1934
1808
1245
1306
2012
1867
712
312
646
718
366
258
472
56
-759
-968
-606
-249
-337
-631
-729
-850
-855
-746
-510
-211
-159
-241
-97
-136
-319
-276
317
994
880
474
112
77
333
798
1278
1218
558
60
102
607
1067
1043
704
286
90
245
534
848
881
539
207
136
360
710
840
741
486
410
584
752
930
1009
978
893
943
1218
1359
1299
1318
1343
1455
1553
1617
1635
1474
1435
1524
1612
1724
1658
1567
1311
1035
914
1035
1156
1063
685
597
427
-649
-1531
-1086
415
156
-1721
-2803
-2400
-2254
-2688
-2483
-1660
-2295
-4197
-4783
-3547
-2386
-2628
-3292
-3361
-3480
-3766
-3553
-2519
-1565
-1756
-2453
-2411
-1835
-1245
-753
-128
208
-142
-215
237
726
1090
1402
1607
1372
1045
1399
1749
1641
1529
1751
1769
1217
964
1355
1392
1014
789
826
776
406
316
430
353
66
-140
-90
-21
-182
-218
-168
-176
-182
-260
-160
-146
-253
-265
3
199
-8
-357
-304
-13
191
232
35
-157
-271
-203
119
309
227
-112
-286
-132
82
294
345
164
-54
-132
51
397
555
476
318
296
427
558
676
713
749
876
896
873
999
1074
1104
1068
1241
1423
1366
1267
1190
1262
1370
1378
1411
1441
1334
1260
1192
1141
1177
1160
1104
900
723
544
419
427
425
224
163
-80
-990
-1726
-1359
-61
-218
-1676
-2601
-2374
-2126
-2426
-2226
-1505
-2037
-3411
-3837
-2914
-2059
-2168
-2512
-2630
-2760
-2668
-2272
-1693
-1237
-1316
-1494
-1404
-959
-407
-51
191
253
264
586
891
1004
1046
1166
1465
1427
1355
1575
1613
1306
1044
1379
1559
1149
911
1014
876
580
547
687
504
122
7
56
53
-78
-145
-126
-312
-460
-375
-273
-300
-277
-228
-381
-643
-690
-391
-115
-45
-239
-352
-901
-1442
-943
371
726
-511
-1444
-1305
-825
-455
30
439
-13
-1166
-1501
-511
756
1031
398
-150
-280
47
579
1139
1632
1564
857
491
1042
1833
2001
1832
1749
1605
1521
1507
1535
1725
1806
1607
1262
1170
1287
1108
778
716
1002
1130
667
149
167
288
326
357
376
216
-84
-165
-245
-229
-63
-75
-170
-224
-173
-128
-609
-1212
-1175
-332
115
-627
-1436
-1502
-1417
-1479
-1355
-853
-759
-1671
-2473
-2201
-1315
-1039
-1390
-1523
-1497
-1634
-1647
-1305
-766
-560
-837
-1044
-789
-362
-191
-163
28
86
107
175
225
326
466
528
408
328
438
475
316
209
265
397
276
29
88
102
-43
-93
29
37
-155
-204
-123
-120
-58
-48
-78
-77
-87
-120
-74
30
108
39
-69
-120
-45
99
46
96
181
67
-366
-530
-76
590
566
-46
-455
-292
-15
152
471
690
301
-244
-217
391
936
949
563
294
320
570
742
944
1079
858
477
330
668
1009
958
708
477
376
371
523
641
580
364
191
58
171
506
553
300
125
251
361
340
434
650
634
505
439
585
755
801
799
795
790
760
677
627
676
738
622
398
308
380
377
28
-482
-770
-467
-67
-337
-950
-1314
-1353
-1524
-1580
-1187
-932
-1460
-2197
-2289
-1767
-1436
-1470
-1522
-1673
-1900
-1922
-1557
-1148
-981
-1065
-1184
-1229
-1046
-701
-429
-341
-452
-418
-239
-106
-73
3
131
149
88
248
426
373
215
227
456
527
504
572
554
367
320
558
764
642
511
521
490
440
481
617
631
472
376
394
447
477
403
315
212
261
348
302
250
237
180
-172
-431
-113
541
552
-153
-714
-561
-164
27
162
197
-164
-676
-730
-125
444
411
-37
-426
-425
-114
274
528
480
182
-89
-40
457
865
904
625
403
430
653
960
1090
1012
863
738
682
857
1124
1150
865
609
675
811
852
789
730
636
493
447
483
475
427
343
255
234
214
165
13
-31
23
18
-72
-157
-215
-241
-310
-542
-684
-591
-369
-535
-920
-1081
-1065
-1156
-1366
-1320
-1082
-1224
-1660
-1888
-1745
-1538
-1557
-1608
-1594
-1635
-1689
-1652
-1420
-1121
-1017
-1033
-1002
-821
-586
-372
-157
-1
80
246
371
513
697
822
903
913
1007
1092
1036
959
995
1054
1014
851
788
722
529
413
425
425
248
48
-72
-104
-144
-180
-269
-300
-283
-303
-331
-367
-326
-258
-229
-219
-194
-118
-37
-16
31
67
49
13
29
204
368
266
-18
-89
117
273
246
183
101
-39
-166
-94
165
295
153
-124
-216
-61
126
205
215
195
183
131
158
344
522
543
472
488
544
600
657
694
728
742
753
714
709
710
692
701
763
808
746
625
502
466
510
570
586
460
288
196
219
232
173
126
61
-45
-141
-203
-240
-249
-268
-289
-302
-377
-640
-897
-815
-502
-431
-680
-887
-971
-1073
-1099
-861
-591
-713
-1059
-1217
-1079
-906
-750
-643
-702
-867
-933
-818
-628
-446
-380
-459
-546
-501
-372
-230
-122
-74
-117
-130
-73
-5
53
106
117
93
86
169
165
97
102
178
195
134
145
130
96
106
186
170
90
116
121
83
76
182
192
76
36
131
140
93
100
130
92
57
115
145
85
26
72
123
46
-139
-150
71
217
47
-206
-240
-124
-72
-33
44
39
-141
-285
-153
65
189
173
67
-25
-24
133
289
408
469
388
283
314
502
664
716
704
689
660
670
729
803
841
829
813
738
680
699
691
649
625
642
606
437
337
327
351
359
293
209
96
5
-18
-3
24
43
-42
-154
-217
-172
-85
-113
-170
-219
-206
-156
-163
-207
-213
-228
-326
-400
-305
-164
-300
-559
-641
-519
-493
-591
-610
-607
-789
-974
-946
-777
-768
-912
-1013
-1016
-977
-961
-930
-882
-855
-856
-844
-782
-681
-581
-510
-436
-353
-297
-261
-210
-127
10
147
173
124
138
234
288
309
337
387
373
333
348
361
371
340
321
290
284
331
312
219
155
203
243
200
181
197
159
101
127
172
158
115
80
85
100
141
157
57
-117
-174
-3
203
189
11
-153
-196
-102
33
184
214
79
-116
-109
130
366
428
341
211
169
276
467
631
682
599
484
457
584
722
782
748
652
593
561
580
618
632
603
481
380
329
336
381
346
223
168
151
147
107
71
60
57
78
36
-18
-30
-11
-15
-40
-43
-8
-20
-70
-110
-121
-114
-147
-190
-193
-217
-254
-335
-400
-393
-390
-458
-566
-594
-578
-628
-706
-712
-709
-713
-706
-734
-782
-825
-765
-690
-660
-640
-604
-604
-646
-625
-489
-383
-359
-351
-364
-353
-294
-180
-116
-114
-118
-114
-77
-18
46
35
39
78
76
65
69
136
188
179
159
150
163
201
197
190
219
271
264
190
176
245
261
204
180
211
205
126
91
134
172
161
48
-56
-34
68
120
8
-81
-87
-48
-2
38
71
35
-47
-67
25
162
229
201
166
158
197
257
330
395
403
360
341
382
428
448
441
427
392
353
361
391
401
357
280
246
256
283
269
235
211
192
182
193
229
243
202
165
191
265
274
239
228
247
279
281
262
241
234
213
188
165
161
121
48
-9
-35
-51
-140
-232
-274
-297
-342
-416
-450
-469
-559
-644
-668
-641
-619
-638
-666
-713
-767
-746
-655
-575
-595
-631
-587
-563
-554
-489
-382
-350
-400
-408
-301
-226
-214
-207
-185
-163
-185
-147
-80
-41
-38
-74
-84
-60
-21
19
24
8
-14
-41
-7
63
104
83
8
-10
43
92
118
106
88
55
39
104
176
174
74
5
64
151
173
159
112
41
-1
39
172
209
152
56
14
42
100
180
211
161
85
76
114
168
202
240
255
222
166
149
225
307
315
300
331
318
273
263
333
401
423
402
360
322
308
363
451
476
420
343
317
349
396
404
368
340
323
291
268
262
249
234
204
164
95
47
19
14
10
-19
-53
-128
-205
-243
-224
-193
-202
-260
-343
-395
-363
-287
-271
-326
-403
-436
-386
-301
-272
-291
-328
-355
-375
-342
-244
-200
-254
-323
-342
-309
-277
-275
-280
-313
-334
-361
-348
-346
-351
-364
-393
-404
-375
-365
-406
-427
-390
-341
-342
-358
-351
-331
-303
-266
-244
-213
-191
-188
-162
-114
-53
-47
-45
-26
22
64
58
66
83
99
124
163
178
169
149
152
168
206
255
269
251
227
226
249
292
327
339
330
315
312
342
390
407
389
371
355
371
398
432
450
420
358
332
363
396
394
365
328
301
314
333
313
280
256
239
249
263
272
227
181
172
198
223
217
178
132
96
98
129
130
111
65
17
-32
-26
-2
-12
-53
-111
-157
-184
-175
-159
-174
-244
-287
-290
-276
-277
-290
-314
-340
-334
-313
-291
-286
-290
-308
-308
-275
-222
-211
-257
-257
-209
-167
-174
-193
-185
-169
-173
-184
-171
-149
-153
-210
-224
-191
-161
-211
-280
-265
-234
-253
-298
-300
-284
-309
-337
-332
-318
-330
-343
-318
-301
-313
-323
-299
-262
-242
-242
-234
-211
-194
-165
-116
-70
-63
-75
-63
-22
14
70
124
143
117
100
139
203
279
298
279
258
282
333
364
375
390
404
389
403
458
492
448
393
426
482
511
480
443
429
407
417
438
446
408
342
311
319
307
304
292
243
185
149
167
162
136
91
40
14
3
9
6
-21
-52
-74
-113
-116
-93
-73
-104
-155
-155
-128
-108
-119
-146
-147
-156
-155
-134
-114
-120
-142
-156
-156
-155
-138
-116
-130
-162
-168
-147
-146
-176
-176
-152
-149
-188
-203
-176
-162
-185
-210
-220
-205
-182
-183
-193
-211
-206
-219
-213
-185
-175
-178
-198
-196
-182
-173
-164
-159
-148
-135
-135
-125
-120
-117
-95
-74
-57
-53
-55
-45
-32
-15
6
23
24
16
27
60
61
50
68
88
87
68
78
104
97
81
97
125
111
74
72
111
140
129
112
99
114
132
148
165
174
163
144
159
206
244
233
211
204
229
251
267
260
248
233
221
225
241
253
229
181
144
141
144
131
111
79
45
33
30
-4
-41
-38
-36
-56
-74
-75
-91
-112
-107
-63
-44
-72
-102
-107
-88
-58
-24
-12
-33
-67
-79
-59
-23
-9
-23
-56
-70
-76
-89
-94
-93
-98
-120
-131
-143
-160
-186
-197
-187
-174
-168
-192
-216
-211
-187
-170
-158
-159
-151
-149
-135
-112
-86
-69
-69
-62
-48
-41
-34
-22
1
9
-5
-13
-4
3
-10
-13
2
1
-23
-28
-21
-28
-30
-23
-12
-20
-29
-27
-30
-20
-4
27
45
25
8
22
50
65
77
96
107
90
74
77
118
148
135
117
103
93
89
122
145
130
89
73
75
86
90
84
78
59
40
36
63
75
45
-2
-1
29
38
24
5
2
-16
-20
-8
-2
-10
-35
-43
-37
-24
-21
-30
-45
-47
-49
-39
-31
-33
-31
-24
-21
-20
-30
-36
-21
-1
2
-7
-7
-2
-20
-25
-2
14
5
-30
-50
-30
-9
-11
-23
-39
-57
-70
-50
-22
-23
-48
-70
-67
-44
-24
-11
-16
-34
-36
-21
12
31
25
21
17
29
46
64
70
61
48
53
75
78
68
58
59
58
53
54
47
50
36
19
21
34
36
14
-3
-4
16
14
1
-3
17
9
-18
-21
-5
12
8
0
-10
-15
-19
-11
-1
-1
-13
-33
-38
-38
-11
1
-15
-39
-48
-45
-36
-15
1
-7
-35
-41
-27
-8
4
8
13
-6
-16
-5
13
22
13
12
13
7
3
-2
-12
-13
-6
-7
-15
-28
-37
-46
-49
-50
-46
-47
-65
-75
-65
-45
-52
-70
-70
-52
-52
-53
-42
-23
-23
-43
-33
-6
3
-8
-13
7
16
21
15
12
24
31
30
28
33
42
45
35
40
49
60
49
45
61
74
76
64
62
71
85
87
91
87
81
77
76
88
89
88
74
55
48
51
69
55
27
18
18
16
6
1
-6
-18
-34
-25
-13
-16
-40
-46
-45
-43
-38
-38
-31
-33
-45
-62
-57
-38
-36
-52
-59
-59
-65
-79
-81
-63
-66
-99
-118
-113
-97
-96
-106
-115
-121
-121
-118
-108
-104
-94
-81
-75
-76
-61
-40
-27
-19
-12
16
36
42
45
64
74
74
80
92
107
105
94
83
79
77
82
79
56
30
22
32
18
-5
-18
-22
-31
-39
-34
-36
-52
-66
-58
-42
-21
-23
-39
-40
-24
6
18
24
30
31
41
47
65
83
80
62
71
89
94
86
79
71
57
55
62
75
67
36
16
22
26
22
21
21
9
-10
-7
12
16
9
-1
0
11
14
11
17
17
12
18
30
24
9
5
10
20
21
5
-4
-13
-16
-17
-12
-13
-29
-47
-60
-53
-43
-43
-57
-67
-71
-74
-81
-72
-62
-64
-72
-82
-81
-75
-69
-69
-63
-60
-66
-68
-62
-56
-56
-49
-37
-33
-42
-42
-31
-19
-12
-9
-1
4
1
8
23
38
38
42
50
48
51
60
70
72
72
77
87
80
68
64
75
84
74
68
69
57
42
42
47
51
47
27
3
7
20
17
14
9
1
-11
-19
-12
5
6
-6
-17
-17
-12
1
5
-4
-13
-9
-3
-4
1
13
4
-12
-13
4
11
5
-4
-6
2
6
-1
-4
7
0
-7
-4
7
9
0
-4
0
3
6
5
-1
0
3
8
4
2
5
-1
-13
-8
8
7
-3
-13
-18
-23
-16
-10
-8
-10
-25
-35
-29
-24
-26
-22
-23
-27
-33
-36
-28
-16
-16
-30
-35
-25
-16
-14
-8
-6
-14
-25
-21
-7
13
21
-1
-20
-10
10
19
25
23
8
-4
2
26
45
41
22
11
5
22
48
53
37
22
20
25
32
44
52
38
19
13
28
40
31
24
21
20
10
11
25
20
1
-4
2
12
12
0
-7
-6
-4
-2
-1
1
-2
-7
-5
-2
6
6
-2
-10
-3
9
5
0
-4
-4
-4
-2
-13
-13
-14
-17
-19
-24
-29
-30
-32
-43
-44
-39
-38
-49
-58
-54
-46
-46
-53
-43
-38
-41
-49
-45
-27
-18
-16
-11
-8
-8
-1
6
14
22
23
23
27
36
35
32
32
30
32
29
28
25
21
11
5
2
1
-5
-14
-17
-19
-28
-36
-39
-37
-33
-38
-44
-42
-37
-40
-41
-37
-28
-21
-18
-18
-14
-8
-6
-1
10
20
24
17
15
24
34
39
37
35
37
33
39
44
42
44
44
38
34
31
42
45
41
44
44
36
28
32
39
44
44
41
33
33
31
30
33
29
31
24
16
11
9
10
11
7
-7
-13
-15
-18
-20
-17
-14
-24
-38
-39
-29
-32
-31
-29
-27
-30
-36
-31
-27
-21
-20
-18
-20
-23
-16
-14
-12
-11
-10
-18
-17
-13
-14
-13
-21
-23
-27
-23
-28
-27
-30
-37
-36
-37
-35
-39
-40
-38
-34
-40
-38
-31
-32
-31
-27
-21
-16
-18
-20
-13
-2
-7
-4
6
8
4
3
7
14
16
10
13
17
15
14
17
21
15
11
9
18
24
17
17
17
13
10
14
23
25
16
17
19
14
17
21
25
24
19
14
11
20
20
20
23
21
13
7
14
18
22
17
16
16
15
10
9
21
23
20
13
16
15
10
14
19
19
15
6
3
7
3
6
5
-5
-5
-12
-14
-15
-19
-17
-16
-24
-33
-30
-26
-26
-32
-28
-24
-28
-29
-25
-17
-13
-11
-15
-10
-5
0
0
1
10
20
12
7
12
16
17
13
12
19
15
5
3
2
-2
-8
-8
-5
-14
-18
-21
-27
-32
-30
-26
-31
-38
-38
-33
-31
-30
-34
-32
-26
-25
-23
-16
-11
-13
-7
-7
-2
4
9
13
10
13
18
21
21
24
27
32
25
17
30
35
32
29
29
29
28
24
26
33
32
33
26
24
26
25
29
32
34
29
23
20
27
30
31
30
18
16
19
20
22
19
12
6
4
6
11
4
-2
-11
-15
-9
-7
-8
-13
-21
-25
-26
-23
-13
-15
-21
-27
-30
-22
-15
-17
-15
-18
-25
-18
-10
-6
-3
-9
-19
-14
-4
3
5
-4
-6
-6
-4
-1
3
3
-2
-8
-8
-1
-4
-5
-7
-9
-9
-10
-8
-13
-12
-16
-21
-16
-12
-18
-19
-19
-27
-22
-21
-21
-21
-24
-22
-25
-23
-14
-14
-34
-17
-13
-26
-5
-3
-20
-14
-9
-14
1
1
0
-1
-8
3
3
5
11
8
1
10
12
6
13
15
10
8
13
14
15
15
12
15
14
14
15
20
19
15
21
21
19
19
23
23
22
26
29
28
25
21
21
29
29
29
27
22
20
18
19
20
21
15
9
10
8
2
3
3
-2
-5
-4
-8
-9
-10
-13
-12
-10
-15
-13
-11
-12
-13
-12
-11
-4
-8
-7
-2
-1
0
2
3
7
9
6
11
8
10
13
8
9
14
12
8
6
0
4
6
3
2
-5
-8
-12
-11
-8
-9
-14
-15
-21
-26
-16
-17
-21
-22
-22
-20
-20
-23
-19
-14
-18
-17
-17
-14
-7
-14
-14
-6
-7
-8
-3
-5
-5
-1
-6
-4
3
1
-1
-3
-5
-1
2
2
0
-5
0
-3
-6
2
4
1
1
0
0
-1
-1
5
7
8
8
4
4
7
9
14
16
11
6
10
13
14
20
17
14
10
7
12
15
15
18
12
4
7
2
9
15
7
3
3
-5
-1
7
1
-1
-4
-11
-6
-4
-5
-4
-7
-13
-12
-13
-12
-12
-11
-11
-18
-16
-15
-16
-15
-13
-13
-18
-17
-16
-13
-12
-14
-15
-10
-12
-12
-8
-11
-7
-8
-6
0
-3
-4
-5
-8
-1
2
-4
1
1
-5
0
-4
-3
1
0
-5
-6
-9
-6
-4
-8
-6
-9
-12
-11
-11
-9
-6
-12
-14
-10
-10
-8
-9
-8
-5
-5
-4
-1
-2
-2
2
0
5
10
8
7
8
7
14
15
14
18
14
11
15
14
17
20
13
13
13
11
15
16
14
13
11
9
13
16
16
14
9
11
14
16
17
18
15
15
17
18
20
21
21
18
20
21
25
21
18
22
19
17
20
20
18
17
12
9
14
11
9
5
5
2
0
2
1
-4
-5
-7
-9
-5
-8
-10
-10
-13
-13
-10
-11
-12
-12
-14
-12
-10
-11
-6
-9
-10
-9
-8
-8
-4
-6
-4
-3
-8
-3
-4
-4
-2
-5
-2
-1
-5
-4
-1
-6
-4
-1
-4
-4
-8
-5
-5
-5
-2
-4
-10
-7
-7
-9
-2
-6
-9
-8
-10
-12
-6
-6
-9
-9
-13
-10
-10
-8
-9
-10
-11
-12
-13
-12
-6
-9
-12
-11
-11
-12
-7
-10
-9
-5
-9
-8
-4
-5
-6
-3
-5
-2
1
2
-2
-2
2
0
3
5
6
3
3
3
2
5
8
5
4
5
-1
2
4
1
5
4
0
0
1
0
1
-1
0
-1
-5
-1
-1
-4
-4
-4
-6
-5
-3
-6
-6
-4
-5
-10
-7
-5
-8
-7
-8
-9
-9
-11
-11
-9
-9
-11
-13
-13
-9
-12
-9
-10
-13
-11
-10
-11
-8
-6
-8
-6
-6
-6
-6
-1
-1
-3
2
3
2
3
7
6
6
6
9
12
11
11
10
12
13
13
15
15
13
11
13
15
17
15
14
13
12
13
13
15
16
14
12
11
12
14
15
17
15
12
12
13
14
18
17
15
14
14
17
17
16
18
16
16
16
17
17
17
16
13
15
15
14
15
15
12
10
10
11
11
11
10
6
8
8
5
9
9
5
6
6
5
6
8
4
5
5
6
5
3
4
6
4
5
4
2
4
1
3
5
0
1
-2
-5
-1
-2
-4
-2
-6
-10
-8
-9
-8
-6
-10
-12
-15
-15
-12
-13
-15
-13
-17
-20
-16
-18
-16
-14
-19
-21
-17
-19
-20
-16
-18
-17
-18
-18
-18
-17
-17
-17
-17
-16
-15
-17
-14
-15
-16
-14
-14
-15
-15
-13
-15
-13
-11
-12
-12
-13
-13
-11
-10
-10
-8
-10
-11
-10
-11
-7
-3
-9
-9
-7
-11
-7
-4
-7
-4
-6
-9
-8
-7
-5
-6
-6
-5
-5
-9
-6
-8
-8
-6
-7
-7
-8
-7
-7
-10
-7
-5
-8
-8
-5
-8
-6
-3
-6
-5
-2
-4
-3
-1
0
1
1
2
3
4
4
5
6
7
8
11
11
10
12
11
11
16
16
15
17
12
13
17
16
17
19
15
15
18
15
19
18
16
18
18
16
19
19
18
17
16
17
18
19
17
16
16
18
18
18
20
19
17
17
19
17
21
20
16
16
18
18
18
17
19
17
14
17
16
16
19
16
13
15
15
13
14
15
14
12
12
12
10
11
11
8
9
11
7
7
7
5
6
6
5
5
3
1
2
1
1
2
-1
-1
-1
-4
-2
-3
-4
-4
-5
-7
-6
-7
-8
-8
-7
-7
-9
-9
-9
-11
-11
-9
-12
-11
-11
-14
-11
-11
-12
-13
-12
-13
-14
-12
-13
-14
-14
-13
-17
-15
-14
-15
-15
-17
-17
-17
-17
-17
-16
-19
-18
-18
-21
-17
-16
-20
-19
-17
-22
-20
-18
-20
-18
-18
-21
-21
-17
-19
-17
-17
-18
-18
-18
-18
-16
-16
-16
-15
-16
-16
-13
-14
-13
-13
-12
-12
-12
-12
-10
-9
-9
-7
-10
-10
-6
-9
-8
-3
-7
-7
-4
-6
-4
-3
-4
-4
-4
-4
-2
-3
-2
-1
-4
-3
0
-1
1
2
-1
-2
0
1
2
4
5
2
1
3
3
6
7
6
8
7
6
9
9
11
12
12
12
14
14
16
18
18
19
20
19
21
23
23
24
24
24
26
26
26
29
28
29
30
29
29
30
31
30
31
32
30
28
31
30
28
32
29
27
30
29
25
27
28
24
24
26
23
22
24
22
21
22
20
19
18
19
18
17
16
17
15
13
15
12
13
14
11
12
10
10
9
10
9
9
9
7
8
6
6
6
7
5
5
4
4
3
2
3
2
2
1
0
-2
0
-2
-2
-3
-4
-3
-7
-4
-6
-7
-5
-7
-11
-9
-9
-13
-10
-13
-13
-13
-15
-15
-14
-16
-16
-16
-17
-17
-17
-18
-18
-19
-19
-20
-20
-20
-20
-20
-21
-21
-21
-20
-20
-21
-21
-21
-20
-20
-20
-19
-20
-20
-20
-20
-20
-19
-19
-19
-18
-18
-20
-18
-17
-17
-18
-17
-19
-18
-17
-17
-16
-14
-17
-19
-14
-17
-16
-12
-14
-16
-15
-15
-14
-12
-14
-10
-14
-13
-12
-13
-13
-11
-11
-13
-9
-12
-11
-9
-8
-10
-9
-7
-8
-6
-7
-4
-6
-5
-4
-4
-3
-2
-2
-2
1
-1
1
1
2
4
4
4
5
6
6
9
7
9
10
10
10
12
12
14
12
13
16
15
16
17
16
17
18
18
20
20
20
21
22
21
22
23
23
24
24
24
25
25
24
26
24
26
25
25
26
26
25
27
27
24
27
28
26
24
29
25
24
28
24
24
27
25
23
27
23
22
24
24
20
22
22
19
22
20
20
19
20
15
18
17
14
16
13
15
13
13
12
12
9
12
10
7
10
6
6
7
6
3
6
4
1
1
1
0
-1
0
-1
-2
-3
-5
-4
-5
-5
-6
-7
-6
-8
-9
-8
-7
-11
-11
-10
-11
-10
-13
-11
-14
-14
-14
-14
-14
-15
-15
-16
-15
-18
-17
-16
-17
-18
-17
-19
-20
-18
-19
-18
-18
-19
-20
-18
-21
-18
-19
-21
-19
-19
-22
-18
-19
-23
-18
-20
-21
-20
-19
-20
-20
-19
-19
-20
-20
-17
-21
-18
-18
-21
-18
-17
-17
-19
-17
-17
-17
-18
-15
-16
-16
-13
-16
-15
-15
-13
-14
-12
-12
-14
-13
-11
-10
-11
-9
-9
-9
-10
-7
-7
-9
-5
-4
-7
-6
-4
-5
-4
-3
-3
-1
-2
-1
-2
-1
2
-2
0
1
1
1
4
2
3
3
3
5
5
6
6
6
6
8
7
10
8
9
11
10
11
12
12
12
15
13
14
15
16
15
16
17
17
18
18
21
18
20
20
20
21
23
21
23
26
21
24
25
22
24
25
24
25
25
24
26
24
26
25
24
26
24
23
25
25
22
25
23
23
22
22
21
21
21
20
20
20
20
19
17
18
17
16
17
17
13
13
16
12
12
13
13
10
11
9
7
9
8
6
7
8
2
5
5
2
2
3
0
-1
0
-3
-2
-2
-3
-7
-5
-5
-9
-7
-8
-9
-10
-10
-11
-9
-14
-13
-11
-15
-15
-14
-17
-16
-16
-20
-17
-18
-23
-19
-20
-23
-22
-20
-24
-23
-24
-23
-24
-25
-24
-25
-24
-26
-25
-27
-25
-26
-26
-26
-26
-26
-26
-28
-25
-25
-28
-24
-24
-27
-24
-26
-25
-23
-25
-24
-21
-24
-23
-21
-24
-21
-22
-21
-20
-20
-21
-18
-18
-20
-17
-18
-16
-16
-16
-16
-16
-14
-14
-14
-12
-11
-14
-12
-10
-10
-10
-10
-8
-9
-8
-8
-6
-6
-5
-4
-2
-5
-3
0
-2
-1
-1
1
0
1
1
3
4
2
5
4
7
4
6
6
8
6
8
10
8
10
11
9
11
13
10
13
15
11
13
14
13
14
14
15
16
16
15
17
17
18
15
18
19
16
17
21
18
17
20
20
18
20
20
20
21
20
19
20
20
21
21
20
21
20
20
20
20
19
23
19
19
21
19
18
22
18
17
20
18
17
18
18
16
16
17
16
17
15
15
14
15
12
13
14
12
12
12
11
9
11
8
9
8
7
7
7
6
4
6
3
3
3
3
1
2
1
-3
0
-1
-4
-4
-1
-4
-5
-4
-7
-6
-8
-7
-9
-8
-11
-10
-10
-12
-12
-12
