SAMPLES:	14334
BITSPERSAMPLE:	16
CHANNELS:	1
SAMPLERATE:	16000
NORMALIZED:	FALSE
-5
1
4
12
-3
12
-3
-6
5
0
3
5
-10
3
9
4
-3
-6
-6
4
6
-1
-4
-7
-11
-10
7
-4
-14
-7
0
-5
-5
0
-2
-1
4
3
-1
-1
4
9
3
12
10
12
6
8
17
19
19
17
13
1
10
14
21
10
7
7
5
6
11
11
6
0
-2
2
-5
-5
4
1
-6
-9
-5
-2
-7
0
2
5
-5
-7
-2
-1
0
10
11
-3
1
8
5
1
8
11
9
19
10
5
-2
-4
4
2
7
10
8
-8
11
-2
-15
-8
-13
2
0
-6
-13
-9
-6
-3
-9
-11
-8
-10
-10
-2
-7
-1
0
-12
-4
-3
1
-3
-6
-4
-8
1
13
6
2
8
-4
-10
-3
-2
8
12
-2
4
0
4
11
-1
1
2
-2
1
3
7
15
10
-6
-10
-2
8
7
10
10
4
3
-6
5
6
-2
6
12
-2
8
6
4
4
0
8
11
10
8
6
-4
-2
10
5
2
3
8
2
-1
-5
7
14
-4
0
-6
-4
-1
-6
6
0
-7
0
2
0
-10
10
3
1
0
-9
6
-2
-2
-3
-4
8
4
-9
-8
1
-5
-3
-6
-15
-7
-12
-2
-16
-20
-6
-8
-8
-17
-14
-23
-9
-17
-2
-1
-16
-2
-14
-5
-10
-6
-8
-1
1
2
2
-3
-9
-3
6
-7
-3
2
5
-15
-12
-8
1
-5
1
1
-17
-12
-4
-3
-4
0
2
-2
-6
7
9
-3
0
11
10
4
7
4
14
9
9
6
9
10
-3
7
6
8
6
1
11
4
1
-3
6
7
-2
13
9
4
14
11
9
12
13
14
14
13
8
14
14
22
21
9
12
21
13
-2
6
14
-4
7
17
-3
6
-4
-9
-2
-7
6
-5
-12
-11
3
-5
-3
3
0
-1
-20
-15
-7
-2
3
-6
-4
-3
-5
1
-6
-2
-8
-6
-17
-5
6
3
-1
-2
-1
-6
-3
-8
-1
13
19
7
9
5
-2
-10
-2
11
11
12
8
12
10
0
-7
-7
1
7
14
2
-3
0
3
-1
-6
2
-1
-4
0
5
10
13
8
3
3
-4
1
6
-3
-6
8
18
6
7
-9
-7
1
-6
-5
-4
0
8
-3
-9
-5
-7
2
6
13
5
-6
-5
1
8
16
13
11
16
10
14
13
3
-1
11
8
3
1
5
-2
1
-6
-4
-11
-12
-3
-20
-20
-18
-16
-18
-12
-29
-32
-26
-16
-11
-4
-10
-12
-12
-24
-12
-15
-14
-11
1
12
-9
-8
-4
-7
-3
2
3
3
9
4
1
-2
-7
-13
-7
-6
1
-1
-4
12
2
-6
3
6
6
5
4
-12
-15
-3
-7
8
-4
1
7
2
18
8
-1
-11
-4
-6
-6
-2
-3
-9
-11
-12
2
12
14
19
0
3
2
3
5
2
-2
1
16
16
15
19
23
19
27
13
10
8
14
13
15
18
-5
8
18
3
8
8
8
4
4
10
2
-1
-4
-6
-3
2
1
-8
-16
-8
-7
9
7
10
12
5
1
-15
-6
-14
2
9
1
10
6
3
6
10
1
9
10
-3
2
-2
0
-3
-17
-3
-1
-1
-6
-5
5
5
3
-4
-7
-7
-13
-12
-6
-4
2
3
14
2
19
8
1
18
4
7
3
2
15
9
14
17
8
4
4
13
15
7
8
5
3
1
-5
7
1
-8
5
3
0
1
1
-7
4
9
3
-13
-3
1
-7
-1
-1
-4
-6
-5
0
0
1
-4
-8
-5
-14
-7
-8
-13
-7
-5
-12
-20
-12
-5
-12
6
-8
-19
-4
-13
-11
-5
-4
-14
-9
-5
0
3
1
-2
5
1
-9
8
8
4
-1
4
-6
-9
1
0
8
5
-5
6
1
-17
-10
-9
-10
-8
-13
-17
-18
-12
-9
-14
-11
-17
-13
-9
-20
-24
-11
-12
-13
-12
-18
-4
2
6
-4
-7
2
0
-10
0
7
4
0
14
11
-3
9
7
17
2
-3
3
-5
12
12
-8
-1
7
10
12
-12
-8
3
-2
-7
0
1
-4
1
-1
0
-5
-13
1
3
-2
-8
-7
-3
-3
-6
-1
-5
-4
-6
-3
-12
-8
2
-14
-12
-6
1
-2
-8
-5
2
-1
-14
-12
1
0
-5
0
-3
1
-5
7
4
0
1
1
7
-1
-1
3
9
-2
4
2
9
11
-3
8
5
-2
0
8
6
6
2
-3
4
-1
5
-4
4
8
-5
9
-1
-4
1
3
9
5
-1
-9
-2
-4
7
13
7
13
8
0
0
4
6
8
10
8
10
9
8
-3
1
11
3
7
-3
-4
0
-4
8
-4
-13
-2
-4
-6
-9
-1
-14
-19
-6
-5
3
-17
-9
0
-2
-7
-16
-5
-6
4
-9
-7
-8
-10
-6
-7
-5
-7
0
-8
-2
-6
-10
-16
-7
-5
-15
-14
-19
-11
-8
3
-9
-1
1
-16
-7
-13
-9
-5
-13
1
3
-3
0
-1
-4
-12
-2
4
7
4
-2
-2
0
-5
-4
7
1
2
7
0
3
4
7
12
0
1
-3
5
17
5
8
6
-6
6
5
2
0
1
-3
0
7
5
0
0
0
1
-6
-8
-6
-10
-11
6
3
-1
16
5
9
0
-1
2
-9
0
-1
2
11
5
8
8
4
10
0
-7
3
8
4
0
-2
-8
-1
3
7
4
2
2
5
6
1
-4
-3
14
7
7
13
9
4
3
-1
-3
4
8
9
11
0
-3
4
7
8
5
3
-11
-11
0
-1
-12
-6
2
3
14
4
4
7
-5
-2
-3
-3
-7
-1
9
-1
1
5
5
7
10
1
-1
5
5
-12
-14
-2
3
2
6
-6
3
9
-10
4
7
-2
-5
-1
8
-2
-7
-4
-1
15
9
-1
6
-4
-13
2
-2
11
3
-1
11
-7
1
-10
-1
-9
-15
0
0
7
-2
-3
-6
-9
4
1
-4
4
-12
-8
-15
-16
8
2
14
9
3
13
6
2
-7
0
9
5
15
16
4
3
4
11
14
9
22
16
11
10
1
-8
-6
2
-1
11
11
6
0
-15
-1
-5
0
3
-6
-2
-10
-9
-11
-11
-6
-5
7
10
2
1
-1
3
-1
0
2
6
5
-1
6
16
11
10
3
-3
6
7
2
3
9
0
5
-1
0
-4
-1
3
-2
1
-8
-3
-12
-3
4
3
11
5
1
-2
-3
-6
-1
4
0
-3
10
12
16
16
12
2
0
-1
2
5
7
8
7
8
9
3
-4
14
-2
-1
-1
7
7
-15
-4
-2
-3
4
12
7
-6
6
-6
-7
10
2
0
0
15
9
10
6
7
12
10
13
1
3
10
3
4
6
9
9
12
10
-4
-11
3
0
0
-7
-8
-5
-5
2
4
4
-6
-7
-10
-7
0
0
-5
-6
-3
-2
-3
4
10
-6
2
1
4
3
-9
-8
-5
5
1
1
0
-2
-5
-4
2
-7
-5
-11
-9
-11
-14
-9
-12
-9
-11
-18
-13
3
-4
-12
-1
-3
-12
-1
-3
-18
-6
-6
-1
1
5
8
-6
9
5
8
3
-8
7
2
2
3
2
-5
0
-5
5
9
13
13
8
12
-1
3
6
1
0
-10
-2
9
0
-3
3
-1
1
6
5
2
-1
2
-13
-13
-8
-7
-13
-5
-5
-2
14
6
15
8
9
4
2
-9
-6
-1
-10
11
10
0
-3
-4
3
1
-11
-5
-3
-11
-8
-13
-10
-13
-19
-14
-21
-19
-3
-6
-6
1
-3
2
-5
-7
-3
6
3
6
8
8
-1
8
19
9
2
14
16
4
8
13
12
7
7
-3
-7
-9
-10
-6
-4
-5
-9
3
7
6
6
0
-9
-2
-9
-11
7
-6
9
13
9
7
5
17
8
15
9
10
1
-1
2
0
10
3
2
-6
-2
-9
-4
-1
-5
-8
-4
-2
-11
-2
-8
-10
-6
-11
-8
-7
4
1
0
-2
0
-2
4
9
4
14
13
10
-5
1
3
9
6
-6
-2
12
18
6
-7
-6
0
-15
-5
-7
-11
-8
-13
-17
-18
-15
-28
-17
-3
-7
-11
-6
-12
-14
-14
-16
-3
-3
-2
6
2
3
10
3
10
4
1
12
-2
7
13
16
17
10
7
0
10
3
-5
2
-8
-4
7
9
5
2
0
8
-5
3
-1
-10
-8
-13
-1
1
1
4
9
-3
7
3
-4
-7
1
2
-7
0
-11
1
-2
3
4
-15
1
-4
1
1
-6
2
-6
4
-3
-6
-7
1
12
-6
3
11
-4
8
6
3
6
6
10
7
8
1
-2
5
1
4
1
-5
1
-8
2
-4
2
12
-4
-3
-5
-6
-8
5
-5
-3
10
10
-1
5
3
10
12
2
12
-1
15
3
4
5
-9
12
-3
4
4
2
7
-4
-7
-14
-10
-5
5
9
5
3
-3
0
4
-5
-9
-1
3
5
10
16
11
7
8
3
4
7
9
0
5
8
4
-5
5
11
1
11
3
16
1
-3
3
-3
1
0
5
-11
-13
4
-3
-1
5
-5
5
-4
-11
0
-10
-9
-3
-1
0
-5
-11
-10
0
1
1
-6
3
-1
-2
8
-10
-15
3
-8
-4
-9
-10
-4
-5
-4
-11
-10
-10
-2
-6
-1
5
-10
-18
-14
-13
-8
-8
-6
3
3
0
-6
9
8
-7
8
0
-9
1
-2
-2
1
-7
1
6
2
-4
-3
6
-7
-12
-2
-5
-6
-8
-6
-5
4
3
5
3
6
9
0
12
13
16
4
16
16
14
18
15
12
-2
11
6
10
18
16
7
1
3
-7
0
3
3
6
1
-5
-4
-7
-10
-4
-10
13
16
7
-3
-12
-11
-11
-6
-2
3
-3
-3
5
11
-9
-14
-3
-2
8
9
-2
0
-3
-12
-7
4
2
2
6
-4
-2
3
-8
-11
-11
-8
-3
-4
-5
-14
0
-4
-12
-13
-15
-3
-11
-1
10
5
0
-20
-6
-3
0
2
-2
8
1
3
0
-3
-6
11
14
4
9
9
3
0
-2
-1
8
8
11
11
16
12
3
2
4
5
-2
0
13
7
3
2
7
2
-9
3
-2
10
9
14
11
-7
-3
-4
1
8
3
10
20
5
-4
-1
-6
-7
-3
8
-1
0
-14
-9
-7
-22
-14
-17
-18
-8
2
-14
-1
-8
-17
-13
-16
-9
-4
0
11
7
-11
-4
-6
1
16
7
3
6
-2
-5
6
0
2
3
-7
-2
2
2
-1
-4
-1
4
2
9
3
-4
-5
-18
-4
5
1
10
13
6
5
4
-7
0
-2
0
20
3
-6
-7
-12
-9
-11
2
5
23
20
-4
-14
-22
-29
-24
0
15
21
16
13
-13
-11
-15
-15
1
17
38
33
21
8
-6
-23
-15
-1
12
17
30
37
17
-3
-15
-25
-24
-16
1
20
7
-2
-2
-10
-20
-14
-2
-1
-4
-7
-8
-17
1
20
21
17
-10
-12
-26
-30
-12
5
36
34
43
18
-26
-52
-66
-55
-11
38
74
74
47
-12
-77
-104
-93
-37
41
99
113
135
56
-26
-137
-212
-104
10
115
221
210
65
-75
-167
-181
-135
-32
83
139
140
85
11
-97
-183
-161
-94
-2
103
147
103
19
-68
-122
-114
-78
-9
66
103
88
36
-18
-79
-104
-75
-22
38
78
63
13
-17
-54
-65
-33
-8
16
35
23
-6
-38
-44
-35
-13
16
44
52
8
-17
-44
-50
-29
-3
29
50
49
-2
-24
-46
-65
-32
15
51
66
62
36
-19
-63
-74
-54
-9
30
68
80
42
-8
-45
-79
-69
-27
16
41
57
44
5
-32
-68
-60
-40
-5
49
59
47
26
-21
-46
-47
-50
-19
23
51
47
24
-8
-43
-46
-56
-36
-8
3
27
22
7
5
-34
-53
-33
-18
-6
-6
-4
10
4
-13
-9
-15
-10
-18
-17
3
11
21
14
7
-9
-27
-14
-4
13
37
29
17
14
3
3
-2
0
3
13
29
32
31
18
-8
-27
-20
-11
1
21
35
36
26
10
-7
-17
-14
0
5
27
48
29
18
-2
-3
-11
-3
23
24
35
31
15
4
-10
-9
-6
-12
5
4
-1
11
-5
-16
-28
-43
-24
-26
-31
-28
-38
-48
-52
-56
-58
-60
-69
-72
-62
-77
-69
-80
-70
-60
-78
-79
-91
-81
-95
-83
-76
-78
-61
-58
-61
-71
-77
-83
-80
-68
-53
-33
-29
-27
-38
-65
-65
-55
-47
-22
-14
-4
-4
-8
-20
-38
-55
-61
-34
-12
12
15
13
5
-13
-24
-34
-19
19
41
69
72
77
80
62
65
70
92
114
140
164
173
171
149
138
137
134
163
189
199
220
213
192
176
153
146
168
183
204
223
228
224
192
166
150
143
156
175
182
176
177
144
102
81
73
67
67
76
74
59
34
8
-24
-54
-52
-32
-29
-40
-42
-57
-76
-104
-110
-117
-118
-109
-116
-128
-146
-156
-167
-174
-183
-185
-192
-204
-219
-244
-260
-261
-266
-265
-267
-272
-299
-322
-329
-356
-353
-368
-375
-376
-375
-387
-403
-415
-439
-443
-425
-396
-368
-349
-366
-376
-366
-368
-344
-304
-250
-200
-162
-133
-99
-70
-54
-25
24
72
121
171
204
235
256
278
296
339
370
388
429
452
457
466
468
470
480
487
504
505
507
514
514
514
514
499
475
465
433
415
410
403
404
397
384
366
343
299
278
256
248
245
260
271
279
278
247
231
210
200
190
197
205
220
204
195
178
130
99
75
67
64
80
90
80
75
42
10
-12
-44
-49
-46
-20
-9
-16
-39
-79
-137
-216
-287
-348
-408
-457
-506
-557
-626
-713
-810
-908
-1004
-1083
-1130
-1163
-1190
-1200
-1202
-1210
-1206
-1193
-1166
-1145
-1107
-1057
-1001
-941
-858
-782
-696
-626
-543
-491
-443
-372
-319
-252
-177
-85
-12
61
99
150
187
239
284
322
375
427
480
514
533
546
537
526
536
535
526
517
519
509
515
535
532
519
503
483
450
439
457
487
525
561
606
621
595
545
508
490
492
545
587
610
611
574
480
412
361
360
409
469
559
615
624
539
388
252
173
235
422
621
808
914
901
799
589
354
169
74
95
229
425
592
685
672
540
312
74
-113
-212
-176
-49
132
322
433
455
342
134
-108
-349
-527
-642
-646
-598
-570
-572
-666
-863
-1138
-1454
-1735
-1903
-1963
-1923
-1838
-1730
-1660
-1656
-1711
-1808
-1870
-1910
-1838
-1675
-1448
-1187
-956
-782
-698
-685
-704
-704
-652
-569
-423
-233
-41
117
218
257
242
199
177
198
246
337
444
542
619
666
671
644
571
514
462
409
398
398
421
443
463
440
421
403
359
330
324
345
399
466
533
609
643
655
664
662
663
667
681
715
737
736
716
675
625
566
544
562
584
587
596
593
564
542
520
524
524
558
601
633
680
691
689
683
632
588
542
505
497
480
478
473
490
509
507
511
485
466
460
487
538
591
649
695
714
703
666
618
529
389
231
-20
-318
-644
-959
-1266
-1568
-1823
-2062
-2258
-2440
-2610
-2805
-3030
-3261
-3452
-3567
-3563
-3411
-3188
-2924
-2619
-2322
-2041
-1769
-1524
-1303
-1119
-923
-638
-296
124
551
928
1228
1392
1478
1479
1439
1368
1311
1278
1260
1281
1287
1237
1090
857
572
254
-41
-289
-482
-629
-728
-829
-909
-941
-983
-1015
-1025
-1021
-966
-823
-607
-342
-44
265
548
792
1025
1194
1334
1438
1521
1616
1713
1814
1878
1884
1782
1638
1455
1234
1053
887
733
628
593
562
535
515
464
419
393
366
362
367
389
480
654
883
1097
1231
1293
1310
1294
1276
1282
1289
1301
1315
1362
1447
1543
1631
1650
1591
1504
1391
1269
1167
1052
925
810
720
680
646
521
294
-129
-709
-1341
-1966
-2477
-2879
-3282
-3659
-3993
-4241
-4334
-4316
-4266
-4329
-4476
-4609
-4650
-4507
-4239
-3923
-3615
-3249
-2789
-2218
-1588
-1086
-827
-744
-688
-557
-269
117
451
683
844
1014
1248
1465
1580
1536
1412
1271
1201
1196
1193
1173
1101
1080
1112
1168
1165
1039
764
413
78
-195
-354
-437
-512
-583
-671
-720
-681
-608
-515
-398
-319
-301
-299
-325
-301
-173
82
425
831
1208
1450
1531
1375
1062
748
656
950
1597
2337
2825
2897
2614
2205
1862
1744
1883
2120
2323
2367
2252
2000
1651
1328
1167
1180
1314
1462
1435
1244
883
517
339
434
742
1081
1328
1369
1232
1050
958
1036
1304
1657
1955
2046
1911
1619
1289
1093
999
924
687
177
-610
-1559
-2550
-3530
-4283
-4697
-4751
-4557
-4434
-4672
-5318
-6125
-6747
-6945
-6681
-6196
-5696
-5276
-4868
-4341
-3703
-3055
-2522
-2119
-1749
-1303
-809
-280
167
514
916
1438
2064
2622
2908
2921
2771
2632
2616
2722
2826
2814
2698
2499
2282
2044
1768
1441
1051
598
59
-521
-1148
-1737
-2227
-2612
-2891
-3117
-3234
-3179
-2984
-2668
-2343
-2033
-1672
-1177
-543
90
625
981
1303
1742
2328
2972
3457
3662
3630
3502
3431
3427
3382
3235
2997
2756
2544
2317
2044
1760
1553
1483
1458
1376
1182
883
649
622
786
1015
1155
1182
1175
1276
1514
1835
2092
2179
2166
2115
2184
2363
2612
2851
2994
3065
3084
3109
3121
3103
2931
2509
1768
697
-515
-1661
-2584
-3296
-4014
-4862
-5751
-6511
-7031
-7309
-7567
-8069
-8722
-9200
-9264
-8878
-8215
-7496
-6825
-6125
-5269
-4234
-3217
-2419
-1813
-1313
-747
12
933
1871
2708
3355
3820
4123
4257
4255
4127
3962
3804
3716
3657
3522
3286
2958
2538
2072
1576
1012
422
-138
-590
-988
-1391
-1889
-2442
-2943
-3374
-3697
-3951
-4164
-4166
-3911
-3451
-2822
-2197
-1670
-1114
-449
245
937
1557
2044
2535
3070
3622
4125
4461
4591
4555
4404
4168
3881
3570
3254
2913
2636
2401
2166
1905
1594
1267
937
713
624
638
673
717
836
1018
1234
1498
1716
1891
2101
2328
2549
2802
3042
3226
3454
3661
3817
3893
3944
3922
3841
3774
3648
3426
3012
2355
1367
84
-1307
-2581
-3690
-4786
-5817
-6642
-7296
-7824
-8171
-8528
-9178
-9931
-10383
-10441
-10150
-9538
-8697
-7835
-6944
-5858
-4614
-3508
-2657
-1928
-1350
-763
94
1229
2327
3210
3895
4451
4878
5148
5256
5042
4517
4007
3807
3805
3757
3513
3011
2327
1670
1171
701
95
-606
-1240
-1699
-1948
-2097
-2372
-2921
-3661
-4344
-4788
-4936
-4830
-4564
-4191
-3710
-2973
-1975
-1037
-330
212
679
1187
1937
2887
3727
4309
4752
5142
5373
5382
5107
4523
3797
3170
2817
2629
2394
2187
2011
1777
1523
1261
903
477
144
63
267
663
1193
1662
1994
2174
2300
2431
2524
2641
2844
3173
3608
4153
4651
5001
5172
5181
5095
4907
4583
4229
3857
3397
2740
1778
420
-1229
-2845
-4266
-5561
-6848
-7866
-8558
-9079
-9363
-9504
-9925
-10637
-11172
-11285
-11105
-10613
-9661
-8466
-7280
-5914
-4263
-2818
-1864
-1139
-453
101
761
1912
3216
4217
5055
5853
6328
6341
6115
5710
5026
4292
3913
3763
3463
3022
2528
1903
1107
250
-614
-1592
-2465
-2957
-3171
-3284
-3412
-3645
-3990
-4356
-4655
-4930
-5056
-4849
-4354
-3544
-2377
-1059
65
952
1678
2117
2293
2579
3140
3720
4274
4872
5360
5432
5150
4758
4166
3325
2599
2145
1767
1447
1382
1450
1304
1008
695
319
-81
-282
-160
122
526
1164
1924
2613
3091
3424
3565
3611
3807
4104
4395
4771
5259
5727
6104
6394
6455
6165
5754
5369
4832
3920
2720
1120
-1050
-3351
-5211
-6528
-7695
-8623
-9040
-9507
-10218
-10617
-10663
-11023
-11570
-11607
-11192
-10716
-9874
-8254
-6535
-5220
-3748
-2013
-771
-134
690
1754
2446
3149
4390
5538
6069
6394
6731
6486
5610
4843
4242
3399
2526
2040
1641
952
213
-523
-1584
-2809
-3716
-4258
-4582
-4547
-4260
-4041
-3862
-3636
-3507
-3499
-3338
-3012
-2690
-2198
-1292
-230
697
1657
2561
3016
3166
3488
3861
3972
4091
4345
4408
4211
4015
3685
2863
1811
938
217
-508
-1032
-1295
-1522
-1616
-1374
-1062
-894
-698
-376
6
523
1347
2291
3122
3979
4912
5623
6093
6539
6854
6929
6964
7127
7260
7293
7358
7345
7199
6975
6688
6174
5469
4640
3479
1850
-365
-3403
-7187
-10842
-13385
-14730
-15231
-14823
-13932
-13483
-13228
-12329
-11266
-10758
-10079
-8497
-6521
-4291
-1186
2233
4494
5513
6326
6875
6594
6186
6296
6082
5273
4995
5285
4823
3452
1884
-106
-2559
-4494
-5365
-5875
-6496
-6686
-6314
-5967
-5785
-5449
-5278
-5424
-5017
-3554
-1635
433
2571
4124
4784
4992
4917
4322
3541
3124
3127
3441
4062
4539
4067
2473
653
-844
-2076
-2599
-2241
-1767
-1523
-857
37
299
-80
-652
-1324
-1761
-1377
-216
883
1282
1244
1169
1016
832
929
1112
1119
1468
2500
3707
4710
5400
5573
5425
5473
5840
6353
6848
7202
7451
7768
8067
8130
7650
6517
5424
4955
4781
4602
4337
3480
1845
1
-2031
-5223
-9863
-14931
-18881
-20584
-19906
-17517
-14555
-12622
-11907
-10769
-8620
-6458
-4353
-1648
1303
4269
7815
11497
13396
12690
10502
8243
6195
4387
3130
1752
-629
-3269
-4920
-6172
-8036
-10117
-11777
-12699
-12202
-9939
-6825
-4263
-2641
-1257
478
2374
4036
5266
5923
6247
7121
8610
9543
9101
7259
4461
1646
-436
-1967
-3370
-4668
-5688
-6116
-5797
-5285
-5190
-5300
-4946
-3590
-966
2337
5075
6701
7384
7436
7281
7007
6122
4482
2609
911
-485
-1597
-2886
-4671
-6515
-7784
-7890
-6741
-4952
-2997
-820
1436
3693
6199
8481
9851
10545
11243
12049
12709
13060
12911
12033
10559
9080
7893
6495
4702
3352
2660
2012
1356
786
-348
-2329
-4717
-7559
-11439
-16180
-20341
-22089
-20713
-17340
-13060
-8779
-6167
-5136
-3484
-756
1726
3907
6471
8918
10586
11799
12185
10592
6823
2241
-1453
-4067
-6203
-7872
-9311
-11105
-12650
-12914
-12172
-11142
-9919
-8154
-5413
-1740
2199
5618
7953
8989
9271
9458
9460
8763
7066
4680
2620
1531
640
-653
-2280
-4672
-7361
-8643
-8405
-7913
-7209
-5750
-3739
-1099
2216
5093
6512
6500
5971
5929
6363
6709
6735
6023
4337
2605
1349
-236
-2358
-4392
-6202
-7372
-7128
-5977
-4963
-4200
-3649
-3043
-1711
249
2264
4031
5396
6593
7973
9126
9621
9696
9258
8512
8415
8922
9149
8926
8419
7501
6375
5326
4174
3176
2507
1788
1231
978
431
-376
-1462
-3664
-7572
-13048
-18770
-22146
-21469
-17896
-12830
-7183
-3237
-1567
144
2503
3993
4590
5510
6921
8320
9525
10047
8740
4702
-937
-5620
-8769
-11305
-12949
-13344
-13278
-12878
-11294
-8772
-6552
-5147
-3768
-1295
2256
6104
9687
12096
12417
11307
9967
8170
5297
1518
-2479
-5439
-6341
-5705
-4709
-4107
-4709
-6029
-6220
-5030
-3596
-2053
-73
2032
4381
7232
9559
9879
7932
5014
2434
519
-479
-491
-503
-1259
-1972
-1955
-1874
-2263
-2728
-3016
-3190
-2751
-1422
76
705
231
-603
-1141
-1157
-508
707
1988
3136
4464
6086
7624
8703
9093
8987
9086
9613
10306
10713
10481
9437
7655
5580
3723
2358
1339
653
447
455
563
847
526
-1479
-5805
-12708
-20457
-25223
-24804
-20317
-13472
-5706
249
3146
5142
7349
8116
7018
5993
6209
7077
8005
8625
7509
3105
-3625
-9821
-14199
-17246
-18959
-18744
-16934
-14317
-10687
-5996
-1576
1094
2392
3949
6365
9154
11968
13943
13853
12046
9518
6228
1921
-3329
-8972
-13148
-14000
-11984
-8616
-4951
-2449
-1746
-1209
279
1839
3201
4954
6779
8347
9924
11090
10578
7558
2612
-2399
-6398
-9084
-9589
-8024
-6078
-4083
-1172
1817
3479
4000
3816
2814
1820
1666
1924
1781
719
-1202
-3217
-4748
-5574
-5208
-3611
-1284
1733
5449
9112
12034
13901
14303
13523
12379
11249
10258
9331
8158
6512
4313
1773
-477
-1862
-2561
-2672
-1834
-366
1232
2651
3006
1046
-4123
-12244
-20264
-24063
-22704
-17881
-10418
-2134
3226
5679
8164
10000
8822
5901
3712
2598
2409
3432
4676
3966
106
-5698
-11025
-14938
-17990
-19719
-18983
-16166
-11984
-6230
408
5552
7801
8164
8072
8069
8418
9035
9111
8181
6632
4687
1944
-2158
-7663
-13236
-16456
-15957
-12460
-7178
-1599
2443
4732
6464
7473
6937
5646
4630
4039
4422
6210
8038
7922
5525
1602
-3039
-6972
-8820
-8618
-7171
-4749
-1624
1720
4680
6208
5520
3110
243
-2175
-3222
-2765
-2126
-2115
-2243
-2212
-2181
-1875
-1092
30
1664
4069
7063
10223
12752
13811
13369
11792
9372
6773
4757
3362
2319
1666
1469
1572
1566
1364
1394
1624
2027
3139
4992
6670
7654
7410
4500
-2168
-11998
-22098
-28442
-28981
-24778
-17012
-7206
1049
6457
11370
15298
15115
11523
7807
4919
2763
2217
2841
2277
-1154
-6671
-12107
-16546
-20493
-23289
-23379
-20656
-15529
-7749
1767
10268
15493
17265
16630
14664
12080
9297
6301
3278
857
-1110
-3423
-6577
-10864
-15815
-19194
-18710
-14882
-9194
-2316
4272
9240
13003
15523
15375
12873
9627
6107
2985
1591
1334
131
-2354
-5129
-7976
-10525
-11339
-9749
-6858
-3317
1468
6996
11375
13261
12471
9126
3789
-1751
-5847
-8288
-9452
-9513
-8462
-6375
-3658
-989
1481
3968
6326
8428
10607
12869
14363
14557
13650
11875
9077
5506
2017
-855
-2939
-3925
-3600
-2304
-338
2217
4856
6878
8223
9298
10102
10269
9449
6658
211
-10170
-21157
-28255
-30181
-27972
-21718
-12418
-3860
2791
9875
16333
18176
15504
11657
7871
4255
1736
590
-661
-3635
-8132
-12208
-14939
-17774
-20924
-22154
-20413
-16279
-9412
248
10035
16821
20007
20603
18971
15261
10286
4799
-542
-4706
-6993
-8193
-9607
-12016
-15085
-17014
-15992
-12222
-6887
-629
5373
10329
14733
18006
18189
15312
10942
5772
964
-1969
-3522
-5344
-7664
-9762
-11082
-11094
-9660
-6603
-2341
1743
5710
10334
14107
15005
13308
9479
3377
-3154
-7928
-11088
-13095
-13481
-12191
-9301
-4839
87
4323
7797
10377
11991
13092
13798
13647
12384
10423
8232
5869
3068
323
-1541
-2611
-2887
-1949
96
2820
5690
7746
8863
9808
10509
10690
10417
8155
1414
-9660
-21361
-29509
-32337
-30474
-24604
-15226
-5244
3155
11399
18868
21262
18093
13271
8695
4402
1104
-1049
-2948
-5280
-8406
-11543
-13413
-15179
-18306
-20567
-19525
-15575
-9166
-295
9044
16046
19876
21081
19870
16146
10263
3102
-3788
-8503
-10420
-10828
-11233
-12296
-13955
-14821
-13009
-8925
-4263
731
5739
10043
14078
17393
17303
13179
7472
1717
-3084
-5415
-5654
-5661
-5840
-5651
-5055
-4281
-3581
-3018
-2144
-690
1723
5601
9834
12161
11943
9804
5676
113
-5185
-9388
-12646
-14452
-13649
-9987
-4743
562
5099
8303
9774
10096
10157
9870
8925
7760
7043
7001
7169
6582
5185
3627
2082
820
502
1220
2593
4376
6263
8077
9762
10579
10127
8959
5876
-1804
-13461
-24426
-31003
-32556
-29449
-21836
-11378
-1681
6231
14322
21088
22153
17902
12573
7653
2816
-958
-3255
-5182
-7609
-10342
-12397
-13387
-14708
-17043
-18332
-16641
-12156
-5474
2843
11238
17458
20220
20279
18353
13954
7266
-102
-6505
-10793
-12189
-11667
-11280
-11829
-12610
-12285
-9659
-5199
-462
4012
8110
11598
14726
16684
15225
9984
3016
-3695
-8749
-11011
-10748
-9193
-7001
-4167
-940
1837
3610
4367
4302
3855
4089
5644
7451
7966
6873
4542
954
-3630
-7901
-11041
-13553
-15008
-13515
-8836
-2928
2919
8226
11886
13290
13189
12174
10310
7791
5351
3911
3797
4357
5019
5759
6150
5935
5480
5059
4789
4720
4789
5461
7053
8694
9209
7584
2082
-7989
-19892
-29010
-32562
-30962
-25285
-15811
-4492
5543
14248
22035
25276
21518
14549
8256
2615
-2280
-5359
-7169
-8900
-10632
-11811
-12191
-12875
-15068
-17154
-16437
-12692
-6578
1766
10639
17469
21255
22019
19838
15003
8028
-201
-7974
-13300
-15037
-14059
-12317
-10920
-10038
-9296
-7602
-4193
-371
2842
6120
9735
13220
16084
16565
12986
6609
-328
-6721
-11525
-14056
-14908
-14068
-10665
-5381
86
4932
8197
9251
9144
9039
8826
8168
6937
4868
2262
-441
-3451
-6692
-9654
-12196
-13950
-13851
-11204
-6654
-1379
3993
9176
13171
14997
14934
13610
11077
7889
5221
3691
3085
3084
3503
4227
5122
5812
6180
6198
5707
5165
5547
6625
7211
6016
863
-9070
-20204
-27858
-30503
-28512
-22259
-12919
-2761
6793
15913
23280
25227
20816
13666
6930
1051
-3599
-6477
-8363
-9951
-11030
-11497
-11670
-12549
-14894
-17098
-16452
-12439
-5920
2491
11251
18134
21967
22670
20300
14811
6701
-2442
-10239
-14952
-16201
-14922
-12975
-11498
-10129
-8150
-5179
-1482
1738
4231
6947
10096
13310
15861
15854
12270
6766
1047
-4590
-9517
-13182
-15651
-15996
-13402
-8400
-2367
3040
6871
9402
11071
11723
11492
10259
7447
3657
317
-2309
-4828
-7159
-9172
-10981
-11950
-11180
-8700
-5311
-1483
2715
6823
10097
12155
12750
11700
9632
7451
5666
4751
4675
4867
5325
6375
7567
8342
8459
7761
6732
6092
5901
5760
4106
-1553
-11370
-21582
-28268
-30178
-27443
-20702
-11203
-1039
8526
17695
24874
26155
21074
13716
6731
341
-4650
-7687
-9684
-11218
-11868
-11551
-11122
-11870
-14124
-15998
-15222
-11265
-4684
3369
11279
17607
21297
21858
19512
14254
6093
-3204
-10954
-15562
-16843
-15770
-13878
-12052
-10107
-7634
-4512
-1214
1512
3830
6372
9376
12695
15104
14466
10752
6139
1673
-2748
-6563
-9326
-11602
-13256
-13168
-10972
-7657
-4028
-147
4246
8994
12838
15111
15939
14533
10406
5238
428
-4693
-9754
-12915
-14089
-13991
-12045
-8302
-4313
-644
3124
6618
9398
11152
11586
10848
9372
7800
6775
6218
5460
4533
4278
4973
6178
7555
8612
8953
8725
8235
7099
3477
-4606
-15839
-25806
-31118
-30840
-25379
-15933
-4706
5700
14399
21856
26078
23815
16510
8874
2558
-2820
-6213
-7346
-8046
-9274
-10168
-10328
-10753
-12698
-15552
-16660
-14521
-9489
-1922
7065
14950
20064
22178
21146
16867
9770
651
-8615
-15298
-17892
-16982
-14293
-11299
-8716
-6309
-3719
-955
1513
3052
4051
5602
8233
11008
12098
10292
6345
1942
-2143
-5535
-7919
-9555
-10483
-9748
-6956
-3303
24
2695
4644
6222
7899
9319
9672
8605
6267
3156
-24
-3016
-5944
-8514
-10058
-10351
-9181
-6370
-2677
832
3800
6425
8542
9588
9441
8396
6560
4389
3042
2954
3317
3493
3627
4149
5301
6668
7951
9230
10097
10395
10732
10239
5954
-3184
-14672
-25273
-31711
-31960
-27160
-18948
-8066
3139
12813
21203
26264
24730
18067
10622
3963
-1712
-5553
-7542
-8556
-9128
-9383
-9270
-9450
-11366
-14440
-15940
-14280
-9658
-2542
6107
14333
20164
22824
22449
18617
11251
1932
-7276
-14445
-17850
-17755
-16225
-14061
-11286
-8402
-5191
-1386
1613
3110
4596
6663
8977
11393
12416
10510
6872
3150
-485
-3764
-6637
-9537
-11891
-12564
-11491
-8934
-5223
-1231
2665
6774
10774
13656
14826
14082
11414
7211
2390
-2193
-6445
-10117
-12371
-12990
-12278
-9982
-6229
-2159
1657
5484
9009
11511
12625
12426
11313
9711
7895
6143
4549
2851
1543
1597
2748
4345
6207
7906
8950
9045
7011
1049
-8769
-19582
-27582
-30336
-27485
-20240
-10169
737
10432
18580
24338
24701
19110
11103
3675
-2255
-6181
-8110
-8768
-8869
-8695
-8306
-8009
-9004
-11898
-14581
-14350
-10695
-4282
3913
12242
18971
22857
23560
21177
15200
5970
-4202
-12742
-17886
-18945
-17323
-14984
-12364
-9297
-5893
-2124
1520
3743
4735
5754
7343
9512
11324
10782
7948
4680
1257
-2343
-5549
-8603
-11470
-12795
-11930
-9221
-5392
-1781
1308
4702
8080
10450
11853
12078
10369
7353
4166
830
-2909
-6610
-9435
-10896
-11025
-9786
-7018
-3367
162
3625
7125
9881
11247
11173
10052
8495
6902
5500
4663
4099
3437
3364
4276
5391
6253
6852
7102
7122
6729
4252
-2003
-11284
-20997
-27884
-29126
-25208
-18523
-9349
859
9574
17314
23444
23863
18197
10757
4073
-1658
-5809
-8089
-9345
-10087
-10258
-9597
-8669
-9575
-12637
-14847
-14171
-10514
-3919
4479
12696
19257
23292
24568
22687
16632
7245
-2833
-11371
-16500
-17642
-16596
-15172
-13217
-10412
-7225
-3572
-336
1067
1804
3504
6071
9294
12229
12468
10081
7433
4947
1971
-1350
-4972
-8764
-11503
-11969
-10208
-7610
-5228
-2536
641
3880
7121
9698
10413
9390
7812
5935
3430
588
-2294
-5246
-7564
-8366
-7766
-6172
-3984
-1622
1060
4113
6939
8836
9425
8983
8245
7740
7554
7394
6990
6390
5959
6301
7134
7328
6749
6024
4877
2119
-3454
-11636
-20866
-28386
-30246
-26214
-19223
-9456
1857
10876
18150
24553
25565
19862
12043
4528
-2638
-7759
-10078
-11120
-11610
-11519
-11046
-10346
-10771
-13222
-15320
-14785
-11393
-5104
3359
12218
19642
24185
25682
24102
18507
9590
-294
-9152
-15122
-17195
-16799
-15693
-13825
-11406
-8985
-5685
-2040
182
2273
5149
7508
10194
12842
12410
9808
7618
4830
1225
-1468
-3994
-7184
-9173
-9107
-8236
-7021
-5224
-3221
-979
1886
5133
7879
9285
9399
8425
6523
4078
922
-2725
-5800
-7817
-8713
-8066
-5783
-2858
-233
2519
5509
7594
8512
8867
8669
8137
7578
7186
7114
6695
5872
5559
5812
5833
5497
5281
4843
3906
2379
-1431
-8499
-16905
-24502
-28174
-25678
-19864
-11789
-1212
7859
14543
20988
23736
19882
13131
6404
-13
-4779
-7212
-8576
-9633
-10408
-11074
-11198
-11557
-13880
-16305
-16085
-13140
-7428
544
8868
15997
20448
22133
21786
18054
11033
3391
-3814
-9561
-12036
-12529
-13270
-13642
-13143
-12382
-9877
-5654
-2422
392
3969
6712
9254
12174
12356
9790
7240
4513
1670
2
-1380
-3421
-5237
-6167
-6093
-5442
-4879
-4099
-2533
-187
2789
6077
8611
9356
8301
6365
4153
1205
-2110
-4653
-6222
-6908
-6148
-3900
-1433
399
2096
3961
5459
6491
7224
7544
7709
7977
8544
9350
9534
8691
7332
5957
4741
3778
3247
2822
2203
1213
-1280
-6202
-12745
-19936
-25279
-25335
-21480
-15294
-6008
3197
9872
15899
20111
19456
15152
9744
4106
-892
-4297
-6200
-7502
-8906
-10387
-11316
-12022
-13835
-15812
-15943
-14192
-10245
-3852
3407
10249
15532
18410
19304
17754
13438
7867
1984
-3501
-7088
-9009
-10518
-11585
-12259
-12814
-12015
-9584
-7038
-4044
24
3578
6756
10547
12362
11102
9141
6878
3906
1573
281
-1058
-2640
-3724
-3892
-3916
-4397
-4602
-4089
-3091
-1206
1689
4557
6568
7449
7259
6225
4223
1488
-1091
-3048
-4381
-4599
-3583
-2005
-397
1178
2652
3893
4923
5652
6180
6750
7415
8282
9418
9957
9475
8592
7263
5629
4388
3370
2228
1287
486
-1346
-5137
-10523
-16878
-22132
-23234
-20835
-16218
-8750
-852
5298
11043
15384
15820
13267
9399
5061
1426
-917
-2281
-3394
-4829
-6660
-8410
-10122
-12461
-14891
-16024
-15396
-12478
-7111
-661
5586
10402
13281
14811
14508
12007
8535
4708
1096
-1078
-2012
-3195
-5349
-8256
-11312
-13117
-12740
-11011
-8299
-4350
-393
3375
7291
9527
9179
7549
5567
3874
3148
3261
3544
3152
1995
884
-286
-2239
-4354
-5679
-6036
-5120
-2457
1051
3923
5719
6347
5915
4748
3003
1085
-544
-1586
-1616
-670
616
1647
1996
1957
2039
2254
2802
3785
5018
6597
8750
11040
12428
12392
11293
9257
6535
4231
2331
86
-2183
-4671
-8214
-12371
-16601
-20167
-21295
-19743
-16058
-10038
-3115
3065
8715
12991
14354
13456
11437
8252
4716
1950
-661
-3441
-5865
-8096
-10188
-11988
-13713
-14932
-15060
-14228
-11900
-8023
-3689
1153
6056
9483
11906
13486
12746
10562
8390
5372
1989
-402
-2881
-5868
-8210
-10064
-11186
-10642
-9204
-7196
-4270
-1273
1492
4094
5607
5886
5791
5464
5151
5244
5207
4733
4073
2960
1349
-346
-2156
-3725
-4279
-3705
-2218
-184
1805
3366
4461
4819
4416
3599
2247
679
-314
-669
-743
-368
387
962
1474
2254
3010
3490
4014
4910
6109
7524
9167
10503
10889
10143
8273
5523
2717
189
-2050
-3213
-3734
-4392
-4906
-5922
-7774
-9389
-10966
-12122
-10992
-8752
-6218
-2039
2141
4452
6063
6896
5681
3615
1875
-125
-2135
-3444
-4284
-4927
-5559
-6474
-7370
-8123
-8875
-8677
-7307
-5602
-3194
-320
2068
4089
5271
5175
4603
3565
1970
845
27
-960
-1403
-1888
-2949
-3779
-4557
-5551
-5487
-4191
-2818
-746
2035
3630
4307
4808
4037
2479
1413
513
17
295
800
1563
2080
1774
1220
424
-387
-392
131
1025
2438
3538
3991
4262
4031
3084
2064
1258
563
191
261
449
833
1169
1104
1246
1431
1395
1944
2873
3585
4518
5585
6290
6950
7702
8095
8028
7720
7127
6093
4758
3077
1209
-731
-3074
-5197
-6889
-8886
-10414
-10985
-11367
-10996
-9578
-7907
-5753
-3028
-617
1244
2890
3987
4091
3657
3088
1834
32
-1440
-2722
-4050
-5183
-5818
-6264
-6855
-7005
-6604
-6080
-5211
-3850
-2505
-1376
-375
584
1186
1294
1396
1206
713
521
230
-245
-545
-908
-1166
-1167
-1118
-899
-591
-267
141
453
644
638
461
456
373
308
637
851
1012
1496
1783
1755
1787
1845
1831
1977
2436
3029
3550
3892
4015
3958
3705
3297
2872
2394
1943
1640
1392
1244
1023
398
-182
-220
-1
396
1145
1903
2404
3137
4279
5191
5603
5833
5729
5340
5278
5294
4880
4121
3331
2684
2025
1106
-110
-1801
-3830
-5418
-6412
-7189
-7897
-8490
-8766
-8425
-7539
-6441
-5249
-4325
-3475
-2222
-959
105
826
853
660
709
586
298
-51
-943
-2057
-2602
-2931
-3526
-4161
-4863
-5658
-5868
-5251
-4478
-3727
-3162
-2661
-1548
-338
345
910
1137
713
680
1249
1444
1301
1256
1113
1106
1477
1537
1210
934
557
343
489
457
255
216
260
605
1184
1517
1628
1637
1680
2076
2609
2918
3153
3286
3297
3487
3842
3993
3910
3663
3365
3163
2707
1890
1083
233
-396
-411
-286
-210
38
350
847
1602
2268
2806
3273
3749
4388
5017
5479
5494
5002
4439
3706
2678
1623
501
-737
-1861
-2739
-3228
-3568
-4067
-4332
-4605
-5019
-5028
-4872
-4878
-4656
-4197
-3837
-3368
-2720
-2379
-2446
-2483
-2446
-2319
-2157
-2102
-1987
-1928
-1997
-1826
-1693
-2039
-2377
-2475
-2423
-2267
-2128
-2034
-2147
-2422
-2413
-2270
-2365
-2501
-2499
-2370
-2091
-1684
-1103
-503
-27
549
1203
1715
2086
2328
2367
2326
2260
2025
1762
1666
1555
1432
1471
1460
1268
1233
1412
1524
1807
2219
2387
2471
2630
2672
2682
2760
2826
2993
3220
3302
3330
3231
2766
2287
2061
1724
1321
1145
909
695
729
818
791
594
383
275
246
415
686
875
1233
1749
2182
2570
2805
2692
2437
2282
2110
1652
1072
581
-135
-768
-1149
-1887
-2907
-3810
-4483
-4801
-4724
-4250
-3620
-3262
-2906
-2568
-2646
-2899
-3192
-3343
-3164
-2873
-2358
-1869
-1834
-1939
-2033
-2174
-2261
-2240
-2011
-1692
-1316
-666
-281
-314
-395
-722
-1137
-1439
-1771
-2045
-2282
-2436
-2282
-2080
-1938
-1705
-1448
-1004
-316
462
1181
1775
2241
2373
2386
2349
1988
1527
1258
1143
1169
1298
1439
1649
1644
1489
1440
1230
1011
1116
1506
2076
2704
3210
3337
3141
2778
2120
1278
658
291
205
621
1250
1711
1880
1847
1669
1397
1235
1199
1175
1184
1238
1254
1124
746
180
-370
-749
-842
-527
5
467
798
1099
1320
1348
1373
1269
1043
881
793
815
737
479
144
-292
-795
-1230
-1697
-2118
-2351
-2517
-2509
-2281
-2110
-2045
-2033
-2080
-2211
-2288
-2179
-2072
-1901
-1511
-1078
-808
-644
-699
-1022
-1233
-1203
-1061
-890
-771
-904
-1323
-1732
-2220
-2809
-3164
-3178
-2909
-2371
-1660
-1063
-691
-404
-152
-85
-68
58
165
348
674
903
994
1035
1023
1014
981
800
574
444
432
642
974
1312
1635
1843
1924
1842
1540
1049
603
338
252
508
918
1299
1658
1821
1865
1947
1961
1932
1960
1975
1957
1871
1702
1314
543
-133
-453
-729
-861
-871
-927
-946
-784
-357
-38
113
449
842
1180
1557
1837
1841
1780
1839
1794
1471
1089
628
71
-233
-484
-818
-962
-1002
-1056
-1198
-1427
-1551
-1637
-1646
-1393
-1072
-924
-794
-563
-383
-453
-520
-470
-478
-271
25
190
332
161
-169
-448
-992
-1498
-1837
-2162
-2266
-2032
-1658
-1314
-1053
-849
-790
-766
-703
-683
-613
-462
-275
34
294
454
528
212
6
-93
-325
-284
-223
-372
-372
-337
-277
-59
-41
-178
-325
-430
-323
-263
-29
355
693
1191
1479
1568
1491
1197
1120
1236
1175
1262
1235
1097
1123
678
144
-255
-790
-1030
-989
-951
-937
-778
-487
-366
-163
-47
-229
0
321
343
841
1133
977
1351
1344
1161
1487
1341
1201
1090
686
425
208
119
-37
-130
-230
-371
-316
-361
-691
-642
-511
-548
23
119
-107
37
-273
-336
9
7
274
610
540
475
229
-74
-335
-521
-348
-197
-88
301
339
367
302
-244
-401
-888
-1206
-1027
-1100
-1042
-816
-683
-390
-41
56
475
520
455
692
574
556
266
246
370
-38
-15
-375
-943
-1050
-1342
-1365
-1179
-1192
-767
-254
-76
444
816
822
1079
1140
1202
1560
1660
1828
1551
1068
536
-121
-274
-714
-1143
-1306
-1346
-1107
-937
-890
-841
-1002
-909
-558
-544
-213
-139
-69
428
362
481
480
146
196
285
404
459
458
372
277
165
28
-130
-238
-317
-458
-183
-354
-464
-223
-607
-727
-637
-827
-557
-201
-53
355
500
752
879
872
842
404
190
82
-123
-40
37
27
274
360
421
402
33
-82
-150
-322
-343
-199
-182
-10
178
54
144
127
370
308
452
373
156
535
360
389
344
65
21
33
-431
-769
-969
-1200
-832
-523
-238
88
274
412
534
674
645
621
1012
1207
1244
1624
1459
1409
1164
468
-39
-702
-1124
-1195
-1084
-881
-570
-566
-323
-494
-695
-562
-834
-412
-304
-175
338
212
400
527
328
429
405
127
274
184
72
26
-257
-373
-832
-862
-840
-1039
-725
-413
-475
-137
-288
-565
-567
-676
-426
-338
-151
230
488
570
718
402
157
109
-214
146
-59
-41
318
89
536
260
135
-56
-349
-449
-493
-350
-209
309
177
429
190
-21
-116
-172
-123
89
346
816
1203
859
917
346
20
-266
-498
-535
-701
-456
-301
-357
-223
-242
-287
-34
109
360
604
524
764
502
423
586
665
620
600
567
177
200
-330
-405
-824
-889
-656
-557
-339
-402
-151
-159
-23
-69
11
-161
102
195
265
310
186
368
62
288
355
127
414
473
316
313
-65
-55
-394
-470
-405
-543
-212
-240
-85
-182
-331
-379
-528
-449
-647
-257
-295
203
359
22
371
-452
-139
-276
-329
215
340
715
1053
1050
874
698
175
64
-399
-568
-415
-541
-208
9
-48
-74
-179
-414
-249
-258
-12
313
538
865
895
837
594
194
-108
-110
-604
-309
-592
-743
-39
-664
-104
-440
-460
-65
-22
343
372
482
336
776
396
411
245
-58
194
-104
41
-380
-376
-411
-546
-489
-763
-529
-650
-83
-216
-217
-134
-468
-268
-426
-328
-259
-67
217
242
315
272
155
344
229
344
153
198
370
347
424
-21
257
-191
-164
-71
-752
-317
-573
-336
-100
-395
-361
-454
-362
-180
135
-218
256
178
306
640
-65
401
-90
461
544
393
775
-18
215
-58
-314
-228
-340
-153
155
360
173
277
252
87
300
-117
145
66
72
660
227
711
280
447
414
-64
-58
-388
-476
-548
-156
-571
-105
7
-94
266
-167
95
14
128
473
136
663
469
602
833
131
305
-139
-112
-129
-303
-360
-697
-362
-435
-299
-197
-666
-296
-481
-419
-399
-508
-608
-468
-271
-291
232
-122
252
268
306
459
31
313
57
-29
91
-97
152
-82
-68
76
-270
-103
-106
9
-187
31
-308
-262
-67
-236
237
-83
-5
180
-181
97
-181
-308
58
-73
314
186
410
281
340
323
174
-1
-240
-51
-452
-103
-298
-84
170
122
165
-256
-119
-359
140
-28
43
365
10
568
234
109
79
-102
3
76
-19
-25
-255
-60
-54
-223
198
-45
232
391
220
285
254
301
148
340
217
333
402
339
151
-143
-116
-283
-2
-163
-34
6
-30
209
168
115
-89
39
-370
-309
-308
-662
-383
-397
-108
-14
154
396
187
442
71
11
35
-146
40
-117
-135
-226
-177
-336
-281
-364
-507
-178
-362
-24
36
-116
194
58
335
159
236
29
-31
72
-47
135
-170
162
-9
-36
353
-161
307
-26
110
143
-28
330
47
197
29
144
-211
158
124
-4
146
-222
70
-188
-104
-175
-169
-64
11
326
173
311
128
130
-110
33
-245
-181
49
140
207
387
227
211
249
-21
165
-136
90
-100
337
18
134
141
-55
-81
-228
-235
-409
-158
-216
7
4
46
15
-85
56
-202
75
-137
-127
120
-164
124
-101
241
-266
233
14
-182
150
-308
-146
-333
-228
-214
-151
-134
59
-287
-169
-330
-431
-206
-550
71
34
122
616
-75
112
63
-223
178
-11
-101
105
102
-103
252
-336
-153
-60
-194
271
-159
163
44
130
230
186
22
196
56
39
274
-260
482
-14
-8
360
-303
147
-145
-91
-98
180
15
522
197
272
281
-148
183
-308
-28
27
40
266
389
-55
431
69
-103
316
-204
112
543
330
540
411
-219
104
-446
-492
-315
-603
48
-106
116
215
-364
59
-231
-371
187
-192
43
583
-117
273
293
-556
287
-374
-455
-40
-276
-1
15
36
-153
-182
68
-268
-222
-52
-277
-82
336
-183
42
123
-595
114
-225
-194
94
78
41
361
-4
187
-44
-181
-31
-400
56
-233
35
86
71
125
153
-118
-279
64
-409
179
231
-241
506
-42
60
119
-181
-192
-1
3
-45
376
-105
280
185
-6
38
-133
169
5
262
238
-144
343
-108
-69
-65
-437
0
32
158
164
340
82
502
391
234
462
83
378
29
42
-192
-196
-1
-47
-36
-157
-205
-353
-269
-390
-607
-179
-190
102
466
-12
243
174
18
251
3
11
120
83
244
202
-48
-151
-102
-425
-305
-273
-382
-213
-155
-115
-157
119
-178
-5
-26
-51
34
33
74
-196
29
-201
-38
131
-207
-117
-60
-301
-124
-12
-186
81
128
-17
144
18
-43
28
25
128
127
214
190
5
146
-214
-269
-10
-323
98
127
98
332
208
103
297
-27
169
208
74
379
133
269
34
-118
-32
-270
-113
36
-52
74
280
121
315
429
219
462
431
431
319
172
-48
-277
-171
-398
-214
-157
-116
-62
-120
-274
-466
-295
-524
-209
38
-47
402
240
188
167
-128
-162
-89
-66
-79
177
63
178
42
-74
-125
-286
-56
-234
-81
44
-164
-86
-137
-345
-286
-142
-182
7
-87
-178
-110
-235
-158
-299
-226
-160
-345
39
-228
-207
12
-186
72
37
-69
5
11
-123
110
-53
-8
136
33
161
12
9
-111
-219
-202
-290
-241
8
-15
172
296
85
254
64
-8
137
99
113
203
177
178
145
51
45
-41
55
122
239
456
475
692
840
825
892
766
690
652
540
485
377
385
369
379
318
330
247
326
365
254
373
180
402
370
324
516
362
459
527
394
264
217
85
46
12
-177
-201
-331
-352
-440
-628
-742
-874
-954
-948
-1139
-1236
-1396
-1556
-1602
-1744
-1739
-1788
-1667
-1692
-1553
-1630
-1663
-1674
-1667
-1483
-1428
-1100
-995
-726
-696
-617
-576
-485
-293
-143
120
221
434
542
638
696
772
858
1044
1134
1229
1200
935
993
832
871
1028
1024
1123
1227
1179
1129
967
838
798
848
884
957
1026
958
1064
960
1031
1003
1053
1198
1219
1421
1461
1546
1716
1817
1858
1985
2026
1910
1974
1753
1678
1679
1666
1788
1775
1687
1343
917
218
-356
-840
-1147
-1317
-1497
-1835
-2378
-3068
-3633
-4014
-4251
-4201
-4114
-3988
-3890
-3849
-3887
-3984
-3811
-3583
-3118
-2449
-1909
-1395
-1047
-865
-706
-430
-147
342
706
1016
1293
1396
1541
1574
1665
1742
1767
1940
1927
1759
1569
1203
831
637
434
264
124
-304
-750
-1215
-1815
-2100
-2264
-2419
-2228
-1996
-1833
-1583
-1598
-1685
-1603
-1308
-779
-39
609
993
1263
1388
1548
1733
2203
2454
2802
2969
2791
2713
2429
2137
1989
1884
1823
1922
1860
1610
1266
762
469
362
369
376
421
388
261
275
273
164
318
495
640
1110
1460
1814
2257
2455
2588
2854
3085
3339
3731
3864
3923
3863
3599
3018
2277
1315
385
9
-367
-716
-1171
-2182
-3544
-4648
-5598
-6034
-6082
-6133
-6172
-6241
-6551
-6635
-6521
-6431
-5992
-5343
-4487
-3683
-2921
-2463
-2232
-1805
-1202
-250
999
1797
2314
2552
2369
2383
2636
2846
3287
3447
3457
3305
2856
2354
1606
1215
903
737
717
447
-211
-975
-1840
-2482
-2681
-2881
-2640
-2580
-2685
-2766
-2960
-2952
-2856
-2383
-1753
-1019
-177
349
791
922
1041
1336
1834
2427
2994
3374
3360
3244
3057
2874
2862
2824
2654
2496
2216
1777
1387
1050
675
408
257
128
104
28
-220
-320
-475
-449
-44
388
815
1015
1181
1251
1468
1941
2483
3137
3548
3812
3832
3742
3722
3833
4135
4438
4574
4387
3747
2557
1152
-117
-938
-1100
-1350
-1818
-2716
-4440
-6072
-7127
-7504
-7423
-7149
-7009
-7242
-7595
-7946
-7820
-7357
-6591
-5379
-4160
-3062
-2528
-2128
-1978
-1661
-854
352
1785
2777
3237
3144
2933
2792
3104
3673
4252
4464
4277
3842
3177
2533
1951
1675
1652
1611
1321
883
-56
-1202
-1931
-2250
-2191
-1981
-1834
-2009
-2469
-2996
-3275
-3144
-2883
-2294
-1672
-1212
-838
-687
-395
-137
333
1033
1816
2525
2757
2808
2604
2483
2579
2919
3190
3224
2864
2284
1775
1320
1148
1083
1014
754
384
34
-347
-692
-765
-638
-363
-64
190
336
249
229
457
957
1484
2180
2611
2801
2930
2917
3219
3518
3849
4109
4244
4213
3955
3854
3767
3561
3482
3133
2111
921
-517
-1685
-2025
-2355
-2754
-3375
-4813
-6410
-7278
-7624
-7507
-7204
-7128
-7363
-7728
-7884
-7657
-6930
-6139
-5274
-4104
-3245
-2571
-1936
-1509
-1031
-213
892
2113
2987
3215
3069
2923
2970
3326
3999
4417
4274
3854
3280
2690
2332
2091
1995
1957
1815
1385
980
316
-575
-1041
-1219
-1235
-1127
-1203
-1581
-2098
-2539
-2640
-2387
-2102
-1850
-1743
-1738
-1711
-1522
-1129
-687
-180
214
614
922
1099
1243
1446
1659
1908
2255
2372
2343
2072
1652
1477
1364
1390
1434
1223
815
271
-38
-155
-64
130
174
2
-169
-205
-73
213
442
687
841
1085
1497
1828
2016
2167
2293
2555
2900
3296
3579
3596
3575
3592
3725
3829
3846
3761
3605
3426
3228
2961
2192
932
-445
-1520
-1831
-1819
-2057
-2767
-4222
-6038
-7236
-7380
-7111
-6909
-6821
-7166
-7719
-7934
-7654
-6872
-6172
-5420
-4562
-3709
-3132
-2619
-1959
-1431
-607
574
1915
2819
3090
2971
2909
3135
3718
4457
4954
4845
4266
3788
3516
3340
3225
3027
2715
2329
1748
1250
757
44
-567
-757
-842
-1130
-1416
-1897
-2562
-3006
-3034
-2718
-2464
-2462
-2597
-2778
-2841
-2575
-1956
-1377
-1038
-782
-596
-368
-40
345
722
1052
1382
1684
1968
2109
1970
1800
1690
1785
1954
2075
1989
1612
1101
791
823
867
947
860
515
189
21
104
271
377
496
479
537
637
825
968
1060
1286
1549
1829
2009
2265
2265
2391
2810
3161
3470
3520
3448
3294
3234
3222
3231
3252
3106
2934
2739
2168
1033
-182
-1398
-2055
-1983
-2118
-2460
-3486
-5268
-6725
-7106
-6786
-6295
-6029
-6465
-7386
-8119
-7961
-6992
-5856
-4949
-4309
-3805
-3484
-3027
-2146
-1220
-365
613
1658
2409
2729
2761
2810
3112
3641
4335
4931
4841
4162
3447
3094
3018
3075
3050
2747
2179
1445
890
539
107
-477
-785
-1016
-1407
-1750
-2060
-2422
-2754
-2789
-2569
-2357
-2379
-2507
-2591
-2506
-2162
-1544
-870
-543
-463
-367
-139
293
790
1288
1613
1755
1858
2024
2175
2258
2181
2096
2064
1966
1887
1728
1474
1045
715
565
487
396
243
-13
-332
-499
-477
-300
-128
-91
-207
-251
-120
174
581
970
1186
1198
1245
1433
1740
2051
2328
2631
2850
3019
3259
3374
3411
3353
3292
3406
3325
3093
2839
2578
2338
2208
2121
1623
557
-716
-1923
-2431
-2403
-2478
-2819
-3828
-5491
-6851
-7089
-6745
-6252
-6022
-6242
-6879
-7417
-7204
-6375
-5357
-4593
-3866
-3246
-2918
-2495
-1770
-1051
-331
655
1563
2272
2554
2421
2418
2627
3068
3733
4254
4164
3572
2937
2572
2540
2706
2678
2502
2048
1302
750
479
140
-266
-483
-667
-957
-1210
-1330
-1452
-1670
-1740
-1555
-1405
-1430
-1449
-1432
-1403
-1185
-710
-254
-25
-19
-64
19
246
580
944
1156
1127
1099
1105
1198
1328
1297
1193
1091
945
786
719
598
342
132
66
52
-4
-92
-235
-398
-524
-386
-96
117
237
312
333
385
666
1005
1309
1519
1618
1666
1780
2054
2363
2631
2773
2847
2849
2800
2908
3033
3085
3112
3090
2933
2706
2435
2127
1911
1855
1860
1857
1498
586
-652
-1886
-2586
-2459
-2173
-2270
-2861
-4285
-5880
-6523
-6217
-5613
-5103
-5089
-5728
-6564
-6846
-6304
-5357
-4492
-3838
-3373
-3190
-3067
-2605
-1915
-1266
-406
607
1434
1879
1897
1823
1952
2447
3192
3917
4247
3867
3228
2840
2755
2885
3077
3019
2700
2109
1417
1054
755
342
105
68
-221
-651
-957
-1362
-1762
-1902
-1730
-1512
-1506
-1664
-1890
-2025
-2015
-1709
-1185
-829
-689
-694
-680
-616
-400
-14
431
790
933
976
943
927
853
966
1220
1354
1384
1265
1010
636
349
340
527
624
611
461
123
-261
-314
-93
230
501
536
413
323
354
521
898
1269
1455
1549
1633
1662
1710
1867
2100
2438
2584
2626
2635
2498
2398
2496
2767
2939
2971
2824
2632
2388
2117
1998
1881
1783
1652
1542
1292
567
-411
-1385
-1979
-2043
-1975
-2068
-2645
-3942
-5363
-6000
-5876
-5461
-5024
-4974
-5572
-6342
-6610
-6188
-5420
-4635
-3939
-3427
-3178
-2975
-2504
-1975
-1348
-540
376
1206
1629
1702
1651
1751
2101
2685
3379
3691
3483
3055
2686
2492
2438
2463
2465
2297
1863
1432
1096
644
129
-165
-310
-580
-846
-1068
-1450
-1909
-2165
-2120
-1953
-1833
-1779
-1846
-1947
-1991
-1749
-1298
-877
-554
-426
-261
-127
67
383
730
963
1021
1131
1253
1263
1181
1154
1115
1050
1093
1209
1137
856
498
237
120
121
285
379
258
19
-165
-192
-155
7
177
204
268
391
530
818
1122
1267
1452
1637
1797
1950
2121
2280
2324
2355
2472
2625
2678
2654
2582
2451
2253
2232
2331
2326
2232
2084
1882
1730
1628
1501
1394
1233
1100
1048
996
607
-185
-1161
-2034
-2418
-2359
-2216
-2335
-3054
-4383
-5460
-5757
-5611
-5167
-4726
-4825
-5405
-5836
-5731
-5242
-4593
-3898
-3232
-2758
-2433
-2058
-1614
-1304
-892
-132
806
1550
1926
1944
1749
1659
1875
2441
3048
3203
2929
2566
2227
1959
1827
1796
1652
1399
1099
865
563
41
-464
-657
-743
-844
-786
-834
-1213
-1646
-1795
-1709
-1493
-1265
-1056
-967
-1044
-1054
-824
-498
-292
-33
251
391
413
477
573
714
924
1077
1348
1340
1024
868
767
634
645
821
832
613
368
89
-82
-149
-153
55
186
53
-1
32
-82
-38
214
480
741
956
1098
1156
1219
1257
1502
1855
2060
2194
2300
2297
2266
2352
2416
2435
2384
2237
2176
2155
1980
1774
1623
1418
1245
1259
1295
1160
965
745
572
479
375
396
447
363
267
106
-367
-1093
-1816
-2268
-2366
-2320
-2304
-2605
-3462
-4447
-4977
-5017
-4777
-4395
-4207
-4413
-4726
-4831
-4628
-4149
-3628
-3109
-2566
-2206
-1933
-1595
-1318
-1092
-648
-48
564
1005
1207
1184
1043
1059
1249
1651
2007
2145
2082
1897
1622
1386
1335
1353
1442
1474
1366
1143
784
342
73
27
2
62
126
-40
-309
-555
-705
-724
-618
-451
-329
-319
-419
-449
-436
-364
-192
-10
148
245
292
321
324
348
472
680
898
1097
1138
1001
784
613
589
723
892
865
718
501
290
180
225
316
298
231
198
205
193
232
326
373
451
628
877
1041
1086
1125
1138
1184
1340
1629
1894
1972
1956
1889
1804
1745
1780
1818
1833
1783
1638
1509
1340
1143
926
805
731
650
637
612
472
248
30
-81
-129
-149
-59
16
-160
-528
-976
-1527
-2011
-2212
-2235
-2240
-2373
-2769
-3342
-3885
-4290
-4384
-4179
-3958
-3871
-3916
-4024
-4074
-3916
-3624
-3191
-2724
-2341
-1933
-1515
-1213
-1029
-806
-513
-159
323
900
1277
1366
1306
1260
1289
1461
1758
2046
2128
2015
1917
1780
1651
1639
1677
1689
1706
1658
1481
1237
942
648
504
500
537
553
510
330
16
-269
-491
-548
-498
-458
-387
-428
-650
-868
-915
-861
-716
-482
-305
-254
-260
-234
-155
-16
133
330
563
680
700
717
676
617
665
772
883
956
892
791
702
552
492
585
656
694
744
756
716
672
686
766
882
930
1008
1084
1033
993
1004
1052
1041
1085
1135
1131
1103
987
877
759
642
591
630
610
453
255
105
-29
-110
-50
-9
-78
-217
-356
-423
-483
-474
-322
-223
-263
-377
-536
-634
-675
-603
-479
-531
-798
-1134
-1353
-1544
-1616
-1556
-1637
-1840
-2025
-2223
-2318
-2345
-2440
-2438
-2383
-2319
-2155
-2002
-1915
-1933
-1923
-1749
-1459
-1097
-771
-529
-386
-324
-180
67
283
502
694
824
912
988
1064
1146
1218
1263
1373
1494
1517
1473
1435
1340
1205
1199
1214
1134
1091
948
750
589
374
239
142
-13
-144
-223
-346
-489
-567
-657
-741
-734
-696
-629
-537
-472
-388
-309
-233
-118
1
87
195
326
434
515
592
602
563
572
601
645
723
762
719
652
560
472
437
415
380
387
368
333
343
300
246
239
230
231
278
309
301
360
425
473
598
645
664
716
718
742
802
821
857
876
816
759
675
594
519
484
435
300
192
117
6
-58
-55
-103
-158
-153
-173
-200
-191
-279
-302
-298
-330
-272
-216
-284
-330
-339
-379
-355
-296
-338
-453
-493
-612
-698
-690
-806
-893
-986
-1129
-1208
-1325
-1416
-1444
-1468
-1504
-1480
-1435
-1466
-1465
-1362
-1265
-1219
-1065
-964
-927
-819
-690
-535
-390
-232
-101
19
100
156
268
346
375
493
601
612
652
619
531
547
501
468
482
356
220
73
-55
-156
-229
-277
-315
-401
-479
-511
-566
-591
-603
-532
-418
-351
-174
-28
63
199
288
448
564
737
910
984
1069
1160
1195
1288
1329
1308
1343
1322
1302
1275
1206
1022
955
791
706
712
566
456
402
171
87
71
-88
-48
-154
-116
-130
-142
-55
-76
-74
-67
-91
56
166
182
324
347
256
333
340
262
424
419
506
490
413
366
202
213
187
44
213
135
-33
131
-217
-289
-297
-520
-416
-385
-518
-473
-596
-621
-656
-663
-560
-649
-517
-514
-515
-391
-373
-443
-209
-256
-218
-37
-115
-155
-89
-153
-102
-16
-135
-87
-219
-252
-289
-230
-251
-358
-377
-385
-525
-531
-507
-667
-606
-550
-578
-522
-542
-591
-586
-503
-438
-393
-273
-417
-357
-364
-411
-406
-328
-478
-325
-331
-479
-280
-499
-355
-412
-367
-198
-214
-116
-80
-161
-13
-1
123
301
162
426
349
374
555
434
598
637
538
719
651
647
867
795
787
919
695
815
880
744
866
787
680
707
663
546
645
348
374
251
91
210
40
91
-47
-188
-71
-272
-276
-275
-387
-218
-344
-152
-297
-292
-401
-252
-239
-146
86
-100
117
-89
-92
126
83
54
439
44
388
481
135
530
149
117
372
146
241
259
30
151
-34
-18
-73
-124
-86
-117
-151
-100
-270
-194
-135
-212
-93
-47
-106
-34
-30
-138
81
-185
84
-5
-51
238
-53
26
126
-298
8
21
-288
142
-312
-270
-191
-351
-251
-131
-315
-288
-312
-258
-329
-160
-269
-314
-102
-370
30
-273
-70
-241
-58
-111
-181
-40
-235
-52
-271
-42
-238
-131
-213
-155
-207
-143
-121
-281
-116
-315
-325
-85
-230
-153
-70
-244
-102
-121
-52
-201
-1
-171
-101
155
-10
124
193
-5
218
269
107
406
320
248
518
286
319
438
78
392
174
35
291
-39
77
133
-183
41
-163
-294
-90
-292
-83
-246
-138
-203
-330
-166
-57
-258
210
-54
-66
425
-229
393
182
165
337
390
337
585
590
412
773
376
729
539
602
575
503
530
467
553
241
534
59
188
120
-88
115
45
-107
-30
-194
-346
-190
-365
10
-391
54
-165
-345
157
-491
45
-100
-318
-2
58
-251
252
-9
-147
248
-309
181
18
11
179
46
85
27
19
-22
115
-109
126
-44
-147
-46
-183
-129
-158
-11
-353
-11
-409
-307
-237
-386
-187
-325
-242
-381
-303
-411
-309
-438
-317
-426
-356
-283
-495
-232
-507
-332
-359
-358
-213
-218
-160
-202
-203
-129
-281
69
35
-39
239
-135
233
75
18
425
25
327
380
-4
469
-35
373
253
222
445
188
484
77
314
156
131
282
211
231
230
16
112
24
-62
200
-193
200
-102
-31
146
-281
243
-251
95
136
-261
409
-217
235
270
-107
479
160
121
590
-8
398
396
67
728
-34
378
240
-21
295
17
116
62
8
-130
18
-268
-84
-158
-151
-95
-183
-139
-167
-28
-303
155
-229
37
-47
-118
112
-118
226
68
265
-20
115
14
2
150
-16
196
-1
20
-31
-122
-246
-92
-317
24
-275
-171
-78
-521
-187
-450
-379
-285
-360
-304
-323
-404
-426
-434
-421
-314
-288
-406
10
-399
-140
-125
-272
-164
37
-255
107
75
-261
456
-256
291
117
51
245
-22
226
165
119
328
96
41
287
-242
304
85
-27
313
14
47
86
-109
49
-41
123
7
205
-9
62
65
-162
290
-355
468
-207
209
104
-88
225
-114
131
1
117
-51
309
-118
402
38
175
409
-100
485
173
141
592
-29
330
416
-113
538
136
139
390
-37
305
176
13
188
-91
46
-109
68
-47
-17
-95
-83
-177
-133
-38
-227
115
-209
7
-166
-133
-100
-172
55
-136
59
-109
-76
-97
-207
7
-229
70
-163
-199
-9
-406
35
-330
-151
-132
-420
18
-346
-168
-60
-354
-58
-163
-204
-36
-169
-154
-129
-196
-43
-95
-41
-22
-265
36
-359
-16
2
-231
226
-170
-3
60
-182
129
-91
53
148
-88
261
-144
136
-126
101
-66
79
-22
12
152
-227
279
-232
91
43
-119
205
-1
-29
269
-51
98
181
-107
186
15
101
140
25
120
56
59
156
39
117
112
-80
105
45
-25
284
-93
208
69
-79
265
-78
146
194
-19
99
288
-222
459
-78
76
408
-243
484
-18
180
285
53
264
129
34
285
-91
256
154
-92
339
-161
-1
181
-287
128
-16
-186
30
-56
-157
-22
-52
-328
174
-336
-29
91
-283
258
-124
6
52
-214
69
-47
13
192
-107
148
-76
-159
80
-173
-11
53
-238
116
-263
-70
-140
-334
-20
-372
-15
-288
-146
-213
-213
-194
-126
-274
-93
-238
-132
-20
-261
144
-253
12
-65
-61
52
-127
125
-106
162
-49
97
105
-139
154
-169
114
-50
170
37
79
12
-143
132
-181
189
-60
123
-45
17
-30
-124
158
-180
191
14
-46
115
-140
73
-3
-18
102
13
101
-4
141
-27
77
6
20
146
-45
223
-32
-19
84
-168
111
40
-50
195
-125
74
-73
5
-15
-10
72
51
178
49
154
24
177
2
217
81
169
212
160
255
156
139
171
106
119
165
123
123
114
94
-56
209
-131
140
64
-116
118
18
-134
161
-162
-87
109
-289
129
-164
-79
-74
-115
-147
22
-163
-60
8
-252
12
-177
-58
-5
-25
-64
19
-124
-88
90
-213
198
-141
56
8
-243
142
-338
98
-175
-194
6
-327
-88
-156
-201
-150
-73
-260
-2
-241
-266
54
-373
156
-75
-83
44
-153
-17
-51
64
-15
164
8
162
-25
78
101
-61
285
-1
191
154
-15
80
-51
55
-23
119
-50
5
-95
-112
9
-181
102
-143
-11
-50
-98
-70
9
-53
38
180
-150
210
-38
14
149
39
138
93
169
63
149
151
71
202
168
123
110
243
6
314
136
144
231
-75
328
-95
196
101
-22
183
-18
14
3
10
-145
124
-224
53
-106
-97
41
-182
21
-114
-47
-32
-57
-56
58
-80
14
29
-129
60
39
-110
213
-158
22
90
-138
200
-73
5
85
-93
33
-9
-120
77
-96
-19
14
-136
20
-9
-97
95
-165
23
18
-104
183
-30
-6
66
-78
-57
77
-174
176
-33
-54
114
-147
-45
51
-226
66
-43
-112
280
-222
162
-39
-206
140
-218
85
97
-62
184
-38
-41
44
-115
-15
78
-88
107
44
-139
170
-191
-13
92
-246
176
-68
-22
108
-12
-39
133
-141
12
116
-175
203
-25
-9
149
-60
59
49
-30
70
47
-3
94
45
64
121
-62
142
-90
134
-17
36
121
-49
91
44
17
7
67
-208
115
-196
6
103
-167
139
-152
-59
-110
-92
-161
25
-158
-34
9
-155
55
-165
-15
-61
-93
42
-79
44
30
-9
22
-36
-53
-6
16
-17
72
10
53
42
2
68
-44
13
65
-33
192
-25
92
88
-27
111
-40
69
-42
59
65
52
101
49
20
60
-27
0
2
4
51
34
120
-33
65
-60
-35
-10
-53
18
-9
17
-10
16
-5
-48
-64
2
-67
60
66
21
139
-30
22
107
-68
161
-32
103
96
36
184
-25
137
-7
21
79
-38
28
103
-76
159
-5
-84
100
-144
-12
21
-66
31
-18
-10
-12
-71
48
-202
47
-157
-74
20
-139
86
-110
-52
-51
-169
-46
-107
-78
-37
-59
-45
-70
-43
-122
-68
-92
-140
-73
-62
-100
-3
-48
-119
-20
-154
-123
-7
-138
37
-50
-25
-5
-11
-28
9
-33
-19
26
-54
159
-23
86
75
-18
37
-21
23
-11
71
37
52
72
-12
3
-2
-11
1
56
9
45
72
16
80
19
35
8
42
2
32
46
30
127
12
106
20
17
102
-61
96
93
-1
213
14
51
113
-77
91
-12
-4
89
-6
60
15
12
-19
-52
-28
-91
20
-68
11
-2
-34
-35
-83
-37
-102
0
-42
20
17
-2
48
-29
34
-32
39
-3
45
37
23
98
-3
69
-26
13
7
-9
80
-61
26
-36
-80
-5
-67
-92
-40
-125
-93
-75
-160
-82
-163
-102
-124
-114
-152
-140
-138
-162
-105
-92
-79
-41
-56
-29
-49
-80
-23
-65
14
6
59
53
35
-17
-2
-14
-29
51
13
58
26
18
-8
-27
-2
14
14
68
8
25
77
-18
112
57
29
126
-2
54
106
17
105
108
40
103
31
44
51
69
93
79
112
31
93
54
46
50
45
49
29
80
14
58
33
-25
47
-9
25
36
-28
6
0
-49
13
-8
-45
29
-54
-47
-1
-109
-11
-47
-58
40
-55
-12
-38
-54
-66
-8
-38
-5
17
-28
28
-29
-30
-13
-46
17
-31
2
20
-52
55
-49
-16
-24
-39
30
-26
-10
-7
-56
-10
-13
-64
15
-55
-79
-43
-58
-63
-7
-54
-75
-67
-89
-117
-21
-98
-50
-23
-129
-8
-96
3
-64
-30
-11
-81
-12
-61
-21
-4
21
-8
14
-16
2
-1
25
53
20
72
27
45
71
24
38
44
19
42
59
33
72
62
54
33
12
16
6
30
35
36
38
44
24
37
17
-2
29
2
37
45
53
35
-14
33
-57
58
0
38
94
-5
94
-6
22
17
-18
16
35
-7
44
-1
-33
15
-27
-4
-27
-45
-35
-38
-36
-28
-39
-43
-25
-10
-37
-12
-17
-14
12
27
0
50
-13
22
5
17
33
25
35
8
45
0
12
10
-32
4
-26
-23
-2
-47
2
-44
2
-14
-58
8
-72
8
3
-26
-7
-31
-58
-15
-42
-33
18
-60
29
-48
-4
-17
-46
-2
-22
-27
-2
-31
-4
-17
-33
6
-26
-12
7
-19
0
-20
-49
1
-45
-14
-27
-13
-23
15
-20
0
-10
-6
-1
1
29
9
70
23
45
41
28
46
73
28
82
56
30
61
37
18
60
22
5
66
-30
33
0
4
5
12
-25
3
-29
-43
12
-65
1
-14
5
12
-6
22
-28
18
-22
1
37
6
50
21
37
21
-7
29
-6
31
34
26
65
-12
51
-43
3
3
-38
64
-14
44
21
-1
15
-23
-9
-1
-6
-15
8
-9
4
21
10
10
-22
-7
-16
3
9
21
3
4
-1
-36
27
-17
-16
35
-12
16
14
-33
9
-13
-27
-1
-58
-32
-36
-25
-27
-18
-10
-43
-8
-63
-38
-30
-62
-6
-22
4
4
-33
-28
-14
-25
12
1
-2
20
-17
22
-34
0
-14
-22
13
-36
35
-13
8
7
-12
5
-12
-37
3
1
4
44
15
14
21
3
18
2
17
26
23
53
2
44
11
6
5
11
-7
14
14
-3
34
-8
2
-28
-42
-50
-13
-19
1
-18
-22
-4
-40
-12
-34
-36
1
7
4
43
7
13
35
19
19
44
30
50
57
72
50
73
44
13
54
1
40
44
27
57
24
25
36
-18
-10
-15
-20
3
12
-8
36
-22
-21
-10
-60
-11
-19
-13
2
-18
-13
-42
-36
-12
-23
-1
-7
-36
-3
-35
-13
-1
-26
-8
-31
-19
-33
-12
-23
-26
-19
-26
-23
-45
-16
-72
-30
-47
-66
-31
-52
-34
-44
-32
-66
-31
-50
-41
-17
-47
-15
-27
-32
-22
-9
-17
-10
7
-7
5
24
-8
33
-4
16
10
-18
30
-13
33
14
14
14
-6
0
22
14
16
20
-7
21
-15
38
-3
3
15
-7
5
18
17
11
4
-7
6
-27
11
-8
22
26
12
45
-7
21
16
2
57
13
45
31
41
43
21
36
15
35
8
49
19
35
33
18
29
-2
15
17
11
22
32
22
33
6
10
21
-2
20
2
-15
16
-27
12
-3
-33
15
-37
-17
-7
-51
-23
-36
-41
-24
-21
-38
-39
-33
-38
-26
-57
-15
-43
-32
-4
-60
4
-37
-52
-15
-55
-13
2
-10
-4
-16
-22
-18
-25
-25
-31
-16
-12
-10
-19
-29
-38
-34
-39
-18
-36
-12
-10
-28
-11
-35
-42
-17
-14
-18
23
-4
-13
15
-4
-14
34
-5
22
8
7
13
23
8
17
25
2
26
10
3
18
18
-4
20
-11
-4
7
-15
17
-1
-2
9
-24
-3
5
-22
11
-11
5
6
-3
21
-13
30
7
30
42
14
51
8
33
31
26
47
42
53
52
36
37
27
22
42
26
33
22
23
36
11
19
9
-7
12
9
9
14
10
8
-3
2
-11
-3
-13
-12
6
-13
12
4
-1
-10
-16
-21
-24
-22
-16
-2
-4
24
-29
-6
-26
-29
-4
-30
0
-15
-11
-8
-24
-26
-31
-31
-34
-34
-14
-28
-28
-13
-27
-22
-11
-47
-17
-27
-35
16
-22
16
8
-4
5
-8
4
-1
3
-3
23
12
27
12
-4
-1
-10
-6
-10
6
7
2
-1
-12
-17
-23
-26
-32
-14
-6
-6
-9
0
-8
-6
-16
-28
5
-12
17
1
7
20
-2
18
-14
12
10
4
12
0
16
2
9
-1
2
1
2
9
8
13
20
14
5
24
-1
-1
15
12
20
25
8
19
23
5
17
1
8
16
26
14
13
18
10
1
15
4
12
38
3
21
7
-2
12
1
17
12
4
14
0
8
7
11
16
8
6
2
7
4
21
15
10
22
11
6
15
6
6
16
5
14
-4
6
-2
-1
2
-9
-8
-13
-4
-4
-7
-22
0
-24
-21
-21
-22
-12
-11
-7
-14
-8
-17
-21
-6
-22
4
-9
-17
8
-28
8
-8
-11
8
-14
20
-17
14
4
-15
7
-16
5
5
4
-6
3
-19
-3
-13
-9
-5
-16
-4
-24
-16
-23
-22
-24
-32
-8
-23
-10
-6
-20
-1
-4
-17
-8
-9
-6
14
17
10
3
18
-9
19
8
17
22
18
17
-2
21
-5
15
5
18
12
15
9
1
12
-4
16
7
-4
21
-6
15
6
5
19
-2
19
20
27
10
27
2
24
25
13
30
23
30
24
29
19
26
11
12
19
1
14
16
-3
19
6
-6
-1
-9
-8
2
-5
-2
5
-19
3
-21
-12
-7
-21
-8
4
7
-8
6
-12
-9
0
-15
-6
0
-6
1
-5
-5
-5
-1
-14
-1
-8
-15
-10
-28
-1
-11
-17
-10
-25
-19
-10
-25
-21
7
-24
-1
-9
-20
2
-24
-10
-7
-8
9
-5
2
-3
-6
6
-9
0
-1
-15
6
-15
8
-6
-10
8
-13
3
-17
-6
-11
-8
0
-7
5
-8
-8
-6
-6
7
-5
-6
17
-1
-2
14
-13
18
11
-4
17
-3
12
21
6
34
22
13
25
0
16
25
18
31
37
25
26
19
14
25
14
25
21
26
26
4
15
4
-1
15
5
9
15
8
6
3
-4
1
-11
-3
1
-6
6
-7
-4
-2
-1
-13
-4
-16
-1
-1
-3
-1
-9
-2
-7
-3
-8
0
-2
7
-5
0
-2
-1
4
-28
-7
-11
-10
2
-15
-11
-8
-9
-25
-24
-15
-14
-8
-5
-22
-10
-7
-19
-10
-8
1
-7
-8
0
-8
0
4
-12
5
0
1
-4
0
1
-1
9
4
0
5
6
-13
16
-7
-6
5
-5
9
6
8
1
5
-17
-4
-2
-8
18
1
9
10
0
-1
-6
-3
1
19
10
11
26
6
12
4
-2
7
14
15
21
27
22
14
15
-3
-2
13
11
21
16
26
3
12
-1
-2
11
9
13
8
14
11
11
2
-10
7
2
5
18
3
11
5
-3
-16
12
-5
1
8
-11
13
-7
-7
-5
-11
-1
-5
-4
-4
-3
-6
-17
-17
-12
-7
-16
-5
-9
2
-8
-8
-17
-17
3
-12
-5
3
11
-3
4
-6
-4
2
-3
3
9
5
12
1
-4
12
-14
0
-10
3
12
4
2
-5
-3
-15
-4
-17
-2
5
-1
-4
-6
-6
-8
-13
-16
-4
-1
5
7
-7
-10
-1
-6
4
-5
6
4
10
16
-1
-1
6
3
3
-1
3
15
0
2
-5
0
0
-4
-5
-2
-1
2
-8
-10
2
-9
-2
-7
-7
1
0
5
4
-8
10
0
0
13
1
5
2
7
15
12
3
8
10
6
11
5
-2
9
9
4
1
2
13
-5
4
-5
-7
10
-5
-1
-12
7
5
-2
-3
-10
-8
7
-2
-4
11
-6
17
-2
-7
-2
-12
5
-3
10
1
9
4
-5
-7
-15
-4
5
-5
3
-1
-11
4
-7
-8
-7
-1
-9
0
-1
-1
7
-1
-8
-6
-7
-7
10
-2
0
8
6
2
-6
-1
-6
-7
-6
4
2
10
-3
-7
-8
-11
-1
-8
-2
-7
2
-2
-12
-13
-14
-9
-9
0
-12
0
-1
-14
3
-17
-4
-4
-6
2
-7
7
2
5
-5
-2
1
0
10
3
9
2
6
-3
-4
-10
12
10
-3
14
-3
2
5
-8
-2
-4
-7
14
-1
6
4
-10
-4
-6
-3
0
9
-1
10
5
0
-1
-11
3
4
11
20
10
10
5
5
4
1
8
12
10
6
12
10
9
0
4
-2
-1
14
-2
7
6
5
-1
-8
-4
-3
6
1
15
-1
3
-3
-4
5
-12
2
2
7
10
-2
-4
1
-3
12
-5
0
-4
2
4
0
-1
-5
0
-12
1
-3
-1
-2
-1
-5
-4
-8
-14
-6
-9
-7
3
-5
-9
1
-13
-8
-3
-3
-3
4
-4
-7
-6
-10
0
3
2
-3
5
-4
-5
-8
1
5
-2
-1
2
0
1
0
-13
4
1
8
2
-6
5
-1
1
-2
0
6
-4
3
1
9
8
-7
2
5
4
1
-4
5
9
6
4
1
3
1
-2
0
4
9
7
-2
5
0
-4
-5
-4
7
7
4
0
1
4
0
-5
1
-3
8
5
7
2
-2
6
-3
0
4
3
1
-5
5
1
1
4
-8
-1
-3
1
0
-5
2
2
0
-4
-4
-4
5
2
-3
-5
0
8
-3
2
0
8
-3
2
-2
-5
9
0
2
-4
11
2
-9
-4
-4
0
1
-2
-6
-4
-2
0
-15
-8
-2
-8
-10
1
-4
-5
-4
-12
-3
-4
2
-5
-8
3
-4
-1
5
0
1
3
0
-2
2
-4
2
13
0
1
0
-6
5
1
-2
-5
0
5
1
0
-2
1
-7
-2
-1
0
-4
2
-8
3
4
-11
-4
-9
0
-1
1
-4
2
3
-9
0
-7
1
-2
-1
2
6
4
2
-3
-7
4
2
1
5
3
2
7
-2
-3
0
-3
7
0
8
-6
1
4
-3
-3
-7
-1
0
5
-4
3
2
0
-10
-8
3
-1
-4
-5
4
0
3
-2
-7
-9
4
4
1
7
-7
-2
6
3
-9
-7
0
9
6
-8
-1
1
2
-3
-8
-6
5
2
-6
-1
-4
5
-9
-3
5
-1
-5
-1
3
3
2
-6
-5
-4
10
-2
-1
2
5
0
-3
1
-3
7
2
1
2
3
-2
7
-1
3
11
-2
11
1
-2
4
7
-1
6
6
5
3
1
8
1
6
-1
4
3
5
5
-5
2
7
4
-3
1
-4
9
5
-4
-4
5
6
3
-4
-8
5
0
9
1
3
6
0
-1
4
4
2
4
3
14
-2
0
-1
5
10
-2
8
4
6
8
-5
-5
8
-1
11
4
0
3
4
6
-5
5
-4
6
2
5
2
-1
7
-4
2
-2
0
1
0
3
7
7
-3
-3
-4
-4
0
0
4
6
7
0
-6
-4
-3
-5
2
3
0
0
-1
-1
1
-7
-6
-5
2
3
0
0
0
-2
0
-3
-8
-5
1
7
3
-4
2
0
5
-9
-12
5
4
9
-6
-3
-2
8
-2
-10
-1
3
8
0
-3
-4
4
0
-1
-2
3
1
4
-3
0
7
-3
3
3
4
2
-2
1
6
9
-2
0
4
2
3
3
2
6
2
3
5
2
3
-5
5
7
9
-1
0
4
2
5
-2
3
9
5
2
5
-1
8
3
6
4
4
11
2
3
3
6
3
4
3
5
8
0
5
3
2
5
3
1
4
3
-2
4
4
3
-1
0
1
3
1
2
6
-4
2
0
-1
-2
3
1
1
12
-2
-3
1
4
-4
3
5
4
4
-1
5
1
1
6
-3
1
11
2
2
3
5
2
2
4
-1
0
8
6
0
-2
5
6
-3
3
-4
6
4
-3
2
2
6
-10
-5
5
6
3
-9
-3
5
6
-7
-12
7
3
-2
-1
-4
-1
-1
0
1
1
-5
-2
5
-4
-2
-3
3
2
-3
2
-1
0
-2
1
1
-1
1
-4
-2
5
4
-3
-7
3
5
2
-2
-5
6
2
0
4
-3
3
9
-2
-1
3
5
4
2
5
6
4
0
8
12
-1
-1
9
7
4
4
2
6
5
2
10
2
1
3
4
7
1
2
5
0
1
6
2
-1
0
5
2
-1
2
-1
2
2
-1
-1
2
-2
3
3
0
6
0
-6
4
7
-3
-6
0
9
6
-2
-3
-1
3
3
1
-3
0
6
4
0
-4
-3
3
0
0
3
1
0
0
2
-2
0
0
-1
1
1
-3
3
2
-3
2
3
-7
0
1
-1
2
-3
-3
2
1
-2
-3
1
5
-5
-5
0
4
-2
-4
-2
-2
9
-7
-6
5
-4
-2
0
7
-4
-7
2
-1
1
-5
-4
-1
5
-1
-8
3
6
-12
0
3
0
-5
-5
6
1
3
-4
-4
-5
8
0
-9
4
2
-2
2
1
-6
-7
5
5
-4
1
1
4
-2
-4
-2
4
1
-8
7
2
0
2
-7
2
8
0
-2
-2
3
7
-6
3
1
1
2
2
-3
3
7
-7
6
6
-2
-5
3
7
-2
3
1
-4
3
2
-3
2
5
0
-6
1
5
-2
-6
-3
5
1
-3
-2
6
-3
-5
0
-1
2
-2
1
-4
-1
3
-1
-3
-2
-1
1
1
-5
0
1
0
-5
-3
1
-1
3
-5
0
3
-2
-3
-2
-1
-3
1
-6
3
6
-8
-5
-1
-2
2
-2
1
-2
-2
-3
0
-2
-4
2
-5
1
2
0
0
-6
-5
1
3
-3
-3
2
-1
-4
-4
2
0
5
-2
-6
-1
-1
-1
2
-6
-6
3
-1
0
-1
-5
-4
1
-2
-2
-2
-1
0
-7
-3
4
0
-7
-8
3
4
-4
-2
6
-3
-6
-4
-6
6
3
-4
3
-1
-1
3
-5
-4
1
-2
0
8
0
-2
2
-6
1
-3
1
7
-1
-3
1
5
-2
-4
-2
-2
-3
-2
5
1
2
-1
-12
3
3
-6
3
-2
-5
3
3
-4
0
-7
-7
2
5
-1
-3
-4
3
-2
-8
3
-3
-1
2
-6
-2
1
4
-4
-3
-2
-4
2
4
0
-5
-2
0
-3
4
-1
-7
5
0
-6
0
7
-4
-4
-5
0
7
-1
0
-4
-5
1
5
-5
4
2
-8
-1
4
5
-5
-1
-8
4
8
-3
-5
-2
4
-4
-6
2
4
0
-1
-5
0
2
2
-4
0
-3
-2
4
2
3
-8
0
-1
-1
4
-2
-3
8
-1
-12
3
8
1
-8
-2
-2
6
6
-2
-3
-8
4
3
0
-2
-1
3
-3
-3
7
0
-2
-4
-2
3
6
5
-6
-2
0
3
1
2
-1
-3
6
1
0
2
5
1
-3
-3
3
0
2
10
-8
-6
5
3
0
0
-8
-2
8
-2
2
-1
-4
2
-5
-2
6
4
-9
-6
5
0
2
-2
