SAMPLES:	14361
BITSPERSAMPLE:	16
CHANNELS:	1
SAMPLERATE:	16000
NORMALIZED:	FALSE
5
1
-18
-14
-9
-8
-7
-11
-6
-7
-7
-7
-18
-4
-2
-8
0
-6
-17
4
2
-6
-3
-1
-2
-14
7
3
-7
2
-2
-2
-5
-2
1
-6
-7
4
-2
6
-6
-1
1
-5
7
-3
-6
1
6
1
3
2
0
3
7
-9
-6
9
2
0
0
2
-5
3
-8
-8
-4
-5
6
1
3
-14
-6
-7
0
-10
-12
-6
3
15
-6
1
-2
-8
-8
1
9
10
8
4
-4
4
8
3
0
8
12
12
13
8
2
1
9
6
5
-2
4
-3
3
14
4
-4
-1
-1
2
-2
3
-4
1
11
-8
0
5
-3
-1
15
5
-2
10
9
10
-4
3
8
4
1
-1
8
-6
4
-2
-9
8
5
1
-9
-8
-12
-8
-11
-10
8
-5
0
-5
-16
-2
-4
-2
4
-4
2
4
0
-3
-5
-4
4
4
2
-1
6
6
3
5
-1
2
-2
1
8
0
4
9
12
2
1
3
5
20
4
11
20
3
-2
10
9
16
7
8
18
0
5
16
6
10
5
3
7
2
10
4
1
4
4
-4
5
5
-5
8
-5
-4
0
3
-6
-3
-3
-8
-6
-12
-4
-3
-11
-9
-1
1
-10
-12
-12
-10
-3
-6
-3
-4
-1
-6
-7
-9
-14
-6
3
0
1
2
-15
-7
-8
-7
10
1
0
-3
-7
2
3
11
6
8
9
0
3
4
12
9
6
-3
9
4
3
9
0
-2
-9
6
4
4
0
8
3
-6
-4
0
4
1
10
1
13
19
5
1
-2
7
6
7
6
0
4
1
0
4
-1
-12
-4
-1
-8
2
-6
-6
-3
-4
-3
-19
-6
-5
-6
-4
-7
6
13
-9
-11
5
3
1
0
-2
11
-1
-3
2
-5
5
1
-9
-9
-4
-2
-10
-15
-8
-11
-19
-8
-9
-21
-13
-19
-16
-1
-1
-2
-5
8
-3
-2
8
-7
7
12
11
18
13
3
5
8
16
7
8
12
4
5
6
0
6
10
-6
-1
-1
0
8
14
6
-1
-3
7
2
4
6
4
4
-10
-2
2
-9
5
6
-6
11
3
-6
-15
-7
-1
-2
0
-7
2
-8
-11
-1
2
-2
0
-2
-4
3
3
1
1
2
-3
6
6
2
3
14
17
15
8
3
14
11
1
-2
-4
-3
5
-1
-8
-4
-16
-17
-14
-23
-15
-21
-19
-7
-13
-16
-23
-22
-17
-12
-2
1
0
2
1
-1
2
3
2
-2
2
-3
-2
3
11
10
-8
-14
-10
6
-5
-12
-2
-2
-6
2
-4
-3
-9
-7
0
1
-2
9
13
-5
4
1
2
1
-6
-4
4
21
5
0
1
-7
0
3
9
1
0
-1
-8
8
5
0
6
-7
2
-9
9
3
-5
7
-5
3
-3
-2
-9
4
10
-5
-10
0
3
-2
1
-5
6
-3
-11
-5
-8
2
11
2
-8
0
1
3
3
0
12
10
2
-2
8
3
8
11
1
4
7
7
3
7
-6
-1
2
-9
7
-3
-9
4
-4
-8
-7
0
-3
-7
-4
-2
-4
-2
-3
7
-4
-9
3
-11
-4
5
0
-5
3
5
-1
-7
-15
2
-7
-14
-5
-5
-3
0
-16
-15
-11
-11
-4
-9
-15
-17
-6
1
-10
-13
-5
-11
-4
3
-5
7
2
6
3
7
-2
9
17
12
10
5
9
1
11
8
4
20
23
-6
2
-4
1
5
2
3
-2
17
2
-5
-6
6
3
-11
7
17
1
-9
-2
2
2
5
3
6
11
8
-4
7
1
2
8
8
8
4
9
1
10
2
1
9
7
9
5
2
3
-4
-3
1
4
6
-8
6
3
12
7
-7
2
0
-2
4
9
-14
0
5
4
7
-9
6
4
-7
-2
0
-8
-2
-1
-8
-4
-11
-10
0
-1
-10
6
5
2
-9
-10
5
-1
-3
-11
-9
6
0
-8
1
6
6
-7
-1
-7
-2
0
-2
0
-9
-1
0
8
2
-3
-1
5
-7
1
-1
-6
-1
-5
-9
-20
-6
-16
-19
-9
-11
-9
-8
-15
-16
-20
-21
-3
-1
-13
-10
-7
-8
2
4
0
-10
-2
3
8
-1
-8
-1
-1
3
7
9
1
9
-4
-4
2
10
13
10
12
11
8
8
20
13
17
8
11
18
7
10
13
8
-5
2
12
8
1
13
6
-5
0
-4
9
4
-1
1
-19
-6
-1
5
-12
-4
6
-4
-4
-5
-9
-17
-12
-9
-13
-3
7
-6
2
-3
-1
2
5
1
-2
1
5
7
7
5
-2
-1
-2
-1
-7
1
3
2
-6
-3
-9
1
5
-5
0
-7
10
8
11
12
9
6
4
8
4
5
-1
0
7
-3
3
7
-3
-4
-7
-11
-5
-6
-6
-1
-6
-5
-5
1
-3
5
11
13
10
8
6
-7
3
2
-3
2
1
11
6
-8
-4
-5
0
0
-3
0
-5
-9
-11
-10
-4
-7
3
9
14
4
6
2
1
14
2
9
9
4
6
3
11
7
9
5
-2
14
7
8
5
-5
2
1
-1
2
-1
-5
1
-6
9
1
-2
-3
-3
8
-1
-6
-11
4
-2
-8
-4
-8
-4
4
6
2
-2
-2
-1
-10
1
2
-4
11
6
-6
-3
0
-1
1
4
1
-1
-7
-4
2
0
0
3
-4
-15
-14
-3
-5
-6
-9
-13
-1
-2
-8
-10
-1
0
-5
-12
-9
-4
-8
2
-1
0
6
-5
-10
-1
7
-1
8
9
0
-4
-5
-8
-2
6
-5
-6
10
15
13
5
-13
3
5
2
13
2
4
2
2
9
9
2
7
1
6
15
4
6
3
-2
5
-1
10
12
-2
9
6
13
13
12
16
3
9
9
1
-2
2
0
0
3
1
6
8
-2
2
4
-15
-11
-7
-1
-2
-16
-8
-5
4
-2
-3
-6
-4
11
-3
-1
-17
-11
-3
-7
6
-4
-2
9
-3
10
9
-1
2
5
3
1
8
2
4
7
1
-6
0
-5
0
4
-10
-11
-6
2
-8
-3
-8
-17
-9
-11
-2
-5
-1
5
9
10
-1
-6
1
5
-6
4
0
-6
7
11
9
-5
10
9
2
6
-9
-2
3
5
10
13
3
9
7
0
5
4
13
3
-3
-1
9
14
-5
-4
6
11
7
1
3
-6
12
13
4
2
0
1
-5
5
10
9
-4
9
6
-1
-6
-2
8
-3
8
4
-7
-8
-3
3
-5
1
3
-15
-5
7
-6
-10
-7
-11
-25
-11
-4
-14
-13
-10
-14
-13
7
-3
-3
-7
-15
0
-11
-7
-9
4
2
2
-4
-4
2
-9
-8
-5
9
3
4
-3
-2
0
-7
-11
8
12
4
13
16
12
9
8
10
10
5
-1
-6
2
7
8
8
13
-10
-1
2
-14
6
8
0
-14
4
10
3
4
2
-2
-5
6
10
19
12
14
10
7
5
4
10
-7
8
2
6
20
9
2
-2
13
2
-1
9
-10
-8
0
2
9
-1
-3
-7
-8
-1
-2
4
6
-6
-6
-8
-5
-6
-8
-5
-4
1
0
-3
0
3
-1
-6
-10
-7
2
-4
1
7
-1
3
-10
-6
2
-9
7
4
-13
-2
-1
6
-7
-3
10
-9
6
7
-6
9
18
7
5
9
11
0
16
18
9
3
9
8
-3
-2
1
4
-2
1
-10
-9
-14
-14
-15
-19
-8
-9
-15
-16
-8
-5
2
1
-11
-11
-2
-2
1
2
7
2
8
12
19
13
8
13
-4
13
14
7
16
9
3
10
8
5
12
-4
-4
-5
-9
11
10
14
1
-11
-14
-4
-5
-5
5
-1
4
5
13
10
5
1
3
1
0
4
10
6
-5
0
7
-4
1
9
-3
8
0
-7
6
-8
-11
6
6
-7
-6
2
0
-9
-3
-4
0
-3
-10
-7
-9
-2
-3
-20
-22
-13
-15
-6
4
-3
-12
-1
0
-8
8
-12
-12
-7
-7
4
-2
-7
-2
6
2
-6
0
-9
-13
1
-10
-5
-1
1
-5
-5
2
16
7
-5
3
5
7
-1
12
17
8
16
20
4
0
5
8
8
15
15
13
13
10
26
9
-2
16
3
17
18
10
22
14
13
21
21
14
8
10
0
0
20
6
4
15
8
17
8
2
4
9
11
6
7
18
16
10
7
14
18
5
4
8
0
0
12
3
-3
-2
-4
-10
-12
-19
-11
-7
-19
-17
-18
-12
-7
-14
-11
-19
-22
-13
-18
-17
-13
-11
-11
-12
-17
-15
-11
-4
-2
-12
-16
-4
-16
-14
-4
-15
-11
-6
-5
-21
-22
-9
-18
-20
-8
-22
-28
-23
-26
-22
-18
-11
-22
-24
-27
-17
-19
-22
-4
-13
-11
-6
-14
-8
-3
1
-9
-13
3
-12
-3
3
-3
-8
-6
3
3
-1
-4
-9
-12
-8
-3
7
1
-15
-6
-9
-1
-5
-3
-1
8
3
-8
0
8
18
15
19
10
15
9
19
20
12
19
10
12
15
3
6
9
11
5
0
-1
9
4
-9
7
3
16
16
19
26
13
22
20
32
24
16
17
12
27
14
13
15
8
13
7
4
11
5
11
15
19
26
15
21
24
23
21
29
26
38
29
25
44
46
44
32
31
37
32
37
34
20
6
7
18
19
19
12
19
6
-11
-21
-12
-7
-11
-21
-20
-17
-32
-24
-8
-9
-11
-3
-15
-17
-13
-21
-26
-29
-24
-16
-30
-44
-43
-58
-65
-72
-77
-70
-85
-98
-102
-116
-116
-110
-92
-81
-88
-87
-89
-79
-75
-73
-74
-70
-62
-59
-60
-63
-72
-73
-62
-63
-79
-77
-77
-79
-79
-76
-75
-68
-43
-42
-41
-25
-17
-26
-12
12
10
21
39
62
86
86
104
113
119
145
151
168
187
187
192
203
216
229
235
225
225
221
208
206
218
210
203
197
193
189
185
190
180
176
175
189
195
213
223
215
237
251
270
286
294
295
275
260
255
249
251
246
223
208
189
177
156
135
111
78
60
36
13
3
-8
-17
-22
-9
-3
-17
-24
-35
-54
-65
-103
-148
-184
-256
-324
-382
-441
-504
-561
-632
-714
-797
-873
-942
-1013
-1060
-1102
-1104
-1106
-1098
-1065
-1050
-1021
-973
-930
-876
-821
-772
-718
-677
-607
-538
-451
-366
-305
-250
-226
-176
-119
-65
-21
20
57
96
148
209
267
295
313
331
357
392
437
479
509
525
539
562
576
609
638
653
655
650
652
662
668
675
692
679
671
663
661
660
671
688
670
665
659
643
652
659
650
657
640
639
632
633
650
651
664
657
630
586
545
533
515
487
454
406
349
318
311
305
305
293
256
234
220
220
206
164
133
81
68
107
156
225
286
297
297
268
219
143
32
-102
-241
-357
-464
-580
-708
-841
-956
-1013
-1059
-1121
-1309
-1641
-2046
-2392
-2573
-2570
-2410
-2200
-2026
-1951
-1891
-1810
-1702
-1570
-1467
-1433
-1442
-1448
-1401
-1264
-1058
-791
-520
-264
-67
48
86
78
99
154
263
386
502
608
703
829
951
1060
1116
1100
1025
940
874
821
784
716
635
563
535
547
583
583
498
377
252
136
51
-11
-59
-85
-64
33
189
354
452
478
459
481
547
595
621
581
530
529
631
730
750
639
458
392
488
691
773
550
22
-477
-529
35
1030
1808
1903
1419
788
503
902
1740
2396
2468
1985
1283
792
788
1160
1558
1675
1392
805
189
-194
-225
30
374
601
568
286
-67
-242
-48
406
840
1002
873
630
540
759
1091
1174
757
-115
-1069
-1708
-1920
-1994
-2353
-3144
-4161
-4967
-5201
-4876
-4419
-4260
-4523
-4975
-5205
-4962
-4296
-3524
-2957
-2641
-2379
-1888
-1096
-195
589
1093
1319
1466
1683
1968
2211
2316
2346
2349
2379
2422
2369
2202
1940
1696
1473
1234
887
400
-109
-499
-642
-622
-589
-710
-1026
-1363
-1555
-1587
-1584
-1637
-1810
-1998
-2028
-1805
-1372
-928
-605
-372
-116
199
606
1021
1326
1539
1738
2011
2322
2598
2763
2782
2705
2581
2416
2165
1764
1248
776
456
279
174
21
-252
-527
-680
-674
-508
-330
-238
-206
-143
73
472
972
1446
1846
2133
2356
2576
2735
2859
2926
2954
2978
2963
2899
2778
2601
2419
2274
2152
1961
1678
1312
902
522
209
0
-132
-255
-382
-506
-590
-600
-523
-389
-387
-695
-1388
-2358
-3364
-4117
-4459
-4544
-4728
-5196
-5727
-6040
-5947
-5439
-4943
-4938
-5362
-5779
-5629
-4749
-3405
-2070
-1208
-838
-514
152
1059
1854
2211
2140
1934
1996
2520
3222
3614
3474
2964
2370
1877
1513
1152
666
137
-242
-366
-401
-583
-947
-1406
-1760
-1903
-1916
-1972
-2107
-2197
-1967
-1387
-798
-526
-718
-1195
-1537
-1381
-749
-30
353
442
594
979
1628
2312
2514
2177
1760
1691
2153
2854
3306
3264
2771
2187
1843
1714
1459
876
190
-258
-265
120
513
534
175
-258
-371
-120
247
508
704
957
1482
2252
2954
3288
3161
2941
2908
3101
3392
3574
3601
3581
3660
3902
4017
3704
3034
2341
1881
1737
1749
1659
1340
895
643
604
506
140
-434
-970
-1271
-1330
-1522
-2332
-3837
-5518
-6654
-7048
-7072
-7242
-7687
-8139
-8201
-7628
-6847
-6611
-7054
-7504
-7160
-5781
-3837
-2079
-1035
-641
-193
832
2087
2850
2870
2529
2392
2858
3875
4732
4721
3918
2940
2289
1919
1534
900
58
-656
-830
-586
-520
-1085
-2098
-2987
-3347
-3169
-2798
-2612
-2648
-2496
-1884
-1094
-746
-1124
-1862
-2293
-1922
-808
451
1191
1392
1566
2077
2839
3296
3092
2499
2119
2440
3426
4345
4508
3857
2914
2265
1963
1723
1152
292
-436
-624
-284
39
-106
-706
-1277
-1431
-1021
-364
168
533
959
1663
2513
3194
3465
3422
3403
3703
4234
4742
4990
5010
5000
5005
5007
4802
4241
3499
2917
2676
2681
2684
2479
2007
1452
1048
808
522
62
-465
-851
-1050
-1312
-2005
-3287
-5071
-6807
-7874
-8306
-8517
-8817
-9027
-8939
-8654
-8274
-8089
-8409
-8821
-8408
-6923
-4975
-3226
-1878
-877
-39
974
2070
2680
2629
2569
3089
3977
4803
5276
5085
4243
3293
2639
2093
1335
501
-11
-264
-439
-558
-918
-1731
-2722
-3457
-3754
-3763
-3568
-3101
-2520
-2010
-1583
-1388
-1592
-2137
-2650
-2659
-2117
-1202
-125
912
1775
2313
2625
2819
2749
2529
2688
3282
3932
4506
4902
4889
4406
3702
2927
2001
1060
535
524
639
533
181
-389
-1075
-1482
-1474
-1364
-1276
-997
-364
480
1293
1935
2307
2394
2532
2973
3610
4239
4806
5336
5696
5853
5838
5609
5179
4664
4213
3971
3899
3801
3612
3282
2782
2191
1756
1463
1008
387
-98
-369
-722
-1431
-2711
-4662
-6845
-8433
-9105
-9465
-9965
-10340
-10352
-10148
-9818
-9507
-9747
-10366
-10179
-8664
-6533
-4539
-2911
-1638
-667
393
1696
2605
2835
3071
3914
5017
5926
6575
6636
5906
4879
4045
3286
2457
1780
1339
874
323
-157
-690
-1571
-2711
-3793
-4569
-4852
-4518
-3800
-3225
-2944
-2761
-2569
-2473
-2597
-2926
-3136
-2823
-1861
-535
685
1544
2026
2387
2785
3048
3199
3437
3890
4510
5074
5363
5203
4685
4048
3334
2518
1702
1083
699
444
142
-323
-955
-1547
-1860
-1933
-1905
-1695
-1164
-421
411
1109
1553
1851
2189
2712
3381
4078
4721
5356
5954
6337
6499
6515
6343
5997
5627
5335
5136
4938
4672
4235
3518
2619
1918
1522
1116
553
116
-146
-514
-1157
-2324
-4283
-6667
-8590
-9548
-9915
-10326
-10583
-10392
-10142
-10062
-9976
-10317
-11118
-11136
-9735
-7689
-5677
-3738
-1987
-635
352
1266
1965
2263
2767
3896
5171
6106
6854
7249
6912
6039
4974
3907
2982
2346
1917
1476
927
366
-142
-936
-2226
-3719
-4878
-5297
-5025
-4452
-3984
-3679
-3435
-3198
-3035
-3203
-3745
-4055
-3644
-2648
-1389
-230
722
1532
2169
2687
3091
3202
3331
3933
4701
5290
5747
5920
5633
5007
4227
3249
2230
1527
1096
782
394
-85
-563
-1171
-1884
-2377
-2599
-2547
-2035
-1274
-608
53
781
1433
2016
2569
3130
3839
4743
5717
6581
7131
7278
7263
7145
6810
6536
6361
6100
5852
5619
5155
4544
4081
3584
2870
2165
1570
914
-133
-1624
-3590
-6081
-8464
-9905
-10658
-11532
-12101
-11977
-11996
-12288
-12220
-12317
-12906
-12775
-11364
-9493
-7635
-5500
-3236
-1469
-118
1208
2227
2689
3344
4681
5949
6836
7845
8558
8379
7787
6955
5680
4349
3384
2706
2042
1357
716
-30
-1107
-2525
-3966
-5244
-6140
-6210
-5732
-5299
-4788
-4135
-3825
-3825
-3875
-4118
-4454
-4279
-3391
-2128
-748
567
1770
2589
2868
3152
3561
3739
4154
5059
5825
6268
6640
6656
5957
4794
3634
2589
1678
1040
624
190
-462
-1106
-1611
-2287
-3052
-3407
-3316
-2947
-2204
-1220
-355
244
847
1569
2183
2849
3806
4902
5899
6855
7728
8213
8287
8248
8109
7729
7391
7397
7547
7492
7147
6531
5589
4439
3472
2641
1517
-83
-1995
-4228
-6865
-9638
-11873
-13035
-13598
-13826
-13321
-12760
-13040
-13191
-12647
-12450
-12398
-11278
-9257
-7049
-4331
-1163
1380
2717
3556
4582
5239
5470
6276
7384
7759
7943
8442
8180
6895
5515
3921
1777
-51
-1117
-1840
-2500
-3256
-4120
-5144
-6298
-7183
-7660
-8091
-8181
-7219
-5669
-4106
-2381
-1027
-534
-109
654
1207
1569
2145
2743
3442
4470
5389
5824
5505
4525
3729
3268
2747
2529
2561
2199
1674
1448
1079
146
-1008
-2040
-2886
-3296
-3162
-2717
-2312
-2313
-2378
-1950
-1396
-884
84
1034
1603
2472
3790
4869
5507
5960
6153
6237
6681
7370
7839
7928
7638
7213
6817
6291
5794
5342
4597
4030
3965
3714
3169
2777
2307
1507
854
604
130
-1003
-2728
-5239
-8824
-12778
-15216
-15337
-14354
-12852
-10686
-9433
-9720
-9352
-7872
-7012
-6391
-4465
-1695
1060
4363
7743
9063
8110
6839
6105
5358
4787
4784
4384
2839
1391
511
-1177
-3696
-6075
-8221
-9712
-9663
-8414
-7179
-6533
-6258
-5867
-5050
-3826
-2297
-919
207
1967
4664
7142
8688
9269
8478
6968
6232
6040
5247
3860
2132
24
-2110
-3787
-5097
-6428
-7440
-7186
-5691
-4015
-2529
-1270
-705
-312
943
2652
4001
4952
5260
4815
4202
3512
2340
1003
-215
-1324
-1735
-1352
-1092
-1205
-1299
-1084
-238
1349
3289
4955
6029
6708
7439
8230
8621
8597
8481
8224
7851
7443
6494
4770
3037
1903
1486
1717
1919
1642
1091
400
-400
-1111
-1749
-2126
-1984
-2244
-4049
-7637
-12802
-17815
-19391
-16931
-12970
-8685
-4963
-3568
-3222
-1419
917
2149
3207
5119
7404
9861
12255
12691
9547
4268
-409
-3608
-5639
-6599
-7480
-9516
-11607
-12225
-12195
-12195
-11675
-10804
-9114
-5334
-185
4254
7053
8246
8544
9083
10126
10894
10366
8414
6114
4709
3918
2412
75
-2787
-5900
-7694
-7485
-7004
-7484
-8164
-8097
-7016
-5069
-2325
409
1835
3103
5609
7665
8316
8432
7612
5801
4516
4018
2691
279
-2291
-4932
-6922
-7435
-7258
-6978
-6464
-5559
-3928
-1780
590
2955
4709
6367
8752
11012
12333
12784
12101
10412
8900
8125
7259
5888
4447
2883
1529
770
-132
-1281
-2096
-2401
-1759
-204
1122
1828
2135
1897
1526
1595
2090
2988
3572
2046
-2569
-9516
-17100
-21627
-20275
-15537
-10276
-5003
-1792
-1079
193
2491
3671
3698
4432
6458
8871
10882
11586
9151
2941
-4105
-8910
-11795
-13551
-13617
-13245
-13668
-13096
-10918
-8878
-7210
-5093
-2298
1696
6952
12098
15321
15819
14268
12215
10375
8135
5077
1424
-2554
-5509
-6248
-6395
-7345
-8540
-9761
-10136
-8200
-4881
-2127
-27
1924
4008
6325
7983
8064
6816
4861
3043
2608
2528
1029
-926
-2581
-4078
-4721
-4412
-4218
-4731
-5090
-4281
-2600
-827
789
1822
1873
1659
2114
2906
3387
3853
4505
5040
5778
6818
7158
6666
6166
5870
5917
6524
7130
6781
5658
4548
3324
1890
426
-1142
-2409
-2789
-2184
-741
1075
2526
3316
3616
4095
4987
5755
5508
2363
-4696
-13897
-21793
-24565
-21200
-15004
-8550
-3008
-96
1085
3229
5545
5425
3931
3812
5093
6869
9003
9629
6010
-1190
-8214
-13165
-16777
-18481
-17701
-16234
-14118
-9603
-3992
315
3035
4701
6068
8198
11568
14936
16289
15184
12254
8312
4243
-394
-6090
-11660
-15497
-16276
-13631
-9463
-5792
-3177
-1802
-578
1979
5056
7060
8538
10198
11303
11532
10625
7311
2033
-3185
-6959
-8198
-7556
-6690
-5957
-5016
-3646
-2005
-263
1350
1837
1408
1855
3147
3746
3430
2444
388
-2204
-3813
-3755
-2951
-1714
738
3653
5915
7938
9558
9915
9554
9378
9139
8593
7953
6815
4885
2823
788
-1483
-3545
-4847
-4923
-3680
-1433
1830
5181
7173
8122
8618
8364
7685
6899
4659
-955
-9770
-19082
-25921
-27714
-24145
-17963
-11312
-5207
-526
3551
7910
10584
10158
8220
6634
5988
6156
6753
6032
2208
-3899
-9978
-15021
-19085
-21382
-21216
-18888
-14071
-6450
2143
9187
13254
14332
13821
12939
12055
11378
10191
7757
4748
1775
-1649
-6381
-12320
-17850
-20983
-20094
-14986
-7733
-381
5819
9866
12148
13619
13644
11750
9367
7514
5737
3971
2207
-814
-5535
-10265
-13145
-13648
-11782
-7697
-2618
1905
5840
9283
10928
10177
7752
4297
708
-1834
-3019
-3654
-4518
-5446
-6153
-6500
-5767
-3522
-330
3389
7593
11450
14016
15111
14902
13173
9998
6506
3637
1243
-647
-1503
-1769
-2394
-2763
-2222
-1569
-677
1147
3428
5987
8877
11202
12321
12467
11612
9067
3934
-4188
-14517
-24835
-31477
-31894
-26653
-18552
-9735
-1543
4567
9054
13213
15440
14007
10752
7898
5681
4013
3008
1323
-2657
-8271
-13526
-17632
-20644
-21947
-20876
-17593
-11986
-3628
5901
13783
18671
20242
18679
15337
11650
7806
3537
-609
-3739
-5780
-7361
-9307
-12325
-15604
-17261
-15904
-10995
-3760
3821
10682
15986
18956
19597
17716
13157
7193
1604
-2872
-6351
-8693
-10388
-11995
-12768
-12007
-9688
-6037
-1491
3329
7981
11964
14702
15451
13591
9244
3333
-2426
-7050
-10350
-11720
-11504
-10530
-8393
-5085
-1554
1826
5116
8237
10992
13032
14094
14030
12671
10242
7235
3864
339
-2519
-4041
-4365
-3499
-1689
-58
1100
2358
3771
5316
6892
8256
9221
10052
11162
11847
10241
4266
-5786
-17589
-27579
-32386
-30630
-23915
-15001
-5131
4046
11053
16451
19662
18230
12889
7281
3091
110
-1202
-1271
-2390
-5523
-9192
-12306
-15305
-18253
-19836
-18900
-15315
-8627
831
10361
17236
20721
21017
18394
13621
7788
1529
-4270
-8153
-9682
-9386
-8501
-8723
-10158
-11211
-10833
-8489
-4177
978
6242
11424
15651
17965
17614
13858
7397
599
-4696
-8127
-9687
-9744
-9238
-8579
-7378
-5569
-3702
-1946
175
2739
5569
8814
11773
12900
11329
7403
2141
-3467
-8391
-11594
-12853
-12443
-10212
-6287
-1599
2745
6012
8002
8949
9292
9275
8877
8043
6953
5752
4485
3254
2007
599
-754
-1441
-1269
-578
531
2019
3357
4185
4786
5347
5551
5350
5323
5881
6833
7657
6911
2612
-6021
-17206
-26944
-31531
-29813
-23441
-14379
-3856
6339
14783
21322
24485
21878
14550
6391
-248
-5068
-7751
-8405
-8526
-9278
-10067
-10460
-11573
-13864
-16011
-16334
-13897
-8146
642
10297
18042
22450
23384
20859
15290
7745
-694
-8587
-14019
-15812
-14239
-10997
-8278
-6796
-5618
-3975
-1455
1742
4597
7108
9787
12215
14018
14340
11536
6054
387
-4152
-7566
-9789
-11152
-12137
-12282
-10579
-6991
-2773
1301
5092
8254
10670
12512
13269
11704
7729
2502
-2904
-7653
-11041
-12589
-12478
-11164
-8497
-4450
108
4220
7479
9647
10829
11207
10747
9554
7758
5454
3062
1068
-284
-1019
-1306
-1175
-548
578
1932
3076
3809
4054
3939
4088
4763
5391
5913
6934
8245
9109
8507
4491
-4420
-16251
-26516
-31714
-30644
-24548
-15422
-4482
6459
15583
22742
26363
23510
15397
6563
-888
-6966
-10672
-11604
-11343
-10969
-9985
-8679
-8707
-10719
-13181
-14182
-12949
-8688
-1194
7519
15020
20343
22857
21815
17271
9900
750
-8337
-15133
-18250
-17504
-14302
-10793
-7573
-4106
-619
2649
5480
6970
7518
8502
9872
10869
10877
8721
4304
-399
-3996
-6622
-8396
-9355
-9984
-9869
-8074
-5056
-1853
1236
3940
5883
7494
9132
10033
9214
6706
3194
-580
-4102
-7121
-9271
-10263
-10015
-8366
-5244
-1289
2458
5453
7732
9293
9803
9089
7438
5398
3447
1953
1166
1035
1210
1472
1926
2438
2805
2814
2399
2049
2017
2098
2588
3818
5006
5739
6702
7983
9114
9587
8154
2910
-6518
-17609
-26538
-30430
-28801
-23209
-14870
-4300
6543
15812
23135
26367
22913
14860
6583
-564
-6808
-11121
-12796
-12763
-11866
-10107
-8166
-8001
-10318
-13106
-14136
-12736
-8540
-1621
6517
14093
19962
23222
22997
18711
10805
1022
-8385
-15415
-18883
-18621
-15745
-12010
-7911
-3247
1295
5026
7484
8272
8299
8622
9010
9225
8805
6560
2873
-403
-2839
-4990
-6785
-8323
-9805
-10231
-8741
-5951
-2722
654
3957
6757
9068
10979
11511
9642
5929
1748
-2161
-5597
-8286
-9818
-10116
-9415
-7390
-4075
-626
2177
4548
6719
8382
9066
8660
7409
5634
3841
2503
1573
895
631
850
1428
2345
3318
3851
3791
3371
2964
2923
3280
3992
5053
6211
7435
8726
9268
7487
1969
-7288
-17815
-26155
-29633
-27532
-21745
-13572
-3054
7808
16774
23623
26631
22993
14724
6623
-302
-6914
-11838
-13833
-13921
-13077
-10940
-8188
-7241
-8918
-11118
-11845
-10711
-7368
-1545
5637
12414
17849
21252
21397
17693
10628
1328
-8020
-15081
-18906
-19465
-17266
-13620
-9105
-3754
1571
6032
8780
9408
9176
9200
9053
8577
7624
5236
2005
-498
-2306
-4035
-5646
-7214
-8584
-8921
-7933
-5986
-3448
-631
2473
5886
9114
11343
11949
10672
7392
2912
-1319
-5171
-8867
-11282
-11622
-10508
-8240
-4788
-913
2358
4651
6644
8544
9173
8269
7074
5828
4181
2866
2318
2003
1609
1356
1502
2080
2731
3020
3005
2917
2927
3357
4127
4846
5513
6129
6565
6993
6394
2525
-5120
-14325
-22437
-26938
-26004
-21014
-13935
-4659
5536
14094
20829
24851
23070
16232
8624
1871
-4735
-10363
-13288
-13783
-13416
-12210
-9660
-7644
-8202
-9774
-9842
-8574
-6340
-2065
3928
9774
14617
18080
19225
17361
12169
4354
-3921
-10934
-15898
-18115
-17707
-15492
-11719
-6709
-1229
4231
8319
9922
10389
10775
10240
8940
7329
4601
1266
-1186
-2773
-4002
-5006
-6110
-7330
-7763
-6781
-4861
-2813
-607
2069
4714
6817
8526
9743
9206
6585
3390
245
-3468
-7045
-9304
-10367
-10228
-8554
-5641
-1990
1673
4587
6911
8685
9204
8498
7162
5474
3961
2990
2367
2272
2611
2667
2632
3096
3483
3215
2686
2419
2607
2999
3432
4265
5431
6336
6790
6305
3248
-3544
-12437
-20458
-25481
-26002
-22562
-16583
-7749
2783
11834
18865
23723
23397
17635
10622
4433
-1923
-7908
-11601
-12688
-12339
-11313
-9534
-7860
-8115
-9836
-10394
-9076
-6726
-3023
2180
7689
12504
16144
17699
16359
12087
5556
-1717
-8026
-12545
-15097
-15835
-15257
-13035
-8960
-4192
657
5009
7627
9162
10740
11476
10889
9189
5718
1347
-1830
-3885
-5882
-7255
-7390
-6797
-5310
-2541
344
2022
2884
3642
4363
4974
5030
4444
3900
3183
1944
868
-462
-3073
-5917
-7491
-7947
-7646
-6292
-3667
-261
3037
6161
9047
10394
9636
7760
5508
3244
1458
427
435
1481
3046
4925
6735
7565
6957
5356
3724
2664
2270
2643
3698
4796
4968
2731
-3021
-11224
-19441
-24908
-25469
-22068
-16287
-7660
2335
10926
18300
23709
23333
17278
10136
3931
-2348
-8072
-11287
-12172
-12211
-11268
-8756
-6715
-7444
-9558
-10201
-8988
-6532
-2363
3237
8685
13012
16043
17030
15143
10329
3394
-3876
-9636
-13158
-14420
-13926
-12512
-10255
-7165
-3705
63
3213
4738
5929
7778
9353
10234
9976
7559
3795
374
-2614
-5650
-8274
-9827
-9865
-7857
-4037
193
3537
5616
6922
7920
7927
6508
4519
2363
21
-1551
-1982
-2553
-3858
-4928
-5275
-5425
-5569
-5151
-3842
-2063
120
3271
6790
8976
9590
9555
8843
7260
5227
3247
1779
981
1163
2655
4787
6399
7322
7797
7572
6921
6230
5152
3611
1566
-2205
-8379
-15273
-20993
-23836
-22330
-17825
-11900
-4058
4197
10565
15968
19839
18818
13608
8260
3812
-982
-5562
-8344
-9397
-10186
-10657
-9603
-8448
-9589
-11327
-10699
-8326
-5237
-692
4992
10211
14068
16241
16413
14100
8887
1922
-4559
-9493
-12633
-13723
-13398
-12343
-10329
-7500
-4246
-499
2520
3762
5002
7114
8690
9435
9308
7193
3766
801
-1969
-5036
-7605
-9288
-9895
-8345
-4713
-911
2117
4835
7162
8617
9196
8683
6858
4226
1453
-798
-2274
-3573
-5056
-6095
-6313
-6091
-5636
-4794
-3466
-1699
435
2948
5552
7363
7967
7859
7605
6944
5634
4348
3585
3332
3578
4454
5757
6723
6877
6594
6472
6513
6380
5558
3030
-1961
-9213
-17336
-23525
-25028
-22581
-18372
-11235
-1186
7620
14017
19595
21720
17888
11476
6017
1060
-4077
-8027
-9523
-9389
-9032
-8150
-6728
-6985
-9483
-11470
-11351
-9685
-6215
-851
5258
11166
15917
18474
18255
14779
8294
783
-5826
-10751
-13428
-13846
-12954
-11322
-8800
-5907
-3171
-767
648
1692
3607
5587
7201
8717
8534
6359
4124
1915
-920
-3671
-5841
-7122
-7146
-6004
-3887
-1484
216
1516
3257
4925
5734
6068
6198
5663
4516
3223
1704
-433
-3106
-5491
-6834
-7355
-7328
-6415
-4549
-2212
353
3235
5852
7200
7350
6961
6333
5740
5210
4881
5100
5515
5884
6588
7319
7450
6805
5831
5335
4996
4052
2362
-1198
-7525
-15220
-21543
-23461
-21046
-17004
-10745
-1613
6385
11763
16842
19380
15894
9427
4562
895
-3217
-6463
-7222
-6745
-6905
-6881
-5770
-6179
-9446
-12100
-11987
-10274
-7111
-1721
4858
10531
14414
16551
16415
13106
7125
465
-5185
-9047
-10661
-10171
-9017
-7971
-6736
-5717
-4652
-3216
-2677
-2434
-649
1932
4562
7302
8603
7728
5992
4104
1988
-258
-2314
-3782
-4530
-4292
-3074
-1809
-1142
-713
123
1126
1832
2610
3448
3678
3480
3337
2970
2016
524
-988
-2189
-3296
-4168
-4357
-3848
-3015
-1906
-120
1885
3256
4212
4989
5406
5689
6011
6396
6721
6530
6214
6569
6961
6715
6272
5858
5160
4256
3123
146
-5761
-13077
-20049
-23933
-22186
-17681
-12340
-3842
5331
11544
16722
20400
18564
12308
6304
2010
-2031
-6003
-8015
-7857
-7623
-7563
-6275
-5543
-7947
-10912
-11226
-9853
-7339
-2547
3538
9161
13523
16280
16941
14356
8868
2499
-3324
-7801
-10101
-10257
-9588
-8807
-7329
-5599
-4397
-3092
-2522
-3074
-2353
-426
1502
4227
6311
6362
6406
6653
5491
3411
1149
-1369
-3403
-3919
-3256
-2908
-3016
-2535
-1422
-37
1408
2519
3249
3751
4107
4364
3973
2495
367
-1671
-3085
-3815
-4109
-4055
-3277
-1604
427
2586
4829
6138
6021
5527
5330
5174
4754
4320
4350
4373
4442
5606
6887
6907
6426
5818
4350
1239
-4078
-11157
-18640
-23425
-22746
-18869
-13859
-6177
1852
7509
13245
18307
17935
12932
8086
4461
867
-2192
-3737
-4720
-6296
-7418
-6922
-6906
-9938
-13696
-14655
-13247
-10105
-4468
2326
8379
13298
17069
19081
17811
12917
6338
139
-4604
-7532
-8853
-9545
-10573
-11154
-10641
-9617
-8085
-6686
-5641
-3220
598
4528
8375
10654
10331
9154
7983
6297
3968
1136
-1660
-3949
-5135
-5068
-4958
-5493
-5690
-4774
-2809
-167
2635
5196
7107
8374
9078
8753
6821
3310
-566
-3414
-5211
-6293
-6279
-5241
-3787
-1877
734
3358
4827
5424
6072
6690
7414
8380
8712
8130
7313
6589
5787
4758
3696
2323
674
-307
-1542
-4938
-10234
-16151
-20555
-20649
-17287
-12571
-5955
1220
6825
12056
16667
17127
13026
7957
3867
316
-2703
-4573
-5729
-6907
-7578
-6968
-6351
-8006
-10900
-12124
-11355
-9126
-4896
523
5544
9805
13364
15538
15159
12030
7317
2554
-1276
-3742
-4840
-5605
-6800
-7635
-8048
-8514
-8105
-7211
-6764
-5070
-1506
2231
5530
7818
8024
6686
5307
4372
3158
1560
336
-415
-792
-636
-764
-2039
-3908
-4958
-4504
-3127
-1346
758
2658
4009
5073
5663
5064
3022
566
-1049
-1609
-1494
-938
-132
579
1124
1984
3032
3271
2826
2663
3231
4544
6126
7028
7036
6793
6558
6347
6144
5551
4171
2250
-88
-3398
-8273
-14332
-19091
-20266
-18836
-15621
-9927
-3599
1437
6606
11882
14218
12956
10487
8119
5451
2831
1078
-442
-2999
-5844
-7394
-8734
-11416
-14061
-15126
-14769
-12558
-8016
-2370
2813
7085
10610
13028
13631
12389
10045
7256
4531
2643
1351
-626
-3397
-6429
-9441
-11508
-12098
-11704
-10150
-7169
-3361
1036
5208
7556
7962
7305
6171
5191
4693
4168
3270
2348
1617
878
-178
-1965
-4088
-5412
-5533
-4431
-2258
137
1960
3276
4253
4585
3942
2392
584
-653
-990
-589
199
912
1232
1508
2046
2590
2926
3107
3543
4543
5862
7138
8169
8345
7629
6922
6330
5304
3918
2342
103
-3160
-7140
-11395
-15299
-17713
-17803
-15468
-11385
-6571
-1706
2834
6590
9073
9937
9336
8060
6715
5362
4088
2826
893
-1803
-4528
-7175
-10034
-12672
-14431
-14962
-13881
-11042
-6944
-2540
1483
4913
7538
9085
9640
9189
7791
6263
5240
4295
2819
702
-1937
-4792
-7063
-8098
-8308
-8198
-7453
-5629
-3188
-772
1479
2967
3511
4099
5012
5743
6053
5810
5049
3953
2798
1580
24
-1614
-2723
-2957
-2303
-1017
155
893
1269
1309
1243
956
372
-126
-367
-245
365
1002
1156
1026
966
1070
1409
2092
2933
3744
4802
6209
7284
7533
7138
6273
5042
4163
3930
3735
3358
2607
1286
-814
-4186
-8466
-12227
-14947
-16098
-14454
-11092
-7530
-3470
415
3223
5124
5822
5390
4657
4050
3965
4213
3960
3018
1642
-173
-2433
-4938
-7519
-9888
-11346
-11166
-9699
-7591
-5105
-2816
-749
1369
3065
4201
4895
4944
4723
4694
4552
3955
2898
1422
-236
-1539
-2526
-3387
-3815
-4170
-4456
-4105
-3588
-3175
-2553
-1749
-617
1079
2981
4719
5952
6325
6152
5557
4285
2691
1131
-262
-1073
-1117
-499
110
185
157
31
-281
-460
-530
-467
-68
670
1637
2606
3079
2901
2479
2030
1684
1619
1696
2091
2793
3387
4129
4972
5369
5406
5449
5422
5275
5224
4908
4097
2711
459
-2068
-4617
-7252
-9128
-10267
-10873
-10222
-8691
-7151
-5146
-2695
-976
371
2000
3028
3166
3102
3006
2471
1538
560
-453
-1632
-3026
-4214
-4853
-5488
-6117
-5909
-5236
-4620
-3587
-2323
-1307
-404
350
643
681
600
162
-54
88
79
233
565
775
789
579
239
-181
-638
-1042
-1074
-871
-746
-332
178
285
196
167
151
103
205
571
1069
1701
2481
3133
3505
3602
3490
3194
2600
1748
960
462
146
177
467
543
551
591
598
643
567
484
625
1029
1658
2338
3137
3838
4041
3989
3802
3388
2847
2445
2393
2658
3180
3906
4628
5097
5107
4459
3212
1665
-455
-3090
-5211
-6770
-8069
-8676
-8517
-8004
-7563
-6809
-5541
-4603
-3907
-2847
-1670
-663
434
1794
2682
2882
2966
2557
1416
202
-966
-2296
-3341
-3946
-4336
-4424
-4371
-4240
-3957
-3662
-3150
-2360
-1601
-863
-118
520
937
1090
1084
865
674
689
634
670
769
774
919
1026
1040
982
699
534
595
635
710
888
885
653
572
528
299
124
185
370
694
1214
1685
2060
2439
2674
2941
3259
3354
3415
3385
3161
2745
1982
1188
571
1
-380
-408
-249
-131
79
444
675
887
1241
1584
2074
2885
3735
4249
4544
4543
4015
3307
2638
1860
1113
590
210
-62
-499
-1383
-2328
-3216
-4420
-5211
-5393
-5818
-5896
-5417
-5094
-4748
-4212
-3787
-3442
-2961
-2354
-1695
-1022
-325
314
724
839
785
483
-164
-831
-1273
-1728
-2192
-2145
-2060
-2416
-2629
-2840
-3241
-3287
-2967
-2531
-1865
-907
65
787
1127
1105
856
392
29
45
118
225
755
1365
1642
1696
1603
1426
1206
1142
1183
1197
1279
1407
1519
1519
1338
964
607
538
538
633
970
1259
1583
1944
2246
2512
2620
2684
2785
2868
2912
2903
2815
2610
2330
1970
1530
976
254
-324
-683
-881
-630
-204
247
921
1514
1983
2413
2595
2472
2276
2185
2035
1780
1483
1128
671
143
-277
-731
-1431
-2182
-2835
-3333
-3661
-3792
-3674
-3531
-3288
-2837
-2414
-2138
-2002
-2078
-2319
-2409
-2368
-2312
-2106
-1895
-1736
-1394
-1079
-895
-791
-739
-704
-664
-606
-584
-712
-945
-1077
-1096
-1142
-1281
-1380
-1585
-1905
-2069
-2114
-2172
-2037
-1594
-1041
-484
40
421
618
736
829
900
939
952
1012
1217
1460
1568
1595
1510
1284
1027
789
628
539
525
690
1006
1354
1576
1715
1863
1797
1620
1644
1627
1576
1708
1872
2062
2143
2004
1826
1534
1073
771
658
490
377
459
569
670
819
980
1093
1268
1510
1679
1745
1654
1497
1329
1070
838
677
399
136
28
-159
-379
-640
-1024
-1344
-1554
-1700
-1724
-1497
-1246
-1083
-725
-444
-377
-334
-473
-766
-1039
-1314
-1445
-1388
-1375
-1355
-1346
-1498
-1606
-1581
-1571
-1473
-1208
-821
-367
-65
-15
-159
-531
-966
-1319
-1631
-1929
-2162
-2182
-2002
-1796
-1641
-1626
-1753
-1923
-1983
-1819
-1490
-990
-348
314
917
1330
1535
1484
1251
932
604
393
219
150
206
234
302
497
709
887
1068
1229
1332
1400
1456
1465
1463
1394
1385
1392
1243
1098
882
537
373
342
319
545
873
1107
1379
1608
1681
1701
1544
1213
1063
796
504
531
554
482
469
379
196
44
-179
-344
-302
-253
-198
119
391
406
478
470
298
213
124
-89
-207
-199
-278
-305
-186
-301
-519
-656
-814
-974
-1122
-1155
-1068
-977
-905
-657
-343
-303
-274
-110
-158
-305
-237
-245
-357
-435
-454
-448
-454
-437
-579
-798
-1041
-1317
-1595
-1805
-1945
-2040
-1849
-1519
-1143
-612
-250
-26
169
147
78
69
12
67
254
421
619
804
770
618
544
341
105
81
13
-12
172
312
349
440
402
233
185
75
-101
2
111
311
824
1070
1256
1510
1407
1182
1034
809
500
336
378
392
417
376
122
-122
-383
-588
-578
-644
-666
-316
-61
150
547
682
636
786
820
615
532
345
136
145
180
270
388
506
410
265
119
-130
-315
-362
-589
-683
-535
-604
-434
-276
-308
-106
25
165
234
151
223
180
95
249
177
-162
-141
-238
-383
-423
-742
-793
-895
-1079
-867
-828
-964
-688
-455
-396
-183
-66
-38
-30
5
-12
-54
60
12
56
126
-101
72
140
121
332
269
382
472
487
605
402
363
326
-103
-103
-205
-577
-297
-273
-375
76
128
339
893
811
968
1285
1040
1084
1245
798
655
560
99
-118
-438
-839
-1145
-1324
-1436
-1468
-1139
-947
-571
-48
145
454
620
810
985
843
837
741
373
446
136
-197
-79
-598
-371
-298
-681
-458
-667
-600
-305
-226
-134
-86
-33
-58
11
-23
-171
-200
-248
-385
-287
-354
-412
-181
-60
113
103
213
171
119
103
-92
22
-191
-171
-232
-431
-260
-520
-520
-435
-557
-378
-358
-255
-4
-128
21
263
188
314
338
309
262
286
285
166
229
-54
25
23
-239
-150
-183
-44
49
201
283
316
353
263
393
359
232
463
637
610
769
675
752
782
537
663
345
176
120
-260
-264
-543
-713
-627
-676
-819
-597
-459
-499
-58
77
179
501
588
712
969
821
786
846
426
237
-52
-421
-475
-552
-652
-485
-375
-385
-109
-199
-201
-146
-387
-121
-124
-77
87
62
65
-1
-34
-240
-566
-683
-862
-865
-673
-577
-86
-20
223
650
361
506
453
111
184
-105
-220
-193
-574
-520
-492
-689
-501
-371
-371
-272
-110
-20
206
457
408
571
520
564
460
282
198
-182
-289
-495
-592
-594
-804
-569
-426
-407
80
228
482
616
642
1021
928
853
1104
699
684
631
351
270
-202
-170
-431
-603
-659
-854
-687
-901
-689
-532
-522
-163
-111
184
343
446
673
697
716
679
434
480
483
114
353
79
218
72
-158
25
-501
-404
-322
-457
-337
-304
-296
-2
-59
-59
438
2
165
252
-75
151
-214
-168
2
-226
-156
49
-294
-69
-69
-323
93
-220
19
297
139
514
395
249
404
81
-27
-119
-428
-497
-502
-587
-432
-361
-214
-60
-212
64
157
183
555
260
602
412
295
497
-50
-136
-492
-584
-754
-846
-917
-769
-618
-327
206
301
732
831
979
959
825
813
718
719
429
388
118
-168
-192
-725
-716
-1063
-1107
-1013
-992
-677
-651
-151
-60
353
429
477
637
393
613
470
375
439
171
166
208
-218
-24
-48
-386
77
-262
-147
15
-347
83
-119
-183
0
-235
-27
-6
-130
50
-39
-125
63
-189
60
98
110
275
377
160
614
222
309
385
-178
605
-174
368
168
-85
273
-150
-61
-169
-262
-351
121
-398
225
-64
-107
554
-216
400
181
-99
400
-82
202
161
-130
91
-109
-266
-130
-369
-408
-368
-532
-295
-363
-348
-119
49
-83
377
269
378
433
379
493
409
527
281
544
79
165
83
-227
-235
-384
-492
-697
-376
-643
-523
-408
-473
-161
-50
-50
176
43
321
144
329
219
189
434
72
540
50
266
80
-158
151
-477
-138
-322
-424
-100
-378
-103
-181
3
-190
110
34
-164
259
-319
160
-87
205
311
114
474
77
431
137
178
191
87
251
104
408
57
195
65
-237
108
-381
-104
-186
-189
20
-58
217
100
258
90
255
33
93
163
-115
101
-188
-210
-47
-502
-142
-236
-480
-39
-418
-45
-158
-236
-77
267
-155
299
208
-252
631
-322
351
188
-169
318
-32
69
108
-134
83
38
-157
-49
-160
-357
-133
-318
-288
-25
-344
167
-185
-36
-99
-170
79
-250
242
-10
168
414
113
416
182
199
34
296
61
-54
299
-447
185
-501
-231
-350
-586
-242
-507
-79
-257
143
13
344
193
234
424
232
430
516
304
523
359
248
304
14
-87
-246
-38
-426
-158
-312
-135
-4
-97
246
5
290
183
255
303
129
229
295
157
36
130
-304
-49
-295
-334
-200
-533
63
-248
-27
79
8
92
139
104
11
165
-296
157
-206
-244
-24
-350
-93
-204
-171
-41
-150
73
-25
32
149
-27
185
-125
138
-111
-105
7
-321
-17
-306
-238
-242
-339
-106
-335
-130
-59
45
206
189
355
432
235
497
319
68
241
-230
95
-294
-420
-135
-687
-137
-389
-409
-16
-442
-34
-18
-243
242
-100
324
235
265
316
335
289
280
298
-29
319
-319
5
-194
-337
-161
-144
-67
151
40
2
343
-352
224
25
-250
468
-151
178
435
-313
486
-173
-102
146
-358
-81
-25
-276
190
103
-59
478
-140
402
109
-19
186
110
87
73
217
55
172
64
-81
13
-195
-156
-107
-228
-29
-281
154
55
-87
313
-166
161
108
-164
89
-133
-113
-40
-384
-108
-375
-183
-211
-96
-228
93
-127
-118
444
-327
514
239
65
641
10
270
134
-131
-149
-247
-384
-372
-214
-618
-219
-427
-259
-74
-370
200
-109
138
446
111
577
208
221
392
-259
168
-341
-265
-341
-373
-312
-377
-167
-201
281
-164
512
23
293
452
-96
593
-24
185
274
-30
30
-120
-313
-192
-439
-293
-288
-339
3
-100
57
325
142
405
552
223
536
368
177
448
-132
253
135
-294
482
-421
167
125
-554
458
-225
-212
511
-211
372
332
-96
266
26
-179
45
-335
-158
-2
-386
169
-242
-105
61
-189
-59
138
-164
41
325
-255
391
-180
176
44
-31
121
-275
67
-232
-207
-137
-123
-255
-61
-45
-227
183
-271
-222
270
-338
264
54
43
305
-176
191
31
-237
-15
-30
-512
149
-305
-239
139
-391
135
-59
-41
144
-89
134
16
113
221
105
123
65
119
-117
132
-210
-79
45
-356
177
-121
-165
160
-191
25
73
-228
232
47
-187
553
-141
247
426
-371
672
-118
-66
447
-187
121
327
-131
358
238
-170
675
-188
281
205
-95
71
-52
13
-192
-27
-108
-94
-364
141
-181
-89
213
-218
294
113
-73
360
197
16
338
-71
176
41
-205
47
-442
-117
-159
-495
-51
-255
-390
163
-468
-92
246
-456
530
-42
-39
447
-285
324
23
-399
557
-498
9
315
-687
347
-311
-582
97
-525
-140
172
-547
548
-32
-207
757
-532
478
243
-360
620
-222
80
78
-389
-93
-124
-265
36
13
-205
457
-262
150
356
-524
748
-91
-153
748
-510
437
222
-418
314
-85
-271
25
-161
-87
167
-208
355
1
314
492
-48
676
115
235
410
-171
256
-30
-335
170
-477
-78
-27
-362
176
-397
-35
153
-103
277
233
107
633
190
105
584
-338
165
-18
-408
-105
-196
-218
-333
-106
-265
-165
-145
-281
-118
-138
-300
80
104
-137
124
219
-84
-42
-98
-286
-55
-434
-93
-250
-285
91
-293
280
-75
-16
231
65
108
5
182
-104
328
162
-38
406
-74
130
86
-103
-187
174
-181
-12
254
-323
231
8
-219
48
119
-240
145
162
-113
195
-23
-55
124
-207
84
222
-88
147
-110
81
-358
-198
159
-225
262
217
213
359
143
71
-1
21
-31
57
117
-100
145
-79
-82
-109
-76
-122
-20
203
50
53
143
143
130
203
121
274
75
145
102
-146
-236
-103
-289
-282
-245
-136
-148
-244
-101
-302
-335
-183
-237
-118
-215
-135
111
-171
-224
-277
-239
-430
-142
-250
-298
38
-236
-54
-73
-7
-26
157
216
105
395
232
105
278
125
70
312
148
120
278
179
139
101
92
247
114
303
303
179
347
123
153
233
70
334
308
140
369
190
-17
-18
-104
-138
-33
171
43
89
142
-157
-30
-146
-297
-26
-48
-45
50
-28
-149
-122
-234
-174
-71
-164
-21
-217
-172
-157
-277
-160
-156
31
95
-9
-32
-15
-298
-331
-196
-366
-138
-61
-159
-81
-204
-272
-343
-374
-354
-258
-141
-163
-213
-133
-305
-276
-203
-303
-105
-142
-135
-29
-187
-124
62
6
163
360
374
543
345
367
411
291
497
485
627
789
780
745
757
659
636
664
645
689
596
608
515
359
320
298
143
132
96
-78
-66
-269
-363
-314
-442
-311
-273
-387
-307
-475
-576
-670
-762
-773
-795
-783
-838
-822
-886
-955
-998
-935
-939
-935
-785
-773
-709
-645
-582
-488
-359
-190
-77
-31
43
10
-24
-14
-40
64
233
386
516
626
581
603
536
438
436
485
511
582
621
456
481
355
281
269
398
404
424
430
272
212
141
240
292
464
643
609
665
650
503
458
542
523
715
859
899
1126
1056
1031
1117
986
957
1054
988
1042
1061
1087
1064
929
642
284
-21
-402
-451
-645
-772
-1010
-1409
-1823
-2249
-2394
-2490
-2442
-2437
-2452
-2591
-2745
-2934
-2966
-2805
-2538
-1975
-1520
-1077
-847
-740
-667
-579
-187
265
693
1171
1327
1313
1355
1250
1315
1474
1662
1864
1916
1869
1581
1346
1012
843
944
981
1095
996
655
312
-191
-552
-740
-837
-844
-799
-845
-992
-1138
-1482
-1582
-1605
-1489
-1201
-1017
-927
-960
-900
-928
-694
-338
-8
380
572
597
595
542
655
720
870
1213
1274
1446
1302
1029
870
712
629
618
657
560
476
339
168
134
227
254
375
471
471
582
610
588
696
799
978
1219
1445
1555
1642
1731
1605
1705
1769
1811
1998
2071
2140
2059
1957
1456
892
405
-158
-201
-498
-827
-1209
-1965
-2793
-3258
-3480
-3544
-3380
-3430
-3583
-3727
-3968
-3983
-3785
-3472
-3009
-2432
-1895
-1694
-1432
-1400
-1208
-784
-243
449
967
1284
1355
1323
1472
1710
1972
2357
2487
2399
2309
2002
1746
1585
1353
1341
1326
1120
873
547
-86
-478
-646
-808
-769
-923
-1040
-1289
-1523
-1574
-1655
-1622
-1569
-1637
-1577
-1514
-1540
-1368
-1281
-1186
-812
-442
-60
258
335
445
491
707
964
1114
1330
1394
1321
1393
1321
1337
1281
1080
1145
983
824
773
635
460
469
429
565
664
553
646
464
473
621
804
1099
1253
1257
1363
1425
1555
1788
1974
2252
2390
2398
2345
2304
2140
2227
2303
2315
2266
1931
1243
457
-332
-898
-871
-1027
-1449
-1860
-2823
-3732
-4112
-4288
-4120
-4075
-4197
-4340
-4663
-5010
-4798
-4578
-4202
-3560
-3038
-2467
-2242
-2117
-1898
-1511
-917
10
807
1325
1491
1437
1536
1775
2239
2596
2877
2883
2623
2441
2147
2024
1921
1857
1965
1856
1567
1138
645
132
-104
-233
-209
-350
-749
-1088
-1449
-1683
-1719
-1654
-1672
-1668
-1722
-1689
-1686
-1618
-1481
-1332
-1003
-654
-268
-75
-14
-41
57
299
623
987
1096
1124
1020
954
1024
1223
1428
1459
1413
1220
1055
915
824
789
752
717
630
568
383
210
208
254
431
625
688
764
728
775
1091
1404
1709
1824
1831
1800
1830
2053
2294
2445
2495
2446
2330
2277
2189
2125
2156
2087
1929
1743
1171
319
-440
-1117
-1306
-1242
-1529
-2045
-2934
-4098
-4809
-4892
-4693
-4482
-4467
-4805
-5268
-5535
-5437
-4880
-4238
-3715
-3121
-2742
-2509
-2348
-2071
-1501
-835
25
936
1349
1501
1443
1500
1960
2454
3063
3383
3305
3003
2725
2649
2673
2772
2671
2457
2161
1663
1181
876
494
238
162
7
-230
-634
-1177
-1520
-1628
-1678
-1467
-1462
-1679
-1884
-2082
-2052
-1712
-1331
-1015
-801
-865
-825
-746
-503
-207
118
385
547
606
657
724
663
867
994
1169
1276
1199
1058
789
731
765
915
1054
930
684
363
224
165
226
346
392
334
228
269
312
438
572
728
946
1052
1218
1436
1561
1711
1914
2119
2217
2214
2241
2326
2402
2491
2506
2362
2094
1814
1670
1711
1748
1624
1262
606
-265
-948
-1420
-1525
-1512
-1963
-2505
-3272
-4302
-4755
-4712
-4521
-4353
-4384
-4631
-4987
-5151
-4914
-4246
-3604
-3042
-2549
-2316
-2146
-1948
-1482
-822
-173
651
1269
1571
1662
1685
1932
2371
2895
3206
3307
3080
2644
2455
2455
2508
2514
2286
1830
1440
893
494
318
29
-208
-395
-615
-916
-1296
-1523
-1612
-1615
-1497
-1470
-1543
-1821
-1974
-1898
-1604
-1187
-916
-759
-831
-839
-670
-393
-13
254
387
506
628
703
833
975
971
1024
1063
1017
954
759
591
418
354
348
369
335
170
23
-67
-25
62
127
145
65
20
22
109
288
416
544
649
773
853
1000
1157
1265
1505
1720
1992
2251
2273
2246
2274
2315
2476
2750
2753
2647
2442
2179
2119
2047
1954
1812
1634
1356
1135
809
158
-538
-1247
-1652
-1593
-1625
-1967
-2573
-3607
-4476
-4672
-4386
-3983
-3897
-4191
-4707
-5142
-5140
-4534
-3862
-3348
-3028
-2838
-2615
-2447
-2064
-1480
-907
-305
380
823
1049
1103
1201
1634
2136
2669
2957
2973
2624
2328
2294
2435
2578
2473
2194
1717
1294
923
726
642
377
118
-80
-354
-658
-945
-1153
-1280
-1297
-1224
-1158
-1309
-1552
-1726
-1748
-1533
-1179
-905
-806
-869
-921
-783
-427
-3
291
511
525
509
627
751
865
907
890
879
829
798
729
582
424
286
310
375
350
244
89
-73
-72
57
197
246
173
23
-22
45
162
347
501
582
648
767
929
1159
1352
1553
1789
1975
2084
2197
2263
2287
2306
2360
2415
2302
2193
2074
2028
1986
1962
1927
1684
1401
1175
1060
1082
1019
838
342
-401
-1108
-1682
-1827
-1850
-2062
-2505
-3236
-4172
-4756
-4826
-4589
-4266
-4213
-4414
-4778
-5054
-4984
-4452
-3801
-3280
-2786
-2502
-2340
-2129
-1753
-1153
-442
306
972
1349
1453
1498
1661
2110
2663
3130
3338
3152
2768
2507
2446
2507
2628
2457
2087
1652
1142
753
515
344
151
-30
-256
-569
-929
-1235
-1403
-1406
-1326
-1216
-1226
-1414
-1548
-1604
-1411
-1098
-814
-618
-536
-553
-462
-222
69
468
679
847
960
963
1060
1164
1205
1266
1267
1207
1122
882
707
578
432
348
267
130
-96
-313
-499
-567
-568
-500
-402
-376
-417
-397
-306
-230
-54
146
306
458
596
713
838
977
1145
1388
1550
1698
1745
1678
1747
1820
1942
2140
2178
2111
1966
1815
1763
1812
1892
1942
1869
1633
1426
1152
977
935
942
893
699
173
-575
-1285
-1817
-1875
-1771
-1862
-2197
-2977
-3976
-4480
-4505
-4192
-3833
-3799
-4107
-4599
-4896
-4655
-4018
-3391
-2815
-2399
-2187
-2028
-1722
-1275
-715
-115
557
1179
1473
1627
1620
1705
2036
2449
2897
3092
2949
2555
2230
2139
2168
2249
2182
1960
1548
1094
771
558
346
138
-17
-227
-500
-778
-1014
-1211
-1322
-1259
-1133
-1123
-1186
-1347
-1440
-1367
-1117
-770
-495
-371
-352
-340
-256
34
331
554
733
778
761
786
811
857
869
808
827
797
615
390
177
-124
-256
-228
-253
-325
-495
-704
-839
-817
-716
-526
-413
-408
-369
-264
-75
153
391
598
746
900
1064
1213
1396
1517
1624
1809
1963
1982
2005
1959
1875
1904
1984
2048
2052
1917
1697
1549
1448
1384
1394
1354
1195
1094
968
874
762
564
474
449
458
504
410
-32
-655
-1245
-1559
-1505
-1425
-1495
-1897
-2674
-3454
-3781
-3665
-3363
-3110
-3148
-3408
-3821
-3979
-3738
-3315
-2798
-2420
-2096
-1879
-1795
-1629
-1339
-944
-500
99
619
860
902
871
964
1230
1579
1939
2192
2074
1813
1687
1616
1613
1697
1723
1662
1475
1217
1004
753
508
397
352
275
119
-95
-353
-599
-752
-733
-695
-721
-815
-993
-1126
-1176
-1072
-912
-792
-705
-658
-611
-496
-324
-157
20
163
287
407
506
557
582
574
599
638
643
579
409
199
15
-24
-1
67
64
-89
-203
-275
-261
-149
-58
-12
42
68
175
344
485
632
755
871
1019
1166
1292
1400
1441
1505
1596
1694
1720
1716
1630
1519
1478
1414
1396
1352
1216
1101
963
872
886
892
886
901
868
818
822
767
703
657
571
545
553
462
314
-58
-547
-1030
-1367
-1446
-1531
-1707
-2036
-2597
-3204
-3529
-3599
-3464
-3309
-3271
-3437
-3709
-3868
-3809
-3500
-3119
-2661
-2234
-2000
-1840
-1664
-1473
-1151
-650
-65
474
830
974
1032
1059
1248
1588
1948
2246
2332
2281
2156
2020
1978
2036
2109
2157
2107
1895
1577
1229
875
670
612
511
345
64
-322
-686
-944
-1047
-1079
-1122
-1209
-1310
-1441
-1503
-1472
-1393
-1246
-1072
-891
-721
-606
-487
-337
-199
48
319
521
707
775
760
746
749
755
776
761
699
590
436
314
216
165
136
124
118
91
20
-19
-38
-23
95
231
382
488
507
507
555
630
745
870
962
997
992
1048
1108
1155
1205
1207
1230
1193
1166
1169
1097
1010
961
962
946
926
856
777
706
642
658
646
644
624
591
589
546
482
411
373
304
260
128
-191
-565
-1008
-1286
-1365
-1470
-1587
-1878
-2395
-2838
-3091
-3169
-3085
-2977
-3015
-3173
-3308
-3331
-3186
-2965
-2709
-2414
-2164
-1937
-1673
-1393
-1163
-891
-551
-137
284
679
1010
1201
1320
1427
1625
1852
2084
2228
2262
2227
2095
1964
1882
1793
1713
1621
1493
1304
1035
743
479
254
43
-52
-157
-340
-569
-825
-1075
-1232
-1289
-1268
-1187
-1191
-1198
-1203
-1224
-1175
-1043
-903
-657
-429
-275
-97
-13
68
187
377
599
775
876
921
869
764
745
736
732
723
685
656
573
438
358
284
181
187
230
243
212
147
69
1
-10
55
173
240
307
347
366
361
403
505
624
769
863
915
891
843
817
845
914
983
987
957
891
793
784
803
828
835
837
788
769
762
752
771
757
755
737
701
653
556
452
357
198
10
-217
-487
-777
-1020
-1267
-1493
-1699
-2012
-2316
-2545
-2761
-2886
-2932
-2988
-2983
-2986
-2961
-2826
-2706
-2564
-2314
-2029
-1724
-1378
-1066
-791
-575
-327
22
380
723
1002
1174
1295
1388
1496
1685
1800
1833
1871
1852
1805
1750
1662
1506
1323
1130
979
865
702
515
292
8
-236
-415
-551
-598
-695
-799
-870
-972
-1092
-1143
-1133
-1077
-987
-904
-808
-786
-772
-697
-553
-406
-217
-8
129
245
320
416
520
578
636
707
721
702
669
609
532
458
391
352
314
248
201
167
123
82
64
60
79
62
72
102
76
81
111
169
231
288
355
417
440
491
601
689
781
865
921
956
1006
1045
1104
1160
1142
1131
1097
1056
1036
1023
995
931
833
760
746
695
654
613
540
463
422
421
437
358
281
187
74
10
-86
-230
-454
-707
-956
-1137
-1279
-1408
-1570
-1792
-1987
-2176
-2300
-2365
-2406
-2404
-2407
-2365
-2299
-2231
-2135
-2016
-1862
-1648
-1365
-1055
-805
-613
-426
-251
-45
213
495
752
948
1054
1096
1112
1124
1148
1183
1227
1240
1193
1091
947
803
652
544
483
401
304
185
29
-153
-284
-364
-416
-435
-435
-450
-514
-589
-640
-665
-690
-655
-600
-542
-484
-435
-387
-343
-266
-194
-104
-2
96
191
274
334
395
429
467
538
601
670
701
707
666
622
571
566
577
558
551
480
385
303
238
181
180
161
135
120
73
52
73
107
190
262
297
355
364
421
540
615
705
811
828
900
965
945
999
1007
979
1025
1019
951
967
879
768
793
733
693
646
507
444
430
400
431
406
300
202
133
126
119
88
-44
-219
-422
-623
-744
-877
-1017
-1178
-1353
-1537
-1710
-1870
-1962
-2055
-2143
-2125
-2126
-2132
-2080
-2044
-1998
-1849
-1742
-1584
-1390
-1289
-1104
-894
-743
-525
-322
-195
-16
151
321
499
629
736
802
798
825
874
859
856
824
766
706
653
569
498
383
266
222
195
176
133
49
-72
-164
-246
-232
-227
-240
-235
-274
-290
-315
-314
-279
-237
-193
-71
17
45
75
82
138
234
370
485
547
541
532
533
581
641
667
663
592
550
499
466
470
413
358
313
246
231
183
131
110
41
-5
2
0
-22
-5
-34
-29
22
72
178
273
347
435
518
575
654
718
819
880
943
1011
1019
1051
980
962
946
884
892
834
755
667
519
460
379
269
257
161
58
-3
-96
-177
-190
-267
-295
-304
-381
-396
-425
-510
-563
-611
-680
-703
-811
-871
-942
-1053
-1065
-1133
-1183
-1198
-1280
-1339
-1398
-1450
-1449
-1436
-1375
-1329
-1282
-1229
-1193
-1106
-1024
-903
-736
-626
-529
-422
-348
-235
-112
-20
66
104
145
207
260
302
312
305
292
281
277
311
344
322
297
260
221
206
191
180
161
142
132
135
125
61
56
51
-6
48
61
45
111
70
91
138
149
249
309
354
421
459
479
543
565
584
631
622
637
627
600
594
544
477
432
359
310
267
228
205
92
77
-10
-130
-85
-166
-144
-105
-192
-104
-129
-160
-1
-10
92
236
248
350
409
424
529
602
656
766
789
792
820
764
734
768
686
649
623
512
485
397
327
286
187
136
130
51
-7
-14
-77
-98
-101
-75
-100
-132
-124
-158
-146
-159
-173
-150
-222
-244
-223
-295
-302
-344
-417
-480
-538
-605
-666
-757
-852
-909
-983
-1009
-1047
-1087
-1107
-1126
-1149
-1132
-1110
-1095
-1042
-1002
-938
-861
-831
-758
-680
-664
-560
-476
-402
-321
-287
-217
-181
-136
-44
-8
25
84
84
119
138
150
171
150
164
171
163
170
146
101
70
48
70
48
57
90
64
100
131
200
230
257
324
323
381
445
485
554
567
597
617
622
654
641
676
677
670
662
593
553
510
452
461
435
381
338
224
178
115
73
140
81
71
111
37
47
54
39
107
108
176
255
248
321
316
300
371
425
500
576
573
580
544
522
550
566
592
559
528
469
374
371
297
206
182
94
43
4
-8
-51
-133
-168
-256
-251
-267
-300
-244
-322
-329
-296
-347
-328
-347
-355
-320
-366
-349
-361
-458
-432
-495
-543
-501
-582
-592
-630
-691
-663
-721
-706
-743
-822
-801
-825
-780
-750
-744
-716
-712
-717
-658
-621
-602
-535
-507
-438
-392
-365
-303
-294
-285
-199
-210
-175
-108
-136
-104
-89
-111
-101
-97
-109
-52
-53
-40
9
-48
-47
-40
-39
15
69
92
162
159
203
280
261
372
429
449
576
589
623
704
656
799
755
771
843
704
792
743
681
748
645
623
603
479
513
460
426
391
317
280
236
198
178
192
104
119
80
55
93
110
56
94
106
46
160
108
190
230
158
265
190
204
285
173
257
237
210
305
178
234
211
103
170
115
112
93
8
-2
-77
-118
-89
-145
-180
-191
-267
-316
-279
-317
-338
-301
-356
-364
-359
-371
-351
-316
-367
-340
-378
-371
-371
-402
-326
-423
-351
-356
-425
-348
-390
-415
-388
-450
-413
-415
-456
-386
-448
-413
-441
-459
-416
-436
-428
-379
-373
-359
-309
-345
-312
-254
-244
-188
-143
-150
-131
-146
-113
-73
-93
-9
-46
-66
30
-40
2
55
-27
90
40
40
162
68
173
151
160
268
214
284
325
262
362
406
379
495
440
449
470
472
474
489
480
486
473
448
443
397
394
362
370
347
386
305
335
291
208
324
237
295
326
240
326
243
262
285
181
259
175
166
216
136
128
135
55
78
66
46
114
28
73
96
12
62
21
31
67
-25
20
51
-56
2
-63
-144
-80
-168
-176
-161
-177
-216
-206
-265
-304
-292
-320
-276
-287
-264
-270
-310
-296
-315
-294
-292
-282
-255
-268
-243
-295
-272
-285
-266
-280
-260
-212
-272
-227
-245
-261
-209
-274
-229
-188
-258
-158
-234
-187
-167
-205
-131
-149
-115
-42
-57
-38
26
-43
36
39
6
85
68
51
67
25
34
9
39
17
12
9
-39
10
-45
-23
-54
-30
-6
-59
-13
-39
-54
-20
-28
10
23
34
90
76
111
121
106
172
148
194
225
174
225
215
183
236
230
220
252
189
200
187
180
191
186
164
144
153
90
135
128
77
140
92
68
105
17
82
70
59
53
47
45
15
45
8
42
30
52
32
77
80
71
96
81
119
89
92
94
91
129
103
112
93
69
90
20
69
20
17
21
-91
-11
-99
-117
-74
-149
-136
-175
-145
-163
-135
-135
-168
-156
-175
-136
-173
-114
-130
-99
-150
-185
-152
-213
-156
-201
-210
-148
-208
-140
-197
-222
-200
-248
-181
-209
-136
-171
-175
-157
-186
-149
-136
-129
-97
-96
-95
-24
-71
0
2
-54
45
24
45
131
47
123
91
45
92
59
61
57
77
32
64
46
12
-3
-19
-7
-26
28
-10
12
42
-44
50
-9
-4
32
9
51
60
85
63
84
36
81
92
75
164
103
119
161
76
138
92
96
103
132
122
120
150
18
129
33
53
147
39
129
94
33
101
34
42
85
59
54
81
45
41
62
42
71
68
92
72
104
97
92
130
76
116
138
106
176
109
126
122
86
114
53
81
56
42
28
-4
-15
-41
-45
-41
-72
-17
-67
-103
-50
-131
-103
-75
-159
-107
-130
-163
-121
-187
-161
-214
-202
-208
-209
-170
-212
-182
-193
-199
-149
-180
-168
-110
-164
-83
-113
-105
-46
-76
-50
-12
-30
-14
35
9
39
55
57
65
69
58
13
70
9
29
50
-25
48
-67
-44
-66
-111
-33
-64
-37
-43
-68
-64
-83
-69
-48
-22
-7
-12
32
23
4
11
30
-16
52
35
34
82
21
23
4
1
14
4
27
7
34
31
17
51
-6
70
14
70
109
81
136
90
94
100
134
93
153
166
135
169
145
138
146
127
139
131
135
102
116
96
88
109
67
82
63
68
52
46
51
44
31
29
14
12
4
11
0
-18
6
12
-22
19
3
-6
18
-3
-6
1
5
25
15
-35
-21
-42
-39
-39
-53
-55
-63
-101
-67
-131
-119
-116
-178
-131
-157
-131
-134
-147
-152
-140
-150
-118
-130
-107
-112
-100
-66
-67
-56
-50
-51
-34
1
-14
6
21
37
8
33
18
27
25
18
37
10
50
19
-14
-30
-29
-27
-29
-23
-35
-23
-55
-40
-98
-75
-78
-94
-38
-114
-74
-83
-102
-65
-88
-70
-49
-51
-51
-31
-38
-6
21
-25
24
-10
4
57
0
59
47
32
66
49
46
78
63
61
104
56
84
86
67
67
51
48
52
63
60
42
54
23
42
48
17
55
25
53
29
41
52
32
59
12
33
14
26
15
33
17
21
48
-4
59
-15
35
53
42
103
44
100
48
42
80
29
95
45
51
57
9
55
-21
-14
-28
-57
-24
-30
-25
-49
-66
-84
-84
-80
-79
-65
-62
-22
-42
-36
-37
-80
-5
-54
-7
42
17
61
2
12
15
21
37
25
55
32
47
6
-8
-10
-31
-14
-15
-18
-20
-17
-61
-31
-63
-75
-42
-81
-40
-28
-78
-58
-55
-85
-68
-53
-64
-48
-57
-68
-51
-76
-41
-59
-73
-52
-65
-76
-58
-73
-71
-49
-65
-69
-49
-63
-72
-28
-62
-26
-23
-39
-22
-14
-19
-4
26
21
23
60
38
58
67
44
90
63
73
88
79
81
111
71
106
85
52
111
54
83
111
74
71
88
54
50
69
43
54
57
27
50
43
22
43
32
6
62
40
39
76
35
51
57
25
73
53
51
84
62
61
49
58
13
49
25
3
38
1
7
1
-34
-15
-40
-44
-18
-52
-20
-42
-49
-47
-51
-51
-35
-52
-40
-41
-42
-28
-44
-23
-58
-35
-18
-20
-14
-17
-27
-7
-38
-24
-21
-40
-12
-24
-22
-28
-16
-56
-45
-44
-52
-26
-57
-55
-67
-62
-70
-47
-67
-68
-40
-84
-34
-76
-54
-51
-80
-22
-65
-48
-38
-63
-50
-51
-63
-33
-43
-46
-43
-26
-35
-8
-20
-17
16
4
33
5
35
24
32
64
48
58
68
63
57
49
65
56
63
56
46
67
26
57
37
38
35
39
45
33
43
33
47
30
38
25
32
33
21
47
16
33
27
16
42
18
40
50
48
52
58
44
47
59
29
71
58
44
89
27
60
27
37
57
12
56
22
42
18
34
17
6
21
-2
18
-9
17
-4
-17
-8
-34
-36
-39
-39
-29
-50
-35
-48
-82
-61
-86
-81
-68
-73
-72
-72
-83
-87
-74
-100
-75
-57
-81
-37
-69
-65
-43
-67
-35
-39
-48
-36
-34
-50
-25
-29
-51
-14
-45
-36
-15
-36
-24
-27
-51
-30
-10
-51
-1
-35
-37
-7
-36
-20
-32
-1
-21
7
-15
-14
11
-29
9
16
10
47
23
14
34
17
33
63
33
69
83
33
84
60
47
63
42
48
52
56
24
33
14
-11
11
-26
-10
8
-25
-2
-29
-41
-6
-49
-11
-18
-17
16
-9
18
10
15
23
17
33
54
43
83
65
57
72
39
70
57
74
79
46
65
40
36
30
10
21
12
25
3
4
0
-20
-3
-18
-12
9
-4
-6
6
-19
2
2
-31
2
-17
-14
-17
-38
-16
-37
-24
-39
-42
-37
-56
-50
-60
-42
-43
-66
-44
-72
-53
-43
-64
-40
-51
-29
-40
-41
-40
-48
-38
-34
-23
-30
-20
-16
-36
-11
-23
-33
-1
-21
1
1
-9
7
0
-6
-3
5
11
15
8
24
14
14
35
-14
16
25
4
31
7
10
-1
2
-4
-9
6
-16
10
12
1
22
-1
3
8
3
26
22
31
33
4
27
18
7
31
-6
36
13
24
28
-19
27
-13
5
7
-11
21
2
6
-8
-10
10
-8
29
13
19
41
23
32
30
28
52
45
25
55
45
48
73
26
51
43
20
52
17
39
38
16
20
18
-4
-5
13
-26
-3
-3
-36
-18
-35
-46
-40
-62
-38
-36
-48
-46
-49
-58
-46
-52
-42
-36
-40
-28
-34
-27
-41
-26
-36
-27
-24
-31
-13
-34
-22
-24
-33
-2
-19
-16
-6
-35
2
-27
-13
-16
-30
-1
-28
-17
-20
-27
-31
-27
-24
-25
-12
-31
-14
-18
-23
-18
-16
-8
-7
10
-11
5
-9
0
11
-8
32
13
12
33
7
12
9
15
18
17
32
17
22
21
2
27
26
23
38
8
37
36
39
42
30
42
33
45
25
46
45
25
51
17
30
32
-1
20
16
11
23
2
-1
17
-12
13
10
-8
25
8
23
22
21
29
14
23
25
17
26
17
25
18
14
22
-7
2
3
-14
7
-11
-7
-1
-16
4
-21
-12
-24
-24
-8
-29
6
-19
-29
-16
-32
-25
-30
-37
-15
-37
-18
-30
-49
-25
-47
-34
-34
-32
-31
-33
-40
-46
-30
-39
-23
-30
-31
-16
-29
-22
-29
-20
-14
-4
-7
0
9
-11
6
1
-1
9
14
23
6
12
23
-5
0
17
0
20
17
8
24
-3
16
9
-7
24
2
16
10
6
10
-3
18
0
0
11
0
-3
6
10
-4
22
9
6
19
-5
19
9
11
26
13
24
25
18
16
14
6
18
20
11
19
20
12
11
-3
10
5
1
13
-3
10
24
-4
9
-9
0
12
2
11
17
17
13
22
11
17
20
17
18
17
26
13
15
27
4
2
15
-16
4
3
-10
13
-7
-3
-3
-24
11
-16
-13
-2
-20
-3
-9
-15
-9
-26
-21
-17
-27
-26
-29
-31
-23
-12
-29
-35
-30
-35
-32
-33
-28
-18
-24
-19
-33
-35
-23
-34
-40
-25
-20
-20
-18
-36
-5
-36
-17
-3
-41
14
-9
-18
11
-7
-2
-5
-3
7
20
0
-4
7
-9
24
11
-8
20
7
-1
13
-5
1
10
-2
16
-2
10
13
-7
12
0
-3
7
9
7
11
11
9
5
-2
1
2
14
7
15
16
9
16
6
2
1
7
5
22
18
19
12
6
13
13
11
5
21
18
28
24
8
23
14
18
6
20
27
10
35
17
25
33
16
24
19
35
26
23
28
29
28
22
19
14
24
16
3
18
9
10
7
-4
3
0
-9
-12
-15
-13
0
-18
-19
-3
-30
-12
-23
-35
-12
-35
-22
-11
-22
-6
-20
-27
-16
-22
-13
-6
-11
5
-3
-3
1
-16
-7
-3
-10
-3
-5
-15
-10
-4
-24
-16
-19
-15
-14
-25
-18
-22
-19
-11
-23
-13
-10
-21
-14
-19
-13
-10
-14
1
0
-7
2
-5
-10
4
1
2
14
16
18
7
0
9
1
10
11
8
13
10
14
0
1
-3
2
2
4
7
-2
11
5
-2
-1
-7
3
-1
1
5
-3
6
3
3
3
-1
-1
7
12
8
15
10
9
21
5
11
21
15
27
12
16
25
14
29
16
10
28
14
17
24
11
19
19
15
18
8
11
10
19
12
7
10
10
9
10
2
6
9
5
10
-2
2
6
-6
3
1
-5
-4
-8
-12
-17
-3
-24
-13
-1
-32
5
-19
-21
2
-27
-1
-5
-14
13
-2
0
1
-4
-7
2
0
-8
5
1
0
-6
-17
-15
-20
-15
-11
-20
-17
-10
-20
-19
-25
-30
-23
-20
-8
-17
-17
-4
-20
-10
-18
-20
3
-16
-1
-1
-17
14
-5
-11
3
-15
4
0
-8
4
-6
1
2
-6
-1
-7
-5
-4
2
2
-5
8
-7
6
2
-15
8
-2
6
11
-1
9
0
13
4
4
14
13
14
9
14
20
19
16
16
16
22
21
14
16
20
16
26
9
11
19
1
6
12
2
7
11
0
1
12
-5
-1
6
-2
14
-4
11
10
-5
13
4
5
6
4
2
0
11
4
-2
8
-6
0
-3
-8
-4
-6
-2
-7
-3
-4
-14
-8
-13
-11
-8
-9
-7
-3
-4
-10
-11
-7
-12
-7
-1
-14
8
-5
-11
1
-17
0
-13
-18
-2
-9
-4
-6
-13
-14
-6
-16
-17
-9
-7
1
-9
-2
-6
-8
-4
-6
-10
-2
7
-10
-3
-3
-10
-5
-7
-5
-6
-8
1
-9
-12
0
-12
-7
0
-8
-7
-6
-1
-6
-6
-2
-1
0
2
0
-9
4
0
3
6
7
10
6
6
7
10
9
18
10
19
22
21
19
17
22
20
25
25
19
31
23
22
17
19
22
15
21
6
16
10
4
1
0
4
4
0
-5
1
-3
0
-2
-5
3
3
6
3
0
4
0
-1
4
2
0
-2
0
-3
-3
0
-14
-6
-4
-11
-1
-10
-9
-6
-10
-8
-15
-8
-10
-8
-12
-8
-4
-8
-4
-20
-13
-4
-12
-12
-1
-13
1
-5
-16
-5
-15
-3
-8
-6
3
-7
-5
-6
-9
-3
-10
-7
0
0
2
-1
-8
0
-3
-4
3
-1
7
6
-1
5
3
-4
6
3
7
6
6
12
2
2
6
-1
4
15
-3
3
15
1
7
-3
-1
9
4
4
8
1
6
3
-1
0
8
4
3
8
8
4
0
7
2
12
10
11
11
9
8
11
1
10
22
6
19
14
4
13
9
4
11
7
17
11
7
-1
-2
2
-4
3
-3
-1
1
1
-14
-12
-9
-12
-3
-5
-11
-7
-5
-12
-9
-15
-10
-4
-7
-7
-6
-10
-6
-7
-9
-7
-7
1
-11
0
-11
-7
0
-6
0
-3
-6
-4
-3
-7
-7
-6
-5
3
-3
-9
-5
-11
-2
-5
-11
-2
5
4
-5
-4
-6
-2
-1
-6
-5
4
5
-4
-7
-5
-2
-10
-8
-3
-3
3
-5
-8
-2
-4
-7
-8
-2
7
1
0
3
-1
7
1
-4
6
8
8
2
7
7
0
11
0
5
7
0
8
0
5
3
-6
10
5
-5
6
-2
1
4
-3
5
1
11
7
4
8
2
9
6
8
11
9
11
11
11
3
9
8
12
8
14
10
10
13
4
9
1
11
11
2
14
0
-2
8
-2
-3
-5
1
4
-4
-8
-3
-10
-4
-3
-10
-4
1
-6
-8
-5
-12
0
-6
-8
7
-7
-11
0
-10
-8
-4
-9
-2
2
-7
-8
-7
-10
-5
-13
-11
-5
-2
-13
-4
-15
-10
-8
-18
-7
-11
-5
2
-7
-8
-3
-11
-3
0
-2
1
4
5
-3
-4
-2
-2
-3
-4
5
4
2
1
-11
0
0
2
-1
-2
8
3
4
-4
3
8
1
5
6
4
5
8
-2
6
9
6
3
1
5
1
0
5
-1
0
6
3
1
-5
1
-3
0
6
-1
8
5
5
3
-3
13
8
-2
11
12
17
7
9
4
4
17
4
5
15
8
11
4
2
11
-3
6
5
8
8
4
4
-1
2
2
-3
3
5
-1
3
1
2
0
-3
-4
5
0
5
-1
-6
1
2
0
-4
3
0
1
5
-2
-7
-2
4
-3
-1
-1
-4
-3
-3
-7
-13
0
-3
-9
-7
-8
-10
-7
-10
-17
-10
-4
-9
-11
-11
-10
-6
-12
-1
-6
-18
2
-2
-10
3
-3
-14
5
3
-7
-1
-5
0
4
-1
0
1
4
3
-2
-5
7
6
-2
5
5
4
9
5
1
3
7
4
11
6
5
7
6
6
8
2
-4
12
5
6
5
0
2
2
3
0
1
1
7
3
3
5
-2
2
4
5
1
7
6
5
5
2
0
4
9
4
-1
6
6
5
3
-4
0
5
10
0
-5
4
3
0
1
-8
5
5
-2
2
-3
3
-1
-6
-2
4
6
-2
-1
-3
2
4
-10
3
1
4
5
-8
2
-3
0
-2
-2
-1
5
1
-3
-4
-6
4
-4
-1
-4
-4
-2
-2
-7
-7
-9
-4
-1
-7
-9
-12
-3
-5
-10
-7
-7
0
1
-10
-4
-5
4
-5
-10
1
2
2
-1
-3
-2
-1
4
0
-4
3
3
0
3
0
-1
-3
9
0
0
3
4
-4
1
6
-5
4
2
4
-3
2
7
-5
2
3
-1
6
6
-2
0
0
4
2
-1
6
1
6
0
3
-1
0
5
1
9
3
7
5
3
-2
6
6
1
11
1
4
10
4
-4
-1
6
-1
9
0
-1
1
3
4
-2
-3
4
4
-7
6
1
-2
4
-3
1
1
4
-4
-3
7
-1
4
-5
6
2
-5
4
-1
3
-1
4
-5
-1
4
0
1
-5
-2
2
1
-3
-6
-6
2
4
-9
-1
-5
-6
-1
-6
-2
-10
-5
-1
-2
-8
-11
-6
-4
-1
-9
-7
-5
4
-2
-11
-3
0
1
-2
-2
-5
2
7
-2
-1
-4
4
7
-2
0
-3
7
8
3
-2
4
-2
9
1
1
7
-2
9
1
2
2
0
3
1
3
0
2
4
-1
4
-2
0
4
-3
-1
2
0
0
4
1
-3
-1
1
-6
2
-2
-2
4
0
-1
0
-1
-2
-4
2
-3
1
