-2
4
8
7
5
5
1
-4
-2
-3
-1
4
5
4
2
-1
-4
-6
-6
-5
-1
4
4
3
2
3
0
-2
-2
-4
-4
-1
0
0
-1
0
-3
-3
-6
-4
-2
-6
-1
-4
-6
-4
-6
-8
-1
1
-3
-5
-9
-7
-5
-3
3
7
9
6
6
2
-3
-2
-8
-8
-2
0
9
14
14
10
4
6
-1
-5
-4
1
6
6
12
9
6
2
-4
-4
-9
-6
-4
0
4
3
3
5
4
1
-1
0
-3
-4
-3
1
6
5
6
8
5
-4
-1
-1
-2
-4
-3
-1
-2
2
4
1
-4
-8
-11
-2
-5
-4
-2
0
-1
-5
-4
-7
-6
-4
-1
3
3
5
1
0
-1
-4
-6
-6
0
1
1
8
7
0
-4
-5
-8
-10
-4
-4
5
8
3
2
0
-2
-3
-3
-4
-3
1
-3
5
7
6
9
3
2
5
2
2
6
6
7
7
7
7
5
6
2
2
0
-1
3
0
0
6
0
-4
0
-7
-9
-5
-5
0
-3
-7
-7
-8
-3
0
-3
-8
-6
-1
0
-1
-1
-1
-2
-6
-7
1
-2
-1
4
0
6
5
-2
-2
5
2
1
8
4
3
3
4
2
0
-3
0
0
6
6
3
9
6
3
2
2
0
5
2
1
-1
2
-3
-3
1
0
0
0
2
5
5
0
1
-2
-4
-3
-4
-5
-5
-7
-6
-6
-4
2
-3
-5
-11
-5
-7
-14
-13
-8
-5
-2
1
0
-1
-1
-4
-9
-7
-3
-1
-3
3
4
3
3
4
2
-2
0
2
0
-3
-3
1
4
9
9
5
2
3
6
2
1
0
-2
3
3
2
3
6
4
1
6
9
4
0
-1
-3
2
4
3
2
4
7
5
6
9
6
6
0
3
4
-2
1
3
6
-1
-8
-5
-5
0
-1
-2
-4
-6
-3
-5
-3
-4
-8
-6
-4
-10
-2
-5
0
3
2
6
3
1
3
4
-1
0
2
2
1
2
1
-1
3
4
3
1
3
0
0
2
-2
1
4
3
1
2
2
1
1
-1
-2
0
-1
-4
-5
0
-4
-1
-1
-3
1
0
0
-2
-1
-4
-1
4
4
4
2
4
-2
-3
-2
-4
-2
-5
1
3
-2
-3
-7
-9
-6
-8
-6
-9
-9
-4
-5
-3
-4
-4
-7
-8
-5
-4
-6
-7
-8
-4
-6
-8
-6
-2
-6
-8
-5
-4
-1
3
1
5
7
2
2
1
-1
2
2
3
-1
0
1
-2
-3
-1
-4
3
1
2
8
4
5
2
1
-1
-2
0
4
4
3
7
4
6
9
4
8
10
2
6
9
7
10
13
15
6
8
5
2
5
3
8
8
12
7
4
7
0
-1
0
1
-1
-1
-1
1
1
-2
3
1
-3
-2
-1
0
1
2
2
-1
0
-1
-5
-8
-8
-4
-5
-7
-5
-5
-2
-3
-2
2
-3
1
3
-1
-1
-4
-5
-4
-4
0
-6
-5
-4
-10
-4
-6
-11
-9
-10
-9
-7
-2
-5
-5
-1
-3
-6
-3
-2
-7
-4
-1
-3
0
-1
0
-1
-3
-4
0
2
-3
1
-4
-1
-5
-2
10
9
10
8
7
5
3
6
11
8
5
9
2
3
4
6
5
1
6
5
5
3
-2
-1
7
4
3
7
4
3
3
2
1
3
5
2
-1
-1
-3
-4
-4
0
-1
-4
-8
-6
0
-2
-5
-6
-3
-6
-6
-1
-5
-1
-4
-8
-6
-5
-6
-3
1
0
3
1
0
0
-3
-3
-3
-5
-3
1
0
3
-4
-6
-3
-3
0
-5
0
1
3
6
1
-1
-1
1
-7
0
-1
-2
6
-1
1
0
5
-2
-3
-1
-1
3
4
7
0
5
3
3
2
0
-1
-1
3
2
2
3
6
5
3
1
-1
-1
-3
-5
-4
0
2
3
3
-2
1
-2
-3
1
-1
-2
5
4
3
5
-1
1
-3
-8
-4
-3
-3
-2
-2
-4
-8
-9
-5
-5
-3
-3
-3
-4
-5
-1
0
2
2
-2
0
4
0
7
5
0
7
3
0
3
-1
2
-1
-1
-1
2
3
1
10
10
10
1
-1
3
0
4
5
2
3
1
2
3
10
10
4
5
1
4
3
5
4
1
-2
-5
-5
-4
4
3
4
6
1
-2
-3
0
0
4
10
14
11
11
5
7
8
7
13
7
5
7
7
9
6
10
2
-2
-3
-9
0
4
7
7
5
11
9
7
10
4
7
0
0
1
-1
3
-1
-6
-9
-4
-10
-6
-4
-7
-7
-14
-12
-14
-11
-3
-3
-2
-3
-1
-5
-5
-3
-4
-4
-8
-9
-9
-10
-8
-8
-8
-10
-9
-4
-3
-1
6
7
9
9
8
6
2
1
-3
-1
2
3
2
11
19
17
14
9
8
-1
-2
1
-3
-7
-8
-8
-14
-15
-17
-13
-7
-9
-8
-10
-12
-12
-8
-5
4
12
12
16
18
15
13
10
9
6
11
10
5
2
-4
-4
-8
-2
1
-1
2
-1
1
2
4
6
4
4
-6
-11
-8
-9
-8
1
-2
-7
-6
-2
0
5
11
9
1
2
0
-5
-1
5
3
2
-3
-5
-8
-9
-2
2
5
0
-5
-9
-11
-4
-4
-8
-5
-5
-7
-7
4
7
7
3
-6
-7
-10
-4
0
9
8
-1
-7
-17
-12
-4
6
15
15
9
8
1
-6
1
4
10
12
16
29
33
36
34
27
17
3
-2
-10
-20
-32
-26
-21
-25
-23
-24
-23
-21
-13
-2
-4
-11
-4
-10
-17
-26
-32
-28
-24
-11
-12
-12
-11
-4
-8
-10
-9
-15
-12
-5
-5
-7
-4
5
9
7
2
-8
-10
-2
14
28
38
45
43
41
41
44
46
44
27
12
12
10
17
14
16
22
23
22
12
3
-2
-10
-22
-29
-24
-2
16
14
-19
-60
-96
-114
-132
-124
-110
-110
-146
-249
-374
-432
-327
-75
204
386
395
268
105
-10
-8
110
310
497
563
454
212
-28
-148
-96
59
226
296
233
64
-133
-263
-274
-166
-42
20
-36
-184
-322
-368
-309
-232
-202
-232
-289
-289
-252
-186
-101
-11
80
122
99
36
2
61
171
257
307
292
254
211
152
113
110
140
144
86
-7
-76
-84
-42
-7
9
27
44
41
-8
-89
-138
-124
-71
-37
-60
-129
-218
-280
-278
-176
26
239
355
297
109
-64
-144
-110
-23
56
96
75
6
-111
-195
-167
-46
88
134
80
-22
-95
-104
-76
-22
47
122
156
113
17
-70
-101
-64
-16
32
74
112
125
55
-74
-186
-206
-108
49
174
225
187
111
29
-28
-10
59
135
160
101
-25
-143
-183
-142
-71
-25
-38
-81
-103
-82
-31
41
91
86
44
-25
-91
-113
-78
1
85
128
115
61
12
-5
27
70
88
65
-3
-72
-127
-153
-141
-101
-49
-15
-28
-71
-101
-80
-15
52
77
55
4
-52
-86
-88
-54
-1
58
95
88
33
-4
33
113
178
168
94
21
13
61
112
144
162
169
138
59
-28
-68
-30
40
82
56
-8
-44
-43
-20
2
6
7
15
32
41
26
12
16
29
32
7
-24
-31
-13
-3
-28
-70
-81
-62
-41
-61
-104
-105
-60
-12
3
-17
-47
-73
-106
-140
-148
-122
-76
-55
-60
-75
-70
-50
-41
-31
-18
0
-4
-58
-133
-173
-131
-28
43
48
6
-31
-46
-46
-47
-61
-57
-32
-5
-9
-54
-105
-112
-82
-59
-72
-94
-97
-108
-195
-349
-431
-348
-113
166
411
633
850
955
829
518
215
123
216
361
439
450
468
500
492
397
273
173
102
32
-43
-98
-69
31
119
157
131
69
-20
-96
-115
-76
1
33
-26
-171
-345
-469
-509
-488
-440
-403
-383
-354
-337
-347
-412
-513
-603
-666
-692
-692
-640
-559
-481
-432
-442
-488
-534
-534
-492
-434
-363
-298
-228
-138
-30
82
162
188
168
138
135
172
245
335
422
501
538
515
471
456
497
567
619
617
578
557
569
614
674
705
681
612
519
452
457
531
620
652
608
511
431
424
498
592
630
608
537
472
452
451
438
394
330
289
259
211
135
67
-10
-173
-503
-977
-1402
-1592
-1536
-1444
-1540
-1819
-2036
-1980
-1706
-1470
-1458
-1624
-1773
-1717
-1452
-1085
-746
-497
-343
-231
-67
171
429
626
664
579
461
384
403
478
571
618
576
474
347
255
229
251
262
184
23
-158
-246
-158
55
250
311
227
87
13
78
249
456
631
765
855
925
999
1078
1144
1154
1083
956
861
879
1013
1169
1235
1184
1094
1035
1001
960
909
862
822
753
710
756
884
966
835
490
88
-283
-745
-1397
-2089
-2440
-2286
-1995
-2047
-2462
-2751
-2482
-1925
-1737
-2185
-2820
-2986
-2526
-1835
-1302
-902
-455
37
400
633
923
1315
1541
1337
890
693
1001
1536
1800
1660
1427
1344
1313
1036
415
-324
-902
-1279
-1586
-1872
-2021
-1889
-1530
-1188
-1085
-1217
-1359
-1313
-1073
-777
-559
-376
-71
430
1043
1533
1755
1735
1626
1544
1518
1509
1467
1421
1426
1486
1547
1549
1472
1360
1256
1149
999
814
682
678
784
910
1004
1095
1206
1319
1364
1328
1279
1281
1318
1346
1361
1344
1159
592
-399
-1473
-2080
-2067
-1848
-2041
-2727
-3268
-3063
-2280
-1824
-2327
-3437
-4163
-3910
-2991
-2153
-1755
-1570
-1260
-722
-85
528
984
1075
722
218
94
574
1279
1633
1475
1207
1255
1548
1659
1349
784
275
-77
-354
-603
-810
-1001
-1272
-1628
-1929
-2080
-2156
-2251
-2287
-2035
-1473
-876
-529
-413
-218
248
804
1095
1025
860
933
1287
1680
1828
1725
1561
1556
1711
1833
1770
1507
1226
1094
1139
1204
1190
1128
1136
1264
1392
1400
1316
1251
1264
1294
1294
1332
1481
1734
1936
2009
2043
2144
2268
2200
1697
694
-609
-1785
-2360
-2287
-2020
-2161
-2786
-3259
-2988
-2212
-1937
-2816
-4340
-5271
-4909
-3716
-2695
-2265
-2068
-1556
-668
227
839
1068
907
422
-43
44
839
1872
2417
2247
1870
1885
2251
2361
1761
670
-260
-593
-434
-202
-168
-394
-871
-1595
-2468
-3188
-3524
-3489
-3317
-3154
-2837
-2137
-1105
-173
255
132
-150
-167
171
666
1069
1344
1598
1914
2268
2534
2633
2544
2266
1866
1485
1315
1413
1634
1759
1686
1509
1367
1310
1315
1305
1210
1037
885
926
1255
1722
2038
2060
1930
1916
2096
2291
2318
2182
1998
1649
828
-491
-1729
-2124
-1680
-1296
-1824
-2946
-3445
-2720
-1676
-1813
-3451
-5252
-5733
-4749
-3465
-2927
-3009
-2907
-2178
-1086
-135
389
405
-95
-806
-1082
-433
865
1854
1899
1398
1284
1873
2470
2215
1095
-78
-615
-494
-174
-7
-24
-183
-491
-1006
-1727
-2509
-3118
-3346
-3198
-2897
-2558
-2030
-1076
123
933
883
249
-143
222
1067
1694
1749
1553
1704
2360
3114
3368
2895
2046
1382
1241
1487
1750
1796
1680
1642
1783
1949
1911
1619
1269
1074
1088
1234
1481
1861
2302
2586
2580
2388
2268
2329
2414
2355
2140
1915
1740
1469
855
-240
-1608
-2693
-3087
-2998
-3104
-3754
-4425
-4354
-3603
-3197
-3943
-5324
-6021
-5397
-4176
-3526
-3597
-3514
-2537
-941
329
762
627
454
446
569
837
1309
1825
2060
1979
1967
2271
2557
2212
1143
-2
-544
-447
-290
-485
-881
-1124
-1113
-1141
-1544
-2354
-3231
-3707
-3555
-2973
-2347
-1821
-1179
-221
822
1438
1402
1086
1037
1436
1966
2249
2288
2369
2700
3109
3228
2867
2193
1605
1338
1328
1346
1249
1119
1127
1292
1434
1360
1068
795
774
995
1247
1380
1487
1706
1996
2182
2177
2113
2157
2285
2372
2357
2319
2269
1954
1034
-482
-2022
-2868
-2872
-2704
-3081
-3899
-4269
-3655
-2723
-2725
-4020
-5573
-6064
-5320
-4333
-3922
-3854
-3299
-1973
-415
659
1007
840
468
138
98
521
1205
1686
1717
1614
1847
2375
2538
1828
579
-363
-553
-373
-418
-761
-1003
-884
-662
-786
-1353
-2118
-2769
-3134
-3209
-2985
-2456
-1652
-642
383
1157
1531
1560
1474
1458
1535
1658
1811
2022
2301
2605
2827
2861
2628
2174
1653
1224
1005
963
1029
1126
1213
1294
1366
1415
1371
1220
1021
922
1020
1298
1643
1948
2163
2318
2487
2660
2772
2765
2675
2610
2603
2524
2059
965
-724
-2515
-3703
-3981
-3773
-3904
-4584
-5087
-4606
-3422
-2926
-4050
-6065
-7205
-6567
-4940
-3628
-2876
-1857
-19
1978
2953
2538
1358
275
-333
-445
-5
915
1876
2249
1925
1342
844
207
-956
-2362
-3160
-2859
-1881
-1066
-715
-475
-85
183
-93
-854
-1601
-1893
-1662
-1036
-100
1058
2207
2954
3046
2564
1797
1071
624
533
751
1146
1595
1985
2128
1857
1190
413
-81
-146
71
351
683
1189
1868
2425
2487
2045
1467
1159
1239
1533
1868
2208
2602
3010
3279
3293
3025
2565
2091
1841
1928
2201
2353
2256
2072
1771
667
-2054
-5965
-9047
-9279
-6911
-4466
-3908
-4496
-3967
-1803
-188
-1258
-4185
-5964
-4895
-2284
-393
368
1343
3198
4679
4284
2234
155
-947
-1547
-2323
-2948
-2583
-1299
-289
-465
-1463
-2339
-2810
-3333
-4003
-4056
-2812
-685
1158
2083
2437
2762
3003
2700
1784
788
363
693
1468
2121
2226
1780
1109
555
73
-572
-1374
-1880
-1634
-675
483
1282
1489
1200
737
435
476
796
1229
1695
2214
2778
3202
3228
2739
1934
1162
747
784
1103
1527
1913
2242
2451
2464
2275
1960
1628
1353
1241
1352
1671
2064
2353
2420
2278
1976
1341
-254
-3522
-8043
-11694
-11956
-8541
-4198
-2032
-2265
-2413
-819
949
256
-2853
-5308
-4535
-1303
1722
3299
4283
5393
5653
3753
230
-2798
-4037
-4219
-4593
-4956
-4045
-1728
168
-240
-2616
-4763
-5076
-3977
-2751
-1643
166
2989
5789
7151
6626
4878
2908
1394
549
250
233
355
602
784
447
-733
-2435
-3798
-4163
-3537
-2284
-703
1041
2726
3994
4557
4283
3296
2023
1124
1082
1768
2602
3019
2854
2286
1524
641
-362
-1335
-1872
-1544
-358
1080
2070
2393
2360
2333
2322
2188
1965
1899
2136
2588
3067
3429
3564
3375
2860
2134
1366
435
-1343
-4865
-9919
-14189
-14611
-10353
-4307
-570
-306
-1027
-112
1739
1728
-966
-3738
-3487
-108
3801
6019
6473
6014
4684
1940
-1859
-5189
-6856
-7123
-6913
-6351
-4813
-2431
-782
-1327
-3521
-5099
-4462
-2176
199
2137
4340
7121
9397
9666
7604
4299
1240
-730
-1631
-1929
-2067
-2096
-1943
-1878
-2497
-4011
-5635
-6070
-4657
-1894
1208
3957
6122
7503
7805
6852
4843
2410
443
-380
-20
879
1527
1578
1089
211
-922
-2052
-2743
-2596
-1512
256
2138
3493
3971
3753
3307
2925
2613
2351
2316
2671
3231
3545
3354
2761
2047
1381
689
-41
-601
-997
-2045
-5017
-9941
-14404
-14934
-10360
-3584
1058
1980
1406
2075
3694
3799
1293
-1795
-2537
-315
2980
5176
5632
4716
2595
-784
-4827
-8111
-9601
-9513
-8711
-7485
-5366
-2428
-12
378
-1070
-2327
-1650
768
3417
5442
7218
9043
10182
9476
6750
2986
-550
-3189
-4850
-5654
-5769
-5298
-4426
-3497
-2970
-3113
-3553
-3394
-1884
915
4182
6940
8587
8997
8287
6619
4148
1256
-1365
-2951
-3110
-2136
-780
177
351
-109
-784
-1253
-1340
-1020
-185
1215
2936
4336
4844
4467
3692
2964
2363
1852
1569
1664
2032
2359
2416
2171
1670
996
293
-240
-441
-232
49
-735
-3995
-9562
-14336
-14304
-8621
-1285
2567
1926
386
1364
3886
4203
918
-3068
-3924
-1110
2559
4341
4009
2781
1048
-1773
-5557
-8769
-9988
-9409
-8238
-6843
-4446
-845
2378
3208
1611
-107
279
2622
5027
6247
6772
7508
8182
7573
5005
1127
-2707
-5480
-6926
-7296
-6951
-6026
-4481
-2548
-979
-436
-663
-599
622
2827
5147
6856
7692
7663
6803
5127
2734
0
-2388
-3681
-3576
-2418
-896
346
911
742
154
-353
-506
-349
71
877
2052
3217
3907
3997
3647
3055
2375
1848
1660
1729
1821
1835
1842
1851
1757
1505
1173
836
532
385
277
-707
-4032
-9861
-15440
-16646
-11809
-4031
1548
2821
2184
2995
5147
5595
2588
-1833
-3940
-2371
985
3372
3820
3079
1681
-768
-4522
-8456
-10818
-10957
-9667
-7707
-4721
-403
3934
5946
4842
2562
1710
2891
4495
5112
5121
5723
6991
7449
5611
1558
-3071
-6599
-8503
-9277
-9313
-8322
-5933
-2532
634
2492
3023
3078
3530
4507
5603
6405
6748
6650
6062
4796
2703
-66
-2866
-4851
-5449
-4663
-2993
-1086
532
1554
1948
1858
1405
745
197
224
1031
2316
3489
4117
4170
3818
3235
2542
1798
1047
457
313
704
1311
1665
1609
1323
996
652
361
-26
-1376
-4900
-10509
-15537
-16301
-11502
-4011
1677
3622
3693
4594
6263
6280
3227
-1169
-3612
-2674
202
2563
3282
2750
1379
-1130
-4934
-9012
-11659
-12012
-10599
-8168
-4671
12
4734
7402
7058
5068
3687
3744
4289
4278
4013
4460
5641
6164
4497
599
-3985
-7547
-9511
-10300
-10141
-8546
-5139
-598
3497
5863
6413
5987
5478
5211
5064
4893
4731
4633
4412
3615
1870
-701
-3394
-5335
-5957
-5202
-3405
-1141
1006
2547
3228
3022
2073
771
-304
-561
151
1452
2797
3825
4445
4610
4241
3346
2107
887
61
-169
64
463
824
1127
1321
1304
1231
1303
987
-1223
-6408
-13100
-17443
-16359
-10472
-3549
1287
3987
6287
8654
9338
6849
2165
-1929
-3442
-2662
-995
615
1918
2407
1106
-2327
-6882
-10772
-12802
-12878
-11327
-8115
-3073
2957
7974
10205
9628
7795
6085
4709
3341
2245
2145
3146
4255
4148
2243
-1019
-4654
-7839
-10144
-11232
-10550
-7664
-2944
2333
6661
9126
9623
8567
6674
4700
3197
2354
2089
2237
2454
2192
982
-1141
-3582
-5511
-6262
-5591
-3715
-1253
1138
3008
4048
4040
2940
1191
-326
-828
-151
1245
2745
3967
4775
5052
4598
3315
1446
-411
-1583
-1773
-1251
-512
227
1040
1889
2514
2779
2648
1413
-2440
-9382
-16677
-19537
-15406
-6915
553
4182
5639
7821
10441
10361
5837
-776
-5125
-5246
-2885
-763
310
1145
1700
486
-3397
-8593
-12426
-13414
-11982
-9098
-4890
837
7094
11613
12652
10693
7797
5439
3470
1335
-418
-544
1083
2850
2866
688
-2598
-5650
-7880
-9284
-9658
-8298
-4711
588
5979
9737
11064
10241
8026
5152
2296
99
-977
-867
57
1054
1331
430
-1412
-3438
-4896
-5291
-4476
-2607
-188
2164
3994
4940
4703
3207
1044
-695
-1208
-508
828
2310
3682
4657
4857
4063
2436
453
-1275
-2207
-2218
-1588
-615
669
2240
3700
4556
4668
3792
838
-5423
-13878
-20179
-19857
-12699
-3520
2579
4924
6633
9700
11843
9479
2632
-4270
-6886
-5253
-2611
-1153
-251
1192
2051
115
-4808
-10120
-12890
-12445
-10082
-6814
-2289
3762
9850
13341
12941
9963
6706
4050
1396
-1310
-2753
-1824
578
2201
1647
-586
-3105
-5099
-6609
-7742
-7927
-6163
-2082
3331
8093
10595
10597
8818
6047
2780
-371
-2532
-3064
-2010
-191
1296
1657
809
-669
-2124
-3213
-3730
-3349
-1859
410
2688
4227
4587
3701
1916
59
-1029
-1090
-409
717
2215
3851
4976
5010
3886
2021
10
-1620
-2454
-2406
-1581
-92
1824
3744
5163
5833
5275
2179
-4692
-14123
-21505
-21976
-14970
-5069
2380
6017
8373
11370
13231
10741
3759
-3710
-7399
-6810
-4609
-2805
-988
1492
3166
1627
-3383
-9088
-12289
-12152
-10019
-7085
-3035
2725
9142
13630
14328
11740
7847
4019
425
-2651
-4140
-3333
-1135
575
765
-101
-1174
-2358
-4038
-5990
-7023
-5798
-2091
2844
7088
9404
9749
8574
6167
2674
-1214
-4160
-5029
-3706
-1182
1201
2426
2278
1208
-233
-1654
-2811
-3266
-2601
-905
1144
2746
3458
3159
1943
274
-1050
-1371
-631
713
2209
3554
4480
4716
4122
2701
680
-1356
-2620
-2703
-1811
-334
1507
3506
5175
6078
5865
3703
-1838
-10860
-19918
-23544
-18952
-9050
231
5613
8495
11584
14381
13537
7506
-815
-6549
-7810
-6621
-5270
-3570
-332
3174
3640
-446
-6644
-10862
-11406
-9711
-7663
-5079
-431
6346
12685
15393
13661
9418
4947
1042
-2321
-4570
-4857
-3419
-1554
-318
276
474
9
-1554
-3882
-5755
-5796
-3394
667
4696
7307
8245
7877
6259
3295
-433
-3453
-4536
-3602
-1431
972
2785
3392
2700
1164
-656
-2237
-3119
-2923
-1769
-292
996
1965
2553
2364
1261
-108
-780
-309
948
2376
3526
4192
4331
3957
2974
1291
-761
-2387
-2840
-2001
-313
1684
3577
5143
6145
5663
1927
-6176
-16388
-23190
-21993
-13617
-3577
3441
7331
10831
14615
15915
12002
3918
-3908
-7984
-8454
-7449
-5890
-3007
820
2869
782
-4325
-8687
-9934
-8960
-7763
-6366
-2889
3478
10594
14899
14680
11263
7079
3292
-300
-3567
-5538
-5582
-4308
-2785
-1373
-93
607
56
-1621
-3273
-3672
-2465
-189
2340
4546
6204
7007
6430
4174
870
-2025
-3371
-3188
-2156
-747
942
2509
3143
2353
525
-1310
-2275
-2120
-1261
-390
133
475
949
1432
1399
678
-193
-386
434
1827
3050
3620
3604
3312
2811
1873
401
-1106
-1815
-1267
222
1964
3460
4615
5354
4800
1284
-6197
-15620
-22003
-21114
-13426
-3928
2972
7083
10796
14662
15955
12225
4615
-2844
-7097
-8296
-7967
-6645
-3754
17
1941
-12
-4616
-8238
-8743
-7325
-6179
-5273
-2332
3685
10507
14363
13602
9971
6150
3114
123
-3232
-5884
-6535
-5209
-3192
-1639
-828
-525
-524
-729
-972
-1004
-552
535
2272
4255
5747
5989
4591
1980
-772
-2518
-2984
-2637
-1886
-650
1283
3271
4169
3300
1150
-976
-2060
-1886
-1087
-397
8
361
840
1101
753
-62
-745
-727
84
1458
2909
3908
4204
3900
3190
2074
577
-862
-1482
-861
728
2513
4003
5068
5200
2944
-3327
-12718
-20829
-22503
-16557
-7227
432
5205
9462
14429
17407
15041
7526
-925
-6258
-8029
-8061
-7401
-5195
-1360
1642
905
-3507
-8058
-9658
-8600
-7170
-6001
-3113
2894
10156
14724
14455
10866
6929
3912
841
-3066
-6610
-7772
-6130
-3406
-1607
-1227
-1439
-1478
-1187
-820
-438
161
1331
3249
5348
6586
6098
3971
1163
-1391
-3094
-3811
-3553
-2361
-453
1836
3673
4235
3340
1603
-61
-1268
-1877
-1757
-798
654
1828
2234
1827
973
30
-763
-1211
-1180
-419
1125
2960
4252
4491
3970
3194
2238
979
-172
-453
391
1815
3163
4174
4197
1663
-4829
-13974
-21171
-21741
-15219
-6046
1104
5582
9880
15003
18145
16044
8806
71
-6491
-9756
-10223
-8540
-5155
-1417
486
-634
-3737
-6461
-7652
-8140
-8653
-7736
-3082
4958
12531
15705
14200
10830
7843
4855
475
-4898
-8946
-9674
-7390
-4272
-2187
-1435
-1138
-748
-517
-750
-1050
-395
1664
4473
6693
7409
6638
4758
2131
-1012
-4085
-6105
-6301
-4507
-1430
1845
4289
5329
4974
3511
1460
-566
-1877
-2134
-1533
-448
843
2166
3085
3090
2044
418
-982
-1533
-958
383
1750
2612
3103
3746
4410
4370
3180
1595
946
1720
3170
3679
1813
-3214
-10732
-17892
-20932
-17743
-10238
-2646
2484
6057
10351
14906
16613
13259
6303
-332
-4359
-6189
-7131
-7220
-5791
-3596
-2501
-3641
-5943
-7567
-7987
-7848
-7364
-5244
-371
6233
11731
13933
13234
11308
8809
4928
-482
-5550
-8030
-7672
-6379
-5712
-5373
-4203
-2113
-456
-331
-1321
-1698
-197
2841
5805
7281
7283
6557
5525
3788
968
-2417
-5250
-6500
-5966
-4074
-1472
1150
3311
4470
4408
3408
2225
1514
1043
360
-438
-458
783
2369
2978
2168
896
306
556
944
743
209
194
1228
2832
3871
3961
3744
4050
4804
5181
4523
2141
-3026
-11278
-20037
-24262
-20632
-11292
-2070
3309
6295
10285
15193
17124
13138
5177
-1753
-4688
-4605
-3982
-3574
-2729
-1773
-2290
-5131
-8805
-11062
-11279
-10424
-8984
-5678
521
8032
13315
14238
12238
10093
8512
5684
533
-4931
-7645
-6899
-4893
-3975
-4286
-4544
-4056
-3342
-3117
-3232
-2853
-1208
1750
5153
7829
8982
8461
6540
3687
735
-1548
-3004
-4025
-4700
-4330
-2496
50
1769
1905
1205
929
1666
2847
3478
3190
2621
2647
3112
2962
1688
97
-608
-283
381
988
1663
2416
2802
2563
2102
2112
2889
4079
5029
5484
5354
3818
-1014
-9973
-20001
-25258
-22044
-12770
-3493
2206
5582
9586
14147
16115
13059
6087
-789
-4446
-4689
-3271
-1668
-293
163
-1284
-4659
-8432
-10917
-12018
-12293
-11247
-7489
-836
6555
11808
13583
12760
10858
8422
5025
675
-3355
-5594
-5784
-5064
-4462
-4121
-3882
-3835
-4120
-4354
-4078
-3128
-1448
1087
4353
7393
8993
8534
6386
3590
1045
-867
-2390
-3725
-4389
-3598
-1441
611
1140
236
-704
-514
694
2094
3052
3579
3998
4423
4607
4170
3156
2006
1122
595
376
524
954
1356
1512
1660
2186
3176
4270
5141
5928
6534
5843
1541
-7298
-17553
-23433
-21116
-13095
-5365
-1165
1431
6024
12034
15278
12668
5635
-1017
-4071
-3615
-1799
-183
1103
1563
251
-3187
-7427
-10646
-12462
-13226
-12497
-8816
-1903
5920
11383
12911
11580
9291
6822
3847
309
-2724
-4151
-4074
-3459
-3068
-3051
-3577
-4961
-6720
-7638
-6778
-4358
-1241
2237
5849
8959
10444
9506
6631
3075
131
-1883
-3423
-4456
-4299
-2492
-149
816
-148
-1758
-2243
-1266
340
1849
3143
4505
5815
6544
6104
4463
2386
742
12
235
1416
3295
4907
5185
3963
2266
1147
748
736
1262
2903
5128
5666
1906
-5952
-13860
-17168
-14769
-10117
-6791
-4690
-1164
4892
10610
12418
9577
4612
705
-1203
-1671
-1442
-643
451
562
-1312
-4841
-8440
-11053
-12774
-13533
-12188
-7529
-413
6446
10670
12000
11641
10446
8378
5277
1770
-1132
-2840
-3638
-4170
-4801
-5628
-6651
-7974
-9256
-9710
-8588
-5686
-1511
3235
7681
10938
12295
11424
8809
5319
1871
-1046
-3292
-4568
-4587
-3408
-2004
-1549
-2269
-3282
-3353
-2157
-197
1812
3547
5182
6682
7616
7315
5645
3379
1506
625
634
1185
2090
3127
4058
4629
4598
4035
3151
2421
2412
2786
2469
-373
-6165
-12489
-15837
-13920
-8730
-3907
-1181
522
3481
7000
8794
7345
3624
547
-537
187
1365
2191
2710
2385
525
-3330
-8232
-12594
-15417
-16363
-15157
-11191
-4788
2371
7909
10619
11012
10169
8793
6909
4875
3294
2545
2214
1430
-248
-2911
-6265
-9954
-13151
-14892
-14596
-12158
-7970
-2314
3920
9375
12733
13293
11707
8970
6100
3430
885
-1153
-2219
-1980
-1318
-1577
-3229
-5389
-6443
-5795
-3871
-1497
1010
3744
6339
8081
8172
6699
4545
2685
1732
1613
2153
3160
4329
5241
5501
5004
4062
2921
1910
1476
1546
1294
-1318
-6712
-12365
-14434
-11137
-5672
-1975
-1140
-516
2534
6370
7987
5804
1995
-254
-227
1239
2595
3781
4692
4391
2047
-2230
-6817
-10737
-13852
-16066
-16165
-12787
-6574
-54
4234
6160
6990
7581
7410
5838
3786
2735
3484
4873
5302
4083
1434
-1950
-5979
-10202
-13874
-15884
-15367
-12318
-7072
-822
5090
9197
10683
10082
8468
6860
5115
2853
502
-748
-148
1145
1176
-963
-4087
-6116
-6040
-4353
-2238
-221
1920
4365
6555
7422
6536
4623
2877
1947
1714
2037
2975
4420
5841
6639
6856
6646
6085
5051
3030
-484
-6228
-13053
-17778
-17367
-11508
-4161
1104
3545
5104
7317
8509
7088
3062
-1026
-2744
-2199
-297
1842
4078
5771
5492
2810
-1297
-4954
-7624
-9968
-12124
-12722
-10306
-5541
-945
1400
1952
2431
3612
4453
3902
2683
2385
3631
5086
5256
3776
1396
-1236
-4185
-7401
-10671
-13058
-13612
-11710
-7516
-2388
2456
6020
8003
8369
7328
5814
4496
3595
2706
1550
374
-604
-1449
-2536
-3999
-5318
-5441
-3758
-776
2024
3613
4328
4899
5456
5192
3848
2246
1549
2279
3670
4735
5031
5034
5441
6201
6543
6074
5097
3549
167
-6497
-14752
-20127
-18764
-11546
-3596
1565
4221
7039
10136
10710
7459
2269
-1015
-1290
-198
933
2363
4817
6570
5069
-84
-6103
-9701
-10477
-10318
-10532
-9851
-6618
-1394
2855
3857
2475
1087
1198
2061
2715
3321
4489
6246
7367
6859
4354
275
-4418
-8843
-12145
-14116
-14544
-13097
-9695
-4906
-191
3300
5201
5917
6044
5951
5921
5977
5993
5688
4709
2733
-256
-3717
-6643
-8190
-8139
-6614
-3876
-388
2928
5039
5508
4789
3807
3278
3482
4236
5190
5982
6523
6777
6539
5629
4094
2585
1797
2009
2333
1016
-3453
-10386
-16124
-17070
-12493
-5972
-1177
1602
4317
8101
10335
8775
4369
588
28
1204
2059
2212
3101
5181
5981
3280
-2475
-8004
-10574
-10398
-9400
-8616
-7273
-4383
-461
2563
3406
2199
432
-372
394
2602
5203
7204
7981
7597
6410
4235
719
-4152
-9322
-13239
-14838
-13972
-11383
-7938
-4400
-1200
1361
3051
3927
4323
4936
6006
7072
7417
6647
4993
2558
-650
-4349
-7535
-8879
-7782
-4731
-1210
1516
2936
3432
3603
3554
3218
2727
2738
3805
5798
7752
8813
8676
7731
6677
5566
4558
3075
630
-3535
-9988
-16603
-20472
-18575
-11892
-4413
1227
4640
8152
11286
11655
8170
2718
-318
179
2348
3674
3815
4414
5454
5120
1573
-4508
-10230
-13029
-12500
-9788
-6418
-3325
-746
1098
2386
2797
2117
535
-1069
-1067
1098
4833
8184
9511
8354
5246
1394
-2710
-6597
-9958
-11935
-11588
-9083
-5400
-2270
-462
214
363
434
272
176
697
2353
4828
6903
7502
6288
3746
576
-2575
-5196
-6658
-6562
-4932
-2378
-5
1514
1985
2007
2167
2648
3327
3929
4678
5840
7579
9196
9865
9154
7527
6069
4636
2478
-2112
-9123
-16226
-20376
-19115
-14170
-8399
-4063
-926
2946
6916
9396
8694
5891
4021
4513
6796
8582
8565
7200
5344
3240
405
-3596
-7955
-11411
-12883
-11886
-9361
-6319
-3995
-2682
-1664
-470
1254
2730
3597
4122
4904
6384
7682
7991
6704
4167
1149
-1896
-4446
-6606
-8146
-8848
-8479
-6893
-4773
-2784
-1544
-925
-304
753
2344
3930
4980
5240
4866
4038
2896
1437
-159
-1539
-2565
-2895
-2566
-1597
-498
17
-184
-951
-1408
-1198
-270
1135
2687
4349
5859
7056
7733
7963
7690
7004
5827
4146
1721
-2103
-6903
-11556
-13969
-13463
-11167
-8474
-6275
-3728
-664
2238
3919
4014
3727
4218
5785
7725
8975
9121
8405
6835
4589
1603
-1688
-4556
-6871
-8241
-8937
-8809
-7958
-6957
-5934
-5068
-3738
-1701
820
3377
5411
6899
7714
7759
6871
5148
2974
755
-1181
-2862
-4241
-5168
-5448
-5157
-4701
-4342
-4021
-3398
-2279
-818
763
2228
3412
4160
4430
4318
3831
2831
1266
-425
-1663
-2062
-1813
-1280
-706
-265
91
320
603
899
1099
1180
1256
1838
2994
4531
5749
6125
5671
4749
3698
1982
-838
-4571
-7790
-9171
-8611
-7025
-5486
-4096
-2789
-1584
-900
-841
-923
-588
488
1976
3538
5001
6370
7384
7415
6129
3751
1168
-842
-1981
-2459
-2798
-3237
-3880
-4610
-5364
-6166
-6772
-6802
-5746
-3534
-538
2575
5126
6749
7187
6545
5046
3262
1775
800
232
-324
-925
-1603
-2321
-3109
-3883
-4423
-4672
-4568
-4035
-2834
-964
1274
3234
4441
4845
4653
4213
3453
2210
492
-1204
-2137
-2083
-1387
-576
18
371
479
349
200
184
438
905
1485
2253
3264
4510
5706
6342
6035
4880
3187
1272
-1062
-3813
-6441
-8233
-8488
-7571
-6003
-4428
-3223
-2445
-2280
-2425
-2485
-1859
-379
1556
3390
4892
6154
7122
7361
6229
3873
992
-1349
-2609
-2957
-2750
-2468
-2246
-2296
-2766
-3648
-4632
-5230
-5063
-4071
-2413
-344
1752
3581
4697
5002
4562
3640
2640
1738
1079
558
46
-524
-1174
-1848
-2420
-2846
-3067
-3181
-3212
-2894
-2041
-539
1146
2561
3457
3772
3696
3117
2170
955
-183
-867
-1003
-565
38
504
624
366
-4
-320
-429
-300
7
515
1147
1792
2396
2891
3382
3685
3598
3112
2362
1679
956
100
-914
-1906
-2598
-2955
-2971
-2808
-2678
-2706
-2857
-2931
-2739
-2321
-1786
-1196
-469
441
1355
2060
2360
2372
2203
1877
1296
387
-610
-1416
-1791
-1932
-2019
-2128
-2170
-1992
-1729
-1385
-1007
-496
60
576
1032
1419
1769
1869
1712
1277
716
89
-577
-1166
-1641
-1851
-1885
-1801
-1735
-1760
-1769
-1618
-1200
-544
350
1353
2407
3155
3360
3013
2155
1156
78
-780
-1297
-1468
-1249
-861
-243
350
712
697
344
62
89
441
889
1290
1537
1792
2058
2212
2185
1814
1320
777
359
152
166
465
787
1050
1108
989
810
543
288
59
-95
-140
-21
190
316
231
-166
-645
-1033
-1280
-1494
-1913
-2397
-2734
-2669
-2236
-1813
-1598
-1661
-1756
-1615
-1181
-615
-199
48
334
879
1568
2028
1978
1484
847
228
-341
-996
-1610
-2036
-2154
-1978
-1759
-1611
-1612
-1604
-1543
-1439
-1346
-1213
-796
-32
1019
1985
2541
2586
2231
1641
980
317
-312
-669
-824
-727
-514
-235
125
258
251
17
-13
353
797
1231
1341
1447
1831
2335
2726
2691
2226
1645
1170
756
303
-280
-774
-921
-706
-276
118
454
728
910
981
869
729
743
964
1404
1893
2221
2325
2175
1816
1274
438
-577
-1540
-2255
-2571
-2697
-2759
-2811
-2819
-2596
-2250
-1844
-1446
-1117
-660
-12
780
1559
2000
1966
1448
565
-433
-1423
-2270
-2887
-3144
-3000
-2702
-2418
-2256
-2145
-1919
-1681
-1546
-1418
-1162
-619
174
907
1435
1697
1657
1363
814
218
-232
-413
-355
-255
-63
51
112
222
185
201
165
71
204
389
696
975
1035
1093
1193
1489
1877
2105
2134
1937
1797
1679
1441
1272
905
581
441
320
423
354
113
-149
-345
-217
59
504
986
1332
1542
1458
1351
1244
1010
827
493
214
78
-118
-260
-565
-899
-1154
-1403
-1594
-1648
-1396
-988
-404
213
773
1346
1591
1436
980
343
-332
-1045
-1711
-2172
-2423
-2445
-2396
-2372
-2382
-2502
-2510
-2517
-2459
-2199
-1860
-1269
-658
-161
275
460
427
127
-358
-653
-648
-427
-89
91
76
101
263
564
771
701
480
234
202
336
436
494
270
21
58
255
752
1081
1081
1168
1204
1431
1724
1580
1427
1236
1072
1252
1184
1026
801
412
249
-1
-134
-147
-247
-80
59
357
815
983
1301
1438
1426
1523
1229
917
589
234
15
-312
-596
-837
-931
-854
-798
-666
-489
-188
225
414
353
158
-215
-564
-694
-892
-997
-852
-782
-494
-320
-517
-711
-1183
-1516
-1616
-1723
-1640
-1563
-1364
-1029
-667
-409
-515
-629
-634
-531
-183
66
239
493
584
628
553
251
20
-251
-551
-712
-811
-741
-512
-345
-188
-47
149
562
906
1094
1071
899
850
815
730
586
380
260
223
236
223
71
-67
-243
-373
-312
-227
3
246
559
965
1143
1432
1482
1232
1316
1241
1211
1364
855
546
466
-26
-50
-478
-1127
-1042
-1117
-716
13
488
1076
1234
1152
850
399
24
-503
-779
-981
-896
-464
-217
-39
-262
-666
-984
-1288
-1445
-1575
-1492
-1368
-1068
-612
-321
-32
-181
-394
-419
-511
-243
-62
-31
232
330
543
795
672
537
273
-24
-233
-522
-675
-720
-611
-373
26
474
814
1072
1009
889
764
566
474
348
223
96
22
-57
-197
-390
-768
-977
-1150
-1298
-1001
-697
-295
274
547
937
1340
1567
1714
1545
1426
1342
1378
1232
874
591
41
-95
-457
-981
-1089
-1521
-1384
-1095
-853
-73
264
605
940
824
769
586
187
-121
-208
-433
-428
-341
-693
-639
-671
-926
-723
-900
-1006
-696
-752
-601
-472
-600
-384
-199
16
251
282
268
177
193
113
38
8
29
142
149
265
147
23
11
-72
39
221
452
596
700
750
697
595
510
461
468
465
459
568
506
436
203
-209
-515
-786
-836
-986
-1019
-812
-767
-452
-155
-39
234
459
659
918
1130
1260
1291
1135
884
564
387
163
-63
-122
-432
-467
-538
-732
-682
-868
-655
-629
-645
-240
-388
95
362
167
509
12
-104
-16
-541
-545
-843
-1104
-928
-924
-672
-664
-570
-413
-583
-358
-490
-405
-158
-164
250
334
457
465
299
265
12
182
3
-55
309
32
358
465
366
874
743
868
869
608
724
448
512
278
6
294
-94
248
291
-103
484
228
316
441
-65
125
-9
-74
-45
-314
-349
-409
-301
-149
24
120
203
451
443
624
628
471
576
418
413
577
419
338
101
-283
-343
-547
-649
-698
-806
-658
-614
-508
-408
-478
-491
-479
-425
-288
-230
-292
-337
-478
-583
-674
-895
-858
-831
-577
-306
-326
-113
-255
-372
-334
-567
-513
-354
-263
-85
101
256
407
546
476
413
299
111
216
194
170
433
538
769
1067
1081
1043
793
572
255
64
10
-235
-27
-65
17
256
89
228
132
-62
-149
-209
-123
-39
146
148
281
401
348
503
380
244
210
83
98
20
54
221
269
460
532
454
523
351
231
0
-144
-26
-100
101
35
-157
-293
-741
-768
-994
-1088
-584
-530
-229
80
-192
-235
-443
-747
-801
-997
-975
-713
-586
-336
-229
-273
-341
-401
-361
-359
-262
-203
-155
-110
13
91
-73
-31
24
68
366
474
430
489
519
576
694
644
466
483
527
467
519
352
19
159
129
123
376
136
187
333
276
424
360
157
-71
-180
-345
-534
-435
-513
-327
171
345
659
850
730
782
667
430
370
137
120
287
271
430
333
138
80
-183
-243
-257
-397
-260
-221
-284
-197
-377
-529
-479
-492
-363
-108
-41
-64
75
-30
-264
-363
-677
-745
-646
-717
-633
-644
-727
-684
-685
-754
-586
-366
-304
-52
28
125
361
310
251
60
-153
8
2
-16
122
-66
12
105
48
173
25
2
141
152
232
223
243
209
238
446
338
378
501
344
535
625
390
430
235
-9
-16
-279
-326
-271
-265
-12
219
505
660
658
814
728
685
719
508
564
504
416
459
221
107
22
-103
-140
-159
-147
-170
-123
-100
-172
-351
-480
-515
-487
-176
-6
73
226
131
105
18
-357
-518
-680
-864
-668
-695
-775
-636
-635
-525
-409
-439
-378
-351
-387
-275
-234
-255
-201
-186
-156
-127
-83
-84
-160
-163
-170
-199
-128
-66
-41
-1
73
174
92
-36
-120
-245
-194
-11
98
266
403
523
669
621
680
512
232
214
-67
-61
-30
-126
223
253
374
631
563
716
693
616
705
552
685
735
628
810
606
519
487
185
208
115
59
177
106
101
227
310
237
189
109
5
115
193
216
104
10
43
59
155
53
-163
-347
-638
-750
-910
-1249
-1401
-1480
-1498
-1287
-1098
-965
-834
-783
-787
-901
-1005
-1051
-1046
-922
-803
-662
-549
-462
-296
-182
-133
54
207
240
370
383
323
330
218
201
206
161
185
80
60
129
150
274
358
451
554
599
667
614
436
431
372
386
681
674
768
903
851
1025
966
848
865
816
845
874
788
682
700
669
630
586
503
555
670
714
691
614
540
635
658
613
582
495
335
-30
-588
-1301
-1610
-1588
-1427
-1113
-1240
-1362
-1408
-1648
-1863
-2340
-2670
-2609
-2303
-1740
-1322
-1091
-859
-670
-460
-280
-251
-51
243
623
1081
1179
1018
699
401
196
93
108
38
15
-2
-70
-212
-467
-726
-808
-696
-451
-77
129
316
499
581
691
681
707
755
867
1057
1023
907
718
532
606
656
728
847
768
803
749
542
462
375
476
712
842
946
1022
1098
1204
1202
993
866
927
1084
1419
1555
1476
1339
991
409
-410
-1326
-1927
-2008
-1804
-1614
-1749
-1985
-2169
-2305
-2437
-2751
-2848
-2649
-2118
-1435
-1042
-840
-739
-580
-392
-284
-155
-13
331
835
1207
1347
1244
945
656
445
268
106
-49
-156
-259
-358
-605
-902
-1138
-1289
-1192
-1032
-863
-732
-628
-512
-392
-143
94
257
539
828
1153
1495
1639
1715
1739
1785
1843
1770
1607
1354
1072
822
633
479
358
360
418
436
449
428
525
651
777
1029
1314
1714
2185
2495
2563
2329
1874
1185
266
-741
-1663
-1866
-1484
-972
-733
-1332
-2107
-2738
-3260
-3591
-3979
-3974
-3339
-2270
-1182
-740
-799
-1015
-1111
-929
-625
-234
306
1014
1784
2264
2236
1780
1022
463
244
275
492
534
374
-6
-610
-1323
-1993
-2563
-2777
-2549
-2171
-1636
-1283
-1185
-1044
-905
-513
47
583
1119
1509
1788
1807
1526
1180
1003
1194
1675
2105
2330
2257
1934
1516
1046
740
618
725
940
1043
1058
903
740
563
354
315
516
1080
1886
2601
3016
3068
2793
2054
763
-849
-2229
-2459
-1604
-641
-314
-1146
-2319
-3052
-3415
-3585
-4000
-4105
-3425
-2265
-1199
-977
-1332
-1633
-1497
-776
56
756
1465
2115
2654
2851
2486
1674
724
119
52
408
823
897
581
-110
-850
-1566
-2346
-2968
-3352
-3188
-2719
-2265
-2014
-2131
-2089
-1712
-998
-186
363
829
1323
1846
2208
2088
1740
1574
1743
2143
2260
1999
1528
1123
1039
981
869
754
640
655
661
553
425
413
587
932
1284
1563
2007
2497
2885
3233
3249
3076
2502
1036
-822
-2521
-2809
-1593
-399
-106
-1313
-2777
-3414
-3527
-3537
-4112
-4349
-3419
-1850
-558
-512
-1340
-1962
-1726
-737
280
1035
1691
2399
3114
3432
3081
2196
1111
448
407
730
1084
931
222
-655
-1405
-1886
-2279
-2770
-3177
-3186
-2776
-2315
-2251
-2563
-2649
-2086
-950
114
520
513
604
1043
1511
1581
1411
1412
1921
2533
2578
1983
1152
725
821
1063
1001
640
354
273
356
214
-165
-306
-67
542
1196
1571
1879
2403
3099
3877
4251
4068
3085
934
-1455
-3354
-3299
-1596
-312
-298
-2035
-3530
-3783
-3629
-3598
-4320
-4351
-2947
-991
274
-279
-1456
-1799
-990
483
1466
1852
2237
2834
3526
3780
3272
2338
1446
1089
1312
1698
1660
880
-326
-1509
-2125
-2314
-2460
-2811
-3324
-3425
-3192
-2852
-2889
-3224
-2982
-1953
-325
859
900
466
332
928
1711
1927
1716
1587
1980
2461
2249
1349
352
63
513
1041
1109
620
173
151
423
578
402
311
522
984
1404
1486
1557
1997
2686
3531
4012
4015
3282
1010
-1766
-4084
-4071
-1659
273
413
-1945
-4236
-4661
-4328
-4005
-4816
-5057
-3550
-1357
109
-573
-2042
-2516
-1480
505
1968
2672
3110
3531
4049
4163
3594
2702
1743
1371
1642
2064
2088
1105
-353
-1721
-2275
-2123
-1983
-2109
-2797
-3260
-3371
-3208
-3072
-3290
-3013
-2073
-595
548
624
220
139
957
2092
2594
2359
1881
1799
2022
1879
1283
643
497
891
1153
848
24
-704
-774
-277
311
518
536
730
1137
1587
1810
1923
2362
3029
3712
4215
4259
3888
2009
-1133
-4100
-5034
-2582
353
1137
-1186
-4621
-5716
-4954
-3891
-4194
-4932
-3939
-1828
-123
-703
-2722
-3617
-2489
46
2184
2972
3083
3165
3477
3807
3645
3085
2388
2041
2260
2608
2516
1387
-341
-1722
-2115
-1658
-1294
-1534
-2439
-3439
-3931
-3937
-3627
-3188
-2481
-1413
-310
214
-95
-704
-684
424
1998
2995
2962
2396
1936
1818
1772
1525
1294
1325
1456
1307
618
-316
-885
-792
-156
478
658
431
160
295
747
1216
1731
2237
3028
3696
4081
4388
4390
4134
1827
-1915
-5026
-5266
-1807
984
643
-3038
-6600
-6626
-4935
-3679
-4389
-5107
-3712
-1442
-190
-1391
-3302
-3289
-1061
1956
3684
3633
2910
2410
2726
3371
3512
3177
2442
2033
2229
2405
2052
567
-999
-1741
-1408
-604
-683
-1557
-3048
-3946
-3999
-3675
-3094
-2775
-2147
-1458
-817
-569
-841
-751
-19
1419
2597
2881
2392
1727
1607
1812
2000
1895
1687
1533
1170
513
-292
-710
-385
369
848
659
-117
-763
-755
-6
1137
1840
2238
2413
2894
3649
4066
4549
4743
4847
3325
-420
-4312
-5936
-3209
387
1244
-1717
-6002
-7104
-5759
-4175
-4453
-5638
-4941
-2909
-1131
-1465
-3080
-3403
-1658
1381
3617
4030
3431
2848
3084
3960
4421
4100
3106
2184
2002
2001
1709
461
-1055
-1739
-1428
-528
-526
-1475
-2895
-3761
-3531
-3127
-2789
-2929
-2803
-2034
-1116
-333
-473
-834
-600
451
1914
2610
2455
1963
1777
2021
2118
1876
1515
1312
1207
872
394
26
74
518
736
372
-531
-1134
-845
160
1201
1386
953
791
1564
3085
4266
4512
4557
4834
5276
4001
-142
-4643
-6564
-3665
707
1923
-1122
-6190
-8117
-6729
-4563
-3953
-4985
-4738
-3118
-1453
-1448
-3038
-3638
-2015
1243
4006
4585
3480
2147
2048
3284
4463
4644
3732
2659
2292
2037
1416
-46
-1602
-1908
-1207
-139
-226
-1592
-3240
-4240
-3815
-3090
-2636
-2688
-2763
-2059
-1187
-586
-830
-1272
-670
1035
2870
3448
2508
1279
893
1551
2467
2670
2299
1652
1078
594
41
-192
-64
598
1210
1036
217
-828
-1042
-450
385
943
939
1091
1547
2281
2870
3289
3727
4522
5458
5587
3991
33
-3818
-5439
-3210
529
1504
-995
-5651
-7822
-6900
-5027
-4152
-5045
-5101
-3826
-1946
-1304
-2450
-3302
-2237
867
3955
4887
3689
2213
2084
3479
4804
4893
3962
2751
2165
1720
994
-131
-1294
-1566
-1264
-753
-952
-2196
-3697
-4810
-4562
-3546
-2460
-1934
-2112
-2166
-2078
-1547
-1011
-384
676
1888
2829
2596
1616
850
1207
2460
3311
3129
2015
860
135
-118
-114
15
364
882
1385
1123
-37
-1509
-2061
-976
858
2185
2097
1219
679
1140
2234
3158
3672
4088
4984
5717
5489
2856
-1423
-4699
-4843
-1212
1996
1786
-2192
-6717
-7738
-6156
-4094
-3887
-4711
-4347
-3056
-1964
-2591
-4032
-3809
-1113
2736
5089
4496
2422
1007
1672
3836
5369
5443
4126
2656
1912
1350
627
-666
-1667
-1631
-966
-606
-1719
-3745
-5449
-5506
-3855
-2098
-1345
-1997
-2953
-3134
-2449
-1271
-354
440
1376
2338
2890
2508
1547
950
1429
2567
3199
2626
1332
255
-150
-84
40
222
444
728
570
-192
-1193
-1681
-1095
208
1434
1658
1130
547
632
1464
2453
3188
3783
4373
5076
5500
5113
4017
1303
-1815
-3995
-3333
21
1933
588
-4012
-7460
-6981
-4482
-2752
-3884
-5419
-5124
-3323
-1839
-2296
-3152
-2301
498
3439
4260
2906
1384
1420
3392
5488
5917
4493
2304
1184
1171
1414
912
-618
-1722
-2017
-1557
-1597
-2804
-4249
-5176
-4422
-2893
-1783
-1911
-3227
-4038
-3620
-1793
174
1183
1380
1417
1807
2023
1627
945
992
2081
3411
3458
1890
-175
-1447
-1222
-308
450
623
418
309
-47
-728
-1543
-1744
-756
692
1772
1711
907
438
890
2133
3303
3859
3830
3899
4177
4801
5121
4984
4020
1263
-1820
-3935
-2773
252
1361
-834
-5380
-7563
-6359
-4133
-3456
-4887
-5448
-4089
-2180
-1586
-2743
-3256
-1530
1596
4110
4222
2818
1750
2030
3603
4730
4540
3331
1946
1424
1292
928
49
-1202
-1827
-1857
-1590
-1754
-2791
-3939
-4606
-4006
-2629
-1541
-1312
-2159
-2935
-2902
-1814
-412
380
777
1132
1733
1973
1440
634
414
1178
2208
2452
1548
15
-1259
-1598
-1156
-347
236
362
158
-352
-867
-1239
-978
-38
1223
2121
2150
1668
1201
1278
1913
2751
3468
3906
4161
4413
4430
4425
4392
4379
3899
1590
-1553
-3903
-3178
-316
955
-824
-4798
-6854
-5865
-3945
-3217
-4322
-4724
-3544
-1935
-1304
-2103
-2400
-1034
1425
3426
3462
2181
1107
1204
2574
3702
3665
2647
1394
1028
944
564
-332
-1457
-1746
-1453
-813
-686
-1334
-2335
-3275
-3287
-2595
-1640
-1211
-1550
-2164
-2582
-2436
-1914
-1292
-593
257
1014
1260
797
152
25
569
1295
1436
839
-175
-1003
-1190
-797
-228
47
112
215
401
379
34
-212
2
793
1676
2192
2192
1873
1796
1977
2434
2796
2922
3079
3065
3253
3414
3688
4269
4553
4347
2444
-775
-3465
-3902
-1240
1393
1505
-1353
-4928
-5934
-4877
-3328
-3027
-3640
-3261
-2145
-1161
-1594
-2924
-3037
-1310
1422
3017
2303
558
-574
44
1820
2972
2900
1826
1038
1125
1399
1396
668
-31
-202
9
275
-237
-1271
-2400
-2845
-2253
-1444
-1121
-1871
-3051
-3743
-3617
-2795
-2129
-1769
-1497
-964
-316
-133
-509
-902
-637
313
1314
1577
978
-114
-886
-839
-157
630
993
1207
1391
1456
1140
547
430
974
1849
2275
1891
1157
636
774
1287
1680
1836
1933
2233
2653
2844
2800
3079
3799
5002
5802
5582
4241
1512
-1001
-2399
-1380
1051
2107
918
-2454
-4785
-5067
-4360
-3960
-4681
-4751
-3860
-2760
-2755
-4114
-5115
-4276
-1731
939
1960
1164
103
-1
1431
2899
3326
2815
2072
2234
2617
2638
1831
657
172
221
551
364
-537
-1743
-2925
-3495
-3551
-3279
-2963
-3110
-3535
-4051
-4229
-4030
-3658
-2933
-1903
-748
-88
-239
-775
-842
-36
1201
2063
2155
1701
1060
782
931
1383
1845
2041
2106
1940
1616
1074
527
379
677
1260
1469
1141
507
110
381
971
1579
1905
2289
2795
3283
3577
3656
3939
4564
5444
6096
6323
5879
4781
2558
-222
-2230
-2286
-364
767
-237
-3397
-6250
-6976
-6426
-5581
-5643
-5585
-4868
-3942
-3512
-4148
-4670
-3981
-1834
759
2343
2354
1548
995
1452
2602
3437
3640
3173
2756
2495
1969
1181
155
-303
-150
152
17
-1018
-2501
-3950
-4693
-4657
-4171
-3644
-3500
-3632
-3931
-4152
-4175
-3902
-3098
-1841
-339
846
1291
1015
525
489
1115
2110
2857
2986
2480
1798
1313
1113
1182
1436
1914
2252
2145
1507
656
182
294
857
1468
1798
1675
1313
982
914
1154
1596
2368
3094
3540
3426
2984
2742
2861
3496
4280
4979
5127
4678
3748
2805
1609
-344
-2390
-3642
-2655
-944
-510
-2249
-5215
-6633
-6528
-5591
-5064
-4914
-4088
-3088
-2409
-2749
-3676
-3889
-2904
-952
860
1517
1235
669
608
1317
1919
2140
1839
1413
1359
1175
927
248
-621
-1172
-1538
-1372
-1364
-1689
-2444
-3425
-3813
-3749
-3181
-2601
-2245
-2054
-2119
-2160
-2176
-1995
-1479
-689
170
749
924
983
1183
1607
2135
2560
2997
3218
3113
2648
2029
1734
1795
2234
2614
2627
2252
1596
1110
782
669
701
897
1223
1451
1381
999
628
578
1073
1833
2463
2669
2544
2347
2136
1990
1969
2358
3055
3778
4061
3914
3633
3284
2601
769
-1492
-3126
-2784
-1062
-306
-1407
-4026
-5726
-5760
-5138
-5021
-5805
-6134
-5425
-4241
-3620
-4083
-4754
-4428
-2998
-1169
-175
-264
-626
-625
172
1009
1324
1168
866
1083
1461
1611
1318
694
371
326
467
425
24
-544
-1148
-1446
-1542
-1536
-1546
-1594
-1500
-1302
-1184
-1307
-1622
-1729
-1276
-353
634
1177
1202
1013
932
1160
1541
1937
2282
2488
2604
2551
2276
1881
1537
1520
1770
2106
2238
2100
1773
1447
1218
1057
964
835
825
810
833
763
645
738
892
1154
1302
1556
1964
2222
2194
1837
1654
1869
2275
2519
2492
2307
2382
2501
2425
1656
-289
-2352
-3778
-3391
-2092
-1649
-2488
-4427
-5497
-5736
-5821
-6253
-6934
-6552
-5293
-3979
-3563
-4244
-4895
-4550
-3196
-1508
-474
-52
361
919
1628
1790
1501
1371
1718
2736
3587
3783
3316
2425
1799
1509
1587
1731
1569
1225
648
61
-594
-1276
-1764
-2010
-2009
-2019
-2093
-2320
-2521
-2635
-2412
-1775
-1009
-195
376
882
1212
1413
1657
1968
2533
3036
3371
3479
3426
3305
3070
2759
2405
2210
2198
2335
2275
1836
1102
397
136
196
400
262
-190
-593
-723
-454
-303
-330
-444
-363
0
194
221
126
317
850
1360
1570
1351
1092
1169
1637
2077
2285
1981
1476
622
-725
-2014
-2968
-2614
-1911
-1706
-2427
-3886
-4677
-5061
-5112
-5344
-5610
-5122
-4221
-3230
-2830
-3070
-3296
-3070
-2157
-927
-44
450
819
1349
2149
2554
2490
2188
2045
2466
2848
3017
2672
1955
1439
1155
1264
1158
737
193
-207
-143
-144
-419
-1108
-1611
-1581
-1153
-788
-993
-1352
-1579
-1131
-404
214
564
718
1162
1649
2072
2099
1893
1738
1722
1831
1916
1955
1917
1819
1523
1096
519
83
-85
-1
240
274
120
-241
-509
-507
-448
-389
-522
-516
-217
121
312
35
-267
-382
-264
23
116
232
311
466
701
792
746
590
483
665
969
1249
1458
1450
1575
1518
1290
750
-261
-1042
-1668
-1686
-1514
-1673
-1954
-2532
-2818
-2996
-3201
-3356
-3527
-3370
-3063
-2739
-2457
-2243
-1975
-1652
-1397
-1155
-911
-577
36
708
1370
1708
1794
1839
1889
2069
2136
2275
2456
2692
2888
2796
2507
1945
1436
1070
899
843
589
254
-208
-656
-1116
-1669
-2171
-2507
-2525
-2296
-2022
-1944
-2023
-2032
-1716
-1142
-549
-88
250
651
1024
1302
1453
1555
1743
1958
2150
2180
2091
1861
1567
1278
947
693
481
418
426
347
101
-377
-764
-971
-917
-671
-573
-611
-740
-830
-720
-521
-360
-262
-239
-153
9
225
347
331
340
403
652
859
756
565
401
540
890
1118
1269
1293
1399
1462
1239
757
29
-453
-603
-408
-143
-296
-705
-1202
-1429
-1454
-1563
-1711
-1834
-1774
-1567
-1428
-1374
-1413
-1444
-1312
-1069
-757
-602
-625
-530
-232
249
566
583
463
384
488
592
576
516
519
644
795
769
528
183
-88
-121
16
152
130
-11
-165
-296
-495
-879
-1281
-1463
-1273
-837
-438
-270
-258
-186
63
495
889
1080
1128
1231
1445
1629
1629
1400
1162
1076
973
771
380
7
-137
-208
-312
-591
-826
-964
-915
-753
-732
-728
-768
-755
-559
-307
-209
-117
-10
214
539
627
600
493
414
496
698
922
1026
992
913
856
833
673
429
398
573
921
1053
850
551
301
359
560
717
716
595
562
695
821
713
296
-250
-441
-241
76
168
-104
-531
-922
-1203
-1462
-1709
-1916
-2011
-1899
-1708
-1579
-1589
-1821
-1972
-1874
-1594
-1295
-1167
-1096
-979
-737
-465
-216
-44
62
176
291
443
576
706
765
857
974
1061
1115
1030
872
631
406
206
44
-133
-424
-706
-920
-975
-861
-759
-736
-786
-787
-685
-485
-245
-12
343
751
1086
1195
1055
843
812
925
1055
1169
1128
1107
1001
798
496
172
85
150
402
499
342
97
-161
-218
-239
-368
-551
-538
-389
-234
-251
-492
-610
-507
-197
30
148
186
199
344
483
657
823
947
1076
1264
1345
1279
1149
947
936
1099
1244
1158
852
514
289
353
434
427
349
153
137
214
111
-215
-684
-1032
-1002
-694
-561
-702
-1043
-1402
-1509
-1497
-1459
-1496
-1596
-1562
-1377
-1184
-1231
-1377
-1397
-1156
-712
-403
-346
-441
-538
-542
-401
-254
-119
-53
-3
111
181
189
0
-139
-119
2
201
213
112
-18
-64
-14
8
28
-44
-81
11
104
203
157
31
72
167
303
353
334
400
491
643
711
718
745
683
755
801
752
690
449
342
323
366
403
286
229
139
144
171
86
141
215
322
465
393
378
315
218
234
184
258
232
304
389
296
284
23
-119
-106
-129
-20
-68
-142
-125
-121
-55
22
81
56
20
114
222
399
466
323
224
99
35
-25
-187
-291
-257
-152
-48
-49
-201
-379
-423
-344
-260
-233
-354
-440
-488
-486
-486
-648
-723
-747
-597
-392
-407
-523
-727
-796
-635
-453
-371
-431
-544
-602
-572
-503
-511
-574
-585
-489
-304
-231
-368
-491
-517
-387
-138
-13
22
41
108
248
379
493
555
640
787
882
981
997
967
1048
1100
1139
1082
955
833
803
848
694
520
301
120
173
52
-88
-196
-374
-351
-350
-473
-601
-718
-727
-658
-498
-406
-438
-338
-333
-166
31
-56
118
168
286
534
399
390
381
516
788
831
839
601
441
424
374
464
279
159
136
-14
50
-160
-414
-536
-738
-631
-677
-857
-881
-993
-891
-727
-714
-715
-717
-578
-461
-287
-229
-240
-59
-40
185
372
267
360
368
427
655
685
689
639
551
557
583
656
672
665
558
497
512
375
326
257
234
289
159
9
-141
-292
-266
-241
-241
-165
-198
-255
-302
-347
-359
-327
-259
-196
-109
-162
-280
-329
-407
-356
-306
-369
-375
-443
-504
-502
-585
-602
-554
-444
-303
-225
-239
-323
-288
-186
-38
96
52
14
34
82
193
250
240
186
239
271
228
274
88
-25
64
72
199
170
-77
-211
-208
-167
-46
4
-164
-196
-131
-168
-64
-1
-128
2
204
308
477
329
167
255
319
489
550
434
353
351
352
287
236
108
53
179
249
250
108
-130
-101
58
121
264
172
78
235
252
373
435
364
397
452
519
563
572
394
320
338
247
271
102
-38
-32
-77
50
-28
-231
-312
-464
-457
-400
-514
-565
-593
-627
-597
-629
-779
-769
-620
-553
-325
-250
-370
-223
-130
-28
100
8
4
2
-35
-65
-200
-309
-388
-426
-453
-540
-612
-703
-812
-839
-823
-913
-967
-979
-1011
-789
-635
-474
-253
-236
-6
86
114
341
375
558
802
938
1117
1163
1112
1061
1084
1074
1105
1214
1182
1204
1174
980
907
820
683
607
545
443
304
255
43
-54
-16
-153
-60
-71
-172
-78
-94
4
110
141
266
287
350
418
347
336
271
265
295
258
182
7
-39
-143
-258
-209
-418
-529
-482
-686
-628
-627
-910
-891
-898
-826
-643
-647
-671
-758
-643
-580
-546
-396
-654
-604
-417
-456
-101
-145
-318
-232
-348
-201
-93
-107
-78
-110
-33
-124
-112
-211
-402
-235
-315
-183
-71
-274
-208
-305
-295
-212
-214
-113
-87
68
109
160
316
262
439
570
554
740
750
783
837
803
826
763
817
753
705
785
619
637
571
459
537
454
449
411
352
325
225
258
199
211
241
163
184
133
169
185
264
359
264
309
232
161
232
83
9
-14
-149
-87
-137
-341
-342
-506
-574
-494
-616
-645
-689
-780
-778
-775
-863
-846
-839
-881
-750
-734
-716
-604
-590
-581
-526
-494
-454
-365
-294
-304
-260
-222
-240
-194
-220
-292
-188
-202
-155
-49
-201
-146
-93
-64
120
115
90
104
170
251
311
380
388
503
589
631
706
613
664
712
661
799
700
611
560
384
447
335
239
206
24
54
19
-13
-27
-147
-47
-3
33
191
152
142
242
305
328
455
530
530
682
647
640
702
551
593
617
473
539
422
249
241
68
-77
-252
-355
-444
-604
-611
-839
-910
-903
-1109
-1017
-1118
-1212
-1029
-1124
-1013
-805
-878
-788
-644
-666
-532
-397
-453
-284
-112
-101
44
18
-86
-23
-113
-85
0
-102
-57
-121
-182
-171
-235
-278
-291
-207
-148
-61
-46
-61
81
113
235
394
344
550
694
635
780
757
716
792
849
881
870
864
727
724
678
548
599
490
373
451
311
151
262
102
3
162
21
-48
62
-88
-74
60
-76
8
96
-61
19
25
-167
-19
46
-87
101
65
-93
-12
-170
-227
-148
-266
-276
-337
-380
-407
-511
-543
-678
-620
-568
-559
-488
-547
-484
-515
-423
-267
-263
-177
-146
-74
13
28
79
64
53
96
150
137
99
180
67
31
175
28
-7
-3
-108
-76
-103
-161
-145
-243
-260
-158
-218
-215
-89
-176
-195
-17
-35
23
157
112
152
205
261
330
340
359
395
427
430
469
428
280
265
314
156
215
323
87
161
192
13
194
127
97
254
90
238
277
105
279
260
190
258
226
123
56
76
-31
-61
-96
-313
-234
-354
-436
-260
-565
-568
-439
-636
-537
-505
-648
-664
-613
-637
-606
-500
-548
-492
-411
-393
-238
-171
-148
-20
102
177
218
312
344
349
495
507
460
553
490
424
494
376
361
367
260
316
235
155
139
75
44
-4
29
40
38
110
122
129
149
157
189
169
267
333
246
281
259
221
247
259
278
207
244
221
111
121
15
-19
-24
-74
-36
-137
-174
-198
-288
-309
-353
-311
-366
-355
-274
-355
-329
-328
-363
-338
-336
-245
-248
-261
-180
-278
-233
-157
-206
-135
-197
-179
-168
-293
-244
-317
-317
-200
-258
-250
-267
-305
-279
-252
-200
-148
-96
-69
-96
-52
-33
-53
60
67
81
191
128
144
229
155
160
290
243
254
352
209
281
365
271
382
302
305
345
253
378
203
233
368
149
369
291
104
334
115
235
402
192
376
293
244
341
259
328
203
251
309
125
270
133
-70
53
-60
-57
-6
-117
-132
-131
-211
-263
-180
-327
-246
-94
-319
-175
-210
-393
-229
-273
-280
-220
-299
-292
-267
-243
-282
-278
-255
-295
-154
-190
-276
-177
-243
-229
-113
-137
-204
-100
-137
-217
-76
-250
-296
-153
-268
-174
-133
-285
-250
-247
-271
-187
-167
-159
-88
-70
-1
102
55
67
133
157
279
334
330
372
340
341
407
370
385
429
353
368
450
335
301
384
254
288
344
225
230
207
175
170
191
210
193
195
154
213
200
168
278
220
204
229
154
119
93
134
72
33
128
41
-41
-50
-141
-224
-250
-212
-285
-332
-329
-372
-379
-437
-421
-446
-481
-373
-322
-340
-343
-250
-274
-260
-85
-155
-135
-17
-62
41
50
-42
57
-7
-4
105
38
-27
-32
-34
-124
-86
-109
-236
-210
-245
-229
-230
-287
-276
-278
-243
-235
-161
-151
-195
-42
-26
-2
130
105
140
206
232
279
293
304
368
383
394
439
366
298
343
292
246
285
213
192
188
136
124
61
41
35
42
7
50
39
-55
81
43
29
125
72
90
78
123
167
111
212
206
154
258
164
160
171
52
164
112
23
107
-9
-103
-71
-160
-206
-162
-186
-237
-235
-243
-337
-347
-310
-378
-302
-232
-331
-221
-230
-313
-164
-220
-201
-118
-192
-150
-98
-99
-151
-83
-73
-163
17
-5
-135
6
-90
-146
-28
-97
-99
-21
-84
-89
-6
-101
-63
23
-107
-16
38
-54
49
47
-29
49
65
57
126
129
85
136
141
99
187
164
163
209
165
165
146
140
117
153
172
109
187
136
87
176
109
126
153
112
153
134
149
145
138
200
163
169
164
115
142
116
105
77
62
82
15
38
-12
-120
-110
-161
-136
-120
-152
-140
-203
-202
-215
-221
-171
-172
-112
-71
-129
-84
-91
-188
-95
-66
-99
21
-39
-116
-70
-109
-107
-95
-85
-73
-66
-30
-97
-109
-112
-152
-52
-78
-73
-29
-131
-98
-59
-67
-29
-1
21
12
53
50
14
70
84
103
148
134
120
95
62
46
77
77
56
98
11
-11
19
-104
-35
-26
-89
-6
-31
-29
-34
-37
9
-14
62
105
85
144
122
114
135
122
152
141
129
176
167
107
89
85
38
34
68
18
-31
-18
-89
-109
-86
-160
-142
-159
-178
-113
-185
-188
-140
-168
-125
-93
-87
-84
-70
-47
-74
-50
-30
-34
23
11
-5
-8
-34
-16
-4
30
24
11
34
-16
-2
-10
-45
14
24
41
72
44
50
27
21
61
50
93
84
37
82
22
1
51
6
62
119
55
82
72
19
76
70
92
114
84
97
82
98
80
64
72
22
67
36
-11
20
-33
-30
-4
-38
-34
-34
-64
-78
-69
-64
-65
-23
-27
-59
-46
-89
-68
-54
-94
-35
-54
-57
-15
-45
-59
-65
-35
-31
-36
1
-19
-46
-30
-21
-55
-57
-44
-74
-66
-56
-85
-105
-141
-118
-118
-120
-79
-115
-90
-76
-92
-46
-76
-55
-12
-31
33
27
-2
23
29
51
71
96
97
74
105
90
81
125
118
122
143
149
142
136
134
149
150
142
202
189
167
185
153
147
155
157
140
128
120
86
96
67
23
14
-38
-34
-12
-44
-48
-80
-102
-109
-110
-102
-154
-121
-117
-137
-59
-91
-107
-54
-74
-56
-28
-29
-62
-40
-6
-56
-17
-40
-76
-43
-77
-97
-95
-115
-135
-100
-125
-160
-133
-163
-167
-115
-124
-138
-103
-104
-87
-58
-42
-52
-37
11
0
38
56
27
46
59
71
67
61
48
47
58
55
43
35
34
41
54
32
35
28
1
24
45
47
73
56
61
79
58
116
102
111
187
142
170
184
138
177
170
171
194
181
169
145
143
111
104
90
67
92
55
44
35
-19
-15
-36
-49
-30
-47
-49
-70
-80
-78
-102
-89
-107
-101
-87
-102
-86
-94
-90
-87
-86
-78
-76
-69
-83
-67
-56
-72
-64
-47
-69
-71
-76
-107
-84
-86
-99
-96
-91
-98
-106
-105
-124
-118
-107
-120
-101
-87
-75
-58
-74
-61
-44
-37
5
23
17
37
37
65
88
89
118
99
132
174
156
174
150
151
165
141
167
130
107
129
84
83
87
35
37
30
12
17
-6
-19
-11
-5
8
29
22
4
36
16
-1
55
30
26
70
46
40
33
16
27
0
18
20
-13
-4
-27
-38
-64
-73
-33
-63
-62
-40
-73
-78
-74
-53
-64
-61
-34
-66
-47
-40
-71
-59
-56
-47
-38
-40
-48
-48
-44
-51
-34
-21
-40
-41
-43
-66
-45
-55
-78
-23
-18
-32
-10
-41
-57
-21
-18
-12
9
8
11
18
21
17
18
11
30
67
50
54
79
49
61
86
57
70
91
77
81
82
70
74
72
69
87
81
58
62
53
51
59
47
34
30
22
5
10
-4
-18
-18
-46
-42
-40
-63
-46
-60
-70
-69
-77
-74
-75
-68
-54
-52
-59
-39
-43
-44
-25
-39
-24
-18
-34
-18
-26
-27
-14
-33
-27
-22
-26
-33
-31
-19
-44
-31
-9
-43
-15
-13
-28
-4
-6
2
-1
-5
-6
-8
-3
2
10
-2
12
24
9
29
33
41
60
49
69
53
52
80
62
89
97
84
95
79
92
79
75
96
76
72
69
55
41
31
24
8
8
9
-5
-12
-23
-8
-19
-30
3
-16
-19
-2
-16
-11
-11
-8
-5
-20
-11
-12
-25
-35
-29
-33
-42
-46
-58
-64
-79
-80
-85
-97
-96
-96
-99
-108
-92
-106
-130
-110
-105
-110
-88
-87
-90
-79
-78
-65
-55
-37
-26
-1
10
10
37
10
27
75
66
86
78
53
64
59
55
76
75
61
70
63
54
57
37
36
52
54
63
69
57
55
62
52
58
78
79
55
70
80
61
78
60
48
62
51
58
49
37
30
23
18
7
6
-9
-27
-14
-20
-39
-20
-39
-38
-15
-34
-37
-40
-34
-19
-28
-14
-16
-38
-24
-45
-55
-36
-67
-73
-63
-65
-69
-88
-107
-115
-108
-122
-124
-108
-123
-114
-93
-111
-87
-77
-85
-60
-43
-29
-30
-25
-3
0
12
21
11
31
33
32
35
30
32
31
30
41
45
41
36
34
40
47
50
54
58
58
66
65
60
68
73
84
97
92
90
92
82
92
95
85
92
80
59
70
51
37
53
33
37
32
14
21
3
-8
-10
-12
-24
-26
-11
-30
-24
-16
-34
-29
-28
-38
-41
-45
-38
-35
-47
-53
-55
-65
-62
-62
-70
-73
-67
-69
-76
-80
-86
-88
-85
-78
-79
-88
-94
-86
-90
-86
-81
-97
-85
-86
-82
-63
-74
-62
-50
-47
-19
-22
-21
3
1
30
39
44
61
54
81
81
85
97
84
97
102
96
104
90
84
94
88
92
86
72
70
78
72
71
71
60
60
56
53
52
52
42
51
50
39
46
32
27
44
38
34
38
22
21
23
10
5
19
6
2
7
-25
-21
-24
-42
-32
-40
-57
-63
-57
-72
-84
-79
-85
-71
-69
-78
-70
-85
-88
-73
-78
-72
-66
-71
-70
-69
-60
-73
-72
-58
-64
-45
-55
-59
-40
-49
-37
-35
-26
-14
-25
-9
-8
-6
10
4
16
26
25
38
33
32
46
42
40
43
54
41
35
59
41
44
67
50
49
64
53
48
55
59
69
68
65
79
73
65
80
76
71
85
76
66
74
62
57
50
40
46
23
14
14
-4
-9
-18
-32
-31
-31
-41
-53
-50
-48
-64
-61
-65
-63
-49
-60
-58
-44
-63
-64
-60
-68
-50
-46
-52
-45
-45
-44
-48
-47
-46
-51
-56
-53
-51
-56
-53
-62
-66
-47
-45
-52
-40
-43
-41
-25
-28
-19
6
0
4
14
6
14
22
22
36
46
48
50
48
49
44
43
52
55
63
60
60
60
48
55
52
43
55
54
59
57
48
56
41
40
44
36
38
30
34
34
34
37
26
22
19
6
1
5
6
4
8
9
-1
-9
-21
-31
-22
-25
-18
-19
-24
-22
-41
-45
-49
-55
-55
-53
-45
-46
-54
-51
-62
-67
-52
-56
-49
-47
-49
-44
-42
-32
-29
-39
-24
-31
-29
-13
-19
-15
-8
-9
0
0
-2
8
-2
-3
5
7
12
20
24
21
21
22
22
22
25
27
36
39
37
34
32
24
26
32
27
38
35
33
46
39
36
48
41
40
51
45
45
51
40
39
40
26
31
25
12
10
3
1
0
-5
-12
-16
-22
-30
-35
-28
-36
-35
-21
-32
-32
-34
-39
-39
-40
-30
-29
-35
-34
-34
-45
-43
-43
-45
-42
-49
-46
-45
-45
-40
-38
-37
-22
-21
-21
-12
-13
1
-2
2
11
6
16
19
21
28
26
27
21
22
18
13
23
19
27
23
11
17
6
-1
2
-3
-2
9
17
15
18
28
23
20
29
31
34
42
55
56
61
59
49
41
38
44
40
39
46
42
37
27
11
-1
-6
-10
-10
-6
-6
-9
-8
-18
-23
-31
-43
-37
-41
-31
-24
-27
-20
-27
-32
-36
-46
-41
-37
-29
-27
-26
-24
-36
-37
-46
-56
-53
-55
-49
-33
-27
-28
-35
-37
-43
-48
-42
-44
-29
-12
-3
9
4
-6
-7
-5
-5
10
22
23
34
46
45
42
25
27
35
33
40
51
49
54
54
47
46
36
29
31
36
42
47
45
44
35
33
27
17
19
22
32
38
36
37
34
18
6
10
1
-2
10
10
7
17
3
-14
-12
-24
-27
-21
-17
-11
-2
-7
-17
-18
-33
-36
-31
-37
-29
-27
-38
-28
-33
-48
-49
-57
-61
-56
-50
-47
-45
-32
-31
-45
-39
-40
-47
-40
-27
-20
-22
-10
-10
-14
-12
-16
-20
-13
-4
1
11
13
16
15
12
6
11
9
11
25
25
32
32
22
22
19
20
25
24
32
38
39
42
42
40
39
36
38
44
50
49
50
54
45
40
39
28
29
28
28
35
29
34
24
10
14
1
1
3
-5
3
1
-7
-9
-20
-23
-32
-35
-28
-31
-26
-28
-33
-33
-37
-46
-44
-39
-33
-27
-26
-25
-27
-33
-31
-30
-32
-28
-29
-25
-25
-23
-23
-26
-29
-33
-32
-37
-40
-33
-31
-25
-25
-29
-32
-36
-37
-30
-20
-13
-11
-3
-2
-8
-6
-4
-1
6
16
21
18
19
19
14
15
14
15
14
16
22
18
17
14
19
9
11
19
14
21
26
27
32
32
33
36
33
36
32
34
26
29
30
20
27
21
17
17
9
10
10
11
15
10
10
8
6
5
6
8
7
12
15
12
12
8
8
9
8
7
6
-1
4
7
-3
-4
-6
-10
-13
-14
-12
-20
-20
-20
-21
-17
-25
-24
-25
-26
-19
-26
-26
-25
-28
-23
-21
-20
-20
-20
-23
-20
-11
-13
-14
-12
-17
-13
-14
-18
-13
-11
-11
-8
-9
-15
-17
-17
-17
-17
-13
-19
-16
-19
-20
-13
-16
-10
-10
-5
-4
-4
3
1
7
14
6
16
18
11
19
21
23
21
18
21
16
10
15
14
12
17
20
14
15
17
9
9
15
15
15
21
22
23
20
20
14
14
16
14
17
20
21
14
6
9
0
-2
6
-2
2
0
0
-7
-13
-9
-17
-24
-15
-21
-21
-15
-14
-11
-16
-15
-22
-27
-23
-24
-16
-13
-12
-7
-15
-21
-21
-27
-24
-22
-22
-14
-9
-14
-11
-8
-10
-12
-6
-5
2
8
10
16
14
5
5
4
-3
4
6
8
10
13
12
8
4
0
-2
2
4
11
18
14
24
21
18
16
11
14
13
24
32
31
33
31
23
19
17
14
13
23
22
27
29
16
15
4
-3
2
-3
3
10
4
10
4
-7
-15
-18
-21
-21
-12
-11
-12
-14
-19
-25
-32
-39
-35
-39
-34
-30
-31
-29
-28
-31
-36
-34
-36
-34
-27
-21
-18
-12
-10
-14
-18
-22
-23
-21
-23
-12
-11
-12
-7
-15
-17
-18
-21
-15
-13
-8
0
1
8
3
6
7
4
12
18
24
27
29
34
30
31
31
25
30
29
31
30
34
33
26
27
25
22
21
18
19
20
18
19
18
15
10
8
7
9
11
11
15
16
18
16
11
14
11
12
13
8
11
7
2
1
4
-8
-7
-6
-11
-13
-13
-14
-16
-14
-16
-15
-16
-20
-18
-18
-22
-15
-14
-17
-8
-14
-14
-12
-15
-14
-11
-9
-7
-1
-3
-5
-7
-5
-9
-8
-5
-1
-4
-8
-2
-5
-6
-7
-3
-5
-7
-4
-1
-5
0
1
-1
6
2
2
2
8
12
8
12
13
10
9
9
9
9
11
10
15
12
8
5
2
0
-1
-6
-3
-4
-7
-2
-9
-11
-15
-14
-13
-10
-8
-6
-7
-8
-7
-9
-10
-11
-4
0
0
5
1
-1
-1
-5
-5
-8
-7
-6
-4
-1
-4
-6
-9
-13
-13
-12
-12
-8
-5
-2
-2
-4
-9
-12
-9
-12
-10
-5
0
-4
-4
2
-3
-6
-6
-4
-2
2
7
12
14
15
16
11
11
13
14
22
24
29
34
26
26
24
17
17
16
15
17
19
20
17
18
16
10
9
5
5
11
10
13
21
15
13
9
7
7
7
10
12
16
17
15
10
7
5
-1
-4
-3
-2
-3
-1
0
0
-6
-11
-12
-16
-15
-12
-7
-8
-6
-5
-8
-11
-18
-14
-13
-17
-11
-10
-10
-8
-8
-12
-12
-14
-15
-19
-17
-14
-10
-12
-9
-4
-10
-10
-13
-11
-12
-10
-8
-7
-7
-5
-8
-12
-10
-14
-15
-16
-13
-10
-10
-8
-5
-4
-6
-6
-5
-4
-3
-1
3
4
10
10
14
12
12
7
5
7
5
9
14
15
12
13
7
5
-2
-2
-3
3
2
1
6
6
2
-1
-3
-8
-8
-10
-3
0
7
8
6
5
2
-5
-10
-10
-3
0
3
5
6
5
-9
-9
-11
-18
-11
-8
-1
2
3
2
-3
-8
-14
-14
-11
-5
-1
6
11
8
1
-1
-2
-9
-5
1
6
9
13
13
13
9
2
2
1
3
5
14
17
21
22
14
13
7
5
5
8
15
20
21
20
20
15
9
9
11
9
15
19
19
19
17
15
6
7
3
3
5
8
10
8
9
3
1
-3
-5
-6
-6
-7
-3
-1
-3
-4
-8
-9
-14
-17
-15
-14
-15
-12
-10
-13
-15
-16
-19
-22
-23
-21
-21
-24
-22
-19
-20
-23
-20
-19
-22
-22
-22
-21
-16
-14
-14
-11
-8
-9
-11
-8
-9
-8
-7
-8
-2
-1
-2
0
-4
-5
-7
-5
-5
-6
4
4
6
9
8
4
5
1
2
7
8
9
14
16
13
14
8
8
7
6
6
11
14
15
17
13
12
10
3
5
4
8
13
9
13
14
9
4
3
3
1
7
6
8
13
10
2
1
-1
-4
-7
-1
2
3
3
4
0
-4
-4
-7
-7
-3
-2
2
2
5
3
3
0
-3
-4
-6
-3
0
1
2
6
4
0
-3
-2
-1
-3
0
7
8
7
6
9
9
3
6
7
8
8
11
12
11
10
6
4
2
1
-1
3
4
6
6
4
3
2
0
0
0
-1
0
0
