5
8
7
11
13
11
9
5
1
-6
-5
-8
-14
-12
-13
-10
-9
-6
-5
1
5
9
11
10
13
16
16
10
5
5
2
0
-5
-7
-10
-1
1
2
6
3
10
10
14
17
14
12
9
11
3
3
0
-4
-9
-12
-7
-9
-6
-8
-9
-4
2
8
7
10
15
12
12
11
8
1
6
-2
-9
-9
-15
-11
-12
-8
-11
-5
6
3
11
7
7
11
11
6
9
10
3
-4
-7
-12
-19
-15
-12
-17
-11
-6
-6
-5
-5
0
2
8
9
9
7
4
2
-1
-6
-8
-11
-12
-11
-8
-3
-7
-7
-1
5
9
9
9
9
11
11
8
10
10
5
-2
-3
-8
-8
-6
-10
-10
-9
-8
-5
3
8
4
10
13
14
11
8
9
4
7
5
0
-2
-10
-11
-7
-3
-2
-1
3
6
11
12
15
14
12
18
12
5
3
0
-4
-10
-12
-7
-8
-8
-4
-7
0
4
4
8
10
11
14
13
11
6
3
-4
-9
-8
-15
-12
-13
-12
-8
-5
-2
-3
3
9
11
14
13
7
8
3
-4
-2
-6
-6
-11
-10
-9
-13
-6
-11
-10
-6
-1
4
5
4
7
10
11
9
9
7
2
6
3
-6
-6
-5
-8
-7
-1
2
9
6
9
15
13
13
13
13
5
7
3
-1
-6
-12
-12
-20
-15
-13
-13
-9
-5
1
-3
-1
5
10
11
8
4
3
2
0
-3
-9
-9
-13
-14
-13
-13
-14
-9
-3
-8
-4
2
2
7
6
7
2
-2
-2
2
-5
-11
-10
-8
-11
-9
-5
-4
-3
-2
3
7
7
8
12
12
9
5
5
5
6
-1
-7
-7
-4
-9
-9
-4
-4
2
4
5
6
9
10
9
8
3
1
-1
-6
-12
-13
-12
-14
-18
-16
-12
-17
-16
-12
-4
4
3
8
6
8
13
9
6
1
-2
2
-2
-6
-7
-9
-7
-7
-1
2
5
6
7
10
11
8
5
4
5
3
-3
-4
-11
-6
-5
-8
-3
-6
-8
-6
-2
0
4
3
6
6
11
11
7
9
1
2
-4
-6
-5
-7
-7
-10
-6
-8
-7
-2
-1
2
1
4
4
3
2
1
-2
-4
-6
-3
-8
-17
-15
-8
-7
-15
-15
-5
-5
-5
-3
-8
-3
2
8
4
3
-2
-3
-3
-8
-7
-9
-14
-20
-13
-13
-9
-8
-10
2
1
-4
1
6
6
1
2
4
2
2
-7
-8
-5
-2
-3
-8
-9
-6
5
7
7
5
9
16
14
11
9
5
6
9
0
-1
0
-8
-14
-16
-13
-3
-2
-7
-4
7
16
12
7
5
9
7
6
7
-1
-6
-7
-7
-4
-7
-9
-11
-2
0
-3
-2
2
11
6
0
4
10
10
3
-8
-4
3
-5
-8
-15
-11
-5
1
-2
-5
1
5
4
3
6
7
9
7
10
8
1
-4
-6
-6
-9
-15
-12
-4
0
-7
-6
0
8
14
9
1
3
19
17
5
-16
-6
5
-6
-17
-22
-3
-3
-10
-4
4
4
1
0
8
11
3
1
-1
7
2
5
0
-11
-6
4
1
-3
1
-6
-6
3
10
4
-13
-2
24
26
2
-8
10
21
5
-6
2
2
-12
-10
4
-3
-14
-18
-5
1
5
5
-6
-5
2
25
22
-8
-17
-3
12
-5
-24
-19
-7
-11
-10
0
3
-5
-7
4
14
14
9
5
-7
-6
12
20
-6
-29
-17
9
15
4
-11
-4
6
13
7
5
18
9
-25
-33
25
64
4
-134
-89
130
169
-29
-165
-20
148
89
-73
-91
14
38
-12
-20
7
-6
-52
-24
63
82
4
-42
7
55
29
-8
-6
4
-19
-34
-4
23
7
-34
-31
27
50
31
22
42
8
-44
4
133
97
-171
-230
46
223
27
-222
-124
127
160
-20
-105
5
74
26
-25
0
19
-31
-48
-2
28
-13
-45
-4
15
-8
-4
23
31
-11
-30
6
41
17
-41
-59
-11
38
10
-45
-43
12
21
-1
5
9
-15
-27
26
54
-5
-60
-33
38
43
-19
-48
-15
30
33
-4
-31
-19
14
28
13
-19
-20
11
32
-3
-31
4
36
5
-32
-10
32
24
-5
-19
-8
3
12
20
-12
-33
-14
22
33
7
-25
-21
26
47
3
-27
-7
26
18
-7
-5
-3
-10
-7
4
-1
-16
-17
19
29
9
-8
-5
22
31
2
-26
-7
25
17
-20
-34
-11
1
2
-19
-28
-6
9
13
3
-3
6
4
10
18
-3
-24
-17
5
8
-2
-26
-32
2
38
14
-28
-21
32
46
-10
-41
10
50
9
-44
-25
27
28
-15
-21
20
17
-23
-21
22
31
-16
-39
-1
44
20
-25
-25
-2
23
31
30
-3
-40
-16
45
62
-20
-100
-42
78
74
-55
-101
7
94
37
-63
-32
60
63
-22
-56
15
50
15
-40
-35
6
5
13
-6
-24
-22
5
44
14
-5
-8
2
13
10
13
7
-17
-20
-16
9
25
2
-34
-29
14
63
29
-40
-23
35
32
-17
-32
-5
30
1
-38
-12
39
28
-31
-67
-8
71
41
-52
-85
-13
99
55
-69
-84
31
88
24
-62
-62
59
69
-37
-91
7
70
17
-65
-69
19
63
60
-73
-76
53
75
27
-39
-25
-27
38
65
21
-20
-47
-6
31
39
-11
-59
-29
40
9
16
9
60
4
-105
28
115
76
-93
-122
6
104
61
-106
-63
-5
30
50
-11
13
-10
-26
22
65
28
-38
-41
3
72
35
-91
-40
76
17
-75
-95
90
58
-105
-118
61
117
-30
-54
-26
127
-2
-103
21
95
3
-115
-60
42
25
-6
-25
2
-52
-63
118
153
-34
-196
-2
131
118
-46
-99
-18
13
35
50
39
-59
-96
-66
141
145
-109
-179
-59
174
159
-91
-106
-32
113
102
-60
-52
154
-23
-210
-16
235
153
-259
-312
128
359
-21
-225
-187
73
224
36
-140
-128
51
172
24
-96
-7
36
29
-19
-41
-38
-47
18
-48
-41
15
-9
-42
54
158
-70
-99
50
125
131
-154
-119
-24
116
121
-97
-154
-107
160
152
-53
-168
-76
92
157
69
-139
-137
82
233
-11
-160
-68
155
68
-113
1
-115
20
43
61
-87
-101
-5
139
127
-151
-149
48
222
54
-188
-143
161
146
-54
-135
-44
173
36
-145
-105
79
156
-7
-177
-154
233
155
-82
-156
23
176
46
-74
-130
94
40
35
-8
-110
-50
106
71
-29
-4
-181
-66
254
153
-298
-100
209
200
-148
-166
110
146
146
-289
-239
265
233
-231
-327
121
344
-1
-282
-104
438
126
-391
-131
221
266
-286
-283
71
356
50
-562
-65
545
108
-386
-216
185
266
-79
-408
90
316
-134
-36
-47
39
153
81
-115
82
1
-190
-44
140
119
-192
-261
51
253
197
-164
-180
130
-92
135
75
91
-314
-417
319
507
-170
-576
25
291
191
27
-463
-104
394
238
-190
-385
295
270
-137
-126
196
174
-99
-441
96
470
-64
-184
-232
166
358
-16
-416
-102
367
134
-153
-253
-97
171
280
-156
-371
-36
371
268
-279
-310
214
325
-296
-89
188
-186
168
80
-209
166
184
-129
-5
58
121
-124
-300
33
407
152
-566
-171
216
460
-139
-480
-100
197
483
-329
-509
206
236
140
-275
-205
559
-141
-258
314
-37
-248
220
-14
-129
63
-156
440
59
-524
143
401
43
-312
-128
138
302
-47
-493
-76
491
-37
-304
-227
-29
650
-55
-744
-270
575
336
-283
-182
-133
625
252
-421
-111
126
240
-9
-417
-51
567
-62
-286
75
142
288
45
-408
107
392
-405
-261
178
-153
80
168
40
-152
-770
197
875
122
-374
-642
-57
559
504
-597
-309
227
167
47
-443
395
377
-339
-395
-152
574
57
-24
8
-351
544
505
-169
-500
157
222
-100
-165
-417
-137
-92
-89
307
-185
-372
204
313
354
51
-388
-87
260
-160
-105
158
326
72
-431
-102
-90
566
202
-296
-406
297
645
-189
-29
-337
430
-20
-602
745
-41
-514
-142
-122
247
362
-444
-494
666
356
-357
-406
139
152
357
-267
-617
163
460
-92
-263
120
127
401
91
-481
171
373
-34
-254
-78
-43
65
332
-515
228
118
-20
-227
-236
474
-356
-92
122
-136
104
-60
-30
236
192
-129
-30
-54
-278
28
92
192
-471
-28
395
424
-4
-704
181
209
270
25
-598
45
87
23
401
-182
235
-504
1
547
294
-385
-1210
937
86
-314
160
-330
121
463
178
-371
8
-125
183
193
-208
-260
-88
382
35
-119
-560
347
878
107
-901
-469
666
-351
203
447
-267
-197
-226
258
438
87
-228
-412
36
119
676
-134
-789
-475
479
1388
-461
-813
-920
681
1060
-298
-442
-446
224
134
445
-195
-443
711
-201
-489
822
-506
-536
-90
620
740
-694
64
-513
527
508
-385
64
-407
229
429
139
-841
-326
278
452
659
-636
-485
-26
577
469
-574
-964
133
861
401
-36
-696
-842
394
1242
-167
-490
-636
-172
972
305
-287
-659
19
830
338
-185
-896
-480
761
246
808
-518
-1111
360
120
1021
212
-1120
-731
312
909
439
-807
-1136
399
1012
529
-800
-729
345
188
160
46
174
-546
115
506
-275
522
-580
-630
386
630
237
-672
-695
392
1390
-86
-1249
-304
777
569
-208
-605
-189
-36
682
155
-437
-153
-475
587
-30
-196
336
-238
-512
270
307
193
159
-778
-89
463
635
-384
-735
413
-5
243
354
-121
-295
-665
162
927
826
-1166
-1348
925
915
224
-791
-877
71
972
665
-415
-874
-541
314
707
646
-159
-1061
-464
873
764
-118
-546
-811
317
1325
51
-952
-1178
387
914
615
172
-1391
-141
461
386
528
-662
-590
-50
491
529
-360
-651
-338
820
1202
-173
-1041
-558
311
629
178
-334
-429
-108
714
7
-617
41
-5
244
615
-175
-446
-538
-349
471
1042
41
-942
-211
365
578
62
-875
-255
433
16
-143
97
141
-151
43
250
505
331
-509
-749
440
315
-170
-131
-544
320
412
212
-462
-540
487
-83
-52
81
100
-46
-327
-107
55
398
37
12
-86
-173
299
31
12
-176
-143
9
148
338
-263
-245
73
243
429
263
-396
-438
15
-195
291
375
-611
-584
160
715
549
-438
-997
-32
802
347
-259
-828
-344
919
540
-225
-122
39
-72
14
160
-110
-334
-293
364
556
488
-413
-710
155
541
347
-732
-515
183
413
207
-223
-331
-347
350
699
-99
-816
-402
-37
780
322
-931
-362
241
726
222
-556
-477
-6
641
657
-152
-842
-312
487
948
164
-587
-262
-158
424
474
-171
-306
-581
-81
726
443
-232
-858
-171
843
606
-451
-1006
-264
649
401
-385
-686
51
720
203
-186
-313
150
395
-241
-203
144
251
140
-373
74
364
140
-32
-471
255
167
-192
118
-82
-121
66
160
165
273
-383
-477
191
235
-164
-248
97
37
-93
93
159
65
-36
-207
-153
277
134
-410
-104
34
93
56
-321
46
205
257
-451
-401
87
-50
328
-112
-388
92
59
-75
108
68
-130
-109
-154
185
553
-88
-401
63
427
424
117
-93
-373
-39
167
43
231
-390
-394
279
559
430
-405
-320
-87
44
590
115
-357
-376
-51
517
199
-94
-343
-325
342
195
3
-60
-502
-326
183
407
-73
-210
-268
-196
306
18
-36
51
-142
-222
-30
235
-2
-186
-115
15
-73
-77
253
382
-50
-427
-243
223
673
165
-408
-325
-149
203
226
109
-163
-519
-353
156
256
-198
-503
-364
21
360
344
-80
-372
-311
36
172
-153
186
116
-278
-46
120
542
46
-363
-87
220
434
220
28
92
-131
-129
282
401
235
-359
-388
323
868
384
-529
-601
29
893
410
-517
-422
-236
518
865
280
-94
-201
202
384
353
-82
-496
-129
340
428
203
-363
-459
118
314
137
-422
-695
-428
-48
127
-163
-488
-432
-129
68
-294
-638
-646
-374
-89
-157
-282
-495
-351
-89
-209
-241
-318
-367
-317
-218
-96
-169
-172
-170
-63
75
12
-208
-367
-95
259
241
-114
-302
90
541
595
135
-93
192
714
996
683
249
-45
213
1222
1393
627
198
57
731
1251
1205
967
636
598
628
1024
1102
1000
493
-83
709
1470
1119
326
-288
-66
781
1086
626
74
-157
-72
-57
-371
-1130
-1525
-1213
-540
-277
-1281
-2600
-3220
-2480
-1443
-1354
-2088
-2827
-2852
-2411
-2185
-2561
-2773
-2363
-1567
-1205
-1402
-1850
-1894
-1270
-436
305
454
153
-46
343
980
1433
1568
1527
1664
1915
2091
1869
1554
1688
2227
2654
2351
1748
1325
1256
1525
1579
1622
1256
606
930
1218
842
1004
1294
1430
1167
710
757
1009
1176
1004
1233
1598
1913
2073
1869
1890
1831
1967
1930
1473
-261
-2131
-1326
697
2526
1240
-2833
-5011
-3869
-408
567
-2443
-5883
-6328
-2964
-827
-2673
-6365
-7705
-4244
-624
-193
-3236
-6585
-5939
-2491
718
732
-1496
-2613
-1372
1205
2175
1174
-178
-244
1924
3611
3442
1631
38
756
2510
3759
3012
1142
61
219
1303
1682
913
-273
-816
-255
288
9
-1064
-1583
-946
111
642
-137
-1273
-1411
-234
1142
1517
1142
553
848
1809
2366
2513
2293
2484
2970
3202
3394
3371
3198
3163
3445
3655
3663
3540
3026
3178
3628
3155
1569
-1454
-3364
-1742
1693
3197
1
-5931
-8443
-5243
-374
-14
-4935
-9014
-7530
-2892
-1389
-5200
-9846
-9198
-3357
1158
173
-4835
-8063
-5685
-582
2693
1860
-804
-1434
563
2919
3519
2287
1390
2291
4345
5458
4662
2483
732
626
1657
3633
3905
1911
-868
-2593
-1558
153
382
-1375
-3196
-3111
-2078
-1806
-3184
-4157
-3393
-1752
-685
-1301
-2114
-2286
-1565
-114
1178
1965
1891
1293
1447
2675
4037
4516
4286
3969
4364
5083
5219
4766
4270
4440
4965
5133
4729
4017
3465
3366
3750
4064
4078
3253
678
-2075
-4725
-3428
323
1964
363
-5827
-9302
-7517
-3132
-950
-4560
-8583
-8760
-4760
-2061
-4995
-9295
-10338
-4988
935
1463
-2650
-7470
-6748
-1806
2568
3446
923
-422
909
3193
4053
2865
1980
2569
4934
6169
5423
3066
793
621
1672
3051
3060
1211
-1167
-2507
-2259
-1615
-1660
-2630
-3316
-3128
-2872
-3360
-4513
-4647
-3582
-2134
-1463
-1846
-2326
-2145
-1155
102
1060
1815
2158
2599
2895
3360
4009
4550
5342
5804
5878
5480
4924
5047
5438
5633
5522
5111
4935
4452
3759
3455
3397
3838
3928
3693
2735
221
-2608
-5819
-4305
-299
2176
445
-6804
-10711
-9031
-3866
-978
-4461
-8636
-9209
-5386
-2623
-5222
-9199
-10230
-4694
1305
2154
-1850
-7143
-6571
-1717
3184
4703
2369
1049
1452
3197
3997
3403
3195
3678
5433
5930
5374
3397
1236
640
1136
2516
2704
1221
-1379
-3517
-4099
-3301
-2338
-2637
-3648
-4759
-5073
-4736
-4805
-4761
-4354
-3197
-2147
-2167
-2738
-2726
-1584
-39
1204
1869
2286
2691
2900
3202
4145
5353
6209
6283
5858
5602
5574
5513
5663
5716
5947
5911
5166
4515
3903
3775
4114
4126
4327
3645
3485
1398
-1761
-4472
-5944
-1194
2153
2357
-3094
-10426
-10437
-5846
-487
-1333
-6885
-9294
-7348
-2686
-3241
-7480
-9859
-7292
167
3084
580
-5040
-7993
-3910
1589
5248
4390
1326
841
1590
3335
3152
2925
3263
4426
5512
4489
3170
1063
9
486
1395
3010
1836
-1260
-4291
-6254
-4709
-3169
-2321
-3409
-5153
-6279
-6628
-5755
-5035
-3763
-3213
-2966
-2611
-2941
-2610
-2310
-900
1004
2480
3003
2568
2200
2353
3790
5518
6988
7156
5977
5180
5017
5749
6499
6404
6310
5694
5255
4709
4030
3930
4097
4520
4662
4420
3771
3279
3109
-9
-2678
-5725
-3350
2812
4337
1102
-8456
-12226
-7351
-54
2627
-3764
-9814
-9642
-4275
-853
-5006
-9345
-9932
-3058
3122
1846
-3814
-9732
-7688
-797
4293
4749
620
-1545
-652
1741
2906
2182
2275
2784
4400
3899
2731
1445
197
530
1059
2504
3297
1232
-2399
-5648
-5344
-2718
-884
-2016
-4689
-6153
-6151
-5001
-4619
-4060
-3221
-2839
-2860
-3216
-2973
-2187
-1411
-374
1247
2582
2543
1700
1062
2401
4778
6338
6591
5629
4890
4999
5437
6260
6651
6691
6243
5523
4966
4571
4546
4552
5132
5430
5050
4151
3215
3035
4593
3542
202
-5053
-7195
-624
4963
5419
-3515
-13221
-11532
-3017
4237
-3
-9957
-13494
-8181
78
-887
-7959
-12963
-9273
413
3565
-400
-8174
-10826
-4532
2171
5514
2576
-1353
-1418
627
3435
3534
3153
2557
3303
4045
3747
3798
2231
1038
342
1008
3622
3831
822
-3869
-6843
-4881
-1616
-327
-2671
-6341
-7499
-6355
-4445
-4115
-4286
-4416
-3906
-3001
-2816
-2587
-2644
-1957
-204
1738
2958
2362
1157
1107
3106
5692
6982
6448
5067
4836
5636
6696
7260
6651
6306
5978
5705
5636
5147
4999
5239
5457
5448
4668
4013
3601
4242
4934
1769
-2612
-7845
-4926
2899
6613
2644
-9804
-14684
-8647
1282
4060
-5108
-13318
-12265
-3612
1200
-4349
-11642
-12956
-4340
3427
2746
-3993
-10641
-8187
-946
4428
4796
657
-715
108
2436
3315
3118
3599
3923
4467
3319
3313
3410
2809
1279
-456
1147
3635
3263
-724
-6400
-7539
-4481
-1216
-1248
-4897
-8134
-8651
-6860
-4976
-4056
-4198
-4868
-4817
-4071
-2629
-1960
-2194
-1676
171
2510
3556
2574
1488
2298
4620
7125
7821
6819
5759
5452
6362
7770
8261
7736
6704
5885
5895
6215
5930
5631
5416
5481
5613
4977
4210
3677
4029
2681
-487
-5503
-6783
-713
4333
4649
-4759
-13821
-12106
-3681
3444
-894
-10577
-13934
-8578
-990
-1926
-8332
-12648
-8321
327
2881
-914
-8172
-9280
-3246
2930
5772
2815
1
-46
1512
3601
4048
4601
4422
4244
3372
3021
3787
3216
1714
-322
-122
2544
2920
65
-5159
-7788
-6051
-3150
-2328
-4934
-7889
-9320
-7969
-6008
-4757
-4472
-5269
-5174
-4193
-2586
-1630
-1914
-1541
181
2696
3877
3524
2519
2976
5026
7086
8215
7548
6548
6314
6855
8101
8673
8123
7036
6008
5837
5943
5934
5421
5284
5213
4854
4228
3555
3208
4419
3364
-71
-5280
-9042
-2934
3376
5938
-1493
-12938
-13691
-6388
2752
1384
-8156
-13491
-10093
-1525
-463
-6261
-11867
-10037
-812
3525
1660
-5474
-9268
-4804
1156
5645
4663
1787
1019
1008
2456
3076
4518
4909
4657
3349
2039
3244
3119
2111
-782
-2091
878
2851
1768
-3787
-8886
-8449
-5304
-2368
-4075
-7414
-9522
-9007
-7031
-6020
-4948
-4994
-4625
-4136
-3178
-1640
-1490
-1383
-417
2078
4482
4811
3485
2743
4145
6519
8459
8317
7243
6676
6624
7600
8388
8171
7494
6265
5833
5973
5853
5316
4921
4934
4810
4765
3950
3563
3882
3782
1669
-2230
-7485
-5713
674
5367
3631
-7641
-13697
-10632
-1252
3582
-2805
-11151
-12472
-5544
-216
-2930
-9233
-11629
-4947
1732
2975
-2102
-8447
-7327
-1765
3879
5468
2450
494
213
1401
2856
3645
4140
3996
3573
2237
2505
2450
1712
46
-1707
-188
1826
1272
-2318
-6785
-7717
-5822
-3849
-4440
-6262
-7906
-8148
-7423
-6955
-5309
-4195
-3628
-3614
-3464
-2013
-912
-467
166
1792
3668
4599
4285
3824
4542
5717
7075
7869
7764
7407
6769
6523
7325
7911
7748
6713
5378
5000
5119
5074
5011
4770
4160
3914
3495
3514
3706
3945
2851
-170
-5528
-7972
-2563
3801
6731
-1457
-11896
-13122
-5682
3329
1548
-7538
-12682
-8705
-1156
-661
-6423
-11585
-8554
-608
3205
1006
-6030
-8549
-4797
894
4845
3737
1449
502
507
1636
2517
3641
4105
3751
2249
1853
2604
2498
916
-2305
-2213
737
2686
733
-4700
-8301
-7824
-5069
-3447
-4310
-6414
-8035
-8048
-7361
-5486
-3908
-3477
-3470
-3269
-1734
-440
-438
-564
686
3113
5131
5358
4269
3734
4331
6112
7864
8211
7478
6288
5866
6693
7695
7692
6498
5170
4870
5236
5206
4543
4284
3870
4283
4184
3865
3547
3210
3534
1286
-2114
-6803
-4747
1316
5287
2916
-7515
-12170
-8757
-652
2812
-3779
-10270
-10701
-4796
-879
-4196
-8923
-10235
-4214
1100
1458
-2964
-7989
-6371
-1721
2908
4227
1880
789
147
1131
2311
3219
4038
3724
3204
2057
2382
2400
1568
-191
-1531
99
1640
995
-2367
-6075
-6563
-5585
-4199
-4942
-6080
-6687
-7041
-6950
-7094
-5417
-3814
-2950
-3013
-2990
-1655
-797
-220
354
1800
3598
4394
4309
3960
4388
5231
6272
6931
7119
7034
6517
6338
6696
6930
6911
5990
5294
5034
4967
4941
4837
4753
4032
3966
3746
4209
4108
4103
3207
444
-3983
-6555
-2527
2813
5926
-388
-9334
-11735
-6578
1159
537
-6449
-11148
-8991
-2856
-1908
-6226
-10707
-9065
-2428
1688
716
-5165
-8033
-5360
-235
4037
3599
1750
734
848
2296
2776
3432
3640
3863
3287
2771
2752
2096
958
-1063
-1069
697
1551
114
-3898
-6954
-7281
-6167
-4516
-4816
-5860
-7163
-8030
-7661
-6303
-4225
-3285
-3126
-3114
-2162
-886
-572
-97
796
2650
4570
5100
4748
4014
4232
5623
7255
8077
7720
6613
6019
6445
7109
7180
6448
5377
5248
5130
4984
4533
4177
4047
4135
4342
4163
4055
3786
3913
1183
-2724
-7054
-4468
1785
5720
2367
-8000
-12357
-8760
-477
1791
-4612
-10631
-10317
-4399
-1436
-5114
-9779
-10279
-3798
1363
1625
-3307
-7822
-6287
-1590
3237
4513
2804
1446
481
1356
2340
3635
4514
3962
3277
2103
2910
2747
1362
-1011
-1955
228
1895
831
-3017
-6753
-7237
-6571
-5308
-5267
-5543
-6035
-7503
-8219
-7643
-5023
-3030
-2681
-2949
-2512
-1084
-576
-272
563
2397
4482
5247
5220
4566
4450
5064
6493
7883
8414
7535
6260
5808
6414
7022
6846
6021
5251
4859
4493
4340
4250
4120
3904
3887
3949
4076
3723
3747
1790
-1164
-5923
-6094
-847
4028
4701
-4293
-11481
-11420
-4107
2009
-1448
-8363
-11505
-7293
-2042
-2948
-7282
-10588
-6454
-305
2445
-332
-6237
-6963
-3441
2154
5176
3975
2466
1069
1453
2284
3162
4482
4629
4356
2587
2407
2463
1906
163
-1925
-928
821
1162
-1567
-6013
-8254
-8428
-6347
-4792
-4661
-6022
-8406
-9133
-8172
-5048
-2969
-2694
-3207
-3084
-1445
-413
97
489
1721
3883
5451
6050
4996
4050
4216
6150
8394
9102
7996
5931
5136
5819
7137
7369
6199
4843
4059
4176
4476
4338
3911
3418
3673
4044
4095
3554
3608
2297
-460
-5030
-6834
-1698
3620
5517
-2253
-10873
-11653
-5036
2171
93
-7299
-11315
-7965
-1869
-1855
-6284
-10355
-7525
-677
2556
726
-5351
-7152
-3915
1343
5100
4443
2642
1001
838
1979
3158
4599
4362
3660
2212
2195
2960
1993
-85
-2522
-1631
755
1215
-1274
-5778
-7806
-8013
-6725
-5531
-5597
-5750
-7554
-8465
-8118
-5814
-3327
-2735
-2920
-2650
-1206
-208
101
560
1821
3839
5149
5786
5354
4676
4663
5683
7551
8606
8158
6659
5517
5636
6536
6882
6379
5249
4296
3811
3920
4257
4257
3736
3296
3336
3765
3867
4567
2878
-52
-5203
-7618
-2222
3264
6180
-1526
-10691
-12075
-5862
1842
49
-7142
-11339
-7947
-1737
-1906
-6264
-10723
-7703
-798
2692
1566
-4610
-6523
-4090
737
4899
4948
3811
2026
1031
1566
2905
4940
5150
4118
1971
1996
3219
2652
177
-3324
-2588
401
1727
-831
-5946
-8595
-8543
-7044
-5938
-5900
-6280
-7623
-8503
-8346
-6083
-3897
-3086
-3055
-2562
-874
29
72
327
1840
3928
5473
6007
5647
5161
4834
5695
7332
8478
8400
6896
5547
5490
6178
6652
6291
5117
4230
3741
3687
3886
4073
3548
3611
3352
3462
3696
3916
2512
-583
-5735
-6940
-1857
3435
5266
-2815
-10493
-11076
-4729
1544
-908
-7440
-10366
-6676
-1727
-2393
-6520
-9646
-5889
-264
2458
769
-4379
-5133
-2927
1420
4705
4808
4049
2437
1360
1565
2978
4752
5211
4105
2015
2012
2539
2143
-289
-3170
-2432
-134
973
-1642
-6410
-9199
-9473
-7277
-5492
-5277
-6567
-8587
-8888
-7616
-4988
-3495
-3202
-3002
-1907
-307
261
176
585
2274
4387
5921
6214
5508
4674
4552
5964
7796
8733
8086
6254
5034
5182
6070
6498
5920
4738
3866
3452
3303
3526
3743
3722
3634
3298
3085
3974
4385
2134
-2170
-7990
-6203
331
5863
4344
-6281
-12132
-9898
-1547
2482
-2963
-9394
-10181
-4296
-536
-3235
-8140
-9680
-3777
1508
3017
-635
-5238
-4504
-1552
2799
4974
4859
4175
2370
1195
1203
3212
5234
5484
3573
1306
1910
2492
1683
-1681
-4132
-2305
357
1030
-2861
-7789
-10047
-9754
-6850
-5295
-5002
-6987
-9281
-9070
-6921
-3638
-2912
-3211
-2901
-1035
781
559
-22
628
3033
5541
6684
6336
5188
4413
4782
6593
8314
8788
7620
5643
5004
5368
6164
6171
5245
4538
3915
3724
3327
3113
3050
3374
3635
3876
3530
4850
3302
-168
-6107
-9257
-2721
3755
7042
-1599
-11617
-12536
-5659
2353
-162
-7689
-11110
-6980
-304
-1443
-6570
-10763
-6974
806
3851
2308
-3820
-5243
-2574
1454
4968
5318
5392
4287
2424
1420
1797
4582
5882
5333
2641
1615
2557
2103
-118
-4041
-3903
-988
1137
-475
-6175
-10111
-11185
-8690
-5872
-5298
-6262
-9273
-9944
-8587
-5041
-2747
-3155
-3582
-2639
175
1335
655
-179
1165
4398
6785
7186
5435
4069
4123
5760
7881
8579
8055
6275
4999
4920
5346
5770
5317
4855
4213
3652
2960
2617
2701
3215
3659
4095
3855
3899
4504
1930
-1398
-7830
-6839
-529
5559
5564
-5161
-11914
-10945
-2302
2812
-2096
-8773
-10458
-4492
-114
-2603
-7631
-10074
-4030
1713
3980
424
-4704
-4324
-1608
3028
5286
5441
5042
3290
1898
1252
2639
4913
5685
4366
1786
1797
1996
1372
-1820
-4556
-3178
-627
618
-2666
-7692
-10810
-10933
-8250
-5751
-5011
-6682
-9392
-10083
-7569
-3528
-1736
-2468
-3229
-1699
795
1699
946
803
2505
5287
7259
6995
5492
4040
4196
6159
8121
8818
7612
5526
4439
4682
5341
5461
4964
4175
3682
3045
2671
2690
2380
3067
3465
4624
4078
4383
3515
1078
-2868
-8793
-5278
409
7027
3607
-7950
-12875
-9883
353
2608
-4276
-10640
-10114
-2510
61
-3314
-9067
-9279
-2279
2474
4112
-1186
-4652
-3477
-383
4365
5419
5680
4924
3054
1874
1480
3571
5431
5650
3062
1100
2012
2188
932
-3687
-5215
-2830
13
197
-4513
-8737
-10944
-9950
-7959
-6354
-5513
-7078
-8622
-9420
-6559
-2987
-1652
-2061
-2484
-507
1481
2015
1330
1684
3409
5820
7268
6759
5487
4062
4335
6135
7831
8342
6879
5078
4337
4520
4728
4548
4171
3883
3493
2709
2292
2249
2332
3050
4139
4671
4675
4761
3059
1238
-5143
-8487
-4573
2073
8427
1030
-9214
-13689
-7836
1909
1190
-6162
-12060
-8437
-1426
-136
-4646
-10380
-7629
-1523
3421
3359
-2263
-3562
-2877
1131
4816
5702
6517
5130
3337
1779
2169
4515
6304
5483
2162
1421
2309
2885
47
-5027
-5388
-2726
563
-754
-5507
-9252
-10957
-10030
-8980
-6829
-6012
-6776
-8654
-9045
-5564
-2633
-1422
-2368
-1912
417
2127
2129
1447
2135
3804
6077
6967
6799
5496
3903
4106
5471
7455
7920
6518
4761
3907
3933
4045
4026
3750
3676
3189
2510
2491
2422
2693
3419
4299
5135
5778
5470
3660
163
-7022
-7718
-3464
4568
7760
-1577
-10098
-12900
-5085
1980
-1017
-8355
-11933
-6561
-790
-729
-6275
-10147
-6424
-1117
3828
2004
-1927
-2759
-2204
2189
4649
6346
6938
5125
3264
1883
3013
5335
6423
4192
1219
1345
2610
2901
-1708
-6300
-6131
-3063
68
-2127
-6384
-10105
-11661
-10442
-8632
-6258
-6239
-7611
-8954
-7235
-3480
-1583
-1483
-2338
-575
1888
3170
2848
2164
2723
4318
6464
7424
6988
4974
3564
4115
5702
7274
6970
5552
4244
3727
3659
3536
3315
3244
3080
2503
2342
2690
3012
3257
3891
4647
5689
6457
5571
3912
-1709
-7761
-7144
-1892
6644
5623
-4126
-11720
-11355
-2476
1239
-4020
-11294
-11575
-4933
-146
-1815
-7939
-9516
-5665
-107
3513
893
-1200
-1917
-308
3284
5143
7168
7264
5484
3255
2437
4081
6474
6453
2840
444
1062
3143
2396
-3165
-7212
-6931
-3258
-1123
-3429
-7567
-11126
-11756
-10379
-8155
-6533
-6872
-7823
-7801
-4967
-1917
-855
-1575
-1601
716
3209
4276
3445
2779
3114
4877
6808
7345
6463
4500
3655
4270
5536
6248
5574
4323
3604
3485
3215
2751
2361
2535
2625
2451
2753
3292
4026
4491
5101
5656
6570
6969
5305
2391
-4833
-7587
-4922
1468
6721
304
-7770
-11992
-7422
-725
-2388
-8960
-13321
-9208
-2875
-670
-4551
-9255
-7697
-3823
1591
2423
164
-143
-335
2667
4812
6598
7994
6983
5167
3336
3941
5907
7186
5021
1065
131
1322
2847
-132
-5782
-8040
-6905
-3432
-3044
-5864
-9383
-12200
-11530
-9765
-7003
-6207
-7106
-7530
-5916
-1828
140
-15
-1493
-512
2348
4664
5132
3789
3215
3652
5701
7096
6901
5305
3545
3587
4491
5389
5150
3833
2904
2860
3015
2926
2276
2044
2145
2338
2981
3726
4697
5381
5988
6597
7090
7749
6300
3405
-3090
-7975
-5693
-319
5918
1576
-7135
-11922
-9383
-2290
-2600
-8729
-13897
-11367
-4339
-915
-3221
-8173
-8069
-4264
628
2886
865
506
667
3159
5725
7159
8688
7888
5844
3558
3560
5638
7137
5541
1344
-614
30
1279
-485
-5515
-8236
-7936
-5658
-4536
-6315
-8516
-10938
-11929
-10252
-7641
-5274
-5597
-6745
-5613
-1855
1413
1789
310
-212
1898
4171
5632
5285
4063
3528
4278
6065
6724
5383
3233
2575
3472
4332
4365
3225
2683
2385
2149
2227
2029
2539
2511
2233
3039
4183
5860
6468
6623
7293
7944
9172
6952
3362
-4108
-8687
-5593
-64
5889
151
-8334
-12607
-9472
-2794
-4188
-9938
-14653
-11278
-4591
-1301
-2985
-7589
-6927
-4016
1184
3624
2099
1888
1187
4108
6780
8910
10122
8346
5811
3043
3507
5610
6905
5006
483
-1174
-897
141
-2168
-6984
-9045
-8533
-5810
-5161
-6881
-9145
-10974
-10959
-8989
-6233
-4655
-4844
-5702
-4147
-389
2309
2823
1304
797
2064
3808
5070
4989
3953
3067
3527
4877
5724
4299
2092
1387
2355
3506
3376
2272
1834
1844
1775
1822
2041
2946
3656
3781
4061
5126
6195
7274
8215
8952
9903
9780
7427
3214
-4491
-9311
-7001
-848
4845
-354
-9297
-13771
-10706
-4541
-5598
-11407
-15188
-11575
-5060
-1484
-3035
-6455
-5865
-3085
1795
4251
3675
3385
2811
4930
7413
9910
11192
9707
6101
2485
2279
4241
6122
3990
-562
-2695
-2510
-1351
-3861
-8523
-10748
-9869
-6588
-5257
-6395
-8925
-10822
-10399
-7346
-3772
-2489
-3278
-4272
-2367
1303
3741
3775
2326
1700
2446
3755
4590
4339
3156
2258
2719
4068
4718
3351
1430
624
1222
2238
2538
2299
2023
1597
1607
2223
3083
3927
4155
4536
5655
7005
8243
8867
9624
9929
10885
9722
5966
-1477
-10325
-10633
-5406
2979
2413
-6797
-13614
-13834
-7425
-6038
-10786
-15755
-14147
-6740
-1351
-634
-4256
-5266
-3146
728
4488
4862
5385
4980
5538
6909
8867
11214
11124
8198
3044
662
1773
3984
3841
-530
-3518
-4131
-3018
-3706
-7967
-10924
-11471
-8651
-5789
-4619
-5109
-7353
-8763
-8366
-4789
-1174
-475
-1565
-2082
753
3878
4763
3414
1725
1521
2298
3071
3419
2952
1792
1351
1931
3195
3078
1519
-11
-347
448
1512
2276
2719
2630
2255
2507
3371
4586
5266
5373
6413
7761
9516
10385
10587
10126
10096
9940
7267
1379
-9445
-13754
-10360
-1645
2712
-5258
-13385
-15999
-10254
-6107
-10181
-16126
-16567
-8781
-1148
1827
-1171
-3707
-2146
877
5228
6063
6574
7032
7121
7871
8533
10437
11187
9097
3601
-374
-352
1836
2709
-1472
-5286
-6086
-4566
-3745
-7406
-11023
-12134
-9541
-6026
-4055
-3802
-4838
-5406
-5547
-3139
-574
683
454
-299
1523
3905
4867
3638
1653
767
1250
1698
1692
1207
156
104
613
1695
1780
734
-58
-236
210
711
1591
2730
3542
3647
3774
4476
5411
6349
6542
7232
8459
9847
11310
11763
11205
10713
9711
6293
-254
-11241
-15116
-11323
-2949
555
-7391
-14229
-15327
-9234
-6383
-11277
-17313
-16683
-7850
347
3671
636
-1786
-26
3001
6779
6712
6480
7033
7696
8697
9258
10196
10116
7421
1611
-2217
-2399
-284
302
-3768
-7004
-7358
-5337
-4517
-7915
-11160
-11856
-8840
-5147
-2772
-2233
-2535
-2369
-1991
121
1321
1326
531
323
2717
4880
5260
3372
1014
-125
-30
223
20
-773
-1828
-1415
114
1744
1614
-6
-1083
-709
497
1399
2047
2905
3989
4897
5482
5968
6450
7241
7639
8690
9458
10562
11534
11848
11580
10782
8843
3425
-5183
-15405
-16340
-10408
-2451
-2485
-11200
-16075
-14078
-7477
-6937
-13280
-18028
-14364
-4257
3365
4956
1545
213
2486
5800
8505
7556
6906
6822
7428
8570
9560
10241
8826
4165
-1903
-4840
-3961
-1844
-2730
-6798
-8777
-7493
-4975
-5366
-9015
-11314
-10148
-6250
-3015
-1547
-987
-355
398
1338
2760
3255
2325
623
459
2916
4974
4923
2674
385
-704
-1230
-1548
-1949
-2499
-3025
-2290
-212
1752
1676
-16
-862
-305
885
1848
2892
4407
5428
5984
6430
7380
8412
8439
8545
8925
10089
11239
11506
11518
11104
10448
5728
-2312
-13768
-18911
-14583
-7068
-2365
-8893
-14662
-14695
-9145
-5791
-10884
-16767
-16483
-7557
1660
5688
4109
1784
3589
5921
8475
8046
6873
6883
6644
7142
7701
8892
8787
5738
-655
-5607
-6622
-5008
-4173
-7151
-9511
-8641
-5424
-3653
-6403
-9680
-10173
-6613
-2555
-204
703
1361
2664
3271
4254
4369
3467
1620
79
1238
3189
4077
2667
316
-1164
-1998
-2683
-3371
-3940
-4415
-3836
-1999
425
1523
750
72
259
1067
1582
2287
3918
5825
7005
7394
7820
8468
9082
9121
9089
9601
10481
10868
11080
10116
10071
7790
1424
-8582
-18854
-18336
-11740
-4446
-6037
-13397
-15325
-11047
-4789
-6574
-13275
-16821
-11632
-1324
5212
6379
3570
3459
6149
8698
9395
7130
5883
5782
6191
6527
7025
7193
5827
1167
-4649
-7514
-7149
-5624
-6988
-9902
-10340
-7504
-3908
-3799
-6385
-8357
-6869
-3260
-413
1329
2181
3724
4691
5392
5714
4837
2908
378
-56
1355
2707
2279
653
-751
-1807
-3025
-4207
-4586
-4891
-4875
-3760
-1191
1363
1724
839
744
1620
2296
2438
3216
5203
7053
7917
8369
8885
9769
9509
9194
8795
9203
9528
9854
10178
9765
8925
2687
-5597
-16616
-19836
-14597
-7904
-5038
-11434
-14476
-11683
-5241
-3699
-9985
-15242
-13529
-4070
3794
6721
5169
3805
6448
8620
10084
8155
5489
4347
3985
4627
5870
6676
5724
1907
-4094
-7743
-8374
-7192
-7505
-10061
-10882
-8549
-4403
-2628
-4196
-6402
-6214
-3135
-289
1839
2633
3799
4928
5793
6846
6389
4346
723
-1163
-601
985
1176
-135
-1183
-2099
-2882
-4268
-4988
-5237
-5420
-4667
-2443
679
2245
2018
1496
1900
2757
3003
3566
4885
6597
7970
8731
9292
9893
9694
9295
8672
8319
8518
8706
9359
8828
8735
5337
-828
-10921
-19513
-18078
-11905
-5018
-7484
-13011
-12992
-7410
-1767
-4705
-11451
-14287
-8463
655
5957
6474
4156
5315
7990
9971
9209
5659
3682
2964
2753
3149
4010
4879
3764
-1306
-6677
-9297
-8766
-7792
-9430
-11182
-10118
-5953
-2321
-1916
-3886
-5015
-3150
-535
1851
2755
3783
5375
6005
6570
6366
5458
2964
-341
-1749
-1003
3
-691
-1863
-2379
-2421
-3302
-5012
-5713
-5694
-4971
-3473
-1059
1570
2526
2394
2514
3150
3456
3400
3939
5570
7228
8253
9053
9554
9432
8809
7966
7832
7463
7374
7473
8029
8159
7723
6067
548
-8228
-18244
-19466
-13518
-5881
-5335
-10943
-12254
-7582
-1087
-1775
-8449
-12842
-9740
-1199
4971
6396
4570
4604
7208
9392
9216
5824
2958
1451
880
867
1796
3353
3566
-111
-5679
-9083
-9165
-7833
-8820
-10897
-10665
-6812
-2041
-84
-1273
-3102
-2532
-512
1833
3147
3718
4887
5572
6242
6301
5489
3189
-384
-2991
-3151
-1603
-1187
-2149
-3436
-3622
-3149
-3713
-4598
-5163
-4546
-2828
-639
1601
3070
3701
3891
4180
3973
3723
3975
5035
6630
7392
8075
8778
9069
8654
7301
6227
6123
6520
6828
6882
6793
6582
7057
4496
-1528
-11415
-19167
-17012
-10284
-3943
-6281
-10930
-10056
-4151
627
-2600
-9093
-11757
-6771
808
4931
5330
3605
4894
7408
8805
7844
4039
1367
-271
-1061
-341
1457
3449
2758
-1915
-6735
-8591
-7372
-6746
-8707
-10796
-9397
-4440
-97
1224
-661
-2238
-1528
287
2476
3000
3070
3504
4042
5272
5436
3936
382
-3361
-4743
-3408
-1611
-1934
-3166
-4260
-3312
-2421
-2673
-3310
-3760
-2825
-1135
962
2924
4145
4301
4375
4293
4316
4499
4659
5326
6063
6887
7799
8409
8285
7581
6487
6019
6049
6442
6565
6740
6711
6931
6678
2349
-4695
-14606
-17562
-13407
-6850
-3900
-8269
-10064
-7264
-1397
94
-4999
-9872
-9654
-3388
2136
4429
3549
3208
5736
7777
8533
5883
2207
-178
-1671
-1538
11
1930
2893
382
-4068
-6987
-7318
-6418
-7619
-9930
-10406
-6859
-1911
878
537
-1573
-1713
-433
1367
2256
1747
1854
2317
3725
4770
4147
1636
-1975
-4022
-4022
-2461
-2155
-2825
-3649
-3335
-1983
-1470
-1411
-2003
-1945
-1037
693
2748
4085
4383
4302
4456
4715
4873
4556
4703
5353
6108
6808
7023
7142
7064
6871
6525
6391
6281
6160
6578
6828
7081
7307
4182
-1507
-10557
-16719
-14340
-8941
-3884
-6618
-10069
-8400
-3080
553
-3177
-8656
-10131
-5161
830
3386
3212
2119
4519
7142
8287
6750
2677
286
-1250
-1631
-802
505
2002
1106
-2430
-5664
-6699
-6064
-6923
-9294
-10589
-7885
-2880
178
470
-1448
-1594
-176
1349
2148
1421
1201
1541
2976
3943
3882
1791
-1330
-3361
-4110
-3048
-2591
-2896
-3298
-3310
-2011
-806
-366
-930
-1475
-962
821
2848
3987
4347
4137
4399
4819
4736
4432
4051
4272
5033
5439
5845
6109
6277
6608
6196
6021
5935
6103
6483
6724
6561
6355
6557
3983
-1141
-10660
-16146
-13790
-7822
-3132
-6667
-9727
-7959
-2610
376
-3442
-8240
-9127
-4501
365
2721
2698
2483
4940
6833
7488
5525
2296
701
-763
-1685
-1508
-110
1904
1201
-2260
-5477
-6353
-5778
-6626
-8762
-9758
-7106
-3060
-421
-56
-1154
-833
78
1013
1164
711
772
1283
2047
2577
2746
1218
-1017
-3159
-3855
-3012
-2821
-3110
-3487
-2645
-796
385
482
-211
-334
240
1510
2668
3435
3888
4219
4697
4730
4427
3937
3918
4263
4427
4647
5104
5961
6886
6795
6476
6257
6709
7468
7306
6904
5788
6627
5882
2361
-5627
-14523
-14836
-10372
-3780
-4502
-9206
-9616
-5599
106
-729
-5446
-8779
-6780
-1538
1779
3063
2212
3592
5699
6838
6593
3863
1998
58
-1940
-2521
-1726
806
1558
-974
-4445
-6415
-5760
-5841
-7540
-9718
-9270
-5757
-2354
-114
-471
-720
-304
282
1374
1290
1494
1154
931
1626
2508
2692
489
-2397
-4207
-3646
-2841
-3080
-3622
-3464
-1550
174
985
891
295
346
1114
2324
3524
4045
4168
4471
4526
4393
4114
3815
3793
3724
3716
4396
5521
6273
6713
6249
6173
6425
6795
7228
6897
6361
5605
6615
5255
1510
-6991
-14292
-13414
-9031
-3432
-5412
-9010
-8510
-4231
449
-1099
-5413
-8382
-6104
-1482
1701
2880
1964
3489
5149
6337
6046
3303
1427
-934
-2645
-2713
-1489
853
948
-1525
-4654
-6051
-5406
-5586
-7027
-9265
-8606
-5295
-1592
700
11
-460
-364
709
1927
1728
1185
102
81
1289
2493
2092
-678
-3361
-4534
-3633
-3216
-3575
-3759
-3091
-1073
416
1351
1404
1012
942
1630
2845
3821
4079
3856
4074
4374
4356
4094
3568
3402
3438
3612
4455
5472
6032
6248
5850
6060
6505
7104
6945
6606
5998
5930
7212
4630
130
-8984
-14095
-11634
-7146
-2934
-6401
-8937
-7148
-2267
1151
-1827
-6086
-8114
-4709
-605
1845
2362
1609
3751
5159
6135
5423
2624
895
-1681
-3185
-2896
-1322
922
359
-2227
-4944
-5515
-4856
-5640
-7427
-9388
-7722
-4311
-1006
562
-291
-149
187
1379
1903
1114
397
-343
140
1045
1472
664
-1355
-3218
-4124
-3830
-3606
-3416
-3300
-2563
-979
579
1797
2061
1845
1834
2353
3045
3603
3768
3891
4168
4199
3990
3738
3507
3439
3225
3135
3820
4858
5766
6048
5833
5962
6376
7183
7142
7153
6496
6637
7388
4566
-491
-9636
-13494
-10716
-5633
-2638
-6720
-8705
-6561
-1414
699
-3093
-7032
-8121
-4003
-386
1528
1534
1209
3596
4904
5875
4743
2326
772
-1864
-3134
-2925
-939
1275
334
-2301
-4979
-5039
-4533
-5429
-7487
-9189
-7090
-3883
-761
132
-492
-45
316
1261
1166
759
451
-45
-96
236
803
471
-1090
-3007
-3868
-3684
-3239
-2980
-2698
-1985
-655
720
2053
2621
2521
2284
2152
2760
3244
3719
3825
3639
3424
3003
3112
3169
3088
2780
2559
3380
4748
5912
6074
5544
5392
5992
6893
7234
7130
6899
6764
7745
6860
2965
-4550
-12091
-12317
-8690
-4067
-4963
-8373
-8016
-4498
-297
-1224
-5010
-7991
-7091
-3288
-514
1235
867
2130
4148
5479
6096
4201
2430
-81
-2558
-3117
-1810
933
1706
-294
-3162
-4392
-3719
-3939
-5813
-8660
-8829
-6039
-2566
-233
-367
-362
-61
594
1074
958
654
-537
-1398
-1257
310
1139
102
-1843
-3259
-3089
-2868
-2692
-2738
-2469
-1630
-267
1720
2973
3185
2358
1805
2065
2461
2985
3137
2902
2494
2015
2371
3063
3163
2801
2301
2806
4286
5726
6278
6066
5618
6063
7180
7979
8069
7388
6755
7130
7732
5637
516
-7942
-12558
-11123
-6766
-3729
-6663
-8898
-7446
-3112
-332
-2808
-6381
-8068
-5585
-2368
48
1095
1367
3386
4570
5888
5655
3883
2104
-945
-2601
-2356
-322
1866
1089
-1465
-3717
-3863
-3563
-5009
-7586
-9408
-7903
-5029
-2350
-939
-727
-106
14
400
616
390
-201
-1433
-1565
-827
557
897
-264
-1632
-2620
-2211
-1973
-1991
-2254
-2031
-848
701
2233
2983
2931
2249
1649
1632
1908
2295
2223
1836
1599
1705
2430
3062
2984
2573
2671
3841
5501
6345
6307
6198
6522
7249
7784
7858
7662
7350
6981
7419
7948
5832
554
-8037
-12716
-11554
-7561
-4845
-7720
-9450
-8050
-3693
-877
-3042
-6451
-8451
-6231
-2979
-226
1030
1480
3504
4720
6191
5973
4407
2663
-492
-2069
-2026
-109
1855
1258
-809
-3066
-3671
-4049
-5369
-7634
-9423
-8427
-6192
-3134
-1191
-423
151
-99
219
259
126
-540
-1523
-1373
-283
1396
1550
640
-624
-1367
-1256
-1493
-1525
-1710
-1731
-1010
344
2147
3027
2583
1536
864
843
1040
1325
1235
1124
1051
1591
2639
3058
2908
2656
3248
4457
5424
6247
6781
7078
7122
7056
7581
7733
7678
6869
6520
6468
6973
7184
3843
-2106
-10626
-13763
-11428
-7543
-6076
-9576
-9884
-6963
-2385
-967
-4280
-7146
-8062
-5059
-2006
520
1803
2530
4492
5280
6471
6131
4868
3008
-334
-1765
-1349
773
2147
702
-1516
-3348
-3611
-4254
-6152
-8534
-9816
-8270
-5731
-2855
-1205
-469
-67
-479
-538
-656
-444
-692
-1156
-941
182
1742
2034
1362
85
-797
-1030
-1388
-1416
-1607
-1407
-554
668
1985
2297
1742
685
-91
-342
-133
490
903
1085
1140
1667
2761
3717
4078
4067
4341
5032
6101
7138
7789
7847
7428
7262
7508
7617
7071
6095
5562
5439
6183
5608
2746
-3234
-10652
-13328
-11758
-7612
-6521
-8805
-8942
-6428
-2249
-1427
-3948
-6586
-7103
-4653
-1886
946
2070
2922
3982
4893
6569
6368
5254
2751
-313
-1541
-1129
760
1500
167
-1917
-3152
-3409
-4430
-6394
-8698
-9277
-8023
-6027
-3565
-1922
-908
-859
-1311
-1002
-547
-312
-929
-1336
-598
960
2391
2475
1953
883
71
-395
-816
-700
-852
-707
-145
696
1665
1723
1079
33
-628
-565
-43
458
636
912
1457
2536
3633
4391
4781
4965
5507
6179
7019
7680
7901
7793
7170
6996
7026
6969
6318
5053
4458
4408
5401
4663
1722
-4660
-11535
-13743
-12069
-7274
-6863
-8799
-9112
-6436
-1536
-1478
-4177
-7250
-7193
-4297
-1726
779
1873
3635
4567
5441
6403
5887
5151
2319
-120
-1154
-755
1262
1763
791
-1226
-2749
-3149
-4217
-6200
-8648
-9323
-8105
-6044
-4010
-2953
-1913
-1652
-1648
-1464
-1097
-640
-830
-865
-106
1711
2981
3165
2179
1002
388
-91
-271
-272
-171
37
142
483
1078
1070
271
-970
-1554
-1116
-197
534
1168
1819
2541
3077
3515
4093
4786
5453
5861
6370
6989
7666
7927
7609
7045
6645
6541
6128
5317
4464
4084
4353
3863
1946
-1593
-6557
-10300
-11724
-10051
-7140
-6819
-7562
-7674
-4886
-1542
-1826
-4883
-7663
-6520
-3158
-43
1260
2039
3756
4863
5729
5478
4979
4153
1972
312
-69
1153
2508
2184
716
-970
-2198
-3500
-5118
-6854
-8115
-8373
-8008
-6591
-4737
-3293
-2648
-3028
-3022
-2270
-1256
-796
-1060
-1013
150
2105
3338
3449
2491
1592
1190
787
590
323
246
364
307
498
697
566
-153
-1229
-1695
-1164
-6
1002
1637
1982
2380
2890
3547
4377
5115
5593
5827
6268
7049
7693
7657
6893
6130
5940
6056
5799
5049
4233
3872
3594
2267
-63
-3541
-7122
-9466
-10057
-8150
-6296
-5877
-6314
-6189
-3834
-2160
-3083
-6139
-8024
-6106
-2232
823
1283
1433
2578
4490
5521
4463
3161
2070
1662
1589
1526
2164
2593
2384
1222
-312
-1572
-2787
-4166
-6179
-7674
-8093
-7172
-5513
-4536
-4065
-4075
-3793
-3108
-2712
-2732
-3017
-2631
-1321
608
2196
2928
2952
2488
2211
1928
1603
1258
1006
1222
1549
1672
1422
990
434
-279
-899
-1026
-303
735
1522
1888
1970
2154
2428
2836
3349
3863
4311
4702
5217
5868
6305
6088
5285
4563
4520
4845
4912
4330
3644
3342
2999
1944
-186
-2613
-4769
-6038
-6477
-5876
-4752
-4007
-3657
-3785
-3444
-3298
-3871
-5166
-6291
-5662
-3573
-954
551
1073
1351
1979
2769
2613
1758
610
231
913
1944
2751
2731
2166
1517
813
-19
-1234
-2683
-3991
-4799
-4949
-4639
-4059
-3646
-3379
-3413
-3539
-3491
-3407
-3182
-3157
-3071
-2652
-1574
-113
1154
1648
1408
1169
1149
1491
1559
1271
960
922
1411
1869
1876
1234
339
-144
-21
556
951
1081
1248
1842
2713
3155
2768
1999
1713
2173
2906
3154
2989
2948
3220
3625
3549
2909
2222
1832
2055
2409
2516
2376
2108
2118
2178
1908
1091
28
-770
-1335
-1921
-2636
-2872
-2463
-1757
-1403
-1743
-2120
-2374
-2495
-2875
-3459
-3631
-3135
-2066
-1049
-430
-226
-222
-250
-433
-682
-887
-855
-451
-12
357
492
386
130
-392
-1042
-1595
-1895
-1880
-1799
-1826
-1982
-2042
-1843
-1491
-1252
-1360
-1648
-1917
-2033
-2095
-2238
-2468
-2466
-2100
-1325
-543
-16
330
450
518
342
217
351
704
1136
1275
1318
1391
1508
1594
1498
1570
1779
2296
2829
3283
3655
3479
3025
2243
1808
1932
2104
2085
1760
1767
2202
2660
2460
1790
1263
1157
1266
1011
655
748
1268
1757
1783
1440
1238
1184
1078
721
54
-644
-1235
-1528
-1598
-1368
-980
-587
-294
-442
-713
-1197
-1637
-2131
-2707
-2961
-2878
-2276
-1716
-1426
-1564
-2009
-2331
-2525
-2514
-2572
-2590
-2347
-1738
-985
-513
-436
-726
-952
-973
-861
-770
-953
-978
-668
-95
437
394
77
-374
-695
-1000
-1460
-1950
-2273
-2167
-1768
-1196
-798
-483
-316
-296
-267
-230
-6
272
689
1271
1801
2054
1847
1613
1544
1698
1860
1958
2335
2922
3552
3734
3278
2486
1841
1666
1730
1780
1756
1871
2127
2167
1889
1367
883
658
529
474
526
616
752
735
643
796
1054
1266
1246
1089
1117
1179
1035
639
61
-330
-453
-342
-165
-297
-686
-1334
-1787
-2103
-2425
-2818
-3333
-3503
-3432
-3018
-2679
-2552
-2623
-2702
-2447
-2100
-1746
-1687
-1741
-1552
-1144
-623
-323
-238
-67
148
329
262
-59
-448
-652
-643
-484
-393
-561
-778
-1175
-1625
-2182
-2749
-2879
-2687
-2151
-1551
-919
-275
192
457
486
571
682
921
1210
1476
1850
2170
2422
2542
2481
2460
2520
2666
2866
2977
2966
2890
2787
2620
2412
2087
1874
1809
1722
1610
1291
1010
806
672
681
780
983
1155
1227
1195
1242
1430
1799
2227
2418
2365
2071
1731
1361
654
-391
-1461
-1921
-1585
-1190
-1282
-2040
-2654
-2857
-2903
-3266
-4049
-4427
-4228
-3416
-2714
-2342
-2187
-2125
-1899
-1689
-1460
-1402
-1411
-1318
-1007
-436
79
448
546
448
242
-42
-299
-574
-828
-1029
-1072
-948
-855
-980
-1474
-2146
-2658
-2832
-2656
-2380
-1993
-1377
-592
208
661
761
629
533
695
1027
1429
1624
1782
1958
2182
2418
2469
2552
2641
2821
3018
3085
2992
2669
2294
1983
1904
1907
1857
1738
1544
1367
1150
918
760
765
892
1156
1434
1659
1856
1992
2236
2475
2619
2525
2138
1675
1127
696
5
-837
-1582
-1898
-1567
-1426
-1693
-2463
-3045
-3125
-3081
-3183
-3601
-3701
-3367
-2695
-2144
-1970
-1933
-1936
-1762
-1500
-1214
-984
-883
-801
-607
-165
318
572
445
66
-222
-325
-396
-632
-1077
-1441
-1532
-1402
-1370
-1678
-2142
-2455
-2392
-2130
-1818
-1461
-1000
-470
-42
197
276
339
340
350
396
541
776
954
1140
1390
1708
1989
2148
2293
2471
2676
2728
2582
2350
2205
2262
2394
2434
2289
2031
1802
1653
1515
1356
1248
1333
1525
1734
1825
1858
1894
1867
1844
1767
1764
1703
1504
1166
723
433
-18
-583
-1278
-1692
-1691
-1785
-2039
-2447
-2404
-2106
-1899
-2090
-2429
-2466
-2323
-2075
-2043
-1942
-1739
-1432
-1140
-1024
-1021
-1113
-1226
-1264
-1170
-913
-547
-329
-317
-554
-769
-911
-1075
-1429
-1881
-2097
-2031
-1792
-1766
-1888
-1999
-1834
-1388
-920
-584
-377
-109
190
418
453
388
318
257
256
299
399
490
542
688
915
1184
1402
1565
1769
1900
1913
1803
1729
1880
2134
2375
2478
2473
2480
2464
2351
2154
1918
1880
2034
2247
2344
2222
2080
1980
1931
1793
1585
1412
1357
1306
1090
696
292
59
-127
-490
-1078
-1603
-1827
-1783
-1825
-2031
-2240
-2255
-2067
-1953
-1931
-2020
-2099
-2084
-1835
-1443
-1130
-1101
-1205
-1176
-1054
-914
-997
-1070
-1072
-875
-612
-522
-618
-947
-1246
-1540
-1735
-1919
-2105
-2253
-2294
-2130
-1823
-1460
-1217
-1019
-911
-686
-431
-160
49
145
235
348
538
652
632
401
188
119
202
434
666
911
1141
1319
1493
1565
1398
1129
944
1118
1537
1875
2044
2125
2302
2420
2339
2002
1784
1852
2083
2281
2236
2148
2081
2066
2071
2001
1830
1583
1340
1210
1229
1218
984
539
122
9
29
-158
-652
-1252
-1666
-1826
-1843
-1853
-1965
-2193
-2302
-2146
-1781
-1551
-1618
-1768
-1630
-1181
-725
-616
-833
-1044
-1042
-814
-631
-635
-758
-849
-817
-798
-974
-1348
-1782
-2123
-2273
-2295
-2188
-2004
-1822
-1591
-1379
-1092
-836
-683
-608
-575
-344
-23
279
363
291
252
312
399
333
204
87
206
473
738
921
932
977
1006
994
831
667
712
998
1373
1601
1787
1964
2131
2144
1977
1834
1882
2038
2188
2267
2327
2445
2435
2249
1926
1692
1620
1611
1521
1362
1333
1381
1410
1156
649
152
-187
-309
-455
-713
-1054
-1333
-1452
-1532
-1650
-1932
-2189
-2235
-2009
-1621
-1381
-1288
-1232
-1077
-847
-748
-802
-933
-990
-953
-919
-962
-1126
-1354
-1627
-1827
-1911
-1886
-1848
-1887
-1935
-1904
-1729
-1508
-1355
-1291
-1258
-1102
-826
-490
-270
-218
-142
3
234
336
287
205
185
272
365
421
394
377
384
476
586
603
516
383
371
556
844
1081
1199
1220
1360
1597
1816
1840
1717
1717
1934
2237
2380
2307
2115
2008
1968
1980
1905
1758
1619
1534
1594
1618
1581
1340
1017
751
566
448
259
8
-234
-380
-476
-644
-982
-1391
-1705
-1862
-1867
-1745
-1570
-1422
-1328
-1217
-959
-744
-747
-934
-1089
-986
-781
-671
-784
-989
-1127
-1152
-1204
-1420
-1719
-1974
-2022
-1918
-1722
-1527
-1388
-1279
-1143
-938
-752
-663
-698
-705
-540
-220
108
248
216
139
160
268
348
306
210
239
403
587
551
326
78
-28
37
141
244
339
495
696
885
1022
1076
1126
1199
1351
1565
1739
1882
1970
2027
2034
1959
1833
1666
1513
1427
1442
1502
1490
1413
1314
1267
1180
967
666
394
296
320
336
228
7
-225
-440
-666
-914
-1140
-1253
-1218
-1100
-965
-896
-876
-886
-892
-860
-789
-705
-641
-584
-592
-652
-790
-962
-1109
-1262
-1396
-1532
-1638
-1667
-1643
-1599
-1588
-1580
-1489
-1326
-1170
-1096
-1040
-921
-720
-554
-452
-394
-304
-202
-157
-136
-128
-64
16
139
281
404
402
214
-32
-247
-292
-279
-238
-157
14
294
540
693
710
713
772
929
1150
1360
1513
1572
1632
1744
1875
1885
1731
1558
1477
1534
1613
1642
1631
1571
1502
1429
1342
1202
945
647
443
403
470
499
420
254
90
-62
-186
-340
-499
-622
-664
-595
-529
-503
-569
-644
-656
-605
-513
-440
-414
-414
-435
-494
-615
-803
-986
-1090
-1149
-1191
-1236
-1302
-1323
-1371
-1396
-1445
-1503
-1490
-1440
-1293
-1161
-1025
-902
-785
-665
-606
-554
-516
-468
-437
-407
-333
-220
-96
19
86
145
146
61
-92
-289
-360
-327
-223
-141
-54
84
272
417
436
406
368
470
656
863
1029
1141
1266
1418
1552
1596
1521
1364
1251
1261
1361
1458
1450
1365
1309
1312
1319
1185
895
616
504
553
597
492
312
181
132
82
-70
-290
-475
-532
-476
-359
-264
-220
-204
-194
-149
-121
-146
-199
-253
-247
-209
-159
-170
-259
-424
-590
-709
-794
-851
-946
-1041
-1117
-1118
-1117
-1159
-1232
-1269
-1189
-1075
-937
-827
-758
-683
-596
-498
-436
-458
-472
-421
-316
-213
-163
-122
-81
-48
-66
-114
-180
-252
-289
-323
-300
-252
-204
-159
-150
-131
-74
17
110
178
243
384
581
749
858
938
1027
1113
1124
1082
1074
1106
1175
1217
1223
1232
1227
1195
1118
1001
876
782
716
669
627
577
528
469
366
216
63
-75
-136
-177
-209
-225
-225
-136
-24
42
44
7
8
32
56
62
51
22
-15
-79
-161
-263
-396
-537
-683
-775
-846
-910
-983
-1037
-1063
-1082
-1093
-1099
-1074
-1073
-1068
-1051
-1002
-916
-814
-701
-620
-561
-500
-399
-309
-242
-215
-198
-179
-176
-186
-227
-278
-337
-361
-343
-304
-253
-207
-141
-70
-14
25
56
97
152
225
326
473
636
787
891
954
983
1002
1013
1017
1009
1021
1039
1068
1096
1095
1069
956
841
735
656
623
587
597
575
548
490
414
320
181
60
-36
-39
-1
36
61
51
54
52
30
13
-18
-6
28
80
101
37
-70
-184
-251
-332
-441
-580
-675
-714
-744
-795
-884
-933
-945
-947
-967
-1004
-1011
-982
-934
-866
-791
-713
-657
-625
-581
-506
-414
-348
-302
-260
-199
-151
-141
-158
-200
-233
-261
-245
-209
-160
-124
-101
-82
-69
-30
1
35
69
147
255
375
484
577
672
723
750
749
749
751
747
740
750
784
817
829
781
714
651
593
560
535
552
580
586
556
495
441
393
327
223
138
110
145
177
161
139
110
96
63
42
53
59
63
40
51
53
23
-73
-205
-282
-320
-341
-421
-512
-586
-614
-616
-637
-683
-763
-832
-870
-873
-860
-851
-857
-836
-788
-710
-660
-641
-620
-579
-503
-423
-350
-315
-308
-302
-262
-205
-178
-177
-187
-142
-67
1
40
23
15
7
27
57
77
100
121
183
259
343
385
407
409
417
445
472
505
527
536
542
535
545
569
590
596
576
585
617
659
669
639
616
594
615
633
614
558
478
446
435
416
358
280
240
226
213
154
83
41
36
52
47
21
-17
-55
-94
-139
-204
-265
-318
-347
-359
-373
-392
-437
-477
-506
-529
-567
-634
-695
-742
-760
-765
-759
-747
-744
-739
-733
-706
-667
-627
-593
-535
-465
-380
-319
-286
-254
-225
-174
-131
-80
-36
10
44
59
54
29
33
46
68
79
108
160
210
239
254
281
289
295
294
314
340
345
339
346
370
398
426
441
455
459
481
514
543
553
561
585
624
661
655
631
595
577
568
545
500
440
381
332
291
230
163
80
29
8
2
-25
-77
-121
-161
-190
-224
-233
-231
-218
-209
-205
-199
-214
-253
-316
-373
-416
-461
-520
-582
-623
-626
-627
-650
-684
-703
-682
-647
-633
-630
-627
-586
-509
-435
-370
-334
-307
-271
-222
-179
-134
-100
-73
-40
-20
8
23
9
-6
-14
19
78
131
161
173
187
206
229
224
216
206
214
242
261
276
278
278
286
293
314
336
366
388
407
446
496
550
574
586
604
635
661
668
655
634
612
582
549
502
437
354
267
187
119
69
30
-6
-49
-93
-126
-138
-137
-152
-176
-193
-186
-170
-164
-174
-202
-237
-281
-324
-371
-414
-466
-508
-530
-540
-544
-558
-581
-595
-593
-585
-588
-609
-608
-571
-513
-464
-449
-438
-422
-397
-368
-343
-322
-312
-282
-232
-176
-149
-162
-169
-140
-77
-25
-7
7
40
94
137
157
165
177
200
208
224
249
265
273
262
254
262
276
284
286
286
306
336
380
435
474
524
562
613
665
703
724
724
729
720
702
657
594
515
428
348
273
216
156
102
56
22
-8
-45
-78
-105
-123
-138
-142
-147
-146
-161
-176
-190
-222
-263
-308
-336
-367
-395
-416
-425
-434
-450
-465
-476
-481
-500
-528
-548
-544
-524
-499
-488
-493
-482
-460
-445
-443
-445
-426
-383
-340
-305
-291
-282
-269
-253
-235
-221
-213
-187
-139
-74
-12
46
93
144
191
225
256
263
274
271
280
291
291
289
270
258
247
256
264
279
297
325
382
442
500
530
554
580
609
642
654
651
638
621
594
549
488
410
337
280
227
184
145
118
90
55
27
-1
-20
-48
-71
-91
-99
-112
-140
-166
-202
-227
-254
-284
-326
-373
-406
-433
-453
-476
-500
-508
-500
-478
-463
-460
-447
-431
-402
-387
-385
-395
-399
-386
-373
-348
-331
-306
-289
-285
-291
-304
-315
-325
-328
-317
-288
-250
-207
-162
-116
-65
-7
41
77
105
142
192
232
260
262
259
260
263
261
253
256
277
315
352
390
416
446
469
493
521
542
559
567
570
576
585
572
544
494
448
410
373
335
291
258
236
225
206
184
158
144
129
107
79
46
22
-2
-14
-40
-85
-137
-179
-208
-242
-286
-350
-402
-438
-461
-479
-492
-499
-497
-481
-452
-430
-429
-437
-437
-418
-400
-398
-395
-370
-331
-313
-310
-313
-309
-307
-318
-331
-336
-325
-316
-309
-298
-275
-247
-223
-190
-150
-95
-37
3
34
66
108
141
152
148
150
161
180
200
214
240
267
310
357
395
420
435
465
498
535
561
578
583
583
585
571
539
497
454
428
403
383
365
349
332
308
282
256
241
222
200
177
153
140
121
91
57
18
-9
-36
-62
-98
-137
-175
-217
-256
-297
-334
-378
-412
-432
-438
-447
-463
-480
-483
-464
-443
-427
-423
-419
-408
-386
-367
-354
-354
-363
-365
-361
-352
-353
-361
-362
-352
-337
-323
-311
-305
-292
-274
-239
-196
-156
-121
-88
-58
-23
18
58
84
97
113
135
160
187
209
230
257
302
343
373
388
385
403
433
467
485
495
509
515
517
497
474
445
423
403
391
392
382
363
345
326
312
291
263
236
214
209
203
191
173
149
122
90
53
6
-39
-73
-96
-118
-148
-178
-211
-241
-280
-320
-357
-380
-393
-401
-406
-412
-405
-400
-402
-408
-411
-399
-389
-375
-362
-349
-336
-326
-320
-322
-333
-340
-339
-336
-337
-337
-334
-332
-317
-298
-271
-237
-207
-172
-138
-96
-60
-23
10
39
65
92
122
149
179
200
220
248
279
308
322
337
351
371
399
419
434
438
442
438
440
435
429
422
418
421
415
406
392
368
347
327
312
299
281
259
233
211
194
174
147
116
92
76
64
39
3
-32
-62
-88
-111
-134
-164
-203
-244
-273
-294
-319
-346
-372
-389
-396
-393
-387
-380
-376
-371
-362
-348
-334
-324
-322
-323
-327
-328
-319
-319
-326
-340
-340
-332
-329
-332
-338
-325
-303
-268
-237
-206
-177
-144
-100
-59
-29
-11
3
32
60
78
85
93
122
163
203
232
258
288
323
354
379
396
403
414
422
431
436
430
418
410
412
417
416
406
392
383
374
358
332
308
288
272
252
229
204
183
166
146
133
117
104
87
73
60
48
28
1
-30
-63
-97
-139
-183
-228
-267
-302
-325
-346
-363
-375
-381
-380
-374
-363
-354
-343
-332
-318
-306
-300
-301
-314
-323
-327
-320
-312
-299
-290
-280
-276
-277
-270
-256
-238
-226
-211
-184
-149
-120
-108
-104
-96
-80
-62
-48
-26
2
30
58
87
126
159
178
186
195
224
262
290
304
320
343
361
371
373
375
381
387
390
398
404
398
383
367
352
333
313
292
271
254
236
211
185
160
141
125
115
102
87
77
71
64
55
44
26
8
-14
-40
-71
-101
-135
-171
-206
-234
-255
-275
-296
-317
-327
-325
-319
-316
-316
-314
-313
-304
-296
-289
-288
-289
-280
-266
-251
-244
-244
-246
-243
-236
-231
-225
-218
-209
-193
-171
-151
-139
-129
-117
-101
-77
-53
-29
-5
20
43
65
96
118
135
148
163
176
189
198
201
209
220
235
244
252
260
274
296
318
334
346
361
368
368
362
353
338
320
294
265
236
209
185
162
138
108
87
77
67
61
56
56
56
59
58
49
32
6
-18
-47
-72
-102
-136
-166
-192
-209
-229
-252
-276
-287
-291
-290
-290
-292
-289
-282
-271
-261
-252
-244
-235
-229
-228
-226
-224
-220
-221
-226
-231
-235
-232
-227
-224
-224
-211
-189
-167
-144
-126
-105
-79
-49
-24
-4
19
43
67
89
103
113
124
131
134
134
136
136
142
152
163
179
193
209
224
247
271
291
303
310
318
329
340
339
321
300
280
258
233
199
167
139
117
104
90
74
60
56
60
67
69
65
62
58
51
37
17
-8
-38
-65
-89
-109
-131
-156
-177
-195
-203
-212
-222
-232
-238
-235
-228
-217
-210
-206
-202
-194
-186
-187
-195
-207
-212
-211
-214
-223
-231
-234
-225
-215
-205
-196
-189
-173
-152
-134
-118
-98
-77
-53
-26
3
25
43
63
77
90
98
104
105
106
107
107
115
123
129
134
145
158
168
183
197
211
227
241
252
263
277
283
281
271
261
248
233
214
189
167
153
135
117
100
87
80
76
72
67
68
64
53
36
24
11
-6
-25
-40
-55
-69
-84
-100
-112
-122
-129
-134
-137
-145
-153
-164
-172
-178
-185
-187
-191
-193
-195
-200
-206
-213
-218
-221
-221
-221
-215
-204
-189
-178
-172
-167
-163
-153
-145
-138
-131
-121
-104
-84
-64
-44
-25
-5
14
31
48
67
84
93
101
107
114
120
122
122
122
126
138
150
165
173
174
176
185
193
196
196
197
204
216
221
219
212
207
199
192
187
179
170
162
154
140
126
112
94
78
66
52
38
25
18
6
-2
-5
-8
-9
-12
-17
-22
-23
-29
-42
-55
-67
-85
-108
-128
-147
-160
-170
-180
-187
-184
-184
-186
-188
-186
-181
-177
-174
-177
-178
-171
-163
-160
-160
-162
-165
-163
-158
-149
-145
-140
-131
-119
-100
-83
-69
-56
-40
-22
-5
11
25
37
53
69
80
91
99
110
115
119
121
122
122
121
115
111
113
117
119
126
136
142
154
168
176
180
182
180
176
173
166
151
140
130
116
101
87
70
54
44
37
30
25
22
19
20
25
26
27
28
26
22
19
11
-8
-30
-52
-72
-91
-107
-126
-140
-149
-151
-153
-153
-154
-154
-149
-146
-145
-144
-146
-152
-155
-153
-151
-148
-151
-157
-162
-161
-155
-151
-145
-138
-126
-114
-102
-91
-78
-61
-45
-27
-11
7
24
39
49
57
65
76
85
91
94
93
92
89
87
81
77
76
78
86
96
105
116
130
149
165
169
170
172
174
173
167
157
145
139
132
121
106
92
77
65
60
57
55
51
45
44
47
48
43
34
24
16
12
1
-13
-31
-45
-58
-69
-79
-87
-94
-97
-95
-92
-94
-99
-106
-113
-119
-123
-126
-128
-131
-138
-142
-141
-142
-147
-152
-155
-153
-151
-147
-143
-138
-130
-125
-118
-110
-101
-90
-76
-61
-49
-37
-24
-15
-8
-1
8
17
29
39
43
52
59
61
64
65
64
63
65
64
65
69
79
83
89
94
102
112
118
118
115
117
119
119
118
118
116
113
113
113
109
102
95
89
83
78
72
63
58
53
47
39
31
24
16
11
6
-2
-8
-12
-18
-26
-32
-41
-48
-50
-54
-61
-64
-66
-71
-77
-82
-88
-96
-101
-107
-113
-111
-108
-109
-107
-103
-99
-95
-90
-88
-86
-80
-77
-76
-75
-75
-76
-80
-81
-79
-80
-77
-71
-64
-53
-39
-26
-11
8
22
32
42
53
59
60
57
51
48
45
41
34
32
36
40
47
55
64
72
83
93
105
113
117
118
121
126
125
119
114
109
106
102
96
88
82
79
74
66
59
53
46
40
39
40
40
40
36
31
26
20
8
-3
-11
-21
-29
-37
-48
-60
-70
-79
-87
-93
-98
-104
-105
-104
-101
-100
-94
-88
-84
-79
-73
-70
-67
-67
-73
-76
-81
-87
-99
-108
-113
-115
-113
-108
-101
-93
-80
-66
-53
-38
-25
-15
-8
0
5
7
10
9
6
6
4
4
4
6
5
10
23
36
47
57
66
79
91
100
105
107
110
113
117
119
117
112
106
102
99
97
91
87
84
77
73
73
69
65
64
62
63
67
66
62
60
56
49
41
33
19
6
-1
-10
-21
-28
-36
-46
-55
-61
-70
-76
-79
-82
-83
-78
-73
-73
-71
-70
-72
-72
-72
-75
-79
-80
-83
-87
-93
-98
-102
-97
-92
-83
-76
-68
-58
-50
-42
-36
-34
-31
-25
-22
-26
-26
-28
-29
-25
-22
-21
-19
-13
-6
0
7
12
17
26
35
45
53
60
67
73
78
82
82
83
82
82
83
86
89
90
91
92
91
86
80
74
70
66
65
63
61
58
56
55
51
46
41
37
30
27
23
15
8
3
-4
-10
-15
-22
-26
-27
-32
-39
-46
-51
-56
-58
-59
-62
-62
-62
-61
-60
-62
-67
-72
-74
-77
-81
-82
-83
-83
-82
-78
-71
-65
-58
-52
-48
-44
-38
-37
-38
-39
-40
-42
-42
-38
-39
-37
-30
-21
-14
-6
-1
0
3
9
14
18
21
25
29
36
40
43
45
47
52
58
62
68
71
73
81
87
88
89
90
86
86
86
81
75
72
69
62
59
55
48
45
43
40
37
36
33
30
29
26
21
16
13
7
3
-1
-6
-11
-15
-21
-25
-28
-34
-41
-47
-53
-54
-56
-60
-63
-64
-67
-68
-68
-69
-67
-61
-59
-58
-54
-49
-48
-50
-52
-53
-57
-60
-64
-67
-67
-63
-62
-58
-50
-43
-35
-25
-17
-9
-2
2
3
5
4
3
3
2
1
3
5
8
10
14
19
24
31
37
43
48
57
62
67
72
75
74
78
77
73
71
66
57
54
52
46
43
43
40
40
41
40
39
41
41
39
37
34
29
24
18
11
5
2
-4
-10
-13
-17
-24
-28
-32
-39
-44
-46
-50
-52
-49
-48
-47
-43
-41
-40
-36
-36
-39
-39
-44
-50
-52
-55
-60
-61
-62
-63
-61
-58
-57
-55
-48
-43
-40
-33
-27
-25
-19
-11
-11
-10
-4
-5
-6
1
0
-2
1
2
0
6
11
13
17
23
29
37
41
42
46
51
54
57
58
58
55
52
48
45
40
38
36
34
34
35
39
40
41
42
46
48
46
46
45
43
41
38
30
27
21
14
9
2
-6
-11
-14
-21
-26
-28
-32
-35
-37
-38
-39
-40
-39
-38
-43
-42
-42
-45
-47
-49
-52
-54
-55
-56
-56
-55
-54
-49
-48
-44
-41
-43
-43
-39
-42
-44
-40
-40
-40
-34
-30
-30
-24
-19
-20
-18
-13
-13
-9
-6
-6
-3
1
3
4
9
15
16
22
28
31
33
39
40
38
41
43
41
40
42
38
37
39
37
35
35
33
33
35
37
38
40
41
44
44
43
41
37
32
29
25
20
17
13
10
8
7
5
3
-1
-3
-6
-12
-13
-18
-25
-29
-33
-36
-38
-41
-46
-45
-45
-48
-48
-45
-47
-44
-42
-43
-41
-40
-41
-39
-38
-40
-36
-36
-38
-37
-35
-34
-31
-27
-26
-21
-16
-13
-10
-8
-9
-10
-9
-9
-7
-8
-8
-7
-7
-3
2
2
6
11
13
18
24
27
29
32
33
34
34
34
34
33
33
32
31
32
30
28
29
30
29
31
34
34
35
38
34
30
27
23
16
15
11
7
4
3
0
1
0
-5
-8
-9
-9
-9
-9
-12
-16
-19
-20
-22
-24
-25
-29
-29
-28
-30
-33
-32
-38
-42
-40
-42
-42
-40
-39
-39
-36
-34
-33
-31
-31
-27
-24
-21
-18
-15
-13
-11
-8
-9
-9
-9
-9
-8
-7
-5
-5
-4
-2
0
2
6
11
15
22
26
28
31
32
32
32
31
30
29
31
29
29
31
30
30
34
37
36
38
41
42
44
45
45
44
39
39
38
32
28
25
18
14
13
10
7
6
7
5
6
3
3
1
-1
-2
-5
-8
-6
-9
-13
-13
-15
-20
-21
-23
-28
-31
-28
-31
-33
-32
-33
-32
-29
-28
-27
-23
-22
-22
-20
-21
-23
-24
-28
-29
-30
-29
-27
-26
-25
-21
-16
-12
-10
-7
-5
-4
-1
3
4
5
8
10
11
12
15
17
17
19
21
23
24
27
28
29
31
32
33
34
38
39
40
41
39
36
35
36
33
31
29
26
24
26
25
22
23
22
20
21
22
22
21
19
16
15
12
9
6
3
2
-2
-3
-5
-9
-12
-13
-17
-20
-19
-20
-20
-19
-19
-20
-21
-19
-18
-17
-17
-16
-15
-16
-15
-18
-21
-23
-27
-29
-28
-27
-26
-23
-20
-19
-15
-12
-9
-7
-4
-2
0
1
2
2
0
-1
-2
-3
-1
1
1
6
11
13
16
20
22
25
28
29
31
32
37
39
35
35
35
29
26
25
21
18
21
19
16
19
19
16
19
19
16
17
17
15
15
11
8
6
3
4
5
2
1
-2
-5
-9
-11
-14
-17
-19
-20
-21
-23
-22
-21
-22
-23
-23
-20
-20
-20
-17
-16
-18
-18
-19
-22
-22
-24
-26
-27
-28
-29
-30
-28
-28
-26
-23
-21
-19
-14
-12
-9
-7
-7
-6
-2
-4
-3
-1
-3
-4
-2
-1
-1
3
4
3
7
10
14
19
21
24
25
26
27
28
27
27
27
26
26
26
25
22
19
18
17
16
17
18
17
16
17
14
13
12
11
11
11
11
11
11
9
8
6
0
0
-1
-8
-10
-10
-15
-20
-19
-20
-24
-19
-16
-17
-16
-13
-14
-17
-16
-16
-20
-22
-20
-21
-23
-20
-20
-24
-24
-22
-25
-25
-23
-25
-24
-21
-19
-17
-15
-12
-10
-10
-7
-5
-5
-4
-4
-6
-7
-5
-7
-6
-5
-4
-1
3
3
6
12
13
14
19
18
20
25
27
26
27
25
23
22
20
20
19
20
18
20
20
20
18
17
15
14
13
13
12
12
13
11
9
9
7
5
5
3
2
3
-1
-3
-1
-3
-5
-4
-6
-7
-4
-5
-8
-7
-8
-12
-14
-14
-17
-17
-19
-20
-21
-21
-20
-22
-23
-21
-20
-20
-16
-15
-15
-13
-13
-13
-13
-11
-13
-11
-11
-10
-10
-8
-6
-8
-8
-10
-8
-8
-5
-2
-1
1
5
5
8
11
12
13
16
15
16
17
16
16
17
16
18
19
21
24
24
23
22
24
21
24
26
27
26
28
29
25
23
23
19
15
16
15
11
12
11
7
5
3
1
1
3
4
6
6
7
8
8
8
7
5
4
5
1
-2
-2
-6
-13
-14
-16
-19
-17
-14
-16
-16
-12
-13
-12
-12
-11
-12
-10
-9
-9
-7
-8
-8
-10
-12
-13
-13
-14
-11
-9
-10
-10
-8
-6
-5
-3
0
1
4
7
11
10
12
12
10
9
14
12
12
15
14
11
12
12
10
10
13
11
14
16
17
18
20
21
22
22
24
27
27
27
26
20
16
15
9
6
6
2
2
3
2
3
3
1
4
6
2
7
9
6
6
8
3
1
3
-3
-4
-5
-8
-11
-11
-16
-16
-16
-18
-17
-15
-13
-13
-8
-9
-10
-9
-10
-10
-10
-8
-10
-11
-11
-11
-14
-14
-13
-15
-15
-12
-10
-10
-7
-5
-7
-4
-3
-1
1
4
6
8
7
6
9
10
7
8
10
5
7
10
6
5
5
5
4
5
7
11
12
14
16
15
14
17
16
14
17
14
11
12
11
5
5
5
-1
1
3
2
2
2
1
0
-2
-3
0
-2
-2
-1
-1
-3
-1
-1
-5
-6
-9
-10
-10
-11
-12
-13
-16
-18
-18
-19
-16
-16
-16
-12
-12
-15
-14
-11
-17
-17
-15
-17
-17
-15
-14
-15
-12
-13
-14
-13
-13
-13
-14
-14
-14
-13
-12
-9
-7
-7
-5
-3
0
3
3
3
4
1
2
3
2
2
3
1
1
4
4
2
5
4
2
5
6
3
5
7
6
6
7
5
7
9
8
8
8
7
6
7
4
2
3
1
-1
-1
0
-3
-3
-3
-5
-7
-5
-7
-9
-9
-9
-10
-10
-8
-9
-9
-8
-9
-11
-10
-11
-15
-14
-14
-18
-18
-16
-17
-18
-18
-18
-16
-18
-17
-16
-15
-15
-15
-13
-14
-12
-12
-11
-11
-12
-11
-10
-11
-10
-10
-11
-11
-10
-8
-6
-7
-6
-4
-5
-4
-2
0
2
3
6
8
9
9
11
9
7
8
6
5
5
4
2
3
1
2
4
5
5
8
8
9
10
11
10
11
9
12
12
9
8
8
5
3
2
-2
-4
-5
-7
-7
-7
-9
-7
-4
-6
-3
0
-1
1
3
2
0
-1
-4
-7
-10
-12
-14
-15
-14
-17
-17
-15
-14
-14
-12
-12
-11
-10
-10
-8
-8
-8
-7
-3
-4
-2
1
0
-2
-1
-3
-8
-7
-9
-13
-11
-9
-9
-8
-3
-2
0
4
6
6
9
13
11
13
14
11
10
10
7
6
6
3
5
4
3
3
3
2
4
5
6
11
13
14
16
18
16
15
15
13
11
9
8
5
2
0
-2
-4
-4
-1
-2
1
4
5
5
7
7
5
5
4
2
3
2
2
0
-1
-4
-3
-5
-8
-6
-7
-9
-8
-7
-10
-7
-4
-5
-3
0
1
2
1
2
0
-1
0
-1
-2
-1
0
-3
-3
-3
-5
-5
-3
-3
-2
0
0
2
3
3
6
4
5
8
7
6
9
8
5
7
5
4
6
4
4
5
5
4
5
5
6
7
8
8
11
11
10
10
9
5
5
5
3
1
3
2
0
2
3
2
3
3
2
3
3
2
3
2
-1
0
0
0
-1
-2
-2
-3
-4
-4
-4
-5
-5
-5
-5
-6
-5
-5
-5
-7
-9
-9
-10
-11
-9
-8
-6
-5
-4
-5
-2
-4
-4
-4
-5
-7
-5
-3
-6
-4
-3
-4
-5
-3
-2
-3
-1
-1
-2
-1
1
-1
0
3
0
1
5
4
3
6
4
2
4
4
5
7
8
8
10
8
9
8
6
6
5
6
7
6
5
8
6
4
6
5
5
5
8
4
4
4
4
