3
2
2
2
1
1
2
2
4
1
3
-1
1
-2
2
8
9
8
7
7
2
4
7
5
3
0
5
4
1
0
-5
-7
-6
0
1
4
3
3
0
3
2
-5
1
0
2
3
0
-1
-1
1
0
2
1
-2
-3
1
-1
1
0
-1
3
-2
-4
-1
-5
-6
2
-2
-1
-4
-5
-3
-3
-1
-2
-7
-11
-6
-6
-7
-7
-5
-4
-4
1
0
-7
-3
-1
-4
-2
-6
1
0
0
2
0
0
0
0
-1
3
1
-3
-3
-3
0
3
6
6
7
2
0
1
1
1
1
0
-1
0
6
5
4
5
3
1
3
7
7
4
4
5
6
5
2
0
-4
-5
1
3
-1
-1
-4
-7
-6
-2
-2
1
1
1
-1
-1
2
0
2
5
0
1
7
9
8
4
4
2
0
2
9
8
4
6
7
0
5
2
-2
-5
1
-1
-6
-3
-7
-5
-12
-7
-2
-4
-5
-6
-1
-1
-3
-7
-8
-8
-7
-7
-7
-7
-8
-10
-6
-2
-2
-1
-2
-1
-3
-3
2
0
0
1
1
-3
1
-2
0
2
-1
-3
-4
-4
-6
0
-4
-4
-2
-5
-6
-3
-2
-2
1
3
4
5
7
4
6
3
5
7
5
7
5
9
10
8
1
0
2
5
6
10
6
3
1
1
2
-1
2
6
5
5
4
6
6
6
5
3
4
1
-2
-4
-2
2
1
-1
-1
-1
-2
0
-4
-4
-4
-3
3
-1
2
1
0
2
1
-2
-2
-3
0
1
-4
0
-3
-5
-4
-1
-1
-1
-2
-9
-3
-4
-3
-1
-7
-2
-3
0
0
-4
1
2
4
1
-1
-4
-4
-1
-4
-6
-3
-6
-4
0
-3
-10
-13
-8
-6
-1
-1
-2
-4
-1
0
2
6
1
4
1
0
-1
-3
-1
-1
-2
-2
-1
-2
0
2
2
1
0
3
5
6
1
-3
3
6
1
2
2
0
4
5
3
-1
0
-1
3
3
0
4
3
-1
2
-4
-5
-2
-3
3
-1
-2
-1
3
2
-3
0
3
1
3
0
5
4
-1
5
3
8
5
4
5
-2
0
0
-2
-1
-2
-2
-3
-1
0
-1
-1
0
-1
2
2
3
-2
-3
1
0
4
1
0
5
2
1
9
-1
-3
0
-11
-6
-5
-4
-3
-3
1
-2
-6
-8
-6
-2
-2
-2
0
1
1
1
-1
2
-1
-1
2
2
-1
0
0
-3
0
2
2
-3
-5
-1
1
0
-1
-4
-6
-5
-1
4
3
2
0
2
5
3
1
1
0
0
-1
1
-3
1
-4
-8
-2
-3
1
5
2
0
-2
1
3
-2
1
-4
-3
-1
-1
1
3
-2
2
7
1
1
-2
-2
-5
-7
-5
-5
0
0
1
7
5
2
1
1
8
5
5
6
3
4
7
8
3
0
2
2
1
-1
1
-1
-2
-1
-2
1
4
-2
4
7
-1
-2
-8
-2
-4
-5
-2
-7
-6
-2
-6
-2
-2
-3
3
-1
-1
-2
-1
-2
-3
3
1
1
-1
1
4
1
-1
0
0
-1
-1
-2
-1
-4
-4
-4
-2
-2
-2
5
3
4
3
2
0
-1
-2
-4
-3
-4
-4
-3
0
-2
1
-1
-7
-1
-5
-5
0
2
2
-1
-1
-4
1
2
0
0
-1
2
2
-1
5
1
-5
-1
-2
-1
1
-2
0
2
-1
1
4
3
-1
-3
1
-1
-3
0
0
-3
-1
3
-1
4
3
1
8
1
2
4
3
8
11
11
4
0
1
0
-1
1
0
-3
-4
-2
-3
-5
-5
-5
-2
-6
-1
4
0
-1
-2
-3
-6
-2
-5
-2
-4
-4
-5
-2
6
4
6
-2
-1
0
-1
-1
3
5
3
0
3
4
0
4
-1
4
4
3
5
5
4
11
5
4
7
5
7
4
7
2
-2
1
3
3
3
9
6
4
5
6
9
9
4
2
-6
-6
0
-8
-6
-3
0
-1
-6
-2
-5
-2
-8
-9
0
-7
-7
-9
-6
-2
-5
-4
-6
-3
-5
-7
-3
-1
-5
-7
-2
1
0
-2
-2
-5
-1
1
2
-3
-4
-1
2
8
3
3
3
-1
-1
3
-3
-2
2
-3
-2
-2
0
0
-2
0
-2
2
-2
-3
0
-3
-2
-3
-3
-1
-1
2
4
5
3
6
2
-2
3
1
-1
-1
4
1
2
5
5
2
4
7
4
5
8
11
6
8
6
2
5
3
4
2
-3
-3
-2
-5
-3
1
0
-1
-2
-1
1
3
0
0
3
2
9
4
3
4
2
3
5
3
6
10
3
4
7
10
-2
-1
7
2
0
5
4
-4
-4
3
5
-5
-6
6
2
-2
4
5
0
4
3
-2
-11
-11
-6
-16
-17
-13
-18
-24
-18
-11
-17
-20
-12
-12
-21
-17
-8
-10
-13
0
6
2
-2
5
4
-9
0
4
-8
-18
-11
-7
-16
-19
-7
-2
-12
-4
12
1
-4
6
12
5
3
18
12
7
15
19
11
5
12
8
0
-1
1
-2
-8
-4
5
7
7
18
18
13
17
20
12
7
12
10
6
9
14
14
15
19
22
22
16
14
12
2
-2
-5
-2
-6
-4
3
0
-1
1
5
1
-11
-12
-13
-15
-15
-11
-7
-12
-9
1
-7
-16
-6
-12
-14
-12
-12
-15
-13
-5
-3
1
4
5
-2
-1
3
0
-2
3
4
2
3
15
12
16
31
24
11
19
18
-11
-19
-12
-23
-44
-28
-7
-21
-13
22
20
-4
11
18
-25
-43
-21
-33
-67
-38
2
-17
-18
32
35
-17
-11
-3
-87
-113
-40
-38
-87
-13
77
3
-24
80
75
-58
-62
33
-24
-97
31
142
68
63
215
219
87
108
152
20
-82
4
29
-57
-5
124
100
43
116
131
-1
-57
-27
-98
-175
-100
-14
-31
19
143
155
110
141
143
30
-44
-46
-92
-146
-105
-52
-72
-57
-4
-20
-65
-54
-68
-137
-133
-78
-70
-52
39
86
47
38
38
-45
-148
-172
-203
-276
-261
-180
-138
-111
-16
43
33
39
61
27
-35
-31
-23
-57
-54
-3
7
-18
-7
1
-39
-73
-77
-87
-91
-68
-17
37
89
148
189
219
242
251
255
265
284
297
306
323
317
292
262
203
146
110
79
43
45
69
63
51
71
69
31
16
23
18
3
12
7
-44
-113
-211
-349
-493
-581
-637
-673
-605
-443
-274
-101
127
322
397
407
404
329
170
39
-51
-142
-211
-201
-155
-140
-126
-113
-156
-251
-319
-353
-386
-374
-251
-84
60
225
430
551
535
499
470
329
119
2
-64
-205
-330
-330
-367
-510
-565
-518
-560
-621
-502
-347
-297
-143
190
401
474
653
833
761
581
544
425
99
-123
-149
-222
-321
-208
13
113
212
426
551
531
539
569
480
369
376
378
317
320
406
417
352
350
333
191
-10
-181
-387
-664
-932
-1102
-1177
-1169
-1080
-854
-502
-150
152
439
697
795
711
586
434
192
-71
-253
-366
-458
-485
-460
-442
-415
-375
-419
-516
-529
-486
-507
-468
-230
57
237
425
721
892
825
721
652
447
128
-91
-223
-417
-598
-664
-753
-911
-961
-907
-920
-871
-561
-205
49
429
962
1258
1252
1266
1263
905
372
63
-183
-582
-834
-696
-482
-365
-72
361
616
731
899
997
908
813
802
733
646
707
785
729
664
677
585
362
175
30
-158
-366
-512
-613
-704
-828
-1028
-1200
-1238
-1237
-1248
-1094
-714
-348
-82
282
690
860
781
648
462
143
-212
-496
-690
-772
-765
-739
-641
-419
-252
-279
-336
-283
-281
-403
-409
-203
24
189
409
704
908
924
827
693
508
254
-16
-212
-333
-447
-580
-728
-905
-1066
-1172
-1290
-1313
-1042
-589
-233
173
847
1396
1484
1430
1468
1173
453
-94
-320
-674
-1057
-982
-610
-377
-108
417
813
904
1009
1165
1111
997
1084
1162
1095
1148
1324
1322
1202
1157
1047
732
416
215
-1
-191
-257
-275
-275
-222
-250
-408
-559
-786
-1284
-1811
-2005
-2051
-2154
-1948
-1306
-690
-254
353
1047
1346
1283
1174
943
479
49
-236
-516
-718
-729
-708
-695
-536
-374
-487
-746
-864
-933
-1067
-1045
-766
-414
-42
427
943
1379
1673
1735
1513
1164
771
209
-475
-1038
-1493
-1978
-2272
-2159
-1841
-1498
-1003
-351
190
615
1064
1350
1319
1170
1024
748
404
207
96
-103
-219
-125
-45
-34
92
282
321
353
605
856
927
1100
1442
1608
1544
1541
1562
1318
976
844
777
620
556
651
712
751
881
867
562
232
-44
-554
-1197
-1585
-1914
-2528
-3042
-2963
-2626
-2411
-1991
-1215
-509
-52
490
1131
1467
1445
1301
1103
840
606
362
4
-347
-601
-868
-1120
-1206
-1246
-1469
-1758
-1825
-1682
-1440
-1065
-539
56
682
1295
1785
2090
2137
1765
1043
306
-356
-1073
-1664
-1872
-1853
-1750
-1303
-523
110
470
834
1121
984
643
499
331
-76
-343
-229
-63
-8
154
385
437
395
448
485
466
555
763
946
1159
1470
1674
1657
1570
1494
1277
952
698
507
357
352
524
742
911
1032
1081
1026
903
715
464
207
-70
-431
-758
-946
-1264
-1953
-2675
-3026
-3205
-3420
-3288
-2575
-1756
-1161
-397
727
1667
1985
1946
1871
1640
1114
493
46
-279
-653
-1077
-1292
-1197
-1082
-1269
-1627
-1804
-1805
-1787
-1672
-1264
-660
-103
321
683
1087
1389
1283
815
442
307
44
-348
-385
-112
-76
-231
-74
257
242
3
-22
-6
-232
-363
-187
-18
0
168
480
632
687
851
997
990
1001
1102
1164
1207
1321
1365
1267
1236
1259
1121
943
990
1075
952
827
887
914
797
732
709
590
512
625
757
803
936
1097
919
406
-101
-624
-1581
-2937
-4091
-4733
-5033
-5057
-4513
-3296
-1869
-671
406
1595
2570
2795
2341
1802
1413
895
235
-143
-123
-117
-380
-622
-610
-678
-1200
-1984
-2593
-2890
-2940
-2729
-2164
-1249
-153
797
1432
1920
2342
2279
1494
649
239
-175
-856
-1130
-722
-400
-418
-105
555
744
434
325
343
-51
-535
-508
-270
-294
-233
247
740
875
921
1136
1266
1125
963
1015
1126
1116
1125
1312
1520
1577
1577
1636
1584
1321
1037
773
420
167
215
333
350
541
914
1048
1003
1233
1528
1360
1061
1159
1176
542
-302
-942
-1986
-3728
-5164
-5594
-5653
-5776
-5294
-3873
-2259
-953
453
2047
3117
3218
2808
2490
2148
1459
619
57
-187
-390
-591
-626
-613
-904
-1649
-2542
-3168
-3427
-3522
-3571
-3253
-2292
-1081
-89
904
2078
2783
2607
2295
2312
1986
1003
242
88
-210
-729
-645
-110
-97
-445
-312
38
-139
-426
-216
20
-128
-107
411
841
916
1031
1285
1393
1417
1502
1502
1369
1307
1319
1251
1227
1354
1436
1390
1365
1421
1387
1166
861
606
487
431
321
267
437
687
796
1003
1497
1898
1932
1892
1855
1278
-24
-1604
-3378
-5396
-6950
-7420
-7231
-6756
-5509
-3428
-1366
339
2056
3495
3835
3262
2672
2211
1494
691
243
114
140
271
412
392
20
-916
-2320
-3624
-4449
-4920
-5104
-4705
-3677
-2309
-714
961
2321
3177
3565
3340
2585
1896
1379
573
-313
-584
-367
-309
-208
320
650
280
-153
-215
-420
-843
-888
-603
-473
-237
479
1217
1556
1808
2093
2045
1752
1646
1582
1251
962
1025
1179
1305
1680
2147
2194
1944
1823
1663
1219
882
847
587
89
73
605
935
990
1375
1897
1924
1692
1660
1220
-444
-2837
-4951
-6551
-7683
-8046
-7507
-6296
-4571
-2481
-263
1900
3577
4086
3450
2612
2007
1147
77
-488
-562
-626
-414
362
927
638
-145
-1235
-2772
-4100
-4644
-4982
-5296
-4581
-2738
-1023
328
2054
3631
3873
3271
2958
2505
1254
1
-456
-617
-868
-678
47
578
659
669
595
209
-321
-741
-1003
-1097
-968
-610
-37
655
1165
1449
1778
2048
1905
1579
1527
1513
1245
1136
1469
1805
1929
2201
2550
2544
2310
2161
1883
1362
1046
1039
854
518
546
842
925
929
1180
1448
1451
1329
1199
865
-17
-1838
-4309
-6178
-6918
-7353
-7664
-6801
-4828
-3087
-1595
696
3121
3881
3139
2538
2288
1442
240
-354
-461
-657
-606
70
922
1288
824
-436
-1989
-3266
-4353
-5420
-5948
-5503
-4393
-2878
-930
1110
2733
3772
4109
3733
3106
2403
1200
-230
-889
-892
-1111
-1169
-330
570
521
237
470
398
-462
-1116
-1112
-1206
-1405
-916
29
598
974
1663
2273
2368
2276
2266
2088
1701
1434
1478
1684
1847
1985
2229
2540
2714
2622
2369
2123
1861
1431
960
796
838
755
740
1057
1427
1656
1915
2055
1798
1260
39
-2632
-5787
-7470
-7990
-8845
-9177
-7458
-4947
-3331
-1383
2040
4719
4592
3340
3120
2928
1467
-33
-418
-535
-909
-608
649
1850
2078
1108
-625
-2247
-3549
-5096
-6668
-7252
-6776
-5768
-3929
-1183
1356
3071
4376
5091
4802
4183
3581
2134
126
-798
-649
-815
-923
87
1081
801
392
744
553
-758
-1748
-1930
-2324
-2691
-1955
-687
-7
542
1694
2763
3080
3202
3479
3285
2495
1969
2057
2169
2029
2028
2325
2633
2729
2667
2638
2513
1935
1095
668
637
389
125
356
721
909
1389
2127
2374
1922
651
-1993
-5223
-7145
-7969
-9152
-9772
-8272
-5951
-4243
-1748
2173
4858
4699
3838
3874
3301
1396
-160
-751
-1453
-2114
-1471
264
1712
2156
1596
308
-1172
-2671
-4482
-6305
-7364
-7453
-6692
-4896
-2341
96
2130
3831
4779
4911
4739
3955
2131
383
-216
-438
-821
-400
780
1285
1173
1588
1875
804
-710
-1389
-1985
-3064
-3382
-2463
-1651
-1327
-312
1446
2620
2966
3340
3693
3431
2851
2604
2665
2642
2538
2662
2987
3315
3621
3778
3541
2968
2365
1737
955
287
38
-119
-451
-316
577
1340
1519
1500
458
-2475
-5309
-6348
-7335
-9203
-9549
-7778
-6359
-5134
-1688
2822
4758
4333
4592
5329
4263
2020
710
-67
-1535
-2679
-2030
-192
1065
1008
325
-191
-822
-2362
-4411
-5806
-6591
-7274
-6982
-5018
-2657
-898
1001
3093
4319
4780
4965
4099
2266
1218
1090
466
-147
500
1288
959
791
1593
1651
160
-1223
-1736
-2463
-3422
-3467
-2715
-2243
-1900
-787
879
2132
2750
3158
3389
3336
3337
3604
3863
3925
3946
3942
3983
4389
4833
4522
3668
3003
2291
1212
303
-195
-754
-1321
-1484
-1278
-683
21
-717
-3269
-5098
-5323
-6267
-8001
-7775
-6043
-5640
-5501
-2600
1627
3315
2923
3723
5321
4972
3174
2351
2117
654
-1250
-1550
-348
470
-81
-1120
-1491
-1671
-2928
-4721
-5476
-5629
-6477
-6980
-5419
-2928
-1383
-157
1782
3662
4648
4940
4688
3939
2923
1758
825
695
1019
875
400
548
1039
828
105
-479
-1241
-2461
-3399
-3515
-3190
-2852
-2385
-1569
-382
1056
2304
2965
3217
3422
3517
3392
3489
3987
4348
4338
4562
5296
5848
5653
4910
4131
3323
2102
752
-54
-398
-977
-1734
-1722
-1041
-1814
-4624
-6426
-6264
-7030
-8907
-8523
-6208
-5360
-5230
-2414
1933
3619
3003
3664
5193
4721
2945
2417
2613
1625
176
161
1398
2040
1311
40
-808
-1593
-3286
-5373
-6604
-7106
-7729
-8016
-6818
-4633
-2793
-1280
696
2784
4065
4505
4612
4580
4025
2997
2324
2226
2111
1770
1642
1812
1660
1006
347
-299
-1467
-2871
-3881
-4453
-4761
-4824
-4394
-3347
-1926
-484
825
2134
3358
4030
4158
4373
4747
4693
4319
4407
5058
5418
5433
5757
5967
5474
4730
4046
3005
1726
646
-528
-1804
-2384
-2965
-5441
-8097
-8203
-7933
-9508
-10008
-7793
-6147
-6144
-4274
115
2737
2347
2876
5213
5933
4675
4251
4630
3633
1883
1462
2223
2632
2084
906
-162
-837
-1995
-3953
-5673
-6772
-7981
-9065
-8736
-7082
-5470
-4094
-2235
77
2274
3823
4482
4910
5267
4609
3455
3508
4155
3459
2349
2795
3483
2608
1482
1280
499
-1647
-3437
-4049
-4690
-5691
-6079
-5789
-5055
-3600
-1969
-614
967
2587
3423
3873
4880
5863
5875
5664
6163
6678
6732
6796
6687
6234
5827
5190
3987
2986
2367
971
-917
-2211
-4348
-7768
-9739
-10028
-11117
-12108
-10807
-8767
-7820
-6158
-2195
1206
1772
2211
4302
5382
4439
4122
5066
4989
3787
3654
4842
5376
4669
3565
2385
1055
-796
-3207
-5271
-6600
-8029
-9520
-9611
-8263
-7093
-6241
-4492
-2272
-625
821
2219
3145
3551
3563
3377
3404
3879
4304
4180
4212
4780
4826
4121
3606
2946
1394
-634
-2309
-3541
-4843
-6040
-6561
-6410
-5809
-4846
-3602
-2042
-488
588
1453
2550
3597
4274
4722
5441
6394
7138
7704
8355
8834
8805
8328
7649
6796
5302
3341
1502
-1427
-5884
-8970
-10189
-12213
-14311
-13760
-12002
-11486
-10539
-6715
-2451
-1109
-734
1566
3815
3754
3339
4584
5693
5033
4529
5962
7780
7966
6998
6130
5337
3585
741
-1973
-3929
-6071
-8809
-10431
-9892
-8890
-8648
-7689
-5250
-3135
-2024
-843
704
1721
1781
1731
2322
3199
3898
4346
4918
5998
6785
6528
5968
5615
4716
2650
172
-1376
-2521
-4272
-5927
-6302
-5700
-5360
-5242
-4199
-2590
-1685
-1355
-627
655
1697
2011
2454
3813
5300
6136
6945
8284
9438
9794
9632
9542
9226
8084
6283
3464
-828
-4571
-7196
-10444
-13470
-14052
-13691
-14412
-14228
-10703
-6579
-5278
-4658
-1943
612
625
498
2503
4250
3798
3633
5853
8749
9849
9656
9770
9814
8256
5146
2219
142
-2730
-6711
-9351
-9547
-9365
-9933
-9359
-6955
-4988
-4245
-3307
-1766
-576
-682
-1208
-522
799
1560
2488
4404
6553
7612
7947
8644
8977
7858
5879
3727
1450
-994
-3144
-4632
-5577
-5918
-5790
-5529
-4725
-3356
-2406
-2171
-2015
-1505
-1019
-831
-299
967
2240
3346
4806
6763
8656
9908
10397
10545
10544
9766
8169
6657
4315
30
-3853
-5878
-8041
-10645
-11656
-11531
-12187
-12661
-10550
-7588
-6790
-6763
-5145
-3398
-2942
-2217
-124
1614
1969
2647
5021
7840
9409
9916
10250
10281
9180
7064
5055
3289
531
-3116
-5729
-6516
-7119
-8292
-8295
-6938
-6154
-5860
-4865
-3370
-2598
-2890
-2976
-2350
-1555
-385
1068
2631
4714
6526
7564
8617
9624
9610
7975
5613
3867
2023
-524
-2707
-3836
-4322
-4771
-4927
-4003
-2667
-2074
-2063
-2020
-1620
-1268
-1564
-1813
-1019
247
1227
2436
4686
7274
8802
9555
10594
11232
10650
8705
5170
1708
-842
-4385
-8156
-9520
-9422
-10327
-11554
-10091
-6760
-5677
-6428
-5365
-3429
-3901
-5547
-4677
-2454
-2311
-2700
-531
3129
5629
6910
8626
10359
10327
8595
6738
5551
3821
549
-2574
-3699
-4076
-5390
-6166
-4805
-3534
-4058
-4340
-3290
-2636
-3498
-4463
-4182
-3813
-3732
-2694
-550
1855
3744
5343
7128
8560
9246
9050
7751
6098
4403
2370
306
-1268
-1964
-2535
-3420
-3283
-2227
-1741
-1919
-1864
-1479
-1514
-1876
-1856
-1496
-1134
-598
406
1820
3459
5318
6873
7923
8933
9587
9295
7318
4112
1839
-478
-4289
-7008
-7569
-8272
-9740
-9738
-7319
-5308
-5225
-4880
-3426
-2817
-3949
-4869
-3989
-3289
-3917
-3572
-1022
2009
3794
5212
7443
9072
8678
7163
6180
5177
2569
-656
-2319
-2882
-3942
-4926
-4261
-2874
-2629
-2725
-2257
-2070
-2468
-3268
-3972
-4187
-4031
-3675
-2895
-941
1608
3360
4860
6645
7927
8265
7716
6958
6002
4112
2102
859
158
-392
-1117
-1273
-751
-665
-782
-708
-686
-944
-1705
-2294
-2182
-1908
-1699
-1026
439
2025
3350
4953
6470
7458
7861
6365
3977
2605
636
-2667
-4907
-5377
-6272
-8002
-7706
-5240
-3786
-4079
-3687
-2202
-2012
-3414
-3775
-2889
-3072
-4134
-3772
-1456
783
1994
3509
5446
6490
6080
5165
4671
3654
1442
-986
-2356
-2833
-3643
-4363
-3572
-2457
-2306
-2118
-1459
-989
-1317
-2201
-2671
-2763
-2694
-2413
-1828
-314
1492
2446
3464
5202
6305
6140
5442
4956
4375
3072
1621
959
925
559
-262
-59
1036
1085
290
300
595
33
-767
-1020
-860
-678
-728
-519
663
2264
3243
3707
4682
5942
5088
2398
1385
947
-1775
-4519
-4709
-4368
-5763
-6709
-4934
-2856
-2998
-3582
-2617
-1695
-2708
-4107
-3669
-2787
-3240
-3702
-2202
541
2155
2904
4430
6221
6393
4960
4111
3852
2321
-85
-1588
-2010
-2441
-3189
-3207
-2436
-1976
-2061
-2530
-2715
-2382
-2995
-4196
-4308
-3551
-3026
-2551
-892
1591
3009
3695
4998
6113
6059
5344
4619
3798
2652
1678
1065
787
1241
1599
1325
1563
2166
1829
868
350
-51
-1127
-2183
-2187
-1645
-1136
-270
900
2250
3768
4751
5109
5736
5580
2885
187
-628
-2250
-4946
-5650
-4685
-5040
-5962
-4444
-1888
-1431
-2157
-2022
-1859
-2991
-4607
-4769
-3978
-3886
-4073
-3039
-283
2300
3405
4565
6087
6241
4676
3264
3094
2402
231
-1228
-1143
-1194
-1599
-1251
-178
107
-639
-1405
-2109
-2666
-3282
-4417
-5145
-4775
-4079
-3434
-2012
527
2398
2670
3345
4710
4804
3817
3183
2889
1928
878
974
1549
1922
2373
2533
2552
2788
2556
1535
629
252
-578
-1789
-1863
-1040
-632
-280
756
2171
3265
4031
4572
5044
5234
3442
561
-434
-1261
-3740
-5364
-4777
-4514
-5805
-5779
-3358
-1860
-2469
-2754
-2131
-2251
-3676
-4537
-3816
-3150
-3396
-3273
-1313
1420
2749
3434
4756
5771
5055
3398
2765
2777
1594
-140
-758
-509
-641
-1216
-763
319
182
-923
-1772
-1969
-2300
-3332
-3891
-3452
-2940
-2602
-1756
80
1956
2307
2253
2986
3228
2572
2003
1809
1508
868
575
914
1572
2228
2177
1764
2003
2066
1215
743
997
819
-96
-563
137
884
1044
1411
2099
2791
3127
3108
3708
4104
2137
-218
-905
-2046
-3955
-4644
-4225
-4691
-5834
-5354
-3701
-3010
-2995
-2690
-2470
-2904
-3731
-3708
-2761
-2308
-2365
-1935
-352
1426
2310
3212
4420
4609
3511
2561
2537
2451
1494
517
315
80
-549
-610
-30
119
-374
-1171
-2061
-2328
-2345
-2875
-3069
-2376
-1705
-1471
-424
1595
2628
2374
2421
2788
2438
1738
1559
1558
1121
658
690
1010
1533
1726
1345
998
743
366
-119
-198
200
231
-19
195
1017
1747
2113
2524
3100
3473
3548
3627
4069
4351
2616
366
-290
-1464
-3549
-4417
-4032
-4613
-6240
-6336
-4819
-4190
-4606
-4460
-3896
-4021
-4945
-4813
-3173
-2155
-1976
-1340
483
2329
3048
3618
4586
4754
3483
2074
1790
2076
1571
685
881
1296
751
295
836
936
-78
-1308
-2418
-3141
-3437
-3635
-3532
-2599
-1355
-709
221
2176
3438
3051
2605
2655
2058
1030
782
1073
1040
837
1022
1499
2013
2163
1712
1118
562
-149
-910
-1039
-571
-303
-238
-17
802
1685
2067
2480
3070
3383
3393
3444
3985
4627
3325
1233
612
-461
-2421
-3382
-3201
-3807
-5451
-5976
-5059
-4501
-4743
-4843
-4681
-4727
-5555
-5926
-4623
-3382
-3104
-2636
-839
1163
2096
3009
4333
4838
3996
2952
2671
2857
2527
1821
1773
1796
1101
542
801
848
76
-1008
-2170
-2919
-3186
-3415
-3352
-2566
-1683
-1257
-449
1215
2552
2596
2425
2783
2596
1913
1916
2293
2249
1839
1584
1599
1640
1563
1209
721
402
59
-518
-611
-73
176
-42
-152
298
722
834
1264
1994
2506
2808
3254
4007
4747
3824
2018
1312
138
-1945
-2926
-2662
-3137
-4542
-4922
-4057
-3773
-4235
-4289
-4245
-4719
-5838
-6413
-5456
-4416
-4100
-3557
-1929
-149
700
1502
2854
3537
2928
2107
2011
2460
2605
2349
2458
2690
2077
1135
1186
1439
589
-732
-1730
-2524
-3181
-3348
-2910
-2216
-1609
-1194
-703
335
1389
1573
1543
1903
1897
1774
2302
2991
3542
3739
3359
2925
2767
2360
1481
822
603
-30
-767
-483
140
535
947
960
841
895
800
753
1209
1851
2097
2393
3214
3142
1936
1619
1144
-744
-1905
-1784
-2347
-3677
-4012
-3477
-3586
-4308
-4446
-4169
-4329
-5026
-5616
-4988
-3962
-3797
-3337
-1745
-307
47
179
956
1741
1474
793
964
1720
2109
2065
2502
3156
2713
1640
1152
967
236
-1053
-2238
-2749
-2972
-3218
-2966
-1864
-705
-422
-377
513
1257
903
695
1055
1104
1108
1711
2570
3304
3936
4041
3588
3327
3266
2400
1379
1250
816
73
100
640
1155
1492
1597
1346
1103
1226
1268
1244
1856
2281
2267
2435
1555
609
412
-698
-2238
-2591
-2102
-2582
-3475
-3020
-2156
-2739
-3751
-3897
-3876
-4416
-5508
-5576
-4222
-3172
-2841
-1805
423
1594
1258
1200
1647
1371
62
-873
-591
205
557
773
1731
2854
2503
1247
1108
936
-730
-2578
-3447
-3679
-3889
-3772
-2855
-1336
-27
362
655
1666
2008
1133
864
1263
1260
1432
2087
2814
3537
3760
3403
3118
3137
2728
1834
1400
1305
882
548
845
1289
1602
1773
1606
1559
1755
1986
2202
2526
3026
3549
3009
1053
-29
-501
-2169
-3797
-3532
-2733
-3518
-4191
-3143
-2003
-2442
-3569
-4039
-4196
-5009
-6270
-5845
-3905
-2774
-2440
-1070
1373
2706
2743
2711
2998
2451
709
-427
8
1093
1121
785
1701
2291
1151
134
69
-791
-2558
-4286
-5034
-4776
-4491
-4067
-3061
-1591
-798
-648
192
1347
1520
1278
1782
2492
3029
3718
4487
4985
4958
4324
3420
2810
2358
1747
1049
1019
1359
1131
1240
1881
2081
1764
1174
683
567
568
1138
2116
3018
3827
2843
1031
670
-200
-2168
-2771
-2148
-2638
-3893
-3835
-2550
-2221
-3047
-3562
-3862
-4488
-5699
-6089
-4580
-3030
-2912
-2466
-488
954
1238
1633
2469
2728
1727
787
1052
2186
2938
2788
2726
3083
2048
-57
-719
-892
-1923
-3580
-4802
-4761
-4600
-4863
-4511
-3069
-2164
-2721
-2793
-1136
-3
-89
812
2189
2832
3343
4442
5547
5982
5979
5208
4175
3836
3796
3051
2477
2813
2450
1331
934
1428
1400
629
126
157
441
610
1099
2051
2809
1402
-1210
-1923
-2126
-3121
-3229
-1787
-1208
-2312
-2989
-2219
-1503
-2302
-3363
-3841
-4069
-4750
-4841
-2671
-403
-51
-329
303
790
509
472
864
1168
686
38
361
1956
3220
2939
2571
2123
416
-1572
-1943
-1699
-2216
-2715
-3235
-3819
-3649
-3137
-3346
-3188
-2531
-3006
-3413
-1905
89
980
1808
2789
2997
3271
3966
4443
4967
5034
4312
3843
4170
4622
4624
4415
3947
2944
1866
1259
1040
1047
859
340
410
929
1352
1811
2300
1265
-2047
-4313
-4761
-5479
-5426
-3245
-1567
-2215
-3152
-2895
-2184
-2641
-3755
-4056
-3766
-3775
-3698
-1495
1845
2967
2112
1899
2285
1697
848
970
1849
1843
727
417
1554
2687
2258
1146
498
-957
-3344
-4368
-3473
-2749
-2641
-2969
-3744
-3917
-3838
-4223
-4170
-3004
-2370
-2481
-1190
1363
3124
3788
4435
4450
4066
4135
4356
4984
5627
5434
4550
4091
4110
3952
3508
2754
1947
1050
437
238
682
1428
1261
870
1032
1387
1613
2050
1051
-1989
-3910
-4669
-5516
-5169
-2639
-1167
-2633
-4300
-4332
-3925
-4517
-4942
-4299
-3311
-3432
-3616
-1109
2190
2774
1593
1636
2295
1828
1637
2931
4496
4382
2857
1715
2071
2523
1403
166
-341
-1754
-4241
-4928
-3507
-2821
-3448
-4545
-5738
-6653
-6827
-6281
-4929
-3053
-1907
-1336
84
2337
3801
4445
5053
5023
4851
5444
6404
7390
8145
7712
5984
4500
3777
3146
2549
2237
1624
476
-72
-43
-3
347
430
-292
-879
-523
322
1183
333
-2183
-3554
-4200
-5140
-4458
-1483
-18
-1896
-3990
-4064
-3741
-4502
-4718
-3521
-2349
-2838
-3173
-591
2584
2673
1024
823
1389
858
631
2443
4589
4401
2467
1328
1894
2290
1157
159
123
-1336
-4247
-4791
-3052
-2462
-3304
-4396
-5716
-6635
-6788
-6253
-4655
-2657
-1814
-1731
-544
1645
3103
3698
4370
4724
4963
5687
6753
8105
8795
7870
6111
4746
4008
3801
3632
3212
2726
1565
557
152
41
372
358
-338
-898
-598
-43
186
-1771
-4578
-5489
-6074
-6539
-4662
-838
381
-1859
-3786
-3657
-3573
-4518
-4224
-2220
-646
-1413
-1631
1340
3873
2810
973
1312
1775
886
793
2816
4579
3317
533
-556
181
356
-554
-483
14
-1722
-4382
-4445
-2943
-2845
-4188
-5630
-6284
-6335
-5927
-4452
-2101
-555
-681
-1096
-146
1766
3090
3779
4723
5472
5682
6019
6793
7691
7582
6034
4533
3979
3908
4075
4149
3789
2662
1039
74
-54
347
1016
1193
721
343
527
1049
-628
-4476
-6090
-6209
-7162
-6415
-2536
-95
-2062
-5217
-5895
-4937
-4992
-4838
-2555
346
157
-1757
-235
3224
3183
1118
1683
3502
3511
2949
4186
5914
4997
1337
-1499
-1158
196
-274
-699
390
-889
-5018
-6786
-5292
-4506
-5251
-5919
-6403
-6766
-6271
-5015
-3275
-1326
-611
-1029
-92
2561
4724
5759
6311
6502
6250
6055
6472
7587
8228
7069
5267
4425
3952
3400
3262
3077
1831
357
-100
-165
147
1025
1345
514
-235
-85
737
-41
-3654
-5740
-5447
-6173
-6418
-2860
268
-1868
-5969
-7135
-5897
-5292
-4845
-2518
617
695
-2152
-1984
1935
3038
823
1411
4257
4580
3403
4241
5950
5213
1768
-998
-470
1400
1208
-71
123
-1229
-5847
-8446
-6466
-4413
-4660
-5251
-5824
-6667
-7066
-6414
-4714
-2546
-1207
-1077
43
2952
5078
5655
6051
6271
6251
6653
7603
8914
9299
7690
5302
3920
3603
3584
3606
3720
3024
1243
12
-309
-108
192
318
239
-110
-344
502
505
-3600
-7083
-6468
-6105
-6321
-2813
1217
-625
-5877
-8217
-6802
-5253
-4380
-2221
996
1488
-1995
-3270
710
3073
837
895
4519
5634
3850
3756
5176
4394
910
-1542
-115
2890
3404
1411
585
-681
-6157
-10009
-6996
-3180
-3248
-4552
-5495
-6863
-8785
-9133
-5972
-2082
-891
-1058
344
2654
3602
3840
4422
5019
5773
6838
8288
10295
10788
8247
4967
3647
3980
4469
4900
5177
4475
1633
-1243
-1428
-196
409
914
1674
1381
285
-19
735
-2053
-7211
-7549
-5618
-5578
-3550
843
435
-5544
-10020
-8859
-5241
-3045
-1418
1009
1820
-2200
-6136
-2903
2554
2325
1030
4200
6648
4656
2724
3837
4816
2547
-579
175
3876
5068
1974
-725
-1382
-5099
-9745
-7457
-1680
-727
-4052
-7158
-8892
-10380
-10716
-7351
-2156
90
-1033
-1589
286
2324
3170
3911
5341
6936
7695
8330
9713
10223
8232
5029
3601
4912
6433
6530
5878
4684
1748
-1710
-1813
447
1631
2015
2013
409
-1178
-1391
-162
-681
-5566
-7753
-5521
-4990
-4889
-939
944
-4328
-10622
-10025
-4595
-1538
-1112
200
1366
-1767
-6571
-4300
3472
5386
1767
2228
5448
4401
1255
2123
4984
4081
71
-548
3177
5266
2263
-1620
-1884
-3094
-7590
-7506
-1603
626
-3712
-8379
-9427
-9045
-8800
-6422
-1740
652
-1361
-3818
-2377
1447
3315
3580
4921
6867
7121
6693
7936
9497
8604
5838
4439
5729
7096
6493
5061
3989
2352
-400
-678
2154
3623
2734
1652
320
-1085
-1299
368
1696
-3217
-8595
-7346
-5792
-6480
-3173
978
-2534
-10200
-11801
-6271
-1773
-1430
-1051
806
-431
-5624
-5547
2844
7222
2765
1030
5166
6164
2558
2072
5101
4956
362
-2085
1588
5313
2909
-2236
-2776
-2129
-6388
-8589
-2877
1098
-3391
-8790
-9491
-8456
-7917
-6315
-2485
710
-327
-3460
-2850
1634
4150
3553
4067
6282
6952
5961
6315
8308
8782
6198
4143
5573
7058
5658
3803
3258
2496
407
-522
1350
3182
2707
1397
953
689
294
597
2338
-592
-7319
-7703
-4727
-5209
-4188
-15
-1524
-8996
-12632
-8230
-2422
-1307
-2346
-1178
-634
-4974
-7557
-487
6898
3811
-38
4053
7200
3680
1597
4705
6446
3322
-59
2019
5857
4087
-2205
-3957
-1247
-3291
-7565
-4605
550
-2652
-9726
-11125
-8381
-7443
-7667
-4721
-210
-363
-4317
-4366
902
4502
4058
4613
7474
8317
6273
5768
8270
9648
7540
5284
5904
6930
5253
2902
2852
3408
1539
-740
226
2135
1357
-450
-19
910
412
-244
1662
2064
-5000
-9475
-5517
-3044
-4124
-1203
1057
-4651
-11891
-10930
-3952
-220
-1496
-2086
-570
-2503
-7310
-4793
4689
6558
805
1209
6188
5110
882
1955
5631
5271
1440
798
4450
5154
-395
-4727
-1955
-368
-4917
-6382
-1735
-1700
-8484
-11758
-8557
-5727
-6166
-5940
-2546
-483
-3072
-4873
-656
4587
4663
3391
5469
7951
7068
5663
7596
10182
9083
6048
5573
6857
5789
3275
2929
3912
2850
138
-564
990
1559
220
-54
1036
946
-656
-475
1697
-2866
-9811
-7541
-2991
-4018
-2999
651
-2608
-10438
-12152
-5793
45
-109
-2059
-1125
-1247
-5818
-6450
2477
7923
2576
-81
4895
6114
1690
1118
4926
5983
2385
-44
2576
4582
642
-4583
-3068
414
-2639
-6729
-4110
-1605
-6682
-11826
-9380
-4876
-5083
-6996
-4663
-904
-2106
-4751
-1513
4573
5465
2974
3953
7317
7403
5554
7002
10099
9803
6712
5439
6680
6715
4496
3339
4257
4085
1167
-920
415
1827
699
19
1428
1540
-394
-1219
1076
-1421
-8976
-8382
-2772
-3259
-4214
-660
-2024
-9692
-12747
-6400
497
487
-2535
-2190
-1462
-5036
-6642
1211
8298
3630
-1279
3152
6563
2853
985
4677
6691
3321
-213
1879
4918
1901
-3878
-3318
1082
-1511
-7184
-5509
-1950
-5914
-11106
-9011
-4678
-5322
-8028
-6660
-2636
-2455
-4544
-2058
3463
4736
2473
3159
6712
7974
6538
7030
9811
10159
7219
5629
7058
7466
5146
3638
4536
4492
1779
-576
345
1964
974
-338
841
1175
-895
-1959
673
1479
-6318
-10600
-5004
-2606
-5273
-2417
367
-5628
-12669
-10042
-1664
1667
-1519
-3334
-1227
-2360
-6613
-2952
7151
7223
-487
354
6527
5489
1382
2878
6241
4896
528
75
3808
4008
-1594
-4682
-395
1125
-5434
-8235
-3389
-3389
-9478
-9894
-4865
-4236
-8012
-8816
-4674
-1458
-2749
-2804
1867
4675
2245
1448
5286
8082
6991
6162
8216
9785
8031
5803
6315
7551
5981
3677
4300
5268
3013
-8
-162
1588
1738
591
1259
1896
-197
-1817
-241
2812
-932
-9173
-8098
-3083
-5052
-5401
-90
-1467
-10142
-13201
-6280
601
16
-3313
-2319
-1035
-5081
-6827
2040
9079
3051
-1625
4100
7241
2921
1591
5313
6598
2952
-15
2390
5166
1737
-3908
-2806
1530
-1796
-7936
-5919
-2071
-5973
-10326
-7248
-3399
-5962
-9843
-7376
-2094
-2075
-4027
-602
3809
2722
568
3107
7124
7648
6071
7060
9515
8768
6163
5975
7255
6518
4448
4175
5308
4429
1390
-378
702
1893
871
705
1969
819
-1812
-1762
1513
3516
-3297
-10246
-6124
-2774
-6259
-3870
2278
-2182
-12216
-12471
-3413
1600
-1495
-4126
-1398
-1314
-7084
-6317
5057
8771
-2
-2177
5307
6691
1419
1289
5889
6288
1424
-513
3811
5984
419
-4544
-1163
2522
-2472
-8138
-4990
-1389
-6478
-10531
-6067
-2570
-7100
-11288
-6807
-477
-1746
-4454
-245
4028
1440
-680
4092
8810
7427
5226
7605
9966
8132
5895
6469
7491
6176
4390
4855
5623
3583
458
-758
681
2014
905
619
1308
-417
-2458
-1025
2381
3374
-4017
-10338
-6105
-3109
-5769
-2547
2756
-2970
-12577
-11538
-2249
1599
-1849
-3643
-1076
-1844
-6975
-5173
5580
7896
-854
-1840
5800
6195
721
1273
5982
5817
1127
200
4575
5285
-884
-4693
-648
2350
-2996
-7395
-3834
-2341
-7809
-9783
-5571
-3347
-6704
-9471
-5861
-757
-1756
-3820
-49
3943
2210
456
4168
8287
7556
5581
7511
9917
8353
5491
5721
7291
6054
4162
4912
5231
2649
176
-355
1108
1962
1138
646
282
-1096
-1741
-229
2774
1671
-7376
-10075
-4322
-3864
-5473
-227
1169
-7433
-13620
-8366
212
865
-3555
-3585
-556
-3558
-7800
-997
8734
4520
-3141
1345
7292
3787
94
3328
6806
4368
94
1434
5551
3289
-3228
-3565
1964
1371
-5936
-7068
-2370
-3893
-9043
-7745
-3637
-4603
-8947
-8955
-3263
16
-2431
-2708
1621
3034
395
1239
6224
8611
6728
5738
8213
9533
7107
5158
6656
7555
5364
4067
5008
4551
1821
-256
44
2042
1963
249
106
-30
-1667
-1471
994
3325
507
-8397
-9900
-4129
-3317
-3996
915
1006
-8016
-13472
-7346
963
863
-3317
-2759
-497
-4426
-7743
-124
8388
3328
-3134
1878
6751
2691
-403
3295
6491
3779
-33
1862
5166
1933
-4095
-3141
2440
1421
-5380
-6809
-2912
-4247
-8849
-7243
-2577
-3915
-9291
-9257
-2735
559
-2505
-2854
1980
3179
-261
985
7295
9370
5808
5348
9184
9539
6153
5065
7097
7437
5048
4151
5446
4371
902
-734
331
2280
1448
-596
-596
-393
-1792
-1218
1622
3480
-1462
-10269
-8907
-2570
-2970
-3136
1621
-647
-10181
-13135
-5020
2238
305
-3768
-2308
-867
-5514
-6906
2141
8142
1293
-2834
3529
6281
1300
-147
4205
6353
3353
470
2686
4763
297
-4579
-1456
3629
625
-6301
-6668
-2905
-5505
-9384
-5579
-1282
-5376
-10805
-8071
-1487
-656
-3431
-1265
2986
1733
-1135
2460
8362
8324
5217
6669
9857
8451
5424
5867
7763
6959
4680
4398
5275
3636
454
-622
934
2414
815
-786
-313
-647
-2210
-1124
1689
3014
-1469
-9748
-9024
-3001
-2695
-3150
1429
47
-9142
-12796
-5611
1639
725
-2854
-2023
-478
-4775
-7064
1064
8011
2461
-2223
2891
5911
1337
-670
3523
6331
3755
606
2136
3952
162
-4337
-1721
3452
1293
-5822
-7277
-3955
-5458
-8361
-4917
-1028
-4616
-10142
-8799
-2462
35
-1991
-940
2646
1763
-1188
1806
7973
8762
5652
6265
9134
8013
5239
5695
7670
7108
4884
4514
5437
3710
587
-191
1514
2446
689
-566
-81
-668
-2076
-665
1860
2118
-4697
-10906
-6599
-2024
-3977
-2337
1919
-3375
-11977
-10711
-1870
1960
-1364
-3397
-949
-1534
-6577
-4773
5099
6991
-785
-1134
5390
4630
-629
659
5449
5748
2046
687
3437
3217
-2113
-4152
887
3747
-1789
-7400
-5406
-3481
-7251
-7780
-2878
-1890
-7106
-10323
-6510
-1095
-1272
-2943
271
3146
292
-1290
4020
8685
7228
5388
7622
9294
6906
4830
6700
8702
6839
4480
5014
5270
2446
239
956
2343
1856
65
-831
-320
-872
-1793
-266
2527
766
-8111
-10643
-4164
-2355
-4467
-460
1216
-6880
-12981
-8265
428
1880
-2470
-3134
-189
-2889
-7567
-1594
7995
4907
-2313
1299
6389
2817
-580
2879
6637
5214
1318
1152
3913
2090
-3262
-2952
2732
2403
-4886
-7746
-4334
-4493
-8101
-6881
-3132
-3807
-8561
-9900
-4538
-156
-2534
-3596
1349
3467
-29
289
6217
8699
6215
5740
9111
9950
6295
4674
7582
8620
5840
4582
5486
4285
1219
233
1491
2387
1121
-674
-866
-308
-1162
-1310
473
2164
-1948
-9885
-8586
-2503
-3069
-4032
538
-958
-9608
-12203
-5076
1596
145
-3416
-2184
-480
-4699
-6447
2089
8095
1865
-2092
3537
5679
1152
361
4651
6479
3742
888
2104
3749
426
-3530
-874
3441
257
-6228
-7212
-4618
-5645
-7818
-5549
-2292
-4645
-10373
-9857
-2956
-82
-2825
-1798
2691
2042
-1513
1146
7804
8951
5619
6008
9521
8578
4854
5605
8679
7754
4957
4804
5433
3535
905
635
1945
2346
922
-570
-854
-821
-1267
-549
1577
2225
-4425
-11154
-7086
-2179
-3617
-2310
1412
-3628
-12010
-11149
-2433
2254
-826
-3257
-1268
-1702
-6415
-4502
5178
7127
-220
-763
5096
4472
96
1471
5851
6247
2876
1148
3062
3172
-1202
-3053
1402
3875
-1633
-7588
-6164
-3769
-6556
-7447
-3427
-2256
-7073
-11114
-7558
-1246
-1413
-3863
-272
3180
-14
-1845
3376
8005
6760
5370
7807
9630
7008
4366
6233
8522
6887
5150
5950
5235
2083
705
1126
1976
2202
845
-617
-918
-1330
-1632
-146
1991
1414
-6309
-10760
-5315
-2375
-4260
-1069
1534
-5908
-12920
-9151
-643
1521
-1876
-2785
-1051
-3055
-6972
-2560
6574
5373
-1744
352
5575
3116
-70
2850
6409
5329
1920
1601
3960
2489
-1954
-1815
2835
3129
-2967
-6948
-5212
-4570
-7154
-6268
-2665
-2686
-7838
-11333
-7099
-1253
-1872
-3265
833
2859
-1128
-2201
3945
8735
7145
5586
8256
9517
5899
3887
7234
9296
6581
5002
6012
4557
1324
594
1437
2207
2000
470
-758
-1310
-1805
-1521
84
2055
1708
-5383
-10620
-6159
-2259
-3342
-1101
1733
-4782
-12690
-10168
-1397
1915
-1158
-2628
-1205
-2991
-7073
-3184
5941
5851
-1020
-344
4609
3264
-17
2324
6224
5472
1931
1301
3683
2627
-1576
-1769
2460
3171
-2389
-6904
-5581
-3939
-6361
-6291
-2353
-2327
-8268
-11419
-6247
-714
-1900
-3139
875
2137
-1757
-1816
4548
8648
6500
5263
8324
8874
5099
4470
7747
8553
6107
5154
5740
4171
1446
919
1740
2216
2068
378
-1018
-1162
-1488
-1546
72
2375
1827
-4827
-10101
-6216
-2271
-3310
-1355
1872
-3969
-12328
-10721
-2122
1879
-965
-2701
-1396
-3029
-7163
-3980
5094
6213
-561
-1220
3884
3483
6
1818
6101
5709
1780
860
3576
3175
-1075
-1775
2093
3224
-1817
-6208
-5203
-4005
-6042
-5664
-2320
-2614
-7057
-10251
-7556
-2209
-967
-2374
-385
1626
-999
-2348
2637
8222
7745
5227
6549
8262
5824
3922
6892
9409
6926
4242
4880
4468
1725
701
1975
2518
1769
248
-961
-1604
-2389
-1861
-44
1515
2026
577
-5740
-10179
-5676
-827
-1347
-15
1670
-5383
-13030
-9394
-269
2747
-60
-2054
-2448
-4872
-7016
-2130
5996
5787
-948
-1609
2852
2392
-212
2671
6371
4609
1091
1057
2976
1813
-1419
-1095
2757
3088
-2455
-6654
-5474
-3971
-4971
-3733
-1396
-3439
-8478
-10431
-6147
-614
113
-1349
-447
-162
-2065
-765
5231
9045
7092
5291
6544
6661
5416
6153
8233
8131
5386
3928
4490
3239
1234
1579
2217
1322
383
-410
-1685
-2563
-2409
-1142
268
1102
1221
411
-4046
-8722
-5476
211
49
-752
842
-3777
-10934
-9246
-1026
3630
1004
-3196
-3925
-3852
-5580
-3178
4453
6240
-666
-3497
1276
2809
308
1841
5216
4598
1487
-32
1386
1951
-364
-1163
1864
3145
-1560
-6834
-6028
-2801
-3273
-3952
-2434
-3005
-7198
-9532
-5652
-74
256
-2225
-1656
-105
-440
334
4557
7746
6546
4625
5384
6805
6904
6502
6419
6192
5057
4216
4133
3333
1995
1199
470
128
564
79
-1567
-2574
-2286
-1437
-567
279
1064
1404
-495
-5652
-6702
-1124
813
-1266
368
835
-5975
-10142
-4690
2459
2201
-2601
-3451
-1936
-4072
-5990
-504
5852
2312
-4203
-1551
3680
1679
-939
2567
5643
2709
-1194
32
3208
1584
-1830
-199
3296
762
-5292
-5818
-1937
-1762
-4300
-3428
-1909
-4390
-7829
-6600
-1609
246
-2279
-2668
325
1269
102
1847
5877
6395
4133
4626
7259
7545
5554
4384
5291
5853
4500
3851
4008
2306
-114
-748
170
940
130
-1508
-2425
-2442
-2151
-1475
-233
928
1505
1632
92
-4515
-5484
-928
651
-72
2140
1360
-5946
-9452
-4293
1959
2069
-1303
-2485
-2746
-5469
-6396
-207
5450
1408
-4150
-1000
2596
-143
-1193
2842
4387
1291
-748
957
2524
227
-2263
-267
3302
1758
-3419
-4946
-2635
-2528
-4281
-2367
240
-2553
-7615
-7261
-2374
64
-821
-393
1440
748
-894
1028
5364
6785
5465
5436
6365
5507
4003
4339
5592
5581
4382
3455
2269
254
-879
-262
376
260
-445
-1843
-3171
-3341
-2147
-551
825
1632
1869
1808
883
-2835
-4931
-572
2983
1582
1369
1530
-4219
-9201
-5068
2464
3704
-855
-4063
-4238
-5137
-6057
-1676
4503
2546
-4371
-4209
473
228
-1616
1199
4224
2268
-1245
-1129
1180
729
-985
777
4189
2609
-3204
-5591
-2934
-950
-1433
-673
-130
-3117
-7155
-6934
-2066
1779
817
-1254
-377
317
-679
696
4887
6745
5007
3746
4680
5232
3830
3034
4528
5560
4075
2233
1417
188
-1336
-913
616
736
-471
-2070
-3338
-3177
-1221
541
1210
1683
1783
1120
1628
2177
-1085
-2354
1617
2833
481
1055
913
-4166
-6918
-2834
2287
1674
-2837
-4993
-4124
-4593
-5251
-925
3577
-421
-6441
-4099
674
112
-715
1991
2792
-485
-2489
-119
2764
2287
503
1106
2700
825
-3332
-3490
50
593
-1594
-1288
-649
-3428
-5982
-3952
398
1606
-779
-1935
-251
411
-107
2023
5302
5183
2756
2365
3902
4027
2912
3510
4734
3715
1534
635
498
4
-74
554
526
-764
-2123
-2688
-1903
-437
467
834
606
521
1048
2338
4572
4669
-259
-3244
305
2203
693
1963
2694
-2932
-7712
-4615
1045
1231
-3182
-5281
-3696
-4182
-6578
-3390
1934
-844
-6686
-4061
1573
495
-2324
-281
2233
1027
-436
1170
3420
2190
-557
280
3723
3375
-1073
-2800
-604
107
-1276
-602
500
-1545
-4634
-4530
-1325
873
-197
-1567
-495
532
-71
501
3066
4113
2636
1871
3090
3771
2976
2266
2529
2778
1911
1071
1230
1073
59
-728
-692
-264
-241
-655
-655
-443
-398
91
859
1704
2820
3651
4247
4732
3024
-1085
-1933
1586
3040
2026
2378
712
-5292
-7955
-3677
881
-148
-3946
-5249
-5488
-7521
-7366
-2129
1035
-2858
-6374
-3536
-431
-1448
-1296
2053
3094
716
-448
1520
3278
2188
1303
3262
4620
1819
-1796
-1435
1167
1372
-136
89
-149
-3290
-5511
-3214
358
370
-1692
-1776
-655
-1137
-1747
301
3199
3099
1207
1504
2825
1910
743
2013
3749
3094
1272
1053
1356
282
-665
103
1165
992
-9
-559
-214
202
336
1080
2585
3382
2835
2891
4396
5222
3158
-862
-1090
2239
2304
559
1878
803
-5805
-8425
-3465
661
-1672
-5653
-5965
-5383
-7206
-7338
-2455
528
-3765
-7088
-2564
1483
-658
-1653
1565
2876
925
444
2932
4483
2408
633
2935
5435
3141
-746
-802
1177
776
-627
9
176
-2752
-5636
-3923
-1
172
-2347
-2618
-1507
-1989
-1958
613
3006
2044
-4
636
2318
2155
1754
2786
3287
2041
1087
1748
1977
804
180
803
1335
1091
451
232
375
89
383
1933
3135
2786
2418
3020
3823
4492
4228
1387
-1514
-136
1397
387
915
1281
-3310
-7933
-6308
-2126
-1466
-4321
-5962
-5400
-6227
-7917
-5425
-485
-1058
-5482
-4169
750
580
-1568
671
3685
2668
786
2142
4799
4411
1969
2166
4675
4513
660
-1145
1032
1763
-584
-1395
-327
-1618
-4771
-5171
-1978
-110
-2277
-4189
-2763
-1412
-2060
-1370
1462
2136
-71
-418
1913
3040
2162
1729
2472
2685
1754
1645
2708
2305
714
517
1326
1559
1231
775
661
804
858
1327
2246
2599
2091
2167
3397
4488
4762
4210
999
-2682
-1446
1687
1742
1073
400
-3838
-8701
-7779
-2596
-233
-3022
-6418
-7080
-7031
-7576
-5298
-307
209
-4362
-4938
-621
763
-538
931
3636
3538
2098
2366
4010
4016
2139
2194
4746
5114
1411
-1582
-937
331
-83
-157
392
-1583
-5329
-6302
-3176
-103
-559
-2680
-3183
-2840
-2992
-1495
1629
2626
780
-266
812
1858
2026
2254
2687
2819
2355
1862
2075
2035
1201
1116
1930
2139
1789
1079
281
291
1000
2039
2887
2628
1575
1375
2319
3505
4733
5277
2227
-2867
-2702
1145
1719
742
981
-2017
-7762
-8656
-3935
-301
-1994
-5539
-6352
-5848
-6829
-6194
-1352
1072
-3020
-5260
-1171
1361
-412
108
3279
3769
1957
1587
3327
4151
2533
1581
3524
4643
1557
-1783
-1160
845
431
-587
-244
-1385
-4563
-5742
-3170
-380
-798
-2858
-3592
-3130
-2642
-1450
598
1805
1176
-253
-149
1488
2500
2578
2708
2894
2546
1989
1890
2375
2604
2122
1630
1438
1349
944
471
884
1650
1619
1047
903
1331
1569
2038
3157
4008
4067
3380
634
-2630
-1337
1611
1036
223
753
-2697
-8192
-7556
-2378
-270
-2808
-5219
-5237
-5692
-7208
-5392
-39
1100
-3503
-4584
-381
663
-1364
493
4208
3840
1218
933
2979
3349
1507
1873
4616
4582
553
-2286
-959
1114
513
-50
916
-671
-4969
-6432
-3038
346
-399
-2555
-2429
-2251
-3430
-2555
964
2765
925
-857
263
1747
1516
1864
3203
3217
1909
1510
2424
2402
1223
1068
1722
1604
1368
1421
866
178
209
819
1609
1942
1728
1476
1372
1947
3171
4185
4692
3717
-40
-2739
-569
1623
785
762
552
-4215
-8358
-5853
-1319
-904
-3628
-5265
-5289
-6178
-7023
-3857
535
-984
-5173
-3600
455
4
-1194
1428
3540
2123
757
1986
3653
2881
1340
2535
4914
3690
-355
-1558
515
1166
35
481
618
-2288
-5059
-4283
-1233
241
-1167
-2637
-2362
-2488
-3042
-1372
1219
1447
-110
-535
326
915
1315
1851
2273
2256
1520
984
1565
1985
1627
1604
1680
1448
1094
303
198
1136
1544
1493
1681
1591
973
741
1600
2863
3253
3096
3250
3483
3356
996
-1889
-504
1732
273
-412
761
-2315
-7290
-6561
-1988
-754
-3673
-5616
-4945
-5040
-6461
-5057
-676
-160
-4368
-4517
116
940
-1284
236
3049
2617
1147
1526
3215
3449
1705
1592
3932
4277
1019
-1371
-214
1227
482
256
1232
-185
-3268
-3993
-1754
252
-691
-2626
-2440
-1645
-2444
-2367
-287
544
-963
-1558
271
1483
664
103
867
1494
1348
1651
2704
2628
1155
590
1253
1697
1740
1679
1324
747
210
341
1307
1977
1827
1471
1358
1313
1375
1967
3102
3788
3567
3492
3003
-142
-2703
-343
1996
696
103
-95
-4069
-7616
-5591
-1507
-759
-3391
-5371
-5409
-5979
-6657
-3938
227
-600
-4461
-3726
-308
-330
-950
1591
3516
2268
574
1093
2905
3133
2309
3177
4642
3306
-58
-936
1396
2699
1480
846
778
-1177
-3504
-3215
-859
-138
-1982
-3383
-2897
-2548
-3392
-3031
-788
31
-1300
-1375
-50
75
-183
879
2375
2710
1833
1407
1781
1736
1784
2606
2782
1654
725
591
539
617
1141
1393
657
37
390
761
874
1332
1802
1738
1528
1654
2299
2903
3036
3320
2702
-335
-1895
522
1781
489
748
269
-4262
-6794
-3646
-533
-1577
-4044
-4857
-5056
-6131
-6031
-2558
220
-2213
-5086
-2802
-50
-1172
-1168
2040
3182
1264
434
2006
3376
2680
2145
3991
5420
3048
-507
-680
1568
1993
1012
1461
1049
-2449
-5095
-3336
56
455
-2033
-3414
-3045
-3298
-3340
-1251
1135
678
-1695
-1965
274
1222
536
1188
2630
2070
500
917
2372
2094
939
1143
1776
1217
8
-302
304
262
-274
26
674
380
-281
36
1156
1791
1736
1997
2496
2223
1814
2634
3883
4219
4160
3149
-110
-1661
620
1756
942
1385
-3
-4928
-6882
-3835
-963
-1435
-3771
-5085
-5281
-6194
-6233
-2705
74
-2622
-5496
-2794
172
-1054
-1153
1682
2330
497
286
2076
3297
2511
1571
2896
4378
2674
41
356
2148
1863
622
1185
1146
-1609
-3443
-1739
565
429
-1314
-2319
-2254
-2639
-2852
-1035
1092
233
-2124
-1923
-239
-157
-193
1143
1530
43
-927
55
1282
860
209
658
439
-723
-699
279
519
183
96
154
152
386
825
1354
1910
1859
1487
1894
2699
3083
3369
3444
3158
3044
3062
3492
4355
4612
3119
150
-1236
194
1063
509
601
-688
-4758
-6838
-4512
-1734
-2137
-4472
-5510
-5682
-6685
-6552
-3465
-994
-2734
-4954
-3097
-680
-1479
-1499
1385
2846
1677
1163
2359
3212
2541
2323
4276
5726
3798
914
782
2439
2634
1906
2256
1675
-1227
-2983
-1490
429
5
-1789
-2500
-2297
-2971
-3542
-2288
-1108
-1981
-2929
-2002
-1087
-1775
-2157
-1106
-213
-350
-378
357
714
26
0
1195
1686
1248
1145
1197
887
792
1186
1670
1746
1259
805
1060
1603
1620
1727
2441
2541
1898
1950
2473
2499
2460
2787
3197
3326
2901
2435
2707
1992
-751
-1654
441
767
-1015
-1104
-1785
-5231
-6513
-3676
-1541
-2755
-4939
-5698
-5376
-5229
-4395
-1717
-349
-2984
-5006
-2304
606
186
257
2168
2220
528
851
3043
3829
2709
2326
3696
4308
2410
510
1234
2593
2144
1603
2131
1000
-2115
-3071
-683
1110
-84
-2052
-2825
-3282
-3699
-2612
-468
-478
-2972
-4329
-3240
-1925
-1276
-520
-382
-1227
-1842
-1241
340
1522
1372
860
1002
1176
1187
1603
2129
2063
1691
1732
1966
1735
1287
1082
1174
1424
1380
1074
872
639
597
1204
1691
1467
1122
1018
1311
1828
2251
2407
2326
2292
2573
3136
2947
1081
-850
-275
1061
663
196
-290
-3090
-5760
-4432
-1557
-1466
-3817
-5524
-5733
-5879
-5470
-3057
-953
-2471
-5165
-4127
-799
161
-136
1343
2413
1070
456
2492
4421
3993
2987
3784
4705
3279
1265
1571
2973
2723
1441
1018
494
-1724
-3330
-1916
-45
-954
-3259
-4070
-3802
-3926
-3499
-1854
-981
-2269
-3839
-3456
-1763
-944
-818
146
662
-421
-950
402
1706
1857
1937
2174
1794
1147
1258
2036
2499
2248
1712
1239
723
501
925
1209
987
647
83
-566
-474
248
731
896
864
497
201
512
1273
2076
2571
2440
1997
1789
2128
2961
3692
3697
2664
545
-1003
-229
1101
1123
599
-740
-3607
-5354
-3978
-1875
-1743
-3197
-4586
-5371
-5721
-4979
-2697
-1078
-2323
-4049
-2923
-896
-735
-343
1448
1794
438
538
2307
3086
2379
2204
3235
3614
2266
959
1306
1943
1309
661
1079
574
-1605
-2638
-1272
-205
-1226
-2537
-2568
-2500
-3121
-2837
-1266
-634
-1823
-2595
-1443
-292
-534
-403
738
885
126
564
1835
2226
1802
1749
2136
2195
1850
1693
1875
1767
1086
517
406
196
-227
-445
-462
-657
-1235
-1814
-1694
-1213
-980
-706
-401
-373
-209
324
1021
1925
2725
2899
2859
3344
3984
4257
4462
4626
4538
4478
4401
3911
2919
1017
-634
-26
956
-124
-1813
-3204
-5418
-6690
-5034
-3146
-4109
-6573
-7689
-7254
-6222
-4674
-2954
-2522
-4022
-5052
-3109
-101
846
760
1418
1591
1050
1740
3619
4430
3623
3079
3532
3661
2744
1862
2057
2494
2039
1296
992
134
-1421
-1775
-493
307
-731
-2200
-2646
-2587
-2503
-1719
-571
-642
-1940
-2565
-1657
-533
-93
0
-22
-139
-468
-475
692
1779
1127
340
810
883
234
473
1188
1083
521
306
346
288
194
232
415
354
-84
-301
26
354
528
656
572
488
608
903
1450
2012
2017
1811
1821
1914
2279
2791
2873
2575
2346
2028
1667
1875
2225
1870
1131
540
-791
-2439
-2155
-988
-1385
-2337
-2870
-4475
-6098
-5182
-3140
-2741
-3825
-4744
-4656
-3977
-3219
-1940
-380
-618
-2210
-1488
1200
1964
1327
2165
2877
1843
1558
3049
3883
3035
2162
2328
2565
1737
659
742
1224
728
-68
-116
-333
-1669
-2486
-1436
-357
-1017
-2043
-2029
-1840
-1960
-1413
-178
166
-834
-1403
-462
629
733
682
1000
762
97
498
1613
1723
1010
532
342
277
319
437
485
147
-531
-870
-704
-514
-547
-700
-821
-835
-892
-1044
-948
-529
-307
-295
-133
-44
-140
-53
388
964
1296
1169
1051
1360
1764
2226
2753
2826
2466
2161
2218
2605
3034
2988
2583
2266
1890
1478
1405
910
-749
-1381
-568
-1092
-2227
-2031
-2888
-5055
-4830
-2994
-2979
-4198
-4779
-4660
-4395
-4089
-2982
-1458
-1578
-3012
-2392
267
1170
591
1718
2959
1846
1361
3164
4155
3437
3063
3558
3644
2714
1801
1929
2270
1793
1104
854
361
-1017
-1796
-857
-154
-1169
-2268
-2391
-2546
-2751
-2071
-1104
-1262
-2303
-2662
-1882
-1117
-883
-553
-123
-361
-841
-371
611
908
659
679
880
755
515
825
1239
984
579
573
525
197
80
197
305
252
-32
-398
-604
-591
-470
-133
103
-154
-474
-479
-209
287
803
925
806
849
1118
1541
1965
2334
2485
2294
2215
2389
2485
2513
2499
2395
2122
1797
1649
1574
1078
513
-302
-1783
-1996
-1090
-1617
-2744
-2781
-3730
-5304
-4440
-2573
-2623
-3778
-4263
-3977
-3352
-2503
-1318
-194
-517
-1834
-1115
1532
2451
1752
2378
3057
1893
1526
3231
4156
3167
2317
2471
2300
1266
489
666
903
364
-446
-900
-1445
-2566
-3009
-1874
-932
-1795
-3013
-3134
-2908
-2631
-1507
-214
-393
-1556
-1845
-830
326
1007
1435
1418
752
196
673
1810
2375
2040
1607
1257
567
196
789
1316
875
220
-211
-844
-1253
-910
-368
-396
-856
-1361
-1714
-1687
-1236
-622
-243
-469
-981
-1002
-510
53
690
1199
1152
920
1034
1533
2141
2561
2702
2703
2562
2464
2664
2914
2907
2601
2263
2092
1929
1622
1302
1021
770
515
100
-140
-851
-2524
-2743
-1325
-1426
-2511
-2340
-2930
-4650
-3990
-1669
-1372
-2684
-3188
-2851
-2534
-1927
-703
215
-326
-1541
-1118
793
1363
573
1030
1751
875
566
1856
2309
1252
733
1334
1612
877
236
351
340
73
113
245
-152
-1104
-1534
-833
-74
-351
-962
-1143
-1274
-1278
-634
148
53
-669
-928
-496
155
563
530
241
-161
-409
20
692
680
221
-234
-642
-651
-203
2
-375
-835
-1145
-1400
-1233
-732
-603
-865
-977
-928
-861
-602
-198
181
462
668
833
869
923
1349
1891
2129
2233
2180
1850
1767
2171
2573
2636
2390
1996
1541
1234
1305
1546
1564
1205
759
434
86
-103
181
418
169
-141
-401
-599
-460
-282
-65
-40
-1260
-2316
-1306
-427
-968
-860
-782
-2458
-3307
-1637
-269
-900
-1868
-2052
-2015
-1947
-1253
-67
160
-1189
-1899
-391
800
210
261
1138
552
-268
830
1905
1229
490
895
1305
928
495
472
312
-45
111
485
123
-872
-1477
-1185
-558
-308
-577
-1107
-1650
-1799
-1111
-183
2
-533
-1012
-1019
-623
53
541
419
-25
-226
38
513
693
498
378
237
-16
196
437
-36
-362
-37
-90
-378
-230
-287
-621
-457
-4
73
-102
-179
-41
219
441
718
887
645
526
944
1410
1441
1344
1306
1190
1252
1574
1825
1710
1307
940
962
1218
1341
1389
1245
787
474
523
732
861
794
557
277
91
37
12
40
201
92
-328
-565
-1202
-2129
-1628
-564
-909
-1541
-1550
-2571
-3488
-2161
-584
-899
-1771
-2005
-2111
-1944
-969
229
506
-343
-990
-268
825
1036
1120
1522
1010
140
667
1564
1224
608
676
577
10
-295
-311
-606
-1040
-964
-739
-1057
-1700
-2068
-1899
-1490
-1091
-909
-1079
-1415
-1392
-796
-36
442
494
307
295
719
1332
1706
1745
1527
1214
1183
1514
1786
1662
1153
562
271
240
246
296
-3
-734
-1174
-1071
-983
-988
-905
-1062
-1407
-1396
-1013
-772
-646
-439
-336
-225
80
362
568
860
1056
1191
1399
1415
1400
1565
1708
1794
1818
1664
1465
1294
1169
1247
1237
953
694
567
386
239
312
358
168
64
-5
-105
25
36
-358
-189
349
142
204
721
238
-635
-646
-307
-5
237
-87
-644
-1166
-1810
-1584
-453
-282
-1430
-2108
-2046
-2163
-1856
-795
-482
-1444
-2153
-1837
-1033
-340
-47
74
-71
-677
-739
199
865
786
787
792
467
189
259
564
738
722
630
319
-200
-552
-438
34
395
256
-292
-829
-1000
-609
70
473
316
-231
-634
-467
137
648
750
474
17
-304
-99
475
668
380
57
-329
-680
-493
-118
-189
-531
-845
-1139
-1162
-819
-602
-614
-696
-910
-929
-495
-62
86
242
360
362
587
1027
1290
1389
1501
1568
1649
1792
1864
1859
1882
1786
1579
1474
1370
1140
1044
1075
909
533
163
-3
-51
-33
111
156
-220
-595
-487
-221
-25
215
351
224
29
91
418
745
921
1044
1050
575
-265
-434
148
423
273
143
-654
-1958
-2086
-1068
-579
-1035
-1719
-2381
-2833
-2590
-1603
-846
-1238
-2155
-2292
-1665
-1135
-620
-67
-196
-758
-608
145
517
556
720
786
602
541
647
555
389
541
759
576
157
-186
-423
-443
-102
102
-297
-912
-1151
-1049
-811
-474
-358
-716
-1143
-1056
-585
-159
39
-47
-235
-317
-117
378
850
844
541
496
631
749
965
1167
1028
757
742
874
897
832
763
649
489
430
439
375
259
187
175
139
43
-89
-94
-15
1
39
104
18
-58
157
376
366
320
340
403
504
669
787
722
575
578
750
873
896
840
760
714
772
915
953
840
762
728
733
803
842
781
626
436
355
402
384
351
366
293
-135
-775
-977
-878
-962
-945
-875
-1475
-2383
-2543
-2164
-1911
-1898
-2083
-2454
-2823
-2788
-2185
-1549
-1538
-1859
-1839
-1567
-1289
-750
-168
-149
-367
-128
283
504
762
1016
1049
993
1045
1123
1078
994
1072
1208
1099
877
699
502
357
410
494
328
10
-178
-228
-178
-38
-42
-273
-477
-497
-365
-107
93
57
-110
-192
-34
271
486
545
533
427
289
436
772
848
687
549
374
218
284
363
324
179
-119
-336
-287
-233
-297
-317
-328
-468
-569
-483
-334
-245
-172
-67
6
35
86
296
625
823
827
802
816
863
1010
1223
1345
1201
896
804
848
818
833
797
489
147
8
-6
112
153
-26
-247
-481
-629
-438
-122
-29
-98
-235
-407
-356
-16
241
219
105
-21
-153
45
267
-57
-399
-435
-598
-616
-416
-891
-1591
-1618
-1448
-1301
-1004
-1268
-2078
-2236
-1715
-1274
-887
-768
-1315
-1693
-1188
-392
141
361
65
-333
-125
450
960
1267
1042
544
562
923
1068
1116
1052
757
529
612
725
570
303
216
324
349
215
29
-152
-214
-13
308
327
-32
-327
-335
-98
254
425
196
-173
-305
-197
3
144
131
-146
-382
-242
-80
-140
-154
-125
-269
-313
-130
-119
-233
-196
-108
-5
151
122
-11
81
194
260
506
615
398
309
468
592
707
834
770
630
625
697
754
783
731
603
538
532
493
423
336
228
135
62
-4
-21
-63
-180
-228
-205
-217
-188
-126
-108
-84
-65
-59
49
193
228
266
361
382
313
298
389
426
390
348
259
71
-118
-147
-104
-189
-386
-585
-832
-1031
-1025
-1022
-1165
-1270
-1387
-1588
-1607
-1394
-1314
-1360
-1273
-1181
-1142
-1005
-756
-541
-397
-307
-166
56
185
305
520
654
633
621
694
732
712
682
660
571
437
348
314
248
103
-24
-78
-166
-305
-328
-297
-360
-395
-357
-384
-384
-320
-283
-207
-115
-161
-226
-83
52
82
197
274
107
44
292
424
402
446
393
233
270
451
523
500
422
341
315
351
426
487
481
394
306
354
455
432
401
442
386
312
391
438
368
348
373
377
388
378
269
176
213
266
260
232
155
3
-91
-46
24
-25
-145
-196
-213
-269
-256
-182
-226
-343
-341
-260
-197
-145
-111
-99
-91
-33
83
201
251
253
281
370
451
453
408
363
320
339
433
431
263
92
-42
-119
-73
-44
-213
-477
-683
-813
-813
-739
-762
-917
-1096
-1221
-1212
-1078
-981
-1015
-1114
-1127
-1053
-932
-750
-650
-693
-691
-576
-429
-277
-125
-39
-14
67
221
303
328
426
505
549
646
719
713
664
608
642
714
652
560
503
344
202
197
212
143
-5
-149
-253
-347
-395
-343
-302
-383
-508
-549
-489
-426
-357
-229
-174
-235
-218
-26
141
182
227
291
322
347
462
583
567
511
548
622
622
591
576
553
519
533
631
653
529
428
449
495
505
534
528
435
358
382
461
485
475
419
351
328
323
304
270
231
141
49
13
-3
-52
-163
-247
-287
-338
-393
-417
-439
-491
-516
-516
-486
-460
-478
-489
-427
-366
-357
-349
-285
-213
-201
-154
-93
-124
-181
-124
-54
-46
-64
-119
-213
-261
-228
-232
-286
-356
-467
-566
-554
-511
-569
-645
-696
-750
-728
-660
-683
-716
-680
-681
-652
-514
-460
-493
-442
-350
-285
-196
-101
-76
-62
-17
63
159
214
219
224
242
266
338
394
361
326
357
371
376
438
447
398
379
388
393
409
420
408
418
408
374
391
425
402
416
475
468
448
452
441
438
480
495
457
425
381
349
361
410
409
327
230
166
140
166
212
194
87
-33
-77
-20
63
104
88
1
-67
-57
45
148
126
59
55
58
56
169
229
143
104
126
106
92
102
95
76
23
-32
-65
-107
-160
-155
-139
-223
-332
-360
-384
-430
-394
-392
-496
-563
-587
-609
-559
-503
-550
-599
-619
-627
-575
-518
-497
-499
-517
-517
-467
-414
-418
-429
-386
-355
-346
-305
-270
-281
-276
-210
-156
-152
-146
-115
-97
-84
-34
30
38
27
35
40
75
129
169
166
138
101
102
161
210
240
228
182
158
193
241
264
280
288
280
290
325
332
320
330
355
367
380
372
333
330
351
346
336
338
299
245
263
305
281
251
231
201
207
239
280
292
235
171
192
237
240
238
233
197
164
167
193
193
119
45
67
89
25
-5
4
-68
-132
-81
-41
-94
-143
-179
-185
-145
-134
-140
-133
-143
-183
-157
-65
-44
-75
-73
-66
-91
-93
-59
-50
-55
-59
-72
-84
-89
-120
-139
-137
-158
-200
-230
-251
-285
-316
-330
-341
-379
-425
-460
-476
-485
-458
-447
-466
-484
-505
-513
-475
-410
-400
-405
-373
-340
-286
-205
-154
-139
-100
-28
57
126
163
182
195
232
316
390
397
372
358
344
356
403
393
320
269
246
218
208
206
143
62
21
13
20
23
39
33
-22
-50
-16
28
64
105
106
69
65
99
158
197
192
175
157
153
165
207
217
162
121
125
115
93
139
161
97
51
57
64
70
75
70
84
65
45
79
109
107
114
161
189
175
144
155
194
213
232
239
204
123
80
116
156
127
84
26
-75
-116
-78
-63
-98
-156
-230
-296
-307
-269
-253
-273
-300
-316
-332
-330
-288
-243
-223
-206
-199
-198
-190
-165
-125
-90
-79
-95
-102
-101
-93
-67
-56
-78
-114
-146
-159
-154
-135
-144
-180
-199
-209
-213
-207
-189
-179
-184
-168
-130
-113
-107
-86
-38
7
36
58
63
64
86
126
149
169
147
103
112
134
125
101
81
53
22
7
6
-3
-46
-80
-90
-83
-70
-71
-69
-65
-76
-50
10
45
63
80
115
167
217
248
264
266
271
301
311
310
297
246
214
224
211
173
125
74
35
5
-14
-19
-47
-111
-133
-120
-128
-137
-117
-99
-114
-111
-69
-15
-1
-3
17
51
72
80
130
153
131
126
148
152
137
148
153
128
100
96
79
58
53
31
2
-6
-26
-57
-53
-33
-49
-73
-67
-75
-84
-57
-33
-54
-80
-80
-66
-37
-23
-33
-42
-68
-105
-75
-22
-42
-91
-109
-115
-132
-112
-76
-105
-158
-157
-138
-137
-139
-147
-164
-170
-163
-144
-112
-121
-146
-140
-115
-87
-59
-34
-30
-29
-15
13
34
41
41
33
29
36
45
46
26
12
17
28
3
-24
-36
-50
-49
-41
-39
-60
-87
-75
-31
-25
-33
-13
-10
-22
8
49
70
73
69
80
106
117
114
114
126
137
132
135
133
114
111
120
115
101
95
90
83
81
64
50
56
60
69
81
79
60
42
39
58
87
78
57
63
60
45
53
60
40
44
54
33
15
16
12
14
28
17
3
-3
-12
4
34
28
-9
-23
-24
-20
13
33
8
-23
-24
-5
8
5
2
-8
-21
-13
14
12
-20
-38
-50
-51
-38
-28
-62
-115
-140
-137
-128
-134
-157
-184
-212
-228
-216
-192
-204
-237
-249
-247
-230
-198
-171
-177
-190
-162
-138
-109
-67
-45
-35
-20
4
33
51
64
76
89
91
105
125
115
102
96
100
105
83
53
35
32
24
12
7
-11
-47
-62
-33
-19
-26
-21
-26
-37
-29
0
35
39
17
33
63
68
82
109
113
105
107
120
135
134
135
148
145
136
142
141
123
117
130
134
125
118
110
83
76
100
95
83
70
52
40
34
39
36
27
3
0
3
-6
-6
-12
-19
-22
-34
-40
-38
-32
-18
-3
-4
-18
-30
-33
-28
-22
-15
-23
-56
-80
-80
-81
-84
-99
-125
-153
-169
-173
-168
-178
-201
-213
-215
-206
-204
-197
-172
-149
-135
-118
-104
-82
-55
-23
23
48
43
47
72
95
118
132
124
117
105
92
108
119
93
73
59
28
-2
-5
5
-11
-51
-72
-70
-87
-96
-80
-80
-110
-115
-100
-101
-91
-66
-60
-60
-51
-48
-37
-12
-6
-4
20
23
14
34
54
64
67
68
71
77
74
76
93
104
103
104
118
116
97
104
135
134
122
139
145
133
132
147
151
139
125
126
124
107
93
86
82
68
42
33
24
-13
-36
-31
-50
-75
-82
-96
-117
-129
-141
-141
-129
-129
-134
-125
-115
-110
-89
-67
-57
-42
-18
-4
16
42
46
47
58
69
75
74
66
58
45
29
23
7
-27
-58
-65
-69
-82
-107
-136
-162
-170
-160
-146
-137
-144
-160
-161
-136
-94
-74
-63
-49
-40
-29
-11
23
41
43
47
61
73
58
52
70
77
57
44
39
22
5
11
17
0
-24
-37
-38
-37
-35
-24
-17
-20
-26
-14
5
13
27
53
63
70
85
85
92
115
125
122
129
126
117
120
127
127
126
113
87
72
61
61
55
44
26
3
-2
-20
-33
-33
-42
-51
-52
-55
-74
-77
-68
-72
-60
-50
-47
-50
-50
-37
-16
3
11
10
13
28
44
58
64
51
33
31
38
48
52
29
0
-15
-16
-18
-27
-39
-63
-82
-85
-85
-96
-107
-115
-123
-123
-114
-111
-113
-114
-109
-106
-93
-73
-76
-83
-62
-39
-34
-21
-13
-17
-12
13
38
38
26
25
32
42
51
66
65
40
33
44
61
70
67
54
51
46
35
49
67
50
37
50
46
36
39
51
51
41
43
44
38
34
40
44
42
38
31
37
39
31
35
32
15
12
14
5
-7
-6
-13
-28
-37
-34
-38
-50
-45
-48
-54
-50
-38
-31
-31
-24
-17
-11
-12
4
20
22
24
35
51
46
40
47
51
47
48
54
41
18
11
9
-2
-16
-21
-22
-33
-45
-57
-69
-75
-81
-81
-74
-78
-90
-88
-79
-72
-67
-59
-60
-57
-55
-47
-36
-36
-32
-27
-27
-34
-32
-33
-33
-25
-23
-28
-39
-40
-38
-24
-11
-1
-2
-11
-10
0
24
49
57
53
52
57
70
91
103
96
90
92
88
98
107
98
89
91
85
73
70
60
49
43
41
41
32
9
2
5
-1
-1
0
-4
-14
-20
-17
-5
-4
-10
-7
-9
-14
-5
10
10
0
-1
6
1
8
18
14
-2
-5
-6
-7
-5
-6
-11
-22
-24
-22
-23
-25
-25
-31
-35
-33
-35
-29
-23
-23
-34
-36
-25
-12
-14
-15
-9
-15
-13
-3
5
4
-6
-16
-11
-6
-21
-14
-9
-29
-44
-44
-45
-55
-57
-53
-56
-64
-71
-69
-58
-50
-42
-37
-30
-27
-19
4
14
24
31
42
53
66
73
78
82
83
92
96
96
93
84
75
74
67
59
45
33
25
23
14
-4
-3
-17
-33
-37
-30
-33
-39
-40
-47
-58
-52
-45
-42
-26
-27
-31
-26
-18
-10
-1
8
9
8
11
19
29
27
32
35
31
23
26
29
31
25
22
21
7
2
1
-2
-5
-8
-18
-26
-37
-40
-34
-27
-30
-42
-50
-52
-41
-33
-27
-28
-29
-30
-29
-9
4
-2
-9
-2
4
8
17
16
12
8
3
11
12
3
3
1
-3
-8
-9
-11
-16
-18
-14
-11
-15
-13
-12
-7
3
9
7
10
15
16
26
33
35
33
36
40
44
40
34
37
38
34
34
40
33
19
21
23
22
21
16
10
9
4
7
20
18
7
5
8
8
11
24
19
5
2
9
12
11
9
0
-8
-7
-7
-8
-14
-24
-24
-24
-27
-28
-34
-44
-42
-40
-32
-35
-40
-38
-40
-39
-29
-16
-20
-30
-22
-13
-9
-9
-1
0
-14
-6
4
4
2
0
-1
-3
-11
-12
-4
-6
-15
-17
-25
-34
-36
-38
-34
-38
-47
-49
-51
-54
-51
-47
-41
-37
-37
-39
-29
-23
-18
2
7
10
12
16
30
35
46
55
50
48
56
62
60
65
69
66
59
54
56
62
57
54
56
46
36
39
46
41
38
35
33
28
32
27
27
34
24
18
20
17
9
14
16
18
12
3
0
3
5
5
13
5
-4
-7
-5
4
4
3
8
5
-1
6
7
3
5
3
4
4
2
-1
-8
-16
-23
-25
-29
-32
-34
-44
-50
-55
-56
-56
-59
-61
-66
-67
-66
-62
-58
-52
-54
-54
-44
-40
-31
-26
-24
-24
-21
-18
-8
-5
-4
-1
-2
0
1
-2
-9
-1
-6
-8
-2
-9
-12
-16
-13
-10
-14
-17
-13
-12
-11
-6
-7
-1
3
7
10
11
11
15
25
28
37
38
36
36
40
40
49
47
43
42
40
43
39
36
35
35
35
34
30
26
24
22
24
26
15
16
15
10
18
18
16
10
8
8
16
18
16
14
12
16
17
18
18
18
13
13
16
13
16
15
11
7
1
0
-5
-12
-16
-13
-20
-26
-33
-40
-43
-45
-48
-46
-49
-59
-56
-57
-54
-50
-51
-49
-47
-47
-39
-29
-24
-26
-24
-17
-16
-12
-1
5
-2
-1
1
4
11
10
4
1
3
3
7
8
2
-1
-6
1
4
-1
1
5
0
-1
7
7
7
5
8
13
8
4
11
12
9
6
6
3
-3
0
6
8
-1
-1
-4
-11
-9
-1
6
5
4
1
3
1
9
15
17
20
22
27
25
25
27
31
28
28
29
26
25
25
26
25
18
7
8
3
2
10
6
1
-12
-17
-20
-17
-14
-12
-17
-24
-21
-18
-13
-17
-18
-15
-17
-11
-1
-3
-10
-7
0
0
2
3
-2
-1
3
6
6
0
-6
-9
-2
-2
-4
-8
-11
-17
-18
-14
-19
-13
-18
-23
-24
-20
-21
-19
-12
-15
-21
-25
-18
-18
-14
-7
-5
-12
-11
-12
-11
-7
-7
-7
-2
0
1
4
-3
-1
0
4
10
15
19
16
14
14
18
22
27
32
28
29
30
28
24
23
21
22
20
17
17
11
7
5
1
-4
-1
-5
-6
-3
-5
-3
-10
-7
-4
-1
3
3
3
-2
7
14
18
18
15
15
12
12
16
17
15
16
8
7
6
1
0
1
-2
-4
3
-2
-8
-15
-14
-10
-8
-4
-1
-2
-7
-7
-10
-11
-7
-6
2
5
-2
-6
-12
-14
-17
-10
-8
-13
-18
-19
-20
-23
-25
-28
-27
-28
-23
-20
-23
-25
-24
-25
-21
-16
-9
-9
-8
-11
-14
-5
-5
-2
3
2
-1
-2
-3
-4
0
0
4
3
-3
-2
-8
-9
-5
0
7
5
3
-2
-1
-1
4
11
14
16
16
15
16
16
14
21
24
29
33
28
26
22
22
23
23
24
28
24
22
19
10
8
10
8
9
11
4
0
-3
-9
-7
-6
-4
-3
-6
-9
-11
-7
-8
-2
1
4
3
-2
4
5
6
11
13
15
15
10
10
11
11
8
10
6
5
9
3
-2
-13
-19
-10
-4
-5
-6
-15
-23
-24
-23
-15
-13
-11
-10
-8
-12
-13
-13
-13
-7
-1
8
4
-1
-7
-7
-5
1
6
3
0
0
-7
-8
-4
-3
0
-3
-6
-3
-6
-5
-3
-8
-9
-7
2
3
-1
-3
-8
-8
-5
6
6
2
2
-5
-3
-1
0
5
7
5
4
1
-2
-3
1
4
5
8
5
2
-3
-6
0
0
4
6
3
2
-1
-3
0
1
2
5
2
5
4
4
-1
0
3
7
11
6
4
0
2
1
2
2
2
2
2
2
-4
-4
-7
0
0
5
3
-1
-4
-3
3
4
7
5
5
8
5
4
4
2
6
8
11
3
1
-3
-6
-2
-6
-2
-2
-7
-9
-12
-12
-11
-10
-6
-7
-8
-5
-5
-3
0
-1
0
0
7
6
8
8
4
5
6
9
5
5
1
2
0
-2
-2
-7
-4
-8
-5
-10
-13
-14
-10
-8
-10
-8
-14
-10
-11
-7
-2
-3
-3
-3
0
-4
-1
0
-1
2
2
4
2
1
0
0
-2
-2
-3
-4
-1
2
-1
-2
-5
-10
-8
-6
-4
0
-2
-3
-6
-9
-8
-3
-1
0
-2
-6
-2
0
1
3
2
2
1
3
7
8
9
7
8
6
9
9
9
11
11
14
13
7
5
5
10
8
10
8
5
6
2
7
4
4
5
3
3
4
4
5
4
5
7
4
6
5
7
8
10
9
8
10
9
8
9
7
11
10
10
9
4
5
1
3
2
2
-2
-3
-7
-9
-9
-14
-17
-22
-19
-19
-16
-19
-26
-30
-32
-27
-24
-20
-20
-22
-21
-18
-17
-14
-8
-10
-6
-1
2
5
4
5
5
6
10
13
10
10
8
4
5
5
6
6
1
-2
-3
-2
-3
-2
-3
-8
-7
-8
-6
-3
-5
-3
-4
-3
-2
-4
-3
-1
1
0
2
2
1
1
2
2
1
1
3
4
5
9
5
5
5
4
11
13
13
15
14
14
16
13
14
15
18
18
17
17
