-1
-1
-2
-4
-2
0
1
-1
-1
-4
1
-3
-2
3
1
0
-2
0
2
0
-1
0
0
5
3
-1
-1
3
4
2
1
-3
2
9
3
2
0
1
4
1
2
-2
3
3
1
2
2
0
-3
2
-1
0
2
1
-2
-2
1
-3
-3
2
-3
-2
-1
-4
2
-2
-4
-1
-2
-1
0
-3
1
-1
-3
1
1
1
0
2
1
-1
3
4
0
4
3
1
3
5
3
5
7
3
4
5
4
8
4
3
3
5
8
8
5
0
3
2
6
7
3
5
0
1
2
2
2
-1
3
-1
2
-1
-3
-2
-3
1
-2
-3
-4
-3
-5
-2
-4
-4
-1
-7
-3
-4
-5
1
-8
-6
0
-3
-5
-5
-3
-3
-1
-2
-4
-3
-3
-1
-5
2
-1
-3
3
-3
-2
-2
-3
5
-1
-4
0
-3
3
1
-1
-6
1
-1
-2
-1
-1
-3
-3
-4
-5
-3
-2
-2
-5
-3
-4
-3
-4
-4
-5
-2
-4
-5
-6
-4
-4
-4
-1
-4
-6
-6
-4
-1
-1
-3
-1
-3
-2
-3
-3
-4
1
3
0
-2
2
2
0
2
3
1
1
5
4
4
7
2
3
3
1
7
4
5
6
3
4
3
4
2
4
7
4
1
4
3
1
4
3
3
1
0
-5
3
9
1
-3
0
0
0
1
0
-2
2
-1
-1
1
2
-3
-4
-1
0
1
2
-3
1
-1
-4
-1
-1
2
2
-1
-1
4
-3
0
-3
0
3
-3
2
0
0
0
1
-2
4
1
-1
2
1
1
-1
3
4
-1
0
2
-1
1
3
2
0
2
-1
2
1
1
0
1
3
1
1
2
2
2
2
1
3
2
1
2
2
3
4
2
-1
2
3
0
1
2
2
2
1
0
1
-1
2
1
-3
-1
1
1
-1
-2
-2
-1
0
-1
-5
0
-2
0
-3
-3
-2
-6
-3
-3
-2
-10
-3
-2
-3
-6
-7
-3
-6
-5
-1
-3
-3
-4
-6
-5
-3
2
-2
-1
-4
-3
0
-5
0
4
-1
-2
-3
-3
2
0
2
-3
2
2
-1
3
-1
3
3
2
2
2
4
3
3
3
2
4
3
5
1
0
-1
3
4
3
1
1
0
-1
-1
2
8
1
-1
3
0
0
0
5
1
2
4
-3
1
1
-3
-1
3
2
0
0
-3
-4
-1
3
-2
1
0
-2
1
-1
-2
-4
3
2
-6
3
3
-5
0
-1
-5
2
1
-1
-3
-2
1
0
-1
-3
0
0
1
2
-2
0
4
-1
3
1
0
5
0
2
6
3
4
1
0
5
3
1
2
7
5
-2
4
6
1
4
5
3
2
3
4
5
2
6
1
-4
6
8
4
-1
1
0
1
4
1
-1
-1
-1
-3
0
-2
-2
-2
0
-3
-5
1
-5
-7
-6
-2
-2
-3
-4
-7
-6
-7
-3
-4
-9
-7
-3
0
-7
-7
-2
-7
-4
-2
-2
-1
1
-4
-1
0
0
-2
-1
-2
-3
2
4
-1
-5
0
1
-3
-1
-1
0
2
0
4
0
-3
-1
-3
2
3
2
1
-3
0
1
0
-2
-5
-1
0
1
-3
-3
-5
-7
-1
0
-2
-7
-2
-3
-2
-3
-5
1
0
-7
-3
-2
-2
0
-3
-4
-3
-2
-3
-5
-5
-4
-1
-4
-6
-2
-4
-5
-4
-1
-3
-3
-1
-2
0
-3
-7
-1
3
-2
0
1
-6
-1
-3
-1
-1
-2
-2
-2
-5
-5
-1
1
0
-6
-1
-2
-3
-1
-4
-1
-3
0
-1
-1
0
-2
2
-4
0
0
0
4
-3
0
-2
1
0
4
6
1
5
2
-1
2
5
10
7
1
2
3
7
4
4
4
2
6
1
5
-3
2
4
1
0
2
0
0
-1
-3
3
3
-1
-1
0
-1
-3
0
1
-5
-2
-1
-2
-5
-5
0
-6
-1
-5
-9
-3
-5
-4
-5
-6
-5
-8
-9
-8
-3
-5
-6
-3
-7
-5
-9
-4
-2
-3
-6
-5
-2
-6
-1
-2
-4
-2
0
1
-3
-4
-2
-5
0
3
4
0
-5
2
-1
1
1
5
3
1
1
0
-2
-1
1
1
0
-2
2
-2
2
-1
-4
-6
1
1
-1
0
0
3
2
2
3
1
1
3
5
-2
0
2
4
0
-1
-1
0
-1
-1
5
-2
2
-1
-2
-4
-2
-3
-3
1
-3
-1
-4
-3
-2
-1
-6
-5
-2
-6
-2
0
0
-2
-4
-2
1
0
-3
2
3
3
-1
-2
-1
-5
-2
-6
-1
-3
-2
-2
-10
-11
-10
-5
-10
-11
-8
-9
-7
-12
-11
-15
-15
-7
-10
-10
-10
-12
-16
-7
-9
-12
-4
-6
-5
-9
-5
-3
0
-1
-1
1
3
3
-1
2
2
5
3
7
5
3
4
2
5
3
2
4
4
7
6
4
1
0
5
7
6
3
7
3
4
5
4
4
2
5
7
5
6
4
3
10
4
2
7
5
8
7
3
1
1
2
2
4
5
-2
-2
-4
1
-2
-6
-6
-8
-8
-11
-8
-13
-15
-16
-12
-12
-16
-17
-18
-18
-18
-17
-14
-17
-17
-13
-15
-15
-10
-9
-8
-4
-6
-3
-2
-3
-2
-2
5
8
10
9
12
13
14
21
25
25
29
35
37
40
43
43
47
54
55
57
58
62
64
55
62
62
60
60
59
55
48
50
49
48
42
35
34
32
30
23
15
13
8
8
1
-7
-16
-19
-20
-31
-36
-41
-48
-50
-52
-59
-60
-68
-71
-71
-71
-66
-69
-71
-74
-76
-73
-73
-73
-75
-76
-67
-65
-65
-63
-66
-68
-62
-50
-41
-43
-44
-39
-31
-17
-9
-4
2
11
21
34
46
53
52
59
76
88
96
103
102
107
117
124
130
126
123
125
128
124
125
116
115
107
103
107
94
83
73
62
53
56
42
26
9
-10
-22
-28
-37
-58
-74
-89
-96
-101
-109
-131
-147
-154
-149
-145
-156
-163
-170
-165
-153
-147
-150
-158
-158
-147
-122
-112
-120
-133
-127
-110
-91
-73
-70
-74
-69
-59
-40
-21
-24
-32
-25
-6
17
28
28
28
30
51
80
89
93
89
97
118
139
160
156
153
167
193
216
230
224
219
227
245
270
274
264
249
252
270
284
285
264
241
234
242
248
235
197
160
142
141
138
103
45
-1
-27
-40
-61
-102
-166
-226
-257
-269
-296
-341
-394
-436
-456
-462
-474
-513
-561
-587
-574
-551
-537
-551
-574
-581
-554
-506
-468
-456
-450
-417
-360
-297
-258
-239
-213
-161
-79
-2
43
68
93
142
212
284
320
334
361
415
472
509
517
508
523
573
633
668
659
621
608
634
681
709
695
663
642
664
684
673
624
563
544
572
605
589
518
439
391
381
377
343
268
198
157
137
101
14
-103
-211
-278
-300
-331
-403
-526
-663
-761
-819
-868
-938
-1033
-1127
-1167
-1174
-1177
-1219
-1286
-1323
-1292
-1210
-1131
-1081
-1070
-1046
-973
-850
-726
-626
-555
-483
-388
-270
-165
-86
-25
31
116
215
299
342
354
365
396
453
514
556
567
558
554
562
583
590
583
579
585
602
621
623
598
569
556
569
607
635
640
631
624
620
622
619
603
589
582
587
581
554
513
467
431
406
379
345
306
278
255
224
183
136
91
67
57
48
16
-27
-73
-101
-120
-153
-206
-287
-358
-404
-430
-462
-533
-621
-692
-736
-749
-786
-843
-906
-940
-926
-888
-863
-891
-924
-920
-863
-781
-715
-699
-698
-667
-594
-501
-446
-442
-451
-420
-338
-241
-189
-200
-225
-210
-130
-42
11
-1
-34
-21
45
130
188
183
162
177
250
331
359
330
299
334
429
536
571
531
485
494
570
657
693
680
664
689
747
786
770
722
692
721
789
834
825
771
722
716
740
756
746
727
716
738
765
765
734
684
659
665
677
666
617
535
444
358
264
150
20
-118
-246
-376
-531
-709
-905
-1083
-1221
-1326
-1418
-1518
-1615
-1704
-1765
-1802
-1814
-1802
-1762
-1677
-1576
-1482
-1412
-1358
-1292
-1182
-1027
-858
-704
-593
-496
-395
-298
-207
-141
-61
46
168
291
358
364
350
344
383
445
508
540
550
540
534
526
498
463
432
443
483
530
549
518
469
446
470
525
576
605
628
661
710
758
778
774
767
786
852
916
942
919
859
819
817
832
836
814
774
753
758
759
745
706
669
677
722
774
796
761
704
661
651
666
649
586
492
381
269
143
-13
-202
-388
-560
-713
-861
-1038
-1243
-1469
-1675
-1829
-1934
-2005
-2082
-2167
-2229
-2259
-2240
-2205
-2166
-2118
-2043
-1916
-1751
-1570
-1418
-1302
-1194
-1066
-888
-694
-512
-360
-221
-69
91
239
333
380
428
510
634
753
817
807
758
731
742
771
768
730
685
658
669
671
627
547
484
484
536
588
589
550
524
538
595
656
686
700
729
787
848
883
887
893
921
969
1018
1035
1018
994
988
995
1001
995
978
977
992
1005
994
948
900
883
895
912
900
853
789
729
682
622
521
378
232
114
-2
-146
-332
-566
-800
-1023
-1234
-1433
-1624
-1806
-1975
-2123
-2270
-2412
-2545
-2665
-2754
-2795
-2774
-2706
-2627
-2554
-2500
-2443
-2347
-2194
-2001
-1798
-1610
-1424
-1213
-976
-720
-499
-304
-131
80
338
592
793
923
1028
1159
1321
1463
1531
1519
1497
1525
1604
1659
1634
1521
1384
1313
1306
1308
1272
1195
1115
1084
1087
1059
983
891
846
878
952
983
940
851
781
769
785
781
721
631
561
524
501
460
372
282
221
177
120
41
-42
-88
-75
-36
-7
-20
-58
-67
-28
39
102
140
166
204
260
298
309
299
286
278
237
145
-4
-178
-316
-413
-508
-653
-863
-1108
-1353
-1564
-1747
-1909
-2039
-2152
-2240
-2329
-2436
-2543
-2608
-2600
-2524
-2397
-2270
-2143
-2018
-1885
-1734
-1557
-1342
-1090
-798
-491
-208
23
208
402
623
854
1070
1248
1413
1572
1718
1817
1825
1756
1678
1639
1642
1649
1601
1494
1365
1259
1176
1075
936
782
677
653
673
671
601
478
387
367
412
472
473
422
365
338
364
390
378
335
299
288
300
281
207
100
10
-2
44
77
39
-74
-203
-275
-259
-200
-156
-157
-184
-191
-160
-113
-86
-82
-46
47
191
317
354
305
236
219
276
360
384
331
227
109
6
-110
-258
-433
-599
-716
-803
-913
-1078
-1289
-1479
-1609
-1661
-1679
-1711
-1747
-1775
-1769
-1740
-1709
-1666
-1599
-1470
-1284
-1103
-955
-852
-750
-607
-414
-204
-2
185
360
537
681
771
819
881
1005
1174
1329
1407
1398
1339
1294
1270
1239
1189
1130
1088
1079
1060
986
841
668
560
532
559
571
509
415
340
310
312
312
290
275
307
365
413
386
299
205
161
196
248
275
238
158
75
1
-72
-156
-231
-283
-297
-298
-321
-376
-453
-518
-535
-501
-442
-385
-354
-339
-325
-281
-188
-71
54
160
239
298
340
367
390
415
446
503
553
558
518
435
328
235
144
56
-35
-140
-245
-332
-409
-494
-587
-713
-847
-974
-1072
-1132
-1179
-1210
-1228
-1240
-1243
-1247
-1262
-1280
-1281
-1245
-1172
-1076
-966
-876
-797
-710
-597
-453
-303
-169
-65
20
97
187
285
389
498
610
725
825
888
900
871
854
878
957
1058
1146
1203
1225
1242
1241
1235
1203
1153
1117
1110
1110
1081
1013
905
789
696
616
514
365
176
-24
-185
-304
-407
-503
-609
-695
-757
-826
-908
-1014
-1113
-1168
-1152
-1084
-1000
-919
-839
-744
-649
-549
-461
-367
-237
-69
107
272
407
524
643
766
890
988
1081
1167
1232
1261
1222
1140
1073
1058
1083
1097
1053
947
792
624
456
278
104
-42
-135
-186
-246
-360
-531
-738
-907
-1025
-1102
-1163
-1221
-1272
-1307
-1312
-1317
-1338
-1376
-1403
-1397
-1347
-1274
-1206
-1142
-1095
-1054
-991
-915
-814
-710
-607
-504
-412
-328
-263
-206
-160
-92
20
173
344
464
525
541
562
621
702
779
832
857
891
954
1017
1064
1070
1054
1040
1029
1012
976
930
888
876
903
931
926
862
753
636
552
503
484
464
421
371
318
267
214
144
66
-2
-34
-30
-27
-47
-106
-183
-235
-247
-220
-195
-195
-212
-230
-233
-234
-254
-281
-304
-294
-239
-158
-77
-38
-23
-16
-11
-5
-14
-29
-33
-15
32
80
108
108
41
-60
-172
-276
-345
-381
-394
-407
-426
-468
-536
-628
-731
-820
-856
-854
-844
-847
-884
-926
-943
-929
-888
-839
-807
-798
-802
-808
-820
-812
-768
-681
-570
-460
-396
-375
-358
-328
-255
-158
-65
10
87
175
271
380
483
584
690
784
860
899
899
896
939
1038
1154
1246
1267
1235
1175
1123
1093
1055
1015
960
919
900
873
834
771
696
626
559
487
390
295
217
178
174
173
136
53
-57
-166
-242
-294
-333
-358
-376
-393
-415
-445
-472
-480
-462
-424
-391
-361
-335
-290
-221
-140
-52
18
78
132
191
239
278
300
321
343
347
341
306
270
245
228
212
164
63
-67
-198
-307
-370
-397
-410
-439
-501
-595
-711
-833
-939
-1014
-1052
-1059
-1042
-1022
-1021
-1046
-1094
-1161
-1210
-1222
-1206
-1179
-1137
-1069
-978
-886
-823
-802
-795
-755
-668
-518
-353
-202
-71
22
105
180
270
384
536
696
832
926
969
978
982
1033
1113
1208
1284
1324
1326
1304
1286
1290
1305
1306
1299
1289
1268
1230
1167
1100
1055
1042
1041
1014
926
799
663
534
408
271
130
14
-71
-125
-195
-302
-444
-593
-710
-802
-879
-933
-952
-947
-925
-921
-907
-877
-814
-739
-686
-653
-617
-560
-472
-396
-349
-304
-227
-103
27
138
187
207
222
251
270
248
210
214
274
360
411
385
323
250
177
82
-32
-133
-192
-213
-229
-275
-354
-435
-489
-534
-596
-690
-769
-787
-745
-693
-683
-711
-734
-719
-701
-689
-689
-666
-613
-537
-491
-458
-427
-371
-289
-213
-162
-131
-63
27
107
146
176
234
338
421
473
487
538
639
780
855
798
570
306
238
408
731
1008
1188
1275
1263
1058
683
338
296
619
1087
1317
1146
637
75
-338
-505
-452
-143
335
692
445
-634
-1906
-2551
-2097
-1111
-291
49
142
86
-292
-1087
-1746
-1535
-288
1197
1858
1392
343
-432
-485
98
879
1622
2076
2104
1596
722
-70
-212
432
1503
2260
2269
1545
554
-182
-432
-242
174
614
803
488
-388
-1415
-2042
-1915
-1336
-862
-872
-1285
-1793
-2169
-2466
-2611
-2413
-1794
-1083
-809
-1157
-1757
-2043
-1778
-1178
-639
-302
-135
-54
-145
-357
-464
-216
332
836
948
697
365
241
383
672
959
1159
1222
1093
815
501
316
348
598
903
1090
967
593
158
-47
73
364
602
681
700
635
475
210
6
69
412
776
881
689
408
226
166
190
255
333
348
260
77
-102
-270
-385
-399
-206
94
258
119
-191
-371
-317
-148
-56
26
203
415
471
314
135
173
392
630
736
773
776
750
662
592
664
899
1166
1255
1056
596
94
-201
-103
226
398
67
-574
-1082
-1185
-1146
-1339
-1729
-1888
-1650
-1396
-1681
-2421
-2868
-2510
-1669
-1235
-1535
-2038
-2051
-1598
-1208
-1168
-1128
-714
-140
6
-341
-605
-216
563
1017
838
506
532
851
989
763
548
647
903
897
582
243
170
223
228
154
128
97
-40
-296
-439
-308
-19
213
280
262
235
228
236
316
496
722
870
965
1041
1135
1173
1168
1183
1355
1587
1687
1508
1178
960
1012
1214
1290
1147
870
694
626
547
345
117
-36
-81
-160
-304
-494
-599
-539
-330
-114
-24
-118
-271
-352
-298
-98
180
506
797
984
964
729
268
-243
-496
-202
419
722
169
-944
-1715
-1660
-1190
-1088
-1473
-1732
-1503
-1261
-1720
-2740
-3282
-2661
-1404
-724
-1091
-1863
-2140
-1855
-1528
-1381
-1077
-381
247
178
-478
-840
-302
722
1319
1180
815
792
980
916
538
333
591
1025
1066
535
-199
-721
-909
-864
-677
-459
-413
-735
-1274
-1643
-1552
-1127
-665
-342
-82
149
235
129
24
209
739
1391
1871
2062
1994
1806
1655
1749
2143
2674
2977
2864
2453
2109
2048
2175
2245
2143
1961
1801
1606
1258
863
593
562
616
585
412
197
17
-80
-58
106
327
458
408
308
321
460
613
735
939
1147
1060
397
-532
-988
-588
47
-64
-1195
-2425
-2784
-2383
-2203
-2752
-3384
-3235
-2565
-2457
-3378
-4440
-4421
-3311
-2243
-2131
-2646
-2907
-2607
-2219
-2022
-1710
-930
-52
223
-172
-484
-77
804
1386
1350
1137
1247
1583
1651
1353
1121
1319
1683
1701
1212
552
43
-256
-432
-529
-598
-798
-1191
-1576
-1689
-1502
-1268
-1111
-912
-547
-119
107
121
161
485
1043
1594
1919
2011
2001
2049
2195
2386
2582
2748
2847
2769
2535
2278
2147
2132
2102
1992
1788
1552
1294
1031
807
659
588
534
447
310
135
-2
-10
167
437
624
686
715
785
857
904
991
1026
679
-169
-1002
-1055
-439
-217
-1192
-2709
-3336
-2725
-2081
-2583
-3714
-3978
-3011
-2203
-2876
-4454
-5116
-4023
-2274
-1515
-2019
-2679
-2525
-1773
-1125
-670
-12
793
1117
656
114
397
1441
2314
2366
1983
1903
2217
2297
1821
1246
1156
1454
1514
984
168
-501
-905
-1161
-1268
-1240
-1292
-1683
-2279
-2560
-2290
-1854
-1753
-1888
-1714
-961
-95
319
298
397
965
1768
2283
2314
2101
2036
2262
2624
2867
2923
2875
2780
2685
2605
2558
2479
2320
2095
1948
1854
1703
1424
1135
977
954
946
858
701
559
543
644
763
782
725
716
846
1029
1181
1246
1097
471
-686
-1788
-1978
-1299
-941
-2005
-3948
-5056
-4542
-3503
-3565
-4718
-5466
-4869
-3831
-3868
-5096
-6008
-5292
-3412
-1974
-1859
-2472
-2626
-1854
-538
745
1696
2181
2077
1604
1401
2000
3163
4037
4014
3416
3040
3216
3464
3246
2616
2068
1837
1590
956
54
-624
-786
-645
-653
-1059
-1804
-2672
-3356
-3455
-2870
-2113
-1991
-2562
-2963
-2390
-1104
-91
179
197
595
1279
1705
1610
1362
1436
1949
2573
2906
2784
2435
2250
2393
2641
2646
2315
1830
1470
1376
1496
1636
1603
1340
1053
963
1043
1036
830
629
733
1105
1446
1545
1533
1702
2121
2541
2690
2579
2312
1753
600
-761
-1330
-927
-989
-2846
-5389
-5963
-4007
-2196
-3080
-5705
-6970
-5831
-4568
-5381
-7315
-7581
-5276
-2509
-1571
-2333
-2841
-2009
-552
351
627
947
1395
1415
965
1036
2338
4080
4697
3791
2596
2326
2768
2774
1895
849
512
900
1213
849
83
-361
-216
56
-101
-717
-1468
-2020
-2114
-1576
-675
-136
-432
-1009
-779
437
1492
1306
285
-212
398
1325
1623
1266
889
916
1217
1409
1248
809
487
552
830
880
581
291
334
659
927
913
637
341
309
637
1132
1440
1443
1362
1437
1654
1888
2137
2434
2685
2785
2865
3126
3467
3429
2479
428
-2176
-4140
-4699
-4479
-4878
-6029
-6306
-4567
-2181
-1747
-3739
-5708
-5207
-2820
-1222
-1680
-2542
-1536
1267
3627
3856
2483
1219
902
993
732
160
-171
-80
-8
-310
-678
-735
-788
-1534
-2902
-3820
-3456
-2288
-1497
-1442
-1299
-297
1170
1989
1747
1102
970
1486
2151
2516
2436
1979
1287
653
234
-180
-965
-2028
-2599
-2086
-913
-179
-344
-674
-273
800
1672
1812
1502
1293
1438
1817
2130
2103
1789
1566
1719
1984
1900
1395
940
909
1195
1478
1677
1902
2197
2442
2538
2444
2106
1607
1239
1305
1772
2310
2524
2407
2206
2226
2511
2858
2861
1834
-844
-4878
-8439
-9603
-8516
-7464
-7882
-8322
-6679
-3642
-2444
-4521
-7101
-6382
-2106
2174
3498
2745
2890
4951
6946
6597
4105
1662
814
959
586
-708
-1928
-2287
-2470
-3431
-4884
-5484
-4756
-3744
-3438
-3347
-2260
-119
1798
2586
2819
3622
5030
5927
5555
4388
3513
3267
3061
2369
1345
382
-652
-2223
-4223
-5870
-6675
-6977
-6854
-5496
-2528
643
2144
2048
2071
3012
3887
3840
3376
3307
3508
3421
2855
1866
456
-940
-1595
-1379
-1058
-1173
-1201
-557
474
1159
1469
1809
2284
2707
3087
3443
3398
2765
2135
2215
2796
3130
3019
2921
3084
3252
3195
3016
2908
2697
1583
-1562
-6599
-10994
-11924
-9755
-8016
-8616
-9098
-6498
-2311
-1037
-3824
-6486
-4641
930
5548
6324
4873
4515
6060
7261
5872
2376
-708
-1750
-1709
-2533
-4470
-5865
-5732
-5274
-5843
-6778
-6234
-3940
-1694
-818
-454
1094
3921
6350
7074
6698
6687
7357
7680
6706
4725
2814
1596
767
-212
-1342
-2378
-3544
-5158
-6786
-7533
-7233
-6525
-5384
-2901
1036
4787
6549
6379
5624
5070
4553
3964
3428
2771
1725
560
-308
-1184
-2585
-4102
-4710
-4141
-3095
-2094
-1044
80
1001
1688
2425
3253
3823
3928
3782
3599
3411
3173
2870
2512
2258
2460
3176
3824
3727
3005
2480
2673
3177
2873
605
-3960
-9048
-11621
-10498
-8096
-7651
-8638
-7612
-3446
389
246
-2792
-4040
-933
4171
7074
6349
4384
3933
5085
5478
3289
-684
-3946
-5193
-5485
-6234
-7248
-7269
-6330
-5674
-5705
-5278
-3280
-517
1300
1738
2296
4317
6987
8236
7382
5951
5491
5758
5173
2944
-91
-2416
-3395
-3713
-4250
-5181
-5994
-6311
-6129
-5637
-4887
-3770
-2200
-177
2319
5142
7327
7672
6164
4295
3232
2546
1447
69
-932
-1537
-2041
-2496
-2777
-2961
-2945
-2208
-641
1099
2155
2618
3144
3879
4346
4460
4575
4654
4412
4016
3931
3919
3489
2839
2609
2859
3126
3209
3161
2993
2808
3019
3569
3288
393
-5485
-11523
-13880
-11814
-8918
-8494
-9041
-6923
-2022
1468
351
-3243
-4245
-622
4519
6695
5126
2976
2977
4413
4360
1337
-2979
-5792
-6483
-6646
-7423
-7868
-6761
-4943
-3825
-3458
-2434
72
2874
4216
4020
4213
6077
8284
8596
6944
5195
4552
4276
2859
-8
-3101
-5038
-5668
-5814
-5948
-5709
-4977
-4071
-3284
-2578
-1645
-515
566
1673
3458
5941
7454
6469
3832
1625
426
-630
-1825
-2664
-3083
-3311
-3071
-2220
-1437
-1223
-1024
104
2049
3558
3981
3960
4319
4872
4951
4671
4435
4103
3524
3047
2830
2559
2104
1787
1826
2081
2494
2873
2856
2596
2843
3788
4145
1638
-4464
-11189
-14084
-11964
-8801
-8219
-8520
-5827
-240
3494
2103
-2035
-3595
-366
4572
6492
4465
1957
2059
3958
4019
386
-4713
-7744
-7982
-7723
-8576
-9159
-7594
-4528
-1904
-633
368
2288
4565
5672
5111
4529
5452
7107
7492
6097
4114
2694
1633
-220
-3144
-6251
-8140
-8256
-7241
-5837
-4489
-3274
-1941
-431
976
1990
2418
2493
2841
4253
6390
7129
5171
1930
-292
-1229
-2123
-3371
-4146
-4025
-3267
-1966
-474
700
1253
1771
3039
4500
5012
4486
3999
4138
4222
3808
3499
3480
3322
2992
2748
2420
1484
447
394
1263
1967
2128
2357
3253
4466
4903
3901
624
-4993
-10864
-13727
-12290
-9480
-8165
-7074
-3594
1441
4095
2399
-927
-1851
788
4493
5690
3812
1511
1294
2542
2262
-1285
-6301
-9573
-10052
-9485
-9679
-9586
-7555
-3889
-295
2056
3743
5472
6962
7346
6397
5258
5280
6115
6244
4919
2724
768
-915
-3055
-5918
-8596
-9662
-8817
-7043
-5189
-3413
-1593
454
2535
4240
4929
4489
3745
3418
3860
4465
4033
2145
-206
-1630
-2166
-2912
-4067
-4634
-3961
-2328
-632
615
1475
2246
3273
4366
4953
4685
3868
3294
3309
3360
3212
3172
3432
3684
3435
3003
2595
2072
1467
999
1024
1509
2206
2896
3417
3634
3356
1394
-3349
-9607
-13824
-13266
-9892
-7634
-6732
-4109
1271
5749
5474
1794
-760
350
3583
5105
3410
538
-364
1300
2274
-512
-6138
-10729
-11764
-10541
-9825
-9601
-7747
-3472
1507
4716
5981
6678
7628
8342
7735
6116
4990
4951
5009
3902
1496
-1068
-3175
-5112
-7326
-9644
-10665
-9401
-6428
-3204
-743
1067
2818
4561
5827
5946
4688
3053
2226
2543
3196
2808
1022
-1080
-2165
-2224
-2467
-3369
-3960
-3348
-1669
291
1752
2462
2638
2781
3144
3327
2917
2188
1827
2182
2811
3096
3253
3618
3992
4131
4046
3741
2908
1751
1083
1138
1248
1204
1530
2317
2376
-260
-5679
-11205
-13540
-12145
-9693
-7943
-5472
-609
5308
8625
7386
3772
1633
2565
4421
4004
1221
-1046
-655
1253
1368
-2025
-7139
-10888
-11996
-11707
-11291
-9902
-6336
-1122
3713
6528
7667
8292
8668
8110
6353
4441
3560
3536
3254
1926
-300
-2491
-4164
-5711
-7639
-9570
-10136
-8537
-5334
-1623
1742
4306
5829
6391
6375
5629
3700
1103
-440
72
1214
1036
-332
-1356
-1656
-2069
-2681
-2833
-2405
-1772
-668
1066
2515
2729
2151
2001
2208
1933
1204
902
1423
2185
2830
3587
4276
4542
4616
4958
5308
4838
3767
3091
2958
2606
1898
1756
2365
1628
-3368
-11669
-17810
-17179
-11996
-8607
-7982
-5177
2642
10966
13070
8586
3175
2099
5074
7129
4721
-323
-3170
-1602
1062
-272
-6281
-12465
-14514
-13137
-11978
-11683
-9548
-4356
1930
6367
8415
9507
10370
10402
8396
4967
2366
1749
2048
1335
-987
-3676
-5261
-5775
-6589
-8437
-9796
-8556
-4737
-181
3319
5314
6432
7203
7610
6953
4569
1034
-1952
-2573
-905
722
445
-1092
-1902
-1575
-1191
-1253
-1320
-1002
-184
1304
2979
3651
2680
1005
-66
-424
-800
-1395
-1265
175
2381
4570
6173
6859
6620
6088
5926
5660
4750
3729
3430
3707
3860
3956
3864
1715
-4720
-13978
-20453
-19917
-14629
-10333
-7971
-3402
5292
13597
15389
10548
4445
2208
4031
5536
3282
-1383
-3891
-2073
748
-380
-6282
-12818
-15700
-14881
-13153
-11510
-8227
-2343
4351
9007
10692
10681
10063
8759
5953
2166
-471
-794
75
-139
-1994
-4056
-5055
-5386
-6405
-8277
-9352
-7580
-2876
2710
6881
8671
8776
8299
7414
5268
1287
-3161
-5672
-5264
-2907
-534
722
963
923
1107
1227
849
86
-213
442
1816
3008
3123
2330
1082
-184
-1393
-2460
-2851
-2298
-607
2041
4797
6798
7703
7865
7756
7263
6138
4665
3508
3233
3715
4288
3939
841
-6244
-14816
-20168
-19979
-16932
-14174
-10048
-2166
7968
14971
15508
11620
7433
5410
4666
3057
-184
-3271
-3923
-2137
-1007
-3586
-8800
-12914
-13935
-13327
-12762
-10828
-5816
1279
7664
11335
12750
12894
11941
9400
5124
406
-2944
-4169
-4163
-4355
-5204
-5822
-5455
-4874
-5205
-6249
-6133
-3494
857
5275
8270
9543
9461
8368
6370
2980
-1558
-5846
-7908
-6900
-4194
-1911
-735
293
1803
3127
3435
2949
2411
2212
2431
2829
2833
2074
745
-357
-980
-1517
-2133
-2400
-1393
774
3235
5292
6753
7775
8155
7858
7102
6203
5502
5175
5438
5626
3735
-2571
-12184
-19807
-21469
-18845
-16668
-14552
-8122
3413
14266
17808
14431
9651
7924
8326
6816
1688
-4281
-6558
-4099
-1051
-2458
-8451
-14054
-15454
-13997
-13067
-12631
-9442
-2278
6465
12908
15688
15911
14645
11938
7231
1493
-3421
-6209
-7042
-7327
-7966
-8604
-8123
-6640
-5635
-5804
-5763
-3504
1016
6004
9531
11058
11256
10684
9063
5530
121
-5494
-8857
-8702
-6259
-3937
-2709
-1576
509
2941
4240
3886
2747
2293
3147
4350
4374
2855
1147
550
847
794
-270
-1538
-1665
-157
2179
4047
4975
5523
6274
7091
7036
5836
4113
3061
3127
2759
-718
-8135
-15441
-17812
-15076
-12016
-10660
-7361
703
10179
14479
12269
8006
6245
6914
6611
3189
-2025
-5413
-4858
-2597
-3084
-7710
-12669
-13855
-11898
-10334
-9976
-7810
-2070
5270
10664
12949
13384
12935
11258
7577
2399
-2611
-5957
-7291
-7732
-8365
-8971
-8456
-6662
-5076
-4676
-4550
-2885
586
4471
7329
8747
9145
8711
7369
4789
927
-3550
-7132
-8086
-6192
-3086
-657
729
1978
3417
4154
3422
1614
90
-273
357
1175
1364
1059
896
1393
2048
2186
1958
2298
3710
5475
6752
7323
7555
7615
7305
6480
5185
3566
2373
1186
-1873
-8949
-17729
-22260
-20121
-15207
-12293
-8921
-295
12342
20845
20053
13612
8670
7988
8014
4617
-2135
-7995
-8874
-5656
-3779
-7321
-13955
-17374
-15479
-11882
-10117
-8555
-3627
4475
12152
16355
17275
16334
14114
10191
4440
-1866
-6943
-9682
-10606
-11063
-11226
-10134
-7333
-4501
-3480
-3537
-2359
1059
4961
7556
8422
8350
7900
6905
4911
1138
-3941
-8431
-9864
-7812
-4424
-1942
-313
2033
5344
7788
7535
4869
1756
-14
-176
85
-535
-1839
-2505
-1411
642
1913
1900
1561
2402
4377
6556
8145
8941
9442
9883
10273
9850
8311
5764
1850
-4895
-14583
-22825
-25012
-21435
-17292
-14268
-8061
3782
16061
20758
16914
10967
8676
9541
9147
4909
-1233
-4996
-4303
-2084
-3440
-9736
-16390
-18594
-16741
-14563
-13012
-9044
-1138
8060
14723
17655
18019
16508
12933
7356
955
-4493
-7831
-9191
-9853
-10530
-10559
-8846
-6121
-4542
-4834
-5122
-3080
1053
5151
7673
8677
8779
8163
6584
3761
-524
-5492
-9065
-9356
-6716
-3608
-1506
376
3296
6550
8130
7192
4775
2531
1245
699
146
-784
-1549
-1311
33
1356
1817
1811
2355
3778
5397
6685
7732
8732
9796
10465
10692
10259
7798
834
-10649
-21099
-24775
-22009
-18903
-16930
-11185
1186
14404
19659
16104
10272
8089
8733
7752
3250
-2210
-4319
-2060
813
-673
-6944
-13070
-15196
-14688
-15077
-15583
-12184
-3755
6011
12806
16019
17279
17122
14513
8841
1609
-4597
-8023
-9016
-9422
-10160
-10301
-8350
-5199
-3342
-3728
-4372
-2758
890
4570
6719
7413
7430
7054
5985
3399
-1040
-6160
-9587
-9563
-6921
-3877
-1591
520
3049
5150
5725
4524
2608
1205
943
1436
1583
1039
490
922
2018
2529
1912
1127
1428
2909
4605
5999
7203
8550
9882
10601
10483
8676
3996
-4767
-14934
-21219
-20810
-16958
-14191
-10623
-2053
10420
18614
17548
11144
6585
6207
6275
3371
-1479
-4549
-3505
-391
351
-3733
-10062
-13928
-14174
-13569
-13938
-12505
-6454
2833
10668
14513
15471
15108
13346
9115
2914
-3068
-6869
-8180
-8389
-8625
-8714
-7765
-5688
-4017
-3743
-4270
-3540
-838
2793
5678
6915
6975
6367
5362
3362
23
-4061
-7291
-8081
-6380
-3539
-1188
461
2344
4672
6109
5174
2448
-60
-916
-658
-553
-969
-1225
-417
1328
2963
3544
3306
3610
5210
7212
8354
8243
8075
8302
8758
8088
4740
-2568
-12182
-19065
-20028
-16977
-14823
-12744
-6402
5320
15792
18399
14315
9944
9446
10410
8450
2641
-3291
-5020
-2580
-632
-3333
-9586
-14257
-14638
-12844
-12212
-11816
-8385
-996
7290
12890
15262
15416
13992
10438
4702
-1603
-6365
-8505
-8905
-8981
-8859
-7731
-5483
-3674
-3666
-4849
-5021
-2832
996
4566
6446
6937
6947
6863
5457
1661
-3697
-8151
-9514
-7838
-4770
-2112
-164
1996
4826
7038
6809
4134
1020
-411
-171
203
-267
-1184
-1191
77
1820
2707
2360
1993
3001
5419
7937
9512
10202
10378
10170
8759
4522
-4167
-15174
-22667
-23039
-18675
-15084
-11597
-3765
8707
18662
19549
14029
9459
9374
10320
7894
2530
-1673
-1668
839
1054
-3868
-11232
-15721
-15748
-14467
-14620
-13779
-8209
1459
10502
15460
17246
17671
16553
12397
5414
-1863
-6869
-8945
-9518
-9958
-10127
-9004
-6665
-4936
-5111
-6121
-5714
-2809
1417
5256
7754
8774
8811
7943
5794
1719
-3787
-8448
-10057
-8395
-5402
-3003
-1239
781
3294
5185
5317
3769
1793
781
848
1015
294
-818
-1106
-106
1317
1921
1755
1978
3571
6301
8823
10422
10949
10995
10434
7561
454
-10526
-19852
-22997
-20618
-18031
-16197
-10617
414
11544
15312
12047
8196
8556
11355
11717
8182
3942
2810
4660
5160
736
-7342
-14029
-16290
-15859
-15800
-15583
-11964
-4180
4601
10647
13624
15040
15293
13443
9224
4448
801
-1558
-3738
-6156
-7787
-7826
-6897
-6772
-7880
-8861
-7943
-4955
-1155
2237
4439
5782
6752
7464
6815
3811
-618
-4199
-5398
-4814
-3892
-3299
-2672
-1538
82
1521
1983
1443
1036
1828
3333
3719
2329
359
-636
-545
-239
-71
366
1530
3799
6892
10001
11726
11604
10308
7588
2022
-7152
-15939
-20010
-18583
-15597
-12584
-7147
1247
8890
10617
7409
3832
3377
5292
6783
6681
5930
6312
7828
7891
3874
-3706
-11050
-15135
-16277
-16286
-15101
-11037
-4085
3433
8749
11508
12544
12161
9997
6334
3053
1401
1057
492
-1009
-2758
-3954
-4744
-6301
-8778
-10758
-10358
-7562
-3715
312
4127
7177
8389
8102
6937
4685
1044
-2738
-4523
-4210
-3186
-2408
-1621
-878
-665
-711
-603
-387
-449
-144
1304
3096
3919
3306
2278
1309
514
67
323
1147
2256
4197
7003
9627
10810
10118
7210
634
-8656
-16279
-18417
-15990
-13502
-10853
-5364
3536
10544
10546
4981
-558
-1331
1670
4634
5130
4680
6349
9940
11537
7593
-665
-8816
-13704
-15491
-15738
-14437
-10818
-4666
2170
7539
10422
11022
9897
7073
3513
885
448
1387
1720
828
-269
-519
-936
-3214
-7209
-10532
-10813
-8150
-4341
-1031
1556
3767
5899
7458
7592
5646
2250
-504
-1349
-713
-321
-686
-1240
-1436
-1284
-1061
-899
-954
-779
243
2137
3699
3862
2859
1772
1300
1234
1160
1088
1245
2209
4294
6571
7899
7847
6996
4294
-2399
-11243
-17083
-16549
-13200
-11399
-9431
-3588
5407
10653
8626
2488
-1496
-508
2790
4629
3806
3234
5516
9176
9537
4350
-3458
-9580
-12556
-13858
-14203
-12664
-8613
-2897
2296
6075
8407
9596
9100
6602
3772
2498
3360
4253
3435
1275
-591
-1659
-3352
-6613
-10332
-12332
-11573
-8623
-4578
-561
2549
4602
6322
7842
8019
6049
3114
1441
1538
2160
1924
607
-1264
-3031
-4109
-4497
-4587
-4166
-2392
862
4182
6089
6434
5884
4772
3408
2277
1711
1490
1685
3004
5160
6796
7004
6584
5809
2324
-5434
-14147
-18259
-16297
-13183
-11571
-8883
-1895
6797
10344
6892
458
-2524
-441
3316
4775
3858
4167
7531
11013
10047
3969
-3637
-9040
-11752
-13136
-13541
-12271
-8782
-4282
-303
2794
5212
6868
6527
4675
3474
4664
7182
8266
7136
5097
3526
1691
-1775
-6911
-12108
-15388
-15588
-12512
-7706
-2986
439
3473
6646
9067
9419
7556
5362
4085
4433
5436
5602
3665
193
-2898
-4727
-6114
-7735
-8486
-6844
-2886
1575
4852
6400
6817
6896
7004
6744
6053
5370
5528
6511
7467
7729
7331
6407
3492
-3727
-13706
-21127
-21903
-18672
-16494
-14276
-7939
2951
11157
11577
6499
2195
2211
4500
6140
5785
5078
5797
7871
8793
6055
-124
-7313
-12623
-15188
-15330
-14056
-11983
-9020
-5197
-603
3362
5656
6016
5459
5367
6208
7896
9404
9913
9133
7269
4437
174
-5140
-10489
-14514
-16632
-16169
-12855
-7705
-2701
736
3057
4885
6665
7965
8470
7944
7195
7413
8414
8278
5507
1254
-2408
-4613
-6062
-6956
-6922
-5640
-3258
-287
2442
3839
4038
4158
5069
6282
7145
7917
8794
9669
9541
8784
7553
5523
969
-6987
-14945
-19308
-18779
-17599
-16831
-13701
-5855
2886
6012
3902
1270
2123
4216
5198
5160
6067
8390
10344
10530
8083
4085
-529
-4883
-8856
-12125
-13427
-12685
-10384
-8074
-5998
-4111
-2555
-1202
75
1910
3591
4969
6271
8130
9696
9349
7204
4224
1594
-1470
-4659
-7395
-9049
-9731
-9504
-7881
-5754
-3763
-2235
-59
2346
4145
4974
5807
7337
8811
9419
8559
6703
4277
1896
-411
-2655
-4254
-4575
-3679
-2548
-1695
-806
303
1630
2790
4028
5290
6618
7875
8702
9126
8888
8546
7447
5172
353
-6432
-12732
-16298
-16972
-17237
-16047
-11668
-3989
2186
3429
1536
186
1349
3227
4780
5489
6236
7441
8710
8986
6952
3307
-701
-3683
-5849
-7787
-9409
-10150
-9095
-6800
-4415
-3230
-3135
-2994
-2076
-270
1452
2608
2858
3093
3926
4904
4807
3075
1253
146
-297
-1251
-2486
-3388
-3511
-2892
-2133
-1916
-2639
-3137
-2357
-383
1281
2332
3535
5412
7241
8004
7456
5866
3848
2117
960
47
-842
-1374
-1171
-718
-520
-712
-729
-246
1017
2896
4815
6262
7085
7727
7855
6850
4012
-249
-4345
-7292
-8929
-10711
-12156
-11853
-8713
-4553
-2382
-2433
-3236
-2514
-755
1409
3079
4347
5574
6818
7804
7212
4874
1483
-1130
-2523
-3352
-4365
-5527
-5639
-4728
-3203
-2247
-1909
-1837
-1625
-970
-233
237
-57
-431
-421
67
145
-265
-735
-922
-747
-569
-242
30
476
1247
2077
2484
2133
1493
786
-48
-913
-1393
-1162
-435
689
1948
3045
3570
3660
3446
2802
1862
986
756
1026
1634
2156
2339
2177
1995
2200
2584
2823
2833
3034
3663
4449
4869
4455
3368
1577
-657
-3126
-5530
-7621
-9696
-10673
-10186
-8060
-6056
-4986
-4427
-3660
-2216
-718
959
2398
3834
5095
6293
6733
5891
3935
1672
70
-1095
-1985
-3116
-3982
-4261
-3901
-3328
-2986
-2587
-1915
-819
274
1127
1318
1015
413
60
-176
-467
-1014
-1709
-2145
-2222
-1908
-1655
-1361
-844
204
1301
2109
2424
2447
2259
1963
1813
1665
1510
1261
1266
1368
1381
1295
1202
1017
401
-232
-479
-178
205
556
895
1230
1597
1987
2420
2624
2813
3200
3734
4031
4061
3981
3773
3098
2159
1285
437
-860
-2752
-4693
-6166
-6949
-7082
-6561
-5732
-4793
-3902
-2841
-1843
-1219
-858
-401
512
1422
2075
2345
2448
2373
1886
1073
176
-494
-1024
-1395
-1562
-1518
-1316
-960
-386
178
526
736
1001
1017
438
-406
-964
-1292
-2038
-2909
-3311
-3082
-2740
-2466
-1998
-1353
-474
754
2133
2868
2798
2585
2772
3030
2851
2398
1801
1241
858
845
881
510
-94
-585
-789
-993
-1055
-960
-741
-526
-6
1024
1981
2366
2192
2150
2340
2475
2257
1673
1107
842
930
887
533
258
349
515
324
29
-130
-100
-302
-569
-963
-1224
-1190
-999
-857
-1010
-987
-924
-1115
-1778
-2319
-2425
-2243
-1963
-1641
-1200
-794
-344
91
348
391
353
334
388
682
1217
1718
1733
1312
691
109
-431
-1125
-2223
-3547
-4374
-4307
-3734
-3374
-3169
-2706
-1776
-652
232
687
770
1016
1791
2900
3647
3728
3308
2734
2175
1568
806
-225
-1192
-1716
-1672
-1495
-1353
-1377
-1228
-807
-96
588
1109
1658
2338
2938
3084
3025
2759
2295
1456
456
-362
-1044
-1405
-1472
-1367
-1372
-1420
-1097
-481
61
137
243
669
1579
2303
2619
2646
2813
3152
3138
2555
1402
233
-693
-1108
-1183
-1282
-1476
-1666
-1398
-932
-613
-705
-985
-970
-631
-75
395
818
971
877
612
344
-2
-810
-1829
-2644
-2927
-2900
-2911
-2923
-2792
-2296
-1809
-1526
-1503
-1429
-1263
-1033
-453
324
977
1117
1099
1229
1182
856
440
190
-119
-385
-474
-412
-753
-1352
-1528
-1291
-712
-292
251
745
1192
1620
2060
2234
1972
1683
1407
1286
754
204
-270
-615
-652
-636
-623
-767
-650
-516
-463
-683
-444
214
760
1262
1548
2202
2698
2929
2612
1906
1404
1135
873
243
65
140
485
788
1176
1737
1680
1602
1500
1523
1479
1518
1602
1359
880
407
184
-399
-1178
-2062
-2809
-3146
-3217
-3028
-2910
-2481
-1784
-1032
-549
-452
-577
-949
-1098
-1084
-905
-631
-390
-230
-328
-486
-822
-1311
-1909
-2248
-2328
-2209
-1880
-1483
-1020
-791
-543
-240
15
62
-30
-78
-1
301
443
676
735
592
454
107
-173
-619
-749
-651
-505
-570
36
701
572
176
55
660
590
463
951
1592
1934
2359
2784
2723
1976
1279
786
106
-477
-471
-628
-490
296
1266
2073
1732
1903
2075
1966
2087
2133
2377
2379
2430
2358
2156
1277
485
-398
-1427
-1732
-2310
-2394
-2207
-1548
-619
268
656
903
866
671
748
253
277
497
397
214
-4
-205
-604
-1523
-2174
-2545
-2925
-2888
-2657
-2325
-1711
-1263
-895
-541
-647
-675
-1086
-1467
-1525
-1635
-1506
-1276
-1112
-1013
-968
-1133
-1035
-1376
-1642
-1436
-1481
-1071
-842
-614
-392
-517
-172
323
428
333
754
1101
1684
1571
1555
1703
1142
972
837
540
115
-315
-303
244
84
625
1018
1213
1459
1526
1736
2229
2227
2463
2545
2292
2706
2047
1669
1107
496
-73
-672
-935
-1132
-962
-985
-141
-17
541
1142
854
1226
1163
1742
1553
1552
1517
1378
747
416
357
-669
-1090
-1448
-1000
-1323
-1421
-979
-675
-307
72
514
430
433
271
-219
-747
-966
-996
-1676
-1903
-1693
-1837
-2184
-2294
-1974
-2087
-2321
-2351
-2099
-2190
-2173
-1937
-1822
-1367
-872
-462
-477
-198
147
311
229
94
290
-105
-38
2
-135
-580
-796
-690
-654
-472
-377
37
31
670
1086
1364
1550
1760
1953
2013
2185
1975
2028
1921
1976
1348
844
594
118
-462
-550
-249
-27
26
435
1283
1152
1488
1841
2359
2243
1886
2080
2019
1274
690
673
-12
-386
-639
-592
-863
-1375
-920
-81
-416
177
975
1300
1115
795
1382
1111
146
-165
235
-117
-392
-522
-677
-885
-1690
-1782
-1991
-2305
-2182
-2073
-1983
-1569
-1120
-1044
-680
-777
-581
-397
-530
-145
-328
-249
-99
-552
-522
-411
-716
-1060
-1401
-1288
-1112
-1419
-1228
-828
-642
-306
-239
-157
323
255
264
416
438
924
889
895
1168
756
492
36
-242
-670
-751
-648
61
47
163
1152
1034
1294
1140
1848
1802
1500
1663
2154
1624
1083
942
485
622
-646
-568
-549
-582
-877
-629
-81
503
297
401
1312
589
925
616
508
557
563
619
259
510
495
396
-723
-163
-318
-1246
-1293
-1350
-804
-1380
-1158
-461
-244
-555
-376
-156
-502
-15
-293
-170
-231
-55
198
-314
-252
-151
-102
-674
-793
-167
-136
-695
-784
-79
-18
-586
-290
95
463
49
-193
552
708
260
61
152
171
-512
-970
-534
-814
-1075
-418
-162
36
133
207
558
736
774
982
929
956
1447
856
798
850
417
291
-174
-61
87
-608
-388
394
-30
129
523
484
507
39
121
601
-237
-205
289
16
297
-187
-1
195
-459
-292
-183
-469
-89
-291
-426
-31
-417
-269
-57
-779
-304
-440
-716
-326
-345
52
-162
-281
269
752
-113
107
125
33
0
-381
228
-56
-562
-499
106
-389
-438
-488
32
297
-106
625
972
693
340
604
324
-194
-491
-714
-553
-929
-790
-479
-661
-221
25
-98
190
534
569
831
772
834
1272
710
506
667
229
-296
-625
-438
-615
-890
-628
5
-130
-165
632
608
464
221
441
686
-98
84
480
176
-330
-135
-238
-736
-845
-985
-906
-1061
-766
-421
-228
-118
339
228
-45
164
41
-21
-281
-281
212
-95
-473
73
333
-206
10
87
287
269
190
521
195
271
187
-158
-166
219
-341
85
201
216
510
499
669
645
457
193
259
-188
225
-294
-487
-97
-90
-231
-294
-165
-23
-119
-173
509
479
185
771
715
606
379
164
507
93
-232
-151
-217
-496
-303
-618
48
-229
-274
411
71
329
514
500
350
591
448
423
151
-180
8
-426
-491
-785
-828
-574
-947
-861
-501
-449
-590
-96
-272
-3
154
19
56
-136
14
-81
-529
-427
10
-267
-181
-247
251
288
-74
-108
36
-185
-453
-390
-343
72
32
-101
278
424
279
214
57
276
210
-189
-144
88
142
-218
-89
27
-55
-162
-285
-169
-348
82
154
115
685
917
724
770
724
484
243
-66
128
-96
-528
-200
-11
-285
-219
-151
62
70
-201
123
605
290
293
356
817
609
216
164
186
90
-244
-172
-650
-202
-717
-609
-321
-44
-222
-196
247
406
343
187
661
388
353
260
324
-37
-118
-236
-243
-136
-322
-209
89
-21
-276
-115
141
-125
-376
-203
335
46
-160
309
192
229
-12
48
66
-11
-251
-457
-61
-311
-285
-474
-142
70
-513
-199
-151
-202
-339
-124
-40
328
301
412
692
213
456
202
28
-364
-22
-162
-558
-478
-314
1
-673
-272
138
105
-32
222
399
296
159
293
322
202
22
264
-24
-256
-56
-475
-601
-687
-574
-458
-512
-598
-65
173
187
262
596
761
608
342
342
499
148
-12
-152
-13
139
31
-171
-138
28
-46
-129
-252
71
371
137
285
389
586
536
88
248
334
183
-124
-92
-8
33
-49
-368
-16
-186
-226
-377
-334
-159
-365
-337
-373
-239
-50
37
-271
47
184
282
117
-121
145
213
28
-135
-87
-278
-242
-524
-351
-158
-105
111
126
273
551
222
-29
296
130
137
127
448
445
200
-74
23
-401
-931
-661
-487
-659
-799
-141
324
104
-65
662
603
182
225
495
420
62
187
340
249
-106
297
59
-237
-271
-103
-297
-629
-74
211
442
165
728
893
623
275
156
419
-317
-62
7
98
-41
10
218
-326
-249
-252
-197
-257
-214
134
249
77
-58
52
237
-318
-230
52
-193
-199
-160
74
-222
-351
-148
-188
-367
-515
-240
-320
-359
-101
222
155
3
430
324
-97
-134
93
-100
-284
-37
185
76
-55
2
55
-253
-606
-373
-400
-539
-427
10
170
-124
324
486
240
-44
103
225
-92
-73
42
97
-8
199
153
-74
-261
-360
-284
-442
-228
-37
128
278
460
751
523
256
228
347
26
-83
94
43
13
-45
148
36
-212
-237
3
92
-96
98
121
230
149
226
275
-60
81
55
229
-56
-137
48
-20
-62
-138
208
-12
-390
-127
9
-188
-189
70
328
269
194
423
218
-152
-216
-55
-57
-204
-101
262
451
85
95
173
-59
-199
-283
-178
32
-123
30
384
378
400
200
180
251
92
24
67
-25
-7
155
35
54
-212
-381
-364
-626
-554
-493
-503
-393
-104
-104
35
-27
-104
-106
-237
-173
-351
-421
-442
-378
-569
-546
-628
-667
-559
-648
-448
-322
-298
-170
-6
93
270
181
257
358
315
307
149
233
163
182
108
184
249
97
86
183
500
302
323
712
897
856
767
887
727
468
323
491
408
126
278
582
569
286
323
332
176
85
196
348
465
607
835
904
893
870
757
384
197
314
210
4
-150
-97
-188
-536
-737
-979
-1333
-1640
-1800
-1740
-1943
-1999
-1912
-1843
-1865
-1793
-1616
-1609
-1559
-1506
-1283
-1114
-1085
-879
-663
-477
-310
-163
-52
39
35
110
258
421
653
777
849
979
1041
929
889
752
772
684
668
768
731
717
640
690
638
788
855
945
1082
1227
1586
1530
1523
1540
1664
1513
1307
1346
1442
1342
1042
1167
1402
1235
1031
1306
1318
1191
967
1133
1185
998
927
1107
1169
1032
768
206
-572
-1414
-1941
-2261
-2738
-3024
-3071
-3182
-3338
-3527
-3840
-4286
-4520
-4122
-3384
-2918
-2595
-2109
-1671
-1445
-1115
-805
-580
-449
-25
591
833
754
582
308
96
-4
101
29
-110
-55
73
70
-83
-141
-125
9
233
513
745
709
624
671
680
656
821
1046
1238
1307
1457
1552
1464
1393
1504
1701
1854
1932
2196
2378
2157
1949
1691
1721
1571
1552
1649
1500
1486
1432
1529
1432
1298
1367
1365
1437
1609
1738
1454
1323
1376
1425
1222
751
69
-739
-1568
-2143
-2480
-2898
-3331
-3525
-3606
-3738
-4060
-4528
-4892
-4904
-4305
-3608
-2984
-2541
-2135
-1702
-1265
-849
-461
-92
246
729
1350
1715
1642
1450
1233
942
612
254
-244
-624
-934
-1218
-1460
-1656
-1794
-1947
-2006
-1835
-1615
-1324
-901
-571
-248
26
280
647
1004
1246
1462
1647
1796
1973
2070
2084
2121
2128
2309
2534
2620
2500
2279
2083
1947
1797
1763
1752
1592
1467
1375
1338
1169
1088
1103
1239
1373
1685
2213
2387
2296
2315
2473
2625
2413
2110
1533
481
-463
-1244
-1534
-2064
-2585
-3055
-3335
-3445
-3845
-4479
-5185
-5296
-4752
-3849
-3202
-2886
-2678
-2517
-2244
-1832
-1358
-972
-566
106
927
1557
1566
1189
840
804
990
1078
928
532
-49
-625
-1252
-2127
-2737
-3111
-3060
-2875
-2550
-2205
-2180
-2276
-2212
-1724
-936
-36
774
1468
1813
1859
1807
1757
1807
2052
2448
2847
3121
3116
2838
2378
1992
1881
2064
2281
2413
2406
2252
2019
1702
1252
893
780
948
1220
1421
1611
1649
1963
2321
2609
2719
2815
3049
3112
2922
2395
1385
149
-1008
-1474
-1618
-2025
-2631
-3308
-3560
-3836
-4350
-5129
-5546
-5153
-4189
-3129
-2543
-2482
-2635
-2560
-2158
-1572
-865
-339
200
868
1626
1909
1525
998
817
1266
1721
1815
1456
944
425
-93
-862
-2090
-2997
-3584
-3633
-3624
-3487
-3444
-3491
-3235
-2771
-2141
-1679
-971
-77
961
1607
1761
1773
1704
1855
2116
2364
2415
2319
2226
2204
2014
1624
1499
1682
2098
2257
2214
1960
1585
1343
1179
1089
1024
1240
1563
1879
2107
2146
2334
2666
3288
3707
3948
3993
4035
3884
3554
2758
1249
-115
-1021
-1021
-1302
-2223
-3403
-4231
-4351
-4654
-5265
-6059
-5989
-5042
-3770
-2895
-2884
-3063
-3154
-2512
-1519
-549
15
230
646
1267
1925
1762
1235
1014
1556
2441
2696
2257
1340
497
-48
-472
-1001
-1831
-2781
-3637
-3954
-3947
-4223
-4804
-5010
-4225
-2990
-2086
-1638
-1377
-884
-41
885
1516
1725
1836
2121
2499
2547
2136
1697
1574
1818
2092
2192
2052
1672
1468
1637
1760
1500
1190
1300
1657
1838
1712
1342
1076
1328
1935
2403
2466
2716
3224
3866
4331
4478
4479
4388
4493
4425
4096
2695
957
-403
-828
-832
-1705
-2974
-4258
-4528
-4587
-4978
-5868
-6399
-5695
-4420
-3291
-3125
-3259
-3299
-2942
-1963
-900
-30
217
541
1138
1872
2181
1802
1475
1494
2017
2256
1821
900
-127
-764
-1249
-1652
-2264
-2904
-3662
-4488
-5044
-5202
-5017
-5043
-4624
-3711
-2342
-1490
-1231
-996
-562
155
973
1970
2480
2581
2408
2357
2294
2053
1852
1692
1896
2110
2253
2066
1605
1190
1197
1689
1872
1715
1416
1467
1595
1433
1177
992
1301
1847
2561
2832
3022
3392
3973
4613
4959
5388
5378
5349
5007
4494
3114
1068
-501
-1001
-598
-1328
-2688
-4276
-4841
-4982
-5652
-6559
-7191
-6305
-4783
-3551
-3525
-4071
-4171
-3680
-2353
-1021
117
570
869
1383
1920
2006
1381
967
1187
2049
2586
2209
1133
-50
-715
-1071
-1528
-2159
-2680
-2915
-3082
-3588
-4368
-4926
-4940
-4398
-3650
-2834
-2126
-1543
-1135
-746
-324
191
983
1981
2697
2771
2269
1696
1512
1746
2031
2107
1897
1756
1712
1509
1060
602
604
1143
1713
1833
1492
1070
934
972
1228
1511
1877
2223
2609
2943
3114
3508
3881
4467
5026
5722
6057
5892
5480
4778
3887
2133
627
-361
-255
-627
-2053
-3822
-5068
-5275
-5771
-6559
-7360
-6871
-5359
-4087
-3841
-4470
-4678
-4172
-2886
-1457
-321
148
91
393
977
1504
1286
904
1035
1852
2686
2487
1430
161
-408
-417
-472
-928
-1692
-2139
-2466
-2685
-3249
-3978
-4604
-4781
-4171
-3392
-2703
-2495
-2157
-1624
-968
-356
179
876
1504
2077
2184
1967
1610
1497
1667
1808
1786
1610
1461
1267
1142
1090
1160
1308
1558
1789
1785
1586
1351
1296
1380
1562
1730
2019
2324
2545
2867
3247
3916
4538
5208
5650
6070
6370
6331
6012
5318
4444
2608
723
-601
-667
-756
-2051
-3837
-5236
-5368
-5684
-6586
-7730
-7705
-6090
-4433
-3790
-4465
-5014
-4768
-3544
-2019
-866
-222
-199
95
717
1518
1642
1277
1283
2090
3166
3375
2574
1259
199
-209
-268
-516
-1244
-2213
-2985
-3389
-3617
-4036
-4757
-5340
-5119
-4170
-3086
-2562
-2600
-2466
-1774
-735
127
668
959
1237
1551
1812
1884
1794
1766
1905
2220
2426
2404
2036
1690
1696
2005
2271
2166
1875
1615
1514
1492
1493
1428
1459
1597
1781
2013
2171
2371
2584
3165
4000
4765
5225
5468
5981
6411
6551
6213
5509
4620
2755
798
-742
-713
-722
-1797
-3678
-5287
-5549
-6046
-6922
-8377
-8310
-6731
-4885
-4251
-5178
-5809
-5605
-4102
-2364
-869
37
389
980
1566
2321
2314
2018
1920
2585
3550
3660
2907
1348
-18
-856
-912
-863
-1394
-2418
-3464
-3820
-3843
-4092
-4946
-5797
-5633
-4485
-3278
-2927
-3223
-3233
-2490
-1129
39
675
852
1107
1656
2214
2446
2304
2325
2716
3315
3473
3126
2453
1978
1975
2320
2540
2204
1657
1312
1302
1200
923
671
784
1161
1509
1621
1584
1663
2098
2896
3694
4448
4938
5501
6009
6722
7063
6885
6440
5838
5269
3162
786
-1180
-1069
-782
-2090
-4374
-6350
-6372
-6594
-7416
-8996
-9123
-7319
-5216
-4352
-5381
-6093
-5767
-4090
-2165
-706
191
373
786
1239
2046
2226
2016
1946
2609
3669
3802
2795
964
-485
-1110
-997
-1049
-1811
-3039
-4098
-4533
-4657
-4766
-5196
-5488
-5209
-4268
-3254
-2906
-3017
-2945
-1947
-397
958
1566
1631
1741
2124
2727
3143
3284
3264
3358
3544
3573
3207
2559
2058
1972
2234
2327
1992
1289
697
581
812
818
506
278
544
1029
1196
1133
1285
1968
3023
3922
4398
4601
5017
5678
6385
6679
6801
6639
6582
6089
5107
2882
-51
-1843
-1971
-945
-2040
-4259
-6656
-7047
-6818
-7650
-9197
-10030
-8197
-5817
-4447
-5290
-6465
-6308
-4726
-2297
-615
587
870
1093
1488
2132
2664
2404
2269
2584
3521
3760
2730
820
-956
-1660
-1507
-1323
-1900
-3033
-4088
-4556
-4545
-4542
-4660
-4735
-4306
-3416
-2525
-2060
-2196
-2247
-1673
-260
1225
2171
2419
2331
2372
2598
2923
3080
3211
3298
3402
3305
2961
2222
1352
1024
1225
1542
1353
750
166
-88
136
407
554
593
934
1589
2032
2065
1872
2084
2842
3872
4610
4851
4888
5324
5877
6269
6092
5993
6180
6317
6175
4980
3395
623
-1644
-2916
-2586
-2348
-3897
-5900
-7562
-7450
-7844
-8865
-10185
-9799
-7301
-4907
-4064
-5280
-6096
-5557
-3581
-1297
227
1038
1013
1263
1590
2062
1908
1308
1190
1892
3024
3098
1943
21
-1421
-1677
-1156
-791
-1363
-2431
-3213
-3415
-3291
-3389
-3699
-3812
-3174
-1995
-1068
-941
-1312
-1402
-719
598
1905
2543
2483
2144
1959
2050
2169
2201
2247
2358
2411
2211
1724
1036
415
292
768
1344
1393
991
582
537
847
1259
1656
1953
2296
2532
2634
2555
2431
2520
2933
3597
4101
4254
4173
4074
4229
4379
4563
4521
4657
4800
4504
3936
2862
1793
-451
-2460
-3646
-3200
-2918
-4200
-5950
-7246
-6851
-6974
-7784
-9017
-8619
-6434
-4370
-3764
-4867
-5445
-4791
-2902
-1003
139
706
643
827
1136
1676
1636
1314
1375
2083
2928
2885
1878
238
-942
-1107
-506
-106
-631
-1692
-2566
-2753
-2589
-2584
-2884
-3035
-2428
-1344
-457
-541
-1227
-1627
-1038
283
1357
1803
1598
1325
1175
1261
1363
1435
1635
1961
2329
2322
1890
1140
771
1126
1908
2469
2460
2048
1619
1503
1658
1788
1861
2125
2558
2639
2202
1605
1307
1419
1772
2229
2475
2563
2524
2651
2733
2797
2935
3186
3695
3927
4162
3852
3446
2960
2535
1590
-610
-2440
-3176
-2240
-2466
-3952
-5773
-6331
-5885
-6405
-7634
-8845
-7926
-5860
-4234
-4269
-5285
-5426
-4730
-3202
-1982
-964
-442
-255
219
844
1608
1445
1137
1194
2170
3130
3149
2350
1059
326
211
507
405
-262
-964
-1429
-1411
-1439
-1676
-2247
-2533
-2153
-1318
-649
-744
-1217
-1557
-1073
-171
659
950
919
996
1171
1389
1373
1403
1569
2090
2633
2976
2833
2268
1850
1802
2145
2257
2094
1724
1430
1272
1079
739
369
332
634
911
818
525
283
413
799
1180
1383
1507
1794
2199
2534
2660
2694
2982
3518
4046
4255
4133
4035
3766
3817
3449
2727
706
-1283
-2297
-2159
-2150
-3806
-5550
-6704
-6256
-6436
-7563
-9005
-9048
-7251
-5583
-4885
-5576
-5837
-5251
-3964
-2546
-1543
-580
-198
379
1068
1904
2094
1668
1687
2384
3528
3960
3580
2619
1788
1501
1388
1219
776
333
-46
-426
-716
-1194
-1746
-2329
-2368
-1790
-1054
-773
-1203
-1658
-1776
-1267
-605
44
448
698
979
1220
1393
1327
1382
1555
2070
2619
2878
2512
1783
1338
1245
1398
1339
1121
826
769
831
635
201
-144
-20
356
822
1096
1092
995
1041
1407
1751
1884
1929
2137
2613
2896
2846
2649
2618
2941
3251
3408
3166
2865
2773
2663
2572
1913
1145
-595
-2337
-3468
-3442
-3182
-4176
-5324
-6324
-6115
-6409
-7287
-8415
-8430
-6780
-4985
-4033
-4561
-5121
-4964
-3936
-2467
-1283
-236
238
828
1431
2133
2362
2087
2220
2929
4120
4635
4383
3481
2591
2233
2182
1985
1398
688
147
-278
-556
-971
-1557
-2248
-2613
-2413
-1871
-1434
-1472
-1808
-1947
-1531
-801
-235
18
182
520
1059
1447
1519
1242
1100
1309
1872
2405
2403
1959
1446
1331
1459
1498
1291
986
932
1150
1349
1159
688
348
374
816
1315
1523
1281
1013
1020
1198
1274
1232
1240
1357
1507
1538
1351
1022
823
890
1229
1480
1503
1441
1386
1521
1401
1237
998
823
222
-1124
-2205
-2673
-2158
-2447
-3336
-4470
-4746
-4624
-5254
-6181
-6880
-6131
-4883
-3854
-3757
-4141
-4083
-3623
-2649
-1693
-628
166
672
1332
2023
2613
2474
2334
2553
3288
3986
4084
3690
3028
2655
2440
2202
1771
1250
858
471
107
-340
-834
-1396
-1938
-2102
-1941
-1576
-1491
-1630
-1919
-2127
-2016
-1654
-1196
-984
-699
-304
157
411
551
660
899
1436
2084
2542
2439
2200
2060
2128
2185
2033
1912
1744
1754
1704
1576
1233
709
406
263
370
298
188
20
-137
-219
-363
-512
-712
-648
-425
-221
-112
-35
147
324
660
1024
1404
1653
1938
2296
2606
2806
2753
2830
2694
2423
1242
-188
-1270
-1474
-1333
-2095
-3144
-4234
-4388
-4789
-5550
-6518
-6717
-5843
-4787
-3988
-3968
-3960
-3797
-3145
-2196
-1199
-159
548
1277
2020
2851
3291
3129
3125
3465
4218
4554
4481
4060
3511
3118
2730
2333
1656
970
423
49
-283
-815
-1433
-2151
-2654
-2853
-2789
-2744
-2843
-2876
-2760
-2602
-2494
-2320
-2066
-1739
-1294
-555
193
725
1009
1218
1457
1785
2262
2686
2884
2912
2932
2905
2565
2008
1456
1136
969
837
600
169
-342
-769
-931
-1056
-1197
-1294
-1174
-988
-864
-818
-794
-696
-450
-32
370
663
849
1020
1196
1441
1685
1878
1991
2184
2441
2623
2634
2491
2330
2131
1975
1785
1414
712
-396
-1264
-1780
-1867
-2243
-2831
-3294
-3436
-3328
-3664
-4159
-4629
-4346
-3624
-2794
-2233
-1932
-1620
-1297
-738
-113
488
907
1289
1914
2541
2963
2844
2485
2245
2299
2488
2340
2008
1515
1178
841
452
-41
-610
-1045
-1357
-1516
-1661
-1896
-2186
-2485
-2620
-2603
-2517
-2419
-2391
-2231
-1985
-1609
-1305
-1080
-865
-601
-147
392
998
1417
1705
1890
2048
2173
2185
2112
1965
1906
1889
1786
1414
891
390
68
-109
-229
-368
-516
-572
-641
-740
-884
-998
-969
-785
-425
-85
144
224
186
153
249
518
839
1163
1481
1758
1864
1821
1712
1759
1945
2235
2465
2564
2610
2487
2324
1991
1764
1567
1553
1595
1392
917
42
-526
-972
-1058
-1329
-1640
-1870
-1983
-1956
-2305
-2666
-3113
-3112
-2854
-2409
-2060
-2009
-2007
-2018
-1807
-1555
-1302
-1112
-957
-617
-281
-29
-89
-217
-291
-237
-29
177
400
415
383
275
190
59
-100
-189
-199
-101
-39
-30
-163
-368
-559
-649
-647
-622
-559
-565
-620
-762
-815
-816
-797
-671
-473
-149
55
250
320
382
456
546
693
780
934
979
1015
918
799
683
607
614
558
511
472
544
662
728
767
757
828
898
954
955
988
1113
1166
1234
1235
1244
1090
920
841
891
988
931
835
729
737
730
677
698
774
924
1036
1146
1143
1068
1029
989
977
923
920
870
655
382
-46
-435
-849
-1167
-1450
-1826
-2011
-2174
-2175
-2480
-2843
-3156
-3238
-3110
-3004
-2800
-2669
-2461
-2292
-2054
-1824
-1658
-1429
-1156
-795
-440
-81
206
308
414
540
725
800
799
779
755
821
863
823
598
334
108
-8
-124
-253
-443
-630
-762
-857
-916
-1065
-1257
-1406
-1275
-988
-727
-562
-349
-45
226
467
661
896
1159
1511
1897
2125
2239
2237
2244
2228
2172
2125
2049
2007
1906
1781
1587
1301
1045
813
664
411
258
265
242
25
-282
-409
-545
-659
-734
-627
-536
-470
-387
-394
-430
-482
-369
-253
-96
76
230
272
179
174
215
256
171
237
417
590
566
505
537
532
495
413
371
285
319
341
294
124
-68
-305
-723
-1024
-1152
-1132
-1270
-1443
-1546
-1615
-1717
-1990
-2194
-2305
-2213
-2026
-1865
-1752
-1736
-1700
-1607
-1453
-1304
-1160
-956
-687
-307
26
245
320
405
583
723
863
967
1103
1174
1233
1259
1182
1037
819
749
681
684
626
523
415
254
233
165
118
9
78
214
331
398
457
588
634
773
938
1061
1092
1162
1304
1347
1277
1199
1151
1056
932
895
752
564
312
195
-60
-370
-505
-596
-752
-996
-987
-1029
-1249
-1523
-1521
-1448
-1401
-1323
-1157
-1040
-931
-667
-440
-341
-282
14
261
453
609
750
828
810
953
1007
952
907
1007
1040
873
746
691
678
457
300
262
200
79
-138
-260
-396
-530
-589
-613
-689
-723
-668
-698
-721
-687
-575
-532
-562
-470
-360
-303
-274
-202
-196
-228
-231
-150
-91
-141
-159
-128
-96
-140
-196
-177
-137
-150
-82
2
-12
-92
-141
-111
-92
-48
52
66
2
-2
16
-6
-14
40
123
141
182
251
207
117
80
152
184
165
93
150
174
52
-23
-51
-16
-208
-255
-218
-278
-459
-422
-370
-503
-505
-378
-270
-427
-291
-121
-140
-263
4
178
108
132
369
632
445
459
556
648
515
428
400
305
266
254
337
229
182
192
152
146
157
251
161
100
246
421
294
153
325
489
510
423
495
489
411
499
537
394
342
443
533
353
182
115
90
37
-7
-8
-65
-54
-124
-102
-163
-279
-278
-186
-28
-96
-100
-22
-2
-69
-56
43
20
-28
-31
-16
-137
-196
-242
-369
-424
-423
-489
-628
-720
-747
-831
-916
-982
-1014
-1098
-1093
-1073
-1032
-952
-1031
-1095
-998
-847
-783
-672
-529
-342
-313
-131
51
37
68
245
414
469
604
680
660
504
592
619
542
468
455
503
487
413
324
270
203
115
54
231
199
134
182
374
301
248
390
449
430
376
668
596
521
643
738
634
579
706
604
539
491
627
459
364
479
418
219
181
278
182
110
16
152
78
-102
-60
-49
-65
-157
-123
-30
-48
-200
-130
-94
-176
-190
-168
-63
-224
-250
-256
-222
-342
-438
-379
-444
-449
-614
-625
-656
-661
-720
-736
-665
-633
-639
-662
-538
-574
-440
-411
-367
-245
-176
-40
-166
-23
156
95
-45
58
236
105
-69
-11
153
-40
-170
-131
-64
-129
-232
-238
-267
-192
-182
-198
-207
-96
4
-84
-56
100
167
86
116
270
340
242
211
241
354
408
326
280
219
392
289
123
181
373
323
203
343
504
404
268
431
529
422
357
545
461
439
361
456
484
333
263
215
274
250
134
6
119
37
15
-43
-68
-134
-251
-247
-243
-283
-370
-439
-435
-299
-346
-446
-467
-373
-352
-403
-491
-426
-408
-441
-510
-528
-345
-364
-600
-482
-252
-320
-527
-409
-131
-262
-439
-240
-47
-272
-190
-55
-30
-145
-20
163
138
136
269
330
158
350
394
352
249
392
602
493
371
409
586
371
336
424
544
420
187
355
370
234
141
161
130
-15
-21
-19
-237
-370
-347
-253
-468
-391
-305
-330
-477
-388
-173
-237
-286
-150
112
-45
117
71
283
179
214
314
362
410
253
364
279
300
114
245
201
148
72
131
4
-182
-67
-131
-193
-227
-120
-82
-280
-212
-122
-263
-287
-170
-80
-229
-190
-120
-29
-97
-143
-13
-12
-24
-73
-60
29
90
-24
39
127
56
65
39
129
9
-32
68
77
-21
-64
23
-84
-168
-135
-87
-153
-164
-141
-2
-50
-120
-82
-2
12
-23
39
137
163
128
222
262
218
261
387
282
308
348
329
378
269
235
227
208
219
117
15
74
76
-199
-191
-135
-175
-319
-402
-297
-308
-553
-518
-362
-538
-515
-485
-384
-377
-395
-326
-162
-227
-65
-53
-93
-60
12
93
64
92
48
219
44
-26
-12
28
-43
-165
-58
59
-33
-202
-92
-101
-5
5
-13
-4
66
221
144
122
162
202
292
252
314
351
337
321
282
333
320
305
219
308
241
277
185
103
107
66
109
-92
5
-43
19
-163
-186
-17
-72
-135
-176
-31
-74
-64
-70
59
-6
83
127
138
88
123
173
129
178
140
193
133
127
95
171
70
85
79
91
119
-36
-3
-50
-72
-32
-139
-142
-164
-128
-202
-267
-149
-268
-229
-250
-209
-263
-291
-173
-306
-300
-180
-154
-341
-341
-274
-274
-374
-439
-343
-360
-289
-361
-320
-228
-305
-284
-269
-34
-148
-131
-17
81
80
93
211
190
211
385
488
364
441
532
604
492
514
576
528
436
477
421
416
342
272
251
212
214
84
119
76
99
50
62
-18
-17
46
5
-100
-1
75
-10
-58
4
82
-160
-59
-47
-94
-187
-80
-66
-246
-127
-125
-158
-357
-150
-146
-294
-248
-158
-211
-320
-202
-184
-176
-227
-120
-142
-149
-77
-78
-117
-56
7
-31
-60
90
85
34
25
183
198
-24
81
63
157
-50
-27
101
104
-41
-179
-31
29
-180
-239
-149
-65
-142
-172
-118
-177
-112
-96
-130
-153
39
34
-10
-107
186
141
13
48
162
283
100
91
167
238
126
78
147
286
153
154
115
207
184
122
167
106
282
255
183
182
262
302
241
184
316
291
310
225
253
319
203
143
56
141
92
-49
-127
-112
-101
-208
-380
-369
-375
-382
-538
-562
-455
-558
-571
-599
-534
-509
-490
-465
-358
-336
-257
-192
-231
-118
23
-23
-27
59
160
186
16
146
188
75
-1
142
30
-22
-87
-112
-75
-157
-145
-157
-244
-145
-90
-188
-130
-130
15
29
59
91
261
224
256
321
450
466
354
465
464
485
376
439
306
351
341
285
194
107
176
26
23
-33
44
-138
-125
-71
-106
-95
-233
-43
-105
-155
-18
-53
-22
-78
82
177
98
101
196
320
247
215
258
297
244
128
152
188
54
-38
64
-71
-137
-216
-191
-265
-444
-189
-300
-452
-428
-279
-296
-498
-392
-242
-331
-336
-264
-75
-181
-119
-12
1
25
-45
136
52
85
74
212
119
76
101
62
73
-63
19
-106
-123
-116
-78
-184
-241
-148
-108
-212
-224
-118
-51
-110
-81
101
86
21
128
237
236
186
252
377
241
291
312
372
183
279
299
259
120
142
244
103
83
24
143
-20
47
-3
36
12
-10
-7
-11
61
-31
-38
-12
52
28
-19
-7
48
1
36
-10
-28
17
-18
-45
-49
-52
-93
-78
-116
-126
-138
-68
-154
-241
-170
-123
-218
-317
-135
-160
-231
-263
-117
-142
-239
-210
-98
-83
-137
-102
-85
-8
-98
-31
-2
2
-16
37
84
76
-28
86
76
30
59
133
165
14
142
172
125
106
133
222
102
81
247
133
120
63
207
189
107
99
151
107
117
70
90
123
60
79
-92
100
-33
7
-119
-41
43
-86
-97
-157
-53
-81
-155
-132
-68
-33
-111
-146
-60
-35
-68
-122
-6
-7
39
-27
29
-5
76
17
-1
59
11
71
-56
56
-68
-69
-101
-63
-199
-213
-77
-204
-198
-258
-168
-208
-220
-192
-164
-112
-141
-14
-128
-6
-3
-46
76
17
122
98
192
70
123
146
169
100
19
204
143
77
25
147
47
63
-30
0
104
35
46
-20
91
95
46
31
88
172
87
123
136
166
171
105
124
144
177
136
151
108
139
127
79
45
45
17
-10
-35
-87
-36
-114
-180
-181
-195
-170
-241
-301
-192
-230
-221
-295
-184
-198
-205
-176
-170
-54
-165
-12
-75
0
7
8
72
46
78
45
133
70
44
32
90
17
-88
22
-33
-112
-148
-56
-114
-220
-151
-122
-118
-206
-109
-70
-140
-70
-24
-17
-21
-27
76
107
80
90
131
179
157
174
200
255
184
183
250
237
179
200
225
152
221
161
157
51
133
160
44
46
53
123
-13
62
20
83
27
35
49
62
59
-32
81
38
105
-42
12
30
12
0
-83
-46
23
-47
-134
-87
-63
-82
-260
-136
-105
-151
-208
-195
-140
-201
-193
-288
-208
-178
-218
-165
-220
-105
-166
-200
-184
-145
-35
-98
-79
-79
97
-28
-97
-47
60
67
-20
36
121
119
-10
17
59
92
-17
11
52
80
38
8
-14
39
16
-2
-39
-26
104
-10
20
10
91
46
42
40
91
157
71
115
178
200
142
125
152
242
97
119
170
195
133
98
143
180
128
-15
142
128
60
-28
63
132
6
-68
13
81
-90
-102
-4
22
-98
-142
-10
-20
-145
-155
-89
-82
-149
-117
-118
-114
-181
-136
-169
-164
-138
-150
-103
-164
-89
-126
-103
-259
-114
-69
-64
-111
-108
37
-55
-75
-104
36
-48
24
-49
39
100
-4
-33
-11
101
37
0
59
98
73
43
52
74
-9
99
50
96
89
94
129
80
108
95
145
126
133
157
206
148
139
149
141
152
91
144
118
75
104
59
21
-22
35
20
-29
-16
2
25
-74
-79
-21
-50
-67
-58
-5
16
-20
-93
-21
-19
-26
-39
-23
42
2
10
-6
-14
-44
-30
-31
-49
-9
-28
-116
-100
-70
-137
-195
-150
-119
-171
-193
-151
-201
-234
-172
-192
-183
-164
-92
-139
-116
-70
-75
-36
-54
39
11
102
95
55
128
148
164
124
158
167
156
163
163
118
135
149
127
32
91
93
32
15
13
97
8
20
11
47
75
49
18
51
125
88
33
69
148
112
50
118
134
97
103
65
86
56
107
32
-1
45
43
-18
-76
3
-60
-81
-74
-95
-67
-123
-119
-141
-106
-98
-164
-137
-93
-75
-159
-118
-91
-86
-113
-116
-55
-45
-73
-79
-45
-17
-22
-74
-31
-7
-16
-50
-73
-35
-7
-77
-69
-25
-22
-45
-87
-51
-21
-36
-80
-31
1
-7
-37
-41
21
-9
-34
29
48
10
65
61
63
60
80
94
52
130
125
115
90
140
129
53
126
104
98
67
81
108
46
23
13
61
5
-19
-11
37
18
-58
-26
19
-7
-49
-41
-6
1
-20
-8
-5
9
-2
5
-7
21
22
7
11
1
31
0
-5
-10
2
8
-2
-36
-37
-21
-40
-80
-71
-43
-81
-95
-104
-96
-108
-121
-137
-122
-92
-125
-121
-94
-81
-100
-113
-41
-53
-62
-21
20
-1
4
39
52
68
41
90
119
107
82
96
123
113
55
68
142
74
45
68
79
54
5
31
54
23
24
13
42
12
18
25
10
31
19
61
37
39
64
63
54
25
87
99
38
35
68
85
13
-10
32
33
-40
-68
-20
-46
-82
-113
-88
-76
-107
-128
-131
-102
-121
-122
-105
-61
-69
-92
-53
-51
-38
-54
-34
-11
-8
13
-6
-9
1
6
5
-13
-24
16
14
-39
-27
-15
-17
-57
-61
-19
-51
-71
-59
-28
-63
-46
-41
-67
-28
-34
3
2
-2
46
66
42
56
72
76
85
76
143
131
107
109
133
108
89
106
88
97
109
115
82
54
44
72
21
42
56
48
53
45
45
10
15
16
23
16
53
58
22
6
26
27
-10
-9
17
10
0
-9
1
-40
-51
-31
-54
-50
-70
-32
-47
-57
-70
-64
-81
-91
-84
-86
-74
-92
-80
-84
-92
-110
-96
-92
-102
-84
-53
-64
-88
-76
-46
-56
-80
-51
-15
-24
-29
-11
-1
-19
-24
4
0
8
16
25
21
12
18
2
8
10
24
32
49
50
30
39
41
63
39
53
72
82
88
68
73
77
82
71
71
103
101
70
68
75
73
41
48
46
63
60
30
22
22
16
-32
-14
1
15
-26
-6
16
-24
-20
-40
-12
-14
-11
-3
-22
0
-26
-44
-52
-39
-20
-57
-37
-27
-27
-52
-82
-66
-52
-54
-73
-66
-34
-24
-75
-76
-41
-41
-60
-62
-26
-18
-33
-34
-33
-17
-8
-14
-27
5
27
-3
-5
12
29
10
-3
20
7
2
3
-1
-1
-1
-6
-14
-12
-10
-26
-12
-2
-12
0
8
18
-1
13
26
42
41
56
72
79
90
75
80
92
97
80
99
81
93
86
55
57
49
42
34
38
13
19
-10
0
-2
-35
-25
-29
-35
-48
-30
-41
-32
-44
-50
-22
-53
-49
-46
-31
-35
-42
-14
-15
-51
-57
-27
-25
-43
-42
-14
-12
-30
-50
-29
-37
-37
-42
-32
2
-36
-29
-31
-35
-37
-47
-30
-33
-18
-21
-16
-23
-31
-16
-16
-11
-4
2
27
14
0
15
27
14
4
23
41
33
15
24
42
29
20
26
30
30
25
21
22
25
23
12
6
17
9
-5
0
14
1
17
14
7
18
22
14
2
27
35
24
25
49
40
17
30
40
25
14
28
33
31
18
0
14
1
-5
-26
-8
-11
-30
-20
-34
-19
-57
-45
-57
-53
-44
-52
-53
-55
-37
-41
-44
-62
-42
-28
-31
-25
-3
12
5
-10
19
21
1
6
34
44
30
37
31
27
3
13
19
11
12
24
13
13
-4
-9
-6
-24
-1
1
-3
-1
6
2
-4
1
12
14
15
37
35
33
35
46
35
26
52
40
32
44
40
34
11
35
29
7
-10
10
12
-27
-10
-6
-3
-23
-31
-18
-17
-41
-36
-21
-13
-26
-29
-12
-11
-16
-24
-2
-7
1
-5
3
2
-6
-10
-10
0
-25
-20
-21
-15
-32
-43
-30
-44
-61
-58
-40
-50
-65
-50
-38
-43
-45
-44
-33
-24
-20
-14
-12
13
5
2
14
30
31
23
32
35
43
39
31
21
41
43
19
19
31
33
13
13
15
20
18
5
17
14
25
7
0
30
24
19
23
25
33
30
21
23
30
29
36
32
25
35
17
13
21
22
16
12
15
25
6
-5
5
-8
-7
-12
1
-6
-8
-9
-21
-9
-25
-21
-31
-25
-12
-34
-24
-36
-42
-47
-41
-45
-48
-40
-35
-37
-42
-36
-52
-45
-36
-36
-39
-25
-31
-35
-35
-27
-30
-35
-25
-18
-11
-15
-12
-12
-9
-7
-2
-2
3
14
14
10
16
25
25
19
28
33
40
34
32
35
36
41
25
37
37
38
27
27
24
21
22
22
23
14
30
17
20
17
12
18
19
26
12
21
23
10
13
12
17
11
1
19
8
13
3
-9
-1
-7
-6
-15
-9
-10
-13
-19
-21
-27
-34
-34
-39
-33
-27
-30
-38
-36
-41
-37
-34
-44
-32
-23
-19
-26
-21
-17
-21
-29
-15
-7
-12
-12
-10
-5
-7
-18
-19
-11
-13
-15
-13
-1
-7
-11
-14
-5
-10
-15
-1
-7
1
2
12
6
3
12
18
13
15
33
31
27
32
38
38
38
37
37
45
38
36
30
41
40
16
24
24
21
-3
8
11
3
6
3
7
-8
-5
-4
-11
-3
5
12
5
12
12
7
7
-4
19
21
18
19
19
19
6
-5
-3
0
2
3
-4
0
-12
-15
-33
-26
-23
-35
-28
-27
-21
-34
-46
-43
-41
-46
-42
-28
-33
-33
-30
-20
-28
-33
-26
-18
-10
-17
-5
-8
-5
-2
-13
-4
0
3
-6
-1
15
4
-2
-5
7
6
1
1
5
19
11
12
10
15
19
13
23
28
27
27
26
29
30
28
25
35
30
38
31
24
28
21
24
27
26
21
26
22
18
16
12
13
6
10
23
6
0
8
4
-4
-6
-5
5
-8
-14
-12
-14
-18
-35
-28
-18
-20
-31
-26
-13
-32
-29
-24
-25
-23
-24
-7
-16
-16
-14
-9
-11
-13
-8
-4
-1
-1
