-3
2
1
-2
-4
-7
-5
-2
-5
-1
-1
-4
-6
-3
-10
-6
-2
-5
0
-10
-6
-4
-8
-6
-7
-3
-6
-7
-5
0
2
1
-3
-1
-2
-1
-3
-2
0
-2
-4
-1
0
2
0
-2
3
-3
1
0
1
0
0
3
2
5
3
3
2
-1
1
2
-2
2
2
6
3
4
6
-1
3
1
0
-1
-6
-3
-7
-3
-2
-1
0
0
-3
-5
2
-5
-3
0
-3
-1
0
1
0
2
0
2
6
7
3
7
2
2
3
1
-2
-1
-1
-1
2
-2
2
-1
5
4
1
5
0
0
1
-2
-5
3
2
4
1
1
1
-2
3
3
4
1
1
2
4
3
6
6
5
9
-4
-3
1
0
2
0
-3
-1
-1
-5
-1
-2
1
1
1
1
-1
-1
-2
-3
0
-3
1
3
-4
2
-5
-6
-3
-6
-5
-7
-4
-5
-2
-2
-5
-7
-7
-5
-4
-1
-3
-6
-5
-4
-5
-3
-3
-5
-4
-3
-4
-5
-3
-2
-5
-3
1
1
4
3
6
1
3
6
3
1
-2
0
-1
-2
1
3
4
0
2
7
4
4
1
5
7
3
6
8
5
-1
2
3
1
1
7
1
-2
0
1
-1
-2
3
6
7
0
6
1
-3
3
0
3
6
1
3
4
4
4
0
2
0
-1
2
4
1
2
-2
-2
3
2
1
2
3
4
-2
-4
1
-6
-5
-1
1
-4
-2
3
-3
-1
2
-2
-4
-5
-4
-4
-5
-4
-5
-3
0
3
0
-2
1
-3
3
5
5
5
0
0
-2
-2
-4
-2
-3
-3
1
-6
-3
5
1
-3
-3
0
-1
-2
0
-6
-6
-5
-1
3
-2
2
-3
-2
-1
0
-4
-4
5
2
4
1
-5
1
1
-1
-1
-1
-2
1
-2
1
3
1
3
1
3
5
1
0
6
8
4
6
6
4
-2
3
4
0
2
0
1
-6
-1
2
2
4
-2
4
-1
-3
1
-4
-1
-2
-3
-5
-3
-1
-3
0
-1
2
-1
-1
-4
2
2
0
1
2
8
5
6
9
2
5
6
4
1
3
2
-1
5
-1
1
-1
2
5
2
4
-3
0
-2
-5
-3
-5
-3
-2
-2
-3
0
-1
2
1
-2
0
1
1
2
3
5
5
-2
0
-2
-1
-1
1
-3
-3
-1
-4
-2
1
-1
-3
-5
-2
-5
-2
0
0
-1
-3
3
2
3
1
-2
0
1
3
4
0
1
2
2
1
2
5
1
1
3
-1
-1
-2
-3
0
-1
1
-1
-3
-7
-4
-4
-4
1
0
2
4
0
-3
2
1
-1
0
0
0
-4
-3
0
3
0
1
-2
0
-2
-5
-1
-2
1
0
-2
1
8
5
1
1
4
7
5
6
6
5
4
4
1
4
5
1
2
4
7
7
1
0
4
2
-4
-1
-1
1
2
0
0
1
-1
-6
-3
-2
2
5
6
3
-1
-1
-3
-5
-4
-2
-2
-1
-1
-2
-1
-3
-3
-7
0
-4
-8
-1
-2
-1
-3
-4
-5
-4
-3
-1
2
0
2
3
1
1
0
1
1
3
3
0
3
8
5
-2
-3
6
6
-1
4
4
2
4
-4
2
3
1
-2
-2
3
0
-1
-2
-2
1
-2
0
0
5
3
3
1
-1
1
-1
0
4
4
1
3
0
4
2
-4
-3
3
-1
-1
6
3
1
1
1
-2
-3
2
-3
-4
-2
-7
-2
-2
-2
0
0
-1
0
-4
-8
-4
1
0
-5
-4
-4
-8
-1
-3
-6
0
-4
0
-1
-2
0
-2
1
-2
1
3
0
-3
0
3
3
4
4
1
2
4
3
8
7
7
7
4
5
0
4
3
3
7
8
4
0
-2
-3
-3
-2
-1
-2
-3
-2
2
1
-1
-4
-5
-3
1
3
0
-3
-4
-4
-2
2
-3
-1
2
-2
-1
-1
-1
-3
-3
-2
3
2
0
2
3
2
6
5
3
5
4
3
4
5
4
5
4
7
8
8
9
0
3
4
7
8
7
8
10
14
8
11
12
10
5
7
4
3
6
-1
-3
-4
-3
-5
-6
-1
-7
-6
-6
-9
-8
-12
-10
-7
-7
-6
-9
-7
-1
-9
-15
-8
-12
-16
-14
-21
-17
-13
-11
-13
-13
-12
-8
-11
-10
-7
-9
-7
-11
-6
-7
-6
-5
-7
-10
-8
-3
-1
5
4
2
8
6
8
6
4
7
6
10
12
8
10
8
14
13
13
17
19
23
22
20
21
18
14
16
15
17
16
16
14
11
11
18
18
11
10
12
8
4
1
-2
-1
-3
-2
-4
-4
-12
-13
-11
-15
-18
-16
-16
-25
-22
-23
-23
-20
-21
-26
-26
-23
-22
-21
-21
-23
-20
-19
-17
-14
-17
-13
-11
-13
-13
-9
-4
-4
-2
2
-5
-2
2
0
3
4
5
8
13
17
16
20
22
24
27
27
31
35
38
34
32
37
37
34
32
33
32
33
33
37
34
31
33
30
27
24
23
22
18
22
16
10
7
-1
0
-4
-8
-13
-16
-15
-19
-25
-26
-31
-30
-34
-35
-32
-36
-37
-44
-48
-49
-51
-49
-50
-50
-51
-48
-45
-48
-49
-44
-44
-40
-43
-41
-33
-39
-36
-34
-29
-24
-24
-16
-15
-13
-6
-3
-3
-3
5
11
12
17
18
22
31
35
38
38
46
49
49
56
58
58
60
69
69
67
70
68
75
76
76
77
74
71
67
68
66
63
61
56
48
45
42
31
33
35
25
20
12
8
1
-1
-9
-17
-20
-26
-31
-31
-37
-44
-44
-52
-54
-62
-65
-69
-71
-75
-84
-88
-91
-94
-99
-97
-102
-107
-110
-114
-114
-117
-118
-120
-118
-110
-110
-105
-107
-103
-97
-94
-86
-78
-75
-67
-56
-52
-38
-34
-26
-14
-11
2
7
13
26
34
48
56
63
77
82
90
97
105
113
121
129
131
134
145
145
149
159
162
160
162
166
166
168
163
158
159
158
149
145
140
132
127
120
117
104
95
88
79
72
58
53
39
34
27
15
12
-1
-6
-11
-17
-27
-29
-34
-43
-50
-52
-58
-58
-61
-65
-68
-76
-88
-94
-96
-104
-106
-121
-129
-137
-146
-151
-166
-170
-185
-196
-205
-214
-228
-234
-234
-240
-246
-241
-242
-247
-246
-239
-229
-223
-210
-201
-185
-167
-148
-132
-111
-88
-73
-51
-34
-11
11
31
56
78
96
112
134
150
165
178
193
208
223
235
245
255
258
266
275
279
280
286
290
290
283
283
277
263
257
247
233
219
202
191
181
163
148
131
111
92
76
59
44
34
21
8
-5
-11
-21
-28
-34
-40
-45
-48
-47
-45
-44
-43
-43
-46
-46
-45
-40
-48
-46
-52
-62
-73
-90
-101
-117
-129
-146
-170
-193
-212
-242
-265
-291
-316
-336
-365
-376
-399
-418
-432
-440
-441
-449
-445
-441
-432
-415
-395
-374
-348
-313
-279
-248
-209
-167
-128
-85
-47
-8
29
66
108
145
181
221
253
280
310
339
366
388
408
421
434
443
453
461
467
468
468
465
457
455
446
430
417
406
388
366
345
324
302
272
248
223
188
160
135
110
81
51
30
5
-15
-34
-55
-68
-79
-88
-97
-104
-105
-104
-102
-106
-99
-90
-80
-72
-64
-56
-48
-40
-33
-25
-23
-26
-23
-27
-37
-43
-61
-79
-102
-129
-148
-180
-213
-242
-274
-303
-339
-367
-399
-428
-454
-478
-495
-518
-527
-537
-536
-535
-538
-525
-513
-495
-471
-447
-416
-386
-343
-311
-272
-225
-187
-144
-103
-57
-18
25
67
108
150
196
235
271
311
340
372
405
427
447
464
490
505
514
530
537
544
543
540
537
527
515
502
485
464
444
415
387
363
327
294
264
232
198
160
128
90
57
26
-3
-34
-61
-85
-107
-122
-142
-150
-157
-153
-155
-155
-149
-150
-142
-137
-127
-112
-95
-84
-66
-50
-41
-29
-18
-9
-9
-4
1
-6
-9
-18
-33
-41
-60
-78
-101
-126
-151
-179
-206
-233
-261
-293
-315
-338
-365
-388
-411
-426
-435
-446
-452
-455
-454
-453
-447
-433
-418
-401
-382
-361
-336
-308
-283
-262
-231
-197
-165
-130
-97
-65
-25
13
52
95
132
166
203
240
271
300
338
370
401
429
452
470
487
497
511
523
527
530
522
510
492
479
463
440
417
393
362
331
303
273
243
214
184
153
120
91
58
29
6
-19
-33
-53
-63
-77
-88
-95
-104
-105
-109
-116
-122
-122
-120
-111
-102
-82
-66
-50
-36
-21
-7
3
17
26
37
46
53
54
54
60
58
48
32
13
-14
-42
-74
-100
-129
-162
-187
-222
-257
-279
-312
-338
-355
-380
-400
-421
-435
-440
-451
-453
-445
-436
-424
-409
-398
-377
-361
-354
-334
-322
-304
-284
-265
-241
-208
-172
-145
-112
-80
-54
-23
10
36
71
108
139
170
204
243
277
308
337
363
379
395
404
411
414
414
415
410
408
397
384
371
356
341
322
304
281
261
239
220
200
181
169
148
128
120
108
97
86
72
57
47
35
25
17
14
10
9
3
-3
1
-1
14
19
29
36
38
50
55
71
84
96
108
116
128
131
129
123
114
108
94
72
42
18
-11
-36
-70
-103
-135
-178
-215
-256
-296
-337
-373
-399
-421
-440
-455
-475
-488
-492
-502
-505
-501
-493
-493
-487
-481
-473
-464
-453
-428
-396
-364
-335
-315
-293
-272
-245
-212
-176
-133
-101
-64
-25
12
51
103
148
196
244
274
295
321
342
372
406
434
463
481
491
496
497
490
498
507
509
507
486
458
437
412
388
368
347
327
309
278
243
217
204
202
194
175
150
111
68
32
11
8
7
7
12
17
22
6
-22
-44
-56
-44
-29
-8
5
11
27
47
77
113
141
159
143
102
44
-17
-51
-60
-40
-3
18
-20
-113
-223
-312
-363
-390
-450
-547
-648
-726
-748
-730
-707
-701
-707
-726
-748
-789
-867
-960
-1020
-975
-792
-522
-283
-182
-214
-279
-273
-178
-54
30
56
51
29
6
34
132
304
470
539
472
293
96
-58
-115
-41
150
372
476
412
274
216
321
505
631
626
546
478
429
382
372
468
689
916
1001
877
652
488
466
536
594
624
626
610
545
430
331
327
405
475
451
314
156
36
-32
-86
-102
-12
205
422
447
233
-53
-185
-90
121
286
350
357
328
203
-54
-357
-505
-369
-34
197
10
-611
-1327
-1651
-1380
-803
-469
-696
-1303
-1842
-2002
-1824
-1512
-1221
-1018
-1012
-1230
-1529
-1590
-1236
-693
-370
-411
-547
-452
-138
72
29
-50
167
642
985
948
663
477
539
716
827
868
889
865
690
389
169
175
346
433
318
104
-57
-115
-156
-204
-191
-99
2
-7
-128
-239
-222
-59
138
274
322
312
313
366
477
621
740
789
767
718
718
787
890
972
967
877
771
733
781
853
867
802
708
641
618
602
596
608
640
671
642
552
465
443
498
583
623
597
495
279
-127
-663
-1039
-950
-422
-25
-399
-1518
-2594
-2709
-1840
-951
-965
-1883
-2836
-3069
-2635
-2104
-1823
-1699
-1605
-1656
-1893
-1988
-1590
-809
-263
-349
-677
-612
-28
538
613
417
525
1078
1573
1541
1133
905
1127
1506
1627
1410
1080
837
718
658
628
566
362
23
-291
-376
-279
-220
-322
-487
-540
-468
-407
-422
-434
-328
-138
22
108
173
279
421
615
882
1163
1311
1210
950
798
923
1228
1493
1560
1503
1446
1407
1322
1152
954
800
727
699
718
788
888
941
855
619
325
149
175
382
610
724
693
549
297
-166
-868
-1601
-2036
-1994
-1618
-1346
-1500
-2031
-2618
-2872
-2695
-2368
-2274
-2626
-3144
-3275
-2719
-1745
-1036
-1030
-1531
-1909
-1693
-951
-42
682
1099
1211
1039
750
606
755
1096
1375
1476
1489
1535
1584
1517
1339
1142
977
729
270
-293
-664
-661
-404
-261
-515
-1090
-1644
-1793
-1437
-851
-439
-380
-518
-526
-284
51
275
360
526
844
1190
1387
1414
1436
1564
1741
1809
1691
1465
1297
1300
1423
1545
1508
1290
990
769
729
795
856
844
781
747
753
749
737
740
791
867
901
877
843
890
1030
1144
1125
1012
905
733
213
-797
-1830
-2121
-1482
-748
-1054
-2471
-3773
-3753
-2624
-1859
-2495
-3958
-4796
-4356
-3327
-2687
-2616
-2616
-2391
-2125
-1900
-1412
-487
397
611
206
-11
513
1381
1802
1632
1500
1863
2441
2585
2213
1826
1783
1859
1620
1062
560
375
352
256
5
-364
-841
-1409
-1878
-2002
-1797
-1566
-1542
-1579
-1392
-938
-466
-225
-154
-19
263
591
866
1096
1335
1561
1717
1831
1976
2138
2213
2157
2032
1901
1718
1436
1140
1007
1077
1155
1053
806
631
637
691
613
407
284
358
553
715
783
825
881
945
1027
1148
1296
1419
1441
1259
725
-224
-1331
-2030
-1983
-1582
-1653
-2552
-3565
-3672
-2762
-1984
-2464
-4011
-5313
-5336
-4348
-3360
-2946
-2846
-2604
-2134
-1572
-889
-50
671
845
487
226
610
1478
2179
2384
2395
2607
2917
2947
2578
2124
1865
1679
1307
777
414
423
642
685
311
-446
-1368
-2142
-2485
-2383
-2119
-2057
-2213
-2183
-1639
-737
-27
144
-67
-192
10
442
886
1229
1506
1719
1891
2066
2270
2447
2481
2310
2012
1699
1461
1326
1321
1449
1575
1524
1226
863
657
670
710
609
415
314
448
751
1050
1244
1299
1222
1069
934
928
1117
1427
1683
1625
1004
-205
-1582
-2434
-2437
-2030
-2165
-3195
-4340
-4463
-3402
-2363
-2673
-4307
-5858
-6066
-5030
-3886
-3460
-3512
-3296
-2451
-1238
-82
742
1067
839
316
96
646
1754
2693
3023
2953
2994
3251
3352
3008
2339
1737
1362
1063
736
510
567
806
829
331
-631
-1647
-2300
-2461
-2361
-2332
-2479
-2561
-2209
-1385
-468
59
96
-64
-30
301
756
1174
1510
1808
2052
2222
2353
2497
2599
2513
2186
1749
1443
1395
1507
1585
1491
1236
934
690
559
514
473
368
250
256
462
817
1134
1284
1283
1251
1279
1352
1447
1556
1709
1915
2094
2058
1541
408
-1084
-2272
-2645
-2438
-2493
-3335
-4398
-4557
-3509
-2378
-2677
-4542
-6451
-6856
-5685
-4325
-3889
-4084
-3835
-2583
-842
532
1131
1041
555
74
90
892
2160
3136
3369
3206
3275
3646
3735
3110
2051
1237
951
888
700
436
391
550
539
40
-864
-1785
-2401
-2648
-2659
-2615
-2591
-2447
-1972
-1110
-176
331
217
-184
-304
118
827
1382
1632
1778
2028
2380
2634
2621
2360
1973
1591
1312
1223
1321
1504
1617
1521
1216
825
522
409
423
397
250
100
199
656
1260
1631
1570
1272
1120
1278
1571
1760
1817
1910
2162
2483
2652
2383
1439
-200
-2045
-3279
-3443
-3014
-3035
-3883
-4731
-4467
-3234
-2545
-3597
-5772
-7160
-6675
-5139
-4126
-4080
-3989
-2846
-842
902
1637
1515
1078
718
634
1068
2022
3025
3515
3469
3436
3764
4051
3578
2270
878
171
146
214
-2
-311
-379
-224
-226
-660
-1440
-2258
-2820
-3042
-2988
-2794
-2497
-1968
-1099
-44
717
827
452
194
453
1069
1560
1719
1838
2224
2781
3107
2948
2440
1915
1536
1286
1102
979
946
972
948
828
614
360
151
14
-59
-125
-134
59
554
1202
1670
1765
1627
1590
1781
2035
2137
2100
2152
2479
3023
3498
3392
2179
-263
-3155
-5139
-5395
-4490
-3897
-4311
-4920
-4531
-3270
-2728
-4089
-6525
-7940
-7171
-5082
-3351
-2524
-1743
-202
1662
2692
2427
1526
923
972
1493
2269
3155
3842
3921
3367
2702
2324
1962
987
-635
-1995
-2178
-1274
-332
-248
-843
-1300
-1176
-813
-838
-1398
-2025
-2138
-1531
-491
433
869
814
617
602
746
804
648
506
676
1108
1453
1471
1263
1067
902
633
247
22
196
644
1032
1145
1080
1031
1057
1041
890
675
559
693
1103
1633
2025
2100
1960
1878
2010
2210
2216
2045
1992
2306
2827
3152
3057
2689
2416
2357
2134
1016
-1496
-4970
-7916
-8772
-7380
-5351
-4503
-4961
-5124
-3832
-2043
-1857
-3806
-5894
-5746
-3137
-88
1601
2140
2809
4009
4767
4145
2462
852
22
-124
121
658
1275
1365
440
-1167
-2590
-3321
-3697
-4181
-4436
-3638
-1574
751
2012
1896
1293
1172
1592
1897
1697
1365
1517
2278
3098
3247
2386
775
-946
-2176
-2743
-2833
-2669
-2243
-1443
-457
226
248
-255
-762
-843
-440
294
1207
2186
3022
3412
3183
2458
1554
789
355
311
632
1149
1604
1825
1807
1644
1386
1053
800
857
1265
1753
2023
2102
2290
2713
3101
3127
2788
2407
2277
2384
2342
1349
-1520
-6194
-10752
-12393
-10015
-5844
-3349
-3642
-4449
-3210
-564
374
-1897
-4997
-5252
-1818
2618
5172
5593
5483
5625
5089
3069
322
-1654
-2316
-2275
-2007
-1287
-204
133
-1389
-4280
-6515
-6593
-4986
-3239
-1922
-160
2693
5633
6834
5655
3442
2087
2195
2877
3089
2705
2256
2025
1566
229
-2112
-4748
-6583
-6957
-6085
-4713
-3348
-1915
-168
1586
2649
2689
2189
1993
2431
3135
3564
3580
3373
2996
2240
948
-586
-1794
-2280
-2065
-1462
-781
-173
332
719
989
1173
1303
1475
1837
2501
3372
4094
4376
4209
3888
3675
3547
3362
3110
2886
2683
2392
1912
998
-1087
-5148
-10662
-15037
-15281
-10998
-5373
-2133
-1891
-2086
-550
1579
1569
-1073
-3508
-2686
1250
5373
7319
7295
6684
5799
3735
316
-3091
-4943
-5098
-4561
-3916
-2903
-1664
-1394
-3068
-5857
-7425
-6262
-3209
-195
2010
4230
7021
9293
9342
6946
3856
1998
1664
1768
1377
550
-151
-685
-1585
-3336
-5774
-7977
-8883
-7976
-5692
-2993
-548
1560
3446
4872
5356
4790
3715
2907
2730
2878
2820
2311
1458
442
-713
-2004
-3197
-3875
-3751
-2871
-1565
-201
943
1743
2218
2466
2575
2596
2632
2857
3357
3961
4373
4422
4197
3869
3413
2664
1690
942
804
1090
1239
939
235
-1127
-4021
-8694
-13320
-14772
-11474
-5526
-908
452
166
912
2853
3571
1469
-1817
-3039
-939
2649
5190
5995
5924
5361
3542
117
-3646
-5981
-6397
-5868
-5140
-3882
-1851
-73
-123
-2143
-4187
-4116
-1788
1100
3166
4695
6561
8506
9059
7321
4143
1229
-509
-1418
-2132
-2785
-3147
-3247
-3432
-4012
-5000
-6024
-6462
-5671
-3476
-452
2387
4395
5566
6148
6081
5104
3347
1535
457
232
238
-127
-865
-1587
-2052
-2460
-2980
-3422
-3339
-2413
-832
931
2367
3210
3525
3539
3478
3463
3481
3471
3457
3526
3757
3997
3871
3086
1805
578
-124
-246
-108
26
220
669
1162
636
-2331
-7733
-13115
-14867
-11514
-5527
-974
394
431
1743
4141
4970
2519
-1565
-3762
-2373
1153
4213
5660
6040
5733
4154
894
-3090
-6140
-7489
-7530
-6705
-4848
-1973
745
1625
294
-1638
-2081
-628
1257
2381
3242
5042
7606
9062
7939
4750
1313
-1180
-2883
-4332
-5489
-5775
-4957
-3573
-2508
-2343
-2895
-3381
-3025
-1633
316
2182
3659
4743
5432
5467
4518
2682
485
-1329
-2355
-2709
-2668
-2401
-1826
-1037
-439
-373
-764
-1112
-899
25
1422
2855
3933
4521
4627
4403
3984
3466
2957
2462
2071
1889
1888
1888
1569
853
-90
-1049
-1730
-1820
-1038
521
2137
2726
1139
-3001
-8308
-11999
-11731
-7990
-3694
-1120
103
1987
4865
6592
5006
610
-3444
-4453
-2441
534
2707
4017
4944
5012
3252
-390
-4476
-7388
-8576
-8266
-6624
-3653
22
2884
3653
2562
1128
588
721
736
787
1930
4529
7121
7759
5957
2929
40
-2437
-4768
-6763
-7622
-6762
-4568
-2113
-391
231
80
-194
-123
315
796
1177
1706
2649
3762
4178
3235
1109
-1253
-2899
-3578
-3555
-3064
-2048
-463
1210
2214
2160
1363
585
277
476
1002
1741
2640
3517
4133
4314
3997
3296
2359
1377
659
421
652
1012
1051
666
67
-396
-532
-271
393
1197
1519
397
-2628
-6619
-9434
-9244
-6479
-3399
-1721
-842
1103
4232
6296
5119
1275
-2271
-3215
-1882
-194
698
1274
2248
3029
2288
-408
-3847
-6342
-7231
-6867
-5597
-3344
-211
2821
4498
4535
3684
2818
2012
1006
257
631
2304
4112
4585
3452
1558
-233
-1917
-3892
-5933
-7078
-6464
-4230
-1455
688
1748
2073
2186
2164
1705
731
-264
-529
155
1211
1833
1606
686
-523
-1695
-2622
-3084
-2804
-1718
-97
1505
2614
3097
3014
2483
1615
624
-57
-44
762
2061
3270
4000
4160
3920
3365
2389
1074
-217
-967
-881
-180
638
1093
1099
1034
1208
1519
1196
-804
-4609
-8761
-10731
-9004
-4918
-1396
-169
-25
1483
4506
6562
5251
1230
-2240
-2829
-1135
453
643
243
323
677
124
-1851
-4367
-6238
-6908
-6416
-4866
-2243
917
3502
4742
4807
4556
4335
3621
2128
519
-29
809
2020
2324
1312
-288
-1604
-2523
-3506
-4826
-5918
-5780
-4015
-1230
1347
2853
3290
3179
2920
2354
1213
-287
-1418
-1537
-822
9
428
382
143
-230
-851
-1587
-1976
-1489
-179
1299
2297
2649
2671
2568
2230
1596
759
88
8
681
1971
3297
4115
4255
3827
3053
1996
800
-267
-936
-935
-272
808
1967
2796
2921
1697
-1584
-6618
-11518
-13529
-11259
-6235
-1385
1567
3401
5704
8116
8597
5773
1026
-2529
-3235
-1977
-737
-237
264
988
944
-895
-4147
-7189
-8817
-8843
-7537
-5014
-1295
2972
6478
8090
7667
6158
4549
3074
1536
100
-515
-31
835
1071
257
-1285
-3043
-4652
-5829
-6374
-6016
-4522
-1958
1137
3765
5243
5521
4891
3617
1833
-74
-1529
-2103
-1779
-1043
-507
-494
-842
-1196
-1436
-1693
-1898
-1619
-537
1008
2294
2896
2931
2713
2356
1865
1375
1117
1183
1522
1984
2481
2915
3210
3213
2701
1707
575
-121
-162
218
777
1388
2090
2914
3618
3393
522
-5754
-13205
-17440
-15489
-9221
-3055
638
3262
7206
11565
12927
9358
2916
-2047
-3463
-2766
-2257
-2224
-1195
883
1918
133
-3818
-7649
-9911
-10669
-10165
-7971
-3706
1970
7207
10342
11089
10218
8491
5786
2105
-1334
-2895
-2153
-650
-92
-689
-1692
-2630
-3851
-5591
-7274
-7873
-6626
-3584
359
4081
6768
8177
8249
6826
4062
709
-2061
-3452
-3523
-2798
-1837
-925
-227
8
-417
-1518
-2712
-3088
-2213
-468
1264
2528
3402
3932
3980
3353
2334
1473
1080
1266
1880
2732
3539
3961
3768
2823
1332
-189
-1240
-1598
-1302
-395
1084
2909
4557
5166
3301
-2136
-9894
-16013
-16478
-11411
-4962
-641
2000
5707
10628
13351
10994
4685
-1268
-3878
-3920
-3707
-3907
-2916
55
2890
2632
-1226
-6097
-9256
-10231
-9943
-8672
-5721
-840
4749
9135
11272
11276
9704
6832
2958
-775
-2838
-2757
-1740
-1323
-1674
-1889
-1631
-1744
-3105
-5327
-6955
-6746
-4510
-1072
2412
5140
6855
7558
7079
5183
2080
-1232
-3458
-3909
-2984
-1669
-581
287
976
1148
334
-1277
-2740
-3218
-2585
-1418
-244
904
2069
3100
3599
3444
3035
2770
2787
2933
3112
3442
3825
3953
3493
2362
864
-624
-1692
-2069
-1681
-632
905
2575
3573
2368
-2280
-9216
-14781
-15219
-10457
-4313
-134
2369
5878
10777
13657
11561
5425
-577
-3608
-4550
-5241
-5853
-4714
-1455
1536
1615
-1463
-5129
-7008
-7180
-7061
-7060
-5674
-1657
3987
8730
10804
10531
8982
6563
3196
-519
-3176
-4053
-3774
-3408
-3141
-2332
-947
-30
-604
-2369
-3832
-3810
-2437
-687
793
2243
4002
5552
5750
3938
923
-1589
-2537
-2199
-1561
-1055
-310
935
2202
2542
1524
-249
-1716
-2286
-2256
-2230
-2273
-1869
-697
900
2187
2813
3128
3594
4270
4796
4897
4786
4613
4311
3643
2539
1474
690
325
240
320
750
1183
859
-1791
-7477
-14103
-17890
-15920
-9660
-3226
1117
4353
8824
13668
15417
12125
5477
-318
-3250
-4351
-5198
-5759
-4451
-1536
604
-213
-3669
-7152
-8904
-8984
-8283
-6796
-3508
1637
7072
10553
11178
9874
7798
5248
1969
-1481
-3791
-4320
-3713
-3069
-2674
-2190
-1650
-1608
-2379
-3339
-3425
-2165
-64
1938
3423
4535
5303
5206
3662
908
-1903
-3547
-3633
-2619
-1241
105
1408
2653
3412
3081
1493
-591
-1974
-2115
-1421
-774
-499
-325
52
593
874
814
738
1033
1888
3053
4277
5217
5600
5451
4844
4013
3020
2087
1581
1581
2008
2455
2280
48
-5632
-13579
-19649
-19494
-13355
-6000
-1363
1228
5420
11763
16276
15067
8829
2358
-1075
-2374
-3960
-5884
-5679
-2549
773
779
-2805
-6916
-8904
-8936
-8706
-8425
-6426
-1469
5173
10400
12239
11159
8956
6470
3267
-589
-3946
-5565
-5495
-4740
-3797
-2603
-1347
-762
-1316
-2411
-2892
-2101
-405
1389
2898
4308
5659
6265
5293
2727
-351
-2700
-3865
-4040
-3516
-2289
-363
1870
3695
4301
3442
1680
-1
-973
-1438
-1806
-1941
-1320
149
1718
2517
2428
2056
1849
1703
1431
1173
1366
2152
3180
4032
4468
4652
4838
4952
4846
4265
2870
-179
-5927
-13260
-18618
-18328
-12516
-5578
-1148
1120
4306
9217
12585
11358
6173
1119
-901
-937
-1371
-2852
-3383
-1737
252
-94
-3321
-6905
-8525
-8355
-7866
-7473
-5667
-1465
4096
8535
10228
9727
8241
6383
3730
280
-2863
-4732
-5144
-4878
-4375
-3552
-2665
-2083
-2150
-2515
-2563
-2093
-980
676
2771
4876
6191
6233
4928
2864
790
-983
-2439
-3596
-3942
-2900
-748
1489
2860
3231
3033
2452
1527
437
-537
-1097
-1190
-726
230
1286
2051
2380
2495
2440
2116
1610
1251
1313
1613
1983
2382
2973
3838
4717
5550
6137
6015
3846
-2034
-10719
-18280
-19844
-14572
-7022
-1795
634
3785
9209
13521
12803
6852
122
-3386
-3837
-3540
-3814
-3185
-589
2171
2263
-1166
-5567
-8300
-9217
-9584
-9598
-7553
-2398
4328
9536
11323
10365
8486
6538
3953
353
-3414
-5849
-6299
-5395
-3952
-2519
-1477
-1221
-1800
-2607
-3070
-2981
-2453
-1391
509
3133
5690
6893
6064
3776
1339
-354
-1535
-2703
-3613
-3417
-1772
511
2200
2703
2351
1816
1485
1297
1013
595
326
596
1406
2346
2905
2909
2581
2136
1659
1126
724
708
1074
1587
1999
2510
3290
4285
5077
5110
3842
320
-5543
-12010
-15768
-14408
-9323
-3996
-577
2056
6018
10311
11795
8653
3033
-1100
-2463
-2522
-2999
-3300
-1940
391
1241
-987
-4883
-7765
-8656
-8609
-8693
-7967
-4751
981
6855
10082
10145
8564
6965
5374
2979
-140
-3009
-4653
-5116
-4872
-4228
-3565
-3273
-3544
-3867
-3570
-2636
-1448
-248
1239
3156
5003
5969
5497
3819
1666
-240
-1566
-2412
-2841
-2741
-1996
-861
172
854
1184
1235
1093
933
968
1198
1482
1811
2214
2614
2829
2916
3192
3710
4096
3816
2836
1655
822
552
610
795
1225
2269
4114
5891
5851
2084
-5364
-13285
-17322
-15257
-9601
-4583
-1548
1611
7031
12593
14139
10311
3980
-573
-2402
-3174
-4000
-4005
-1799
1278
2398
107
-4136
-7542
-9316
-10269
-10802
-9643
-5349
1116
6968
9875
9909
8740
7333
5355
2272
-1177
-3543
-4223
-3824
-3223
-2643
-2184
-2322
-3402
-4873
-5636
-5185
-3763
-1742
811
3683
6111
7181
6454
4350
1818
-283
-1649
-2526
-3059
-2986
-2023
-538
600
792
247
-291
-318
237
1007
1670
2213
2735
3240
3314
2829
2179
1911
2160
2407
2519
2706
3187
3736
3760
3259
2523
2149
2630
3762
4448
2344
-3564
-10983
-15351
-13579
-7990
-3368
-1793
-854
2786
7904
10282
7704
2668
-415
-672
-327
-983
-1365
573
3577
4172
644
-4803
-8480
-9509
-9827
-10782
-10878
-7509
-640
6377
9985
9608
7494
5759
4407
2532
267
-1221
-1420
-1125
-1187
-1692
-2449
-3713
-5668
-7592
-8352
-7482
-5505
-2944
186
3795
7132
8906
8381
6023
3118
838
-572
-1523
-2291
-2643
-2302
-1499
-951
-1175
-2043
-2885
-2894
-1724
290
2308
3665
4425
4906
5098
4663
3545
2423
1946
2114
2430
2569
2654
2832
3039
2967
2515
1858
1493
1763
2027
898
-2588
-7196
-10124
-9520
-6174
-2808
-890
434
2668
5646
7148
5716
2290
-649
-1720
-1705
-1532
-991
720
2994
3761
1814
-1965
-5548
-7995
-9720
-10916
-10754
-8069
-3087
2429
6468
8110
7824
6388
4372
2250
686
243
588
947
933
749
355
-1086
-4053
-7754
-10435
-10992
-9668
-7173
-3998
-273
3578
6726
8341
8002
6192
3905
2037
856
130
-220
-147
166
183
-568
-1981
-3463
-4282
-4042
-2866
-1226
538
2371
4103
5188
5142
4172
3114
2616
2669
3015
3419
3877
4354
4733
4939
4557
3398
1879
733
260
-854
-3960
-8475
-11696
-10886
-6782
-2514
-414
213
1939
5029
7280
6621
3605
1030
205
323
149
-161
673
2409
3293
1837
-1479
-4731
-6938
-8513
-9979
-10702
-9373
-5751
-1148
2713
5008
5937
5850
4862
3328
1999
1515
1724
1907
1762
1501
1272
546
-1348
-4296
-7415
-9546
-10054
-8923
-6511
-3451
-285
2485
4442
5327
5067
4096
2959
1952
1107
411
146
448
988
1157
492
-737
-1748
-1887
-1188
-306
287
745
1390
2108
2428
2173
1836
1922
2466
3193
3821
4448
5143
5883
6604
6982
6909
6181
4387
890
-4862
-11494
-16140
-16180
-11748
-6101
-1888
770
3726
7450
9579
8187
4070
508
-363
317
685
411
928
2791
4295
3506
194
-3899
-7060
-8786
-9269
-8724
-7187
-4943
-2360
239
2527
4053
4251
3235
1917
1443
2163
3124
3297
2552
1563
768
-354
-2229
-4555
-6643
-7963
-8481
-7950
-6128
-3387
-476
1847
3433
4354
4558
4170
3455
2682
1865
833
-405
-1555
-2314
-2575
-2521
-2440
-2257
-1601
-222
1548
2857
3278
3092
2912
2985
2988
2696
2234
1948
2113
2630
3190
3616
3897
4283
4940
5617
5948
5357
3461
-18
-5069
-10296
-13601
-13126
-9231
-4422
-646
1831
4222
6608
7374
5568
2168
-256
-487
474
1345
1866
2796
3967
4019
2031
-1558
-5220
-7792
-8950
-8658
-7134
-4850
-2492
-601
872
2012
2619
2477
1758
1315
1895
3329
4750
5245
4639
3250
1186
-1508
-4614
-7502
-9543
-10545
-10355
-8895
-6272
-3024
26
2441
4056
4918
5159
4996
4774
4500
3931
2768
996
-964
-2640
-3740
-4381
-4703
-4518
-3491
-1543
723
2498
3311
3320
3155
3195
3368
3355
3064
2850
3020
3478
3747
3579
3186
3081
3593
4354
4665
3954
2389
221
-2797
-6500
-9833
-10837
-8798
-5197
-1926
171
1966
3987
5327
4945
2809
615
-107
539
1502
1948
2290
3032
3559
2920
738
-2272
-4984
-6797
-7304
-6645
-5412
-4056
-2845
-1559
-329
349
463
358
716
1812
3368
4978
5997
6164
5461
3860
1482
-1553
-4707
-7407
-9344
-10282
-10135
-8879
-6768
-4258
-1635
892
3091
4725
5676
6011
5808
5069
3825
2220
516
-976
-2104
-2812
-3126
-3056
-2469
-1428
-224
720
1128
1266
1566
2235
3069
3527
3466
3096
2756
2687
2741
2861
2936
3023
3393
3967
4450
4054
2396
-43
-2579
-4584
-6018
-6723
-6268
-4750
-2672
-834
466
1380
1786
1697
1197
702
613
846
1333
1841
2279
2571
2452
1875
858
-339
-1375
-2205
-2724
-2999
-3190
-3409
-3714
-3780
-3533
-3232
-2923
-2317
-962
925
2598
3713
4305
4605
4547
3883
2627
858
-1099
-2875
-4337
-5466
-6327
-6754
-6523
-5700
-4440
-2796
-806
1288
3037
4184
4723
4662
4045
2913
1455
-44
-1324
-2077
-2203
-1891
-1396
-838
-130
684
1301
1572
1664
1912
2441
2989
3260
3090
2656
2283
2138
2145
2034
1853
1840
2137
2531
2543
2045
1226
270
-836
-2196
-3492
-4176
-3951
-3005
-1921
-985
-191
448
816
644
25
-702
-1191
-1162
-695
23
751
1292
1716
2036
2115
1665
636
-444
-1121
-1359
-1563
-2033
-2527
-2800
-2834
-2864
-2916
-2737
-2198
-1329
-347
652
1659
2601
3292
3365
2681
1393
-113
-1549
-2880
-3962
-4578
-4552
-3979
-3161
-2245
-1193
0
1109
1798
1919
1686
1505
1518
1491
1090
351
-310
-624
-657
-674
-700
-554
-140
538
1319
2010
2436
2540
2422
2215
2012
1886
1853
1880
1951
2063
2232
2373
2375
2253
2011
1673
1303
979
744
424
-115
-780
-1424
-2001
-2550
-2939
-2913
-2459
-1837
-1427
-1360
-1488
-1645
-1668
-1476
-1067
-430
362
1215
2054
2764
3186
3092
2469
1573
698
-61
-830
-1628
-2305
-2774
-3073
-3273
-3398
-3391
-3189
-2734
-1959
-962
179
1230
1992
2392
2370
2042
1396
458
-578
-1468
-2013
-2298
-2443
-2379
-2019
-1340
-562
31
312
345
301
273
201
58
-41
37
305
586
780
917
979
924
749
623
710
949
1228
1437
1561
1593
1496
1335
1188
1085
984
873
838
1041
1568
2306
2950
3201
3099
2844
2555
2059
1178
141
-706
-1178
-1365
-1480
-1593
-1775
-2129
-2666
-3320
-3902
-4200
-4076
-3452
-2410
-1042
503
1963
3065
3577
3503
2960
2094
1138
278
-367
-777
-1041
-1245
-1535
-2002
-2627
-3263
-3695
-3798
-3451
-2663
-1577
-379
691
1514
1989
2075
1800
1202
461
-282
-848
-1184
-1381
-1415
-1231
-831
-389
-140
-148
-281
-369
-379
-412
-488
-483
-237
261
805
1180
1331
1311
1184
982
722
542
615
912
1290
1506
1492
1342
1107
856
513
81
-283
-420
-129
497
1198
1796
2190
2495
2738
2828
2706
2304
1827
1433
1201
1128
1017
850
549
84
-532
-1347
-2214
-3020
-3609
-3821
-3634
-3024
-2108
-1017
93
952
1388
1395
1156
825
432
-6
-413
-704
-887
-1032
-1234
-1513
-1878
-2253
-2534
-2616
-2394
-1853
-1084
-317
248
576
709
656
340
-235
-835
-1201
-1207
-963
-656
-408
-241
-83
32
38
-76
-255
-325
-278
-188
-116
-72
67
305
528
607
518
422
429
496
570
656
842
1139
1398
1485
1372
1143
938
718
444
66
-298
-352
-80
382
813
1113
1378
1594
1718
1694
1521
1366
1327
1428
1605
1742
1819
1735
1426
922
298
-327
-943
-1500
-1849
-1831
-1446
-869
-286
205
591
856
991
966
780
498
186
-118
-475
-895
-1333
-1715
-1993
-2197
-2353
-2447
-2359
-2009
-1486
-950
-549
-267
-56
56
2
-253
-634
-1007
-1235
-1268
-1154
-990
-803
-599
-441
-426
-526
-581
-503
-333
-169
-75
-26
70
255
488
593
453
149
-145
-262
-201
-38
180
378
510
628
744
807
734
514
343
366
493
627
723
823
1065
1286
1338
1259
1153
1074
945
771
681
790
1071
1327
1469
1480
1304
1025
610
105
-299
-561
-599
-445
-269
-30
210
341
402
332
293
288
279
443
581
640
634
471
255
-194
-760
-1191
-1500
-1644
-1726
-1660
-1350
-941
-539
-225
-60
-40
-130
-272
-433
-664
-900
-1074
-1150
-1092
-1013
-880
-685
-526
-408
-459
-672
-872
-928
-778
-573
-397
-169
159
504
702
662
456
173
-188
-523
-757
-833
-721
-518
-267
-56
98
156
10
-120
-243
-312
-176
33
368
841
1216
1435
1603
1635
1544
1327
805
312
85
-4
105
254
425
758
1036
978
725
419
108
40
8
39
277
392
532
614
530
525
410
261
155
154
262
372
536
599
547
302
-105
-426
-659
-844
-998
-892
-592
-328
-25
146
317
335
10
-272
-567
-774
-918
-1045
-956
-948
-829
-612
-599
-517
-565
-642
-579
-633
-485
-248
-92
46
35
200
266
19
-66
-192
-282
-245
-373
-312
-143
-138
-104
-15
-27
-49
62
70
78
80
36
253
334
384
517
527
790
780
679
813
542
480
482
307
470
382
270
340
227
202
88
-34
1
35
125
148
71
72
-14
-194
-191
-155
-61
45
48
207
254
227
155
-17
43
-212
-475
-378
-524
-338
-129
-233
50
59
23
374
311
263
161
-165
-47
-202
-335
-289
-677
-620
-654
-735
-330
-530
-430
-24
-181
151
237
26
297
-72
-338
-74
-437
-466
-405
-631
-289
-498
-618
-310
-433
-76
-22
66
489
203
468
573
221
286
-193
-264
-61
-236
137
242
305
453
234
522
555
362
551
302
435
700
495
808
772
538
650
289
129
106
-184
-199
-329
-405
-270
-292
-258
-76
-9
30
156
47
30
51
-166
-43
100
41
114
52
-115
-241
-297
-455
-463
-246
-300
113
420
315
814
600
228
169
-403
-347
-457
-783
-562
-527
-313
-142
-5
80
21
86
-64
221
206
-67
237
-26
-165
-205
-735
-670
-837
-1261
-943
-799
-637
-69
25
298
636
408
600
609
249
204
137
184
213
274
192
190
351
-82
-143
-74
-534
-295
-213
-418
49
128
292
833
814
840
986
688
593
546
158
112
-112
-304
13
-226
-199
-62
-459
-112
-274
-545
-61
-278
-168
134
-96
153
269
112
225
186
38
32
-14
-116
94
224
183
491
535
530
767
382
209
130
-387
-373
-577
-784
-538
-481
-170
141
382
525
598
810
580
560
406
-80
-71
-405
-547
-544
-982
-972
-996
-994
-764
-814
-634
-295
-198
12
306
326
509
554
197
460
343
41
458
163
222
493
29
170
-55
-346
-253
-685
-725
-860
-716
-103
-5
391
544
448
717
589
371
366
183
-108
8
68
-201
-31
-184
-516
-235
-428
-687
-489
-676
-632
-122
-193
-80
277
187
477
558
249
315
198
135
251
227
365
371
325
460
469
177
3
-211
-427
-161
-355
-476
-182
-346
-149
72
126
403
492
699
695
780
623
204
259
-218
-428
-436
-887
-833
-950
-903
-698
-673
-397
-419
-96
113
0
350
179
132
362
80
300
326
61
470
304
121
301
-222
-250
-323
-714
-461
-645
-743
-320
-166
-19
202
51
80
508
129
183
374
-121
366
114
-43
540
-46
159
85
-425
-110
-564
-583
-426
-384
18
5
296
431
448
528
246
272
283
226
348
393
515
504
481
550
365
229
91
-276
-111
-129
-467
-38
-166
-282
116
-152
127
391
115
398
353
244
448
169
204
130
-154
-61
-197
-370
-271
-374
-477
-343
-350
-254
27
-29
-57
167
-4
-58
36
-72
50
138
177
322
396
301
323
265
-27
-153
-387
-506
-319
-598
-456
-128
-463
-118
-29
-323
146
-153
-345
159
-240
-138
99
-137
289
171
134
267
-73
-32
-329
-563
-377
-533
-337
-81
-68
257
409
335
395
302
152
328
301
389
611
468
641
621
486
516
223
39
-7
-104
-182
-97
-207
-364
-84
-181
-90
159
-18
297
271
56
104
-97
-5
-112
-251
-158
-299
-205
-237
-348
-128
-280
-269
-1
-25
132
75
-194
-39
-85
-212
-85
-122
55
251
209
317
342
224
142
29
-147
-301
-469
-550
-477
-431
-401
-365
-472
-432
-336
-451
-343
-405
-422
-184
-114
-8
79
95
145
202
119
-92
-186
-262
-297
-236
-216
-181
-109
-28
-165
74
278
85
349
301
474
828
579
719
705
626
728
458
491
419
181
200
100
92
54
-120
-178
-56
16
47
216
171
203
358
222
86
117
-53
-3
84
-118
-60
-68
-255
-105
-81
-195
-129
-192
-188
16
-107
-312
-154
-253
-221
82
-105
131
175
-27
380
259
135
251
-26
12
-45
-287
-332
-470
-586
-636
-463
-609
-754
-707
-837
-552
-467
-577
-326
-175
16
262
225
143
54
47
39
-62
-192
-253
-208
-113
-16
-62
17
-14
-34
205
199
204
300
318
537
637
582
692
635
730
828
739
812
583
415
483
255
206
180
-31
137
98
156
268
28
85
26
82
281
-67
59
154
68
512
182
52
220
-113
62
18
-265
-160
-191
-186
-167
-316
-426
-481
-424
-365
-265
-188
-126
-27
114
256
217
160
80
6
-7
-84
-250
-235
-215
-306
-366
-486
-662
-826
-923
-1008
-947
-774
-703
-439
-72
28
102
85
58
128
118
-12
-101
-15
-83
-68
3
-135
-125
-121
-162
-37
-44
-49
85
311
471
527
620
659
814
767
611
689
491
428
486
371
553
451
286
428
277
210
50
-209
-39
-57
-103
15
-34
106
172
63
179
185
196
277
250
229
184
101
-26
-37
-57
-247
-214
-247
-345
-296
-408
-501
-450
-438
-450
-293
-248
-252
-61
-62
10
41
-163
-137
-86
-60
-49
-218
-382
-574
-646
-726
-846
-854
-904
-897
-674
-554
-548
-369
-353
-191
170
74
112
231
93
208
78
-197
-153
-133
-81
12
0
-41
-29
27
105
82
134
186
253
552
698
743
771
682
728
762
694
590
487
514
467
466
439
266
241
159
117
122
44
-69
-106
27
91
171
330
341
546
700
569
575
435
268
278
169
120
91
-68
-152
-124
-165
-235
-258
-273
-258
-227
-268
-289
-299
-304
-254
-135
-47
-48
-3
36
59
-20
-121
-185
-316
-448
-603
-699
-698
-854
-909
-805
-777
-599
-519
-480
-268
-230
-149
30
-32
-54
-38
-75
82
87
-55
3
-40
-143
-137
-263
-274
-197
-218
-91
-19
2
107
207
388
505
561
610
595
627
639
588
540
464
410
382
380
281
188
82
13
26
45
87
52
127
228
256
384
425
501
632
649
656
634
550
397
313
244
155
151
50
23
68
3
-67
-123
-203
-289
-281
-332
-322
-218
-225
-133
-48
-141
-155
-183
-256
-280
-371
-456
-482
-528
-592
-644
-696
-760
-851
-839
-807
-798
-713
-643
-529
-373
-243
-189
-138
-92
-180
-125
-63
-131
-23
-7
-73
37
-42
-140
-115
-225
-298
-260
-217
-140
32
94
231
392
404
473
489
523
569
477
526
569
502
490
349
310
285
126
43
-57
-99
-114
-83
27
102
234
357
448
599
588
551
567
518
524
465
409
356
314
275
205
133
51
-34
-39
-83
-99
-128
-177
-124
-105
-42
-7
16
76
66
53
21
-57
-91
-194
-247
-234
-292
-291
-405
-483
-489
-546
-578
-599
-574
-538
-488
-445
-431
-375
-350
-306
-205
-194
-103
-77
-77
-5
-72
-83
-94
-158
-167
-209
-281
-296
-345
-338
-290
-246
-155
-86
5
84
153
239
282
339
394
405
462
474
422
346
297
247
162
106
-1
-11
26
7
62
105
197
362
487
596
690
728
748
761
726
699
699
696
767
787
773
792
665
584
528
386
367
292
203
242
186
114
68
-33
-96
-136
-206
-271
-330
-455
-586
-682
-832
-969
-1077
-1179
-1207
-1204
-1208
-1198
-1217
-1222
-1181
-1139
-1100
-1041
-993
-920
-827
-764
-654
-553
-437
-283
-203
-106
-37
-38
18
48
66
146
169
188
232
277
310
363
449
535
670
822
974
1083
1126
1128
1171
1253
1274
1266
1195
1132
1113
1086
1091
1084
1115
1264
1436
1591
1651
1599
1531
1521
1459
1326
1152
786
414
29
-430
-884
-1380
-1782
-2027
-2093
-2147
-2302
-2474
-2659
-2673
-2547
-2439
-2250
-2048
-1719
-1299
-1015
-793
-646
-505
-232
67
329
527
490
414
377
273
106
-161
-380
-466
-432
-440
-603
-753
-844
-827
-625
-496
-473
-414
-315
-93
155
296
376
551
752
965
1089
1026
901
829
914
1124
1315
1426
1468
1574
1770
1841
1860
1788
1751
1934
2145
2280
2257
2112
1998
1999
1953
1661
1151
473
-175
-618
-1167
-1787
-2359
-2732
-2655
-2493
-2527
-2853
-3240
-3352
-3243
-2993
-2798
-2606
-2150
-1611
-1054
-663
-535
-341
-5
543
1168
1567
1792
1860
1906
1992
1900
1709
1467
1257
1169
990
628
17
-658
-1197
-1475
-1538
-1641
-1759
-1853
-1862
-1716
-1601
-1514
-1352
-1029
-442
131
492
610
619
795
1088
1380
1572
1619
1675
1778
1866
1843
1595
1286
1146
1178
1249
1132
805
544
525
679
812
756
634
700
1011
1431
1728
1810
1725
1506
1151
581
-268
-1145
-1875
-2161
-1897
-1754
-1924
-2487
-3182
-3363
-3236
-3095
-2952
-2768
-2194
-1378
-789
-624
-679
-496
86
928
1608
1946
2050
2110
2224
2296
2186
1847
1534
1426
1397
1224
709
-70
-732
-1136
-1311
-1518
-1879
-2255
-2504
-2433
-2272
-2194
-2059
-1788
-1285
-664
-285
-142
-59
103
448
873
1151
1238
1274
1332
1436
1452
1324
1203
1256
1385
1453
1254
823
422
252
358
520
575
512
566
768
939
945
769
807
1307
2056
2743
2851
2457
1858
1265
765
-19
-859
-1484
-1496
-1027
-912
-1464
-2610
-3517
-3647
-3430
-3180
-3234
-3228
-2774
-2274
-1903
-1897
-1914
-1437
-494
640
1453
1714
1644
1571
1745
1998
2075
1926
1655
1535
1435
1154
548
-232
-716
-847
-790
-837
-1292
-1818
-2193
-2326
-2154
-1992
-1785
-1493
-1087
-589
-217
-22
112
425
995
1604
1979
1999
1821
1714
1729
1769
1638
1437
1323
1325
1321
1038
534
102
-124
-48
94
55
-65
-147
44
484
906
1186
1409
1738
2241
2769
3050
2928
2537
2005
1491
899
-129
-1238
-2047
-2053
-1518
-1438
-2148
-3394
-4175
-4056
-3675
-3536
-3784
-3747
-3066
-2326
-1994
-2288
-2378
-1681
-397
943
1601
1750
1828
2046
2493
2721
2625
2400
2209
2237
2113
1592
687
-237
-644
-576
-397
-523
-1092
-1721
-2143
-2254
-2158
-2096
-1872
-1526
-998
-505
-376
-404
-390
8
819
1573
1954
1825
1552
1500
1573
1544
1237
940
890
939
861
496
99
-44
22
153
59
-249
-502
-537
-281
79
452
807
1256
1781
2187
2511
2778
3148
3668
3865
3524
2659
1560
483
-708
-1786
-2468
-2400
-2054
-2276
-3228
-4456
-4996
-4710
-4258
-3984
-3806
-3232
-2343
-1789
-1787
-1995
-1558
-334
1073
2058
2378
2458
2624
2864
3092
3114
2958
2764
2550
2357
1924
1143
215
-565
-846
-757
-735
-1035
-1685
-2295
-2541
-2546
-2468
-2455
-2312
-1937
-1454
-1107
-1068
-1054
-814
-236
533
1035
1125
898
684
795
1019
1185
1083
848
724
571
351
97
-31
205
664
917
778
338
-12
-4
246
529
807
1156
1583
1908
1946
1826
1914
2479
3350
3956
3861
3163
2200
1382
471
-688
-1700
-2095
-1550
-1029
-1485
-2974
-4606
-5066
-4438
-3592
-3122
-3013
-2545
-1825
-1417
-1555
-1836
-1367
-70
1483
2468
2539
2150
1780
1808
2145
2330
2275
1994
1686
1409
853
-15
-1000
-1626
-1618
-1299
-1126
-1445
-2098
-2614
-2772
-2557
-2279
-2073
-1866
-1682
-1363
-1160
-1070
-903
-539
240
1062
1465
1403
1018
847
1035
1322
1470
1326
1085
870
666
373
30
-78
171
648
954
775
323
-7
80
513
887
1062
1159
1390
1740
1983
2032
2079
2380
2993
3673
4142
4155
3684
2938
2144
1477
651
-355
-1265
-1582
-1229
-1131
-1950
-3488
-4684
-4648
-3880
-3304
-3377
-3653
-3373
-2740
-2218
-2074
-1903
-1148
57
1120
1534
1379
1102
1125
1593
2121
2332
2077
1432
858
447
61
-410
-923
-1181
-1044
-828
-965
-1578
-2322
-2653
-2357
-1746
-1285
-1155
-1336
-1547
-1603
-1478
-1197
-790
-239
426
967
1035
675
281
292
746
1205
1251
906
480
258
166
66
-15
123
575
1072
1269
1065
704
525
744
1212
1680
1881
1822
1685
1628
1710
1833
2012
2309
2692
3084
3296
3325
3352
3290
3136
2632
1804
699
-574
-1563
-1969
-1636
-1291
-1735
-2954
-4238
-4611
-4229
-3932
-3972
-4028
-3428
-2493
-2075
-2378
-2794
-2373
-1081
244
911
874
735
929
1363
1723
1761
1624
1540
1594
1586
1186
435
-328
-659
-439
-112
-185
-774
-1511
-1836
-1696
-1446
-1454
-1681
-1790
-1748
-1689
-1799
-1928
-1709
-1055
-244
263
250
-24
-129
164
693
1105
1223
1112
963
865
784
659
630
842
1252
1596
1573
1233
914
857
1030
1228
1274
1178
1114
1094
1055
958
906
1186
1767
2368
2608
2505
2466
2830
3579
4229
4343
3902
3157
2324
1207
-126
-1243
-1544
-957
-625
-1389
-3136
-4752
-5216
-4823
-4423
-4421
-4514
-4172
-3661
-3478
-3709
-3770
-2954
-1455
2
786
850
761
952
1522
2195
2514
2470
2235
2091
1985
1564
855
151
-130
45
198
-95
-941
-1917
-2495
-2520
-2241
-2092
-2180
-2342
-2436
-2474
-2612
-2710
-2502
-1810
-813
4
295
135
-27
205
824
1479
1881
1963
1928
1847
1698
1512
1400
1521
1876
2156
2037
1484
802
464
641
1001
1148
1008
800
745
755
643
562
827
1540
2393
2857
2839
2622
2621
2985
3583
4181
4502
4363
3756
2841
1727
292
-1224
-2315
-2399
-1770
-1734
-2937
-4910
-6249
-6206
-5477
-4950
-4893
-4755
-4137
-3455
-3129
-3129
-2756
-1558
60
1420
1901
1652
1297
1356
2030
2842
3220
2994
2439
2022
1686
1133
288
-549
-860
-689
-529
-964
-2114
-3371
-4017
-3823
-3173
-2630
-2455
-2499
-2519
-2442
-2314
-2094
-1662
-811
286
1167
1382
941
516
684
1481
2320
2647
2408
1994
1693
1477
1210
965
969
1327
1707
1655
1069
274
-120
128
734
1183
1190
900
680
704
903
1117
1429
1931
2578
3120
3228
3000
2766
2876
3380
3916
4219
4185
3858
3364
2596
1630
488
-785
-1835
-2410
-2277
-2035
-2545
-3934
-5487
-5994
-5403
-4645
-4402
-4622
-4438
-3768
-3244
-3234
-3494
-3049
-1730
-208
718
765
479
507
1053
1843
2283
2170
1711
1358
1304
1123
521
-411
-1061
-1011
-655
-634
-1308
-2338
-2976
-2960
-2463
-1962
-1719
-1559
-1428
-1262
-1222
-1323
-1281
-896
-138
661
1090
1074
852
843
1238
1842
2290
2348
2137
1918
1807
1731
1626
1548
1666
1973
2182
2004
1416
766
521
772
1215
1465
1385
1151
921
733
640
772
1195
1696
1999
1945
1666
1434
1424
1705
2128
2577
2909
3061
3078
2863
2459
1955
1398
780
-171
-1307
-2229
-2520
-2363
-2596
-3518
-4729
-5407
-5291
-5060
-5150
-5378
-5229
-4538
-3904
-3674
-3678
-3323
-2353
-1166
-240
134
224
432
886
1530
1965
2043
1946
1842
1859
1743
1274
620
122
49
198
161
-249
-876
-1376
-1565
-1512
-1350
-1190
-1023
-913
-914
-982
-1081
-1065
-878
-507
10
477
733
742
667
788
1152
1613
1929
2009
1934
1831
1766
1699
1636
1630
1732
1919
1993
1829
1505
1218
1097
1101
1098
1030
873
654
412
232
245
454
806
1094
1227
1254
1249
1396
1645
1903
2107
2182
2260
2343
2436
2517
2411
2152
1678
990
120
-1069
-2253
-3046
-3137
-2820
-2994
-3935
-5172
-5824
-5683
-5461
-5550
-5724
-5389
-4502
-3748
-3470
-3464
-3111
-2140
-945
60
618
891
1206
1647
2156
2441
2433
2402
2579
2967
3078
2622
1864
1267
1176
1325
1290
880
176
-535
-1089
-1464
-1707
-1863
-1853
-1716
-1610
-1671
-1928
-2074
-1879
-1329
-631
-64
334
619
915
1279
1645
1979
2272
2554
2760
2768
2551
2249
2078
2100
2190
2195
1936
1490
1009
611
370
190
50
-36
-51
-62
-201
-426
-567
-479
-131
243
483
549
548
647
851
1125
1377
1611
1880
2106
2221
2183
2071
2087
2121
1972
1502
791
30
-930
-2067
-3093
-3443
-3117
-2909
-3437
-4610
-5517
-5625
-5310
-5047
-4982
-4666
-3908
-3117
-2617
-2520
-2353
-1698
-564
694
1551
1865
1923
2131
2616
3039
3133
2948
2836
2986
3024
2607
1697
741
219
111
98
-144
-642
-1163
-1570
-1837
-2017
-2115
-2021
-1743
-1410
-1177
-1138
-1129
-983
-645
-133
440
1000
1466
1798
1995
2079
2137
2197
2274
2323
2236
1993
1617
1234
942
762
657
509
264
-60
-355
-555
-679
-721
-623
-397
-206
-207
-377
-469
-319
-5
341
580
770
986
1181
1320
1335
1298
1316
1438
1681
1862
1910
1842
1763
1852
1967
1869
1456
835
291
-283
-1096
-2026
-2747
-2864
-2738
-2913
-3563
-4362
-4724
-4666
-4485
-4379
-4244
-3808
-3175
-2600
-2245
-1991
-1539
-846
13
778
1303
1650
1919
2238
2538
2651
2589
2473
2489
2566
2472
2140
1656
1251
987
807
618
356
66
-190
-386
-600
-883
-1163
-1313
-1318
-1251
-1251
-1294
-1290
-1187
-1014
-821
-578
-300
28
333
547
660
707
793
968
1142
1242
1190
1027
862
725
653
593
539
517
484
418
261
87
18
73
221
293
258
165
81
125
260
448
627
756
885
966
972
890
750
744
929
1257
1560
1630
1515
1336
1253
1295
1381
1440
1373
1088
537
-233
-1167
-2098
-2755
-2900
-2618
-2376
-2619
-3307
-3960
-4189
-4019
-3754
-3495
-3117
-2524
-1883
-1470
-1311
-1151
-704
38
836
1459
1776
1904
2020
2180
2353
2392
2304
2220
2212
2175
1897
1388
849
458
260
114
-49
-277
-558
-831
-1102
-1349
-1610
-1840
-1938
-1906
-1798
-1728
-1717
-1636
-1457
-1179
-860
-531
-150
308
776
1125
1322
1420
1519
1642
1764
1805
1774
1683
1548
1447
1341
1206
1030
846
766
717
599
378
110
-54
-113
-140
-210
-343
-448
-535
-602
-630
-591
-429
-223
-27
166
331
481
562
610
751
988
1277
1479
1527
1483
1421
1457
1600
1739
1708
1406
951
482
-1
-605
-1315
-1884
-2059
-1961
-1989
-2390
-3008
-3420
-3466
-3317
-3189
-3118
-2943
-2576
-2137
-1763
-1521
-1277
-879
-292
391
934
1249
1447
1681
1979
2181
2189
2077
1976
1943
1858
1640
1317
952
666
439
211
-59
-419
-751
-965
-1055
-1087
-1173
-1293
-1391
-1440
-1489
-1563
-1567
-1408
-1092
-729
-432
-220
-31
209
581
1029
1444
1704
1784
1803
1809
1758
1614
1386
1181
1045
894
646
289
-46
-264
-382
-467
-592
-752
-905
-983
-947
-824
-660
-496
-333
-124
90
266
409
567
783
1002
1160
1212
1173
1131
1086
1042
1033
1055
1121
1160
1135
1061
960
888
849
811
730
553
282
-31
-334
-665
-1099
-1534
-1781
-1701
-1439
-1349
-1551
-1898
-2101
-2086
-1972
-1829
-1631
-1279
-862
-544
-418
-453
-451
-264
99
495
742
787
726
672
687
671
569
469
461
590
686
571
249
-132
-364
-414
-366
-321
-379
-503
-656
-793
-908
-1028
-1075
-1035
-913
-800
-788
-799
-760
-573
-264
31
293
484
672
860
967
1003
956
924
936
952
964
908
794
641
470
315
144
-17
-115
-136
-113
-134
-202
-246
-231
-166
-130
-120
-109
-59
57
170
252
266
275
347
448
570
627
606
561
529
564
618
664
694
727
777
792
779
777
803
890
993
1111
1220
1258
1230
1095
926
755
578
384
119
-138
-354
-535
-742
-1016
-1266
-1430
-1497
-1566
-1722
-1913
-2087
-2156
-2108
-1995
-1861
-1751
-1623
-1435
-1200
-955
-746
-560
-355
-111
140
328
425
469
539
649
741
738
665
605
591
571
456
270
111
24
-23
-121
-285
-469
-653
-809
-944
-1021
-1002
-933
-845
-773
-690
-571
-414
-195
51
307
506
625
703
743
764
755
767
825
905
953
899
774
631
520
459
414
395
383
383
403
390
371
323
279
285
339
451
540
572
550
492
453
422
400
418
474
554
597
600
605
633
701
766
835
910
944
927
866
796
743
693
625
537
422
291
140
-38
-226
-413
-593
-774
-953
-1114
-1240
-1300
-1333
-1370
-1425
-1488
-1490
-1427
-1354
-1312
-1297
-1261
-1182
-1099
-1057
-1071
-1076
-999
-841
-661
-545
-514
-501
-446
-328
-245
-244
-298
-328
-273
-203
-189
-268
-365
-359
-262
-170
-170
-265
-329
-292
-198
-144
-162
-161
-77
79
238
326
373
440
549
708
863
978
1041
1066
1119
1190
1253
1280
1261
1257
1282
1311
1277
1170
1073
1023
1014
988
879
734
621
579
564
475
313
134
18
-47
-141
-255
-343
-342
-301
-329
-431
-535
-543
-448
-354
-307
-312
-341
-340
-329
-301
-256
-200
-88
78
250
335
334
319
373
508
619
650
594
538
523
510
484
418
343
256
115
-58
-280
-520
-741
-925
-1047
-1171
-1330
-1555
-1789
-1936
-1978
-1943
-1900
-1879
-1814
-1682
-1488
-1307
-1147
-960
-736
-455
-180
53
248
416
598
780
919
986
963
905
862
845
833
785
723
675
641
575
416
230
86
42
94
157
197
190
170
168
185
216
257
344
469
593
690
729
749
778
821
856
857
840
815
772
721
651
548
393
237
81
-75
-217
-364
-485
-604
-763
-899
-975
-995
-986
-981
-935
-824
-678
-574
-525
-452
-330
-176
-36
56
174
294
369
379
327
275
256
273
293
311
268
158
58
-14
-43
-43
-68
-86
-84
-77
-85
-152
-243
-274
-230
-139
-48
-4
10
9
23
20
14
48
116
201
244
242
220
183
164
171
207
223
164
62
-34
-91
-123
-162
-209
-227
-210
-202
-228
-265
-297
-294
-283
-294
-294
-271
-216
-138
-76
-57
-56
-26
39
115
147
133
117
120
129
104
61
17
-5
-4
-9
-37
-93
-140
-150
-127
-79
-66
-86
-87
-83
-66
-100
-157
-171
-133
-53
2
5
-39
-85
-69
-51
-34
-35
-71
-61
-65
-81
-92
-136
-160
-166
-188
-204
-213
-226
-231
-216
-203
-180
-126
-99
-47
23
74
143
193
248
328
444
576
687
779
816
852
888
913
948
953
941
916
839
739
642
554
469
341
186
39
-87
-181
-245
-309
-383
-413
-430
-428
-404
-392
-323
-234
-152
-62
4
85
184
269
353
429
468
475
449
388
318
247
155
38
-82
-213
-327
-445
-599
-761
-930
-1088
-1201
-1268
-1311
-1320
-1307
-1309
-1291
-1275
-1226
-1110
-995
-859
-709
-562
-406
-290
-197
-86
45
202
340
433
458
467
477
457
474
441
371
298
188
134
82
2
-73
-145
-140
-103
-77
-66
-96
-84
-21
83
214
281
363
470
574
710
795
847
915
971
1045
1081
1040
960
885
862
837
803
706
576
509
420
360
302
175
132
101
79
83
29
-1
-39
-86
-100
-96
-64
-65
-67
-72
-99
-83
-108
-124
-93
-122
-90
-92
-162
-186
-269
-320
-328
-380
-421
-475
-540
-607
-652
-720
-789
-771
-758
-705
-667
-708
-664
-612
-561
-453
-426
-380
-303
-276
-240
-206
-165
-109
-52
-35
-62
-83
-140
-167
-137
-131
-127
-178
-247
-205
-173
-160
-145
-158
-95
3
67
104
148
206
277
333
341
358
404
403
416
428
380
384
353
321
333
282
229
212
210
237
272
274
255
255
241
207
234
243
289
383
389
424
461
452
515
548
567
628
624
586
556
535
507
482
433
361
336
257
110
15
-121
-207
-220
-335
-424
-529
-668
-729
-817
-878
-871
-850
-806
-772
-739
-750
-729
-641
-585
-437
-352
-309
-136
-88
-24
59
47
134
181
196
247
234
225
202
191
139
90
80
-33
-57
-86
-195
-212
-321
-385
-329
-355
-334
-326
-319
-277
-219
-159
-124
-6
70
175
335
358
457
551
532
627
655
641
681
588
542
512
397
284
170
97
47
-8
-88
-168
-203
-268
-320
-359
-404
-362
-320
-266
-218
-212
-169
-155
-107
-26
15
76
98
133
198
185
195
213
222
269
257
219
199
186
175
158
143
69
5
-68
-154
-140
-162
-193
-202
-255
-263
-263
-268
-265
-232
-162
-100
-20
-17
-25
18
20
69
111
90
158
170
161
181
107
86
83
63
72
32
-39
-80
-116
-137
-160
-194
-207
-181
-190
-224
-221
-219
-205
-164
-134
-56
0
4
14
26
73
111
143
141
151
209
212
207
176
149
202
185
164
197
145
135
110
97
138
93
36
-1
-13
-8
-30
-76
-129
-150
-119
-97
-106
-130
-173
-203
-218
-242
-253
-242
-273
-263
-234
-288
-294
-312
-321
-229
-204
-190
-160
-165
-125
-71
-35
-4
48
98
125
174
204
246
288
252
278
308
297
323
300
293
296
275
262
275
265
230
212
165
129
131
80
42
54
20
14
9
-49
-35
-29
-63
-48
-54
-40
-7
-31
-21
12
25
47
42
40
60
68
50
36
68
55
53
68
28
32
-23
-82
-64
-106
-109
-110
-167
-175
-173
-161
-167
-177
-174
-165
-114
-164
-143
-76
-100
-15
-34
-25
69
-6
67
111
64
163
121
133
206
121
144
111
48
71
11
-42
-116
-166
-179
-262
-310
-356
-373
-358
-415
-423
-440
-456
-440
-432
-359
-317
-245
-188
-168
-47
-13
70
147
152
312
334
354
421
405
502
512
488
534
483
499
486
409
412
337
290
283
203
179
149
61
27
4
-21
15
-18
-36
51
41
21
24
-13
54
94
67
86
64
36
46
19
-22
-35
-53
-97
-111
-140
-186
-207
-292
-315
-290
-327
-337
-385
-409
-393
-421
-403
-399
-366
-318
-305
-232
-230
-215
-152
-158
-53
-13
-23
67
20
44
142
98
169
168
143
239
168
157
141
49
108
48
10
29
-78
-50
-83
-142
-101
-171
-159
-123
-153
-102
-104
-104
-23
9
49
90
108
131
190
208
190
240
221
227
290
260
295
291
197
221
193
147
176
119
134
172
118
136
104
62
97
92
125
150
152
175
164
181
193
181
202
167
213
259
202
238
195
166
187
97
106
90
11
13
-43
-96
-134
-215
-244
-291
-344
-360
-372
-386
-423
-434
-422
-424
-397
-384
-361
-338
-339
-293
-273
-253
-214
-224
-159
-146
-176
-115
-170
-151
-75
-164
-129
-142
-196
-123
-180
-203
-165
-220
-211
-205
-223
-202
-192
-168
-153
-94
-85
-94
1
16
77
151
114
205
260
238
303
301
320
401
394
387
406
378
326
339
305
268
301
221
200
213
139
152
125
60
109
101
74
95
65
97
157
147
161
191
211
247
254
269
291
316
323
299
337
322
289
271
178
162
140
57
55
-19
-96
-133
-228
-265
-301
-366
-365
-400
-443
-419
-453
-435
-384
-389
-319
-303
-332
-245
-229
-220
-138
-147
-96
-31
-88
-40
-7
-48
12
-12
-70
-35
-79
-90
-73
-132
-133
-148
-173
-167
-189
-200
-203
-225
-216
-193
-193
-166
-161
-148
-105
-90
-59
-22
-4
52
84
108
148
153
193
202
235
273
243
277
268
260
302
266
270
284
227
265
262
211
253
204
201
261
211
233
215
160
206
183
152
177
153
155
166
111
119
110
73
91
98
76
72
45
33
52
22
21
15
-19
-35
-43
-53
-75
-100
-120
-121
-121
-149
-180
-196
-223
-243
-255
-273
-298
-314
-307
-317
-314
-327
-344
-309
-303
-254
-219
-245
-191
-191
-171
-126
-151
-96
-88
-67
10
-19
17
23
12
72
49
82
87
56
77
30
54
47
8
62
33
37
58
2
30
23
11
53
52
42
56
74
64
68
84
60
102
112
86
151
125
94
145
110
132
182
144
191
185
152
179
138
150
149
149
170
120
132
96
52
103
28
24
37
-42
18
-20
-81
-30
-85
-90
-83
-144
-115
-121
-155
-134
-136
-136
-143
-130
-122
-130
-114
-129
-96
-70
-115
-70
-83
-109
-57
-93
-90
-53
-105
-92
-73
-121
-105
-102
-128
-91
-92
-118
-82
-94
-113
-73
-76
-73
-29
-34
-3
25
2
41
64
74
120
145
169
203
206
218
220
210
231
246
234
220
201
177
181
153
112
78
51
23
5
-17
-57
-71
-96
-126
-112
-119
-160
-138
-126
-124
-75
-94
-113
-48
-45
-47
12
-8
11
72
43
65
92
16
45
58
3
63
45
-11
22
-27
-51
-35
-88
-97
-81
-93
-108
-110
-143
-147
-94
-120
-122
-77
-104
-61
-34
-76
-13
1
-11
38
35
46
97
66
81
128
104
124
152
138
174
189
162
184
182
163
199
187
174
203
176
164
172
142
168
167
152
159
142
150
104
95
101
73
101
62
46
65
12
17
-9
-44
-23
-60
-58
-84
-118
-110
-137
-151
-171
-159
-162
-177
-174
-201
-188
-196
-233
-198
-205
-205
-197
-232
-213
-217
-220
-203
-210
-192
-202
-180
-166
-204
-146
-166
-175
-112
-153
-123
-102
-135
-85
-61
-68
-50
-38
-35
-12
11
-14
26
58
16
74
69
29
72
48
57
86
65
63
79
82
69
94
100
87
144
127
125
177
137
169
194
163
212
202
187
219
190
192
206
188
188
193
186
184
178
154
143
161
136
129
135
105
109
90
66
75
47
31
13
-12
-9
-25
-61
-97
-106
-104
-136
-167
-206
-213
-196
-239
-238
-233
-242
-226
-247
-230
-215
-225
-200
-209
-193
-170
-188
-162
-171
-165
-127
-133
-131
-129
-131
-101
-96
-103
-82
-92
-89
-89
-108
-84
-94
-96
-70
-84
-65
-30
-48
-32
-8
-13
30
31
35
97
111
131
165
182
208
231
227
239
270
280
273
290
290
272
282
248
247
257
212
221
197
167
169
139
117
106
107
109
86
79
45
49
68
34
44
32
23
53
29
20
28
10
5
13
16
11
20
7
-36
-2
-17
-44
-8
-61
-56
-24
-109
-109
-114
-155
-128
-154
-186
-189
-205
-230
-240
-225
-258
-240
-221
-268
-221
-221
-227
-181
-204
-168
-132
-130
-90
-84
-45
-30
-27
1
-14
26
29
27
53
30
61
55
40
69
27
48
56
16
57
38
30
55
33
55
60
52
70
81
101
107
117
126
126
159
155
163
182
173
197
197
180
193
180
179
176
151
149
127
106
93
65
34
18
13
-35
-53
-50
-89
-91
-106
-133
-103
-132
-160
-131
-150
-157
-157
-172
-151
-145
-157
-157
-146
-156
-157
-136
-162
-140
-122
-137
-115
-138
-121
-91
-109
-86
-102
-72
-56
-96
-68
-89
-67
-42
-85
-38
-41
-41
-18
-61
-20
3
-5
20
-2
48
71
40
76
63
98
130
94
130
123
131
160
133
151
160
166
168
154
176
162
169
160
129
166
132
128
124
82
111
98
77
69
37
64
38
17
25
-15
25
-4
-33
3
-43
-23
-17
-53
-9
-15
-32
-11
-20
-16
-16
-24
-31
-28
-25
-53
-44
-60
-86
-68
-117
-128
-112
-147
-146
-156
-175
-163
-189
-201
-191
-191
-188
-186
-157
-159
-151
-126
-121
-78
-66
-58
0
7
23
57
70
100
103
120
145
155
160
165
187
174
189
186
178
203
189
200
191
160
190
162
159
178
139
180
171
145
178
147
149
163
140
150
142
134
135
117
120
99
98
92
57
74
62
39
35
-9
-6
-3
-43
-62
-67
-82
-97
-97
-126
-139
-125
-161
-164
-163
-191
-165
-188
-200
-178
-191
-188
-197
-194
-189
-181
-173
-199
-174
-170
-192
-159
-191
-189
-147
-184
-169
-162
-189
-149
-163
-180
-137
-135
-135
-117
-111
-102
-78
-63
-71
-27
-9
-12
34
18
38
82
68
101
106
114
144
126
144
148
147
176
145
169
188
156
184
170
162
195
178
176
178
167
177
162
161
152
147
148
113
117
110
91
100
74
67
80
52
33
24
8
10
6
-23
-24
-36
-58
-61
-93
-103
-95
-119
-107
-108
-140
-124
-139
-163
-142
-160
-154
-139
-163
-150
-149
-164
-162
-173
-157
-145
-164
-152
-159
-161
-146
-170
-160
-150
-152
-129
-125
-125
-114
-106
-106
-80
-73
-70
-46
-39
-26
-13
-3
8
14
33
47
67
93
88
99
123
127
156
151
155
184
181
200
201
186
206
205
203
211
213
213
205
195
207
203
186
184
176
171
176
161
161
153
131
155
152
134
136
126
129
123
103
106
89
80
70
50
48
41
23
11
0
-9
-22
-43
-58
-68
-63
-81
-113
-112
-114
-133
-145
-156
-151
-144
-166
-174
-157
-153
-166
-151
-151
-145
-117
-141
-130
-105
-120
-102
-91
-106
-80
-74
-87
-65
-70
-78
-61
-65
-63
-54
-59
-55
-51
-51
-37
-32
-20
-28
-21
6
-1
21
12
16
65
43
56
70
56
101
86
85
116
104
122
116
110
143
133
125
130
131
140
131
120
113
119
113
96
98
80
70
64
50
50
31
21
14
-1
-1
-17
-31
-33
-41
-49
-54
-57
-55
-73
-71
-78
-82
-76
-103
-97
-89
-99
-91
-106
-106
-95
-114
-108
-105
-114
-100
-110
-107
-96
-106
-109
-111
-96
-83
-89
-86
-75
-74
-71
-73
-62
-55
-54
-42
-36
-25
-36
-44
-25
-27
-17
-15
-19
-3
-13
-3
-3
-17
5
3
4
27
18
23
22
28
43
37
44
42
53
52
52
61
47
63
58
50
57
51
48
41
42
45
41
41
22
22
31
18
18
8
14
17
3
10
-1
0
14
-2
12
9
-4
12
-6
-6
4
-5
-9
-1
-5
-9
0
-20
-18
-6
-23
-11
-14
-29
-16
-28
-27
-24
-35
-21
-22
-18
-6
-20
-2
2
0
17
11
35
37
29
58
47
63
63
52
76
59
68
75
60
69
50
56
60
36
54
39
31
51
24
26
28
6
28
26
13
31
26
20
30
27
24
40
30
26
51
41
31
44
24
32
43
19
29
25
6
17
1
-6
-9
-19
-23
-34
-26
-43
-45
-44
-67
-47
-61
-72
-58
-81
-66
-68
-84
-55
-74
-69
-54
-62
-41
-56
-49
-28
-37
-25
-31
-28
-18
-24
-19
-18
-11
-10
-16
-13
-6
-7
-11
-13
-10
5
1
-8
5
4
4
10
6
17
28
18
29
34
35
40
32
46
52
45
51
45
49
49
41
48
42
40
48
37
40
32
17
27
16
16
9
1
6
2
-14
-15
-14
-25
-23
-35
-33
-24
-46
-51
-51
-50
-46
-64
-67
-57
-55
-68
-70
-65
-66
-67
-74
-68
-58
-61
-67
-62
-56
-51
-54
-56
-52
-42
-35
-46
-38
-28
-37
-35
-39
-27
-27
-42
-35
-30
-29
-41
-40
-37
-33
-28
-34
-25
-15
-21
-13
-17
-3
3
-6
11
18
26
27
20
37
34
41
47
40
59
51
53
60
56
63
57
64
72
63
65
63
66
71
60
62
64
63
55
55
55
47
48
37
40
49
33
20
28
23
26
17
6
22
18
12
10
8
15
11
0
12
15
8
3
-3
10
13
-3
-3
-1
1
3
-10
-8
-5
-3
-9
-17
-3
-10
-21
-11
-17
-13
-12
-26
-22
-13
-21
-24
-20
-20
-15
-19
-22
-19
-17
-22
-15
-17
-12
-10
-22
-9
-11
-11
-10
-15
0
-6
-12
-5
-11
-8
-15
-15
-6
-16
-17
-11
-15
-8
-16
-15
-9
-10
-9
-8
-5
1
-3
-7
1
4
4
-4
4
10
12
8
3
14
22
11
13
22
20
26
16
11
24
24
9
10
16
19
10
-4
3
0
-1
-5
-12
2
-6
-9
-9
-16
-4
-9
-13
-4
-7
2
-3
-9
1
-4
5
2
-9
6
1
-6
-3
-17
-8
-8
-26
-17
-25
-30
-26
-37
-44
-36
-34
-47
-45
-51
-43
-42
-51
-50
-46
-39
-44
-48
-42
-34
-35
-37
-34
-26
-19
-25
-25
-21
-11
-5
-22
-13
-3
-15
-7
-16
-16
2
-11
-9
-8
-6
-1
-9
-7
0
6
5
1
10
20
19
23
18
38
45
35
47
45
51
54
48
52
59
58
55
57
57
56
56
48
48
61
52
54
51
44
59
41
38
45
34
44
42
30
38
34
23
27
18
22
22
17
15
10
9
7
-3
-10
-5
-7
-10
-11
-20
-20
-19
-30
-32
-32
-30
-31
-38
-34
-36
-34
-40
-48
-33
-31
-34
-36
-33
-20
-25
-34
-23
-23
-17
-19
-20
-11
-11
-11
-13
-12
-7
5
-7
-8
7
4
6
-2
-2
13
2
5
12
6
16
17
8
12
17
15
15
10
18
26
13
12
18
15
20
21
20
21
27
27
24
23
22
30
29
27
25
25
23
18
14
15
18
19
11
10
15
8
7
-1
2
4
2
1
-7
-5
-6
-11
-17
-18
-10
-18
-23
-21
-20
-25
-30
-29
-29
-27
-30
-35
-31
-28
-37
-35
-41
-38
-28
-46
-34
-35
-36
-33
-44
-34
-31
-38
-33
-30
-26
-26
-30
-30
-23
-26
-27
-18
-21
-11
-13
-13
-7
-6
-4
-4
4
11
6
11
13
12
14
13
16
19
19
21
24
25
25
23
25
27
26
27
25
25
25
19
19
21
16
13
16
14
17
17
9
13
16
13
12
11
18
15
15
14
14
15
7
11
11
10
15
10
4
14
11
3
8
6
5
7
6
0
0
0
-5
-2
-5
-7
-1
-9
-2
-4
-11
-2
-10
-7
-1
-5
-2
-2
-3
-2
0
-1
-1
-1
1
-1
3
-2
-6
-1
-8
-5
-7
-10
-6
-7
-7
-9
-12
-5
-14
-16
-6
-7
-6
-11
-6
1
-4
0
2
6
11
12
16
10
12
13
5
11
10
6
14
2
3
7
-4
0
-8
-5
-1
-8
-7
-12
-11
-9
-16
-7
-10
-11
-3
-6
-4
-3
-1
-2
-1
4
8
3
6
8
3
7
8
-3
1
6
-4
0
-6
-8
-7
-13
-14
-13
-14
-16
-19
-18
-19
-21
-22
-24
-23
-15
-20
-18
-18
-15
-10
-17
-13
-9
-8
-9
-10
-3
-4
-4
-3
-4
4
7
4
1
10
13
4
8
5
12
10
5
12
11
14
13
7
14
16
9
10
8
13
16
2
8
7
3
7
2
6
4
6
6
-3
2
1
-3
-2
-3
-2
1
-3
-7
-9
-4
-6
-10
-9
-10
-6
-10
-14
-12
-14
-8
-11
-11
-12
-6
-6
-17
-13
-8
-10
-11
-18
-10
-3
-11
-12
-7
-7
1
-7
-10
4
2
1
-1
3
7
4
1
6
10
8
8
9
6
9
8
5
6
10
12
11
10
11
17
11
7
14
15
12
12
13
17
14
14
15
18
17
22
22
19
20
19
19
17
16
15
17
16
12
14
13
12
8
9
9
10
6
0
5
4
-1
-2
-6
-1
-5
-5
-4
-12
-7
-8
-13
-11
-14
-8
-10
-12
-10
-13
-6
-19
-17
-7
-19
-16
-21
-24
-15
-26
-29
-25
-24
-20
-25
-26
-22
-17
-24
-24
-20
-15
-20
-19
-14
-14
-12
-14
-12
-4
-3
-4
0
-3
8
3
2
4
4
9
8
7
5
11
4
6
3
5
4
2
5
3
3
5
1
2
7
5
5
6
6
9
8
3
8
8
10
12
12
12
10
14
13
12
7
10
14
8
5
8
6
-1
3
3
3
2
0
3
3
3
-2
-3
1
0
3
-5
-1
2
-1
0
-7
-3
-1
-6
-4
0
-4
-1
-7
-6
-1
2
-4
-9
8
4
-5
-3
-2
3
2
-1
2
6
4
8
8
7
12
13
12
15
17
15
13
16
16
16
17
14
16
15
18
13
9
11
14
12
6
8
6
7
7
3
3
4
4
2
0
4
2
-1
4
1
2
1
0
0
1
4
-3
-2
-3
-1
-4
-8
-11
-8
-7
-9
-13
-15
-8
-14
-13
-15
-18
-15
-15
-15
-16
-13
-17
-16
-11
-14
-10
-6
-15
-5
-2
-4
-7
-6
-1
1
3
0
5
2
6
6
2
3
5
5
3
3
