-1
-3
-2
-1
0
-1
-4
-2
-2
-6
-6
-5
-3
-1
0
-2
-2
0
-1
1
1
1
2
0
-3
3
-5
-7
1
-1
2
0
1
-1
-4
-1
-7
-6
-3
0
-4
-5
2
5
1
1
-3
-6
1
1
5
6
6
3
8
0
-8
-4
-5
-1
0
2
0
1
3
3
0
5
5
5
6
8
8
8
8
6
10
9
2
0
6
12
10
7
0
-2
0
-3
1
-1
-6
-5
-2
1
-4
-5
-7
-4
0
0
0
-6
-9
-5
0
0
-1
2
0
-3
-2
4
-4
0
4
-2
7
3
2
-2
-5
0
1
2
2
3
2
-2
1
3
-2
0
-1
2
5
0
-3
3
1
-3
-2
1
2
3
1
1
0
0
0
2
1
-6
-4
1
0
-4
-2
-1
-2
-1
1
4
1
-2
2
-2
0
1
4
4
-2
-1
0
4
4
2
0
-4
-2
1
-2
0
0
-1
1
4
5
8
3
0
2
-1
-1
1
2
2
5
-3
2
3
1
-1
3
1
-2
5
4
2
0
-2
-5
-4
-1
-3
-2
0
2
2
0
-1
-2
1
3
0
-1
3
3
3
-1
-5
-4
-2
2
4
2
0
0
1
2
1
1
0
2
2
-3
0
1
1
-1
4
3
2
1
-3
-3
1
3
0
1
1
3
8
5
2
-1
4
10
1
5
3
-6
-2
-2
-6
-1
1
1
3
-1
-4
-4
3
-2
0
-4
-5
0
0
-1
3
6
2
0
-1
2
1
-4
-3
1
1
2
-1
-2
-3
-5
-5
-5
-4
0
-8
-9
-7
-4
-1
-4
-1
-5
-4
0
-5
0
-2
0
6
5
6
0
-1
0
0
4
4
7
3
2
-4
-1
2
0
5
-1
3
-1
-6
-2
1
3
-4
0
0
2
4
1
-2
1
0
3
8
3
0
0
1
-3
-3
-3
0
0
-2
-1
-2
-4
-2
-2
-3
-4
-6
-3
-1
2
-1
-5
-3
4
5
3
5
9
11
9
3
-3
0
1
5
4
1
2
-2
0
-2
-3
-3
-2
-2
-4
-3
-3
-4
-5
0
0
0
0
-3
-1
-3
-3
0
-2
-3
-6
-5
-2
-1
-2
-3
-3
-5
-3
-6
-6
-5
-5
-2
-5
-8
-4
-5
-2
-1
1
1
-1
2
3
7
9
8
8
6
8
10
4
7
6
1
4
3
3
-1
2
-6
-4
-2
-2
-1
-5
1
-9
-10
-10
-6
-2
-5
-1
-1
-1
-1
0
-1
-3
-4
1
-2
1
3
-3
2
1
0
-1
-1
-2
-3
5
4
3
3
-2
-2
-1
3
-2
-4
-5
-1
2
-3
-1
-3
-2
3
-1
-6
-3
-2
-6
-4
-1
-3
-2
0
-2
-3
2
0
-2
2
5
2
-1
5
2
3
5
2
5
9
9
8
3
4
3
3
1
5
1
2
4
3
1
0
1
-2
-4
-7
-2
-2
-11
-13
-14
-12
-5
-6
-5
-3
-3
2
5
-1
-2
-13
-8
-1
-2
-1
-6
-3
0
1
0
-5
-1
-1
5
9
8
5
0
5
3
2
9
7
2
4
6
7
12
11
7
9
7
7
3
0
3
-1
4
5
-2
4
1
1
1
-2
-5
-5
0
-3
0
-6
-4
0
-6
-4
-2
2
2
3
2
1
2
1
-1
-3
-1
-3
-3
-4
-6
-3
-6
-8
-10
-13
-7
-4
-4
-1
-8
-5
-3
-2
1
-4
-4
-9
-4
-1
3
0
-3
-2
0
3
2
3
-2
-7
-4
1
1
2
1
2
3
3
0
-1
3
5
7
7
7
7
4
3
6
8
7
7
7
5
3
1
5
2
6
6
0
3
2
0
0
-1
3
6
0
-1
2
-2
-4
-2
-2
-1
-1
-2
5
4
5
5
1
-2
0
4
0
2
4
-2
-1
4
4
2
1
-2
-3
1
0
-3
-3
-4
-5
0
4
3
2
2
1
1
-1
-2
-1
2
1
0
0
-3
-4
0
-4
-8
-5
-4
-1
1
-1
-3
-4
2
0
3
1
2
1
5
5
3
2
5
6
0
3
-6
-1
-2
-2
2
-4
2
3
2
0
-4
-4
-8
-6
0
4
-1
2
5
6
4
3
2
4
2
-4
3
3
4
2
-2
3
-2
-5
0
2
1
0
0
1
-1
-1
1
-2
2
8
8
6
5
2
-3
1
1
0
1
2
2
-4
-1
-4
-3
-4
-5
-2
-2
-2
-2
-3
-5
0
-3
-3
1
-4
-4
-4
-8
-10
-3
-1
-1
4
3
6
11
12
11
9
12
8
9
4
1
5
2
3
0
-2
-2
1
0
-4
-1
-3
-9
-4
1
5
3
7
14
12
11
5
7
6
5
4
8
12
7
2
1
2
-2
0
0
1
-5
-5
1
-7
-8
-11
-13
-8
-7
-8
-6
-6
-10
-7
-9
-4
-2
2
3
-2
0
0
0
1
1
4
10
2
5
1
-2
-2
-4
-6
-12
-10
-16
-20
-14
-13
-10
-8
-5
5
1
-1
8
2
4
3
9
12
4
4
5
1
-5
-2
2
3
3
8
11
14
17
15
6
1
-6
-14
-7
-12
-24
-20
-25
-26
-15
-10
-10
-1
11
6
5
14
17
18
22
20
18
17
-1
-1
1
-12
-27
-27
-23
-37
-43
-35
-38
-40
-36
-41
-32
-16
-18
-22
-9
-2
-18
-21
-3
-8
-16
-16
-11
-3
-1
-7
1
12
7
8
16
21
18
14
17
23
27
26
18
26
30
10
12
36
28
13
22
22
9
11
14
-1
3
-2
-17
-4
10
-1
-7
8
-9
-17
7
12
1
14
31
10
13
37
21
-2
0
9
11
20
32
44
43
25
10
11
10
4
5
13
34
65
41
-1
-7
-96
-332
-459
-424
-550
-665
-442
-215
-163
56
448
591
505
527
529
274
-14
-75
-126
-299
-314
-99
48
42
157
303
147
-67
-46
-94
-327
-322
-84
-5
61
395
668
619
582
637
480
167
10
-51
-234
-352
-264
-115
-55
-1
145
194
67
-8
-1
-126
-271
-229
-162
-168
-68
139
209
174
182
121
-71
-265
-411
-578
-734
-798
-754
-642
-494
-311
-106
39
109
188
228
174
115
73
3
-36
26
67
67
116
126
52
2
-38
-147
-252
-307
-346
-328
-210
-65
61
222
365
431
502
558
499
419
346
227
170
199
223
267
353
415
454
479
483
452
361
258
195
195
297
454
540
653
824
814
557
287
105
-505
-1609
-2092
-1969
-2482
-2956
-2119
-1167
-1237
-863
747
1644
1012
966
1923
1604
286
364
1089
421
-594
-116
743
200
-541
-114
-86
-1312
-2016
-1697
-1705
-2127
-1973
-1181
-377
253
959
1708
2199
2188
1715
1470
1521
892
-55
-182
-170
-681
-831
-360
-201
-660
-937
-826
-1001
-1354
-1229
-935
-906
-628
126
825
1213
1599
1922
1691
1271
1221
966
210
-245
-300
-557
-654
-141
348
381
500
923
1087
995
1085
1128
839
662
961
1421
1655
1786
2055
2100
1544
889
345
-777
-2647
-4215
-4775
-5119
-5530
-4948
-3343
-2058
-1142
533
2588
3377
2880
2764
2975
2057
734
607
838
90
-672
-199
477
-3
-874
-1189
-1714
-2929
-3884
-3947
-3602
-3398
-2946
-1533
421
1888
2832
3803
4510
4181
3067
2224
1507
37
-1542
-2109
-2142
-2451
-2425
-1570
-824
-658
-290
375
525
320
419
507
294
360
820
1003
940
1132
1251
831
353
271
39
-530
-657
-196
178
526
1357
2242
2629
2832
3108
3081
2634
2196
1777
1105
523
331
56
-491
-955
-1447
-2430
-3675
-4440
-4723
-5157
-5387
-4495
-3008
-1774
-264
1829
3529
4112
4221
4444
4159
2977
1697
788
-149
-1235
-1968
-1995
-1853
-2208
-2715
-2825
-2875
-3258
-3645
-3516
-2962
-2461
-1749
-163
1755
3015
3803
4686
5148
4505
3413
2503
1074
-850
-2115
-2759
-3276
-3267
-2678
-1991
-1261
-331
504
861
968
1081
897
453
332
548
558
384
536
940
925
623
707
753
274
-15
322
694
952
1545
2312
2796
3138
3473
3461
3127
2717
2089
1310
835
608
70
-770
-1448
-2274
-3859
-5492
-6100
-6314
-6967
-6941
-5270
-3222
-1742
344
3230
4914
5002
5269
5781
4976
3174
1890
993
-330
-1570
-1878
-1739
-2004
-2643
-3286
-3737
-4101
-4643
-5209
-5088
-4147
-3102
-1922
280
2898
4199
4546
5468
6125
5003
3301
2531
1491
-709
-2216
-2089
-2042
-2685
-2482
-1288
-701
-706
-102
653
502
98
311
506
319
412
773
717
578
981
1282
975
860
1148
1071
874
1350
2104
2314
2307
2738
3196
3098
2941
3095
2926
2337
2002
2017
1811
952
-329
-1918
-4178
-6563
-7888
-8423
-9012
-8972
-7465
-5057
-2630
-11
3055
5307
5781
5741
6140
5800
4220
2686
1689
554
-632
-1020
-757
-1014
-2070
-3228
-4235
-5185
-6046
-6849
-7240
-6648
-5263
-3389
-841
2225
4722
5841
6422
7217
6839
4679
2861
1783
-427
-2720
-2821
-2115
-2496
-2570
-1241
-268
-492
-355
348
60
-897
-896
-232
13
315
1210
1822
1789
2066
2602
2224
1320
1061
743
-135
-55
1134
1661
1767
2788
3889
3983
3887
4222
3977
2777
2023
2220
2079
1471
1174
310
-2037
-4851
-6659
-7657
-9113
-10527
-10164
-8492
-6748
-4125
-297
3061
4803
5609
6645
7483
6838
5200
3723
2240
650
-483
-747
-459
-853
-2283
-3561
-4271
-5040
-6252
-7673
-8243
-7656
-6687
-4902
-1777
1466
3681
4950
6179
7670
7706
5900
4519
3464
1039
-1261
-1276
-642
-1662
-2689
-1656
-611
-1272
-1395
-277
-395
-1705
-1676
-130
638
307
811
1844
1807
1659
2456
2721
1813
1129
1087
1004
1175
2105
2726
2629
3164
4294
4595
4219
4094
3605
2382
1683
1923
1897
1308
602
-1547
-5262
-7519
-7782
-9104
-11533
-11615
-9384
-7883
-6357
-1962
2994
4402
4307
6323
8469
7845
6020
5017
3737
1566
99
-16
146
-221
-1563
-3719
-4927
-4816
-5769
-8329
-9675
-8738
-7751
-6941
-3989
391
2757
3263
5120
7999
8518
6653
5645
5251
2677
-212
36
905
-986
-2605
-1249
-158
-1198
-1421
-77
-345
-2302
-2399
-527
62
-627
-82
1066
1199
1488
2718
3190
2296
1879
2183
1809
1636
2677
3022
2159
2601
4299
4910
4426
4459
4671
3500
2247
2590
2715
1511
527
-970
-4508
-7650
-8522
-9641
-12709
-13816
-10626
-8176
-7707
-3738
2512
4501
3793
6022
9099
8027
5055
4898
4926
2117
436
1458
1646
515
-203
-1256
-3234
-4788
-5958
-8546
-11406
-11257
-9756
-9355
-6979
-2077
798
1693
4605
8110
8307
6942
7267
7047
4066
2265
3267
2833
355
-362
643
119
-1424
-1381
-916
-2438
-4037
-3272
-2154
-2079
-1449
-200
410
1044
2516
3456
3108
2819
3197
2802
1817
2284
3142
2463
2001
2936
3473
3432
3771
4057
4055
3592
2943
2823
2426
1241
390
228
-847
-3696
-6363
-7097
-7793
-9769
-10309
-8882
-8157
-7941
-5605
-1520
777
1042
2541
4796
5131
4913
5563
5228
3792
2923
2641
2052
1454
1211
-180
-2717
-3850
-4006
-5817
-7937
-8236
-8091
-8211
-7092
-4484
-2369
-1315
316
2391
3835
5043
5914
5804
5303
5089
5040
4681
3765
2785
1823
647
-256
-734
-1384
-2349
-3170
-3396
-2926
-2191
-1536
-1023
-552
269
1249
2018
2638
2890
2667
2393
2465
2918
3404
3488
3487
4002
4783
5508
6088
6235
5880
5133
4388
4060
3577
2653
1250
-2714
-8236
-10360
-10393
-12752
-15160
-14214
-12192
-11620
-9593
-3653
1361
1426
1518
4964
7498
7336
7159
7602
6677
4843
4847
5946
5721
4720
2952
-375
-2811
-3569
-5802
-10013
-13078
-13554
-13428
-12970
-10047
-6036
-3955
-2346
1029
4781
7098
7682
7804
7934
6965
6204
6840
6732
4922
3309
2898
2665
1614
313
-709
-2431
-4581
-5274
-4464
-3958
-4378
-4328
-2981
-1415
52
1970
3152
3118
3189
3517
3614
3833
4289
4096
3256
3671
5734
6940
6912
7266
7310
6453
5636
5266
4827
3260
1282
-588
-5296
-10508
-11014
-11437
-15319
-17090
-14398
-12191
-12463
-9529
-2345
878
-656
1475
6352
7410
6344
6943
7853
6605
5400
6584
7307
6509
5991
4063
592
-890
-1783
-5717
-10788
-12817
-12781
-14116
-14272
-10737
-7686
-6997
-4569
113
3369
4759
5953
7281
7569
7186
7990
8691
7676
6414
5924
5480
4537
3262
1871
-123
-2506
-4035
-4615
-5047
-5592
-5885
-5598
-4457
-2657
-833
435
994
1722
2616
2950
3295
3992
4184
3697
3805
5305
7025
7642
8115
8810
8699
8161
7617
6808
5535
3769
2212
-71
-5662
-10616
-11106
-12852
-17161
-18136
-15326
-14121
-14855
-11057
-3581
-1134
-2557
553
5742
6733
5759
6910
8658
7574
6289
7743
9141
8947
8203
5953
3242
2323
427
-4381
-9318
-11396
-12619
-15518
-16003
-12619
-10710
-10705
-8056
-3459
163
2243
3730
5858
7225
7637
8753
9966
9801
8761
8249
7962
7158
5789
4076
1769
-686
-2344
-3415
-4307
-5577
-6742
-6804
-6143
-5159
-3657
-2211
-1387
-642
476
1851
3052
4055
4561
4442
5109
6856
8155
8662
9376
9968
9994
10059
10119
9792
8287
6280
3736
-2616
-8807
-10214
-12924
-18531
-21081
-19149
-17766
-18815
-15399
-7108
-3968
-5445
-2001
3956
5232
3989
5254
7683
6935
5995
8467
10898
11583
11706
10383
8700
8119
6044
980
-4774
-7939
-10653
-15442
-17263
-15057
-14520
-15754
-13356
-8013
-4787
-3139
-242
2909
3934
4704
7330
9309
9407
9359
9924
10540
10718
10317
9194
6902
4393
2444
230
-1727
-3562
-6048
-7977
-8365
-7332
-6137
-5661
-4797
-3197
-2151
-1296
407
2051
2498
2010
2744
5114
6937
7993
9252
10716
11775
12556
13448
13923
13226
11676
7235
-615
-4738
-6332
-12375
-18988
-20122
-18758
-21017
-22093
-15348
-8497
-9529
-10127
-3951
854
187
-246
2902
4423
2925
4256
8467
11621
13054
13375
12978
13854
14346
11188
5660
1479
-1344
-7195
-12685
-13013
-13287
-17107
-19059
-15547
-11819
-10689
-8699
-4533
-1703
-1021
1385
5394
7446
7608
8402
9752
11170
12210
12192
11473
10168
8792
6816
4572
3174
1000
-2805
-5860
-6545
-6366
-6983
-7878
-7304
-5874
-5193
-4230
-2193
-266
186
-12
1208
3738
5615
6254
7178
8987
10816
12065
13168
14234
14784
13205
7252
2090
883
-3043
-10565
-15388
-15493
-16950
-21183
-19857
-13059
-10961
-13357
-10849
-4647
-2584
-3983
-2602
418
129
-693
1966
6058
8924
10437
11048
12909
15636
15778
12696
9190
7485
3579
-3061
-6120
-6585
-10269
-15349
-16205
-13656
-12625
-13144
-10799
-6940
-5903
-5379
-2005
1795
2965
3297
4976
7484
9388
10444
11347
11792
11643
10822
9513
8382
7038
4478
819
-2070
-2752
-3292
-5462
-6877
-6223
-5615
-6051
-5320
-3005
-1880
-2500
-2189
10
1834
2654
3578
5105
7016
8805
10410
11871
13496
14208
10333
4995
4601
3038
-3758
-9298
-9876
-10647
-16075
-17866
-12024
-9287
-12948
-12594
-6769
-4301
-6250
-5848
-2410
-2471
-4575
-3101
896
3867
5132
6057
8480
12099
13745
12773
11255
11005
8801
3162
199
87
-3424
-9221
-10844
-9624
-10412
-11760
-10405
-7868
-7498
-7297
-4624
-2094
-1340
-581
574
2144
4360
6090
7076
8028
9755
10509
9389
9343
9965
8227
4592
2441
2042
634
-1928
-3127
-2778
-3389
-4260
-3712
-2357
-1934
-2410
-2342
-1569
-247
637
1159
1836
3711
6075
7118
8026
10424
11468
6380
2871
4199
1695
-4361
-7364
-6202
-8784
-13820
-11653
-6479
-7793
-10752
-7795
-4160
-5120
-6466
-3894
-2739
-5126
-5511
-2958
-444
1045
2328
3309
5699
8755
9541
8860
9320
9750
6134
2540
3053
2474
-2609
-7029
-6279
-5794
-8630
-9049
-6204
-5099
-6735
-6135
-1965
-409
-1651
-1135
315
1331
1983
3169
4773
5472
6146
6746
7084
8132
8662
7032
4660
3869
3878
2291
113
11
-21
-1780
-2616
-1040
-83
-1450
-2067
-923
-221
-205
872
1964
2120
2930
4862
6135
7204
8260
4691
1259
1947
256
-4132
-6380
-5185
-7055
-12000
-10178
-4365
-5421
-9216
-6676
-2833
-4221
-6449
-3632
-1380
-4545
-6161
-3323
-542
677
1248
1655
3541
6050
6700
6171
6967
8230
5150
1319
2716
3796
-266
-4593
-4354
-3827
-6585
-7447
-5182
-4175
-5559
-5808
-2964
-533
-356
-353
375
1368
2133
2650
3649
4959
5511
4691
4593
6511
7317
5572
3750
3689
3690
2088
925
1507
1504
-261
-1523
-230
1220
380
-884
-511
478
349
395
1436
2964
3704
3875
4842
7248
7989
3284
586
1115
-1620
-6337
-7754
-6019
-8605
-12661
-9985
-5081
-5946
-7641
-4523
-2183
-3952
-4975
-2245
-1548
-3974
-4427
-2439
-750
629
2091
2853
4206
5485
5653
5261
6009
6467
3211
788
1913
1622
-1598
-3635
-2887
-3620
-6406
-6123
-3678
-3727
-5510
-4689
-1852
-1291
-1212
549
1955
2374
2583
3554
4827
5435
5486
4767
4427
5220
5105
3726
2720
2751
2531
827
393
1606
1457
28
-369
1097
1623
650
222
885
1158
394
663
2158
3432
4272
4868
5890
7742
5535
1889
2139
485
-4042
-7198
-6791
-7635
-11591
-11386
-7274
-6635
-8609
-6346
-3003
-3512
-4923
-3441
-1814
-3533
-4560
-2783
-1051
-40
1225
2169
3697
5344
5583
5113
5119
5853
3898
1080
1483
1936
-750
-3732
-2783
-2412
-5264
-5717
-3783
-3288
-4563
-4389
-2056
-981
-1140
-94
1116
2039
2901
3416
4399
5256
5968
5549
4531
5325
5634
3706
2146
2198
1987
504
-629
290
1044
-51
-209
1088
1955
1666
1193
1829
2109
1621
1588
2271
3323
4122
4621
5793
6498
3592
2013
1930
-1236
-4612
-5678
-5398
-8364
-11287
-8705
-5762
-7699
-8875
-5236
-3569
-5711
-6172
-2858
-2113
-4909
-4925
-1954
-184
174
1262
2938
4767
4806
4305
4752
5456
5053
1774
486
2153
1309
-1905
-2714
-1464
-2652
-5243
-4789
-2615
-3075
-4671
-4085
-2022
-1272
-1320
-256
1005
2264
2728
3118
4998
6565
6329
5143
5245
6259
5395
3365
2770
2821
1569
101
-12
677
500
-714
-797
126
515
489
508
1124
1763
1423
1791
3322
4348
4989
5477
6358
4391
2123
2975
950
-2822
-4419
-3519
-5201
-9074
-7724
-4225
-5684
-9042
-7011
-4173
-5824
-7766
-5597
-3413
-5382
-6345
-3919
-1194
-114
499
1483
3450
4894
4362
3771
4239
5103
2704
87
1622
2666
97
-2261
-1141
-683
-2923
-4056
-2827
-2019
-3442
-4437
-2887
-1185
-1143
-1019
-97
1978
3234
2700
3558
5694
6283
4503
3942
5620
5554
3220
2110
2865
2609
816
-292
659
1069
-282
-1054
-310
612
58
-651
55
1430
1410
1234
2713
4462
5183
5266
6157
4542
2379
2379
422
-1995
-3033
-2703
-4162
-6871
-5322
-2490
-3879
-6250
-5010
-4080
-6002
-7755
-6382
-5165
-6943
-7476
-5428
-2882
-1349
-219
1262
2978
3728
3206
3056
3342
3516
1673
41
1169
1800
502
-534
345
219
-1685
-2169
-1468
-1496
-2674
-3213
-2359
-1560
-1158
-390
578
2005
2882
2807
3972
5287
5229
4129
3491
4159
3800
2312
1809
2087
1436
125
-76
995
1243
70
-330
403
516
-161
-161
475
740
472
1012
2524
3886
4655
5394
5689
3628
2845
2663
-60
-2282
-2643
-2483
-4702
-6029
-3390
-1640
-3570
-4497
-2600
-2600
-4780
-6144
-4991
-4913
-7052
-7577
-5786
-3466
-2338
-1775
43
2852
3176
2022
2314
3186
2411
-265
-614
1001
623
-890
-521
928
564
-839
-929
-12
-349
-1520
-1874
-1433
-943
-1067
-947
343
2158
2420
1811
3275
5198
4543
3210
3737
4346
3185
1711
1957
2441
1210
-262
-356
564
682
-271
-476
385
680
-64
-120
955
1478
736
581
1974
3414
3861
4245
5055
3975
2982
2767
1011
-438
-995
-1760
-3869
-4967
-3225
-2028
-3503
-3999
-2442
-3036
-4502
-4806
-4128
-4526
-6486
-6809
-5803
-4680
-3328
-2322
-1134
951
1757
1622
2179
2646
2230
361
-169
946
579
-207
315
1002
216
-666
-316
-365
-1043
-1347
-1455
-1592
-1305
-651
-360
146
1604
2090
1423
2394
3981
3595
2521
3040
3943
3172
2328
3031
3398
2234
1037
662
650
423
-499
-1054
-758
-420
-574
-808
220
1349
834
552
1944
3323
3574
3674
4790
4226
2728
2933
2020
479
-53
-248
-1871
-3701
-2740
-1490
-2649
-3569
-2380
-2725
-4665
-5170
-4405
-4766
-6326
-6618
-5965
-5269
-4102
-2562
-1520
-187
965
817
1166
1954
2015
762
-95
851
1067
568
1154
2247
1824
311
-101
81
-725
-1783
-1884
-1913
-1991
-1626
-860
95
1405
1859
1104
1650
2827
2601
1643
1744
2511
2079
1502
2517
3654
3356
2361
2032
2342
1857
916
314
37
-219
-916
-1188
-428
258
209
10
887
2249
2669
2732
3967
4520
2349
1627
2514
1418
-266
-331
37
-1530
-2746
-1219
-210
-1600
-2043
-1568
-2588
-3865
-4341
-4673
-5651
-6286
-6357
-6398
-5362
-3279
-2190
-2008
-215
1029
246
-87
606
787
-593
-738
650
1054
1179
2263
2985
2447
1959
1087
222
-463
-1189
-1859
-2400
-1787
-1218
-1082
87
1832
1600
918
1877
2188
1142
465
1254
1232
353
967
2232
2465
2290
2673
2593
2349
2108
1841
1321
942
1013
143
-147
670
1024
513
716
1944
2078
1916
2883
4185
2806
956
1741
1186
-939
-1330
-373
-1108
-2787
-2176
-231
-181
-1048
-421
-720
-2102
-3179
-3930
-4235
-4797
-5505
-6189
-5626
-3755
-2483
-2265
-894
646
-276
-1246
-925
-396
-1218
-2113
-1089
14
641
1581
2766
3315
2952
1737
809
524
-325
-1285
-1914
-1620
-1133
-963
-70
1619
2178
1213
1371
1843
1134
239
405
654
13
22
756
1331
1677
1900
1600
1694
1898
1506
1247
1334
1728
1302
950
1668
2394
2120
2011
2902
3003
2814
3133
3697
2646
858
1093
220
-1921
-2334
-1505
-2100
-3692
-3112
-1213
-1113
-2099
-1350
-965
-2050
-3145
-3794
-3567
-3651
-4139
-4548
-3695
-1798
-939
-942
139
1700
694
-1168
-1345
-729
-1462
-2734
-1903
-447
54
337
1504
2512
2384
1237
-200
-525
-940
-1872
-2473
-1683
-451
-282
201
2008
3471
2588
1828
2193
1745
680
347
745
854
801
795
1162
1688
2011
1296
531
871
789
-17
-224
1068
1569
994
1403
2571
3190
3164
3616
4120
4338
4379
4133
2694
1744
1844
-147
-2378
-2180
-1475
-3304
-4869
-3259
-1743
-2776
-3752
-2394
-2515
-4145
-5059
-5078
-4387
-4627
-4799
-4053
-2134
-43
589
917
2546
3238
1133
-84
248
165
-1252
-1920
-355
541
420
781
1909
1862
693
-862
-2426
-2734
-3615
-4526
-3999
-2087
-871
-700
913
3267
3675
2184
2417
3028
1874
903
1652
2884
2756
2669
3059
3352
3106
2627
1711
974
1111
-9
-1161
-400
1091
987
213
1377
2614
2379
2314
3754
4607
4825
4297
1719
1700
2216
-621
-2914
-1735
-595
-3424
-5344
-2693
-786
-3465
-4827
-3222
-3803
-5983
-7338
-6438
-5262
-5439
-5707
-4415
-1183
1066
959
1333
3754
3352
314
61
1888
2173
373
670
2881
3352
2186
2104
2856
1650
-1428
-4199
-4388
-4681
-6374
-6487
-4388
-2301
-2135
-1645
728
2663
1477
236
1404
2194
2141
2669
4259
5788
6284
5404
4530
4992
5039
3140
1375
2133
2400
808
536
2143
2875
1745
1266
2111
2462
1954
1876
3031
3185
61
-1456
-156
-1180
-3324
-2573
-850
-2716
-5111
-3825
-1689
-2990
-5050
-4410
-4648
-6155
-7197
-6290
-4026
-3380
-3934
-3453
-810
1004
310
-108
1663
1981
-543
-735
2098
4038
3079
2834
4818
5043
2883
1120
1334
42
-3781
-5918
-5499
-4659
-4966
-4519
-2815
-1439
-1776
-2783
-1688
-448
-1428
-2547
-754
1751
2921
4630
6973
8646
8382
7100
6115
6056
5764
4115
3411
4374
5405
4942
5032
6575
6683
4899
3292
3182
2642
2247
-586
-4607
-3770
-3971
-7830
-8507
-3799
-2902
-7425
-8282
-4439
-3908
-8352
-8446
-5888
-6295
-8162
-7894
-3459
205
281
-249
2202
4823
3506
893
2205
5050
2281
-665
1891
5176
4821
3211
4769
5896
3073
-1235
-2760
-2783
-5757
-9094
-9098
-6875
-5818
-5782
-4212
-1455
-853
-3125
-3755
-1502
-611
-1896
-324
3516
5207
6315
7993
8962
9341
8781
6676
5791
7054
6905
5398
5630
7920
8137
5956
5747
7107
5737
3382
2970
3882
3073
-2962
-5887
-4239
-6213
-10434
-9307
-5286
-7447
-11886
-10972
-6873
-8148
-11392
-9317
-6960
-6665
-7518
-5097
353
2440
676
1248
5317
6592
4764
3993
7084
7564
3909
3599
6466
7677
4984
2868
3417
2475
-2580
-6162
-5722
-7621
-10765
-11571
-9922
-8104
-7600
-7239
-6065
-4077
-4253
-4843
-2593
1032
2271
2713
5917
9087
10149
10095
10660
11098
10101
8717
7985
8329
8848
8259
7368
7951
8728
7266
6130
6452
6059
3983
3356
3735
-2831
-7857
-6171
-7903
-12845
-10924
-5382
-8226
-13847
-12503
-8173
-10821
-15606
-12454
-8840
-8742
-9211
-4972
2655
4940
1972
2350
7820
8489
4844
5152
10453
10891
5627
6207
10505
10463
5892
3197
3722
819
-6340
-9871
-8080
-9951
-13739
-13543
-12103
-10725
-10054
-10185
-8817
-5723
-5535
-6348
-2523
3028
4925
4870
7717
11183
11526
10375
11164
13258
13112
10928
10263
11978
12444
10896
9457
9489
9183
6871
5102
5677
5621
3869
2691
-3721
-10104
-8631
-9648
-14498
-12685
-6114
-7523
-14510
-14831
-9004
-9238
-15762
-14115
-7760
-6224
-8142
-4891
4135
6886
1673
429
6502
8798
5765
5638
11031
13161
7242
5253
9304
10370
5500
1000
1379
864
-5292
-10864
-8761
-8617
-13921
-15055
-12169
-10371
-9979
-9581
-8902
-6165
-4793
-5221
-2058
3146
5425
5177
6687
9773
11721
11478
11234
13158
14295
12416
10755
12549
14276
12320
9907
9879
10220
7815
5099
5281
5880
4019
-4564
-11612
-9257
-8846
-14955
-14589
-6319
-7690
-18162
-19869
-12069
-10677
-17093
-14849
-6366
-3746
-7021
-4699
5186
8270
1466
-35
8016
11086
7980
9213
15133
15798
8692
5500
8978
10271
5156
616
1342
-985
-8595
-13206
-11669
-11803
-15444
-16525
-14483
-11490
-10179
-10748
-9718
-6034
-4701
-5798
-1633
6330
9505
7936
9863
14235
13820
11676
12971
15355
14593
12456
11620
12667
13331
11428
9492
8817
8473
5929
3314
3212
4242
10
-11140
-14222
-10081
-12714
-16384
-9766
-4290
-11613
-19154
-16950
-11597
-13383
-15433
-9242
-2848
-2760
-4713
531
7880
5598
-322
3747
11281
10113
8417
13255
16615
10883
4496
6078
9046
7079
2874
1807
1920
-3770
-13080
-14482
-11113
-15014
-18778
-15154
-11425
-11641
-12354
-11180
-8572
-6998
-7433
-4233
3054
7932
8975
9559
11684
13694
13266
11778
14061
17963
16861
13589
14399
16199
13579
10358
10421
11014
8403
5161
4461
4317
1218
-9560
-16558
-12955
-12273
-16897
-13914
-5833
-9892
-21566
-22665
-14506
-13059
-16727
-11144
-2183
-610
-4560
-2104
6855
8016
1332
3048
13283
15549
11730
13582
17942
14396
6206
5565
10091
10215
6057
2067
95
-4237
-12859
-17964
-15361
-14079
-17395
-16751
-13035
-12410
-13549
-14019
-12137
-8790
-6727
-4344
1787
7716
8781
8249
9607
11847
12903
13568
15182
17493
17963
15418
13399
14022
13945
11825
10855
12102
11296
8033
4847
3823
2492
-8486
-18241
-13910
-10230
-15424
-14248
-5415
-8166
-21558
-25338
-16421
-12169
-16037
-12100
-2979
-1270
-6511
-6066
3875
8229
2026
2604
14238
17782
11608
11529
17263
14613
5489
6094
13740
14267
8904
5732
2501
-2967
-10105
-16955
-15575
-11135
-15857
-19432
-13615
-11030
-15762
-17877
-13875
-8885
-8265
-6821
1476
7822
4901
3019
7454
10507
11219
14229
17162
17771
17667
15277
12150
13329
14443
11587
10487
12962
13089
8503
4833
4747
4450
-4479
-16483
-14017
-7547
-12760
-16545
-8662
-7044
-20655
-29011
-19702
-9441
-12716
-14313
-5165
-981
-7398
-10214
333
9673
5437
1824
12091
19730
12983
8925
15191
16695
8269
6051
13984
16834
10762
4388
1747
-1265
-9835
-16386
-12019
-8054
-14217
-17559
-14082
-14384
-17515
-16764
-13067
-8509
-5893
-4845
-1241
3468
4591
3345
4675
9775
13744
13725
14258
16819
16446
12493
11110
13406
14450
12833
12319
12962
11650
8243
5551
4362
4721
2168
-9725
-15697
-9460
-9673
-17127
-13421
-5917
-14936
-27949
-23347
-11352
-11166
-15368
-9061
-2984
-6520
-11064
-3910
8289
7812
1487
8010
18233
14592
8808
13993
18573
11776
6170
12554
17366
11760
4939
2312
441
-6898
-14653
-11710
-6684
-12489
-17917
-14462
-13795
-17521
-16901
-12963
-9137
-6672
-6114
-3057
2012
3639
2865
4663
8876
12067
12357
12943
15198
15134
11915
11097
13650
14848
12966
12493
13749
12180
8365
6457
6091
5304
3277
-7550
-15003
-9093
-7944
-15307
-12440
-4003
-12377
-27706
-25093
-12059
-10930
-16796
-10410
-2364
-6557
-13818
-7566
6857
7428
-724
5567
18809
15037
6118
11217
19030
13436
5804
12546
20214
14151
4546
1970
2128
-3022
-11462
-11105
-4127
-8522
-19093
-17610
-12355
-14840
-17340
-13603
-8334
-6104
-8138
-6304
1213
3757
851
2672
8804
11272
10311
11072
13517
14118
11945
10705
13239
15641
13342
10694
12411
13247
9499
6423
6807
6517
4979
-3930
-14404
-10164
-5864
-13366
-14403
-4670
-7971
-24788
-28110
-14840
-8935
-15080
-12765
-2971
-3938
-12823
-11665
3155
9509
677
1109
15781
17512
5884
7246
18338
16513
6189
9642
19729
16392
5028
620
2506
-364
-10378
-11926
-3728
-6108
-17841
-19031
-12784
-13557
-16946
-14410
-9056
-5998
-7530
-7220
-482
4674
3154
2255
7416
12117
11492
9964
12590
14985
12810
10082
12130
15600
14030
10348
11138
13283
10042
5381
5296
5569
5064
-633
-13265
-13160
-5048
-10296
-16943
-7025
-3150
-20332
-30731
-18098
-6923
-13078
-15778
-5161
-1657
-11291
-14907
3
12304
3758
-2090
12400
19675
7074
3856
16594
19939
8464
7163
18699
19294
6770
-940
2058
2287
-7538
-12645
-4588
-3315
-16324
-21333
-13617
-11415
-15628
-14750
-9822
-7052
-8596
-9957
-3730
3467
3315
1287
5183
10889
11147
9291
11618
15483
14399
11061
12006
15688
15201
10900
11077
14241
12113
6924
6462
6944
4748
2683
-7597
-15916
-8745
-6270
-15492
-12854
-3020
-13502
-30701
-25870
-9958
-9200
-16558
-10784
-3004
-8602
-16554
-7809
9772
9606
-1383
5668
20034
13603
3609
12292
21488
13745
6404
14751
20973
12504
1820
794
3757
-1864
-11718
-8580
-2268
-11893
-21601
-15727
-10618
-14528
-15342
-11492
-9171
-8723
-9493
-6240
344
2895
1438
2755
7579
10678
10377
10512
13753
15138
12210
10755
14005
15863
12637
11158
14235
14225
9113
6914
8262
6596
4691
-3115
-14262
-11004
-5104
-12543
-15461
-5253
-9184
-28150
-30173
-13348
-7412
-16368
-15206
-5246
-7225
-16996
-12818
6090
11489
-974
201
17509
17115
3732
8465
21957
17964
6276
11608
21809
15950
3421
1946
6603
3189
-8293
-10696
-3136
-7792
-19913
-17475
-9321
-12465
-17874
-15324
-10910
-8365
-8704
-7216
-943
2355
77
149
6317
10796
10249
9406
12438
14683
12718
10906
13063
15866
13613
10938
13413
15027
10822
6386
6908
6520
5299
4043
-7522
-14949
-7653
-6801
-16130
-11130
-2396
-15715
-31944
-24379
-8502
-10001
-17340
-10478
-3267
-10697
-18254
-6192
11350
7144
-4308
6237
19637
10001
2513
14622
22259
12112
6841
16830
20693
10778
1711
2362
4379
-1144
-9027
-7335
-3314
-12532
-22315
-16766
-9488
-12728
-15966
-12883
-9650
-9388
-9943
-4935
2438
3552
480
2271
8529
11191
10459
11595
14178
13998
12228
12037
14464
15581
12529
10976
13028
13043
9856
7272
6675
5438
6064
-297
-14740
-12679
-3347
-11238
-17843
-5249
-4584
-24727
-31694
-15102
-4944
-14358
-16921
-5422
-4120
-16081
-15865
4160
13615
-296
-3329
15052
17740
2668
5882
21417
19176
6271
9799
20753
16306
4272
964
4164
3925
-3343
-9537
-5268
-5449
-20079
-24184
-11160
-7002
-14569
-16028
-11764
-10757
-12348
-9227
306
5573
1409
-1374
4230
9703
10300
11201
13881
14590
13167
11661
12489
15563
15031
11101
10859
13510
12439
8131
6085
6223
6207
6207
-4457
-15775
-8462
-4159
-16268
-15659
-920
-7750
-29263
-28614
-8957
-6070
-18650
-14568
-817
-5667
-19592
-11928
10512
10747
-5638
1664
20718
13413
-266
10767
23511
14205
4345
13759
21164
11768
2009
2033
4989
1566
-6479
-7550
-3540
-9821
-21027
-18783
-10008
-9804
-13854
-14323
-12265
-10277
-10286
-7958
186
5112
1081
-1246
4850
10407
9884
9938
13657
15023
12818
11260
13263
15109
13177
10736
12005
13131
11293
8232
5813
5043
6279
4438
-9607
-15617
-4843
-5496
-18067
-11604
-330
-14629
-32204
-22664
-4424
-8299
-18664
-10463
-992
-9934
-19187
-4897
14221
7176
-5825
6595
19942
8386
1099
15240
22566
11011
5493
15078
18065
8445
1948
3473
4627
2528
-6711
-13505
-6150
-9614
-23740
-15930
-2196
-10365
-20741
-16437
-10318
-9234
-8542
-2406
4314
1709
-4337
343
9933
11083
10062
12691
12584
11353
12609
12171
12713
15085
12621
9012
11620
14325
10152
4297
5080
6534
6347
907
-12165
-12468
-5162
-10930
-16595
-5035
-1081
-20095
-32535
-17509
-3116
-11893
-16622
-4328
-867
-14930
-18735
1768
15749
2307
-5343
12651
18844
2281
2042
19737
20730
6433
6534
18042
16088
4493
-1124
3090
7450
-2364
-12064
-4966
-4363
-20167
-21218
-7327
-5947
-13942
-15216
-12826
-11537
-9139
-5724
-72
3910
1429
-1657
2277
8981
11834
10731
10835
13486
13512
10709
11522
15174
13959
9623
10313
13748
12123
7017
5012
5766
5583
4556
-5566
-14515
-7602
-4969
-15832
-12981
-33
-10391
-30511
-25494
-6566
-7022
-17495
-11083
-818
-8378
-19499
-8363
12391
9483
-5341
3812
19207
9462
-694
12798
23469
12040
4070
14505
18912
8199
846
3259
7146
787
-9266
-6945
-4007
-13870
-20017
-11669
-7052
-12381
-15026
-13440
-12507
-9758
-6745
-3732
557
1578
-943
-89
6104
10910
10567
10208
12966
13499
11351
11145
13771
14546
11802
11069
13313
13160
9567
7048
6441
5801
6336
-976
-13581
-10186
-2562
-11678
-16253
-3557
-6111
-26833
-29254
-10128
-4513
-16165
-15536
-4145
-6597
-17964
-12000
8229
11447
-2880
-679
15841
13084
818
8906
22225
15399
4938
12144
19343
10988
1966
3156
6367
2390
-5063
-6626
-5001
-10609
-18486
-15456
-7900
-9058
-13892
-14522
-13183
-11092
-8836
-5372
614
2534
-1001
-1805
4025
9529
10242
10970
13613
13141
10538
10983
13021
14194
13463
11994
12292
13079
10377
6644
6057
6673
7764
-1335
-13935
-8053
-2310
-13681
-15515
-1561
-6308
-27113
-28040
-8821
-5202
-18102
-14968
-2330
-7171
-19515
-11144
9661
9124
-5902
863
18086
11408
-1219
9659
23192
14033
3341
13466
21745
10081
-391
4259
10925
3458
-9794
-7360
-1046
-12045
-20879
-9983
-3378
-13372
-18750
-13184
-10041
-10448
-8822
-4155
417
-1176
-3641
1035
7152
8600
8618
9650
12216
13157
10290
10242
13857
14190
11084
11432
14758
13824
8411
6224
8384
7616
6226
-1590
-12159
-8347
-4417
-12345
-12518
-1918
-8615
-27799
-27561
-8960
-5427
-17486
-13925
-2793
-9073
-20120
-9793
10817
8847
-6703
1271
18947
10644
-1984
10487
23422
12959
3113
14693
22751
9524
-1665
3929
9958
3058
-6454
-5575
-2111
-11222
-21204
-13683
-3708
-9027
-17013
-14713
-10278
-10074
-11069
-6632
2258
2232
-4430
-1917
7682
9317
6152
9126
14261
13011
8917
10298
13933
13655
10904
11201
14541
14372
8887
5721
7511
6927
6308
-37
-11763
-8276
-3012
-12999
-14530
-1470
-6700
-27023
-27605
-9331
-5566
-18031
-15159
-2897
-7837
-19493
-10676
10090
9634
-6873
-968
18402
12817
-1276
9311
23780
13956
2438
13427
23358
11497
-863
3164
10616
3714
-7803
-4976
-650
-10764
-19574
-11916
-4709
-10435
-16465
-14231
-10342
-9120
-9047
-6927
-682
870
-3355
-1858
6867
10318
6627
6820
12642
13955
9385
10025
14508
13794
9892
10563
14158
13895
9020
5672
7217
7150
6331
-852
-11838
-8642
-3144
-12256
-14279
-1102
-6723
-27915
-27806
-8425
-5366
-17839
-14710
-3026
-8699
-20197
-10236
10728
9635
-7257
-1508
17703
12377
-1262
9471
23859
13721
1855
12963
23934
12018
-838
4258
11095
2756
-7823
-4426
-677
-9886
-18127
-11744
-5482
-11129
-16840
-13971
-9625
-8612
-8833
-7558
-2066
288
-2844
-1258
7239
10609
6163
5765
11996
13816
9561
10140
14359
12915
8879
9645
13657
13580
9043
5914
6480
6138
5747
3440
-8659
-12434
-4242
-7529
-15074
-5138
-851
-20343
-30912
-15177
-3121
-12655
-16798
-5651
-4336
-16768
-16650
3846
13678
-1433
-6998
11651
16855
1572
2917
20744
19250
3551
7065
21591
17027
2389
1857
9372
6429
-5166
-6512
-1650
-6107
-15571
-14790
-7091
-8068
-15133
-16145
-11119
-8309
-8318
-8276
-3690
627
-1977
-2913
4633
10738
7967
5421
9889
13558
10317
8870
12945
13976
10199
8757
11987
13963
10495
5988
6448
7262
5275
5182
-2867
-13809
-8149
-3177
-12288
-10439
84
-11455
-29938
-23099
-4932
-6992
-17006
-10400
-3170
-12055
-19224
-4798
12630
5136
-8489
3864
17906
6631
-915
14550
22424
8073
3327
17890
20906
6289
1066
8570
9623
-852
-5962
-1328
-3422
-12704
-15216
-9255
-7424
-12756
-16193
-13234
-9910
-9354
-9496
-6483
-1157
-1432
-3513
1164
7729
7837
5356
7862
12884
11685
8579
11216
13824
11234
9081
11769
14068
11162
7072
6837
6955
5151
5091
6937
-4332
-16768
-7888
-1839
-12284
-10375
88
-12525
-29709
-22179
-4862
-6324
-15909
-10728
-3034
-10445
-18362
-4467
12389
4231
-8136
5737
18339
5511
-625
14989
20603
7536
6293
18714
18104
5124
2112
8404
7136
-416
-1928
-1484
-7383
-12716
-13307
-11580
-9380
-9573
-13077
-15452
-12927
-9330
-8939
-6849
-562
1260
-2090
-1234
5666
8778
6475
8957
13779
11286
8263
11369
13300
11024
10378
12643
12473
9160
7694
7622
4701
3584
6491
8093
-4512
-16993
-7557
-1684
-13585
-12062
2092
-8240
-29075
-24963
-5285
-4111
-16412
-11822
-109
-7462
-20323
-8542
12157
6862
-8441
3485
19466
7127
-3024
11944
21682
10500
5188
15312
18668
7611
1348
5958
8800
3593
-3331
-4795
-4884
-9803
-16299
-13012
-6170
-8686
-15368
-16042
-12376
-9999
-9244
-6958
-859
1620
-2466
-2884
4732
9170
7452
8646
12399
11888
9134
9771
12454
12952
11265
11315
11695
10639
8732
6375
4960
5739
6225
7347
-10
-14629
-10828
-1976
-10719
-13402
744
-4312
-26974
-28552
-8804
-2952
-14892
-12894
-706
-6177
-21198
-13073
10464
10369
-6665
399
18480
9107
-3827
9648
23665
13847
3837
12949
19548
9298
1149
6220
10710
4368
-4092
-3824
-3703
-10128
-15348
-12343
-7844
-9613
-14093
-16673
-15171
-10375
-8179
-9184
-3099
2675
-2485
-5581
3009
10192
7872
6735
12096
13499
8615
8800
13487
14119
11083
10524
11972
11626
8934
6510
5860
5819
5539
6520
6245
-7555
-16471
-6009
-3996
-13392
-6448
1627
-15876
-31784
-20210
-2333
-6744
-15987
-7177
-1547
-15164
-20858
502
16137
2246
-7795
9546
17191
1479
1031
19519
21703
6310
5069
17718
17577
4344
1409
9821
9693
-613
-5849
-2128
-5264
-15378
-15581
-8599
-8356
-13179
-16343
-17004
-13473
-9636
-9684
-6928
-58
-676
-6013
-1815
7925
10053
6733
8766
13675
11778
7781
11395
15735
12411
9012
11740
13142
9445
6695
6968
5749
3989
5197
6633
5365
-7232
-18010
-8516
-1979
-10865
-8782
602
-12468
-30760
-22758
-2040
-2663
-14270
-9233
-2084
-11322
-17989
-1583
15022
5902
-6998
5412
17417
5806
286
15385
21559
7706
3576
16003
17889
4524
-200
7900
9815
-544
-7182
-2408
-3618
-14706
-17080
-8793
-8586
-15770
-16217
-12941
-12379
-11777
-10249
-7484
-2078
94
-1414
641
6138
7755
6111
8853
14396
13786
9588
10286
12398
10798
10154
12580
12537
8757
6694
6033
4845
4018
5052
5627
5559
-1562
-15802
-12999
-1594
-7249
-13242
-954
-2157
-24837
-29343
-8352
1176
-11902
-13665
-415
-2785
-18353
-12549
11452
13465
-4462
-1523
17258
12031
-2656
7228
22814
14644
2396
10508
19122
8989
-1915
3784
10584
4005
-5717
-4616
-2397
-11776
-19040
-11892
-6364
-12615
-15958
-14020
-14693
-14156
-10454
-7403
-2295
1087
-1452
-1700
3146
7230
8412
9427
12662
14493
10232
7230
11532
14051
10737
10244
13164
10954
5269
4216
6023
4591
3253
5122
5392
3647
-6185
-17739
-10260
-316
-6927
-9647
-145
-7571
-28024
-25897
-3032
2564
-10711
-9958
-536
-7386
-18653
-6125
15708
12102
-5408
838
15985
7309
-2470
11106
23098
11753
1690
10323
15987
5155
-2620
4978
11253
2866
-7230
-5802
-4458
-13185
-18312
-8992
-4015
-12889
-17927
-15430
-14628
-12813
-8408
-4626
-176
-417
-4268
-1938
4913
7729
8483
11056
12617
10448
8235
9956
11827
11775
11699
12305
10810
7646
5448
5325
5154
4110
5070
6484
3322
168
-2698
-13114
-12813
-936
-2291
-10430
-5347
-5655
-22368
-25170
-5183
4660
-8149
-12291
-3113
-5255
-14897
-6945
13513
13549
-5121
-4556
13845
11140
-2041
8077
23093
12155
-2753
6889
17382
6744
-3025
4951
11405
2702
-7784
-7012
-3456
-8583
-15346
-10815
-3588
-11846
-21229
-16238
-10099
-10445
-9012
-5369
-2741
-2362
-3993
-1289
5333
8375
7338
8372
11938
12179
9319
8962
11046
12867
12188
9916
10121
10084
5763
2741
5334
7777
5042
1768
2628
2588
1073
-6890
-14283
-5113
1136
-10465
-12257
965
-6664
-25563
-18430
2830
-29
-15072
-8838
2233
-6270
-15264
-1150
14915
5260
-9295
2980
17084
5316
-2056
12945
18860
3607
-881
12752
15187
2003
-1398
6886
7712
-1856
-7090
-3727
-4310
-11085
-13925
-7752
-6595
-15726
-19240
-13665
-9954
-9245
-7785
-5952
-3564
-4387
-4743
1915
9180
8470
6294
9536
11474
9185
9933
13111
12949
11498
10122
9401
9951
8192
4754
4732
6934
5257
1846
1996
2748
-203
557
-163
-11218
-10329
52
-5586
-12310
-871
-836
-19746
-21471
-2365
2981
-10345
-10771
590
-2354
-14333
-7835
11930
10612
-7662
-3244
15971
9496
-5149
6046
19780
8168
-2955
8746
16137
3577
-4264
4310
8934
998
-6258
-3893
-3318
-9839
-12948
-10133
-6919
-10797
-17008
-15718
-10003
-8641
-9443
-7886
-3786
-1824
-3349
-378
6319
8505
5931
6857
12057
12889
9781
10248
12712
11247
8852
9743
11168
8530
4353
3979
5527
4626
2436
2311
1943
-27
-375
3406
-2174
-13445
-7056
922
-7196
-8637
2668
-3976
-21752
-17411
1608
1805
-10689
-6404
2198
-7138
-16208
-1251
15466
4865
-9390
3216
14417
476
-3833
13378
16864
663
-1408
11946
10761
-1656
-854
7618
5594
-2998
-5799
-3245
-6002
-11709
-10995
-6549
-7578
-13878
-15443
-12521
-10600
-8214
-5970
-5906
-3898
-1972
-1925
1561
7531
9180
6940
8044
12114
11468
8396
10751
13750
10592
6960
8930
9500
4796
2952
6230
6515
2323
644
1914
1045
-757
913
5299
1214
-13509
-11711
2591
-1593
-10590
-49
2636
-16988
-22164
-1464
7577
-7714
-11125
1095
-1306
-13558
-6798
11709
9292
-7682
-4121
11932
6875
-4110
4642
14354
4889
-3150
6346
11950
2268
-3370
2728
5213
-794
-4649
-3511
-5910
-9738
-9429
-7693
-6835
-9254
-13336
-13820
-10570
-6352
-4257
-5513
-4267
-954
-706
755
6293
9546
7582
6494
9568
11440
9704
9304
10160
8802
7082
7471
7805
6746
4600
3213
3069
2718
2468
2635
2040
1352
1831
2678
3942
-4809
-11694
-1172
2944
-7083
-4854
4409
-7018
-20568
-10303
5716
-716
-11835
-4717
919
-9054
-13701
1999
11972
-1623
-10374
3797
9705
-3000
-2976
10923
10692
-1576
-469
8620
6163
-1891
-621
5024
4433
-1784
-4964
-3157
-4622
-7962
-8038
-4166
-4665
-9979
-11345
-9156
-7025
-4945
-4196
-4212
-1386
-458
-1211
1248
5747
7103
6127
7149
8727
7747
6195
7343
8699
8105
6747
6326
5814
4418
3646
4193
4460
3239
2875
2424
1618
1565
3073
3742
4786
2075
-8735
-7112
3383
-364
-6838
2485
2972
-14960
-18421
-671
5282
-8993
-10815
434
-2962
-15604
-9206
8752
5319
-11222
-5918
10171
2456
-9629
1536
12950
2489
-6181
4759
10748
-48
-5441
3692
8166
1493
-3956
-1191
-35
-5362
-6703
-1540
266
-5412
-9217
-7700
-5397
-4147
-3886
-4615
-3133
-1321
-2675
-2379
2282
5124
2689
2196
6223
7366
4680
5084
7451
6738
4890
5867
7475
6068
4747
5137
4837
4151
3960
4167
4372
3653
3178
4084
4458
5379
5408
-4650
-9108
2460
3675
-6606
-2172
4341
-10408
-21413
-7684
5572
-3996
-14196
-6793
-2234
-12121
-15215
1093
9457
-6320
-14421
2032
8021
-5698
-4709
10606
9368
-4554
-2239
10014
7699
-1623
1598
9756
7414
-1511
-3269
2339
1367
-4473
-1886
3507
-2280
-10776
-9404
-5745
-5487
-4053
-3506
-5347
-6025
-6789
-5736
-626
3605
3104
1470
2099
3801
4502
5421
7509
8715
7362
5603
6425
7399
6501
6065
7454
7192
5460
4965
4693
3594
3246
5068
5852
4825
5045
4455
-6145
-11040
850
3440
-6423
-4168
1478
-11533
-22479
-10504
3871
-3467
-14715
-8671
-3687
-13465
-16387
805
9866
-5614
-13413
2485
7731
-5516
-3339
13093
11858
-2935
-403
11933
8176
-898
4546
12711
8296
-785
-1647
2396
790
-2657
-1481
1225
-3155
-12046
-12598
-6836
-5337
-6276
-6264
-7124
-7933
-8123
-6174
-1251
2985
2561
123
1800
5997
6698
6247
9153
11455
8843
5916
8136
11172
9270
6909
8553
9071
5206
2814
4583
6137
3841
1926
2581
2438
589
1395
-1340
-10762
-7694
687
-5325
-10390
-1352
-3308
-19398
-18720
-837
1817
-13052
-12741
-1438
-5571
-15236
-5515
10710
4004
-11490
-3924
11247
4205
-4104
7157
14701
2988
-3752
7825
13448
4051
-27
7084
8701
1205
-3395
98
1742
-3226
-5696
-2062
-1428
-7929
-12195
-9826
-6876
-6976
-7078
-6507
-5990
-6185
-5977
-2978
1965
4526
2888
2560
6075
8066
7234
9179
11997
10100
6916
7814
10125
9141
6731
6158
6312
4163
1784
2906
4311
993
-2155
-411
1176
-1320
-1865
1340
2072
-5646
-14345
-6749
2478
-4669
-8597
1056
-1859
-17322
-14995
2852
5359
-8180
-8847
476
-3045
-11540
-3330
10793
5257
-8531
-3553
8478
3029
-4448
4181
11602
2919
-4159
3187
7564
1060
-1604
4367
6388
683
-4330
-3108
-1038
-2237
-3170
-1880
-1877
-6101
-9626
-8106
-4390
-2290
-3049
-4964
-3749
-1961
-2619
-1052
3654
5348
3436
3520
6147
7055
6091
6913
8347
7587
5905
5973
6178
5004
3892
3730
3371
1967
1412
914
-192
-1169
-710
-399
-1326
-1185
185
163
229
1166
-6611
-9817
1579
3745
-5194
-1215
5043
-7527
-15656
-1687
9381
-1482
-10208
-2186
666
-8618
-9246
4834
7800
-7286
-11192
3747
6250
-6157
-4040
8501
5471
-6305
-1857
8403
3769
-4263
1245
8355
3993
-3048
-1848
1993
-203
-2557
705
3464
-1664
-7071
-5089
-1909
-2265
-1830
-2017
-4009
-3385
-2281
-2245
-606
1972
1440
61
1738
4335
4061
2354
3378
5457
4845
3648
5067
5169
3067
2996
4597
4250
2196
1510
1570
748
383
1363
1291
-377
-541
699
1368
2027
4015
-26
-9059
-4316
5035
-370
-4587
3702
832
-13674
-11847
4131
5439
-8107
-8731
114
-3655
-12040
-4806
7763
1697
-11624
-5385
7299
1069
-6586
2731
9579
281
-5369
3917
8297
633
-1577
5812
7765
1120
-3179
-45
2055
-854
-1324
2467
1838
-5428
-8329
-4046
-1016
-2803
-3434
-3420
-5469
-5633
-3094
-1074
25
1285
447
-532
1759
4222
4291
4256
5272
6284
5861
4179
4195
5536
5042
3498
4019
4051
1283
-424
436
713
198
680
39
-1732
-1965
-945
-955
48
2260
3565
-1175
-9243
-4146
4572
-73
-2843
5330
1943
-11924
-9701
5465
6741
-4792
-4283
2455
-3019
-10050
-2061
7897
1044
-9477
-3445
5366
-1568
-6704
1607
5712
-2360
-5355
2974
4836
-2834
-3293
3827
4188
-1118
-2434
457
-228
-3052
-1398
1995
969
-3614
-4912
-2379
-1092
-1338
-409
-693
-1535
-1350
-695
1766
3907
2978
999
1874
4283
4499
3566
4485
4447
1804
1175
3475
4277
1564
-872
-737
-815
-2029
-1937
-934
-1160
-2791
-3801
-2527
-1035
-1157
-841
298
1258
1510
1659
3407
6984
5711
-1862
18
8798
6354
1051
6918
7846
-4010
-7566
3201
7407
-2175
-6565
-1938
-3510
-10878
-9052
460
-896
-11923
-11570
-1964
-3529
-9901
-5298
1346
-2515
-7070
-1072
4189
212
-2379
2461
5937
3636
1284
2647
3987
2800
3004
5608
6113
2250
-359
1502
2702
2568
3272
1712
-964
-920
-460
-276
722
688
-1607
-3835
-3246
-1889
-1841
-1885
-1898
-2821
-4211
-4134
-2066
-989
-1767
-1582
-934
-1556
-1406
507
1901
2346
2981
3673
3962
4381
5515
6187
6484
6786
6798
6501
6681
7430
8207
4268
-2547
602
5905
1045
-2421
2055
-1831
-13003
-11387
-216
-589
-11055
-11478
-5465
-8750
-14374
-7458
1751
-4410
-13417
-6528
2648
-2233
-5783
2312
6597
229
-1671
6289
8975
3710
3157
8604
9474
4868
2883
5444
5919
3490
3456
4948
2991
-2111
-3252
-546
-810
-2629
-1998
-3703
-7448
-6706
-3798
-4749
-5621
-3176
-4060
-6764
-4385
-748
-914
-1617
-370
714
466
812
3204
4355
2968
2871
4395
3950
3076
4404
4868
3061
3245
5143
3639
1354
2772
4055
1922
1166
2610
2112
25
810
3355
3748
362
-5532
-3978
1673
-168
-2486
2082
194
-10019
-9921
564
2760
-5101
-6087
-1736
-4863
-9592
-4228
3867
443
-7460
-4186
3059
-117
-3988
1925
6278
855
-2405
3466
6311
1286
291
5351
5667
1498
-25
1672
1585
-269
464
2160
471
-3391
-3974
-1641
-1200
-1966
-1538
-2586
-4143
-3247
-2202
-1761
-1246
-1510
-2073
-900
785
398
-470
185
752
659
1154
2025
2048
734
-90
1088
1926
757
106
763
511
-575
67
1644
1405
654
1141
1831
1801
1949
2652
3269
3250
2855
3488
4342
4699
5346
5079
477
-2224
2656
4280
317
1240
3304
-3965
-9875
-3245
3442
-1920
-7856
-4505
-3458
-9067
-8983
-425
1350
-7109
-9027
-1116
388
-4979
-2756
3440
1791
-3194
-244
5398
3555
-274
2434
6405
4465
1077
1859
3709
2257
990
2613
3617
465
-3130
-2042
-87
-955
-1414
-1432
-3570
-4840
-3745
-3039
-2716
-1932
-2577
-4226
-3145
-645
-466
-642
285
264
-572
42
2251
3435
2457
1516
2137
2302
1464
1790
3020
2680
834
415
1223
1326
981
1389
1780
1448
957
684
1630
2941
2967
1823
2073
3434
3801
4069
5549
2924
-2474
-114
4314
2581
1504
2990
-1454
-7797
-5312
1596
792
-5160
-5581
-4359
-7396
-8574
-3240
163
-4989
-9354
-4780
-623
-3822
-4430
352
1211
-2981
-2358
3269
3436
-486
745
4702
4063
1358
1614
3326
2263
1061
2685
3843
1737
-1059
-704
948
579
-308
299
-697
-2575
-1866
-225
-461
-1343
-1462
-2294
-2404
-612
261
-814
-1174
-856
-1294
-1302
333
1648
171
-1441
-327
769
-344
-93
1982
1852
-162
-209
1435
1362
714
1995
3464
2908
1508
1784
3218
3682
3738
4516
4512
2861
2335
3901
5590
5874
4753
387
-3243
228
3168
795
36
667
-5227
-10948
-5971
1276
-1904
-8733
-7406
-5277
-8842
-9070
-1969
470
-6195
-8920
-2600
849
-2675
-2155
2870
2867
-1281
99
5159
4432
981
2942
6651
5134
1730
1876
3609
2531
1870
3856
3765
-154
-2611
-619
886
41
-67
-514
-3531
-4455
-1701
-286
-1342
-1823
-1714
-2983
-3360
-1291
484
-329
-1606
-1176
-156
-408
-700
900
1698
346
-239
687
709
143
733
1406
910
354
-55
-590
188
1254
767
340
976
734
-31
1017
2962
3430
2603
2500
2920
2991
3227
4596
6133
6005
2650
-1713
-140
3983
2778
948
2664
-553
-7895
-7056
125
683
-5037
-6053
-4367
-7039
-8994
-4649
-564
-3508
-7575
-5162
-1461
-3102
-4080
-10
2241
-866
-1783
2200
3429
1170
2248
5493
4916
2318
2343
3931
3652
3333
4610
4230
2220
1133
1223
1532
1358
690
113
-794
-1536
-1285
-1458
-2801
-3415
-2742
-2940
-3592
-3199
-3390
-4813
-4770
-3047
-2345
-2814
-2531
-1893
-2214
-2056
-252
1003
486
245
1105
1762
1712
2102
3140
3018
1953
2020
2935
2904
2325
2283
2555
2602
2553
2729
2801
2661
2496
2640
3165
3403
2668
2134
2918
3804
3798
3136
410
-2268
-456
1507
240
19
-42
-4663
-8162
-4333
-41
-2287
-5901
-5313
-4951
-6909
-5957
-1330
-262
-4656
-6486
-2346
314
-1601
-1098
2432
2026
-1376
-96
4086
3844
1613
3161
5372
3732
1307
1731
3122
2802
2465
2823
2080
-336
-2367
-1226
697
114
-1187
-1864
-3657
-4808
-3085
-1323
-2204
-3355
-3129
-3878
-4493
-2566
-1064
-2027
-2678
-1875
-1208
-1082
-478
445
916
924
1225
2012
2420
2164
2200
2805
3193
3415
3249
2595
2246
2261
1864
1698
2007
1555
740
869
1158
685
642
1133
1306
1350
1703
1934
1445
835
1234
2472
3137
3373
3459
1960
-1526
-2332
1327
2786
772
140
-791
-5294
-7097
-2325
1089
-2105
-5340
-4599
-5106
-6955
-4765
-570
-897
-4477
-4777
-2046
-1439
-2147
-118
2464
1472
-632
594
2653
1957
1684
3979
4803
2369
736
1456
1702
1315
2185
2394
444
-1410
-1608
-911
-566
-634
-905
-1891
-2973
-2522
-1466
-1371
-2003
-2219
-1798
-1569
-1187
-393
-400
-1148
-1240
-645
413
1078
990
931
880
672
990
1824
2219
2122
1743
1274
1057
1364
1488
1197
1192
1016
184
-252
41
-103
-559
-225
316
-73
-776
-635
70
579
1092
1638
1876
1528
1109
1793
2943
3487
3649
3810
3691
3100
1468
78
1613
3048
1689
441
121
-2256
-4993
-3499
-252
-1251
-4687
-5260
-4978
-6172
-5759
-2760
-1784
-4464
-5757
-3648
-2042
-2055
-917
667
332
-667
432
2261
2287
1967
2763
3359
3037
2725
2363
1789
1601
1998
2007
1304
448
-648
-1282
-883
-457
-729
-1307
-2277
-2785
-2153
-1469
-1566
-1888
-1596
-1575
-1680
-753
255
-125
-710
-60
634
862
1436
1868
1200
754
1349
1757
1723
1643
1208
363
1
368
559
5
-523
-745
-1138
-1484
-1255
-980
-919
-689
-528
-421
-292
89
612
1321
2205
2944
3140
3119
3504
4011
4334
4509
4886
4864
4110
3678
3898
3899
3567
2374
-281
-1249
-113
-748
-2070
-1636
-3104
-7121
-7472
-3984
-3459
-6269
-6634
-5625
-6885
-7506
-4686
-2166
-3500
-5153
-3402
-995
-1018
-967
1018
2193
1171
1233
3394
4017
2949
3340
4597
4317
3422
3171
2750
2103
2303
2612
1806
738
-163
-1187
-1545
-1006
-892
-1689
-2630
-2884
-2863
-2928
-2428
-1948
-2138
-2533
-2135
-1104
-647
-524
100
360
-111
387
1837
2314
1811
1827
1994
1664
1676
2263
2380
1717
966
640
613
589
547
182
-348
-617
-824
-1104
-971
-391
-353
-878
-871
-457
-396
-115
803
1474
1398
1041
1093
1789
2653
2978
2889
2827
2504
1809
1838
2677
2920
2014
1257
1315
757
-1274
-2335
-975
-555
-2045
-2498
-2383
-4439
-6055
-4146
-1912
-2799
-4569
-4490
-4058
-4113
-2908
-672
-456
-2292
-2686
-839
561
981
1889
2215
1033
625
2103
3091
2837
2903
2864
1982
1558
2060
1988
1197
916
1093
652
-236
-621
-803
-1125
-1276
-1036
-1009
-1656
-2133
-1846
-1340
-1047
-837
-836
-903
-508
85
289
354
650
630
455
1080
1860
1480
685
920
1326
901
658
941
579
-387
-540
68
-22
-830
-1221
-1246
-1500
-1601
-1256
-1200
-1642
-1631
-986
-587
-730
-666
-92
322
687
1494
1894
1336
1217
2180
3125
3431
3519
3377
2628
2126
2736
3543
3363
2748
2310
1601
818
983
1435
405
-1051
-1391
-1390
-1793
-2011
-2196
-3239
-4716
-4698
-3219
-2903
-3660
-3751
-3905
-4578
-3920
-2005
-1445
-2095
-1880
-1334
-1242
-292
1178
1396
946
1217
1665
1705
2168
2993
2981
2327
2272
2402
1938
1556
1882
2091
1506
848
487
-37
-585
-420
61
-224
-1219
-1946
-2195
-2126
-1499
-1003
-1303
-1886
-2253
-2355
-1892
-856
-220
-562
-959
-753
-459
-56
849
1564
1171
456
614
1055
1141
1394
1745
1441
743
445
549
683
696
565
325
-23
-496
-660
-347
-32
-67
-158
-195
-413
-502
34
678
721
688
952
917
768
1322
2051
2048
1747
1744
1709
1687
1840
1902
1842
1540
909
543
697
642
305
-111
-692
-860
-1045
-1756
-1883
-1575
-2433
-3088
-2001
-1527
-2728
-3247
-2698
-2710
-2595
-1370
-836
-1772
-2382
-1773
-593
338
781
686
34
-396
441
1735
2124
1891
1522
889
650
1477
1944
1361
915
736
211
6
362
141
-573
-722
-551
-849
-1217
-1284
-1331
-1451
-1363
-998
-971
-1245
-1207
-935
-740
-211
301
147
105
455
586
766
1408
1713
1394
1093
1143
1395
1583
1522
1327
1045
567
278
351
422
148
-441
-805
-746
-825
-1141
-1226
-1203
-1455
-1596
-1239
-921
-988
-1005
-806
-446
-59
186
510
905
1013
1012
1461
1964
2079
2140
2331
2312
2142
2207
2243
1988
1656
1509
1363
1117
909
757
378
-156
-315
-154
-260
-709
-1017
-1081
-1327
-1592
-1225
-820
-1346
-1963
-1726
-1462
-1566
-1282
-966
-1272
-1582
-1462
-1150
-715
-497
-690
-718
-641
-768
-687
-229
-37
-258
-288
-151
-133
-167
-106
15
104
30
-57
47
169
232
206
231
304
106
-151
115
456
329
211
230
-33
-157
187
346
189
30
-140
-213
-70
75
33
-161
-319
-265
-214
-156
-149
-334
-446
-304
-147
-215
-187
-183
-368
-382
-30
273
211
109
207
332
336
448
738
867
648
555
930
1171
969
874
1003
971
914
1029
1125
977
681
552
721
935
812
526
388
273
91
146
380
315
-51
-288
-254
-164
9
189
92
-182
-290
-167
55
262
352
204
-28
50
230
238
117
-82
-148
-94
-140
-234
-371
-678
-915
-797
-677
-901
-1048
-1136
-1439
-1429
-1043
-1031
-1234
-1185
-1232
-1327
-1075
-723
-606
-649
-678
-545
-337
-159
34
262
295
166
244
362
380
457
588
527
354
262
207
88
-93
-17
-10
-347
-525
-374
-476
-784
-693
-594
-808
-869
-689
-642
-654
-599
-499
-298
-117
-15
169
301
297
482
839
1069
1173
1245
1237
1150
1258
1617
1756
1618
1480
1319
1159
1232
1428
1316
959
730
596
432
437
453
213
45
18
-83
-157
-223
-395
-412
-174
21
0
-88
-242
-409
-351
-32
256
227
23
-218
-301
-110
92
163
104
-175
-483
-457
-200
-85
-166
-302
-537
-680
-491
-225
-256
-451
-566
-618
-575
-323
-4
-101
-544
-612
-306
-144
-50
46
-97
-358
-394
-154
25
-84
-336
-469
-442
-438
-468
-465
-514
-691
-785
-818
-848
-874
-934
-906
-769
-672
-809
-894
-711
-570
-485
-261
-93
-121
-109
54
249
451
689
783
680
718
837
896
1095
1242
1105
891
727
713
863
954
855
631
365
137
109
224
287
174
0
-140
-183
-119
-53
-11
-10
-60
-79
-37
63
212
292
329
394
424
375
396
561
674
578
458
412
367
363
425
482
346
94
-83
-156
-96
9
-35
-247
-372
-422
-510
-431
-187
-205
-434
-458
-383
-379
-333
-97
73
-9
-136
-99
19
99
246
418
364
137
48
134
225
277
292
172
-100
-304
-277
-188
-174
-239
-406
-618
-670
-599
-556
-514
-479
-524
-631
-645
-554
-461
-436
-405
-320
-285
-342
-344
-230
-165
-159
-154
-142
-132
-142
-114
44
162
15
-73
53
120
116
186
274
174
56
201
408
371
224
195
183
173
253
339
227
-5
-124
-114
-76
-43
-97
-324
-503
-471
-370
-303
-300
-389
-471
-488
-378
-131
25
-33
-90
-20
109
265
470
624
611
477
526
782
914
875
922
961
838
800
889
877
750
703
722
662
488
306
234
245
246
148
-74
-310
-427
-433
-334
-200
-277
-591
-772
-687
-546
-362
-213
-244
-424
-514
-395
-99
152
129
26
4
-28
17
275
436
326
203
198
174
134
202
265
253
182
82
-23
-111
-135
-82
-20
-63
-226
-424
-491
-412
-292
-215
-256
-425
-604
-637
-480
-318
-280
-283
-409
-585
-585
-405
-278
-301
-371
-402
-447
-539
-474
-317
-308
-420
-449
-376
-401
-480
-394
-224
-185
-253
-288
-231
-162
-108
8
160
241
189
176
359
495
481
585
765
777
758
824
834
794
852
923
852
793
771
623
502
524
528
390
288
253
113
-59
-81
-27
-115
-236
-255
-279
-357
-337
-196
-186
-302
-290
-174
-89
-39
50
99
65
111
276
358
307
289
292
269
256
295
312
221
111
68
57
16
-40
-38
-38
-138
-209
-193
-204
-237
-226
-192
-199
-221
-260
-322
-294
-223
-216
-225
-264
-381
-420
-344
-281
-243
-298
-419
-467
-437
-392
-334
-342
-454
-530
-464
-374
-337
-277
-313
-437
-428
-265
-132
-120
-95
-39
-12
14
99
202
234
259
332
402
404
347
370
513
605
556
476
432
386
386
485
545
386
180
115
160
217
241
160
8
-103
-129
-54
45
60
-46
-110
-88
-32
23
87
112
112
160
175
150
135
186
229
260
330
275
104
51
128
177
187
136
19
-112
-181
-151
-74
-54
-170
-288
-304
-340
-423
-386
-249
-275
-419
-421
-357
-395
-365
-240
-206
-253
-252
-209
-163
-70
-16
-19
45
108
47
37
153
204
151
126
147
109
59
99
147
98
-13
-87
-97
-49
-40
-109
-144
-149
-210
-220
-141
-129
-172
-187
-159
-138
-141
-131
-51
41
71
46
22
68
120
174
275
349
296
198
185
240
291
317
319
238
140
79
53
102
179
156
26
-103
-156
-152
-107
-23
-9
-96
-213
-234
-173
-115
-60
-31
-38
-71
-113
-123
-41
25
52
108
92
-4
-66
-60
-13
55
93
58
9
-31
-74
-54
46
88
26
-27
-45
-62
-29
61
105
53
-17
-27
-30
-40
13
64
37
-11
-19
-34
-72
-53
20
41
-7
-61
-92
-103
-71
19
67
6
-80
-85
-41
0
38
54
8
-70
-81
-22
52
64
46
32
-8
-26
22
111
160
144
110
97
81
131
255
285
212
167
154
131
150
199
205
115
16
-11
1
16
2
-42
-94
-182
-254
-238
-207
-216
-248
-285
-319
-349
-330
-291
-300
-296
-236
-210
-227
-178
-93
-66
-30
58
93
41
32
136
251
264
232
235
220
204
259
305
290
240
192
169
180
181
145
104
74
15
-64
-86
-44
-36
-126
-184
-196
-241
-264
-199
-167
-240
-317
-290
-217
-205
-225
-221
-202
-237
-256
-188
-142
-138
-111
-52
-44
-82
-76
11
96
139
159
169
182
160
203
327
371
338
348
341
266
250
307
349
363
325
205
108
126
145
121
126
94
-45
-166
-140
-62
-81
-158
-193
-252
-327
-312
-227
-207
-266
-303
-335
-341
-291
-217
-171
-156
-181
-221
-203
-137
-53
6
41
51
28
27
90
188
260
315
322
272
249
291
381
477
488
423
360
316
324
378
425
390
293
205
126
75
94
115
64
-20
-111
-210
-301
-332
-297
-287
-353
-428
-490
-565
-575
-490
-407
-424
-478
-489
-469
-407
-309
-209
-162
-143
-103
-35
49
135
204
247
301
324
329
383
428
411
404
424
398
336
302
273
206
170
135
57
-11
-49
-93
-129
-162
-231
-277
-294
-309
-314
-316
-342
-362
-340
-308
-304
-298
-290
-296
-266
-221
-198
-200
-187
-122
-63
-47
-30
-31
-40
14
97
163
197
188
166
198
279
355
389
398
390
371
391
448
513
525
488
447
415
406
408
412
393
333
235
176
165
129
63
23
-10
-111
-183
-187
-240
-318
-317
-297
-347
-428
-465
-456
-431
-395
-357
-341
-366
-386
-323
-212
-144
-126
-95
-69
-41
34
123
174
193
191
191
211
250
275
269
251
223
199
161
130
112
65
4
-26
-43
-79
-144
-185
-187
-215
-262
-272
-255
-278
-322
-310
-257
-266
-287
-247
-222
-230
-208
-146
-93
-65
-62
-69
-42
-3
36
66
77
71
60
61
79
109
124
104
88
92
94
95
115
154
180
174
153
169
204
205
212
245
264
246
232
254
270
246
223
233
241
227
180
123
100
90
54
24
15
-29
-115
-167
-156
-160
-207
-229
-201
-219
-265
-249
-187
-159
-155
-131
-104
-96
-85
-26
37
71
79
80
89
117
150
144
140
150
134
100
106
137
99
45
36
15
-46
-72
-57
-82
-150
-194
-200
-228
-261
-256
-235
-261
-307
-298
-269
-260
-259
-226
-187
-198
-216
-166
-97
-74
-60
-44
-21
5
31
73
104
96
88
120
148
160
157
140
130
132
139
130
108
90
73
73
92
83
57
27
9
9
18
45
54
42
38
35
30
55
99
114
100
94
103
115
136
162
171
163
134
136
159
142
116
145
150
98
84
91
58
48
82
77
27
-14
-30
-17
18
37
10
-42
-74
-56
-14
14
20
1
-29
-38
-21
12
40
26
-15
-33
-34
-34
-16
0
-35
-82
-108
-133
-151
-138
-133
-167
-197
-218
-256
-287
-268
-241
-247
-252
-263
-289
-290
-244
-188
-163
-160
-162
-155
-118
-58
3
37
46
36
42
89
144
180
192
188
172
145
141
171
192
181
155
113
80
62
74
102
87
47
9
-36
-52
-14
25
31
10
-30
-59
-65
-24
29
48
35
14
-1
-7
24
81
119
124
114
86
65
75
127
180
192
174
145
109
97
137
192
205
168
124
95
74
87
129
159
129
69
32
23
17
38
69
57
10
-38
-50
-41
-32
-35
-40
-61
-103
-139
-139
-130
-144
-157
-165
-194
-237
-247
-235
-223
-221
-233
-242
-244
-247
-236
-189
-140
-127
-132
-112
-74
-37
3
45
75
76
79
125
187
192
184
202
198
164
170
200
192
162
134
96
52
29
28
19
-7
-56
-109
-145
-158
-151
-138
-146
-178
-207
-222
-211
-156
-103
-95
-110
-117
-99
-52
22
85
95
86
106
141
178
232
262
245
235
252
261
262
264
252
230
218
209
180
134
101
89
76
56
33
-2
-41
-73
-70
-54
-61
-93
-116
-120
-129
-133
-110
-88
-92
-106
-110
-100
-89
-89
-88
-67
-64
-80
-69
-47
-55
-74
-73
-62
-61
-67
-65
-62
-77
-82
-56
-40
-41
-38
-39
-43
-24
4
14
14
21
39
54
44
36
52
61
55
68
74
40
13
26
40
25
6
-3
-23
-49
-44
-38
-56
-77
-89
-91
-100
-111
-102
-91
-86
-80
-72
-68
-62
-46
-17
9
26
38
48
53
61
97
132
144
142
134
122
128
151
166
168
160
141
119
109
100
88
79
79
68
47
21
-6
-21
-17
-14
-28
-48
-57
-71
-75
-57
-41
-47
-60
-56
-52
-49
-26
-7
-6
-2
-2
-8
0
20
36
45
44
44
32
31
46
54
62
59
48
33
28
32
27
21
21
6
-20
-20
-18
-38
-50
-52
-64
-76
-76
-81
-99
-109
-107
-108
-103
-99
-115
-132
-128
-113
-109
-114
-115
-107
-107
-103
-82
-70
-72
-67
-50
-41
-44
-32
-20
-4
18
22
21
24
28
38
46
66
77
66
55
59
71
67
72
81
74
48
34
37
32
31
32
24
6
-12
-20
-25
-17
-12
-17
-17
-23
-40
-43
-15
8
10
7
2
-7
0
29
46
49
58
57
55
65
79
91
97
103
102
96
96
94
104
112
101
83
83
81
59
51
58
45
20
12
13
-1
-22
-32
-30
-36
-57
-65
-65
-77
-88
-88
-76
-84
-104
-100
-91
-87
-93
-94
-95
-98
-92
-78
-67
-66
-72
-77
-82
-78
-63
-47
-39
-45
-56
-57
-49
-32
-15
1
-8
-20
-16
-4
10
27
44
45
38
27
28
39
52
67
73
57
25
12
29
49
51
43
18
-12
-20
-3
8
4
-7
-29
-46
-46
-30
-22
-27
-32
-33
-34
-33
-21
-6
-1
7
27
34
29
35
59
69
81
99
107
95
90
109
112
107
102
100
96
77
72
67
44
31
26
20
1
-18
-28
-38
-36
-42
-50
-58
-63
-63
-64
-50
-40
-40
-34
-24
-18
-15
-5
12
23
23
20
21
18
18
24
22
17
4
-3
-11
-27
-44
-51
-47
-54
-59
-60
-73
-86
-85
-80
-77
-74
-69
-60
-48
-46
-42
-25
-22
-16
2
23
27
31
43
48
53
56
65
62
57
60
59
52
52
40
12
1
15
7
-14
-20
-32
-56
-67
-53
-47
-56
-65
-68
-67
-71
-70
-52
-42
-36
-22
-17
-12
-13
-7
0
20
38
40
42
41
43
44
47
49
47
48
44
42
43
34
20
22
29
25
21
22
14
8
8
11
15
10
9
10
16
19
14
8
-8
-10
2
11
11
6
-3
-21
-29
-17
-10
-14
-14
-16
-24
-29
-21
-16
-18
-21
-15
-9
-3
1
-6
-2
-1
-2
8
31
39
26
20
23
20
23
41
63
56
39
34
31
28
23
37
44
32
17
8
3
-8
-15
-14
-16
-23
-33
-35
-42
-58
-69
-66
-54
-54
-57
-60
-72
-78
-65
-48
-45
-47
-42
-40
-32
-20
-13
-8
-11
-7
7
22
28
30
32
27
26
31
34
40
50
61
56
40
30
22
17
31
55
65
42
22
4
-9
-2
24
38
28
14
-1
-14
-10
5
12
9
10
7
6
10
17
20
16
12
18
26
31
30
32
30
13
11
18
25
19
20
20
5
-9
-16
-21
-11
5
5
-9
-26
-41
-44
-29
-13
-7
-20
-27
-29
-31
-24
-21
-25
-26
-18
-14
-18
-23
-26
-27
-26
-25
-20
-23
-26
-25
-24
-26
-36
-37
-34
-26
-19
-19
-18
-28
-40
-35
-19
-3
4
3
-9
-19
-14
-3
11
23
17
5
4
12
18
16
13
16
14
10
16
20
19
14
14
12
8
7
9
19
26
20
10
8
8
13
26
40
37
27
23
26
36
44
47
50
57
53
43
43
52
50
45
50
50
34
23
28
26
21
12
6
0
-7
-16
-18
-16
-23
-35
-40
-38
-38
-42
-40
-41
-51
-54
-47
-33
-31
-32
-31
-32
-30
-27
-18
-10
-4
-2
-2
-7
-8
-3
6
12
16
10
0
-2
6
9
7
4
-3
-8
-4
4
2
-4
-12
-22
-23
-16
-8
-8
-13
-16
-24
-28
-20
-16
-16
-13
-10
-14
-14
-8
-5
-5
-4
-2
4
4
3
7
10
8
7
11
15
17
13
16
18
17
17
23
20
17
21
32
35
31
29
29
26
30
44
42
34
34
37
37
36
35
33
25
17
16
21
17
13
14
6
-11
-21
-23
-21
-17
-11
-13
-24
-32
-41
-43
-29
-20
-17
-16
-13
-16
-20
-17
-8
-3
0
0
5
6
1
6
7
0
-4
-5
-3
-1
-5
-10
-16
-23
-30
-31
-30
-30
-31
-37
-36
-36
-44
-45
-38
-33
-29
-22
-16
-17
-18
-15
-2
3
10
17
24
23
19
23
27
30
32
35
31
22
16
18
18
19
14
7
1
-10
-11
-7
-3
-7
-10
-13
-15
-15
-10
-3
0
-2
5
14
15
18
25
28
26
28
35
43
42
40
42
36
32
27
27
24
23
22
17
14
4
-5
-8
-11
-11
-8
-6
-11
-20
-23
-25
-22
-19
-18
-17
-14
-14
-14
-14
-15
-25
-21
-15
-13
-11
-9
-16
-27
-30
-30
-26
-25
-22
-26
-33
-39
-34
-32
-28
-30
-29
-29
-26
-14
-10
-11
-16
-11
-4
4
13
16
16
17
17
20
26
24
24
25
27
24
22
16
14
11
7
4
3
-4
-13
-11
-13
-15
-17
-20
-24
-28
-28
-19
-16
-16
-16
-11
-10
-4
4
4
11
19
20
25
32
34
37
42
52
47
45
42
43
47
50
53
48
37
26
21
25
29
26
20
13
0
-11
-10
-5
-3
-8
-12
-17
-28
-29
-25
-17
-17
-20
-22
-25
-23
-21
-17
-12
-17
-17
-18
-13
-7
-7
-5
-3
-9
-17
-12
-4
-2
-2
-3
-9
-16
-17
-14
-12
-12
-14
-17
-16
-17
-17
-21
-20
-22
-22
-19
-17
-15
-16
-14
-14
-17
-16
-16
-12
-6
-5
-3
-6
-8
-8
-7
-1
0
-2
-3
-8
-6
2
8
2
-5
-4
-1
3
8
15
11
6
6
12
20
22
24
26
31
30
29
33
32
31
36
40
42
37
33
29
25
27
25
23
20
15
10
7
6
0
-7
-5
-8
-11
-13
-13
-15
-16
-15
-14
-15
-15
-11
-10
-6
-2
2
1
3
4
4
9
13
13
17
17
14
11
6
4
3
9
10
3
-4
-10
-17
-19
-18
-17
-25
-30
-30
-31
-28
-31
-33
-36
-39
-37
-31
-24
-21
-22
-20
-19
-17
-16
-11
-4
-3
5
6
4
1
1
3
8
15
14
10
8
3
4
8
9
8
6
6
5
7
8
7
6
8
9
10
14
15
15
16
18
15
14
17
21
20
21
20
17
11
13
16
15
15
8
8
5
3
6
4
3
2
1
1
-1
2
3
5
9
7
7
9
10
11
14
17
20
21
23
20
17
15
15
16
17
16
14
9
2
-5
-8
-8
-11
-10
-13
-20
-24
-28
-32
-34
-35
-32
-33
-32
-31
-33
-32
-34
-27
-25
-25
-19
-16
-12
-8
-10
-9
-8
-4
1
4
8
4
2
1
2
3
0
2
3
-1
-1
-3
-6
-11
-11
-7
-5
-3
-6
-11
-11
-10
-7
0
0
0
-1
1
6
8
12
13
13
15
15
19
21
20
23
18
19
21
21
21
19
19
17
14
16
16
14
12
10
9
7
11
14
13
13
10
9
8
14
18
19
21
18
15
18
21
24
23
22
20
16
15
15
16
15
12
5
-2
-4
-2
-5
-8
-13
-22
-26
-26
-25
-27
-29
-30
-32
-36
-38
-38
-33
-27
-23
-24
-26
-26
-26
-18
-9
-5
-6
-5
-2
-2
-1
7
9
7
8
6
4
6
7
7
4
2
-3
-6
-3
-4
-6
-10
-13
-14
-16
-14
-11
-12
-13
-13
-14
-14
-11
-4
-2
0
0
1
5
7
12
14
14
16
16
17
20
21
22
19
20
19
18
18
15
14
15
13
14
11
9
8
7
11
9
7
9
9
11
12
9
10
9
13
15
16
18
13
13
11
12
13
11
10
9
3
4
4
0
-6
-9
-11
-15
-12
-10
-14
-20
-25
-27
-24
-20
-17
-20
-20
-18
-19
-18
-15
-12
-9
-4
-2
-3
-4
0
2
3
3
5
5
5
6
5
3
2
-1
-5
-5
-5
-5
-7
-8
-13
-15
-14
-15
-16
-17
-14
-12
-12
-11
-11
-13
-10
-5
0
1
4
3
2
6
9
12
13
12
12
10
11
12
12
12
10
6
5
4
5
5
4
2
0
-2
-1
0
-1
-2
3
3
1
3
5
5
6
9
11
11
14
15
11
14
13
12
13
14
11
8
8
7
-1
-2
-2
-3
-5
-8
-10
-15
-15
-15
-17
-17
-15
-14
-12
-13
-13
-14
-7
-3
-2
1
4
5
5
10
13
15
15
18
16
15
16
17
14
14
13
7
4
3
1
-3
-5
-9
-14
-16
-15
-17
-19
-18
-21
-23
-24
-23
-21
-18
-14
-13
-15
-13
-10
-8
-4
0
2
4
4
4
6
7
11
11
9
8
6
5
7
4
2
2
1
-3
-4
-6
-6
-8
-10
-10
-10
-9
-8
-9
-10
-9
-9
-6
-5
-3
-2
0
2
0
-2
0
3
3
6
7
4
0
0
0
3
1
0
0
-4
-4
-6
-5
-4
-6
-6
-5
-5
-2
0
1
1
0
1
5
10
13
14
15
14
14
16
17
20
21
23
20
17
17
15
15
13
10
8
8
6
4
-1
-2
-6
-7
-8
-9
-9
-8
-8
-10
-11
-11
-10
-8
-5
-3
-1
-1
2
2
1
5
6
7
10
9
9
9
7
8
6
5
4
2
1
0
-3
-6
-7
-7
-10
-14
-15
-17
-15
-15
-14
-18
-18
-18
-15
-13
-13
-12
-9
-8
-3
-2
-3
0
-2
0
5
8
9
10
7
7
5
7
7
5
6
6
6
1
-2
-5
-6
-5
-3
-4
-6
-9
-7
-10
-10
-7
-9
-7
-5
-3
-2
0
1
0
0
4
4
8
12
12
10
10
11
9
10
12
13
12
13
11
7
5
6
3
5
6
2
-1
-1
1
-1
-3
-3
-3
-3
-1
0
0
0
2
2
3
3
5
5
5
8
9
10
11
9
4
4
6
7
9
8
4
0
-1
-2
-4
-3
-2
-6
-5
-7
-7
-9
-9
-7
-7
-6
-4
-4
-5
0
0
0
2
3
3
6
6
10
10
9
8
6
5
7
7
6
5
3
0
-3
-4
-6
-8
-7
-7
-10
-13
-14
-14
-14
-13
-12
-12
-11
-11
-10
-6
-2
-3
-1
-1
0
1
6
7
8
9
6
8
7
5
6
5
4
1
1
-2
-5
-5
-8
-11
-13
-12
-13
-13
-12
-15
-17
-16
-15
-13
-10
-7
-7
-3
-1
0
0
4
8
11
14
16
15
16
15
17
16
16
18
16
14
13
10
8
6
5
3
0
-1
-1
-3
-6
-6
-8
-10
-7
-8
-6
-3
-1
-3
-5
-2
-1
2
7
7
7
7
9
9
10
13
10
9
10
9
8
7
6
3
0
0
-2
-3
-3
-6
-7
-9
-11
-9
-9
-7
-7
-9
-8
-8
-5
-4
0
1
0
2
1
2
4
6
7
3
4
4
-1
2
1
-2
-3
-5
-7
-10
-11
-12
-14
-15
-16
-16
-15
-15
-16
-16
-13
-13
-11
-9
-7
-5
-2
1
3
5
6
9
11
12
14
13
14
15
12
14
11
11
10
7
6
2
1
-2
-4
-5
-7
-7
-9
-10
-10
-12
-11
-12
-9
-8
-7
-5
-4
-3
-3
