SAMPLES:	14160
BITSPERSAMPLE:	16
CHANNELS:	1
SAMPLERATE:	16000
NORMALIZED:	FALSE
-14
-14
-12
-8
-6
-2
-1
7
-12
-14
2
-2
-2
-7
4
-2
-1
-9
-16
-9
0
-3
-1
14
6
-4
-3
-7
-9
-8
-25
-19
-5
-13
-12
-7
-11
-9
-10
-4
-10
-22
-19
-12
-2
-5
-1
0
5
1
8
21
3
8
7
2
6
19
16
16
4
5
7
11
13
8
6
8
5
0
4
3
-4
-15
6
-7
-9
-7
-1
3
8
11
-8
5
-5
-10
7
3
7
8
2
6
6
2
16
10
7
6
2
4
-3
9
6
0
-1
1
2
1
-3
3
10
-4
4
2
4
-5
5
8
-5
9
1
5
-3
-2
7
-3
-1
-7
2
-7
-7
-10
-7
-8
-7
3
-2
-7
-8
4
-8
-4
-2
-9
-4
-10
-2
8
1
1
2
6
3
-1
12
8
8
10
6
1
-16
-4
-6
-4
6
10
8
8
-5
0
4
-10
5
-10
-22
-11
-4
-5
3
-10
-9
-13
-11
2
4
0
1
3
-3
-5
0
4
-7
1
0
0
-2
6
7
8
-2
-4
1
0
1
-8
4
-14
4
-3
-8
-14
-14
5
-19
-7
-7
5
2
-6
-9
-14
-15
-14
-10
-1
-2
-2
2
-5
5
-4
-4
-3
5
1
5
9
3
0
-3
3
-3
-2
-3
-14
-8
-6
-7
-6
4
13
-2
-2
0
0
1
-5
0
1
7
3
11
20
17
18
-2
-1
8
14
-4
11
12
-6
8
5
4
5
7
-1
-8
0
6
10
15
4
9
2
-3
5
7
5
1
6
-5
3
1
5
10
-12
-16
-2
-5
1
1
-7
-3
-16
-4
-8
-1
1
1
-1
-8
-1
-5
-5
-8
-17
-4
-3
-14
-3
-1
-5
2
-11
-11
-5
-16
-13
-7
9
16
2
-22
-31
-22
-2
10
39
41
28
13
-6
-14
-21
-11
0
2
9
23
30
28
6
-29
-31
-26
-18
-1
26
15
13
7
-17
-17
-30
-31
-27
-17
-3
-1
9
4
-10
-16
-26
-31
-18
-3
9
11
26
20
15
4
-13
-6
0
-1
4
20
29
21
21
3
-21
-24
-25
-12
-2
4
12
14
6
-11
-12
-16
-25
-12
-2
18
31
26
15
-2
-6
-12
-21
-8
3
24
32
20
16
0
-10
-22
-31
-9
8
16
36
31
15
-10
-22
-33
-26
-5
1
13
12
9
-8
-5
-23
-34
-13
-14
20
21
11
18
5
-6
-13
-21
-21
2
20
18
19
21
10
0
-1
-9
-15
-7
2
12
17
9
3
-6
-9
-19
-23
-6
5
17
16
10
5
-3
-16
-18
-1
-7
4
10
13
9
-5
-9
-15
-8
-6
-2
-5
-1
13
9
-8
-24
-21
-10
-6
-4
8
14
3
2
-4
-11
-11
-18
-11
-4
8
20
18
12
13
6
5
3
-9
1
5
6
22
20
9
12
-2
0
4
-10
-4
11
11
-3
1
-4
0
4
-20
-6
9
17
23
3
3
-4
-1
1
7
22
15
22
20
13
7
-2
0
-3
6
-2
-8
2
14
4
3
11
1
6
6
18
4
-4
6
10
7
0
3
3
0
-7
-7
-8
6
5
3
11
-2
-10
-12
3
-5
1
0
-3
4
-5
-6
-5
9
-3
4
-4
-3
-5
-2
6
0
10
-12
-19
-13
-9
-5
-11
2
-3
-17
-3
-2
8
4
-16
-3
5
-9
-19
-6
-3
-12
-17
-12
-1
-3
2
7
1
1
-3
7
15
-5
-8
-6
2
3
3
18
4
1
6
2
-6
-5
3
-1
-6
8
5
13
20
-13
0
-1
-2
10
3
11
6
2
6
-3
6
6
5
6
-1
4
7
3
16
8
8
0
4
7
5
22
16
23
18
6
4
-7
-6
-1
8
6
7
15
16
9
3
-9
1
3
-3
8
15
10
10
0
-9
-6
-7
-3
-13
-2
1
2
6
4
-3
-3
-2
-6
-5
-4
2
-1
-6
-7
-14
-16
-15
-24
-19
-9
-11
4
10
1
4
0
-1
-2
2
8
8
8
18
13
10
3
-1
-3
5
-5
-4
15
1
14
-3
-17
-5
-12
-3
-14
-15
-3
4
7
-2
3
-14
-11
-12
-11
-7
-2
-3
-11
-13
-18
-21
-23
-14
-3
-3
-1
-5
-2
10
-9
-2
-3
-5
8
14
17
13
13
8
14
1
-7
-2
8
16
14
20
15
17
18
-2
-16
-14
-3
0
5
22
16
13
16
0
-2
-11
-9
5
0
23
18
16
15
-7
-8
-4
-1
5
15
18
13
-2
-7
-14
-12
-11
-15
0
1
2
1
3
3
1
-11
-9
0
10
22
19
24
11
-7
-14
-19
-7
1
-2
0
8
16
1
-14
-17
-13
-23
-17
-10
-8
0
10
8
-8
-8
-5
-10
-12
0
-5
1
10
-4
-7
-9
-20
-13
-16
-15
9
13
4
-5
-6
-9
-5
2
-2
7
9
7
29
22
6
-9
-13
0
-2
-1
9
15
10
6
-10
-4
-2
-21
-4
-1
6
1
-3
-5
-9
-3
-22
-14
-5
-3
5
16
7
6
0
-1
-10
-14
14
11
-2
-2
10
4
-2
-7
-2
-3
0
18
25
24
25
17
10
5
1
14
12
16
17
6
4
-2
-3
5
-3
1
-1
6
-1
-2
4
-7
-11
-16
-12
3
3
-1
0
-7
-11
-23
-18
-23
-13
-4
-6
10
0
5
-4
-10
-7
-12
-5
-2
-1
-17
-1
-5
-14
-8
-23
-16
-14
-14
-9
-3
15
11
-11
-14
-22
-12
0
-13
-7
-3
-6
-6
-15
-10
-8
-18
-5
-8
-5
5
0
2
-5
-8
-11
-3
-8
-3
5
10
11
3
-2
-22
-22
1
2
5
5
13
21
17
13
3
12
6
0
13
11
24
19
13
2
1
9
5
16
18
17
16
13
17
4
2
11
18
19
16
25
28
17
18
25
14
4
12
24
26
28
16
33
27
21
22
12
24
21
24
29
33
16
14
14
-2
2
3
4
3
-9
-9
-1
-3
3
-7
-10
-2
3
9
1
-6
-3
-7
-20
-13
-6
-16
-11
2
8
3
-10
-8
-16
-12
-11
-17
-15
-5
13
1
-12
0
-7
-12
2
-6
-5
-7
-17
-13
-9
1
0
-7
-1
0
-1
-7
-8
1
-14
-5
-2
-8
-12
-13
-3
-2
-14
-10
1
-17
-2
-11
-13
-1
-10
-4
-10
-8
-16
-15
5
-2
-18
-11
-11
-12
-12
-14
-13
-7
3
2
-1
0
0
8
-7
-4
5
-3
7
1
0
5
3
-1
9
-2
-11
-6
4
5
-9
9
20
9
6
13
9
6
11
18
5
4
13
8
0
11
13
2
22
9
10
20
5
1
-2
11
1
-5
12
1
-1
6
6
5
17
9
-1
-5
-1
20
10
8
19
16
4
8
16
19
15
15
14
4
6
-5
1
3
-18
-1
-4
-4
-6
-6
-2
-12
-3
-1
10
9
-1
-3
-10
0
1
6
12
-3
12
11
11
8
-6
9
2
1
12
8
5
9
1
-4
-10
-2
-2
-17
-7
-17
-19
4
2
-3
-11
-8
-4
-5
3
2
4
-7
-2
1
-7
-8
8
7
7
-3
-11
-7
-12
-3
-4
-5
-1
-2
1
6
16
17
13
15
10
11
0
18
18
10
11
13
14
8
3
11
4
1
5
11
12
0
8
-1
15
16
10
13
11
4
5
7
8
12
3
7
-14
0
8
0
-3
7
5
7
5
-10
-1
-7
-12
-7
2
-3
-10
-14
-14
-9
1
-7
-14
-2
-10
1
-14
-18
-13
-9
-14
-14
-13
-11
-18
-29
-22
-30
-20
-22
-24
-28
-20
-14
-17
-5
-15
-15
-8
-13
-18
-15
-14
-22
-26
-23
-22
-33
-28
-28
-25
-17
-22
-6
-11
-22
-12
0
3
-10
-5
1
-2
-11
-11
-15
-7
4
-9
-9
-6
-9
7
-6
-6
-4
-13
-5
-16
-1
-1
-1
-3
0
-2
2
4
-1
-3
-14
-9
-10
9
0
0
8
-9
0
1
-4
-4
-8
-5
-16
-5
-3
0
2
-6
2
5
3
1
0
0
4
4
5
8
26
26
20
21
19
18
11
15
15
6
21
14
1
3
0
11
6
6
15
10
11
12
14
6
-1
14
24
17
9
4
8
5
6
9
11
14
13
32
17
14
13
1
0
2
12
6
9
3
0
4
-5
5
-3
-11
-5
-12
-12
-12
-7
-3
-5
4
-2
-2
6
-13
1
6
-3
6
-14
-19
-18
-26
-28
-21
-7
-9
-18
-13
-22
-19
-26
-29
-15
-18
-20
-19
-20
-20
-19
-9
-14
-30
-26
-22
-29
-42
-30
-34
-42
-31
-41
-28
-26
-31
-30
-37
-32
-36
-44
-19
-11
-12
-11
-4
6
1
-5
-8
-3
-2
-1
10
20
3
1
4
13
7
-6
-15
-7
0
8
22
4
10
22
34
35
34
29
41
36
20
20
4
13
2
2
4
10
10
7
23
25
37
42
38
47
55
58
48
44
56
50
54
48
49
46
36
34
25
35
24
15
5
2
-3
-9
-11
-18
-21
-26
-26
-35
-46
-41
-26
-24
-4
-9
-6
1
-1
12
-3
-5
-10
-17
-8
2
-3
-8
-4
4
-2
-1
-20
-32
-23
-31
-29
-14
-16
-8
-1
16
10
1
12
1
-11
-8
-7
-11
-10
-15
4
16
23
33
42
35
24
19
3
-9
-17
-21
-18
-9
-3
17
22
16
3
-17
-36
-48
-47
-64
-55
-37
-31
-25
-14
-14
-19
-11
-17
-19
-26
-33
-35
-51
-63
-83
-92
-94
-108
-105
-92
-74
-40
-24
-22
10
30
22
19
29
37
39
36
2
-3
-27
-53
-69
-85
-62
-7
71
136
209
253
229
144
-5
-227
-444
-620
-691
-604
-388
-42
335
690
941
1042
1000
798
498
148
-192
-444
-550
-514
-337
-96
168
382
492
494
382
197
-1
-168
-298
-374
-345
-266
-142
2
117
193
213
188
135
52
-46
-136
-194
-203
-194
-153
-76
1
94
179
213
217
149
71
-18
-95
-144
-180
-163
-101
-16
85
160
184
164
94
-18
-137
-218
-273
-268
-234
-183
-122
-61
-19
-43
-164
-331
-478
-529
-449
-320
-187
-31
197
459
664
722
629
450
280
146
35
-39
-53
31
167
314
410
422
347
189
2
-198
-370
-484
-535
-510
-435
-309
-159
-33
7
-31
-115
-227
-323
-384
-459
-507
-496
-388
-213
-18
145
188
225
265
252
188
35
-150
-287
-350
-303
-235
-177
-109
-24
65
112
104
18
-93
-215
-316
-340
-286
-217
-132
-13
68
148
183
162
94
-41
-141
-175
-138
-48
53
162
281
376
478
527
476
377
261
202
206
257
314
372
437
509
549
528
443
290
140
29
2
10
50
124
183
276
352
382
337
245
105
-6
-27
-15
50
115
193
308
456
595
667
652
570
486
404
343
297
220
159
123
130
159
157
105
31
-23
-74
-120
-170
-225
-293
-331
-310
-238
-153
-82
-26
9
58
138
216
257
262
250
251
282
289
245
119
-60
-250
-443
-651
-931
-1218
-1523
-1764
-1910
-2005
-2063
-2113
-2158
-2176
-2140
-2081
-2026
-1993
-1937
-1824
-1647
-1396
-1112
-842
-590
-329
-94
118
310
448
562
682
839
1035
1265
1448
1564
1634
1632
1585
1477
1304
1080
854
675
558
486
378
264
105
-59
-202
-365
-527
-707
-840
-857
-757
-589
-407
-237
-89
83
244
398
521
582
683
806
947
1122
1280
1421
1552
1659
1724
1734
1727
1676
1565
1418
1235
1073
965
903
799
701
632
616
672
672
550
358
228
206
257
264
226
238
368
575
743
773
708
670
700
778
797
734
725
787
885
947
912
812
761
787
783
766
701
605
529
357
-14
-567
-1212
-1874
-2451
-3015
-3612
-4051
-4286
-4388
-4405
-4503
-4725
-4876
-4904
-4855
-4786
-4727
-4505
-4019
-3363
-2675
-2084
-1623
-1146
-630
-165
167
392
682
1094
1587
2025
2326
2545
2752
2898
2934
2804
2558
2364
2249
2165
2011
1828
1661
1529
1425
1220
903
559
278
84
-161
-517
-910
-1206
-1424
-1620
-1801
-2124
-2313
-2249
-2155
-1965
-1800
-1699
-1406
-960
-580
-217
76
396
830
1289
1650
1879
2100
2317
2513
2586
2536
2433
2365
2308
2156
1963
1747
1582
1495
1389
1196
958
792
749
737
684
574
500
579
726
854
909
919
1043
1274
1492
1626
1694
1773
1915
2064
2106
2055
1957
1932
1959
1899
1805
1674
1553
1480
1310
1056
775
540
454
383
272
145
12
-96
-302
-771
-1478
-2335
-3209
-3947
-4612
-5228
-5690
-5912
-5921
-5856
-5877
-5983
-6137
-6246
-6216
-6114
-5895
-5452
-4745
-3838
-2899
-2039
-1311
-711
-229
153
466
789
1170
1701
2323
2878
3320
3625
3772
3743
3587
3327
3039
2821
2703
2647
2546
2370
2139
1827
1424
980
503
50
-270
-516
-724
-966
-1295
-1656
-2060
-2458
-2804
-3039
-3111
-2998
-2692
-2286
-1893
-1548
-1259
-1023
-781
-431
25
566
1264
2058
2828
3466
3850
3975
3872
3558
3136
2769
2402
2171
2137
2131
2137
2115
1970
1640
1173
632
176
-155
-299
-235
-19
265
605
924
1081
1123
1097
1040
1048
1179
1431
1794
2173
2539
2837
2971
3017
2998
2886
2737
2634
2593
2583
2519
2389
2177
1792
1417
1118
784
516
281
2
-344
-848
-1645
-2695
-3985
-5365
-6487
-7381
-7991
-8146
-8072
-7901
-7583
-7362
-7302
-7327
-7407
-7311
-6942
-6267
-5150
-3744
-2314
-944
261
1074
1580
1893
2028
2141
2387
2816
3430
4083
4618
4967
4937
4589
4074
3416
2710
2062
1586
1277
1091
958
770
411
-143
-743
-1342
-1894
-2258
-2429
-2471
-2370
-2189
-2031
-1946
-2040
-2219
-2376
-2514
-2406
-2000
-1489
-841
-91
547
1083
1487
1704
1858
1961
2101
2406
2771
3154
3544
3706
3579
3263
2737
2102
1449
834
395
148
61
169
312
322
215
34
-191
-314
-280
-122
176
618
1217
1869
2389
2700
2856
2840
2800
2859
3001
3185
3410
3663
3865
3941
3884
3683
3313
2883
2524
2228
2030
1910
1741
1461
1068
607
190
-146
-503
-784
-1018
-1310
-1650
-2157
-3045
-4217
-5509
-6765
-7659
-8206
-8404
-8275
-8071
-7822
-7435
-7180
-7119
-7001
-6839
-6426
-5565
-4333
-2889
-1410
-104
981
1813
2288
2512
2569
2555
2694
3115
3653
4182
4611
4722
4482
3928
3180
2351
1513
816
391
133
33
18
-169
-559
-1158
-1855
-2463
-2904
-3101
-2974
-2716
-2360
-1836
-1373
-1122
-1050
-1203
-1423
-1443
-1246
-803
-141
498
1204
1933
2351
2590
2666
2488
2351
2371
2467
2680
2947
3101
3110
2851
2318
1676
926
160
-424
-795
-969
-836
-548
-293
-184
-226
-295
-326
-255
-27
354
847
1560
2419
3184
3732
3995
4025
3945
3887
3963
4130
4304
4506
4738
4814
4658
4289
3647
2900
2251
1769
1528
1421
1346
1219
911
482
68
-384
-881
-1330
-1725
-2074
-2332
-2732
-3518
-4669
-6101
-7447
-8312
-8810
-8930
-8711
-8448
-8035
-7414
-6858
-6495
-6277
-6086
-5590
-4717
-3433
-1869
-333
980
2063
2910
3341
3460
3372
3093
2934
3040
3372
3808
4086
4025
3544
2739
1773
783
-182
-1035
-1609
-1828
-1788
-1639
-1539
-1743
-2206
-2639
-2913
-2969
-2769
-2364
-1781
-1033
-241
464
919
1035
960
874
850
993
1310
1598
1885
2194
2411
2501
2402
2094
1661
1255
972
881
964
988
893
739
444
109
-227
-643
-1116
-1424
-1463
-1231
-750
-229
217
580
901
1258
1661
1982
2261
2645
3134
3743
4427
4987
5230
5236
5132
4918
4684
4423
4098
3827
3616
3464
3364
3040
2478
1776
1039
412
85
-13
-121
-159
-203
-199
-115
-57
-205
-568
-1022
-1384
-1649
-2070
-2937
-4264
-5743
-7071
-7723
-7835
-7788
-7652
-7506
-7223
-6702
-6089
-5655
-5502
-5372
-4876
-3841
-2320
-749
554
1495
2140
2721
3140
3202
2855
2342
1910
1875
2266
2624
2579
1986
982
-35
-890
-1656
-2345
-3042
-3467
-3320
-2726
-2028
-1638
-1721
-2016
-2055
-1580
-694
252
1067
1788
2610
3513
4177
4323
3735
2695
1790
1262
1061
940
570
43
-298
-492
-497
-639
-1273
-1897
-2130
-1802
-967
-98
437
541
580
813
1017
1019
754
383
347
855
1654
2337
2571
2419
2364
2513
2763
3104
3183
3074
3219
3659
4156
4452
4307
3774
3220
2888
2827
2848
2675
2373
2218
2301
2453
2476
2138
1402
906
939
1361
1883
2096
1926
1627
1471
1467
1222
469
-454
-1190
-1636
-2198
-3744
-6557
-10043
-13100
-14303
-13524
-11760
-9594
-7704
-6247
-4615
-2880
-1586
-836
-304
714
2786
5563
8008
9148
8453
6448
4209
2051
-54
-2091
-4073
-5647
-6198
-5951
-5727
-6044
-7080
-8131
-8293
-7217
-5074
-2589
-286
1944
4198
6197
7537
7704
6832
5667
5031
5418
6211
6433
5666
3899
1610
-559
-2525
-4480
-6165
-7157
-6971
-5582
-3873
-2831
-2885
-3737
-4354
-3700
-1906
527
3067
5160
6869
8170
8568
7689
5619
3006
978
137
186
344
-161
-1503
-3198
-4624
-5588
-6108
-6100
-5238
-3240
-135
3350
6141
7643
7943
7712
7620
7893
8248
8403
8290
7956
7431
6380
4459
1759
-1070
-3159
-3870
-3337
-2321
-1481
-1174
-1094
-878
-489
63
492
968
1980
3477
5067
6209
6025
4714
3198
1764
600
-891
-3844
-8001
-12072
-15080
-15838
-14576
-12932
-11155
-9236
-7270
-4649
-1895
-200
657
1281
2342
4530
6978
8297
8237
6808
4559
2575
513
-2186
-5085
-7760
-9423
-9374
-8258
-7044
-6165
-5679
-4931
-3430
-1419
718
2581
4163
5956
7913
9434
9749
8299
5602
2725
500
-554
-829
-1298
-1904
-2484
-3127
-3580
-4264
-5397
-6170
-5858
-3998
-679
2774
5065
5905
5455
4212
2979
1779
536
-51
35
735
1903
2260
1165
-847
-3195
-4896
-5193
-4462
-3150
-1539
36
1447
2486
2741
2121
1224
768
1372
3043
4962
6427
7070
6781
6003
5115
4094
3051
2272
2106
2605
3345
3702
3272
1941
199
-1074
-1590
-1402
-609
302
1354
2620
3606
4352
4701
4316
3920
3974
4299
4858
5024
4240
2798
1184
-838
-3448
-7015
-12058
-16986
-20271
-20893
-18119
-13875
-9794
-5794
-2481
272
3182
5268
6068
6327
6727
7911
9305
9628
8148
4824
347
-3905
-7256
-10201
-12532
-13958
-14342
-12996
-10168
-7119
-4435
-2197
-109
2418
5290
8134
10327
11178
11146
10900
9914
7846
4698
356
-3987
-6964
-8431
-8322
-7553
-7057
-6212
-4965
-3554
-1893
-709
58
1322
3287
6099
9101
10867
10744
8856
5466
1103
-3336
-7247
-9996
-10490
-8912
-6244
-3036
-768
197
544
560
923
1728
2829
4236
5535
6378
6395
5084
2581
-513
-3224
-4577
-4441
-3074
-898
1514
3772
5623
6919
7416
7182
6729
6464
6556
6682
6441
5530
3819
1580
-643
-2575
-4169
-4956
-4714
-3494
-1163
1809
4555
6850
8367
8987
9094
8623
7585
6048
4328
2504
402
-2231
-6791
-13226
-19449
-24774
-26932
-23986
-18600
-12070
-4735
1583
6698
10680
12681
12518
10589
8557
7856
7713
7171
5549
1896
-3506
-8736
-13200
-17395
-20097
-20603
-19335
-15384
-8946
-2468
2820
6872
9508
11160
12308
13126
13243
12225
10812
9158
6637
3278
-1521
-7521
-12696
-16243
-17398
-15309
-11687
-7511
-2679
1809
5668
8499
9523
9258
8501
8127
8668
9292
9201
7883
4877
534
-4353
-9549
-14649
-18106
-18527
-15890
-10680
-3821
2458
6812
9473
10519
10207
9071
7566
5778
4106
3088
2128
498
-1667
-4383
-7279
-8813
-8525
-6765
-3597
382
4620
8719
11916
13758
13792
11880
9285
6793
4406
2525
910
-1022
-2832
-4022
-4661
-4826
-4461
-3572
-1957
788
4384
8163
11350
13160
13431
12583
10794
8377
5572
2451
-382
-2890
-5446
-8666
-13854
-20085
-25424
-28810
-27307
-20709
-12494
-3539
5485
12443
17177
19812
19312
15493
9818
4903
1870
-208
-1682
-3440
-7124
-11423
-14663
-17948
-20539
-20793
-19372
-15593
-8228
832
8926
14928
18261
18759
17141
14408
11133
7424
3502
428
-1575
-3433
-5555
-8958
-13169
-16204
-17576
-16026
-11050
-4886
1680
8252
13357
16706
17533
15328
11326
6749
2878
616
-611
-1403
-2521
-5044
-8049
-11028
-14688
-16921
-16342
-13600
-7620
714
8419
14484
17937
17673
14611
10258
5029
-448
-4600
-6895
-7848
-7673
-6631
-5700
-5736
-5648
-4240
-2308
545
4878
8977
12194
14839
15871
14578
11342
6925
2156
-2091
-4652
-5587
-5772
-5016
-3477
-2041
-453
1109
1900
2837
4359
6132
8686
11270
12391
12373
11381
9068
6384
3789
962
-1664
-4020
-6315
-9227
-14031
-19317
-23457
-26345
-24595
-17537
-9428
-689
8603
15319
19120
20862
19158
13683
6616
408
-3762
-6127
-7021
-7452
-9296
-11687
-13182
-15143
-16971
-16655
-15082
-11741
-4751
3952
11476
17087
19917
19324
16349
11886
6752
1640
-3123
-6152
-7413
-7920
-7940
-9091
-11103
-11980
-12048
-10235
-5521
-1
5671
11514
15917
18060
17667
14257
8640
2792
-2061
-5462
-7033
-7221
-6935
-7075
-7608
-8214
-9844
-11200
-10163
-7524
-2917
3901
10185
14445
16757
16186
12438
7073
1219
-4826
-9608
-11768
-11656
-10103
-7403
-3960
-1212
579
2638
4430
5546
7284
9309
10642
11527
11692
10344
7534
3954
161
-3216
-5585
-6515
-6060
-4518
-1886
1075
3439
5226
6123
6274
6715
7371
8103
9026
9492
9517
9255
8167
6149
3299
-344
-4559
-9715
-15949
-21750
-26089
-28227
-25339
-17544
-8840
10
8962
15321
18761
20489
19406
14779
8424
2646
-1818
-5150
-7122
-8804
-11641
-14179
-15363
-16657
-17509
-16355
-14080
-10441
-3636
5146
12851
18173
20843
20555
17437
12449
6755
740
-5030
-9054
-10516
-10285
-9780
-9949
-10448
-10531
-9928
-7567
-3321
1145
5783
10978
15287
17909
18211
15049
9146
2556
-3279
-7619
-10198
-11067
-10752
-9796
-7911
-5696
-4602
-4241
-3655
-2546
85
4252
8272
11307
12683
11523
8598
4689
-565
-6293
-10841
-13452
-13769
-11690
-7714
-3164
692
4047
7061
8920
9697
9946
9491
8565
7935
7419
6167
4193
1903
-689
-2971
-4224
-4618
-4467
-3505
-1559
1084
3896
6170
7491
7922
7682
7125
6944
7246
7512
7742
8009
7906
6981
4669
742
-5362
-14132
-22658
-28683
-32075
-29210
-20218
-10557
-305
10817
18415
21868
22998
20468
13753
5945
213
-3410
-5710
-6441
-7060
-9134
-11287
-12891
-15286
-17451
-17551
-16164
-12472
-4611
5270
13704
19792
23105
22798
18941
12728
5577
-1962
-8822
-12953
-13939
-12776
-10874
-9808
-8979
-7560
-6653
-4833
-1027
2387
5827
10642
14777
17190
17615
14455
8593
2367
-3569
-8548
-11571
-12675
-12312
-10653
-7698
-4457
-2769
-2327
-1711
-639
1468
4815
8107
10485
11538
10706
8356
4680
-724
-6920
-12049
-14966
-15054
-12534
-8270
-3189
1515
5494
8891
10852
10892
9773
8101
6624
6100
5854
5203
4236
2471
160
-1681
-3200
-4404
-4788
-4270
-2233
1065
4414
7390
9438
9972
9427
8845
8701
8341
7841
7822
7484
6015
3338
-2100
-10984
-20173
-27495
-32214
-30457
-22286
-12985
-2629
9094
17876
22686
24725
22382
15286
6858
291
-4169
-6782
-7438
-7678
-8750
-9747
-10645
-12953
-15689
-16697
-16251
-13397
-6148
3504
12235
19028
23404
24355
21314
15252
7716
-775
-8874
-14037
-15721
-15077
-13206
-11412
-9456
-7026
-5146
-2654
700
3013
5690
9714
12986
15176
15834
13316
8569
3429
-1799
-6801
-10597
-12867
-13697
-12769
-10277
-7106
-4490
-2477
165
3284
6317
9358
11568
12123
11149
9010
5916
1529
-3801
-8978
-13037
-14923
-14392
-12096
-8309
-3650
818
5063
8904
11239
11748
11209
10032
8450
7042
5602
3751
1886
129
-1526
-2707
-3444
-3898
-3899
-2969
-784
1975
4583
6817
8108
8563
8893
9185
9275
9156
8790
7526
5277
1657
-5501
-14998
-23156
-29811
-32548
-27565
-18844
-9674
2065
13768
21233
25383
26175
21326
12603
4347
-2033
-6949
-9726
-10416
-10743
-11017
-10633
-11065
-13198
-15161
-15733
-14761
-10345
-2011
7092
15039
21703
25690
25541
21331
14154
5123
-4499
-12308
-16603
-17632
-16370
-14504
-12137
-8406
-5236
-2955
427
3397
5146
8275
12069
14320
15357
14306
10519
5890
967
-4496
-9152
-12370
-14267
-14472
-12815
-9784
-6847
-4280
-789
3187
6768
10263
12867
13529
12732
10595
6793
2184
-2967
-8572
-12824
-14723
-14812
-13146
-9734
-5191
-423
3996
8176
11212
12107
11805
10960
9383
7713
6050
3914
1760
-164
-1850
-2958
-3587
-3931
-3759
-2745
-577
2302
4886
7168
8851
9590
10150
10398
10004
9418
7884
4916
332
-7485
-16771
-24495
-30651
-31921
-26251
-18420
-9304
2913
14091
21501
26438
27090
21869
13750
5955
-654
-5758
-8948
-10795
-12107
-12652
-12755
-13916
-15978
-17148
-17101
-15192
-9285
-204
8756
16390
22881
26819
26229
21572
14681
5741
-4153
-11632
-15694
-17213
-16933
-15944
-13539
-9767
-6673
-3280
954
3737
6356
10389
13727
15794
16438
14180
9976
5611
771
-4372
-8716
-12034
-14029
-14295
-12995
-10845
-8870
-6559
-2713
2048
6981
11680
14689
15390
14574
12129
7709
2087
-4186
-10391
-14698
-16178
-15493
-13103
-9261
-4789
-181
4481
8612
11208
12119
12233
11920
11193
10331
8948
6512
3535
710
-1716
-3742
-5182
-5860
-5641
-3965
-977
2481
5795
8584
10540
11604
12166
11983
10363
7548
2551
-5703
-14308
-21911
-28915
-30578
-26045
-20484
-12761
-1511
8205
15167
21109
23361
20392
14948
9429
4273
-256
-3547
-6062
-8638
-10732
-12108
-14125
-16721
-18310
-18851
-17855
-12895
-4420
4184
12026
19280
24026
24811
22407
17539
10142
1535
-5994
-11200
-13763
-15153
-16202
-14970
-12268
-10078
-6357
-1531
1519
4782
9241
12620
15194
16480
14729
11518
8169
3994
-377
-4236
-7599
-10163
-12012
-12720
-12405
-12744
-12154
-8384
-3288
2366
8987
14395
17015
17578
16282
12410
6161
-1179
-8332
-14054
-16900
-16972
-15449
-12188
-7525
-2950
1636
6585
10027
11157
11756
12464
12431
11903
11332
9893
7039
3947
1453
-1164
-3785
-5428
-6123
-5437
-2817
588
4157
7420
9462
11024
11899
10795
7896
1879
-6954
-14709
-21268
-25618
-24211
-20151
-15827
-8108
1146
8055
13655
17408
16949
13641
9907
6445
3341
527
-2042
-4184
-5960
-7861
-10279
-13369
-16297
-18116
-18578
-16161
-10167
-3156
3412
10473
16961
20232
20090
17938
13573
7010
694
-3837
-7110
-9738
-12083
-12855
-11717
-10951
-9566
-6188
-3493
-894
3724
8103
11380
14062
14416
12745
10726
7729
3590
-374
-3826
-6930
-9131
-9870
-9739
-9607
-8859
-6858
-4078
-525
3582
7127
9886
11738
11892
10660
8115
3700
-1443
-6100
-9876
-12101
-12664
-11821
-9624
-6445
-2596
1661
5334
7826
9462
10321
10421
10240
9808
8535
6866
5537
4113
2489
1159
-82
-1322
-1800
-968
847
2930
4854
6831
8505
8611
7079
3337
-3881
-11930
-18247
-22820
-22891
-18343
-13503
-7496
778
7229
11239
14194
13952
10534
6902
4127
2342
1366
215
-1277
-2615
-4392
-7183
-10631
-14240
-17064
-18210
-16830
-11986
-5178
886
6596
12386
15773
16080
14813
11834
7223
2646
-676
-2618
-4256
-6837
-9098
-9815
-10583
-10884
-8789
-6372
-4333
-75
5093
8990
12063
13347
12017
9711
7300
4460
1456
-1106
-2918
-4187
-4998
-5447
-6422
-7998
-8571
-7443
-5144
-1666
2540
6105
8909
11252
11967
10238
6695
1886
-3572
-8203
-10954
-12086
-11896
-10058
-6814
-2924
1022
4442
6794
8088
8876
9446
9776
9870
9414
8140
6759
5625
4000
2065
520
-921
-1897
-1366
485
2533
4305
6072
7431
7579
6164
1987
-4927
-11925
-18072
-21886
-20239
-15860
-11934
-5735
1818
6750
10383
13073
11964
8364
5358
3341
2307
1908
1035
-103
-1435
-3517
-6175
-9575
-13425
-16183
-17289
-15883
-10785
-4484
750
6103
11005
13307
13325
11829
8750
4843
1197
-992
-1387
-2155
-4443
-6092
-6823
-8505
-9603
-8667
-7833
-6685
-3042
1743
6006
9415
10944
10429
9193
7556
5177
2693
422
-1693
-3082
-3528
-3846
-4702
-5913
-6670
-6200
-4497
-1992
966
4008
6743
8792
9786
9365
6925
2734
-1623
-5328
-8419
-10276
-10595
-9826
-7886
-4738
-1174
2200
4834
6622
8165
9498
10443
11045
10945
10055
8886
7388
5557
3528
1320
-431
-1351
-1121
259
1840
3420
4905
5387
4503
1287
-4782
-11030
-16165
-19520
-17763
-12648
-8302
-2812
3601
7163
9203
10397
8202
4347
1585
141
624
2021
2497
2425
1410
-1169
-4310
-8276
-12900
-15919
-16814
-15083
-9708
-3315
1775
6314
9682
10623
9697
7545
4676
1866
-11
-101
1089
1516
-98
-2429
-4285
-6802
-9088
-9006
-8230
-7221
-3733
1072
5057
7870
8527
7309
5936
4470
2809
1933
1581
963
1016
1944
1725
-513
-3741
-7051
-9203
-8942
-6663
-3238
801
4534
7382
9418
9983
7665
3323
-744
-4258
-6823
-7455
-7033
-6497
-5584
-4204
-2592
-1282
-484
491
2164
4738
8146
11307
13258
13927
13202
11304
8941
6255
3084
362
-828
-530
740
2418
3841
4395
3756
1653
-2760
-8995
-14888
-19451
-20386
-15809
-9539
-3949
2408
7165
8879
10162
9941
6600
2926
639
61
1686
3576
4050
3366
906
-2829
-6434
-10636
-14756
-16846
-16749
-13386
-6885
-737
3841
7504
9193
8973
8098
6559
4222
1944
1067
1902
2928
2346
-260
-3643
-6938
-9969
-10927
-9662
-8509
-6458
-2011
2571
5931
7767
7060
5009
3411
2564
2528
2846
2667
2063
1715
1951
1528
-631
-3202
-5082
-5904
-4790
-2111
477
2345
3462
4037
4549
4086
2126
-55
-1935
-3340
-3519
-3249
-3541
-3725
-3783
-3719
-2632
-1229
-492
587
2697
5349
7986
9883
10509
9934
8710
7655
6986
6006
4399
2912
2304
2331
2845
3394
3094
2611
1508
-2155
-6826
-11445
-17385
-20383
-17295
-13002
-8543
-1826
3404
5925
8576
9902
8326
5475
2939
2252
3423
4784
5872
5688
3286
129
-3466
-8027
-12224
-15560
-17585
-15950
-11088
-6067
-1681
2215
4703
5594
6047
6578
6457
5547
5350
6876
8369
7350
4272
676
-4153
-9064
-10761
-10499
-10490
-8942
-5462
-1881
1146
2538
1690
165
-976
-945
1028
3860
6244
7914
9141
9936
8938
5556
1496
-2256
-5234
-5983
-4791
-3358
-2165
-1404
-990
-484
-556
-1665
-2601
-2461
-1644
-263
1502
2488
2056
1141
740
576
155
-209
-128
701
2573
4877
6504
7163
6883
6184
6119
6527
6534
5905
4705
3704
3507
3175
2662
2360
1612
917
-215
-3205
-6936
-11758
-16872
-17136
-14040
-11874
-7986
-2951
-570
1616
4877
5994
4727
3099
2765
4009
5471
6807
7336
5704
3222
958
-2130
-5848
-9419
-12533
-13726
-12037
-9130
-6833
-4921
-2823
-1088
249
2130
4038
4842
5573
7685
10298
11087
9089
5899
2274
-2403
-5791
-6452
-7273
-8447
-7389
-5154
-3984
-3622
-3908
-5262
-6018
-4272
-1146
2201
5907
8529
9718
11096
11451
9138
5834
2916
403
-948
-980
-896
-1647
-3052
-4101
-4438
-4678
-4951
-4628
-3599
-1940
285
1996
2483
2131
1209
527
980
1576
1789
2638
3627
4620
6118
6750
6251
5960
5706
5580
6521
7405
7200
6630
5932
4836
3504
1982
-202
-3381
-6962
-10522
-14033
-15988
-15470
-13753
-10911
-6585
-2819
-402
2011
3861
4228
4021
4129
4449
4895
5684
6394
5871
4038
1658
-1071
-3991
-6482
-8274
-9554
-9786
-8677
-7153
-5815
-4415
-3486
-3161
-2325
-809
793
2521
4449
6497
8104
8327
7500
5982
3194
202
-1368
-2424
-3786
-4356
-4083
-4135
-4427
-4571
-5027
-5690
-5416
-3673
-1223
1323
3622
5127
5835
6074
5659
4726
3883
3298
3105
3470
3792
3486
2372
661
-1101
-2738
-4024
-4510
-4223
-3385
-2088
-784
42
150
-384
-853
-896
-458
709
2343
3897
5347
6453
6815
6773
6550
6161
6163
6608
7068
7565
7768
7418
6511
4871
2836
521
-2417
-5405
-8380
-11674
-13830
-14461
-14294
-12991
-10809
-8510
-6257
-3456
-275
1999
3536
5043
5916
6359
7150
7458
6642
5132
3325
1440
-675
-2675
-4440
-6353
-7564
-7660
-7419
-6865
-6040
-5600
-5230
-4195
-3001
-2003
-675
901
2415
3856
4969
5403
4751
3373
2300
1463
572
-59
-381
-483
-776
-1291
-1670
-2716
-4262
-4784
-4424
-3668
-2241
-610
746
1882
2635
2924
2879
2690
2554
2897
3951
4962
5331
5321
4752
3384
1850
344
-1181
-2340
-2928
-2884
-2493
-2361
-2413
-2441
-2529
-2234
-1493
-617
591
1966
3345
4987
6267
6649
6799
6789
6361
6168
6287
6192
5937
5713
5259
4633
3899
2786
1798
769
-891
-2418
-4178
-6945
-9204
-11007
-13002
-13305
-12023
-10645
-8157
-4871
-2753
-1008
916
1909
2547
3548
4446
5226
5941
6343
6059
4765
3009
1100
-1269
-3260
-4462
-5561
-6013
-5647
-5417
-5459
-5429
-5359
-5239
-4574
-3175
-1674
-205
1424
2557
3073
3413
3095
2424
2125
1725
1590
2013
2140
2008
1689
520
-973
-2036
-3037
-3702
-3502
-2961
-2310
-1283
-170
479
601
676
869
1127
1789
2768
3604
4356
4941
5002
4651
3921
2818
1756
1098
622
63
-357
-773
-1467
-1976
-2246
-2569
-2378
-1785
-1192
-94
1125
1931
2840
3655
3957
4232
4498
4667
4931
5182
5274
5214
4884
4174
3407
2681
1832
1136
770
188
-640
-1369
-2557
-3958
-4955
-6137
-7103
-7321
-7609
-7490
-6671
-6176
-5526
-4536
-3834
-2857
-1527
-354
956
2209
3068
3723
4025
3874
3387
2646
1822
950
51
-815
-1692
-2683
-3680
-4415
-5077
-5576
-5644
-5345
-4703
-3722
-2486
-1335
-584
113
768
1008
1442
2059
2200
2249
2331
2141
1816
1299
622
-72
-792
-1232
-1253
-1047
-843
-613
-122
370
725
1266
1745
1938
2239
2617
2890
3063
3026
2754
2413
2118
1745
1382
1111
856
710
643
594
615
399
107
114
28
-154
-76
114
352
869
1510
1965
2192
2261
2279
2319
2466
2620
2622
2585
2677
2665
2465
2246
1834
1248
791
373
-57
-457
-968
-1519
-1995
-2470
-3008
-3575
-4009
-4305
-4553
-4512
-4199
-3865
-3403
-2779
-2164
-1713
-1451
-1237
-985
-714
-370
137
513
718
1068
1391
1362
1084
537
-285
-1078
-1647
-2020
-2394
-2667
-2699
-2648
-2509
-2232
-2138
-2216
-2063
-1731
-1284
-726
-68
529
912
1372
1799
1731
1397
1007
446
-3
-279
-523
-639
-771
-864
-668
-432
-216
218
696
1202
1946
2660
3104
3429
3572
3522
3410
3200
2806
2280
1809
1394
992
689
370
-86
-499
-771
-964
-941
-762
-593
-250
76
262
577
775
710
783
954
1069
1335
1606
1676
1790
1979
2021
2106
2191
1877
1499
1170
631
83
-495
-1162
-1617
-1965
-2288
-2269
-2233
-2294
-2122
-1944
-1891
-1711
-1460
-1135
-583
-5
545
1035
1216
1069
713
194
-391
-852
-1147
-1234
-1018
-755
-517
-244
-162
-287
-368
-477
-709
-909
-1042
-1136
-1141
-1158
-1238
-1391
-1767
-2111
-2252
-2350
-2273
-1903
-1443
-864
-111
568
1083
1328
1259
1035
690
302
12
-215
-354
-358
-348
-271
-53
152
303
469
665
859
1042
1304
1676
1910
2015
2104
1999
1686
1252
871
620
307
89
58
-98
-264
-179
-139
-192
-136
-92
-95
78
390
591
741
928
1027
964
880
808
510
243
284
343
475
793
868
787
753
472
18
-361
-760
-1115
-1198
-1015
-828
-751
-748
-816
-925
-1070
-1071
-937
-771
-415
191
797
1346
1635
1546
1357
920
373
-23
-459
-812
-864
-877
-751
-429
-346
-302
-146
-126
-161
-92
19
136
203
342
513
385
163
-105
-609
-1034
-1381
-1664
-1654
-1542
-1258
-828
-527
-217
8
19
66
47
-111
-81
115
257
429
577
487
338
186
64
39
4
117
368
552
788
941
866
851
618
350
231
-98
-228
-187
-332
-276
-235
-382
-476
-688
-834
-920
-989
-764
-457
-120
285
688
1000
1053
904
709
488
330
441
615
667
716
627
369
129
-329
-915
-1143
-1337
-1312
-831
-572
-226
98
-39
-64
-101
-429
-377
-145
59
588
965
1255
1525
1302
892
539
-181
-788
-918
-1111
-1018
-686
-333
-22
20
111
195
1
150
495
500
895
1118
1137
1281
979
746
377
-219
-453
-718
-1116
-975
-905
-993
-449
-300
-179
246
252
252
475
376
203
359
108
122
242
216
341
436
524
330
447
307
257
508
360
559
519
190
268
143
-282
-291
-513
-737
-656
-775
-519
-609
-673
-535
-852
-696
-698
-706
-229
-77
239
709
414
538
555
-189
107
-131
-600
-164
-353
-294
-177
-419
-413
-855
-1072
-983
-1218
-983
-687
-508
-13
37
339
436
174
391
117
33
273
130
333
519
526
596
533
302
199
-49
-274
-257
-429
-453
-383
-336
-287
-153
11
85
215
352
432
506
484
612
727
750
1017
1076
733
629
201
-322
-451
-740
-854
-845
-649
-363
-342
4
5
-230
0
-26
109
375
516
910
1013
1205
1374
1032
796
553
179
52
144
165
177
313
340
31
-24
-126
-603
-646
-520
-745
-407
-77
-388
-104
-178
-641
-435
-595
-536
-234
-136
315
442
573
777
541
471
83
-326
-402
-842
-731
-692
-936
-596
-809
-956
-708
-1088
-1115
-815
-879
-708
-70
-79
142
732
508
462
597
231
191
317
200
252
281
345
264
365
461
173
115
-10
-365
-562
-488
-712
-589
-272
-468
27
100
-47
411
210
11
490
339
470
1197
1050
1013
1210
651
104
-1
-535
-1094
-830
-1141
-1116
-562
-675
-401
33
-220
42
397
93
836
1017
1000
1650
1405
1223
1304
733
448
341
-182
-185
-431
-663
-441
-900
-621
-623
-979
-359
-506
-441
274
91
382
752
491
686
563
298
180
4
-196
-127
-129
-93
-13
32
81
-180
103
-282
-206
105
-577
66
-370
-721
-164
-797
-814
-496
-1104
-999
-691
-1071
-409
-560
-158
112
-131
813
331
617
888
423
602
522
495
312
451
68
69
-143
-305
-263
-504
-423
-605
-305
-282
-110
211
161
362
498
389
577
628
266
806
462
450
915
72
533
63
-261
-292
-698
-534
-849
-503
-280
-275
45
72
25
44
100
40
164
179
305
322
599
715
466
744
360
92
85
-266
-368
-308
-411
-337
-277
-343
-227
-429
-301
-243
-489
-4
-266
37
373
101
551
266
105
227
-103
-2
90
105
51
280
137
-36
78
-120
-457
-262
-436
-760
-45
-635
-408
130
-684
10
-332
-598
-290
-665
-221
-288
-99
156
-44
240
314
-10
133
53
-199
175
283
338
668
523
443
485
227
180
120
-68
-56
-267
17
-254
-98
116
-414
170
-50
-46
555
265
599
750
589
875
701
549
456
70
-10
-543
-387
-547
-972
-174
-704
-382
105
-335
334
253
164
624
249
397
655
281
545
480
48
169
-192
-166
-199
-412
-424
-511
-511
-508
-189
-231
-146
82
-43
116
101
-11
-4
8
-60
105
17
27
167
-115
97
7
-152
-9
30
-15
140
75
-112
-29
-267
-307
-321
-383
-470
-460
-287
-495
-179
-241
-339
53
-251
95
199
-58
376
41
9
364
-196
66
125
-391
132
-35
-124
351
-16
273
411
271
571
454
462
396
388
267
38
-70
-348
-361
-448
-237
-292
-89
8
68
405
207
580
490
269
667
366
386
488
21
-40
-228
-557
-425
-621
-648
-434
-574
-290
-82
-6
72
409
272
352
653
269
421
269
180
-55
-74
-109
-662
-170
-559
-577
-304
-478
-399
-149
-181
-205
349
-87
235
513
0
411
138
-114
40
-177
-164
-182
-52
-185
-63
116
-169
232
75
-80
353
-171
183
-45
-46
-61
-406
-44
-518
-578
-335
-610
-445
-247
-81
-278
188
49
-47
447
34
366
359
128
312
228
-46
175
-58
-265
-7
-71
-67
255
291
244
375
429
183
325
181
-38
140
-42
-62
104
-153
74
-19
30
197
32
284
276
222
536
327
158
459
-88
-20
170
-356
-82
-74
-529
-28
-199
-400
209
-221
12
326
-33
391
219
115
246
-92
-40
-37
-270
106
-91
-183
8
-244
-310
-170
-360
-241
-279
-24
-147
204
230
42
329
-110
-102
-224
-416
-436
-138
-406
-35
264
-175
464
201
-141
277
-325
-78
-81
-135
156
-119
-87
-32
-463
-404
-220
-731
-300
-162
-447
154
57
31
320
254
158
350
236
60
383
-84
-131
75
-443
-263
10
-347
-56
207
-226
360
246
-110
466
2
-14
189
162
15
204
330
-89
296
66
72
83
167
179
33
389
51
264
216
62
174
-41
-125
-82
-30
-440
46
-165
-483
150
-97
-35
231
549
102
549
646
9
467
263
-142
127
228
-353
266
132
-482
219
-475
-501
-196
-502
-187
-151
213
-1
303
394
-129
307
-84
-339
36
-322
-243
53
-107
-156
180
-131
-125
69
-235
-48
-239
90
-76
-274
378
-430
-306
153
-913
-126
-304
-748
193
-596
75
111
-256
553
-42
399
339
117
448
-208
159
-119
-345
-57
-279
-273
-13
-199
-109
140
-455
262
-118
-58
599
-34
606
318
270
474
91
328
100
174
33
30
66
-113
-142
-49
-152
-289
172
-151
-110
168
-74
62
-43
124
-7
-291
384
-197
-59
558
-143
364
470
-8
456
81
6
322
-142
329
318
20
425
191
-169
265
-275
-185
-2
-396
162
-101
27
363
-227
66
56
-419
75
-66
-106
122
34
91
-24
-51
34
-101
11
15
-87
41
-258
-118
-175
-549
-104
-451
-451
-87
-609
-325
-474
-676
-201
-479
-43
156
112
380
266
409
172
157
250
-30
82
127
-71
17
-136
-174
34
-206
37
60
-162
102
65
113
363
268
434
523
259
547
262
-71
274
-79
-94
237
-37
-41
-61
-230
-330
-237
-299
-235
-90
-99
15
-65
-36
-69
-140
88
94
135
258
143
74
67
41
42
96
188
239
243
277
117
92
-24
-83
58
-40
3
189
-116
-62
56
-336
-116
-139
-218
66
117
92
207
94
45
7
84
101
55
194
56
48
47
-69
-97
-87
-87
-23
-1
9
-68
-92
-251
-238
-217
-323
-235
-300
-296
-237
-165
-112
-75
27
16
81
104
-26
123
-24
-21
133
29
119
123
-71
-73
-208
-246
-236
-177
-54
15
207
258
287
418
284
390
407
352
400
293
367
139
264
163
0
103
-149
-124
-137
-203
-136
-69
-37
62
140
126
196
171
150
170
140
92
70
-46
-172
-202
-346
-294
-281
-212
-99
-138
-36
-168
-192
-186
-167
-64
-11
72
-44
-92
-203
-426
-470
-483
-568
-412
-345
-369
-319
-319
-357
-246
-113
-16
153
247
265
212
213
121
78
152
133
274
326
391
464
417
418
458
493
448
559
569
482
548
520
414
429
402
350
354
356
224
50
29
-195
-164
18
-2
129
193
126
-44
8
-157
-210
0
-74
198
284
324
316
173
57
-157
-79
-143
-71
-34
-251
-331
-627
-810
-976
-1022
-1143
-1228
-1218
-1487
-1504
-1601
-1792
-1641
-1525
-1445
-1194
-1097
-1132
-1112
-1020
-941
-758
-441
-252
-48
146
252
318
461
559
734
1008
1150
1443
1472
1493
1544
1413
1460
1394
1362
1313
1143
986
787
666
544
497
508
454
472
483
514
519
629
715
725
908
1067
1262
1461
1652
1739
1842
1919
2110
2270
2378
2617
2686
2750
2715
2573
1936
1204
563
-349
-537
-546
-1049
-1353
-2258
-3444
-4187
-4743
-4870
-4832
-4808
-4876
-4935
-4892
-4894
-4694
-4491
-4218
-3558
-2833
-1993
-1321
-1060
-908
-664
-152
606
1568
2179
2430
2504
2334
2400
2616
2883
3111
3282
3275
3081
2872
2430
1893
1506
1367
1250
1271
1084
436
-194
-941
-1498
-1620
-1693
-1751
-1923
-2267
-2645
-2882
-3056
-3023
-2807
-2633
-2257
-1891
-1578
-1307
-1083
-768
-361
291
965
1589
1996
2190
2265
2295
2369
2499
2474
2482
2396
2117
1937
1623
1310
1022
718
575
517
451
405
355
143
18
116
233
671
983
1315
1579
1717
2024
2271
2668
3040
3301
3601
3848
3895
3930
3350
2437
1638
599
93
158
-350
-1044
-2035
-3652
-4726
-5337
-5498
-5369
-5541
-5858
-6306
-6608
-6509
-6190
-5669
-5123
-4367
-3637
-2905
-2168
-1873
-1652
-1133
-381
682
1868
2561
2779
2606
2427
2609
3134
3772
4104
4155
3916
3366
2964
2684
2327
2177
2033
1756
1525
942
184
-598
-1156
-1557
-1636
-1534
-1789
-2164
-2686
-3294
-3428
-3361
-3225
-2675
-2471
-2422
-2153
-2041
-1755
-1179
-614
99
827
1220
1579
1825
1995
2268
2578
3015
3114
3024
2776
2329
2036
1743
1588
1509
1282
932
583
194
-146
-283
-299
-130
-4
26
111
296
558
996
1582
2101
2588
2957
3412
3875
4218
4511
4745
5019
5110
5063
4468
3191
1937
619
-18
199
-159
-1063
-2361
-4402
-5962
-6520
-6521
-6303
-6355
-6944
-7514
-7760
-7727
-7263
-6624
-6079
-5402
-4578
-3744
-3040
-2652
-2359
-1674
-452
924
2226
3003
2956
2699
2719
3243
4172
4847
5097
4769
4235
3534
3127
3138
2971
2743
2471
2043
1301
605
-152
-738
-972
-1165
-1181
-1425
-2003
-2768
-3343
-3435
-3367
-2980
-2751
-2759
-2749
-2877
-2625
-2085
-1592
-1107
-634
-219
158
533
961
1356
1700
2029
2479
2757
2749
2511
2119
1934
1793
1849
1936
1680
1169
507
113
-36
-33
82
6
-116
-295
-260
99
503
803
1084
1442
1892
2442
3002
3501
3876
4218
4623
5099
5403
5394
5317
5220
5080
4909
4224
2905
1553
81
-747
-655
-1035
-2076
-3510
-5473
-6951
-7355
-7117
-6833
-7029
-7829
-8684
-8908
-8634
-7844
-6901
-6287
-5756
-5175
-4490
-3534
-2720
-1956
-909
297
1586
2636
3209
3375
3259
3413
4073
4849
5263
5047
4424
3737
3188
3099
3274
3249
2809
2204
1589
947
497
64
-404
-701
-1014
-1414
-1564
-1975
-2447
-2631
-2611
-2325
-2063
-2046
-2090
-2214
-2256
-1853
-1289
-711
-376
-238
-92
33
170
412
738
1007
1186
1370
1435
1348
1150
1063
1169
1344
1527
1339
1051
611
90
15
217
393
472
462
219
50
90
235
590
976
1211
1432
1668
1799
2129
2581
3123
3737
4018
4112
4126
4020
4085
4420
4663
4666
4553
4261
4032
3844
3226
2085
690
-690
-1639
-1655
-1646
-2443
-3812
-5700
-7342
-7812
-7404
-6969
-7054
-7904
-8934
-9211
-8491
-7200
-5944
-5182
-4955
-4665
-3981
-3008
-1942
-1180
-525
402
1328
2190
2832
2879
2741
2993
3531
4366
4903
4631
4004
3352
3026
3120
3459
3483
2943
2239
1575
1122
912
720
391
42
-358
-791
-1033
-1344
-1630
-1777
-1773
-1613
-1529
-1647
-1844
-1937
-1933
-1654
-1201
-942
-926
-1070
-1129
-868
-502
-171
134
97
-59
-53
57
413
662
770
766
745
742
712
817
872
742
653
611
622
710
747
787
841
860
927
1092
1229
1303
1311
1376
1624
1916
2170
2376
2461
2509
2641
2936
3336
3572
3715
3757
3754
3837
3810
3746
3667
3463
3203
2914
2254
982
-290
-1381
-2072
-1897
-1943
-2706
-3919
-5643
-7024
-7254
-6723
-6175
-6170
-6909
-7868
-8293
-7901
-6814
-5582
-4806
-4465
-4240
-3894
-3110
-2114
-1186
-157
802
1577
2248
2695
2893
3102
3465
4129
4734
4971
4701
4136
3702
3535
3727
4001
3963
3338
2520
1829
1331
1210
1134
835
344
-329
-998
-1449
-1634
-1838
-2028
-2184
-2433
-2708
-2853
-2865
-2757
-2453
-2189
-1891
-1633
-1594
-1498
-1281
-1028
-634
-260
2
161
241
336
466
747
967
1066
1187
1174
1143
1148
1205
1264
1327
1303
1254
1193
1008
885
741
694
661
670
728
735
702
574
559
666
866
1144
1416
1519
1430
1443
1569
1887
2400
2690
2857
2921
2914
3054
3398
3699
3679
3550
3396
3235
3164
2928
2115
889
-384
-1352
-1592
-1495
-1945
-3093
-4690
-6322
-7037
-6700
-6001
-5703
-6281
-7260
-7897
-7740
-6766
-5494
-4694
-4456
-4394
-4150
-3368
-2254
-1308
-469
306
1013
1760
2505
2930
3088
3333
3768
4442
4973
5029
4684
4142
3769
3683
3744
3733
3252
2430
1775
1359
1066
901
589
31
-534
-1074
-1457
-1665
-1910
-2233
-2507
-2663
-2817
-2951
-3014
-3043
-2950
-2743
-2369
-1961
-1756
-1621
-1476
-1149
-622
-82
364
634
688
656
870
1227
1401
1409
1269
1118
1116
1256
1450
1517
1382
1069
860
868
849
736
581
327
108
39
85
138
96
-46
-133
16
268
532
774
941
1110
1318
1648
2025
2305
2477
2618
2774
2966
3139
3339
3584
3715
3805
3809
3696
3647
3663
3659
3576
2954
1649
389
-706
-1243
-1054
-1299
-2259
-3737
-5585
-6822
-6832
-6298
-5924
-6100
-6933
-7803
-7913
-7220
-6051
-4897
-4340
-4167
-3916
-3444
-2631
-1702
-859
-47
795
1562
2196
2592
2679
2792
3167
3834
4489
4760
4550
4022
3464
3201
3234
3405
3347
2855
2157
1390
645
186
-118
-395
-582
-996
-1499
-1912
-2318
-2512
-2512
-2354
-2254
-2346
-2525
-2723
-2665
-2342
-1787
-1187
-832
-763
-811
-774
-510
-49
432
790
892
841
732
788
983
1055
1116
1073
913
785
702
673
596
522
440
466
532
526
419
200
33
-116
-60
111
158
122
3
3
210
573
985
1271
1432
1482
1622
1959
2340
2773
3116
3349
3569
3689
3767
3901
4002
4033
4078
3978
3701
3414
3194
3070
2998
2701
1805
465
-794
-1836
-2196
-2122
-2479
-3372
-4730
-6195
-7004
-6901
-6503
-6232
-6364
-6930
-7328
-7217
-6599
-5641
-4764
-4187
-3680
-3152
-2685
-2046
-1426
-852
-55
797
1554
2098
2264
2240
2349
2767
3378
3900
4072
3775
3296
2984
2918
3055
3200
3032
2593
2093
1574
1102
745
401
27
-291
-610
-954
-1312
-1673
-1947
-2028
-1977
-1928
-1959
-2134
-2301
-2301
-2093
-1663
-1216
-945
-860
-851
-767
-532
-125
264
535
657
636
582
673
759
738
813
816
725
658
591
479
396
378
353
491
602
579
494
384
294
270
432
604
702
699
613
626
800
1044
1344
1612
1658
1614
1620
1750
2009
2306
2564
2760
2847
2831
2873
2981
3017
3045
3156
3208
3208
3146
2852
2564
2355
2198
2141
1960
1181
-70
-1299
-2286
-2532
-2340
-2511
-3196
-4481
-6050
-6904
-6758
-6241
-5777
-5789
-6387
-6929
-6978
-6450
-5490
-4606
-4030
-3583
-3118
-2546
-1942
-1384
-813
-115
725
1620
2329
2597
2476
2360
2656
3334
4019
4333
4170
3627
3073
2880
3033
3246
3155
2740
2255
1694
1174
800
391
-20
-320
-613
-842
-1143
-1651
-2101
-2379
-2381
-2209
-2038
-1983
-2164
-2356
-2363
-2073
-1604
-1200
-905
-746
-640
-475
-265
-19
207
341
479
720
922
991
959
903
917
1027
1168
1200
1042
708
442
410
551
704
732
589
325
137
89
186
385
440
459
504
556
722
927
1138
1332
1506
1628
1820
1989
2064
2210
2347
2501
2609
2623
2629
2600
2609
2670
2720
2744
2665
2548
2426
2212
2028
1934
1816
1779
1640
1046
131
-909
-1893
-2277
-2202
-2313
-2710
-3620
-4974
-5922
-6147
-5919
-5477
-5305
-5603
-5970
-6156
-5954
-5336
-4651
-4052
-3485
-2899
-2347
-1852
-1494
-1170
-703
64
1068
1936
2369
2347
2165
2197
2618
3243
3814
3968
3714
3349
3007
2855
2898
2816
2618
2493
2173
1705
1227
546
-85
-407
-563
-581
-644
-1066
-1654
-2158
-2461
-2433
-2125
-1879
-1797
-1874
-2066
-2118
-2039
-1844
-1517
-1170
-864
-654
-560
-548
-551
-402
-54
457
949
1152
1075
865
724
862
1188
1523
1668
1524
1234
978
875
906
966
933
848
715
577
487
397
314
260
357
512
684
772
742
729
768
993
1358
1648
1788
1850
1871
1947
2137
2297
2392
2463
2425
2449
2509
2489
2367
2255
2182
2138
2216
2159
1871
1517
1184
951
912
841
442
-296
-1206
-2090
-2553
-2674
-2904
-3237
-3869
-4779
-5434
-5720
-5821
-5751
-5693
-5774
-5707
-5493
-5206
-4823
-4477
-4068
-3441
-2667
-1858
-1167
-771
-549
-178
457
1281
2110
2655
2762
2662
2609
2758
3074
3390
3511
3430
3234
2862
2499
2193
1822
1562
1465
1291
1050
653
2
-565
-922
-1141
-1105
-1049
-1211
-1435
-1724
-1955
-2006
-1959
-1814
-1616
-1454
-1340
-1289
-1285
-1228
-1134
-893
-491
-99
195
352
382
431
599
885
1279
1639
1753
1689
1569
1423
1398
1430
1457
1453
1283
1013
774
554
345
245
201
208
239
233
224
154
61
31
158
372
598
816
940
1011
1027
1090
1256
1459
1696
1876
1989
2014
1920
1800
1734
1736
1779
1806
1739
1571
1355
1126
954
908
844
772
756
701
592
440
180
-69
-201
-279
-319
-443
-820
-1448
-1985
-2395
-2627
-2681
-2856
-3137
-3442
-3778
-3929
-3926
-3953
-3947
-3893
-3736
-3439
-3116
-2895
-2770
-2663
-2434
-1946
-1321
-797
-484
-357
-249
-10
395
847
1199
1421
1458
1462
1543
1548
1535
1541
1519
1544
1568
1497
1339
1099
837
670
673
684
593
497
272
46
-62
-164
-220
-280
-404
-512
-556
-603
-667
-672
-642
-613
-483
-373
-295
-154
-48
77
294
467
568
705
785
891
1092
1209
1276
1281
1148
1036
994
953
907
821
702
552
403
275
173
108
51
-33
-96
-131
-207
-226
-182
-131
-40
62
147
220
327
453
649
848
984
1112
1215
1323
1422
1526
1631
1622
1612
1598
1498
1437
1364
1248
1148
1053
881
727
590
381
244
157
-8
-144
-252
-446
-541
-646
-800
-818
-880
-930
-906
-942
-1013
-1103
-1201
-1200
-1155
-1085
-1007
-1065
-1132
-1233
-1398
-1464
-1469
-1501
-1487
-1447
-1548
-1607
-1696
-1796
-1778
-1815
-1772
-1653
-1617
-1560
-1459
-1436
-1394
-1277
-1199
-1034
-828
-690
-534
-418
-377
-266
-95
43
259
432
506
610
688
794
886
979
1075
1086
1141
1187
1147
1058
967
860
833
817
805
783
610
474
337
208
170
145
97
108
149
70
115
76
-79
-82
-105
-37
133
273
340
339
307
209
287
398
432
578
641
636
666
596
490
439
394
480
567
627
582
412
374
272
386
597
568
726
689
557
678
717
727
837
842
848
933
963
961
862
861
708
606
709
577
499
442
236
128
93
-66
-200
-203
-439
-472
-400
-569
-493
-502
-677
-629
-644
-675
-635
-561
-512
-524
-471
-584
-578
-545
-652
-422
-418
-482
-214
-493
-505
-406
-716
-502
-379
-500
-254
-390
-663
-566
-784
-771
-475
-566
-511
-497
-698
-719
-688
-694
-699
-686
-678
-723
-659
-625
-772
-654
-723
-747
-351
-470
-365
-239
-560
-309
-233
-227
141
118
202
362
278
417
449
268
386
374
411
600
503
448
331
177
192
232
234
255
174
109
174
72
162
150
47
140
47
264
270
233
432
139
269
371
158
591
565
404
947
550
508
896
241
610
836
444
941
741
557
573
416
414
388
534
536
576
605
470
321
365
235
275
568
374
491
450
-7
42
-5
-303
-50
-99
-304
-39
-500
-471
-466
-962
-418
-607
-527
-171
-554
-324
-533
-529
-316
-387
-88
-58
-168
172
-63
-144
238
-280
103
348
-176
514
177
-195
206
-311
-318
7
-297
-239
-98
-502
-351
-610
-640
-457
-748
-317
-527
-591
-322
-683
-493
-415
-646
-439
-426
-462
-243
-236
-303
-290
-250
-71
-158
215
316
61
490
350
242
693
350
365
829
302
583
900
121
651
516
-47
636
336
22
552
125
-94
315
-364
-240
-37
-551
-51
-285
-495
-372
-605
-595
-603
-281
-439
-486
-211
-536
-316
-121
-262
-56
-76
0
258
221
461
414
215
441
351
414
769
539
456
716
279
332
821
-1
456
565
-264
594
187
-212
440
-200
-280
265
-363
-155
96
-561
-149
-179
-586
-150
-271
-380
-62
-114
-281
103
-160
-223
179
-140
-19
251
123
-6
427
78
44
541
-145
232
494
-134
525
258
-99
381
-88
-125
197
-198
-46
15
-413
-90
-315
-427
-120
-261
-358
26
-307
-394
242
-438
-135
328
-522
234
239
-226
450
139
-25
251
214
-29
508
319
-7
643
46
125
424
59
178
360
103
258
328
-40
229
9
18
148
163
72
43
194
-308
31
-53
-321
25
-300
-249
-282
-397
-450
-393
-531
-520
-456
-596
-473
-612
-502
-546
-451
-414
-301
-325
-208
-5
-273
15
86
-227
282
221
8
485
66
253
272
209
352
293
353
217
320
210
263
71
190
52
-31
305
-164
112
-28
-132
-109
12
-101
-248
145
-437
98
-113
-171
25
-262
-57
-303
-44
-195
-104
-86
-224
-184
-148
-245
-153
-85
-175
64
-220
137
68
-113
343
-8
27
363
6
144
471
2
299
377
-1
306
370
-15
436
431
-89
618
235
113
691
232
368
422
376
308
518
345
383
231
346
283
174
500
-69
385
-48
27
158
-166
170
-217
115
-237
-188
-63
-441
-173
-293
-242
-240
-290
-182
-422
-436
-114
-626
-158
-68
-672
102
-446
-518
72
-489
-265
214
-468
-17
19
-234
-70
106
64
-76
543
-218
209
181
-189
360
-78
257
-50
163
-35
-39
164
-274
112
-43
-148
-1
-75
-209
-59
-212
-143
22
-382
110
-270
-260
134
-374
-12
-60
-142
23
-8
56
-28
67
83
-3
335
-83
326
143
-25
423
-67
253
111
77
98
137
138
-3
123
-47
-100
76
-116
-136
187
-347
35
114
-501
338
-212
-273
448
-363
267
183
-51
222
233
77
316
317
62
394
174
283
261
152
225
66
118
277
-22
209
64
9
185
34
66
83
-26
-9
81
16
67
-73
-24
-214
-140
-14
-206
-118
-95
-323
-207
-116
-387
-1
-90
-421
293
-414
-63
134
-368
171
-121
74
5
116
58
29
70
68
179
3
353
-14
220
129
47
197
-44
175
-80
87
-39
-2
-149
-113
-136
-214
-4
-229
1
-227
-159
-147
-375
-124
-273
-336
-40
-329
-175
-112
-359
-177
-258
-175
-289
52
-171
-111
43
-208
-21
-23
89
-108
319
-193
212
175
-215
607
-293
398
124
74
382
19
400
11
212
162
-17
264
91
-87
345
-221
82
104
-341
210
-172
-56
194
-158
40
64
-189
66
45
-12
209
56
172
62
138
72
85
229
-25
467
-111
356
109
-36
236
-26
67
108
226
-31
257
81
-126
57
113
-291
312
-2
-390
465
-371
-234
369
-646
118
29
-456
358
-306
-45
15
-220
3
-13
-9
-23
143
-33
31
153
-49
188
7
151
166
43
267
-87
277
-86
172
128
-87
223
-65
-168
50
-183
-273
106
-353
-120
0
-447
-30
-245
-411
-28
-314
-175
-113
-116
-342
50
-343
-196
113
-475
282
-267
52
26
-72
83
-112
281
-218
322
33
0
260
51
119
198
89
-28
279
-101
107
177
-103
94
110
-69
-82
260
-393
88
76
-413
364
-272
42
-3
-116
-122
75
-169
109
25
-116
245
-249
291
-102
146
31
181
14
153
153
11
242
88
122
74
236
-137
264
2
75
185
133
-12
193
99
-161
315
-125
70
166
13
69
135
64
-131
269
-227
168
66
-144
308
-301
283
-227
117
25
-161
170
-243
38
-67
4
-67
105
-209
98
-114
-73
168
-258
101
-25
-267
197
-199
-137
144
-398
57
-161
-187
-40
-137
-221
-81
-100
-296
113
-321
-5
-112
-109
-56
-49
-75
-111
76
-273
200
-185
27
123
-139
63
45
-77
29
120
-168
180
-58
7
201
-142
297
-100
161
107
-172
422
-259
243
182
-208
310
-97
-152
235
-297
-21
146
-447
235
-175
-232
208
-338
19
77
-272
156
39
-235
356
-66
-34
370
-221
196
209
-74
286
162
-1
325
97
110
225
41
161
10
281
-109
191
131
-278
290
-227
-78
78
-110
-176
168
-218
-127
225
-449
213
-177
-102
104
-200
70
-164
40
-89
-28
-13
-118
-93
1
-211
192
-118
-99
312
-395
316
25
-169
355
-64
-9
386
-214
213
228
-282
414
-96
-15
172
-123
-58
89
-101
-36
57
-220
-82
-125
-149
-67
-88
-99
-157
-47
-175
-156
28
-254
-13
-8
-155
73
-14
-83
16
47
-177
103
4
-202
295
-198
11
94
-193
40
-53
-28
-103
128
-163
129
-67
11
32
-164
164
-210
118
16
-34
27
101
-149
149
89
-159
365
-161
121
216
-77
268
24
131
115
48
115
113
30
192
34
53
209
-121
159
33
-152
190
-31
-65
199
-157
38
-13
-126
63
-176
117
-116
-55
103
-199
94
-106
-49
-74
54
-77
1
66
-186
151
-131
-1
102
-113
78
94
-180
232
-84
55
165
-90
154
-103
166
-136
141
17
-34
234
-136
191
-47
-82
189
-248
170
-17
-50
138
-62
15
-45
-31
-116
75
-148
67
-30
-70
-20
-80
-60
-198
151
-321
66
-26
-261
111
-224
8
-149
7
-169
-57
82
-276
194
-130
-38
69
-98
0
30
-42
10
102
-137
210
-87
-34
182
-194
154
-36
5
83
-33
48
28
-87
98
-26
-78
148
-116
20
35
-2
-66
138
-76
7
76
-97
77
39
-38
95
-14
-12
68
-37
49
-15
12
-46
51
3
13
53
2
-96
56
-14
-65
161
-95
76
7
-70
48
-78
26
0
-35
21
62
-49
60
42
-99
107
6
-14
196
18
47
229
-93
199
102
-48
256
22
89
175
46
-5
165
-121
74
84
-123
181
-190
129
-173
-49
86
-335
233
-219
-64
28
-161
-81
-7
-128
-87
76
-273
122
-153
-153
140
-215
19
123
-278
170
-43
-215
329
-302
109
146
-302
332
-146
-28
212
-209
188
-1
-84
226
-189
167
82
-211
381
-319
116
130
-391
320
-206
-90
163
-210
-49
127
-303
65
46
-358
345
-229
-56
215
-267
82
44
-118
74
43
-86
44
29
-26
57
51
5
24
71
-48
4
137
-141
124
83
-208
231
-107
-64
168
-131
72
70
-39
30
89
-103
62
98
-113
168
49
-87
168
42
-169
324
-144
7
304
-263
215
149
-197
281
7
-24
261
-61
69
107
50
3
164
-16
21
160
-111
51
-32
-24
-42
8
-22
-96
73
-197
2
-78
-148
14
-121
-130
57
-182
-99
69
-354
104
-102
-215
135
-127
-89
74
-124
2
89
-85
121
-28
105
-10
121
23
7
202
-137
193
-8
-27
91
23
-44
117
5
-118
174
-202
55
-19
-99
50
-80
-28
-14
-48
-54
42
-109
94
-70
20
35
-86
73
-9
-103
164
-89
-36
178
-263
144
-77
-55
93
-116
83
-59
-32
43
-75
-11
111
-130
119
-39
-74
73
-146
97
-105
31
0
-91
67
-57
-36
17
-9
-45
92
-36
13
76
-46
42
52
-2
-5
124
-140
114
59
-155
233
-175
40
44
-48
4
29
-5
-128
136
-217
54
1
-185
146
-192
-18
22
-200
62
-127
-22
-2
-52
4
-27
-16
-13
48
-62
139
-85
50
98
-119
198
-114
87
64
-67
227
-127
121
78
-34
104
83
26
50
210
-129
224
48
-37
172
45
3
114
50
-113
208
-134
88
-1
-44
53
-121
94
-124
11
-5
-65
-15
43
-94
20
63
-124
101
-40
-1
66
-42
44
-28
24
15
-63
42
-3
-94
85
-51
-81
103
-61
-108
134
-105
-155
258
-332
125
92
-322
252
-168
-154
165
-235
-8
119
-231
154
-43
-101
162
-133
-8
103
-112
126
97
-100
190
-69
-7
102
-74
72
22
-14
5
-4
-27
11
-59
-1
-58
-61
95
-243
111
-45
-239
249
-266
-84
164
-375
97
-17
-292
208
-209
-78
51
-173
14
-22
-33
-45
132
-131
165
1
-66
215
-156
145
56
9
53
123
-66
96
93
-100
166
-44
31
43
32
4
77
8
-29
64
-63
38
-11
-13
41
-30
24
20
-23
21
-1
-38
54
2
41
65
2
78
-36
60
33
-38
184
-52
54
171
-203
215
-53
-116
272
-225
134
49
-139
116
-74
-53
91
-128
52
29
-135
127
-106
-28
62
-51
-19
86
-109
12
46
-133
135
-68
33
28
-42
79
-64
60
8
-37
76
-14
48
36
9
21
5
24
5
0
0
35
-68
57
-44
-26
48
-106
30
-30
-72
59
-89
4
4
-65
3
-52
7
-64
-6
-32
-52
-11
-12
-58
7
-22
-71
63
-84
61
-40
-10
49
-38
59
-24
10
-3
40
-15
26
28
-36
86
-59
55
-7
-44
80
-59
6
42
-26
-23
78
-81
-23
84
-125
19
51
-124
81
7
-84
99
-49
-45
67
-46
14
97
-69
90
43
-64
117
-51
25
60
-16
27
38
-18
2
25
-63
43
-37
-17
37
-36
27
-16
8
-65
30
2
-105
121
-97
-34
74
-78
-21
12
-31
-87
149
-143
40
87
-149
156
-29
-34
95
20
-40
124
-38
9
115
-92
112
-2
-17
78
-55
16
14
-30
-10
49
-82
26
-28
-73
16
-19
-33
20
15
-78
59
-31
-23
30
-20
-20
16
25
-43
-16
24
-97
5
-9
-130
77
-105
-22
-3
-99
20
-95
-54
-22
-57
-33
14
-99
-12
3
-129
43
-35
-85
78
-34
-51
123
-88
-3
111
-136
135
-3
-42
148
-48
8
94
-72
48
35
-41
58
15
34
-6
68
-23
66
3
38
29
-10
99
-53
110
-31
40
49
-62
73
-75
1
2
21
-19
20
6
-111
90
-131
40
3
-80
159
-144
83
-6
-110
73
-51
-15
31
31
5
22
13
-11
12
38
-24
56
24
-1
90
-1
27
46
-34
49
-15
4
60
-50
79
-34
-15
65
-104
62
-12
-107
130
-103
26
68
-139
96
-63
-1
17
-34
33
-15
-3
30
-13
-23
60
-58
19
19
-57
60
-25
-22
71
-95
49
-1
-102
96
-116
-5
72
-142
84
-38
-122
109
-159
-63
93
-199
99
6
-138
115
-110
2
5
-42
42
-9
57
8
35
56
-16
24
44
-26
101
2
26
86
-57
66
28
-35
74
5
-14
89
-67
41
40
-70
62
-8
-44
14
-3
-50
18
-19
-45
17
4
-62
40
-16
-70
80
-54
-23
87
-54
20
88
-107
87
33
-100
137
-58
42
72
-27
71
-1
19
17
18
26
32
18
66
2
23
41
-63
56
-35
16
50
-75
65
-38
-74
76
-111
-20
65
-114
67
-6
-86
59
-43
-59
53
-82
-6
45
-94
27
-19
-45
-45
-1
-51
-57
42
-63
-13
14
-37
-19
25
-43
-9
-14
7
10
-22
51
-22
21
4
-23
-15
-13
6
-21
27
-11
2
2
-47
-4
-26
-46
9
0
5
20
21
-17
13
5
-56
30
-7
-15
51
2
29
-2
0
-5
-44
14
-29
1
51
17
11
63
-18
-21
55
-63
35
28
4
67
19
29
17
-15
-3
-4
-21
21
31
14
36
11
24
-8
-24
12
-48
34
12
4
49
16
20
-21
-3
-28
-3
-41
53
-3
37
101
-70
86
-35
-44
32
-41
38
38
27
48
15
-1
-8
-44
-31
6
-17
46
25
16
52
-14
-14
9
-51
-9
26
-20
68
3
11
30
-44
-21
-37
-50
4
-5
-7
35
-25
25
-36
-37
-32
-53
14
-9
8
46
-7
26
2
-32
33
-35
5
19
-12
41
15
25
10
-16
-12
-46
-30
-16
-24
4
27
-25
29
-24
-58
-14
-86
-22
-7
-8
32
14
-11
-6
-32
-55
9
-38
24
41
-8
76
2
8
27
-14
19
5
15
30
12
59
8
9
27
-30
3
-21
-15
-15
2
23
-6
8
-2
-10
-39
-2
-47
-14
18
-21
41
-6
30
-12
-15
9
-39
17
2
13
62
20
49
35
-26
55
-32
9
29
11
55
22
40
23
7
-27
12
-49
16
-8
3
42
-27
45
-30
-6
-15
-26
-11
5
7
2
40
-38
28
4
-34
26
-62
9
-3
-27
27
-27
34
0
-14
23
-51
-3
-1
-38
26
10
4
30
-22
-5
-9
-64
4
-26
-19
28
-30
22
-4
-39
0
-52
-24
-6
-54
16
-20
0
5
-40
13
-59
-16
-23
-26
-10
3
-7
10
16
-22
26
-39
8
10
-29
48
11
1
58
1
15
29
-6
-8
19
3
-13
41
4
25
22
-9
5
-4
-15
-16
5
-3
15
20
4
0
-14
-20
-10
-8
-4
-14
3
5
-19
21
-1
-8
27
-16
17
-15
4
20
-10
48
30
28
47
7
-6
32
-48
20
35
-14
46
34
3
15
4
-58
-11
-23
-20
15
17
18
32
24
-19
-16
-31
-27
-17
18
3
42
61
4
37
-26
-55
6
-53
2
29
13
78
23
16
-10
-47
-38
-40
-30
-11
27
42
21
26
-28
-27
-47
-74
-33
-30
0
46
50
5
39
-29
-70
-50
-69
-45
0
22
35
57
-1
-18
-66
-85
-72
-65
-30
26
32
44
43
-26
-37
-48
-88
-72
-14
-12
50
66
28
52
-36
-48
-60
-99
-48
3
10
66
81
13
47
-65
-88
-73
-107
-10
-4
72
82
49
22
-32
-66
-104
-57
-63
19
69
78
102
44
16
-40
-65
-64
-39
7
66
87
118
86
24
11
-73
-60
-58
-48
51
48
94
94
4
12
-87
-102
-79
-75
-5
42
71
83
47
3
-29
-76
-90
-58
-7
34
78
105
78
58
-3
-55
-62
-58
-8
8
72
101
91
85
10
-34
-66
-70
-49
-25
48
70
78
70
12
-22
-76
-77
-82
-32
1
46
80
44
60
-23
-37
-70
-82
-50
-29
36
33
81
46
18
-18
-87
-67
-92
-38
9
9
79
58
25
-9
-59
-77
-89
-46
-33
9
83
27
50
18
-65
-33
-101
-71
-24
-18
36
54
30
43
-25
-60
-39
-95
-46
-16
8
55
58
31
24
-15
-57
-59
-49
-32
13
45
42
64
38
-4
-18
-53
-55
-23
-20
22
63
60
38
30
2
-48
-47
-46
-26
-4
44
39
54
45
-18
-11
-65
-60
-29
-10
22
55
49
48
38
-31
-2
-59
-26
-2
6
62
42
65
36
9
-11
-24
-39
-21
-3
17
54
20
56
21
-14
-7
-64
-26
-27
-25
44
13
37
54
-23
1
-34
-59
-17
-13
1
43
47
33
39
-8
-20
-25
-24
-22
1
25
27
45
27
12
-7
-27
-44
-20
-19
1
27
14
43
19
7
-22
-26
-28
-16
-1
11
37
19
45
9
-9
-14
-31
-24
-19
-8
-8
43
16
-2
12
-30
-33
-25
-46
-18
18
5
19
21
9
2
-34
-29
-29
-4
-4
6
28
28
22
0
-9
-17
-9
-26
8
13
11
36
18
6
3
-15
-18
-12
-19
5
-1
21
19
1
-6
-19
-14
-20
-12
-20
-1
6
11
7
-2
-3
-19
-7
-16
-2
-11
-1
17
5
8
6
-6
-12
-7
-17
-5
2
-3
12
18
-2
1
-8
-19
-12
-7
9
-8
11
7
4
7
-22
-6
-8
-1
5
-4
3
22
-6
12
6
-31
17
-12
1
8
-1
3
4
8
-9
-5
-17
6
-11
7
13
2
16
-6
2
12
-2
6
21
1
28
26
6
27
3
5
16
0
17
8
17
9
13
20
-10
-2
6
-6
-2
9
-6
27
1
3
18
-24
11
-7
-11
17
0
20
26
-2
10
2
-8
2
-3
12
19
17
16
18
4
3
-1
-2
-3
8
11
13
23
-1
13
8
-19
8
-16
-6
18
-5
23
6
16
8
-8
-2
-15
-5
-3
-3
18
15
11
13
-11
-16
-16
-19
-17
1
-10
11
21
-1
-2
-28
-22
-17
-42
0
-7
-3
36
-17
10
-12
-38
-16
-39
-24
8
14
3
22
8
-10
-19
-29
-22
-26
5
5
15
31
-7
6
-12
-36
-26
-25
-11
-14
9
15
13
5
-17
-11
-50
-22
-19
-10
20
8
34
12
-4
-4
-21
-41
-17
-9
5
38
6
27
20
-18
-16
-21
-25
-18
11
11
22
35
7
3
-14
-26
-23
-22
-6
0
20
27
13
15
-12
-17
-28
-23
-9
-18
30
19
22
24
-12
4
-20
-36
-18
-7
10
32
11
23
16
-1
-17
-27
-13
-22
3
24
26
27
32
-5
-1
-10
-32
-9
-6
14
28
24
23
20
-9
-17
-28
-32
6
-5
15
28
16
19
-2
-13
-20
-17
-24
8
6
16
28
9
19
-9
-9
-21
-16
-8
-1
22
11
25
24
-1
-7
-14
-29
-1
-11
-5
23
18
15
3
-11
-21
-16
-23
-21
4
3
16
19
-2
3
-7
-11
-25
-9
-6
8
12
9
27
-8
3
-3
-23
-8
-18
-8
21
10
12
17
-7
-2
-12
-24
-5
-15
6
17
10
23
1
-2
-7
-17
-7
-12
-6
12
23
10
16
5
-9
-5
-21
-8
-12
3
21
18
18
3
-6
-2
-10
-22
-9
6
15
21
21
8
7
9
-10
-9
5
2
14
27
15
29
18
4
5
-5
-7
-5
16
9
13
20
10
15
-5
-15
-11
-8
-7
5
10
18
10
5
-1
-11
-11
-17
-11
4
17
3
22
0
2
5
-20
-8
-18
12
3
5
28
-6
13
7
-27
-7
-11
-10
6
4
6
4
4
-6
-13
-16
-20
-7
-5
0
-1
6
-2
-8
-1
-17
-16
-2
-6
-3
-4
-3
15
-7
-6
-6
-11
-4
-13
-7
0
6
-4
6
0
-14
-9
-8
-9
-7
7
-4
4
0
-3
0
-17
-1
-5
3
6
-1
5
-3
-1
-3
-6
3
-2
2
-3
-5
5
-8
-5
-3
-11
2
0
-4
1
-8
-5
9
-12
-10
6
-2
4
7
5
-4
13
0
-11
13
-6
9
16
3
13
8
1
5
-4
4
-3
-3
19
7
1
8
7
-8
-2
-1
-7
2
0
5
17
4
2
8
-12
2
-6
1
-5
12
12
6
18
-13
7
-13
-19
4
-8
3
7
8
11
-3
-16
-1
-15
-15
-2
-8
19
2
3
4
-10
-3
-17
-18
1
0
0
10
3
14
-3
-12
-5
-18
-6
0
2
15
5
2
15
-9
-13
-11
-13
-4
2
6
14
7
3
-4
-8
-9
-15
-8
-5
6
14
17
4
-2
1
-3
-18
-16
2
6
6
14
18
2
-1
-15
-9
-6
-14
-1
14
13
8
11
-4
-3
-9
-15
-8
-5
6
8
9
7
6
3
-11
-16
-4
-5
-3
9
12
11
14
3
-7
-6
-14
2
-7
-7
15
9
15
3
-4
-3
-18
-10
-7
-2
0
16
11
10
4
-10
6
-18
-12
1
4
15
7
7
5
8
-6
-13
-11
-9
2
1
10
9
6
8
-8
-7
-12
-16
-2
-4
8
10
13
1
-13
-5
-7
-15
-11
-2
2
12
4
7
-4
-8
0
-7
-15
-11
8
10
2
2
4
12
-12
-19
-3
-10
-1
9
1
13
4
-1
4
-16
-4
1
0
0
6
7
8
5
-6
2
-1
-8
-1
-6
6
5
9
2
0
6
-10
-1
-3
1
8
5
8
8
-2
3
7
-5
0
6
-2
10
7
3
9
1
5
6
0
-4
2
10
7
9
3
5
-1
2
3
-1
2
1
10
4
5
-1
4
3
1
2
-1
7
1
4
8
4
8
-8
-1
6
-6
2
7
6
8
-4
-6
2
-5
-5
3
11
2
7
2
0
2
-11
0
0
10
4
-5
11
7
3
-4
-8
3
1
-7
4
5
15
1
0
5
-12
-3
-8
2
6
3
10
6
3
-5
-4
-10
3
-1
5
6
0
21
0
-1
2
0
-6
-5
4
9
9
8
9
5
0
-11
-7
-1
1
1
15
8
3
5
-2
-4
-12
4
2
3
6
5
15
10
-8
1
-2
-10
5
-2
7
11
7
11
3
-5
-7
-2
2
1
3
8
5
8
7
-2
-4
-2
-3
0
-2
2
6
11
8
-1
6
-7
-8
5
-5
3
13
9
5
4
-1
-8
-2
-4
0
4
4
4
4
0
-4
1
-5
-11
-7
-1
5
4
-4
3
5
-7
-10
-11
-5
3
5
-2
4
6
-6
-8
-4
-4
-6
3
7
-3
3
-5
-2
1
-10
-5
-3
-2
-5
4
-5
-4
2
-2
-10
-11
-1
-4
3
0
3
0
-6
-1
-3
-5
-4
3
4
2
-4
0
0
-1
-6
-4
-2
-1
-2
-1
2
2
0
-6
-4
-2
-4
-2
3
2
3
3
2
-2
-6
-6
5
7
-4
0
8
4
7
-2
-5
1
6
0
-9
10
4
6
2
0
1
0
-12
-5
12
-4
4
4
3
11
-8
-2
1
1
5
-2
1
6
7
4
6
1
-5
-2
2
-1
3
-4
8
17
1
-3
-6
-1
1
-5
2
3
2
13
0
-4
-2
-2
2
-2
-3
-1
5
5
3
5
2
-6
-3
3
-6
0
3
-1
11
7
-9
-2
-2
-4
-2
-3
-3
-1
3
1
-3
1
0
-9
-1
-11
-3
8
-10
4
6
3
-1
