5
6
3
1
-3
-2
-4
-5
1
-2
1
4
2
3
1
0
-2
1
-3
-3
0
-6
-2
-5
-5
0
-3
-4
-9
-5
-8
-10
-9
-3
-2
-2
-2
-3
-2
-4
-3
0
7
6
2
1
0
0
3
4
4
4
5
4
2
4
4
5
8
6
11
11
7
6
4
7
5
5
4
6
3
2
5
3
3
4
5
4
4
1
-2
-1
-2
2
2
4
6
4
0
0
1
-2
3
0
0
2
0
3
0
-1
-2
-2
-2
-2
-2
0
-6
-6
-3
-8
-8
-5
-3
-4
0
2
3
7
2
4
10
4
-2
0
0
1
7
8
2
3
3
2
1
-1
0
1
0
-3
0
-1
-5
-3
-4
-4
-11
-9
-8
-9
-5
-4
-6
-4
-2
-2
-4
-2
-2
-2
1
3
3
5
8
5
6
4
4
7
3
6
7
4
5
2
-2
0
-3
-7
-3
-1
0
-5
0
5
0
0
1
0
-2
-5
-4
-6
-7
-2
-8
-8
-4
-4
-4
-3
1
0
-3
-3
3
3
5
5
5
5
3
6
6
7
6
4
2
1
3
2
0
0
-2
-2
-9
-5
-3
-4
-2
-3
2
1
0
-3
-4
3
4
-1
0
-1
-3
4
0
1
0
1
-1
-3
-4
1
3
-1
2
1
-2
0
5
5
5
5
3
1
2
0
1
3
0
3
1
3
3
3
0
-1
2
5
0
-2
1
-2
0
3
1
-1
-1
2
4
4
-1
-1
2
0
4
3
-1
1
0
-1
-2
2
-1
-5
-2
-4
0
2
1
2
3
-2
0
-4
-9
-3
-3
-2
-3
-4
-5
-4
-4
-6
-6
-2
-1
-3
0
1
2
5
6
4
1
3
4
1
0
0
1
5
8
5
4
9
9
2
6
3
4
6
2
2
0
-4
-1
0
-6
-2
1
-4
-3
1
-1
-1
-4
-5
-7
-5
-5
-3
2
2
3
6
4
1
6
0
-3
1
4
5
8
5
3
2
-1
1
-1
1
1
-1
3
5
-1
1
2
1
0
-3
1
4
2
5
4
4
3
-2
-1
1
-4
-5
-3
-5
-1
0
2
3
0
1
2
-4
-5
1
-2
-2
1
0
3
-1
-4
-2
-1
-3
-4
-2
-4
-1
0
-3
0
-4
-3
-4
-2
1
-3
-1
3
6
4
1
0
-1
-1
-7
-1
5
3
1
3
3
0
4
4
0
-2
-5
-3
0
2
-5
-2
-4
-7
-5
-4
0
-2
0
0
0
2
-1
1
-3
-4
-4
0
0
-6
-2
3
2
-3
4
8
8
2
3
1
1
7
2
9
6
3
7
5
6
5
3
4
1
-2
3
-2
-3
-3
-3
-4
-2
3
1
2
3
5
9
6
3
2
5
2
1
4
2
3
3
2
3
-5
-3
-2
4
1
-4
0
-2
-2
-4
1
-1
-1
-4
-4
0
0
-1
3
2
4
4
-1
-4
-2
-2
-4
0
-6
-5
1
-3
-4
-4
0
-2
1
0
0
5
4
1
4
7
6
4
6
6
3
-1
5
3
0
-2
-7
-3
-5
-1
-3
-2
3
2
4
3
3
-1
-2
-5
0
0
0
0
2
1
0
0
1
6
3
5
2
4
4
0
1
-2
0
2
6
1
-1
0
0
4
1
-2
-3
2
0
1
0
2
-1
-3
2
-1
-3
-6
-2
-2
-4
-1
3
3
-2
-2
2
3
1
1
2
-2
-4
-1
1
3
-2
-2
0
0
-1
2
3
3
-2
4
5
4
1
2
6
-3
1
4
1
3
1
5
6
-1
0
3
1
-3
-6
-1
-1
-2
0
-4
-2
-5
-4
-1
-2
-3
-8
-4
0
-4
-7
-7
-1
2
0
3
4
3
2
0
1
3
-1
2
3
3
3
7
10
2
7
8
7
5
6
8
8
8
7
4
0
-1
-3
0
1
-2
-3
-1
-2
-4
-7
0
-5
-7
-3
-1
0
0
6
4
1
1
0
-2
-5
-3
-1
-6
-5
0
-3
-4
-3
-2
0
2
3
3
-1
2
7
1
-1
5
0
-2
-1
-2
0
2
3
1
3
-1
0
2
-1
-1
-7
-2
-1
-6
-4
-4
-3
-6
-2
0
-1
-6
-4
-1
-7
-11
-8
-8
-4
-6
-5
0
-2
-2
-1
3
-2
-3
-3
4
5
-2
0
5
5
1
5
7
4
-6
7
10
-3
-1
11
16
0
2
14
10
-2
5
13
0
1
3
4
4
0
0
0
7
0
-9
-4
2
-8
-20
5
7
-23
-12
13
2
-30
-8
19
-18
-38
1
6
-47
-37
34
14
-89
8
124
-1
-76
33
82
-24
-42
53
40
-43
-8
64
11
-54
15
66
-15
-38
32
43
-27
-32
35
24
-34
-6
31
3
-22
6
20
-20
-24
6
8
-27
-23
13
-7
-35
-6
-6
-10
-10
-17
-7
-7
-9
-24
0
11
-22
-10
8
11
-18
-6
14
4
-15
5
34
-5
-9
17
19
-2
-9
15
19
-5
-7
15
8
-20
1
18
-6
-12
5
2
-12
12
-12
-16
4
0
-3
4
-4
6
7
-6
17
-8
-6
6
-2
1
-8
14
-13
-15
15
-3
-16
-10
10
-5
-20
2
15
-9
-21
6
19
-27
-15
18
-4
11
-11
2
4
2
11
-14
24
-13
14
27
-16
6
1
35
-8
-29
16
26
18
-43
-5
41
6
-33
-7
27
3
-8
0
7
-11
12
18
-16
-25
5
5
20
17
-86
11
79
-28
-71
-16
62
10
-92
-20
147
-105
-89
142
9
-99
-33
139
2
-145
52
114
-59
-102
96
100
-114
-28
39
89
-29
-118
94
22
-59
46
-6
-69
30
45
-73
62
-37
-93
141
0
-192
124
107
-177
-12
91
80
-160
-75
195
49
-217
2
209
-89
-138
127
69
-176
34
122
-91
-26
32
73
-136
33
122
-94
-102
142
103
-239
14
206
-30
-199
104
139
-107
-65
69
61
-58
-94
69
137
-142
-149
187
145
-268
-49
255
-85
-102
29
92
-68
-62
125
-47
-45
48
-14
-51
61
73
-136
-70
221
-14
-198
54
138
-8
-95
-92
142
108
-120
-138
190
43
-174
76
14
62
-133
-46
186
24
-185
-67
247
64
-184
-168
253
114
-239
18
46
40
5
-80
90
-28
-79
64
97
-69
-96
70
-17
24
69
-75
-95
89
6
13
58
-120
-126
175
163
-186
-123
118
-14
-59
255
-185
-257
257
59
101
-291
-175
494
55
-566
77
610
-225
-531
204
494
-72
-638
133
794
-513
-631
890
290
-1104
218
603
216
-585
-645
948
390
-715
-251
442
120
-52
-303
-107
782
-346
-787
784
336
-645
-138
322
427
-702
-103
698
-93
-718
111
1013
-474
-786
238
982
-256
-1211
801
698
-993
41
377
194
-203
-502
330
211
377
-676
-321
498
565
-214
-1238
878
766
-908
-249
665
-81
-365
163
64
361
-580
-231
785
-103
-436
-67
439
-70
-191
86
-256
309
296
-444
-60
-182
276
896
-893
-925
871
1197
-1213
-807
1315
-36
-392
-761
1216
366
-1648
565
530
477
-1128
-340
1251
-105
-636
-397
683
890
-1188
-776
906
1388
-1268
-1215
1206
590
-422
-802
747
91
-560
144
394
91
-731
2
907
-266
-821
481
459
13
-976
140
1390
-1094
-346
612
-130
414
-628
-8
262
-253
843
-571
-832
989
-61
-69
-287
441
-132
-1037
1490
-119
-841
359
134
-131
-87
432
-273
-408
494
133
-225
-518
579
625
-1159
-306
1434
-196
-1347
1088
62
-601
237
538
-469
-556
539
338
267
-1457
86
1852
-1082
-1027
1439
300
-1596
141
1639
-394
-1527
702
864
-311
-796
-5
1343
-371
-1512
786
1240
-534
-1264
589
897
-548
73
-615
334
1054
-959
-746
1015
998
-1725
-578
1679
719
-1677
-597
1328
525
-685
-1107
1205
284
-904
129
573
275
-1066
219
717
-611
398
-17
-704
632
236
-539
-17
423
20
-445
-423
1595
-744
-1045
1199
-652
852
-374
-713
627
-375
687
191
-1315
-48
1474
-118
-1118
150
-55
707
474
-1973
781
1061
-715
-150
-379
11
1100
-24
-1320
107
845
92
-927
498
406
-541
182
-642
236
1143
388
-2296
-119
2206
-135
-1537
378
1087
-1472
369
504
776
-389
-2301
1068
2278
-458
-2351
35
1918
721
-1841
-970
1413
1320
-1874
-360
2411
-2016
-135
308
1390
-357
-1811
1179
-169
475
167
-433
-511
-51
278
1493
-743
-1719
869
821
155
-531
92
-796
-230
1564
-20
-945
62
-7
-325
1819
-1290
-1256
1777
-412
-699
648
32
159
-952
-635
2346
578
-2706
-952
2494
703
-967
-1882
1411
1815
-1718
-987
1349
210
-1475
1668
532
-1424
-636
1066
502
-1047
198
509
-695
46
843
49
-376
-902
590
840
-990
-471
1502
-456
-1437
1684
214
-1914
938
1238
-739
-1311
435
1708
-1798
664
697
-1100
-716
1926
-183
-1701
1000
500
-787
783
-10
-1498
1704
-90
-1057
-396
1275
749
-1442
-886
2144
-46
-2648
2288
586
-921
-498
-1476
1551
2225
-1128
-3262
1534
3196
-1706
-1891
1256
805
-1136
64
285
-763
3
771
86
1007
54
-2410
-790
3429
400
-2830
-61
1169
-129
-721
1430
-100
-639
-319
599
294
-483
-1031
190
1841
-425
-90
-1633
-44
2132
187
-1328
-1498
1771
1328
-1308
-1285
1155
706
-1523
359
1517
-111
-1923
-129
1508
1030
-865
-2289
1303
1679
-1367
-402
-521
1468
29
-1714
1836
976
-615
-3235
914
2887
-1152
-1187
199
1378
256
-1727
-526
2120
428
-1098
-1067
1394
-74
-723
-615
1007
1436
-1852
-251
249
560
119
-741
-596
342
2191
359
-3490
-425
2090
-411
131
201
-134
-260
-169
1119
352
-1350
-420
849
87
-856
1035
-505
-1096
1693
2133
-2465
-3086
2851
138
411
850
-320
-3664
444
4508
-697
-1159
-2752
1527
3327
-1940
-2437
1346
1661
-352
-2108
1253
1356
-1268
-233
-179
1005
-495
-621
-1663
2653
1936
-3188
-1061
1238
2491
-113
-1397
-182
-682
-951
1579
367
-92
395
-1084
724
-462
-539
425
-467
1945
-589
-1646
1200
245
-533
-860
348
1838
-323
-2725
1206
867
-133
606
-1650
262
1966
-238
-2899
-351
2233
1074
-664
-1453
-103
1188
-985
899
308
-1900
332
2700
547
-4158
-210
2501
1030
-1658
-1587
1650
2243
-1770
-2356
2094
1545
-2476
-1249
2741
484
785
-731
-3578
324
3643
1069
-2130
-1476
620
594
322
11
-873
-116
814
840
-943
325
1983
-3689
-1105
4267
-305
-1915
-1031
1923
1409
-1287
-2499
1686
2203
-1657
-638
585
-334
-450
632
-372
1648
-1434
-732
739
-128
949
42
-2115
-935
3920
409
-3436
-12
1014
-1098
847
1628
-779
-1719
-153
2317
-321
-1408
-897
532
3465
-1035
-3085
804
842
-317
-1008
1373
1785
-1811
-1658
1130
2081
-1075
-1456
745
1476
-818
-1410
1101
-202
916
567
-1150
207
834
-991
88
980
-105
688
100
-6
-486
-1232
-1062
1359
2550
-1428
-991
1053
-201
355
597
-932
-307
515
-686
616
1298
-1744
-1904
683
1984
749
-499
-1745
-1130
997
2007
-1526
-53
915
-2484
-709
2006
1640
-927
-2114
261
1407
-819
-1413
1182
671
174
771
-1306
-705
-1468
776
1313
-160
-261
-1279
-540
1656
1570
-2163
-1046
2989
590
-2515
446
272
-370
-190
370
1860
-1266
-1405
745
746
1238
-79
-1598
-1589
1447
2094
-1187
-920
1282
2138
-1633
-2566
914
2177
24
-2220
1037
1684
-1100
-1922
-27
1539
-639
-632
1987
-80
-985
-1270
100
1583
-1298
74
-633
-1150
864
949
553
-1098
-1495
489
569
128
398
-1416
-1135
1902
1109
-938
-1292
-340
130
1332
1411
-1559
-1330
-569
1530
2588
-481
-1459
-1159
596
2555
453
-1317
-1843
163
2109
311
-555
243
290
-987
57
1141
155
-949
-1481
582
1940
574
-584
-284
263
65
-240
-875
-896
625
1931
-114
-1465
-978
219
1460
611
-1497
-123
746
-613
200
-160
-612
-418
176
380
215
-272
-580
-394
265
1163
-89
-692
-463
-3
448
365
855
-698
-716
678
443
-449
-260
785
160
-360
-742
548
1368
94
-1015
-758
224
1213
597
-831
-807
691
-91
-327
866
-101
-627
-1132
-185
2456
731
-2295
-1472
979
904
-77
-285
-676
-604
-312
950
-639
-993
322
-162
-825
-174
1055
-1014
-1320
481
-689
255
-6
-727
455
-560
-544
703
318
-909
-268
287
550
-668
-321
114
-351
-345
-151
1896
302
-1058
-401
-12
938
1540
119
-1155
-545
1186
2596
1352
141
35
1165
1211
1592
2023
1152
638
1034
1404
717
1267
1270
765
1951
2349
173
-363
684
474
63
406
718
-286
-1188
-201
132
-1126
-1117
-710
-994
-1346
-1618
-1937
-2301
-2659
-2643
-2438
-2382
-2916
-3500
-3064
-2700
-2693
-3046
-3157
-2530
-2263
-2255
-1576
-1618
-1690
-1657
-1061
-421
-207
-95
-217
250
866
1219
714
1453
1745
2246
2863
2058
1691
2463
2551
2280
2495
2965
3933
3825
2200
2313
3658
3728
3665
3510
3686
3208
2588
2410
3730
5269
3989
2312
2367
4779
6040
3707
1083
-934
-930
1159
3489
3252
-1644
-5733
-4858
-1025
349
-2554
-5522
-5865
-4358
-3519
-5241
-7433
-6917
-5084
-4348
-5235
-6264
-6568
-6875
-6207
-4069
-2653
-3338
-4930
-5258
-3401
-1437
-1124
-1418
-933
-307
-407
-686
-7
1202
2136
2588
2069
994
869
2132
2969
2731
2435
2469
1874
1323
2045
2457
1760
1258
1545
1721
1932
1502
1429
2048
1774
1922
2786
3137
2091
2114
3559
3503
3125
3781
4076
3197
3448
4633
4966
4895
4385
4120
4847
6583
7150
7345
6428
2173
-2948
-3171
3455
9681
6785
-3639
-9749
-5895
873
1345
-3564
-6558
-5457
-4464
-6006
-9021
-10138
-7715
-5137
-5387
-7623
-9088
-9586
-10195
-9088
-4977
-1714
-3800
-8395
-9102
-4987
-1064
-794
-1623
-963
379
874
289
485
2507
5304
6364
4747
2871
2758
3036
3068
3719
5151
5281
1991
-910
-368
1674
2302
999
-18
-455
-1300
-1941
-1552
-618
-140
-629
-1737
-2410
-2100
-641
606
802
646
556
547
1086
2396
3753
4197
3580
3642
4740
5364
5559
6370
6977
7096
7156
7253
7775
8553
9266
10766
11356
7617
-312
-5260
-500
10407
14502
3368
-10378
-12670
-4102
3088
366
-6837
-9251
-6959
-6535
-10024
-13720
-11911
-6948
-5783
-8792
-11576
-11538
-11526
-12399
-9324
-2857
-899
-6260
-11713
-9500
-2077
2044
861
-815
143
2127
2037
938
2464
6618
9616
8013
4171
2948
4390
6173
6355
5497
5002
3445
1391
259
415
1171
610
-711
-1970
-3148
-3727
-3516
-3227
-2534
-2528
-3769
-4616
-4425
-2785
-1404
-1311
-1527
-1221
-406
269
1107
2451
3569
3886
3993
4375
5309
6426
7174
7888
8401
8672
8803
9032
9511
10446
11227
11720
12209
11973
8662
-160
-5515
837
13233
15779
1539
-13652
-14234
-3457
3159
-1257
-8642
-10366
-8566
-9551
-13697
-15686
-11545
-7044
-8040
-11937
-13642
-12150
-12773
-14091
-9105
-989
48
-7802
-13680
-8870
289
4047
2456
647
1491
2889
2597
2571
5427
9936
11655
8290
4266
4296
6523
7004
5717
6007
6750
4446
18
-2235
-482
1645
1034
-1606
-3885
-5305
-5461
-4604
-3557
-3093
-4238
-5577
-6088
-5063
-2968
-1694
-1992
-2511
-1648
-149
490
829
2387
4096
4663
4402
4338
5360
6995
8160
8864
8947
8877
9063
9627
10545
11390
11697
12221
12833
12356
9228
1051
-4184
617
11948
15563
2499
-13034
-15112
-4556
3033
-1198
-9484
-11748
-9606
-9944
-14109
-16861
-12513
-7120
-8371
-13430
-15438
-12511
-11348
-13227
-10008
-2189
275
-6464
-13019
-9017
1267
5873
3351
637
1890
4490
4146
3508
6078
10686
12530
8592
3610
3465
6763
8165
6266
4294
4657
3904
315
-2285
-1417
589
-362
-3625
-5162
-4955
-5207
-5807
-5588
-4532
-4349
-5527
-6100
-5243
-3512
-1921
-1513
-1549
-916
313
1160
1650
3233
5380
5877
4944
4962
6833
8684
9319
9380
9828
10180
10271
10674
11680
12849
13203
13035
12338
10441
3898
-2705
-1060
8982
15791
6527
-9956
-16386
-8488
922
-15
-7322
-11527
-11331
-11729
-14634
-17008
-13421
-7712
-8312
-13570
-16417
-13244
-10678
-12703
-11085
-3552
831
-4349
-11602
-9542
-64
5927
4993
2392
2388
4324
4458
3855
6286
10937
13305
9518
4170
3477
6497
8453
7300
5583
3857
1383
-1139
-1915
-1000
-477
-1672
-4290
-6176
-6521
-5959
-5834
-6259
-5656
-4963
-5618
-6796
-5975
-3398
-2027
-1975
-1575
-672
-66
955
2494
3962
4829
5324
5760
5951
6766
8270
9375
9626
9657
10188
10502
10064
10430
11880
12888
13070
12641
12119
9946
2760
-3939
-1651
8999
15584
5917
-10955
-17449
-9510
324
-106
-7135
-11309
-11823
-12664
-15208
-16642
-12311
-7005
-8152
-13658
-16338
-12403
-9488
-11834
-10463
-2796
1675
-3393
-10978
-9063
815
6501
5453
3068
3071
4608
4130
3821
6532
11136
13312
9167
3645
3546
6840
7537
5479
4706
6169
3385
-3990
-6742
-3185
1575
661
-5373
-8881
-9054
-7524
-5713
-4896
-4746
-5994
-8070
-7815
-5082
-2021
-656
-2380
-3264
-1553
928
2640
2646
3330
5010
5403
5231
5995
7635
8938
8809
8871
9772
10228
10303
10041
10347
11346
12041
12618
12993
12389
11165
7041
-637
-4116
1433
12025
13060
-1058
-14968
-15554
-5352
978
-3153
-9358
-11171
-11448
-13549
-16526
-15402
-8991
-6151
-10221
-15343
-14797
-9711
-9073
-11393
-7909
-487
1141
-5798
-10714
-5127
3738
6533
4393
2809
3986
4619
3266
3959
8068
12370
11976
6251
1967
3366
6913
7462
4959
3857
3904
983
-4298
-5934
-2415
467
-1297
-5737
-8408
-8640
-7665
-6031
-4506
-4310
-6251
-8173
-7531
-4254
-1185
-554
-1808
-2607
-1161
1181
2799
3695
4427
4820
4649
4792
6496
8618
8978
8169
7713
8718
10041
10071
9842
9941
10339
10673
11201
12025
12673
12027
10313
6032
-1330
-4269
1494
11892
12354
-2234
-16238
-16405
-5598
1185
-2703
-9360
-12060
-12810
-14405
-16255
-14465
-8200
-6144
-10793
-15812
-14649
-8863
-8380
-10953
-7552
-372
1146
-5522
-10209
-4656
4147
6929
5022
3040
3624
4347
3560
4698
8511
12513
11937
5855
1323
2896
7150
8371
5446
2863
1905
-261
-2977
-3952
-2521
-1393
-3176
-5842
-7465
-7850
-7255
-6491
-5612
-4960
-5617
-6607
-6582
-4687
-1781
-611
-1037
-1484
-849
1025
2677
3823
4709
4771
4786
5537
6815
8220
8486
8085
8134
8513
9614
10136
9813
9635
9771
10195
10822
11518
12427
12514
10917
7635
450
-5243
-2055
8587
14380
3770
-13183
-18890
-10473
-968
-1102
-7278
-11038
-12351
-15079
-17572
-16363
-9719
-5001
-8620
-15093
-16341
-10950
-7828
-10411
-9345
-1895
2271
-2947
-9983
-7485
2193
7142
5771
3823
4211
5135
3529
3242
7302
12546
13522
7943
1951
2164
6383
8165
6136
3419
2671
854
-3016
-4495
-3162
-1157
-2403
-5756
-7378
-7502
-6977
-6749
-6329
-5389
-5088
-6185
-6586
-5123
-2475
-728
-1281
-1446
-463
1027
2344
3258
4596
5470
5291
5154
6125
7687
8743
8517
8048
8293
8830
9440
9156
8988
9384
9716
9903
9966
10632
11446
11382
10333
7678
773
-5886
-4026
6608
13893
4891
-12155
-19580
-12507
-2424
-1449
-7041
-10927
-12134
-14194
-17376
-17317
-10783
-4881
-7277
-14261
-16394
-10861
-7227
-9754
-9373
-2310
2852
-1351
-8819
-7479
1618
7327
6568
4061
4316
5782
4464
3255
6109
11681
13894
8906
2387
1687
5430
7458
5516
3035
2832
1340
-2738
-5812
-5621
-2849
-2131
-4486
-7061
-8526
-8589
-8082
-6901
-4791
-3938
-5491
-6850
-5921
-2632
67
85
-250
116
1311
2895
4077
5386
6227
5995
5761
6492
7953
9074
8680
8129
8510
8828
8999
8717
8832
9431
9084
8371
8468
9856
11162
10973
9823
8542
3504
-5148
-8098
179
12450
11044
-5960
-20546
-19432
-7120
551
-2585
-9468
-13615
-15296
-16498
-16875
-12725
-5700
-5094
-11731
-16902
-13504
-6658
-6581
-9196
-5689
1094
1928
-4352
-7835
-2271
5582
8091
6332
4639
5307
5503
3953
4799
9373
13835
12061
4631
318
2997
7497
7579
3834
1537
1276
-1460
-5965
-6966
-3612
-810
-3654
-8402
-9800
-8621
-7227
-6582
-5508
-4660
-5194
-5833
-5127
-3164
-538
1090
729
267
1448
3980
5062
4571
5485
7001
7060
6294
6998
8643
8578
7450
7765
8811
8373
7338
7130
7858
8204
7551
7285
7329
7948
8792
9039
9243
8423
3264
-6338
-10720
-2578
10949
12016
-3593
-19130
-20461
-10148
-2242
-2590
-5978
-9122
-13461
-18604
-19527
-12461
-2930
-2045
-9671
-15336
-12408
-6336
-6312
-8239
-3683
3534
3710
-3248
-6738
-1208
5712
7240
6241
6962
8148
5819
1658
2380
8797
13975
11907
4559
82
1621
4330
4205
2517
2132
1327
-2427
-6764
-7571
-5181
-3941
-4999
-6512
-7194
-7837
-8830
-8647
-6410
-3580
-2581
-3627
-4775
-3655
-922
1283
2334
2852
3565
3794
3753
4687
6498
7800
7545
6418
6073
6922
7708
7938
7704
7484
7105
6064
5570
6215
7290
7278
6003
5547
6434
7573
7989
8461
9530
8209
377
-9837
-10687
1340
14050
10115
-7918
-21217
-18882
-7705
-1322
-2057
-5129
-9444
-15376
-19757
-17692
-8697
-1170
-3253
-11011
-14583
-10090
-5325
-6657
-7077
-1247
4661
2757
-3868
-4895
976
5769
6564
6751
7877
7783
4380
1334
3362
9069
12779
9815
3176
-32
1468
3391
2925
1825
1912
757
-3238
-7375
-8313
-6122
-4062
-3876
-5165
-6920
-8370
-9003
-7693
-4460
-1779
-1741
-3389
-3718
-1488
1069
2338
2971
3506
4141
4567
4926
5721
6454
6789
6436
5777
5932
6754
6882
6052
5435
5730
5920
4915
4319
5031
5693
5339
4389
4491
5536
6560
7337
8423
9523
8249
1729
-8024
-11010
-1890
11241
12269
-2456
-17878
-20118
-10504
-1740
-944
-4641
-8658
-12591
-16403
-17061
-11604
-3813
-2287
-7883
-12549
-10151
-4891
-4880
-7110
-4122
2574
4982
570
-3319
-932
3929
6074
6159
6828
8063
6752
3016
1980
5396
9943
10054
5151
975
746
2272
2321
1001
262
-105
-2607
-5649
-6352
-5259
-4486
-6035
-7395
-6893
-6148
-5797
-5831
-5197
-4015
-3101
-2081
-715
417
1333
1905
2298
3448
4651
5486
5425
5014
5616
6233
6111
5541
5101
5128
5086
4976
5330
5318
4367
3214
2601
3478
4665
4976
4559
3744
3912
5159
6645
8103
9305
9158
5517
-3165
-10512
-7304
5249
14162
6959
-9920
-19491
-15451
-5759
-1014
-2221
-4895
-8350
-13416
-17169
-15453
-7682
-1504
-3548
-9302
-10788
-6629
-4172
-6548
-6386
-222
5172
3743
-1164
-1833
2002
4417
4693
5709
8056
8827
5569
1835
2079
6076
9205
7362
2840
659
1193
1463
130
-1189
-1007
-1375
-3566
-5651
-6638
-6867
-7318
-7239
-5796
-4727
-5139
-6158
-6277
-4889
-2784
-987
313
890
1249
2018
2700
3545
4454
5033
5329
5369
5779
6024
5379
4477
4050
4187
4511
4693
4763
4393
3257
2370
2253
2815
3816
4215
4145
3929
3995
4744
5749
7217
9211
10696
9649
4027
-5359
-10352
-4144
8739
14150
3784
-11994
-18648
-13643
-5593
-1908
-2109
-4191
-8830
-14919
-17986
-14505
-6471
-2055
-4806
-9045
-8598
-4874
-4677
-7418
-5624
1267
5801
4011
385
527
2743
3404
3954
6505
9705
9670
5526
1673
1905
5232
7391
5683
2464
1006
665
-455
-2267
-2820
-2235
-2853
-4677
-6122
-6647
-7619
-8938
-8624
-6235
-4012
-3753
-4757
-5437
-4568
-2391
272
2212
2905
2986
2947
3239
4229
5476
5984
5542
5133
5619
6089
5408
4107
3069
2748
3194
3999
4504
3951
2419
1042
616
1634
3393
4570
4455
3536
3478
4604
6520
8518
10547
11774
9754
2022
-7953
-9897
260
13142
13205
-847
-14603
-16966
-10548
-5093
-3502
-3175
-4305
-9102
-15583
-17972
-12979
-5545
-3678
-6860
-8431
-5210
-2680
-5841
-8788
-4648
3180
6474
3976
1935
3050
3627
2595
3257
7011
10572
9581
5052
1807
2285
4623
5005
2830
1209
1193
773
-1419
-3984
-4545
-4146
-4706
-5809
-5926
-5268
-5612
-7753
-9928
-9166
-5528
-1701
-800
-2348
-3325
-2739
-796
1796
4277
5393
4673
3850
4293
5190
5415
5214
4952
4910
5063
5096
4028
1771
558
1513
3207
3866
3277
1859
196
-513
975
3575
4856
4690
4201
4372
5290
7176
9651
11649
12708
11494
5895
-3751
-9188
-3237
9120
13824
4290
-9580
-15724
-12743
-8142
-6455
-5783
-4932
-6772
-12711
-18023
-16756
-9933
-5554
-6995
-8733
-5780
-1708
-3122
-7556
-6810
71
5732
5825
4080
4745
5863
4398
2529
4085
8403
10578
8093
3902
2240
3181
3357
1278
-593
-73
898
-641
-4054
-6137
-6079
-5903
-6619
-6811
-5517
-4940
-6895
-9455
-9092
-5373
-1688
-462
-740
-798
-234
768
2282
4312
5788
6036
5684
5483
5627
5635
5033
4179
3970
4519
4636
3085
918
-6
457
1210
1534
1819
1713
830
-47
563
2578
4275
4730
4617
5357
6958
8827
10286
11746
13561
13907
9198
-1320
-9346
-5744
6929
14394
7213
-7137
-15631
-14983
-11486
-9487
-7686
-5593
-6707
-12393
-18157
-18276
-12693
-8190
-8437
-9146
-5412
-212
-729
-6009
-7395
-1761
4747
6886
6603
7720
8478
6100
2904
3113
7140
10376
9410
5913
3442
2856
2036
-381
-2468
-2198
-881
-1147
-3701
-6229
-7223
-7820
-8808
-8984
-7246
-5171
-5135
-6499
-6627
-4943
-2893
-1318
315
2156
3286
3625
3888
4522
5276
5832
6324
6673
6594
5777
4322
3122
2900
3207
3009
1889
522
-348
-516
-143
327
576
506
266
293
1130
2652
3979
4440
4804
5975
7612
9145
10531
12341
14490
15744
13272
4411
-6785
-9922
-541
11616
12130
36
-12593
-17087
-15556
-13426
-11347
-8128
-6312
-9233
-15388
-19135
-16620
-11295
-9145
-9476
-6719
-167
3153
-780
-5477
-3756
2383
6546
7667
9464
11897
10877
6038
2262
3487
7610
9334
7269
4459
3091
1856
-1397
-5346
-6527
-4617
-2757
-3605
-6170
-7948
-8865
-10117
-11150
-9875
-6312
-3474
-3431
-4350
-3828
-2019
-304
1152
3263
5343
6363
6430
6263
6212
5967
5841
6012
6168
5839
4875
3483
2050
1149
708
304
-392
-911
-817
-481
-438
-627
-568
-195
488
1484
2942
4351
5157
5809
6664
7890
9435
11322
13404
15176
16418
15831
10059
-1334
-10358
-7665
4569
12228
6035
-7449
-16767
-18580
-17257
-15635
-12631
-9031
-8490
-12500
-17512
-18263
-14236
-10720
-10235
-8738
-2373
4647
4871
-287
-2639
824
5274
7299
9345
13110
14751
11037
5028
2300
4092
6427
6161
4330
3079
2157
-625
-5256
-8707
-8951
-7160
-6161
-6611
-7049
-7209
-8410
-10696
-11355
-8556
-4434
-2066
-1173
58
1527
1843
1460
2518
4910
7110
8306
8580
8054
6691
5211
4384
4283
4485
4436
3683
2284
896
-144
-1221
-2358
-2749
-1896
-563
81
-40
-143
100
435
964
2417
4757
6725
7474
7734
8481
9886
11421
12963
14813
16824
17353
12060
-116
-11165
-10469
1279
9840
4929
-7525
-16042
-17868
-17946
-18591
-16913
-12532
-9630
-11105
-14968
-15969
-12914
-10470
-10934
-9905
-2669
6537
8819
4235
1002
2948
6023
6697
7982
12466
15935
13746
7518
3061
2850
3558
2380
607
478
1281
-206
-4828
-9579
-11580
-10836
-9506
-8632
-7237
-5625
-5716
-7987
-9702
-8049
-4404
-1711
37
2414
4914
5414
4126
3504
4444
5930
7117
7951
8292
7492
5653
3606
2115
1587
1561
1408
950
402
-228
-1397
-2962
-3967
-3651
-2057
-235
907
1444
1754
1903
1926
2592
4674
7229
8836
9627
10266
11056
11872
12919
14510
16229
17169
14332
4516
-8324
-13442
-5947
4551
4812
-4944
-14341
-18109
-19416
-21170
-20790
-16399
-11423
-10145
-12600
-14251
-12033
-9074
-9215
-9836
-4840
5116
11364
9724
5949
5783
7464
7017
6341
9599
14641
15414
10456
4577
2087
1346
-819
-3525
-3961
-2039
-1281
-4068
-8628
-12004
-12918
-12373
-11385
-9102
-5379
-2761
-3621
-6209
-6382
-3613
-1069
469
2946
6345
8173
7483
6293
5725
5183
4885
5573
6942
7597
6706
4643
2159
266
-649
-1061
-1161
-752
-171
-414
-1783
-3262
-3853
-3329
-1887
-39
1756
3239
4032
3946
3642
4537
6538
8246
9413
10754
12279
13048
13169
13700
15026
16423
15168
7063
-6394
-15169
-11011
269
4134
-3592
-13991
-19424
-21011
-22247
-22048
-18348
-13368
-10718
-11262
-12202
-10308
-7234
-6937
-8378
-5473
3900
12518
13541
9948
8203
8868
8189
6354
7731
12289
14604
11387
5568
1901
226
-2572
-6281
-7789
-5916
-3645
-4325
-7626
-11068
-12866
-13117
-12643
-10657
-6339
-1661
29
-1717
-3070
-1810
14
1151
3249
7036
9856
9749
8255
6980
5436
3731
3206
4267
5564
5696
4538
2369
-63
-1941
-3060
-3485
-2991
-1629
-534
-696
-1814
-2879
-3262
-2598
-1074
1003
3226
5093
5987
5536
5311
6322
7827
9005
10092
11731
13228
13865
14013
14422
15402
15522
9897
-3344
-15997
-16743
-5685
2770
-954
-11179
-18516
-21123
-22623
-23239
-20472
-15048
-10369
-8637
-8869
-7688
-4916
-4243
-6385
-6035
1789
12302
16485
13789
10675
10272
9346
6171
4947
8200
11831
11003
6242
1989
-523
-3944
-8723
-11899
-10876
-7256
-5190
-6394
-9373
-11770
-12687
-12768
-11416
-7532
-2396
1005
1426
1159
1844
2263
1914
2604
5553
9000
10584
10178
8611
6180
3597
1987
1896
2667
3256
3226
2337
832
-1010
-3066
-4721
-5073
-3676
-1488
-76
68
-626
-1329
-1434
-888
640
3174
5797
7287
7436
7729
8641
9084
8969
9413
11033
12968
14238
15122
15983
16409
14126
4887
-9729
-19379
-15576
-3846
1110
-4998
-13552
-17994
-20137
-22866
-23917
-20446
-14401
-9175
-6318
-5291
-3937
-2709
-3836
-6071
-4184
4537
13850
16420
13849
11832
11237
8687
4178
2677
5635
8598
7948
4606
1540
-1564
-6527
-11786
-14049
-12176
-8434
-6106
-6276
-7922
-9365
-9851
-10094
-9344
-6003
-969
2896
4263
4900
5526
4754
3130
3095
5181
7370
8367
8529
7719
5419
2650
670
-402
-774
-337
740
1321
854
-457
-2425
-4284
-4899
-3754
-1671
103
1125
1282
876
750
1100
1870
3224
5152
7028
7943
8605
9528
9648
8849
8486
9476
11030
12154
13290
14742
15753
14861
7964
-6368
-19901
-21250
-10208
-796
-2775
-10756
-16377
-19031
-21815
-23903
-22071
-16678
-10474
-5526
-2948
-1375
149
-364
-3482
-4796
968
10974
16658
15881
13636
12757
10622
5276
715
1193
4623
6206
4345
1570
-732
-4667
-10572
-15151
-15282
-11607
-7721
-5990
-6068
-6539
-6660
-7173
-8005
-6772
-2538
2455
5521
6878
7782
7246
4740
2341
2247
3990
5837
6924
7008
5729
3390
803
-1544
-3046
-3125
-1685
177
1246
1111
-388
-2600
-4274
-4453
-3147
-1216
646
2018
2553
2698
2845
2788
2908
3717
5431
7283
8621
9991
10808
10168
8836
8199
8729
9834
11173
12773
13946
14659
14025
6647
-8929
-22863
-22935
-10909
-2291
-4676
-11295
-15332
-17747
-21159
-23537
-21547
-15961
-9367
-4086
-1257
1046
3135
2218
-2065
-4198
1435
10941
15782
14989
13792
13867
11276
4332
-1406
-1243
2001
3163
1509
177
-706
-4355
-10722
-15696
-16023
-12633
-8919
-6637
-5236
-3934
-3293
-4447
-6061
-5062
-1189
2838
5153
6732
8150
7991
5741
3116
1998
2388
3423
4495
5262
5099
3528
782
-1932
-3451
-3565
-2521
-898
697
1329
545
-980
-2410
-3083
-2720
-1507
174
1874
3260
4248
4448
3969
3681
4076
5263
6660
8149
9878
10893
10558
9406
8471
8334
8942
10155
11670
13048
14441
13244
3599
-13094
-24800
-21416
-9351
-3721
-7615
-12747
-14669
-16601
-20469
-22640
-20068
-14493
-8523
-3812
-268
3369
5598
3592
-1375
-2748
3341
11363
14381
13629
13901
14643
10996
3057
-2397
-1957
433
418
-1026
-990
-1203
-5060
-11297
-15362
-15031
-12264
-9650
-7522
-5163
-2684
-1376
-2070
-3157
-2353
182
2528
4185
6536
9081
9254
6522
3423
2154
2131
2297
2763
3397
3145
1645
-174
-1608
-2889
-3869
-3710
-2298
-463
825
945
5
-1218
-1801
-1651
-1159
-85
1630
3180
4108
4702
4985
4811
4481
4905
6062
7342
8943
10242
10160
9028
8214
8335
8855
9377
10202
11395
13003
13402
6391
-9257
-23166
-23433
-12422
-5019
-7231
-11851
-13497
-14857
-18451
-21116
-19198
-14366
-9212
-4516
-478
3708
6756
5960
1468
-1534
2144
9394
13008
12498
12563
13956
12005
4805
-1703
-2810
-1233
-1483
-3378
-3353
-2087
-3855
-9156
-13810
-14630
-12651
-10671
-8916
-6196
-2736
53
579
-379
-513
1019
3070
4577
6388
8719
9598
7458
4119
1850
705
-147
-466
431
1420
1121
-407
-2000
-3174
-3880
-4039
-3192
-1193
823
1785
1373
598
141
-473
-1078
-647
1099
2940
3956
4628
5451
5530
4932
4749
5409
6566
7604
8910
9741
9272
8467
8103
7955
7968
8554
9791
11209
12919
13619
6534
-9906
-24392
-24330
-12497
-4839
-7332
-11813
-12734
-13493
-16938
-19558
-17663
-13416
-9332
-5082
-501
4609
8191
7432
2647
-1039
1866
8379
11353
10489
10944
13368
12154
4948
-1910
-3320
-2297
-3312
-5556
-4958
-2680
-3638
-8229
-12431
-13195
-11758
-10628
-9583
-7134
-3060
1038
2509
1434
523
1168
2386
2821
3807
6373
8538
8334
6348
4207
2330
423
-809
-732
34
508
187
-564
-1392
-2169
-2892
-3260
-2759
-1669
-623
258
1077
1467
912
42
24
740
1421
2107
3400
5361
6744
6905
6447
5986
6006
6312
6947
7856
8503
8962
9083
8590
8040
8099
8626
9322
10411
11719
7747
-5573
-20441
-24232
-15336
-6968
-7887
-12143
-12862
-12265
-14263
-17064
-16575
-13486
-10115
-6148
-1730
3081
7378
8705
5820
1835
2410
7294
10077
8906
8688
11544
12576
7409
201
-2857
-2697
-3855
-6828
-7476
-5068
-4156
-6993
-10653
-11676
-10573
-9933
-9776
-8193
-4425
172
2805
2886
2584
3330
4074
3397
3039
4712
6562
6237
4636
3790
3338
1935
19
-1253
-1818
-1936
-1635
-1128
-882
-802
-825
-1290
-1966
-2098
-1488
-698
116
1150
1985
2070
1658
1314
1200
1498
2674
4576
6202
7147
7464
7354
7031
6721
6905
7148
7360
8110
8811
8846
8817
9229
9657
9641
10439
11066
4154
-11396
-23996
-22321
-11069
-5556
-9047
-12407
-11960
-12200
-15274
-17309
-15279
-11917
-8640
-4640
-42
5043
8769
8546
4458
1174
3371
7983
8940
7439
8633
12121
11508
4515
-2306
-4085
-3798
-5827
-8800
-8029
-4812
-4619
-8173
-11316
-11184
-9718
-9504
-9344
-7099
-2533
2313
4400
3958
3640
4478
5015
4377
4688
6596
7166
5169
3022
2184
1503
-137
-1504
-1952
-2205
-2198
-1699
-1214
-1341
-1536
-1516
-1493
-1338
-648
231
700
1121
1695
1923
1609
1322
1407
1799
2599
3950
5369
6304
6978
7181
6753
6223
6233
6858
7050
7042
7788
8639
8866
8822
8893
9138
9673
11174
10560
940
-14917
-24224
-19432
-9271
-6774
-10509
-11825
-10636
-11919
-15294
-16277
-13856
-11438
-8762
-4366
1066
6331
9096
7713
3559
1469
4045
7175
6855
6147
8682
11700
9525
2613
-2495
-3593
-4415
-7480
-9678
-7755
-4776
-5265
-8278
-9843
-8974
-8195
-8768
-8614
-5909
-1098
3355
5143
5322
5736
5904
4336
2422
3090
5218
5480
4152
3927
4155
2574
-309
-2243
-3285
-4138
-3892
-2259
-710
-391
-423
-597
-1243
-1839
-1758
-1140
-287
1140
2755
3407
2920
2343
1956
1654
1792
2843
4644
6317
7546
7807
7228
6613
6276
6051
5601
5942
7475
8657
8671
8768
9294
9506
9502
10691
10431
1028
-15021
-24417
-19201
-8473
-5771
-9591
-11128
-10202
-11637
-14971
-16084
-13990
-11711
-8739
-4041
1285
6476
9489
8262
3709
983
3351
6748
6682
6005
8530
11598
9496
2559
-2604
-3775
-4740
-7911
-10047
-7888
-4684
-4982
-7760
-9083
-8221
-7726
-8549
-8490
-5841
-1119
3378
5345
5585
5968
6163
4434
1968
2096
4277
4891
3499
3039
3445
2310
-417
-2411
-3225
-3877
-3890
-2552
-854
-85
96
-22
-504
-1073
-1201
-829
-92
1210
2617
3297
3227
3055
2745
2135
1953
2842
4433
5963
7261
7901
7573
6749
6242
6124
5659
5667
6834
8070
8354
8432
9178
9932
10235
10847
8919
-1676
-17218
-24708
-17836
-7319
-5837
-10115
-11212
-9844
-11496
-15150
-15945
-13544
-11243
-8287
-3237
2719
7772
9824
7859
3449
1268
3534
6254
5965
5644
8510
11305
8559
1399
-3534
-4503
-5596
-8916
-10726
-8111
-4823
-5053
-7459
-8284
-7368
-7342
-8383
-8015
-4860
63
4388
6314
6682
6922
6950
5527
3381
3311
5310
6639
5681
3614
1461
-768
-2944
-4342
-4943
-5137
-4767
-3707
-2093
-630
-36
-726
-1663
-1462
-269
902
1871
3040
3959
3920
3396
3153
2719
1786
1369
2447
4673
6441
7058
6919
6468
5959
5346
5104
5339
5754
6207
6756
7277
7844
8400
8560
8613
9699
10914
5740
-8240
-21355
-21874
-12205
-6222
-8441
-10963
-9708
-9289
-12228
-14774
-13924
-11954
-10057
-6671
-1670
4063
8608
9592
6423
2383
1943
4307
5031
4194
5675
9399
10074
5032
-839
-2859
-3287
-6116
-9877
-9926
-6695
-4778
-5672
-6603
-5849
-5206
-6313
-7752
-6948
-3136
1731
4844
5789
6157
6863
6875
5366
3792
3665
4224
3842
2421
1320
906
-125
-2236
-4259
-5059
-5047
-4910
-4155
-2453
-766
-190
-359
-319
90
345
630
1392
2550
3562
4010
4127
3893
3073
2068
1819
2862
4520
5581
6038
6393
6469
5980
5187
4881
5099
5180
5366
5995
6709
7401
8035
8297
8607
9882
10612
4830
-9073
-20996
-20588
-11542
-6330
-8161
-9797
-8457
-8707
-11810
-13846
-13150
-11864
-10517
-7085
-1597
4264
8705
9620
6516
2509
1620
3188
3662
3288
5245
8811
9268
4947
81
-2007
-3505
-6936
-10229
-9938
-7072
-5284
-5310
-5176
-4345
-4399
-5958
-7510
-6808
-3221
1459
4592
5569
6196
7233
7274
5539
3843
3370
3069
2092
1450
1990
2228
803
-1626
-3647
-4936
-5656
-5609
-4467
-2645
-1129
-269
97
430
683
562
499
1108
2294
3403
4173
4687
4584
3491
2222
1827
2455
3539
4555
5577
6193
6154
5689
5208
5025
4823
4582
4862
5591
6286
7211
8242
9085
9755
10969
10750
2953
-11601
-21565
-18829
-9867
-6541
-8832
-9055
-7305
-8522
-12311
-14395
-13723
-12819
-11103
-6629
-538
5311
9181
9322
5890
1995
1137
2331
2575
2922
5843
9754
9862
5138
279
-1849
-3696
-7405
-10508
-9708
-6542
-4593
-4172
-3682
-3086
-3799
-5985
-7576
-6525
-2644
2025
4868
5979
7141
8294
7718
5218
3195
2821
2529
1733
1668
2343
1599
-1358
-4310
-5537
-5903
-6253
-5914
-4496
-2759
-1328
-51
795
849
533
602
1225
2178
3379
4510
5043
4728
3647
2236
1337
1370
2210
3372
4633
5724
5990
5571
5223
5148
4936
4428
4329
5151
6026
6755
8013
9594
10447
10657
11438
9957
599
-13700
-21209
-16609
-8680
-7283
-9443
-8774
-7316
-9375
-13178
-14543
-13759
-12852
-10558
-5665
355
5948
9392
8990
5179
1646
1427
2615
2771
3618
7202
10753
9605
4360
295
-1049
-3221
-7747
-10933
-9647
-6281
-4360
-3913
-3344
-2980
-4277
-6770
-8129
-6443
-2183
2035
4300
5614
7491
8779
7527
4713
3235
2918
1825
628
1227
2253
753
-2467
-4435
-5107
-6435
-7575
-6760
-4696
-2887
-1139
751
1655
1442
1462
1959
2164
2550
3709
4792
4863
4241
3400
2320
1362
1068
1521
2646
4152
5172
5203
5168
5497
5163
4164
3866
4812
5847
6224
6880
8452
9842
10145
10363
11840
11865
4223
-10052
-19919
-17694
-9833
-7168
-9432
-9842
-8365
-9461
-12776
-14513
-13879
-12804
-11104
-7490
-2062
4143
8911
9587
6270
2789
2236
3252
3506
4180
7236
10642
10084
5468
1394
-21
-1824
-6358
-10599
-10740
-7920
-5673
-4904
-4291
-3677
-4388
-6647
-8416
-7381
-3527
535
2871
4601
7104
9030
8207
5608
4105
3975
3220
1781
1509
2411
1973
-628
-3265
-4881
-6269
-7517
-7220
-5238
-3225
-1812
-434
756
1337
1524
1564
1549
1773
2803
4041
4399
3961
3100
1976
1035
799
1358
2448
3751
4865
5269
5301
5549
5429
4788
4559
5167
5954
6330
6946
8359
9712
10054
9921
10798
11854
7822
-4166
-16818
-19888
-13838
-8952
-9765
-10847
-9172
-8834
-11811
-14379
-14044
-12642
-11652
-9400
-4629
1757
7584
10172
8517
5113
3398
3757
4251
4544
6449
9604
10562
7566
3322
1089
-382
-4291
-9570
-11785
-9839
-6961
-5588
-4886
-3934
-3892
-5644
-7903
-8163
-5498
-1503
1604
3675
6166
8732
9202
7014
4453
3435
3152
2062
1099
1804
3155
2536
-811
-4305
-6219
-7339
-8014
-7183
-4716
-2354
-1089
183
1790
2296
1394
443
676
1788
2986
4075
4758
4515
3304
2027
1488
1566
1839
2462
3751
5116
5770
5840
5796
5559
5104
4792
5048
5808
6545
7359
8502
9610
10111
10485
11439
10026
1254
-12533
-20660
-17738
-11230
-9892
-11447
-10124
-8003
-9543
-12757
-13513
-12464
-12031
-10991
-6942
-536
5907
10182
10631
7888
4931
3980
4179
4108
4864
7555
10005
8998
5025
1734
21
-3177
-8714
-12692
-12041
-8907
-6849
-5821
-4482
-3620
-4688
-7102
-8375
-6900
-3285
557
3296
5556
8215
10079
9409
6775
4706
3956
2925
1338
1029
2208
2245
-179
-2998
-4539
-5871
-7435
-7616
-5783
-3613
-2031
-273
1599
2487
2200
1542
1104
1101
1653
2540
3278
3720
3580
2715
1892
1714
1856
2094
2942
4378
5365
5630
5926
6159
5824
5404
5586
6166
6454
6750
7832
9274
10094
10527
11543
11229
4434
-8951
-19555
-19495
-13253
-10444
-11606
-10767
-8234
-8881
-12151
-13551
-12565
-12013
-11627
-8561
-2554
4319
9650
11337
9271
6014
4422
4378
4205
4497
6708
9344
9109
5671
2366
647
-2216
-7671
-12385
-12769
-10066
-7708
-6332
-4781
-3551
-4108
-6184
-7558
-6542
-3414
183
2940
5287
7821
9800
9776
7924
6024
4833
3532
2010
1400
1719
1196
-1108
-3448
-4596
-5502
-6802
-7389
-6394
-4735
-3209
-1524
164
1165
1488
1536
1511
1622
2129
2787
3099
3292
3424
3116
2556
2393
2708
3053
3597
4483
5154
5409
5667
5942
5896
5731
5832
6003
5947
6090
6894
8114
9202
10033
11086
11241
6624
-4593
-16354
-19976
-15618
-11578
-11626
-11414
-8872
-7987
-10481
-12653
-12305
-11581
-11569
-9799
-4615
2338
8290
11152
10409
7693
5458
4623
4263
4192
5498
7825
8579
6358
3147
1094
-1119
-5716
-10980
-13087
-11432
-8893
-7172
-5542
-3893
-3535
-4951
-6571
-6477
-4198
-905
1950
4148
6513
8924
9941
8915
6921
5271
3777
1948
454
102
314
-207
-1727
-3371
-4695
-5957
-6908
-6892
-5739
-3991
-2165
-322
1414
2579
2815
2294
1750
1723
2076
2576
3219
3806
3879
3430
3036
2957
3027
3275
3768
4377
4887
5337
5798
6039
6067
5913
5626
5486
5632
6231
7427
8750
9764
10738
11418
8616
-1240
-14132
-20355
-17212
-12219
-11399
-11559
-9041
-7282
-9299
-11923
-12016
-11203
-11455
-10610
-6148
753
7303
11166
11267
8663
5929
4619
4032
3532
4233
6463
7888
6423
3372
1290
-555
-4789
-10527
-13590
-12409
-9727
-7804
-5978
-3803
-2781
-3858
-5656
-6014
-4163
-1093
1669
3891
6546
9473
10731
9437
7141
5302
3678
1862
676
563
651
18
-1471
-3365
-5150
-6521
-7363
-7477
-6486
-4443
-2172
-230
1382
2440
2516
1832
1371
1592
2187
2878
3590
4073
3998
3502
2954
2602
2621
3030
3615
4251
5010
5784
6158
5974
5695
5532
5402
5409
5699
6422
7565
8721
9505
10322
11194
9102
80
-12864
-20198
-17888
-12545
-11103
-11399
-9230
-7175
-8799
-11697
-12142
-11197
-11319
-10780
-6627
372
7097
11038
11279
8850
6094
4620
3927
3406
4119
6431
8052
6767
3752
1583
-134
-4041
-9765
-13370
-12715
-9960
-7755
-5958
-3837
-2540
-3305
-5167
-5893
-4361
-1494
1192
3386
5977
9055
10911
10335
8118
5545
3016
757
-445
-517
-480
-933
-1768
-2921
-4409
-5892
-6952
-7502
-7213
-5507
-2708
-23
1824
2942
3374
2918
1981
1502
1859
2634
3360
3934
4278
4234
3744
3046
2621
2741
3162
3640
4313
5217
5844
5808
5547
5494
5338
4999
5012
5760
7001
8156
9012
9989
11077
9978
2971
-9033
-18096
-18326
-13524
-10989
-11043
-9493
-7080
-7720
-10541
-11618
-10836
-10744
-10767
-7756
-1500
5140
9715
11202
9825
7041
4799
3767
3354
3625
5142
6860
6660
4340
1912
110
-3029
-8235
-12566
-13157
-10999
-8658
-6627
-4337
-2668
-2940
-4501
-5441
-4586
-2231
443
2809
5328
8290
10542
10764
9290
7119
4225
956
-973
-824
-48
-169
-912
-1862
-3529
-5733
-7327
-7931
-7915
-6863
-4218
-789
1796
3141
3709
3371
2161
1114
1235
2307
3389
4077
4500
4547
4067
3128
2245
2084
2547
3035
3505
4413
5579
6073
5759
5480
5407
5048
4668
5023
6262
7688
8765
9844
11137
11026
5956
-4959
-15541
-18450
-14648
-11287
-11041
-10086
-7344
-6795
-9365
-11385
-11178
-10908
-11243
-9287
-3782
2914
8110
10521
10075
7688
5085
3578
2975
2969
4085
6006
6835
5359
2817
722
-1919
-6506
-11230
-12892
-11274
-8762
-6665
-4533
-2560
-2045
-3274
-4786
-4758
-2765
-6
2401
4802
7733
10190
10790
9681
7774
5489
3035
1000
-169
-738
-1033
-1784
-3700
-5935
-7237
-7726
-8129
-8034
-6438
-3997
-1810
378
2489
3577
3407
2922
2855
3013
3388
4011
4305
4006
3551
3149
2658
2289
2386
2763
3157
3703
4377
4816
4989
5165
5245
5019
4847
5094
5564
6200
7269
8558
9588
10425
10400
6522
-3067
-13634
-17690
-14714
-11209
-10791
-10369
-8067
-7236
-9410
-11376
-11060
-10387
-10528
-8987
-4061
2260
7281
9787
9680
7741
5480
4112
3549
3504
4437
6128
6854
5401
2846
688
-1733
-5820
-10300
-12198
-11007
-8840
-6977
-5031
-3226
-2748
-3744
-4872
-4835
-3229
-520
2231
4554
6939
9269
10261
9373
7599
5830
3917
1862
237
-1105
-2453
-3383
-3794
-4370
-5525
-6581
-6994
-6993
-6376
-4638
-2257
-176
1375
2765
3852
4106
3721
3305
3152
3164
3216
3301
3354
3285
3011
2589
2364
2580
2990
3263
3472
3899
4397
4654
4856
5158
5273
5094
5068
5671
6758
7820
8835
10112
10904
8509
533
-10175
-16453
-15367
-11668
-10495
-10586
-8971
-7457
-8646
-10637
-10747
-10023
-10281
-9815
-6075
-73
5338
8579
9417
8215
6033
4353
3715
3693
4216
5410
6369
5698
3522
1258
-894
-4172
-8444
-11315
-11182
-9278
-7313
-5545
-3806
-2752
-3102
-4203
-4625
-3469
-1013
1637
3924
6218
8571
10032
9752
8145
6278
4490
2528
420
-1232
-1917
-1969
-2263
-3292
-4806
-6408
-7694
-8135
-7402
-5764
-3701
-1415
809
2509
3451
3707
3384
2734
2367
2696
3418
4029
4221
3957
3454
2854
2373
2276
2665
3299
3673
3900
4441
5076
5300
5113
4886
4819
4846
5140
5983
7187
8333
9300
9949
8885
3535
-6039
-14406
-16206
-13012
-10544
-10385
-9583
-7805
-7994
-10056
-10971
-10258
-9956
-9965
-7590
-2287
3429
7407
9096
8668
6812
4818
3795
3754
4237
5188
6271
6380
4875
2507
121
-2687
-6410
-9749
-10775
-9547
-7573
-5753
-4143
-2992
-2962
-3949
-4788
-4328
-2324
386
2921
5214
7336
8849
9078
7899
6064
4443
3069
1343
-428
-865
-152
-593
-3084
-5575
-6674
-7437
-8221
-7541
-5387
-3622
-2376
-329
1973
2797
2366
2211
2522
2733
3216
4116
4700
4477
3642
2817
2392
2313
2311
2426
3200
4310
4618
4308
4449
4863
4630
3983
4045
4782
5301
5773
6830
8075
8753
8931
8616
6077
-701
-9683
-15062
-14202
-10853
-9429
-9321
-8230
-7448
-8855
-10698
-10723
-9839
-9440
-8219
-4387
986
5456
7863
8227
7080
5403
4129
3657
3943
4810
5957
6543
5694
3508
798
-1977
-5023
-8092
-9824
-9494
-7964
-6295
-4917
-4006
-3789
-4254
-4874
-4943
-3676
-1003
1907
4205
6154
7868
8597
7973
6719
5473
4339
3316
2154
988
667
918
-178
-3222
-5983
-7193
-8294
-9342
-8269
-5411
-3396
-2385
-471
1713
2003
1197
1423
2365
2869
3473
4709
5537
5061
3835
2743
2011
1640
1674
2307
3617
4738
4705
4097
4107
4431
4102
3628
4069
4955
5314
5640
6727
7898
8218
8076
7754
5581
-297
-8100
-12990
-12824
-10415
-9100
-8762
-8038
-7763
-9000
-10413
-10493
-9754
-9070
-7665
-4322
322
4420
6736
7144
6279
4916
3748
3366
3922
5006
5992
6290
5455
3428
749
-1943
-4511
-6828
-8216
-8167
-7069
-5726
-4664
-4095
-4062
-4383
-4702
-4538
-3330
-1018
1659
3901
5539
6805
7505
7218
6121
4967
4254
3529
2218
933
491
236
-1047
-3179
-5091
-6658
-7973
-8068
-6501
-4635
-3504
-2394
-844
355
782
1099
1655
2095
2539
3378
4260
4605
4258
3457
2742
2436
2408
2569
3238
4368
4923
4424
3959
4204
4354
4029
4048
4722
5233
5251
5588
6511
7173
7194
6958
6155
3232
-2750
-9528
-13021
-12079
-9602
-8503
-8403
-7925
-7772
-8811
-9810
-9482
-8466
-7566
-5854
-2282
2060
5237
6665
6806
6078
4874
3920
3821
4424
5182
5751
5685
4468
2155
-558
-3044
-5235
-7024
-7884
-7571
-6510
-5390
-4676
-4395
-4347
-4423
-4527
-4206
-2716
-149
2385
4210
5561
6635
6999
6400
5343
4451
3937
3505
2497
1063
366
450
-381
-3056
-5920
-7311
-7836
-7972
-6740
-4338
-2622
-2014
-992
704
1397
910
947
1981
3032
3760
4559
5122
4650
3368
2333
1961
2061
2499
3258
4172
4696
4479
3955
3741
3858
3913
3840
4056
4712
5410
5981
6546
6989
7048
6445
4727
1031
-4792
-10297
-12193
-10405
-8103
-7541
-7742
-7485
-7710
-8902
-9675
-9137
-8062
-6913
-4614
-780
2999
5270
6009
5719
4772
3695
3230
3550
4205
4918
5478
5245
3658
1046
-1627
-3858
-5736
-6990
-7095
-6233
-5166
-4452
-4121
-4102
-4349
-4531
-4305
-3368
-1513
924
3170
4737
5712
6235
6102
5356
4453
3849
3739
3635
2681
812
-864
-1730
-2614
-4124
-5567
-6312
-6615
-6392
-5084
-3275
-2206
-1780
-1026
116
954
1528
2316
3044
3342
3494
3757
3865
3505
2935
2614
2683
3102
3760
4323
4478
4247
3924
3804
3877
4054
4259
4367
4521
4954
5546
5982
6141
6198
6011
4786
1725
-3270
-8615
-11539
-10942
-8786
-7645
-7623
-7484
-7462
-8243
-9005
-8679
-7681
-6644
-4792
-1474
2173
4642
5683
5731
5042
4041
3483
3672
4223
4733
5117
5038
3923
1771
-767
-3019
-4867
-6216
-6621
-6049
-5148
-4538
-4312
-4245
-4235
-4278
-4171
-3575
-2160
9
2267
4001
5112
5653
5626
5128
4327
3542
3122
3019
2508
981
-746
-1571
-1987
-3035
-4558
-5668
-6118
-6006
-4902
-2941
-1388
-855
-583
132
1037
1651
2056
2496
2979
3442
3794
3868
3615
3068
2443
2290
2899
3790
4193
4010
3805
3841
3877
3858
3928
4017
3963
3993
4479
5228
5696
5806
5885
5746
4422
1079
-3897
-8616
-10858
-10154
-8249
-7097
-6898
-6935
-7221
-7929
-8444
-8205
-7469
-6318
-4099
-732
2560
4637
5402
5169
4260
3347
3132
3552
4097
4552
4876
4672
3466
1350
-1090
-3349
-5129
-6190
-6372
-5783
-4907
-4275
-4078
-4207
-4427
-4525
-4331
-3532
-1896
314
2473
4083
5080
5510
5240
4493
3644
2757
2133
2315
3024
2915
1318
-633
-2083
-3691
-5488
-6278
-5695
-4730
-3775
-2186
-477
-57
-648
-778
-128
631
1410
2601
3797
4184
3813
3234
2698
2196
1821
1978
2943
4155
4714
4532
4283
4223
3886
3361
3397
3996
4513
4821
5340
6037
6352
6207
5974
5283
2940
-1627
-6896
-10042
-9925
-8168
-6951
-6712
-6829
-7288
-8254
-9038
-8973
-8314
-7271
-5283
-2016
1495
3771
4441
4080
3370
2844
2859
3444
4208
4764
5130
5149
4336
2480
-28
-2414
-4186
-5173
-5318
-4836
-4178
-3833
-4029
-4471
-4687
-4632
-4488
-4015
-2638
-443
1692
3203
4179
4639
4444
3813
3146
2638
2380
2477
2642
2279
1373
300
-977
-2659
-4306
-5194
-5196
-4588
-3451
-2003
-932
-671
-829
-742
-238
454
1180
2028
3004
3702
3743
3261
2737
2365
2108
2341
3308
4357
4659
4385
4248
4242
3912
3463
3423
3759
4173
4670
5271
5636
5581
5475
5611
5416
3611
-517
-5749
-9377
-9837
-8274
-6910
-6556
-6716
-7191
-8018
-8697
-8720
-8253
-7448
-5723
-2700
695
3112
4033
3809
3113
2614
2789
3498
4167
4577
4889
5024
4517
3031
800
-1590
-3587
-4793
-5062
-4631
-4051
-3902
-4315
-4852
-5100
-5078
-4927
-4461
-3290
-1411
660
2378
3455
3876
3718
3104
2520
2565
3110
3484
3474
3364
2819
1049
-1445
-3208
-3952
-4325
-4145
-2943
-1591
-1241
-1372
-1090
-946
-1366
-1264
76
1704
2701
3347
3766
3333
2163
1270
1180
1701
2621
3712
4503
4697
4460
3994
3459
3186
3282
3487
3713
4248
5018
5400
5212
5005
5144
5329
4989
3487
165
-4534
-8268
-9015
-7605
-6476
-6503
-6773
-6997
-7681
-8458
-8531
-8066
-7443
-6051
-3282
-11
2290
3146
2949
2314
1989
2396
3158
3710
4074
4515
4777
4332
3094
1304
-787
-2764
-4014
-4206
-3728
-3350
-3525
-4105
-4684
-4964
-4889
-4612
-4153
-3282
-1850
-107
1493
2654
3194
3005
2531
2416
2574
2508
2242
2154
2085
1658
1116
609
-348
-1707
-2444
-2085
-1472
-1287
-1164
-830
-677
-794
-690
-241
117
272
631
1361
2033
2182
1923
1767
2004
2517
3095
3633
4032
4190
4212
4360
4629
4746
4521
4133
4038
4404
4866
5105
5199
5385
5601
5410
4138
968
-3813
-7949
-9257
-8132
-6760
-6240
-6084
-6184
-6998
-8116
-8655
-8568
-8175
-7012
-4433
-1007
1803
3083
2945
2123
1550
1747
2491
3255
3823
4343
4819
4875
4119
2457
270
-1783
-3224
-3804
-3536
-2915
-2718
-3301
-4183
-4723
-4928
-5070
-4975
-4258
-2930
-1397
4
1153
1901
2131
2023
1967
2187
2460
2395
2052
1837
1880
1844
1381
588
-284
-997
-1252
-986
-578
-445
-520
-476
-354
-313
-265
-166
-81
101
620
1357
1823
1911
1925
2058
2380
2916
3492
3828
3966
4249
4680
4878
4778
4621
4450
4273
4282
4550
4800
4798
4794
5050
5254
4462
1612
-3120
-7543
-9230
-8142
-6484
-5822
-5828
-5983
-6512
-7393
-8056
-8293
-8206
-7309
-5000
-1834
776
2063
2201
1666
1087
1155
1963
2823
3238
3558
4181
4695
4378
3084
1281
-477
-1842
-2543
-2487
-2017
-1814
-2318
-3253
-3984
-4356
-4704
-5053
-4908
-3951
-2514
-1105
8
628
653
414
534
1234
2033
2327
2164
2103
2396
2587
2154
1254
432
25
121
622
1090
1010
493
114
-26
-301
-703
-861
-722
-493
-132
404
723
568
332
519
1097
1774
2408
2935
3295
3579
3947
4314
4488
4465
4374
4361
4558
4905
5135
5043
4803
4750
4894
4905
4082
1608
-2363
-6038
-7345
-6236
-4694
-4248
-4686
-5275
-5880
-6632
-7430
-8142
-8574
-8066
-6089
-3233
-902
29
-170
-652
-777
-348
432
1166
1720
2333
3261
4243
4573
3873
2521
1209
372
104
335
753
791
216
-606
-1245
-1729
-2382
-3141
-3573
-3418
-2824
-2099
-1449
-1025
-1001
-1290
-1510
-1391
-1003
-535
4
708
1519
2211
2534
2358
1812
1259
1028
1222
1620
1876
1867
1657
1286
681
-101
-773
-1131
-1162
-876
-372
116
374
398
342
331
483
859
1351
1834
2247
2522
2640
2681
2691
2638
2584
2719
2966
2969
2641
2290
2161
2172
2102
1833
1360
797
288
-216
-836
-1504
-2050
-2386
-2555
-2563
-2455
-2407
-2523
-2753
-2995
-3213
-3369
-3331
-3016
-2500
-1900
-1356
-1036
-1072
-1366
-1588
-1513
-1197
-820
-501
-229
48
295
397
323
201
153
120
33
-18
56
188
269
270
221
131
-12
-209
-403
-453
-332
-175
-61
57
170
168
90
98
184
242
313
510
755
868
834
740
637
564
542
549
520
413
252
89
-26
-116
-224
-266
-169
-18
72
123
149
62
-95
-117
38
197
310
475
651
708
675
659
645
601
577
591
597
608
658
676
577
430
351
333
336
348
375
400
412
427
430
380
276
126
-50
-217
-336
-391
-418
-424
-374
-282
-257
-364
-531
-661
-740
-766
-691
-516
-359
-260
-124
49
127
65
4
30
33
-41
-72
0
67
28
-67
-148
-249
-398
-534
-595
-582
-537
-497
-461
-432
-429
-432
-421
-362
-276
-203
-119
-8
94
122
80
34
13
-9
-20
-3
16
-14
-91
-159
-216
-281
-292
-182
-11
109
172
234
267
229
177
174
190
192
249
391
511
516
471
463
440
325
190
153
189
188
135
86
57
12
-32
-27
15
51
82
140
217
282
307
278
171
-2
-179
-306
-375
-411
-435
-448
-451
-456
-481
-533
-603
-683
-753
-757
-642
-450
-274
-128
27
168
222
220
266
344
371
374
437
536
571
536
499
438
302
160
103
95
62
15
6
-1
-41
-44
9
1
-133
-294
-333
-245
-129
-17
69
79
-8
-150
-281
-440
-713
-1020
-1087
-691
23
589
694
460
214
131
169
231
284
374
568
769
718
365
41
29
186
241
272
499
763
696
271
-127
-239
-180
-175
-251
-263
-151
-51
-141
-382
-489
-289
15
107
-2
20
291
460
252
-102
-177
4
4
-292
-483
-289
-4
-35
-291
-424
-426
-519
-685
-716
-582
-437
-307
-126
23
25
-39
-31
22
25
57
246
459
448
244
146
262
344
225
81
86
148
131
111
191
268
220
104
26
4
-2
8
36
46
39
67
131
182
166
44
-129
-201
-97
5
-105
-248
-105
206
275
13
-241
-235
-75
78
163
173
192
250
185
-71
-246
-98
140
108
-44
50
319
398
131
-240
-340
-91
204
200
-25
-72
116
213
91
-51
1
229
441
472
342
260
299
197
-122
-268
-23
228
64
-314
-422
-217
-70
-236
-610
-864
-783
-517
-359
-353
-296
-142
-107
-232
-264
-73
145
206
220
334
478
518
420
244
102
129
309
424
351
220
156
117
70
58
45
-47
-134
-94
12
72
90
54
-90
-238
-230
-142
-180
-289
-219
2
75
-142
-459
-598
-492
-294
-148
-92
-75
-45
-8
11
8
14
88
187
180
73
8
66
168
207
198
167
111
59
23
-17
-35
6
77
79
-23
-131
-149
-102
-40
13
71
143
218
284
317
291
256
277
347
398
368
267
141
54
63
138
184
168
101
-37
-216
-311
-281
-264
-320
-278
-70
88
48
-74
-147
-192
-202
-100
77
170
139
80
45
20
-13
-70
-167
-240
-186
-27
76
39
-56
-108
-133
-178
-184
-75
95
196
186
137
82
-9
-117
-146
-76
-20
-53
-79
-22
15
-51
-132
-142
-164
-251
-244
-57
119
107
12
28
105
80
-41
-115
-80
6
70
128
216
281
238
98
-27
-71
-82
-65
32
158
185
114
83
155
231
207
109
39
63
157
250
295
305
291
241
145
22
-82
-127
-102
-56
-32
9
106
155
17
-244
-400
-374
-322
-362
-397
-308
-167
-102
-120
-141
-132
-132
-163
-209
-251
-249
-181
-102
-87
-141
-196
-211
-216
-232
-206
-111
-7
14
-43
-67
-4
99
187
244
269
252
209
206
248
257
199
150
195
279
254
107
-22
-40
-14
-43
-115
-159
-133
-66
-30
-69
-139
-168
-182
-254
-359
-379
-271
-105
21
89
153
236
269
186
47
-5
47
104
148
226
316
325
235
156
154
196
230
227
210
214
235
225
157
87
91
139
128
29
-68
-84
-70
-110
-178
-187
-154
-150
-175
-174
-167
-218
-293
-301
-253
-242
-263
-229
-129
-71
-111
-179
-222
-277
-364
-397
-313
-186
-122
-101
-57
-18
-56
-128
-133
-65
2
49
111
173
175
138
136
166
166
127
114
151
175
141
75
26
22
38
43
35
50
108
153
106
6
-37
6
71
99
98
75
24
-38
-88
-117
-111
-75
-45
-24
58
222
348
304
166
77
47
17
10
59
105
108
140
231
261
174
63
11
-11
-43
-51
-26
-5
9
26
5
-80
-186
-265
-301
-277
-179
-47
47
70
21
-73
-138
-140
-104
-59
20
128
181
146
86
44
-7
-82
-140
-166
-166
-133
-94
-95
-125
-155
-201
-273
-293
-207
-97
-48
-20
33
79
90
85
93
122
174
219
202
167
190
233
208
127
83
86
70
22
-18
-38
-16
53
99
59
-21
-46
-24
-49
-110
-107
-30
12
-45
-134
-165
-155
-157
-165
-152
-122
-81
-35
18
64
91
94
80
93
168
249
280
266
250
243
235
219
177
111
65
63
38
-38
-100
-115
-135
-192
-230
-210
-175
-167
-172
-163
-141
-122
-109
-88
-47
3
34
47
45
33
31
54
83
74
27
-17
-52
-79
-78
-48
-35
-70
-129
-160
-152
-123
-91
-69
-39
17
73
84
55
31
37
57
79
115
140
124
86
73
76
52
0
-24
-22
-41
-71
-79
-65
-50
-19
46
98
92
65
56
61
58
46
34
22
-3
-37
-50
-22
26
20
-49
-97
-79
-34
-20
-26
4
76
139
148
113
96
115
133
140
166
206
208
157
112
98
56
-56
-173
-207
-179
-176
-206
-201
-130
-55
-32
-49
-77
-110
-122
-86
-14
39
57
72
89
75
24
-19
-24
-33
-90
-146
-139
-81
-42
-38
-36
-41
-82
-141
-168
-156
-123
-73
1
71
88
55
17
5
18
40
66
89
112
158
224
249
202
132
99
92
69
45
58
92
101
62
7
-22
-23
-37
-66
-56
8
49
9
-60
-79
-56
-45
-65
-93
-112
-104
-71
-39
-39
-57
-49
1
58
102
142
196
225
195
153
159
181
161
104
61
36
3
-25
-39
-83
-168
-247
-290
-316
-336
-334
-300
-261
-221
-174
-137
-116
-101
-85
-71
-47
2
59
97
125
155
173
151
98
50
21
8
6
12
21
41
67
59
1
-47
-34
-8
-19
-37
-18
12
7
-19
-34
-34
-17
17
30
6
-9
16
51
60
67
82
85
66
47
53
73
63
3
-58
-50
15
40
-4
-36
-7
27
18
-20
-51
-62
-56
-42
-40
-41
-16
17
24
13
22
53
77
84
93
117
160
215
242
213
157
118
80
15
-33
-13
31
27
-16
-58
-97
-150
-194
-212
-238
-271
-258
-191
-134
-125
-145
-158
-157
-136
-94
-46
-4
42
91
126
140
134
112
91
90
92
78
68
78
92
84
61
37
3
-34
-35
-11
-5
-19
-24
-10
-18
-46
-62
-53
-26
-2
-1
-17
-16
18
54
58
42
22
3
5
50
103
111
83
64
45
-4
-46
-36
-16
-30
-49
-29
-14
-55
-115
-142
-147
-143
-117
-68
-35
-35
-46
-45
-35
-22
-1
25
52
83
127
165
170
145
124
115
91
56
52
71
69
43
40
57
36
-39
-110
-124
-98
-78
-90
-106
-93
-62
-51
-73
-88
-77
-65
-52
-23
13
26
25
38
66
80
71
56
51
52
59
73
90
98
79
49
23
3
-17
-39
-61
-79
-94
-107
-120
-134
-138
-133
-126
-111
-96
-90
-95
-87
-53
-20
-13
-28
-44
-37
-9
26
63
97
111
85
28
-19
-27
-16
-1
19
51
79
73
32
-12
-18
6
20
14
14
34
61
81
86
76
59
53
51
46
56
98
136
137
122
114
95
47
-1
-27
-29
-11
14
24
8
-18
-42
-76
-111
-125
-118
-107
-91
-53
-1
33
33
16
6
11
21
19
17
33
69
87
72
45
39
40
29
3
-11
-5
8
21
24
8
-21
-54
-90
-120
-130
-119
-114
-126
-131
-124
-119
-122
-125
-125
-107
-69
-29
-13
-11
16
50
56
48
61
88
87
62
49
59
61
50
33
26
29
30
20
3
-6
-8
-10
-9
10
44
62
51
38
41
46
38
37
53
72
69
58
63
83
101
97
67
25
-8
-20
-27
-42
-55
-59
-59
-61
-64
-68
-68
-68
-79
-97
-95
-60
-22
-14
-16
-7
6
7
-2
-12
-13
2
31
49
51
53
52
41
22
16
15
10
7
8
4
8
25
33
12
-22
-43
-58
-79
-82
-59
-41
-46
-51
-43
-38
-47
-51
-39
-26
-17
-6
-2
0
10
27
33
22
20
33
36
20
6
15
36
46
35
4
-29
-39
-26
-23
-42
-60
-53
-36
-31
-31
-28
-16
-2
11
26
38
48
66
89
97
80
63
66
77
73
64
61
62
45
14
-10
-27
-46
-62
-65
-52
-38
-35
-42
-47
-46
-51
-74
-87
-53
10
49
46
28
16
10
11
23
25
8
-3
9
28
38
51
66
68
50
37
38
39
28
18
23
39
41
14
-35
-68
-73
-72
-81
-86
-82
-75
-66
-53
-50
-60
-60
-45
-34
-33
-18
9
25
27
42
64
63
33
6
5
24
45
59
57
42
27
22
21
14
-1
-18
-28
-21
-6
1
1
1
2
-5
-23
-33
-30
-30
-31
-18
6
21
11
-6
-13
-17
-24
-27
-19
-6
-5
-13
-15
-16
-30
-57
-67
-40
-5
2
-16
-27
-20
-13
-11
-1
20
41
52
54
56
55
46
29
18
24
41
47
42
45
53
49
26
3
-8
-12
-12
0
14
14
-2
-20
-28
-34
-48
-60
-55
-37
-30
-38
-43
-33
-23
-31
-44
-33
-7
12
19
25
38
57
68
64
48
39
45
49
40
26
18
17
17
17
8
-15
-38
-49
-48
-40
-30
-19
-11
-9
-7
-4
-7
-11
-2
12
23
23
12
0
-7
-4
0
-13
-37
-45
-39
-33
-32
-30
-23
-20
-26
-35
-37
-30
-30
-37
-37
-23
-14
-24
-36
-34
-29
-33
-34
-17
2
9
5
5
12
27
43
53
46
38
47
63
71
72
68
57
38
27
29
34
33
28
24
16
14
18
10
-13
-26
-21
-14
-22
-28
-19
-14
-25
-36
-35
-29
-27
-25
-18
-10
-4
7
21
35
41
43
46
44
39
39
47
50
36
10
-12
-29
-43
-54
-65
-62
-44
-21
-17
-24
-17
9
25
21
8
-5
-12
-10
-6
-13
-29
-38
-41
-52
-66
-68
-57
-43
-33
-27
-18
-7
8
18
25
31
38
43
41
33
23
24
35
39
23
1
-17
-26
-24
-17
-10
-5
-1
6
8
5
12
31
49
57
55
50
43
36
31
28
25
23
20
11
-2
-13
-12
-10
-10
-9
-4
-9
-20
-21
-10
-6
-15
-25
-28
-32
-34
-34
-32
-29
-21
-9
-4
-1
12
24
24
21
28
37
43
47
42
26
14
18
17
-5
-27
-28
-24
-31
-35
-20
2
11
4
-4
-4
3
11
8
0
-1
2
-9
-29
-41
-38
-39
-57
-72
-66
-45
-35
-34
-27
-14
0
6
9
15
33
51
58
50
39
31
18
-1
-14
-16
-13
-14
-20
-26
-27
-24
-17
-5
11
26
36
39
35
30
28
34
34
24
18
19
17
8
-1
-1
2
1
-3
-9
-17
-14
-2
11
14
16
17
15
12
11
7
-3
-16
-18
-13
-5
-2
-3
-8
-15
-21
-19
-7
7
12
9
5
7
14
17
10
3
1
-1
-6
-16
-18
-14
-9
-7
-4
-1
2
1
-1
0
6
10
11
9
5
0
-6
-9
-13
-16
-16
-11
-8
-7
-5
2
10
14
18
23
28
32
37
32
15
-2
-9
-9
-12
-17
-22
-24
-21
-18
-20
-25
-24
-14
0
10
16
21
28
42
50
42
22
8
11
17
14
7
2
-1
-5
-8
-10
-15
-23
-26
-20
-7
2
5
3
1
1
-4
-10
-12
-11
-9
-9
-3
6
8
0
-12
-19
-23
-21
-14
-6
-3
-3
2
13
20
19
10
3
3
6
4
-6
-12
-11
-10
-10
-11
-10
-10
-8
-5
-4
-8
-9
-8
-4
7
23
30
21
5
-2
1
7
12
12
9
8
17
23
16
0
-10
-9
-4
0
-6
-11
-10
-4
-1
-8
-14
-15
-12
-11
-4
10
22
22
15
12
17
25
26
22
17
15
17
17
8
-3
-7
-8
-16
-24
-26
-20
-15
-12
-11
-6
2
10
11
8
6
8
10
10
11
15
11
3
-1
1
5
3
-2
-7
-8
-8
-9
-9
-5
-1
-2
-3
-6
-5
-4
-8
-20
-27
-24
-17
-13
-13
-12
-11
-11
-10
-6
-3
2
5
5
3
3
7
12
9
3
2
7
7
4
3
9
15
17
14
9
4
-2
-5
-8
-9
-7
-5
-5
-6
-5
-5
-14
-22
-16
-4
4
5
7
13
22
26
26
22
21
27
28
19
13
15
14
4
-10
-17
-17
-16
-18
-20
-19
-18
-16
-16
-13
-9
-4
0
2
5
9
11
13
13
9
2
-3
-6
-5
-4
-5
-4
-1
-1
-2
-1
4
8
12
17
22
24
17
5
-5
-13
-22
-28
-33
-34
-35
-34
-33
-32
-28
-18
-8
-3
2
8
13
16
22
28
32
31
32
30
21
9
-1
-4
-5
-4
-4
-6
-13
-19
-22
-22
-19
-15
-14
-12
-5
6
11
5
-1
3
6
2
-3
-2
1
3
5
7
9
7
-1
-6
-3
5
13
16
13
13
14
10
5
0
-2
-2
-1
3
6
3
0
-2
-5
-11
-17
-20
-19
-18
-15
-11
-9
-9
-12
-13
-10
-3
4
9
16
21
26
26
27
26
20
10
3
0
-2
-11
-18
-23
-22
-24
-30
-38
-42
-39
-34
-25
-17
-6
2
10
16
22
26
23
22
25
29
28
23
19
15
9
1
-6
-13
-19
-21
-21
-21
-21
-14
-7
-6
-6
-4
3
13
17
16
13
15
21
20
12
6
7
7
1
-9
-13
-12
-17
-25
-30
-25
-15
-5
-1
0
4
10
13
15
19
24
25
22
18
19
15
6
-6
-16
-24
-29
-27
-26
-25
-24
-18
-9
-2
2
3
5
11
20
24
24
28
32
30
25
20
15
9
2
-4
-10
-18
-27
-35
-36
-34
-36
-40
-39
-32
-21
-10
1
13
24
27
26
25
27
27
27
23
20
14
6
-3
-11
-18
-26
-33
-34
-32
-27
-25
-24
-23
-17
-8
2
11
19
21
22
26
33
36
34
30
23
17
10
0
-10
-17
-21
-26
-32
-37
-37
-35
-31
-24
-16
-5
8
21
30
36
38
39
37
31
26
17
8
-4
-13
-25
-34
-43
-48
-50
-46
-36
-29
-20
-12
-1
8
16
25
35
43
46
45
42
38
34
26
15
6
0
-6
-18
-31
-40
-41
-39
-37
-37
-33
-26
-14
-5
4
14
24
32
33
32
34
36
34
27
16
7
1
-5
-13
-20
-22
-18
-18
-20
-23
-23
-19
-16
-12
-7
-2
5
11
14
16
20
23
24
22
22
21
16
9
4
0
-6
-14
-23
-29
-30
-28
-27
-24
-22
-12
-2
8
17
26
34
39
41
40
35
27
18
9
-1
-11
-21
-31
-40
-44
-47
-48
-47
-41
-31
-19
-8
2
12
21
29
34
37
40
42
43
43
37
28
14
0
-14
-25
-35
-40
-42
-43
-41
-37
-33
-27
-21
-11
-1
10
22
32
38
40
40
36
33
27
21
12
3
-5
-11
-18
-24
-30
-29
-30
-29
-25
-20
-15
-9
-3
3
7
12
18
23
24
27
27
23
18
13
6
0
-4
-9
-14
-20
-21
-21
-26
-28
-28
-21
-11
-1
7
14
18
26
35
40
40
36
32
28
22
14
6
-2
-10
-19
-28
-35
-37
-39
-42
-43
-34
-19
-7
1
5
11
17
23
28
31
36
40
42
40
33
22
8
-3
-14
-22
-29
-37
-40
-40
-39
-38
-31
-23
-14
-7
1
11
20
28
32
36
38
37
33
26
20
13
5
-5
-13
-18
-24
-29
-31
-31
-29
-26
-19
-11
-3
2
9
14
20
22
20
21
22
21
20
16
10
3
-7
-17
-22
-23
-26
-29
-28
-25
-22
-21
-19
-13
-4
6
15
22
28
35
38
36
35
30
23
12
2
-4
-11
-17
-24
-28
-32
-32
-32
-30
-28
-22
-14
-3
4
12
19
25
27
27
24
23
23
20
16
10
7
5
0
-9
-16
-20
-23
-26
-27
-24
-19
-13
-10
-7
-3
2
8
13
16
22
24
23
19
15
13
8
1
-5
-9
-11
-11
-12
-15
-17
-14
-10
-6
-3
-2
1
3
7
8
12
15
17
16
14
12
10
8
1
-4
-8
-12
-16
-20
-20
-19
-19
-17
-14
-10
-4
2
6
9
13
20
24
25
23
19
16
12
7
1
-3
-7
-10
-14
-18
-21
-21
-20
-19
-16
-10
-4
0
5
9
12
12
13
13
14
15
15
11
8
4
0
-5
-9
-10
-12
-14
-13
-12
-10
-8
-6
-4
-3
0
3
6
10
10
10
9
10
8
6
1
-4
-6
-8
-9
-8
-9
-8
-8
-6
-2
0
2
2
2
4
7
7
7
7
8
8
8
7
5
1
-1
-2
-1
-2
-3
-4
-8
-12
-15
-15
-14
-11
-7
-3
0
3
7
8
8
10
13
16
17
17
14
10
6
2
-4
-7
-10
-13
-16
-17
-15
-14
-12
-11
-7
-3
3
6
10
12
15
17
17
16
14
15
13
8
3
-2
-5
-7
-10
-13
-14
-14
-13
-11
-10
-9
-5
-1
4
9
11
13
14
14
14
13
12
10
8
3
-3
-7
-11
-17
-20
-18
-16
-11
-7
-4
-2
2
6
9
11
15
17
17
17
15
12
8
3
-1
-3
-6
-8
-9
-11
-13
-15
-14
-12
-9
-7
-4
-1
2
4
6
8
10
12
14
16
17
15
13
9
5
1
-3
-8
-10
-13
-13
-16
-16
-14
-11
-9
-9
-7
-3
1
3
6
8
12
13
14
12
10
9
7
5
2
1
2
0
-3
-5
-9
-11
-12
-13
-12
-9
-4
0
2
2
3
5
6
7
9
10
9
10
6
3
-2
-6
-9
-10
-9
-6
-6
-6
-6
-5
-5
-4
-1
3
7
10
12
14
12
10
8
5
2
0
0
-3
-5
-8
-10
-11
-12
-12
-11
-9
-7
-6
-4
-1
3
7
9
10
11
11
11
10
10
10
9
7
3
0
-3
-7
-11
-13
-13
-10
-7
-3
-2
-2
-3
-4
-3
-1
1
3
5
7
8
8
6
3
2
1
1
2
3
2
0
-3
-4
-6
-5
-5
-4
-2
-1
-1
0
1
2
2
3
5
7
7
5
2
0
-3
-2
-2
-4
-4
-5
-6
-8
-8
-8
-7
-5
-1
3
6
8
8
9
8
9
8
8
6
5
3
1
-2
-5
-8
-9
-10
-11
-11
-11
-10
-10
-8
-4
0
4
6
8
8
8
8
7
7
8
9
8
7
2
-1
-5
-9
-11
-10
-6
-5
-2
-1
-2
-1
0
-1
-1
0
3
5
5
4
4
2
0
-1
-1
-1
0
0
-1
-2
-3
-2
-2
-1
-1
1
1
0
0
0
0
1
3
4
5
5
3
3
1
-1
-2
-2
-2
-1
-3
-3
-4
-5
-7
-8
-6
-4
-2
0
2
3
4
5
5
7
6
7
7
7
7
4
4
1
0
-2
-4
-7
-7
-8
-8
-10
-9
-8
-7
-5
-4
-3
-1
2
5
7
10
11
11
9
7
4
2
1
-1
-2
-5
-6
-6
-6
-7
-8
-7
-5
-3
-1
2
4
3
3
3
2
2
2
3
4
3
3
2
-1
-2
-5
-6
-6
-4
-4
-4
-3
-3
-1
-1
0
0
2
3
5
6
6
4
4
2
1
0
-1
-2
-4
-4
-3
-4
-5
-4
-5
-4
-4
-3
-3
-1
0
1
2
2
3
5
3
4
3
3
5
5
6
3
2
1
-1
-3
-6
-8
-8
-7
-7
-6
-5
-5
-4
-4
-1
1
4
7
8
7
8
7
5
4
2
1
1
0
-1
-4
-4
-4
-5
-6
-6
-3
-2
-2
-1
-1
0
1
1
2
1
3
4
5
4
5
3
2
1
0
-2
-1
-1
-2
-2
-2
-3
-3
-3
-3
-2
-1
-1
0
1
3
3
4
3
3
2
0
0
0
-1
0
0
-1
1
-1
-2
-3
-3
-3
-3
-2
-1
-1
-1
-1
-1
-1
0
1
3
4
5
5
4
2
1
-1
-2
-2
-3
-4
-5
-5
-6
-6
-5
-4
-1
0
1
3
4
3
4
3
3
2
3
2
0
-1
-2
-2
-1
-2
-1
-1
-1
-3
-2
-2
-3
-2
-2
-1
-2
-1
-2
-2
-2
-2
-1
2
3
4
3
4
2
2
1
2
1
2
3
2
0
-2
-5
-6
-7
-6
-5
-4
-1
-2
-1
-1
-3
-2
0
2
4
6
7
7
6
4
2
1
0
-1
-2
-3
-3
-4
-5
-6
-6
-5
-4
-2
-1
1
1
3
4
5
7
6
4
3
0
-2
-3
-3
-2
-3
-1
-1
-2
-2
-4
-3
-3
-1
0
2
4
3
2
0
-2
-1
-1
2
2
3
3
1
1
-1
-2
-2
-2
-1
-1
-2
-2
-3
-4
-3
-3
-1
-1
0
1
2
1
1
2
3
4
4
5
4
3
1
1
0
-2
-2
-3
-3
-3
-5
-4
-6
-6
-4
-3
-2
1
1
1
3
3
5
6
8
8
8
5
3
0
0
-3
-4
-4
-5
-4
-5
-6
-7
-7
-5
-4
-1
1
1
