0
2
0
-1
-3
-1
1
-7
-5
-3
0
-2
-7
-5
-2
-3
0
-2
-3
1
-2
2
2
3
3
5
0
0
3
-2
-1
0
3
3
2
1
5
3
1
-1
-4
-1
-2
-5
-4
-5
-8
-7
-5
-1
-3
-6
3
1
-2
-3
-4
3
5
-1
4
1
0
3
2
5
4
1
6
7
2
4
4
1
5
3
2
5
4
-1
1
2
-2
0
4
4
4
2
3
3
-1
-2
0
-5
-5
2
-4
-1
-3
-5
-3
-2
-1
-1
-2
2
1
-1
-6
-2
0
-1
1
-7
-5
-4
-5
-9
-9
-7
-3
-5
-7
-7
-7
-3
-4
-2
-3
0
-2
-2
1
-2
2
7
7
4
5
4
-1
0
3
3
3
3
3
5
1
4
7
6
4
-2
3
3
4
2
1
4
4
4
-1
2
-2
-1
0
-5
-3
-2
2
0
-2
1
-3
-6
-2
-1
-3
-3
-2
-4
-1
2
0
-1
-2
0
4
4
1
-4
0
4
0
5
6
6
5
1
1
2
8
9
6
9
10
8
4
5
3
4
7
3
3
4
-1
6
8
3
5
3
2
0
-3
-2
1
3
3
-1
-3
-2
-2
4
7
4
6
9
6
5
1
4
5
6
5
2
1
2
7
4
5
3
-6
-1
6
1
1
-1
0
1
-3
0
-1
-4
-2
1
0
-2
5
6
2
5
9
7
3
5
2
-1
0
0
1
0
-1
-1
2
1
-1
-2
-2
-1
-1
2
2
-1
1
0
2
2
3
2
-4
3
3
-5
-6
1
2
2
3
-1
-1
0
1
1
2
5
4
1
3
-1
0
-1
2
1
-1
2
-1
4
-3
4
1
-1
1
1
1
0
4
3
5
2
3
-1
5
5
1
-6
-8
4
-3
-1
-4
-5
-5
1
2
0
1
-3
1
0
2
-1
-1
4
0
3
2
0
-2
-1
-1
1
3
0
3
-2
-4
-4
-5
-1
1
6
1
0
1
5
2
0
-2
-5
-1
-5
1
3
-1
-2
-2
2
0
-3
2
-2
3
3
2
12
7
4
3
6
1
4
10
4
3
2
0
0
5
4
3
2
-1
3
4
3
2
0
0
0
-2
4
2
-1
1
1
3
-2
2
-3
-1
1
-3
5
5
4
0
2
-3
-6
1
-4
-6
-4
-2
-3
-3
-5
-15
-6
-7
-4
-5
-7
-4
-8
-3
-3
-2
-4
-6
-9
-6
-4
-2
1
0
-2
1
4
-1
3
4
2
2
3
1
0
-1
4
8
3
1
0
2
1
-1
0
6
2
-2
5
4
1
-1
-4
0
0
-3
-2
0
1
1
-1
1
-1
-1
-4
1
2
-1
3
2
0
-3
-1
1
-1
1
-2
-2
-5
-10
-5
-1
1
-6
-4
6
3
-6
-2
-2
-7
-7
-7
1
0
-6
3
9
1
-8
0
4
0
-3
0
7
0
-5
2
2
0
-5
-2
3
1
-4
-4
-5
-1
-1
-6
0
6
0
0
4
3
2
4
3
0
-2
-2
0
-3
-7
-1
0
-1
-3
1
3
-2
-4
-3
0
-5
-2
-3
-4
-5
-7
-5
-5
-2
-4
-7
-4
-7
-3
1
-3
-4
-2
-4
-4
-1
2
4
5
3
3
4
4
0
-4
-1
-3
0
0
-4
-7
-2
-3
-4
-1
-5
1
4
2
2
3
1
-2
-3
-4
1
-1
2
6
4
2
6
3
4
2
2
2
-1
2
2
3
-1
3
0
-4
0
-5
-4
-2
-3
-3
-1
-4
-4
1
0
-3
0
0
-5
-1
0
-1
1
0
-3
-3
2
1
-1
2
1
2
-1
-3
0
-1
2
3
2
3
2
4
2
9
2
2
2
-3
-2
-1
2
0
3
-2
-4
-3
1
-3
-2
-3
-2
1
-4
-2
-5
-5
-6
-1
-2
-6
-9
-4
-2
-4
-4
-2
-3
-1
1
-4
-5
-5
-3
-2
-4
-4
-3
-6
-6
-4
-5
-2
2
3
-1
-4
-2
4
7
13
4
5
3
0
0
-6
-2
1
0
1
-3
-7
0
2
0
0
1
3
2
1
-3
-2
1
-5
-5
-3
-2
-1
0
1
0
5
2
1
2
-1
1
1
5
3
-3
0
-1
1
3
-1
-1
0
-3
-3
-1
-1
-3
-5
-4
-7
-2
0
-5
-1
-1
1
2
3
3
-1
1
3
5
5
3
2
4
5
4
1
2
2
2
-1
-1
5
3
0
1
0
-2
5
-1
-1
7
6
1
2
2
0
0
0
2
1
0
2
6
4
0
-1
-6
-2
-3
-5
-3
1
0
-2
-4
1
-1
0
0
2
1
-4
-1
2
3
0
1
4
8
6
5
8
2
4
7
9
5
1
2
7
2
2
0
-2
2
2
2
-6
-5
-6
-7
-7
-9
-10
-5
-5
-4
-2
-7
-5
-1
5
4
4
5
7
1
-1
-1
-1
6
11
6
6
8
6
6
1
3
0
0
5
7
1
-5
-4
4
-2
-4
3
-2
3
-3
3
5
3
7
10
12
6
10
13
16
17
8
7
7
-2
0
6
7
6
8
9
11
3
-7
-7
-2
2
-6
-3
-6
-1
-1
-5
1
-1
5
5
9
9
6
-12
-16
-7
-3
-1
-6
3
9
5
-3
-9
-5
1
8
9
8
22
14
8
-5
-6
-8
-17
-7
-16
-11
-24
-12
-4
-7
-2
5
20
23
16
14
29
30
30
26
35
38
41
37
43
45
28
13
12
10
1
7
4
5
-1
6
9
-4
-4
-5
-8
-23
-13
-4
2
4
14
8
6
10
25
23
15
21
20
18
20
21
12
15
14
26
9
26
26
17
8
6
36
9
17
12
4
-11
-24
4
-3
-6
1
-12
-16
-22
1
18
11
18
6
18
11
24
33
25
12
-15
-25
11
-5
-10
-10
-35
-30
-49
-14
-235
-582
-709
-506
-275
-513
-643
-421
24
226
156
260
386
395
268
206
223
-46
-472
-664
-422
-68
-34
-30
172
533
883
973
694
135
-173
214
563
351
-88
-18
572
899
1117
1287
1437
1338
1061
1002
820
521
-57
-605
-903
-895
-659
-615
-684
-634
-383
-102
-116
-262
-444
-568
-723
-941
-1048
-952
-741
-568
-395
-135
269
550
609
377
119
-94
-340
-612
-1022
-1225
-1460
-1693
-1778
-1518
-940
-684
-543
-331
152
672
858
829
667
663
786
848
905
930
1110
1272
1434
1623
1788
1798
1632
1399
1149
977
821
637
304
167
304
658
889
905
1042
1178
1243
719
-47
-801
-1364
-1869
-2655
-3230
-3402
-2998
-2473
-2091
-1493
-785
53
517
473
363
264
353
99
-291
-458
-315
156
479
688
907
1101
1183
918
297
-300
-871
-1341
-2074
-2808
-3118
-3252
-2983
-2724
-2270
-1791
-1279
-527
-75
398
743
1036
1299
1221
1421
1704
1963
1984
1836
2011
2013
2006
1860
1642
1500
1289
1209
1132
1150
1260
1368
1390
1474
1599
1832
1750
1461
1295
1238
1501
1649
1879
2082
2390
2890
2506
1455
242
-506
-1683
-4218
-6291
-6864
-6322
-6558
-7148
-6148
-3874
-1838
-901
-116
912
1582
1813
1676
1332
861
647
927
1358
1591
1875
2433
2903
2695
1732
633
-209
-1064
-2705
-4715
-5562
-5047
-4522
-5069
-5080
-3497
-1372
-233
-214
372
1056
1430
1294
1081
1170
1154
1540
1718
1891
2375
2964
3102
2211
1467
1318
1083
64
-1158
-1514
-1348
-959
-632
-202
520
1460
2395
2627
2779
2972
3181
2930
2377
2443
2986
3629
3919
4501
5437
6584
7217
7104
6048
4812
2042
-3094
-7857
-10022
-9729
-12142
-15801
-16576
-12336
-6517
-4449
-3500
-1441
1634
3978
4172
4019
2936
2143
2183
2193
3011
3517
4792
6149
6553
6026
4665
3803
2559
-516
-5163
-8797
-9324
-8591
-9861
-11247
-9516
-5254
-1796
-385
1263
2766
3404
3232
2986
2605
1187
231
178
489
1154
2364
3783
3610
2782
2892
3260
2200
-461
-2651
-3762
-4135
-4103
-3819
-3145
-1998
-365
1335
2667
3567
4148
3846
2823
2066
2167
2283
1855
1707
2373
3689
5117
6315
6844
6717
6621
6563
6427
5231
3712
2195
1226
651
141
-1000
-5611
-9851
-10930
-8278
-8405
-12922
-15762
-13336
-7095
-4380
-4623
-3147
140
3851
5376
6131
6595
6184
6280
5429
4836
4231
3764
3995
3193
1599
-443
-1257
-1056
-2078
-5409
-9044
-9716
-7343
-6573
-8685
-9171
-5917
-1618
2
644
2392
4224
4551
3900
4066
4207
2793
1147
63
-169
397
1112
869
-516
-877
282
1117
132
-1736
-2549
-2259
-2153
-2128
-1786
-1112
-329
552
1658
2710
3918
4275
3436
2405
2502
3320
3197
2188
1368
2081
3520
4523
4953
4997
5029
5175
5228
4899
4282
3942
3727
2887
2419
2688
3422
3892
2956
2356
10
-4523
-8566
-10458
-9254
-11864
-16403
-18053
-14223
-7296
-4878
-4420
-2574
1085
5270
6110
6042
4952
3435
3093
2408
2759
2397
2043
2716
3323
3555
2453
1451
1139
-322
-3967
-8075
-9368
-7918
-8136
-10429
-10826
-7166
-2294
-129
731
2256
4532
5788
5333
4041
2746
1950
1363
36
-1540
-1625
-36
919
171
-443
603
1821
1393
-327
-1697
-1734
-1484
-1564
-2019
-1789
-556
819
1619
2061
3069
3905
3581
2449
1975
2595
2907
2258
1486
1767
3030
4409
4898
4605
4537
5087
5756
5467
4532
4208
4290
4619
4368
4256
4907
5469
6083
5304
4647
3911
2879
-1046
-7884
-13440
-14468
-13095
-15317
-19500
-20883
-15485
-7697
-3864
-3247
-2319
1331
5415
6620
5717
3663
3094
3562
3619
3876
3673
4598
5785
6229
5131
2679
1056
-52
-2495
-7469
-12256
-13408
-11564
-10755
-11787
-11165
-6912
-1515
2034
3505
4327
5667
6754
6708
4726
2349
1193
1554
1317
-448
-920
430
1816
1374
-103
-328
116
-312
-2074
-3617
-3222
-2008
-1104
-1017
-468
1566
3607
4264
3797
3582
3841
3400
1909
804
643
1183
1423
1261
1625
2925
4693
5380
4948
4417
4689
5425
5067
4094
3801
4532
5748
5876
6120
6642
7566
7957
7061
6311
4885
3894
1919
-603
-4795
-11216
-15934
-17190
-15490
-16915
-20617
-21317
-16563
-8896
-5132
-4639
-3359
-155
4080
5760
5788
5005
4465
5096
5516
6464
6936
7005
7006
6749
5887
3564
786
-1340
-3637
-7894
-12673
-14499
-12672
-11059
-11999
-12150
-8484
-2618
1155
2278
3073
4776
6410
6132
4635
3174
2597
2288
1261
563
1073
2747
3173
2126
1394
1689
2320
1183
-1237
-3034
-3208
-2470
-2358
-2652
-2293
-870
1003
1988
2504
3145
3589
3399
2382
2017
2569
3034
2616
1890
2335
4010
5716
6145
5516
5112
5605
6182
5635
4621
3980
4265
4424
4376
4724
5224
5954
5939
5929
5816
5688
5036
3767
2057
-326
-3953
-9747
-14733
-17019
-17011
-17994
-20895
-21733
-18275
-11762
-6379
-4416
-2819
-249
3721
6686
6809
5621
4052
4172
5103
5702
5774
5292
5569
6022
5572
3700
1194
-930
-3310
-7155
-11351
-13490
-13022
-11935
-12144
-11677
-8496
-3253
1048
3149
4257
5587
6932
6849
5874
4019
2468
973
-332
-132
616
2155
2262
1875
2230
2981
3913
2794
331
-1874
-2622
-1930
-1805
-2218
-2380
-1415
596
2193
3379
3829
3941
3403
2618
2315
2227
2048
1090
637
1422
3152
4572
5016
5253
5550
5890
6094
5760
4782
3963
3454
3435
3348
3609
3917
4126
4599
4618
5007
5110
5826
5667
4175
2614
1060
-283
-5073
-11304
-16106
-17396
-16978
-19456
-22085
-22034
-17085
-10504
-7012
-5012
-3064
913
4757
5994
5550
4235
4239
4826
5389
5773
5704
6350
7441
8203
7340
4876
2511
694
-2085
-6722
-11329
-13241
-12857
-12524
-12774
-11793
-8091
-3042
865
2890
3858
4990
6127
6229
5011
2780
1132
373
305
881
1803
2816
3399
3812
4226
4725
4687
3011
251
-1939
-2601
-2333
-2631
-3352
-3233
-1578
745
2455
3286
3415
3343
2818
2257
1750
1095
496
-207
-8
1287
3161
4881
5723
6270
6749
7323
7696
7103
5532
4031
3134
2992
3549
3433
3162
2881
3143
4388
4936
5047
4614
3736
4787
4477
2296
-1257
-6484
-10144
-14443
-16755
-18705
-21597
-22163
-21888
-17632
-12080
-8149
-5017
-3167
754
4212
5552
5611
4351
4453
4442
4759
5729
6915
8490
8771
8924
8902
8181
6234
2645
-1455
-5892
-9565
-12225
-13680
-13981
-13981
-12713
-9517
-4908
-825
972
1838
3002
4514
5242
3893
1850
167
-148
953
2148
3209
3568
4138
5366
6377
6749
5543
3203
738
-1102
-2018
-2675
-3311
-4004
-3966
-2519
-242
1548
2088
1924
1625
1615
1516
1113
369
-305
-267
615
2331
4192
5582
6424
7075
7923
8596
8390
7081
5153
3832
3449
3308
3104
2744
2679
2776
3193
3816
3995
3582
2796
2354
2190
2736
3376
2570
144
-4838
-9353
-12311
-13389
-14504
-19088
-22749
-23120
-18382
-11917
-8799
-7274
-5746
-1282
4004
6416
6710
5087
4393
4943
5840
7106
7396
7691
7933
8364
8698
7805
6161
3448
-349
-4935
-8853
-10649
-11501
-12653
-14244
-14108
-10847
-6050
-2534
-1810
-1336
415
2900
3461
1683
170
-145
1042
2154
3321
4847
6382
7767
8135
8317
8401
7278
4324
309
-2410
-3390
-3952
-5056
-6288
-6098
-3941
-888
1068
1465
1434
1826
2118
1751
1061
387
59
91
851
2585
4689
6546
7536
8155
8850
9365
9296
7942
6023
4015
2778
2502
2357
2279
1853
2210
2652
3392
4016
3812
3341
2176
1749
1404
1744
1810
42
-2649
-6842
-9960
-11897
-12962
-14655
-18391
-20256
-19356
-14977
-10423
-8359
-6821
-4687
-298
3576
5406
5834
5216
5450
6061
6947
7731
7565
7343
6927
6869
6573
5143
3203
555
-2405
-5842
-8640
-9946
-10851
-11844
-13007
-12373
-9616
-6118
-3512
-2901
-2171
-366
1789
2603
1437
610
749
1910
3450
4534
5546
6415
7482
8060
8083
7773
6285
3569
600
-1247
-2254
-3075
-4157
-5137
-4949
-3303
-1131
24
203
285
660
974
1106
1125
1173
1228
1630
2957
4784
6678
7907
8263
8181
8220
8585
7916
6100
4067
2797
2532
2538
2537
1844
1714
2441
3309
3815
3116
2587
1380
891
1020
734
1164
1176
2129
1851
-1181
-5279
-9012
-9764
-10928
-15185
-20225
-22615
-19539
-14718
-11965
-10745
-8664
-3577
1988
5404
6600
6260
6034
6104
6313
6065
5280
4819
5011
5932
6248
5750
5117
4733
3673
215
-3970
-6706
-7831
-9257
-12378
-14624
-14063
-10999
-8007
-6818
-5630
-3378
-399
1276
1237
1160
1656
2576
2965
3319
4536
6225
7711
8071
7970
8169
8150
6852
3896
921
-979
-2123
-3504
-5147
-5905
-5174
-3433
-1735
-527
647
2053
3077
3367
3424
3800
4153
4031
3647
3945
5168
6606
7332
7023
6861
7237
7582
6986
5326
3773
3037
2975
2738
1910
1240
1430
1907
2062
1510
977
931
624
321
269
820
2204
2640
400
-4424
-8320
-8677
-8430
-11333
-17246
-21101
-19093
-13968
-10456
-10003
-9169
-5351
-324
3218
4193
3823
3463
3413
3301
2987
2941
3542
4535
5406
5762
5823
6099
6560
5865
2592
-2068
-5381
-6164
-6922
-9769
-13081
-13558
-10423
-6983
-5370
-4619
-3109
-653
726
628
-57
-255
41
-47
319
1848
4419
6532
7231
7580
8566
9752
9199
6230
2588
232
-715
-1823
-3685
-5236
-5156
-3425
-1366
161
1173
2064
2764
2794
2614
2621
2770
2441
1687
1689
3045
5248
6645
6693
6484
6982
8002
8200
6859
4913
3736
3714
3838
3329
2853
2801
3415
3754
3606
3226
2643
2464
1561
1131
1103
1687
1001
-3279
-8400
-11918
-11478
-11544
-15243
-20184
-22192
-18381
-13163
-10107
-9217
-7849
-3733
813
3759
4497
3891
3869
3703
3713
3534
3911
5235
6266
7182
6972
6869
7268
7612
6342
1972
-2950
-5705
-6115
-7032
-10287
-13139
-12734
-9579
-6362
-5097
-4364
-3159
-1331
-348
-1283
-2265
-2439
-1529
-1512
-1527
366
3751
7009
7733
7837
8915
10425
10212
7126
3471
828
-355
-1243
-2807
-4183
-4267
-2651
-754
405
1177
1916
2363
1782
918
799
1318
1414
702
800
2395
5059
7115
7705
7546
7604
8598
9062
7968
5829
4436
4243
4169
3620
3032
3125
3427
3661
3343
3032
2651
1909
945
77
53
843
838
-2521
-8124
-11854
-10907
-9587
-12595
-18332
-21201
-17789
-12482
-9450
-9137
-8401
-5059
-851
2154
2880
2348
2398
2824
2647
2127
2351
4126
5918
6820
6521
5933
6478
7673
7521
3804
-1521
-4738
-4743
-4830
-7582
-10763
-11021
-8407
-5893
-4685
-4001
-3165
-2533
-1984
-2100
-3024
-4115
-4391
-3500
-2676
-1104
1735
4927
6794
7541
8978
10607
10630
8368
5235
2843
1472
372
-847
-2204
-2842
-2014
-380
868
1207
1383
1469
901
-5
-270
139
239
-263
-214
1249
3575
5721
6681
6853
7000
7635
8353
7906
6375
4861
4572
4858
4775
4310
4273
4769
4813
4565
4066
3771
2992
1491
283
-186
332
1069
216
-3168
-7909
-10365
-9246
-9263
-12839
-18080
-19655
-16351
-12744
-10741
-10190
-8608
-5689
-2756
-354
607
942
1582
1782
1234
863
2199
4783
6387
6686
6321
6424
7174
8149
7656
4358
-25
-2712
-2783
-3457
-5929
-8114
-8121
-6626
-5792
-5146
-4187
-3410
-3165
-3570
-4381
-5384
-6080
-5725
-5174
-4575
-2962
-158
3213
5431
7035
8617
9603
9469
8119
6421
4638
3071
1933
913
99
81
740
1425
1743
1944
2120
1749
788
-207
-822
-1015
-1033
-943
-478
497
2207
4022
5164
5632
5954
6466
6589
6034
5233
4613
4436
4539
4485
4545
4967
5692
5779
4969
4049
3501
2890
1570
144
-820
-829
-1208
-1243
-447
-247
-2357
-6484
-8166
-7575
-7952
-11165
-15013
-15684
-14218
-12357
-10495
-8529
-6438
-4974
-3210
-1368
-343
504
716
-25
-1410
-1388
299
1799
3064
4261
5106
4938
5402
7336
8119
5750
2108
564
253
-1340
-3336
-3811
-3330
-3724
-4417
-3777
-2734
-2428
-3115
-4631
-6569
-8122
-7952
-7177
-7253
-7239
-5447
-1842
1460
3691
5503
6851
7545
7618
7134
5980
4568
3780
3436
2931
2947
3828
4717
4771
4388
4286
3931
2923
1496
18
-1101
-1552
-1321
-837
-452
377
1631
2755
3433
3898
4273
4019
3464
3066
3056
3246
3630
3894
4040
4448
5340
6025
5238
4052
3098
2607
1788
344
-544
-1076
-985
-361
717
2369
3324
2526
31
-2950
-4244
-5081
-7652
-11892
-15053
-14205
-11535
-9803
-9331
-8254
-5846
-3690
-3140
-3807
-4322
-4446
-4785
-5920
-6567
-5551
-3030
73
2617
4400
5803
7248
9084
10096
8734
5725
3133
2447
1902
220
-1205
-1221
35
649
47
-613
-656
-646
-2253
-5590
-8738
-10047
-9883
-9631
-9657
-8417
-5325
-1687
1344
3214
4619
5566
5799
5156
3735
2883
3112
3650
3702
3679
4622
6169
6973
6656
5695
4771
3837
2457
786
-618
-1100
-736
-336
-180
223
1177
2221
2435
1920
1344
980
793
271
-296
-223
694
2056
2907
3321
3867
4605
5107
4684
3561
2555
1962
1440
847
518
841
1539
2212
2986
3782
4800
5646
5067
2736
-773
-3017
-3672
-4854
-7120
-9578
-10033
-9036
-7920
-7081
-6741
-6190
-5691
-5690
-6379
-7437
-7594
-6966
-6624
-6864
-6727
-5080
-2323
623
2628
3338
3369
3858
4733
4605
3501
2269
1920
1944
1531
1220
1639
2892
3722
3184
1964
886
487
69
-1473
-3979
-6356
-7039
-6327
-5637
-5188
-4275
-2542
-792
393
1156
1668
1947
1970
1672
1298
1533
2618
3600
3539
3223
3693
4297
4130
3446
2743
1978
1317
1215
1147
846
941
1571
1987
1835
1767
1992
2003
1449
778
350
203
213
275
86
-56
428
1133
1288
1105
1386
1616
1507
1260
1198
1235
1415
1805
1851
1930
2380
3126
3438
3336
3389
3521
3627
3667
3796
4086
4101
3292
1463
-608
-1541
-1849
-2701
-4601
-6277
-6705
-6481
-6095
-5910
-5946
-6220
-6518
-6786
-7236
-7609
-7378
-6959
-6799
-6604
-5790
-4306
-2330
-280
987
1145
822
1036
1499
1551
1104
773
1018
1433
1845
2295
2940
3524
3552
2749
1611
719
191
-414
-1479
-2557
-3284
-3080
-2237
-1351
-568
154
863
1138
1087
1049
1032
989
707
370
278
503
1083
1407
1300
1074
1107
1281
1047
627
424
524
749
967
1192
1502
1971
2387
2401
2100
1880
1824
1609
1061
313
-125
-82
111
303
435
664
1103
1472
1500
1324
1320
1636
1728
1562
1387
1416
1785
2209
2548
2633
2831
3161
3264
2945
2536
2311
2108
1878
1565
1493
1674
2157
2993
3451
2807
1079
-571
-1277
-1779
-3091
-5039
-6287
-6008
-5088
-4668
-4515
-4000
-3284
-3298
-4178
-5275
-6046
-6375
-6749
-7369
-7648
-6972
-5428
-3446
-1690
-556
-239
-375
-351
-216
-423
-984
-1089
-404
374
739
1351
2545
3690
3979
3427
2778
2250
1723
810
-183
-834
-1024
-799
-438
74
616
1252
1594
1305
710
297
135
-95
-593
-947
-957
-610
-106
89
190
342
627
868
931
846
840
884
949
1151
1299
1569
1760
2016
2158
2031
2021
1897
1613
1273
1013
979
1033
1025
1141
1305
1732
2045
1984
1919
1797
1685
1447
1005
676
649
631
551
562
902
1363
1695
1906
1898
1855
1894
1865
1712
1415
1178
1308
1715
2256
2792
3505
3939
3399
1791
72
-828
-1351
-2292
-3830
-4810
-4887
-4501
-4158
-3951
-3697
-3615
-3954
-4866
-6101
-6954
-7211
-7135
-6888
-6538
-5730
-4523
-2924
-1383
-481
-380
-636
-710
-669
-563
-360
73
615
1024
1169
1314
1816
2455
2583
2022
1210
703
440
159
-37
-114
-156
-235
-131
66
270
523
575
298
-184
-348
-224
-40
71
-5
39
118
214
446
754
1000
1105
1238
1298
1322
1567
1671
1624
1678
1565
1404
1414
1605
1639
1475
1444
1537
1799
1857
1728
1626
1464
1342
1215
1026
779
696
668
476
428
656
955
1026
1110
1240
1235
1161
1150
1199
1216
1297
1363
1433
1656
1959
2075
2065
2083
2158
2224
2308
2444
2586
2814
2841
2100
440
-1220
-1965
-2159
-2619
-3461
-3916
-3788
-3604
-3615
-3510
-3356
-3523
-4208
-5354
-6426
-6781
-6446
-5941
-5387
-4697
-3830
-3061
-2331
-1718
-1179
-1024
-1414
-1793
-1722
-1157
-393
485
1216
1619
1704
1705
1778
1905
1781
1408
860
342
-112
-271
38
254
190
-201
-367
-299
-132
-26
-43
-125
-226
-125
194
528
711
989
1158
1031
682
675
839
829
645
662
746
877
1231
1557
1817
2027
2247
2200
2043
1824
1726
1427
1114
1051
979
1062
1184
1279
1237
1046
1046
1028
829
584
430
492
292
135
292
383
609
888
859
802
1047
1402
1473
1407
1385
1532
1743
1880
1963
2057
2142
2226
2336
2428
2581
2964
3188
2494
927
-778
-1470
-1521
-1803
-2564
-3150
-3003
-2729
-2925
-3342
-3435
-3417
-3838
-4991
-6183
-6573
-5984
-5109
-4475
-4002
-3334
-2749
-2419
-2185
-1946
-1763
-1814
-1881
-1868
-1442
-562
489
1195
1445
1255
910
759
705
573
299
65
-9
-73
-143
103
500
756
522
103
-365
-700
-587
-351
-261
-237
28
300
549
765
971
1062
917
812
747
796
1013
1320
1421
1230
1235
1433
1445
1496
1605
1434
1115
1004
1015
812
909
1097
985
679
726
1043
990
880
861
693
345
432
754
643
638
1064
1210
1112
1321
1668
1542
1370
1465
1499
1429
1565
1829
1661
1617
1987
2193
2003
2099
2433
2408
2381
2728
3128
3369
3439
2888
1268
-630
-1389
-1446
-1706
-2222
-2369
-2344
-2527
-2792
-3221
-3683
-4135
-4691
-5846
-7100
-7342
-6443
-5428
-4716
-4010
-3355
-3057
-2977
-2816
-2613
-2429
-2282
-2113
-1943
-1298
-150
934
1545
1755
1517
838
417
571
770
648
551
751
819
650
549
542
423
111
-149
-477
-556
-191
250
439
359
462
583
546
514
527
606
525
436
541
670
710
774
872
783
770
874
967
1161
1307
1412
1396
1205
1137
1215
1364
1251
1259
1431
1278
1240
1210
1203
991
786
815
728
698
711
660
501
744
1047
966
901
1105
1225
1128
1333
1711
1822
1891
2033
2267
2639
2851
2851
2684
2840
3184
3561
3869
4139
4116
3068
1054
-881
-1574
-1618
-1811
-2330
-2663
-2645
-2755
-3266
-3864
-4299
-4776
-5676
-6831
-7586
-7463
-6395
-5231
-4417
-4152
-4048
-4006
-3971
-3669
-3220
-2841
-2560
-2026
-1274
-344
742
1813
2381
2186
1467
897
833
1173
1460
1496
1540
1594
1423
939
602
224
-465
-1421
-1992
-1803
-1506
-1197
-670
-324
-542
-786
-650
-538
-558
-328
-6
149
245
722
1243
1342
1432
1672
1713
1689
2069
2439
2567
2674
2856
2835
2472
2138
1891
1538
1287
1314
1231
989
1054
1119
862
716
666
416
182
335
604
602
691
1070
1287
1405
1852
2524
2789
2832
2928
2960
3041
3083
3165
3149
3096
3294
3586
3762
4085
4726
4815
3548
1259
-1180
-2407
-2341
-2042
-2487
-3190
-3293
-3568
-4713
-6079
-6440
-6409
-7098
-8390
-9181
-8768
-7206
-5604
-4863
-4720
-4484
-4382
-4618
-4358
-3051
-1341
-466
-56
533
1477
2316
2940
3190
2815
2201
1734
1585
1897
2455
2676
2274
1545
737
-286
-1215
-1748
-1903
-2404
-2897
-2858
-2486
-2085
-1844
-1780
-2126
-2465
-2431
-1902
-1014
60
1063
1633
1734
1751
1850
1913
1964
2165
2513
2799
3042
3486
3887
3736
3272
2970
2491
2081
2081
1915
1505
1230
1236
914
549
517
602
389
190
507
997
1192
1144
1232
1299
1488
1975
2602
2984
3310
3627
3683
3590
4021
4501
4041
3221
3216
3527
3524
3923
4946
5142
3214
-54
-3014
-3649
-2501
-1736
-2670
-3690
-3639
-3984
-5818
-7733
-7919
-7511
-8027
-9385
-9889
-8557
-6010
-4208
-4347
-5498
-5894
-5628
-5444
-4698
-2644
-299
859
1200
1503
1966
2511
3099
3090
2332
1667
1841
2674
3501
3914
3599
2595
1281
-84
-1385
-2296
-2417
-2073
-2181
-2708
-2985
-2884
-2843
-3147
-3731
-4106
-3808
-3010
-2087
-1080
198
1211
1371
1123
1335
1897
2384
2966
3726
4281
4689
4894
4546
4047
3774
3558
3042
2646
2817
2983
2680
2326
2180
1870
1337
926
759
791
1055
1282
1237
1187
1660
2242
2676
3087
3615
3832
3982
4502
4883
4741
4361
4188
4344
4746
5053
5411
6067
6618
4543
-413
-5237
-5853
-3512
-2333
-3593
-5093
-5114
-5701
-8156
-11119
-11831
-10662
-10111
-11388
-12191
-10197
-6505
-4711
-5458
-6728
-6720
-6005
-5046
-3041
39
3069
4265
3975
3396
3716
4687
5607
5853
5496
4962
5227
6144
6477
5261
3173
1387
-206
-2030
-3719
-3884
-3046
-2819
-4227
-5946
-6661
-6520
-6451
-6782
-6666
-5631
-4298
-3323
-2464
-1140
292
859
617
756
2176
4074
5326
5633
5743
5911
5805
5270
4923
5028
5211
4958
4471
4105
4018
3664
2594
1318
563
720
1094
1257
1160
1162
1202
1272
1362
1843
2667
3534
4182
4835
5512
6005
6039
5541
5071
5094
5719
6528
7528
8614
8167
4041
-2330
-6447
-5367
-2635
-2148
-4119
-5578
-6137
-8127
-11694
-14240
-13591
-11932
-12231
-14201
-14019
-10334
-6664
-6594
-8745
-9531
-8069
-6291
-4258
-1122
2592
4617
4136
2990
3095
4857
7087
8531
8762
8208
7730
8076
8519
7634
5084
2515
1015
-62
-1320
-1719
-1127
-1613
-4421
-7678
-8730
-8044
-7384
-7361
-7291
-6674
-5758
-5041
-4473
-3537
-2178
-1179
-843
68
2459
4941
5704
5084
4808
5426
5976
6268
6665
7218
7470
7168
6420
5614
4972
4352
3315
2243
1868
2155
2184
1327
103
-475
-242
320
787
1368
2289
3027
3264
3395
4000
4506
4766
5349
6574
7655
8268
9423
10201
7105
40
-5648
-4639
73
2048
-325
-3397
-5059
-7807
-12454
-15824
-14670
-11217
-10221
-12891
-14919
-12987
-9676
-9615
-12226
-13337
-11106
-7975
-5293
-2060
1605
3541
2365
367
399
3260
7472
10943
11974
10660
8820
8445
8897
8252
6184
4462
3906
3267
1398
-710
-1726
-2788
-5296
-8371
-9292
-7677
-5853
-5772
-6947
-7668
-7395
-6857
-6265
-4974
-2584
-107
1222
1454
1965
3189
4056
4080
4260
5613
7427
8454
8355
7821
7385
7051
6428
5824
5661
5909
5925
5113
3828
2643
1796
971
237
246
1167
2355
2753
2317
2092
2321
2447
2053
2191
3327
4898
6000
6564
7568
8621
7088
1110
-5870
-7544
-2486
2722
2310
-2391
-6171
-8539
-11905
-15543
-15419
-11018
-7544
-9120
-13475
-14607
-11538
-9214
-10848
-13130
-11762
-7536
-3961
-1606
519
2074
1535
-318
-700
2293
7668
12321
13438
10904
7431
5924
6924
8315
8216
6742
5428
4623
3193
305
-2513
-3928
-4969
-6776
-8239
-7282
-5243
-5014
-7429
-9826
-9752
-7865
-5913
-4226
-2176
-96
847
475
250
1501
3623
5086
5692
6474
7877
8590
7956
6869
6604
7114
7517
7512
7286
6984
6326
4922
3208
2122
2099
2357
2053
1577
1611
1850
1524
987
1264
2365
3203
3007
2321
2472
3963
5734
6656
7256
8220
6791
629
-6543
-7191
-703
4675
2856
-3437
-8216
-10562
-12863
-15215
-14632
-10787
-8168
-10826
-16031
-17374
-13628
-10641
-11937
-13934
-12162
-7774
-4412
-2498
-900
30
-568
-1271
628
5509
11022
14270
13756
10384
6985
6575
9360
12360
12396
9736
6871
4968
2885
165
-1679
-2248
-3336
-5755
-7580
-7189
-6286
-7342
-10093
-11774
-10789
-8258
-6037
-4693
-3613
-2658
-2383
-2524
-1550
1127
3905
5154
5470
6185
7281
7803
7735
7932
8657
9366
9522
8980
8118
7274
6573
5648
4564
3888
3808
3681
2685
1512
1184
1593
1556
1024
1463
3107
4170
3518
2461
2764
3932
4897
6555
9073
9687
4700
-3825
-8405
-4851
2415
5164
1375
-4801
-9237
-12396
-15210
-15503
-11798
-7586
-8593
-14317
-18480
-16995
-13128
-12088
-13578
-13630
-10907
-7563
-5204
-3448
-2303
-2532
-3257
-2250
1829
7765
12681
13969
11161
6995
5349
7873
11937
13856
12292
8891
5897
3666
1763
81
-469
-486
-1629
-4152
-6052
-6169
-6218
-7786
-9484
-9016
-6832
-5053
-4534
-4403
-4002
-3387
-2767
-1626
360
2758
4200
4048
3585
4288
5884
6990
7487
8259
9199
9345
8463
7393
6867
6822
6692
6118
5459
5031
4531
3270
1987
1789
2749
3141
2455
1911
2528
3303
2842
2250
2755
4316
5278
5915
6408
5563
1346
-4256
-6138
-2643
1808
1751
-2352
-6859
-9719
-11977
-13733
-13139
-9772
-7224
-9073
-13866
-16530
-15027
-12489
-11901
-11940
-10413
-7855
-6480
-6115
-5311
-3886
-2890
-1920
305
4012
7672
9552
9237
7114
5384
5865
9000
12194
12878
10729
7548
4642
2333
625
-33
722
1353
168
-3064
-6093
-7224
-7185
-7296
-7078
-5675
-4004
-3844
-4856
-5395
-4718
-3220
-1491
15
1326
2400
2911
2569
2248
3347
5558
7341
8081
8433
8595
8095
6947
6405
6754
7587
7905
7290
5882
4564
3653
2886
2264
2495
3427
3731
3068
2232
1997
2000
2027
2453
3518
4440
5041
5677
6238
4145
-1174
-5764
-4615
998
4314
1450
-4379
-8494
-10404
-11889
-12382
-10080
-6478
-5942
-10484
-15981
-16928
-13188
-10083
-10233
-10970
-9490
-7434
-7141
-7597
-6512
-4341
-2675
-1374
1034
4403
7012
7505
6049
4290
4463
7466
11373
13017
11029
7173
4184
2936
2404
1929
2052
2567
1652
-1678
-5373
-6847
-6359
-5751
-5580
-4791
-3751
-3831
-5261
-6361
-5588
-3329
-1141
51
612
1033
1262
929
831
2020
4274
6314
7241
7268
6895
6360
6057
6320
7018
7901
8281
7716
6219
4519
3909
4354
5030
5240
5144
4835
3959
2998
2948
4071
4414
3970
3861
5270
6029
5744
6159
5589
-258
-8997
-9880
254
9653
5310
-7539
-15599
-14093
-10997
-11244
-10746
-6591
-4137
-10058
-20084
-22190
-12882
-4070
-5737
-12011
-11888
-6170
-4341
-6820
-6694
-2523
346
41
1008
5069
8416
7749
4686
2233
3316
7510
12465
13674
9557
3452
142
832
2340
2312
1481
1286
59
-3210
-6594
-7339
-5506
-4104
-4023
-3934
-3228
-3097
-4595
-5645
-4092
-561
1890
1843
807
644
1193
1650
2451
3815
5312
5983
5868
5578
5490
5424
5438
5672
6283
6921
6685
5637
3965
2827
2848
3976
5282
5411
4585
3462
2795
2648
3490
4711
5031
4835
4907
5864
6355
6865
7085
3795
-4085
-9952
-5485
5972
10862
2339
-11009
-17578
-15226
-10591
-7540
-5373
-4424
-7926
-16111
-22011
-18536
-8551
-2812
-5719
-10958
-11198
-7769
-6195
-6155
-4615
-1555
359
1185
3234
5982
6875
5183
3098
2924
5842
10564
13729
11766
5369
-38
-521
2644
5005
4222
1176
-2230
-4795
-5846
-5509
-4610
-4038
-4539
-5376
-5672
-5176
-4768
-4817
-3978
-1605
910
1482
355
-835
-753
717
3124
5399
6059
5251
4226
4117
4879
5955
6855
7113
6686
6267
5950
5203
4259
3534
3576
4245
5178
5487
4266
2446
1598
2400
3639
5018
5695
5384
4442
4188
5182
6090
7487
8440
4783
-4399
-10429
-4408
8016
10655
-740
-14060
-17347
-12366
-8372
-8057
-7652
-6584
-9428
-17362
-22464
-16784
-6056
-3230
-9777
-14667
-10753
-5082
-4872
-6454
-4502
-618
829
1010
3605
7308
8066
5942
3682
4404
7970
11987
13269
9975
4348
861
1469
3998
5070
2645
-1089
-3933
-4918
-4821
-5165
-5014
-4791
-5228
-5970
-5827
-4729
-4417
-4851
-3735
-684
1521
1438
-40
-691
206
2111
4429
5662
5396
4750
4499
5057
6196
7016
7052
6145
5494
5739
5728
5192
4374
3704
3464
3834
4605
4694
3517
2255
2294
2993
4421
5419
5291
4032
3176
4620
6490
7579
7492
5287
-1718
-9070
-8234
2463
10839
5105
-9187
-18671
-16758
-10424
-7072
-6741
-7043
-9170
-14973
-20846
-19400
-10062
-3214
-5742
-12337
-12981
-7743
-4657
-5445
-5115
-1761
1220
1983
2807
5445
6959
6122
4415
4511
7364
11141
12869
10496
5252
1318
1286
3219
4474
3331
1166
-1242
-3709
-5615
-6067
-4883
-3166
-2846
-3884
-4797
-5084
-4895
-4659
-2985
206
2296
1525
-650
-1351
427
2800
4545
5428
5174
4394
3663
4011
5484
6885
7218
6338
5356
5163
5135
4454
3789
3596
3948
4198
4168
4056
3108
2038
1947
3148
4494
4793
4395
3905
4091
4562
6004
8161
8947
4264
-5291
-9895
-3275
8314
9764
-1280
-13006
-15198
-11201
-9052
-8593
-6740
-5455
-10408
-18880
-21361
-13782
-4936
-4881
-11186
-13649
-9576
-5856
-6362
-6992
-3901
-344
505
467
2899
6052
6366
4357
3467
5866
9519
11801
10742
7023
2995
1733
3583
5739
5577
2736
-1592
-6133
-7768
-5249
-1384
-1126
-4653
-7834
-8163
-6678
-4922
-3246
-1984
-1367
-868
-355
-142
142
1050
2219
3660
5797
7149
6037
3715
3466
5708
7904
8673
8621
7651
5844
4383
4518
5379
5596
5022
4220
3598
3357
3155
2118
1690
2368
3807
4319
3703
3238
2960
3430
4295
6357
8939
9811
4161
-6098
-10821
-3171
9325
10446
-12
-10995
-14007
-13066
-11944
-8821
-3967
-3295
-10725
-20022
-22055
-14314
-6347
-5896
-10440
-11696
-8653
-7490
-9052
-7777
-2995
-98
-406
258
4071
6084
4423
2604
3619
6705
9477
11251
10707
6991
2257
747
2992
6085
6704
3654
-1836
-7125
-8355
-4983
-1316
-1002
-3896
-6798
-7937
-7484
-5640
-3329
-1581
-569
32
18
-133
-33
843
2171
4279
6809
7319
5168
3006
3644
5945
7727
8413
8631
7413
5159
3928
4542
5674
5671
4858
4101
3894
3771
3283
2084
1679
2744
4063
4592
4109
3334
2585
2777
4420
6671
8486
9079
5455
-3825
-11093
-6878
6930
13633
4165
-11545
-18405
-14027
-7867
-5853
-5831
-5869
-8835
-16158
-21894
-17679
-6754
-1906
-7596
-13932
-11785
-6087
-5598
-7978
-6084
-791
1985
1364
1608
3691
4280
3289
2988
5288
8995
11236
10049
5687
1375
688
3528
6397
6455
3037
-2264
-6755
-7689
-4694
-1280
-794
-3367
-6915
-8759
-8143
-5739
-3312
-1935
-1000
-275
-541
-1499
-1462
244
2743
4852
6253
5949
3857
2281
3164
6077
8556
9086
7889
5906
4454
4598
5632
6258
5967
4999
4036
3560
3749
3723
2760
2076
2863
4195
4605
3918
3197
2935
3097
4250
6283
8399
9647
7832
409
-8592
-9320
1630
13062
10809
-3295
-15744
-17646
-12031
-6219
-3083
-3224
-7437
-14980
-21500
-20625
-11499
-3236
-4195
-11047
-13988
-10799
-8002
-7855
-6114
-1831
1053
931
711
2249
3367
3315
3953
6015
8926
11012
10641
7323
2970
1386
3750
7166
8095
5583
475
-5401
-9267
-7701
-1844
1881
-669
-7136
-11456
-11115
-8008
-4487
-1848
-823
-1461
-3047
-4087
-3109
-143
3098
4773
5174
5211
4111
2116
1991
5216
9115
9958
7951
5719
4627
4328
5163
6581
7081
5838
3688
2570
2627
3480
3543
2692
2106
3079
4194
3881
2883
2620
3601
4024
4806
6332
8469
9382
7775
1541
-6669
-8670
143
12313
12272
-1196
-16027
-19083
-11825
-4623
-2854
-4751
-7750
-13320
-20390
-22282
-13531
-2721
-1853
-10234
-15556
-12206
-7552
-6963
-6422
-2294
2052
2455
175
107
2258
4399
5298
6188
8693
11157
10380
6139
2232
2026
5198
7958
8278
5485
512
-5174
-8682
-6700
-586
3264
78
-7198
-11948
-10717
-6577
-2979
-1055
-597
-1590
-3672
-4708
-3061
640
3616
4152
3648
3709
3177
1502
1048
4076
8160
9231
6672
3691
2802
3620
4895
6195
6772
5745
3597
1817
1798
3190
4304
3966
2977
2638
3264
3533
3626
3773
4122
4157
3968
4847
6565
8317
9098
6724
-1376
-9450
-7910
5152
15204
8506
-9039
-20147
-16217
-6892
-2754
-3727
-5204
-8492
-16071
-22931
-19409
-6344
1432
-4028
-13907
-15127
-9134
-5616
-6000
-3912
1105
3325
855
-1224
1032
4251
5692
5919
7135
9484
10595
8433
4683
2380
3530
6790
8612
7144
2611
-1817
-4297
-4987
-4856
-3175
-702
-751
-5471
-11134
-11496
-7640
-3971
-2146
-1286
-1519
-3787
-5810
-4504
-259
4105
5865
4407
1655
135
993
3313
6123
8603
8653
5468
2750
3342
5500
6530
6441
6389
5510
3591
2246
2456
3463
4151
4161
3289
2372
2335
3152
3381
2877
3209
4108
5133
5302
5819
7585
8988
5128
-4884
-10664
-3006
12229
15792
1604
-16111
-20168
-11075
-2491
-1382
-4258
-6885
-11929
-19935
-23077
-13975
-892
868
-9723
-17818
-14484
-7234
-4870
-5202
-2631
823
1058
-1095
-821
2401
5441
6462
6369
7625
9883
10566
7905
4449
3750
6480
9384
9232
5847
1032
-2085
-2739
-1845
-1444
-2062
-2670
-3901
-6147
-8367
-8395
-6461
-4430
-3016
-2202
-2452
-4235
-5350
-3683
315
3780
4601
2899
-40
-1378
708
4836
7817
7567
4997
2684
2323
4151
6401
7111
6347
4679
3244
2564
3181
4210
4173
2983
2430
3029
3243
2938
2288
2854
3723
4366
4469
4298
4298
4320
5040
7108
9348
4983
-5443
-11643
-3198
11803
13192
-1657
-16821
-17401
-8925
-3866
-4533
-5238
-5706
-10927
-19581
-21886
-11528
67
-1015
-12155
-17291
-10690
-3983
-5037
-6854
-3348
1037
659
-1673
225
4163
5755
4852
4471
6881
10127
10623
7666
4141
3924
6628
8563
8017
5472
2323
-228
-1576
-1880
-1462
-1455
-1594
-2790
-5165
-6658
-6870
-5865
-4708
-3396
-2170
-2504
-4057
-4800
-3607
-736
1720
2358
1364
-379
-806
784
3524
5570
5479
3597
2284
3052
4979
6310
6173
5415
4255
3333
3381
4209
4685
3974
2956
2514
3038
3306
3490
3356
3256
3776
4122
4257
3611
3834
4454
5276
5928
7690
8287
1634
-8518
-11011
1440
14491
10775
-6297
-18549
-15638
-6967
-3316
-4050
-4175
-5933
-13198
-22002
-20784
-8102
1389
-3384
-14427
-16157
-9186
-5830
-8062
-6643
-843
1961
-961
-2619
785
4033
4349
4080
6090
9574
11347
9389
5647
3463
5285
8611
9919
8736
5343
1466
-1161
-1084
487
619
-1361
-3307
-4167
-4818
-5449
-6299
-6584
-5805
-4070
-2557
-3135
-4792
-5478
-4514
-2185
475
2334
2182
-125
-1698
-247
3173
6010
6070
4374
3032
3281
4633
5774
6353
6188
5040
3812
3683
4304
4609
3777
3131
3170
3484
3644
3504
3514
3489
3766
3851
3811
3526
3756
4214
4216
4759
6073
7950
4459
-4919
-11007
-4690
9461
13194
814
-14692
-17781
-9897
-3460
-3441
-4926
-5367
-9538
-18018
-21990
-13641
-1317
-472
-10708
-17062
-12519
-6162
-6393
-7548
-3816
570
487
-1996
-1143
2299
4469
4855
5517
7674
10065
10068
7249
4637
4771
7572
10035
10164
7462
3023
-139
-260
1058
830
-352
-1022
-1537
-3978
-7083
-7646
-6258
-4648
-3922
-3754
-4216
-5818
-6962
-6351
-3694
120
2511
1447
-1976
-3813
-1350
3124
6059
6061
4048
2280
2234
4093
6089
7011
6932
5887
4264
3381
4043
5126
5088
4057
3709
3905
3891
3319
2597
2745
3522
4190
4175
3511
2989
3278
3099
3215
4277
6780
9350
4616
-5847
-12167
-4152
11566
14381
525
-14838
-16392
-8017
-2928
-3762
-4084
-3908
-9096
-18689
-22315
-12327
-265
-1171
-11967
-17356
-11408
-5769
-7726
-8810
-4017
977
208
-3122
-1714
2072
3844
4044
5002
7802
10186
9554
6655
4534
5617
9112
10924
9865
6782
3116
1287
1456
2653
2485
-106
-2818
-4324
-4783
-4808
-5304
-6251
-7070
-6990
-5832
-5093
-5648
-6547
-6466
-4502
-1691
345
406
-1549
-2860
-1039
3083
6036
5503
3080
1960
3049
5291
7195
7910
7176
5329
3934
4337
5941
6758
5700
3830
2976
3491
4004
3868
3129
2656
2996
3245
3397
3192
3062
2552
2081
2911
4487
5856
6101
6756
3128
-5181
-10182
-2635
12216
13804
-781
-15936
-16152
-6574
-1646
-3280
-5086
-5579
-10002
-18220
-21195
-12133
-1026
-1693
-12133
-17237
-11502
-6250
-8100
-8756
-3111
1801
222
-3555
-2042
1738
3882
5187
6951
9199
10177
9178
6744
5394
7288
10880
12034
9933
6477
3258
1518
1325
2363
2732
1121
-2207
-6534
-8826
-6927
-3918
-4708
-8127
-9120
-7459
-6660
-7424
-6904
-4960
-3648
-3204
-2358
-1087
-622
-598
143
2542
5355
5909
3421
1908
4213
7641
8481
7572
7061
6077
4369
3981
6307
8233
6703
3476
1627
2007
3388
3792
3091
2001
1855
2596
2234
2056
2317
2986
2772
2581
3403
4580
5593
6655
6854
-4
-8467
-7855
5895
16249
7578
-10024
-17861
-10629
-2260
-1761
-4109
-4586
-7125
-15140
-21842
-17387
-4165
1545
-6973
-17509
-16434
-8629
-6416
-8541
-5225
775
1162
-3433
-4475
777
4791
5950
6633
8292
9732
9600
8013
6345
6741
9646
12272
11358
7824
3760
972
703
2036
3256
2129
-1350
-5251
-8509
-9398
-7062
-4480
-4923
-7786
-9659
-9333
-8504
-7502
-5432
-3607
-2841
-2723
-2148
-1216
-898
99
2767
5593
6573
4959
2831
3055
5471
8126
8980
8133
6620
4410
3210
4327
6620
7422
5323
2274
990
1277
2143
2483
2236
2257
1973
1790
1385
1636
2763
3422
3173
2575
3280
3983
4856
5495
7490
7087
-557
-8062
-6395
6973
14435
5269
-10344
-16401
-9440
-2890
-3382
-5424
-5064
-7488
-16026
-22504
-16369
-2947
332
-9541
-17945
-14243
-6785
-6314
-7840
-3458
1628
1091
-3165
-2494
3194
6481
6818
6497
8168
10272
10221
8081
6513
7481
9772
10423
8988
6914
3732
909
142
1107
1701
322
-2103
-5031
-8664
-10022
-7433
-5213
-5764
-7871
-8367
-8335
-9215
-8110
-5043
-2449
-1649
-1959
-1780
-1443
-538
1907
4420
5748
5836
4435
3149
3936
6498
8125
7062
5784
5294
4304
3570
4196
5640
5471
3374
1685
1254
1526
2116
2439
2045
1501
1514
1733
1493
1997
3354
4098
3557
2743
2884
3651
4022
4353
5329
6915
7856
2933
-5424
-9196
-1041
10921
9863
-3392
-15119
-14026
-6865
-4199
-5173
-5263
-6031
-11910
-19025
-18286
-8065
-360
-3498
-11683
-13405
-8011
-4840
-5677
-4019
773
2929
503
-1327
1690
4658
5349
5720
7435
9273
8713
6639
4972
4874
6529
8271
8070
5793
2329
-418
-991
-147
692
-99
-2257
-4136
-5991
-7698
-8077
-6463
-4025
-3722
-5447
-7506
-7925
-6270
-3649
-1405
-372
-352
-980
-1388
-1131
875
3976
6038
5463
3091
1710
2543
4583
6109
6217
5579
4437
3007
2357
3068
4659
5511
4661
2763
1391
1205
1655
2125
2609
2954
2376
1262
748
1707
3143
3552
2885
2905
3217
3328
2493
2246
3002
4063
4792
5366
5052
-1140
-8182
-8488
2242
10651
4968
-7853
-15275
-11209
-5286
-3282
-2999
-3139
-5805
-12540
-17134
-12729
-2458
1338
-4754
-11527
-9915
-5237
-4632
-5086
-1553
1835
734
-2204
-1534
2119
3478
4007
4568
5733
6513
6120
4753
3212
3828
6155
7221
6244
4284
1682
-518
-833
731
2203
1451
-628
-3209
-6041
-6684
-4051
-1409
-2197
-5070
-6188
-5836
-5518
-4764
-3030
-1628
-1561
-2225
-2211
-1571
-755
589
1945
3155
3802
3231
1882
1677
3572
5658
5886
5044
4110
3063
2451
2993
4623
5563
4460
2545
1021
946
1945
2772
2807
1841
862
341
283
1118
2212
2440
1950
1467
1316
2086
2392
2561
2080
2166
2886
3524
4049
5273
4135
-2357
-8096
-5095
7285
11963
2823
-9844
-12757
-5781
-1145
-1462
-2267
-2224
-5325
-12349
-15567
-8858
541
574
-7589
-12754
-8851
-4915
-5910
-6106
-1980
696
-1467
-4445
-2649
747
1608
2211
3052
4722
5058
4105
2920
2252
3662
6074
7101
6459
4333
1516
-7
757
2855
3591
2131
405
-1660
-3764
-4223
-2854
-1627
-2082
-3409
-4216
-5731
-6253
-4659
-2458
-1893
-2690
-2694
-2311
-2484
-2136
-397
1882
3062
2529
1059
596
2068
4197
4953
4260
3979
3438
2453
2308
3586
4982
4370
3009
1959
1375
1624
1994
2395
2239
1642
846
171
142
906
1560
1547
1499
1342
1330
1277
2062
3081
3095
2614
2167
2632
2960
3995
4887
6960
4737
-2718
-7374
-2555
9650
11048
758
-10161
-10576
-3957
-1213
-1609
-2042
-2597
-7110
-13399
-14260
-6634
556
-2166
-10210
-12769
-7820
-5085
-6555
-5973
-2213
-1384
-3699
-4694
-1352
1154
984
1522
2527
4308
4878
4701
3784
3454
4982
6831
7276
6561
5137
3029
2309
3051
4030
3644
2203
1307
-397
-2731
-3260
-1934
-1513
-2838
-4198
-4266
-5311
-6489
-5740
-3989
-2853
-3365
-4169
-4250
-4246
-3164
-1201
695
1298
309
-905
-706
1326
3927
4827
3976
3193
2374
2116
3018
4778
5889
4750
2951
2143
2209
2685
2851
3180
2965
1594
355
67
797
1640
1510
851
356
490
958
1443
2125
2782
2814
2765
2598
2710
3138
3902
4364
4745
4763
6115
5817
361
-4499
-3121
6551
10319
3440
-6157
-9308
-4954
-2371
-2483
-2249
-2215
-5642
-12206
-14696
-9324
-2220
-2940
-9110
-12344
-9403
-7384
-8542
-7338
-3275
-1771
-3849
-5253
-2759
166
658
1818
3146
4742
5134
4840
4576
4527
5896
7379
7575
7200
6162
4082
2578
2842
3955
3987
2580
1230
-733
-3004
-3690
-2630
-1928
-2714
-3898
-4840
-6578
-7370
-5808
-4062
-3842
-4219
-4077
-3898
-4283
-3704
-1772
243
1443
1246
424
201
1431
3457
4515
4606
4796
4121
2716
2438
3813
5105
4688
3479
2343
1406
1122
1321
1700
1799
1231
445
-228
-468
56
543
555
478
629
810
922
1491
2354
2892
3250
3629
3802
4137
4274
4351
4385
4738
4741
4706
4913
5901
6719
2265
-3483
-5168
1722
8307
4923
-3473
-9504
-7867
-4761
-4143
-3190
-2498
-4384
-10504
-14980
-11868
-4620
-1879
-5975
-10314
-9766
-7560
-7496
-6685
-3295
-1115
-2232
-4017
-3327
-434
833
1729
2399
3380
4409
4211
3878
3216
3901
5569
6261
6057
5266
3942
2812
2516
2856
3135
2887
2332
889
-1149
-1994
-1667
-1294
-1734
-2628
-3134
-4152
-5255
-4875
-4058
-3592
-3968
-4098
-3989
-3931
-3538
-2879
-2072
-1072
-392
-354
-583
-304
895
2249
2880
3025
2882
2585
2675
3245
4191
4693
4528
3796
2653
2331
2818
3289
3453
2903
2167
1362
768
942
1431
1760
1443
627
206
262
685
1216
1558
1859
2028
1911
2177
2723
3104
3233
3246
3445
3489
3829
3935
4441
4794
5989
4442
-796
-3838
-977
6615
7057
548
-5661
-6772
-4366
-3963
-3306
-2002
-2923
-7589
-12984
-12643
-7054
-3266
-5810
-10109
-10540
-8479
-8604
-9026
-6065
-2610
-3331
-5621
-5250
-2209
-281
34
1468
2475
3488
3758
3909
4061
4260
5808
6928
7074
6744
5909
4687
3721
3837
4377
4606
3902
2340
-249
-1923
-1413
-676
-1202
-2560
-3547
-4486
-6252
-6679
-5325
-3997
-3848
-4835
-5502
-5845
-5296
-3760
-2113
-959
-551
-943
-1291
-603
1142
2862
3660
3935
3898
3258
3012
3855
5313
5894
5280
4682
4138
3604
3220
3029
3280
3342
2664
1388
439
468
766
519
242
153
-84
-503
-877
-437
170
544
765
892
1156
1530
1909
2504
3258
3749
3866
3352
3077
3221
3919
4412
4365
4190
5046
4748
275
-3805
-2889
3224
4586
-103
-3989
-4566
-4558
-7265
-7752
-3977
-1760
-4836
-10456
-12085
-8918
-5997
-6566
-7804
-6804
-5529
-7664
-9682
-6601
-2032
-1483
-3168
-2796
-918
-461
-463
1764
3593
4217
4243
4276
3908
3602
5150
6576
6018
5350
5230
4439
3031
2597
3294
3459
2527
1413
-31
-988
-1065
-1440
-2248
-2785
-2439
-2684
-4355
-5163
-4462
-4183
-4447
-4270
-3096
-2933
-3771
-3962
-3254
-1679
-183
317
-105
-328
313
1164
2028
3121
4124
3697
2694
2449
3380
4372
4417
4149
3645
3053
2553
2050
1982
2364
2327
1536
501
198
132
-181
-293
32
128
-136
-588
-665
-210
386
827
956
912
1295
1564
1763
2417
3349
4128
3851
3492
3725
4157
4339
4161
4062
4080
4159
4114
4476
3944
246
-3320
-2837
2703
4735
-22
-5815
-7565
-5741
-5281
-5250
-3734
-3657
-7113
-11688
-11957
-7573
-4038
-4919
-7968
-8763
-7223
-6854
-7114
-4828
-1733
-1645
-3521
-3412
-1122
450
654
1730
2804
3368
3537
3780
3947
3772
4772
5669
5188
4518
4498
4144
2981
2350
2862
3107
2269
1001
-276
-896
-756
-971
-1642
-2246
-2199
-2487
-3818
-4186
-3072
-2504
-3353
-4139
-2995
-2091
-2329
-2520
-1885
-762
-231
-134
-213
255
1119
1701
1895
2198
2880
2887
2335
2108
2944
3746
3344
2746
2462
2330
2065
1952
1999
1823
1378
801
267
52
50
51
-78
-236
-353
-304
-398
-496
-24
461
879
1029
1281
1502
1559
1847
2254
2884
3548
3968
3849
3491
3290
3623
4167
4081
3604
3176
2968
2772
2642
2840
3244
1056
-2821
-4511
-1143
2850
507
-4796
-7409
-6144
-5388
-6232
-5315
-3709
-5186
-9296
-11115
-8076
-4249
-4032
-6430
-7465
-6170
-4982
-5338
-4423
-1767
-772
-2142
-2610
-782
1087
1088
1369
2557
3271
3726
3800
3818
3290
3532
4951
5357
4532
3997
3661
2802
1886
2297
3066
2436
999
-82
-652
-517
-564
-1029
-1812
-2253
-2251
-2762
-3301
-3052
-2603
-2912
-3376
-3048
-2311
-2525
-2892
-2588
-1816
-833
-423
-610
-948
-604
294
877
1358
1780
1756
1195
1004
1686
2716
3019
2618
2138
1737
1685
1907
2309
2554
2346
1768
1089
862
1239
1371
1357
1293
1111
709
351
625
1084
1407
1385
1203
1317
1543
1758
1846
1904
2105
2378
2603
2672
2731
2675
2499
2445
2823
2994
2703
2252
1843
1529
1337
1104
1076
1019
1150
927
-1483
-4236
-4560
-1152
968
-1636
-5159
-6217
-5192
-5249
-5577
-4114
-3002
-4560
-7633
-8166
-5591
-3219
-3398
-4789
-4868
-3881
-3644
-4107
-2946
-752
-204
-1188
-1414
-225
727
838
1489
2203
2559
2631
2558
2524
2354
2929
3592
3232
2703
2734
2708
1865
1068
1370
1712
1221
493
-45
-503
-822
-1190
-1295
-1326
-1356
-1575
-2187
-2558
-2417
-2190
-2074
-1948
-1449
-1236
-1736
-2012
-1603
-751
13
380
402
230
115
423
1146
2065
2564
2228
1664
1472
1910
2600
2843
2798
2474
2114
1756
1577
1818
2068
1915
1384
925
871
846
577
352
312
297
175
-31
-79
-104
-99
-28
-50
113
350
659
810
738
849
1056
1315
1653
1952
2099
2022
2010
2255
2376
2493
2579
2486
2214
1782
1676
1557
1446
1254
1060
896
847
376
-1757
-3566
-2774
14
281
-2608
-4640
-4603
-4392
-5147
-4443
-2414
-2646
-5361
-7308
-6103
-3800
-2992
-3492
-4080
-3897
-3616
-3728
-3301
-1675
-459
-965
-1754
-1108
30
263
246
968
1475
1569
1698
1794
1497
1266
2062
2563
2066
1818
2041
1688
654
667
1673
1677
846
260
191
-12
-251
-174
-133
-205
-293
-540
-852
-756
-336
-395
-750
-605
3
14
-394
-241
221
471
295
151
288
614
930
794
578
800
1027
860
565
786
1174
1071
679
563
732
836
778
680
620
564
517
437
413
584
601
478
402
430
424
291
410
612
673
623
600
591
665
785
942
1049
1082
1244
1182
1123
1270
1443
1455
1295
1464
1650
1495
1309
1326
1490
1535
1438
1252
1064
900
868
747
615
461
261
97
242
-127
-1783
-3011
-2068
100
-314
-2620
-3888
-3487
-3207
-3778
-3206
-2145
-2652
-4521
-5485
-4237
-2777
-2556
-3256
-3696
-3442
-3190
-3175
-2609
-1386
-954
-1636
-1965
-1104
-177
89
309
702
828
1040
1420
1707
1533
1563
2161
2285
1964
2051
2420
2183
1401
1406
1881
1831
1445
1174
1069
852
613
456
368
332
259
-93
-372
-317
-138
-230
-530
-485
-274
-315
-427
-405
-316
-384
-388
-236
-43
90
30
-166
-227
-69
31
35
182
359
236
-173
-297
-9
275
237
25
-15
2
-109
-173
-53
233
302
71
-34
125
421
483
450
575
703
820
863
911
1041
1223
1357
1335
1308
1450
1644
1751
1744
1681
1719
1782
1836
1864
1816
1746
1666
1512
1339
1405
1587
1529
1085
706
615
725
718
335
-68
-283
-325
-380
-484
-392
-382
-1372
-2822
-3066
-1382
-280
-1417
-3031
-3430
-3057
-3117
-2975
-2001
-1642
-2772
-4171
-4085
-2678
-1649
-1619
-2235
-2607
-2399
-2101
-1905
-1326
-492
-382
-948
-958
-216
290
269
408
721
994
1258
1389
1196
891
1188
1622
1598
1464
1556
1509
794
411
861
1161
936
535
339
69
-98
-23
-75
-261
-265
-316
-676
-901
-735
-564
-779
-949
-736
-608
-754
-824
-800
-809
-793
-485
-120
-112
-259
-451
-479
-138
276
452
236
143
230
250
405
778
1054
859
531
554
893
1218
1369
1418
1327
1284
1271
1388
1576
1709
1789
1647
1569
1594
1674
1705
1631
1542
1432
1356
1377
1329
1154
1011
940
880
701
569
519
494
401
192
14
46
162
54
-123
-166
-114
-172
-231
-124
49
125
-52
-273
-389
-228
7
94
-52
-219
-192
-146
-47
-280
-889
-1249
-745
-101
-451
-1232
-1509
-1493
-1786
-1959
-1549
-1273
-1705
-2322
-2566
-2401
-2152
-1889
-1848
-2058
-2141
-2110
-2051
-1805
-1357
-1074
-1284
-1316
-974
-675
-531
-345
-132
-73
184
463
398
299
554
829
635
572
926
1019
664
412
636
643
370
325
398
281
65
65
-20
-234
-249
-153
-212
-349
-260
-233
-322
-281
-174
-165
-132
33
61
43
316
574
401
157
404
865
998
906
930
971
861
904
1123
1263
1294
1255
1083
914
1013
1205
1046
872
918
913
717
587
703
743
550
395
356
372
407
379
275
155
167
232
147
64
134
238
214
149
144
165
200
299
417
436
446
418
457
555
671
799
826
756
632
586
717
907
977
863
668
553
587
671
736
562
283
38
-56
-24
-15
-51
-151
-397
-1004
-1563
-1498
-856
-635
-1131
-1795
-2216
-2326
-2225
-1782
-1425
-1664
-2303
-2752
-2733
-2472
-2049
-1589
-1595
-2108
-2456
-2304
-1880
-1509
-1270
-1132
-1143
-1202
-1177
-934
-507
-240
-182
-98
107
203
200
336
657
850
815
902
1133
1193
1029
1029
1304
1444
1433
1342
1286
1243
1228
1165
1033
1077
1164
1006
674
470
456
396
259
261
268
163
-239
-609
-628
-328
-83
-314
-600
-739
-718
-673
-555
-251
-213
-422
-521
-307
-8
112
247
339
389
460
567
633
762
1020
1119
1066
1110
1225
1233
1130
1155
1268
1264
1200
1136
1070
955
797
756
753
707
616
407
186
119
216
220
95
48
56
-41
-159
-124
29
166
217
129
71
77
123
234
351
462
449
353
243
210
325
449
423
304
173
-8
-154
-196
-101
-36
-136
-528
-1151
-1419
-1143
-673
-770
-1296
-1709
-1835
-1929
-1950
-1641
-1342
-1536
-1963
-2040
-1836
-1610
-1400
-1276
-1273
-1256
-1119
-1015
-895
-645
-446
-372
-277
-52
82
60
41
192
383
500
583
562
462
414
476
486
445
520
544
375
231
246
210
78
119
248
209
74
-22
-87
-99
13
138
133
114
113
66
-36
39
287
442
399
308
264
136
107
326
482
440
373
308
96
-69
97
324
321
157
18
-31
-67
-44
3
105
168
76
-85
-139
55
241
226
151
272
408
352
350
480
629
660
722
801
786
821
856
886
912
925
931
872
851
849
840
805
741
682
633
591
507
452
391
337
332
296
228
105
-33
-102
-47
43
-12
-154
-242
-271
-282
-262
-214
-204
-261
-391
-504
-499
-405
-332
-303
-420
-670
-823
-700
-475
-487
-623
-717
-784
-854
-880
-767
-624
-634
-788
-949
-958
-880
-795
-735
-721
-710
-781
-906
-898
-734
-600
-610
-581
-531
-553
-567
-512
-440
-368
-238
-206
-260
-252
-170
-166
-208
-80
126
148
61
19
51
47
90
258
339
330
287
205
159
222
382
436
337
291
273
182
158
311
399
352
294
179
79
100
300
225
-8
75
287
331
112
27
68
27
61
230
404
321
95
8
74
312
535
531
365
287
315
335
472
780
829
567
393
531
702
797
880
882
747
559
564
666
817
886
791
587
437
501
601
567
514
503
416
239
194
286
343
287
191
88
15
19
32
8
-36
-43
-56
-116
-179
-186
-147
-172
-226
-220
-193
-198
-240
-283
-316
-360
-379
-344
-297
-261
-387
-653
-785
-573
-325
-453
-736
-845
-805
-858
-860
-729
-687
-851
-1051
-1080
-965
-819
-741
-858
-1062
-1089
-895
-730
-685
-681
-737
-820
-746
-514
-365
-334
-305
-329
-373
-236
30
168
126
115
120
80
140
360
502
443
320
273
273
327
472
557
454
320
262
241
268
343
403
324
261
173
32
66
265
349
104
-55
29
123
135
160
223
145
29
74
189
262
293
299
226
158
243
375
420
429
415
344
304
428
543
527
509
536
522
457
516
623
624
575
520
488
487
573
634
561
453
436
466
438
429
456
428
317
247
254
250
237
202
108
7
5
24
-33
-101
-131
-121
-171
-220
-213
-203
-241
-299
-264
-224
-244
-294
-311
-281
-259
-240
-256
-260
-236
-263
-319
-327
-244
-208
-273
-355
-346
-334
-417
-496
-498
-471
-520
-631
-710
-734
-724
-735
-820
-878
-886
-923
-959
-894
-788
-797
-897
-901
-806
-741
-667
-582
-501
-466
-452
-382
-272
-125
-3
11
1
79
214
298
329
401
464
416
382
432
504
516
491
433
367
366
401
400
338
274
154
40
87
263
320
162
7
-75
-111
-35
171
320
203
18
-54
12
131
263
384
339
239
216
242
276
340
446
484
452
423
340
283
350
465
473
399
385
387
341
257
251
323
369
358
292
211
169
210
266
280
312
329
262
163
160
248
311
337
342
291
212
155
170
250
312
300
213
89
27
46
99
129
105
24
-97
-167
-151
-124
-157
-212
-252
-281
-339
-409
-441
-426
-399
-414
-470
-522
-577
-604
-589
-545
-492
-526
-589
-617
-601
-573
-592
-532
-462
-476
-538
-551
-463
-413
-417
-409
-371
-322
-304
-311
-311
-284
-242
-207
-186
-164
-152
-183
-198
-156
-75
-47
-94
-136
-154
-156
-88
-36
-47
-77
-98
-111
-129
-61
32
32
-30
-69
8
97
131
124
131
187
227
237
256
320
375
381
382
448
494
456
434
495
546
538
523
523
495
465
480
465
426
394
380
343
306
297
270
212
176
200
199
139
87
100
131
110
86
86
131
159
134
82
80
161
222
221
205
214
242
245
232
250
287
334
333
272
212
214
239
233
190
198
203
132
40
23
43
33
-21
-46
-54
-125
-206
-216
-159
-137
-181
-281
-361
-376
-359
-339
-331
-317
-357
-434
-467
-435
-379
-384
-424
-454
-457
-454
-428
-399
-397
-424
-456
-449
-415
-373
-381
-413
-391
-331
-285
-283
-291
-273
-250
-243
-212
-160
-110
-109
-129
-149
-138
-81
-35
-5
-24
-49
-70
-70
-22
6
14
0
-13
-31
-53
-42
-24
2
-2
-26
-49
-72
-56
-7
40
40
17
15
45
78
105
110
129
194
244
242
228
230
259
300
351
388
394
373
361
372
397
428
459
481
440
399
383
395
409
416
417
385
355
314
285
275
300
324
288
232
188
187
195
193
201
176
146
114
106
102
91
108
106
74
32
12
24
21
12
22
37
28
-27
-85
-98
-49
-14
-29
-74
-116
-120
-132
-148
-155
-145
-134
-174
-210
-213
-197
-207
-237
-230
-198
-204
-254
-299
-312
-260
-212
-202
-237
-287
-317
-339
-291
-196
-153
-209
-302
-314
-266
-214
-184
-175
-193
-231
-242
-224
-189
-170
-167
-186
-204
-189
-168
-154
-137
-143
-160
-171
-141
-96
-99
-117
-126
-109
-79
-67
-55
-59
-52
-42
-29
-10
-24
-11
38
78
69
41
45
72
91
89
94
125
134
129
122
142
171
173
163
161
190
208
209
207
240
281
270
271
284
292
297
314
356
372
373
369
365
370
394
404
390
383
387
366
323
315
334
315
257
214
204
180
143
103
76
52
27
-18
-63
-73
-67
-99
-153
-147
-145
-161
-169
-153
-164
-195
-168
-109
-94
-128
-137
-95
-56
-54
-43
-30
-33
-27
-20
-26
-21
-11
-21
-50
-85
-94
-89
-79
-97
-154
-192
-205
-238
-263
-238
-211
-256
-334
-357
-316
-285
-306
-324
-312
-297
-278
-270
-251
-228
-194
-171
-150
-116
-109
-108
-83
-25
13
11
17
30
35
38
55
101
122
91
52
43
72
91
89
75
61
37
18
21
29
32
5
-14
2
9
-6
-22
-13
12
18
8
7
9
9
21
49
67
65
59
59
68
93
130
144
117
94
121
167
185
177
141
135
155
176
173
145
149
147
114
89
98
107
93
75
54
29
7
-5
-12
-23
-27
-30
-55
-96
-108
-97
-93
-97
-96
-101
-115
-107
-94
-96
-93
-75
-60
-54
-52
-36
-33
-20
-12
-21
-13
19
40
15
-25
-20
25
48
27
9
2
-16
-32
-23
1
12
-8
-52
-75
-62
-35
-14
-9
-31
-76
-83
-52
-14
9
2
-11
-29
-29
-1
21
25
20
26
14
-1
-6
23
47
33
12
2
4
-4
-16
-12
0
1
-18
-31
-25
-32
-44
-38
-13
2
-4
-32
-60
-42
1
30
38
33
19
1
-13
5
49
71
52
24
18
29
29
13
12
23
30
0
-28
-26
-9
-15
-42
-34
-23
-31
-61
-73
-54
-42
-34
-35
-27
-28
-33
-38
-23
9
20
12
3
17
36
32
23
26
48
55
41
38
35
26
27
32
42
35
19
3
-18
-16
-2
24
29
-9
-39
-43
-21
-6
-7
2
11
14
-7
-23
-5
23
33
30
40
41
32
8
14
64
89
74
42
33
41
39
55
83
101
89
55
38
49
65
73
85
92
90
72
62
64
82
98
89
91
94
88
72
65
77
91
85
63
49
41
41
31
29
39
24
0
-30
-37
-23
-17
-24
-42
-52
-69
-84
-84
-76
-73
-76
-86
-90
-91
-94
-103
-95
-78
-75
-85
-93
-81
-75
-76
-71
-66
-63
-71
-74
-69
-54
-34
-35
-34
-45
-42
-36
-25
-8
7
13
9
14
8
4
25
50
58
43
41
49
46
49
68
79
63
43
38
40
46
48
40
32
22
13
-6
-21
-13
4
3
-24
-40
-44
-39
-27
-16
-20
-29
-33
-25
-15
3
6
3
15
36
44
35
38
46
68
89
96
88
76
71
68
85
105
104
80
53
53
60
56
45
38
34
21
3
-4
-4
1
1
-17
-26
-16
-16
-36
-43
-23
-8
-10
-14
-20
-17
-14
-4
2
3
10
3
-8
0
21
18
-9
-9
3
0
-12
-18
-21
-32
-36
-29
-22
-32
-52
-70
-74
-50
-30
-41
-61
-73
-65
-58
-46
-28
-20
-21
-25
-26
-25
-6
26
35
18
23
49
56
54
54
60
67
75
79
77
81
80
79
72
81
97
87
60
42
50
62
71
69
59
40
6
-4
22
56
48
9
-15
-13
-12
-16
0
21
4
-31
-45
-36
-25
-25
-22
-21
-37
-40
-38
-30
-32
-39
-39
-39
-35
-42
-42
-34
-28
-30
-34
-36
-37
-40
-42
-28
-13
-14
-28
-33
-24
-18
-16
-10
-5
-4
-9
-14
-12
-2
14
10
0
2
12
9
-4
-7
9
19
5
-2
6
-1
-20
-26
-17
-6
-12
-31
-41
-44
-43
-51
-52
-47
-44
-60
-78
-70
-52
-51
-67
-64
-49
-51
-59
-52
-27
-14
-17
-16
-16
-12
8
27
38
42
46
44
42
56
72
82
76
70
70
70
72
77
75
70
62
55
47
43
44
40
31
25
27
12
3
0
1
-1
-1
8
2
-8
-14
-13
-6
4
8
9
7
3
-2
-4
2
15
19
17
8
1
-9
-10
-1
5
4
-6
-27
-40
-36
-35
-39
-41
-38
-48
-67
-77
-71
-64
-69
-73
-70
-68
-78
-90
-87
-72
-60
-61
-73
-82
-77
-74
-70
-55
-47
-57
-71
-71
-65
-53
-40
-32
-44
-59
-59
-54
-42
-30
-20
-25
-37
-47
-46
-30
-12
-13
-26
-32
-26
-19
-15
-19
-18
-23
-34
-20
-18
-27
-35
-33
-36
-35
-38
-46
-50
-58
-58
-55
-59
-59
-60
-72
-74
-65
-65
-69
-68
-58
-56
-58
-57
-50
-40
-33
-28
-30
-29
-17
-10
-1
9
17
8
5
8
21
29
31
30
22
24
22
20
24
28
19
7
-1
9
17
6
-9
-12
-8
-9
-14
-13
-16
-19
-21
-22
-17
-8
-11
-20
-19
-10
-9
-14
-4
2
3
-5
-2
5
9
10
10
14
13
16
13
16
19
23
23
28
26
19
19
27
36
38
32
29
34
33
40
52
51
46
45
49
48
54
59
53
54
56
60
61
55
51
47
47
51
55
47
43
34
27
30
35
31
26
19
11
3
4
15
20
11
-4
-9
-9
-1
5
11
9
-3
-11
-11
0
11
11
10
6
0
-1
-3
6
10
7
3
-5
-7
-3
-4
-11
-12
-14
-22
-28
-31
-33
-34
-33
-40
-45
-48
-52
-53
-64
-60
-54
-57
-63
-64
-65
-64
-60
-61
-59
-57
-59
-67
-60
-54
-53
-50
-53
-52
-53
-62
-58
-49
-45
-51
-60
-66
-64
-58
-55
-55
-56
-63
-77
-76
-62
-52
-54
-58
-61
-63
-61
-52
-40
-30
-25
-26
-32
-24
-1
3
7
18
26
31
40
43
50
59
66
73
79
83
88
88
83
95
106
103
97
94
91
94
100
104
100
95
93
83
75
87
98
91
82
82
87
85
83
83
79
89
98
93
93
108
108
76
81
124
132
109
103
108
108
112
122
124
113
116
113
105
110
121
107
95
102
105
93
89
89
84
83
82
79
64
57
66
63
57
60
56
44
35
39
44
42
42
39
30
22
24
30
32
32
27
14
14
18
15
15
19
15
4
5
12
6
-7
-8
-7
-6
-7
-6
-10
-23
-28
-26
-28
-23
-21
-34
-43
-39
-37
-45
-44
-36
-43
-52
-57
-54
-50
-47
-44
-49
-56
-55
-56
-56
-50
-39
-39
-50
-54
-49
-46
-39
-34
-33
-37
-42
-36
-29
-28
-23
-21
-29
-24
-17
-16
-17
-11
-11
-14
-9
-3
1
2
-3
-1
6
10
11
13
12
8
14
20
21
21
23
20
18
22
27
27
27
26
20
20
25
25
21
20
26
20
14
16
14
14
18
16
16
18
9
7
8
12
18
16
12
14
16
8
12
15
15
19
17
16
17
15
12
11
16
20
13
3
3
5
3
4
3
3
-7
-19
-25
-14
-10
-16
-20
-25
-32
-31
-35
-34
-29
-26
-34
-49
-42
-30
-36
-34
-28
-39
-39
-32
-35
-33
-25
-29
-34
-33
-27
-31
-38
-33
-28
-36
-38
-38
-49
-49
-43
-48
-55
-59
-59
-62
-73
-74
-66
-75
-82
-81
-82
-86
-85
-83
-89
-84
-78
-87
-90
-82
-75
-73
-72
-66
-60
-65
-63
-52
-48
-40
-36
-33
-30
-27
-24
-18
-17
-9
-1
-4
-3
4
2
-2
2
10
11
10
13
13
6
6
9
7
13
14
11
9
8
6
3
8
13
11
5
5
7
6
6
11
12
9
8
12
10
8
9
12
13
20
21
11
11
15
16
16
21
23
21
13
14
16
20
24
25
22
13
11
14
14
16
20
18
9
5
4
4
4
6
2
-3
-6
-9
-18
-19
-9
-15
-23
-24
-31
-40
-40
-40
-41
-40
-48
-56
-64
-64
-64
-67
-68
-72
-77
-83
-87
-87
-83
-86
-89
-91
-95
-96
-97
-96
-96
-95
-92
-91
-94
-93
-92
-94
-88
-81
-81
-80
-79
-79
-82
-74
-65
-66
-68
-63
-66
-68
-63
-59
-55
-52
-57
-58
-60
-58
-50
-50
-53
-52
-53
-58
-54
-50
-46
-47
-48
-47
-49
-46
-42
-40
-38
-30
-31
-31
-27
-22
-20
-18
-10
-7
-5
-2
1
5
8
16
19
19
21
21
22
28
34
32
35
32
32
30
32
39
40
35
32
32
31
33
33
34
33
31
29
31
32
31
33
29
28
35
37
37
33
34
31
33
40
39
41
40
36
31
35
38
39
38
35
31
26
29
27
26
26
21
17
14
14
11
12
9
5
2
4
-1
-7
-5
-4
-3
-6
-9
-12
-14
-12
-15
-10
-10
-10
-13
-16
-15
-12
-10
-10
-11
-11
-9
-15
-13
-8
-9
-7
-6
-11
-10
-6
-9
-10
-3
0
-3
-7
-6
-4
-3
1
5
2
-1
2
-2
5
7
6
7
5
5
5
7
8
7
3
4
5
4
5
6
2
0
1
0
-4
-3
-3
-5
-10
-3
-2
-9
-9
-11
-16
-11
-4
-7
-6
-9
-8
-13
-13
-4
-3
-6
-6
-1
-5
-10
-4
-2
-2
0
0
-2
-3
-5
-1
-2
-3
4
1
-4
-4
-4
-6
-4
0
-2
-3
-4
-5
-8
-6
-5
-1
-2
-3
-3
-4
-5
-4
3
4
0
3
0
0
3
8
10
9
9
7
4
8
15
11
15
18
13
11
13
17
16
19
21
19
17
18
19
19
22
27
25
21
23
24
23
28
29
28
25
26
26
27
32
34
33
29
28
31
29
29
34
33
30
30
29
30
29
30
31
29
31
31
28
30
30
27
32
32
30
33
31
31
33
33
32
38
35
31
37
37
34
36
37
35
37
37
35
35
35
36
35
33
34
31
30
28
30
28
29
27
23
22
23
24
21
21
21
17
13
18
22
21
19
15
12
16
17
17
21
21
16
17
16
18
22
23
19
19
20
20
22
22
23
21
19
23
24
24
26
24
19
24
27
26
27
27
25
25
25
30
32
31
32
29
27
32
31
33
36
33
31
33
31
30
35
32
30
32
30
27
26
25
24
25
24
23
22
18
15
17
14
15
18
14
10
13
10
8
12
14
12
11
12
10
12
15
16
15
17
17
16
16
21
22
19
21
21
22
24
24
24
22
24
25
20
23
28
23
20
24
21
21
21
22
20
22
20
18
20
18
19
19
17
19
20
16
15
16
17
16
16
18
14
13
16
11
12
14
14
9
9
11
7
7
7
4
2
3
1
2
1
-3
-2
-6
-7
-4
-6
-5
-7
-8
-11
-10
-11
-9
-7
-9
-9
-10
-12
-14
-8
-9
-8
-7
-9
-12
-11
-8
-10
-5
-6
-11
-11
-12
-13
-9
-7
-7
-11
-14
-15
-15
-14
-12
-11
-11
-16
-17
-16
-21
-16
-15
-17
-15
-15
-21
-18
-20
-20
-16
-16
-17
-15
-19
-21
-17
-18
-13
-11
-13
-15
-16
-17
-13
-9
-8
-6
-8
-11
-9
-9
-3
-5
-4
0
-5
-5
-1
-1
0
2
1
0
1
3
4
2
5
6
4
4
7
6
3
7
9
6
7
8
4
4
7
7
8
8
6
4
5
4
5
6
6
5
2
2
1
3
2
3
2
0
-1
-2
-2
-1
1
-3
-1
-3
-7
-4
-4
-6
-3
-3
-8
-5
-5
-8
-8
-6
-6
-8
-7
-8
-9
-10
-10
-8
-9
-7
-10
-12
-12
-11
-12
-12
-10
-11
-13
-15
-12
-14
-13
-12
-13
-13
-14
-15
-15
-14
-16
-13
-14
-17
-14
-12
-16
-15
-12
-15
-15
-13
-13
-14
-12
-11
-13
-16
-13
-11
-14
-11
-9
-14
-14
-12
-13
-14
-11
-9
-13
-13
-11
-14
-15
-12
-13
-16
-13
-13
-14
-14
-16
-15
-16
-17
-14
-17
-16
-13
-17
-16
-15
-17
-16
-15
-17
-15
-15
-17
-13
-15
-16
-14
-14
-15
-14
-14
-15
-13
-13
-11
-12
-13
-12
-13
-13
-11
-10
-10
-7
-12
-11
-10
-11
-7
-7
-8
-6
-9
-9
-7
-6
-5
-5
-4
-4
-6
-5
-3
-2
-2
0
-1
-4
0
0
0
2
3
3
1
6
5
4
5
8
5
7
10
8
10
10
10
9
12
13
12
13
13
13
13
15
16
16
15
16
16
13
16
17
15
15
16
16
15
16
16
16
14
15
14
14
14
15
13
14
13
12
14
11
11
13
10
12
12
10
9
8
8
9
8
9
9
4
5
7
5
4
8
6
0
4
3
-1
2
5
0
0
2
-3
-4
-3
-2
-3
-2
-3
-7
-8
-8
-8
-8
-7
-8
-11
-11
-13
-14
-11
-12
-13
-12
-16
-18
-18
-18
-15
-16
-16
-16
-21
-21
-20
-22
-19
-17
-20
-20
-21
-23
-23
-21
-19
-19
-20
-21
-20
-23
-20
-19
-20
-18
-19
-20
-19
-18
-18
-16
-19
-17
-15
-18
-16
-14
-16
-17
-13
-15
-16
-13
-14
-14
-12
-12
-13
-13
-13
-12
-11
-12
-10
-10
-11
-10
-11
-12
-11
-8
-8
-9
-9
-10
-11
-8
-7
-6
-5
-7
-8
-8
-7
-6
-4
-2
-4
-4
-3
-8
-3
1
-2
-1
1
-1
-2
0
1
1
3
3
3
1
3
4
3
4
7
6
4
6
6
4
8
9
7
6
7
5
5
8
7
9
9
6
7
8
6
8
9
7
8
7
7
6
6
8
6
7
7
5
6
5
6
7
2
6
5
2
5
4
2
5
3
2
2
0
1
0
0
0
0
-2
-1
-1
-4
-2
-3
-5
-3
-4
-7
-4
-5
-7
-4
-7
-8
-7
-9
-9
-10
-8
-8
-10
-9
-11
-12
-12
-12
-10
-12
-10
-11
-14
-13
-12
-14
-11
-12
-13
-14
-14
-13
-15
-14
-11
-14
-13
-12
-14
-14
-12
-11
-11
-12
-12
-12
-12
-10
-11
-9
-9
-11
-8
-8
-9
-6
-6
-8
-6
-5
-6
-6
-3
-4
-4
-2
-2
-1
-3
1
1
-2
1
3
1
2
3
2
3
3
8
5
5
8
4
6
9
7
9
9
8
8
10
8
10
11
10
10
11
9
10
14
9
12
12
10
11
10
11
13
11
11
12
10
9
11
11
11
11
11
9
9
8
9
10
9
10
9
8
8
7
6
9
8
7
7
6
6
4
7
6
5
4
4
4
4
4
6
5
2
4
2
1
4
1
2
2
1
1
0
1
2
1
1
1
-1
0
1
0
0
0
1
-1
-1
0
-1
0
-1
0
-1
-2
-1
-1
-2
0
-1
-2
0
-3
-1
0
-2
-2
0
-2
-4
0
-3
-2
0
-2
-2
-2
-3
-2
-1
-3
0
-1
-3
-2
-2
-3
-2
-1
-3
-3
-2
-3
-4
-3
-3
-3
-2
-5
-2
-2
-4
-2
-4
-3
-5
-4
-4
-5
-3
-4
-6
-5
-5
-6
-3
-5
-5
-4
-6
-5
-5
-6
-4
-5
-6
-6
-6
-7
-5
-5
-5
-7
-6
-8
-7
-5
-7
-6
-6
-6
-8
-7
-5
-8
-5
-6
-9
-6
-6
-9
-5
-6
-7
-5
-7
-6
-7
-8
-6
-6
-6
-6
-6
-6
-7
-7
-6
-7
-6
-6
-7
-7
-7
-6
-7
-5
-6
-8
-5
-7
-7
-6
-6
-6
-6
-6
-6
-6
-9
-5
-7
-6
-4
-6
-8
-6
-6
-8
-6
-4
-7
-6
-5
-7
-6
-6
-5
-5
-4
-6
-5
-7
-4
-5
-4
-3
-5
-6
-4
-5
-4
-2
-4
-4
-3
-3
-6
-2
-2
-2
-1
-1
-4
-1
-1
