SAMPLES:	9058
BITSPERSAMPLE:	16
CHANNELS:	1
SAMPLERATE:	16000
NORMALIZED:	FALSE
5
11
9
2
-4
-3
-2
-1
6
6
3
-2
-11
2
2
-5
1
-10
-6
6
-1
1
-8
-8
-1
5
4
12
19
10
1
12
14
9
4
2
8
2
1
16
6
-2
1
-7
10
-3
-4
4
19
21
15
14
5
18
8
-3
-5
6
7
-10
-13
-7
-7
-1
-4
-6
2
-2
2
-4
-6
9
8
-6
-3
-4
-3
-3
-4
8
13
20
7
5
4
-8
-3
5
4
-3
3
-7
-7
5
-13
-5
-8
-18
-16
-27
-8
-11
-6
-6
-6
-9
-2
6
-15
5
3
11
13
-4
0
-1
2
11
5
10
12
14
-4
1
10
-10
3
3
8
13
12
19
-1
-5
-2
-12
-7
-5
0
-4
2
-3
-5
1
-1
10
18
16
21
18
8
14
5
-3
3
-2
1
1
2
2
-6
-10
-2
-4
1
5
-13
-7
-2
0
3
0
1
-3
-8
4
-3
-8
5
-5
5
3
-4
9
5
7
-5
-4
5
8
8
-2
-3
-2
1
4
6
6
2
-6
2
8
12
15
-3
-2
8
1
0
2
5
0
-9
-8
-18
10
11
-5
5
2
9
3
4
-5
-1
3
-4
-3
-8
-16
-6
4
-10
-6
-8
-6
-12
-12
-7
-10
-7
-11
4
1
-6
-2
-4
-7
2
2
8
12
-8
3
8
-3
1
4
-1
4
4
12
2
3
-1
0
-4
-14
-1
-3
2
0
10
7
7
3
-9
-1
10
5
1
7
1
12
10
-2
-5
-4
4
11
-4
-21
-11
-13
-5
-9
-11
-6
-3
3
-7
-4
4
5
5
-2
-4
-6
0
4
-6
1
2
5
9
0
-8
-8
-22
-11
-12
-11
-4
-5
3
-8
3
4
-7
-10
-3
-12
-13
1
3
4
-3
-1
3
1
-2
0
3
5
-3
-5
3
-7
-4
0
1
-10
-6
-5
3
-4
4
9
5
0
-5
7
0
15
-4
-3
15
10
5
1
18
9
22
13
-5
1
5
7
8
16
7
-11
-7
-7
-6
7
1
1
-6
-2
-6
1
-1
4
10
3
7
2
8
9
13
11
15
10
12
13
3
8
8
2
-2
-9
-1
-8
-4
10
1
-2
-1
0
-10
-3
-2
0
5
-2
-4
-7
4
5
-5
-7
5
-8
-2
-3
-14
-8
-6
-4
-18
-9
-2
-14
-10
-9
-15
-11
-1
-4
-2
-6
-6
-11
-6
-5
-19
-9
-9
-23
-16
-14
-17
-11
-19
-12
0
2
-3
4
-9
4
3
12
10
-2
17
14
13
7
13
9
3
3
4
3
8
4
4
5
1
3
-4
2
2
4
-7
6
9
-3
-5
-7
-1
0
-1
-2
4
-6
4
-8
-7
-6
-10
9
-8
0
-1
1
6
6
8
-3
7
3
2
-3
-5
3
-2
8
10
4
4
8
3
0
-8
0
-3
-14
-7
-9
-8
-14
-2
3
-11
1
-5
-1
6
2
5
-4
-3
0
11
4
-1
9
-10
-13
7
9
19
8
5
1
-3
10
-5
-14
-4
-1
-3
-6
-10
-9
1
-6
-9
-3
-11
-7
-7
-5
-10
-5
-2
-7
6
7
3
-17
-11
-11
-11
1
1
-1
1
-10
-6
-3
-13
-5
-1
4
4
2
0
12
21
-1
-2
-2
1
-3
-9
-1
-2
3
-1
-4
-2
16
15
13
15
4
2
-6
3
5
8
14
12
5
15
3
-5
14
-3
3
7
1
-4
-9
-6
-4
-1
-13
-5
-5
-14
-13
-16
-5
7
-4
-2
8
5
-7
11
19
14
13
5
7
20
22
16
21
6
-8
-5
0
9
11
-1
-11
3
29
24
-9
-8
7
-1
-56
-104
-82
29
120
61
-20
-12
59
43
-30
-41
27
67
8
-32
-24
24
15
-15
-8
5
-11
-52
-51
-6
31
11
13
26
26
16
-3
-32
-29
-14
-27
-27
-27
-7
15
31
25
9
-17
-28
-6
15
-10
-52
-65
-22
51
54
11
-1
11
-6
-75
-126
-64
35
98
66
16
26
28
8
-20
0
31
12
-44
-84
-84
-56
1
68
104
68
1
-50
-32
-5
0
11
48
64
19
-35
-15
16
-3
-37
-55
-34
-17
-51
-46
1
40
39
8
8
2
-20
-46
-34
-27
-32
-11
51
111
90
34
-28
-35
-18
-3
6
12
39
24
-30
-46
9
69
55
20
10
-4
-48
-89
-53
46
105
77
34
21
5
-58
-83
-5
54
17
-12
24
10
-53
-63
58
135
22
-116
-59
61
23
-63
-42
75
90
20
-27
-32
-14
-65
-49
-5
-8
4
7
21
2
-53
-36
0
-5
-8
5
11
-42
-76
-3
65
24
-22
3
63
27
-132
-129
43
122
43
-60
1
105
39
-124
-151
60
212
82
-154
-137
129
185
-69
-202
37
293
129
-214
-216
62
179
3
-116
4
144
66
-76
-33
23
-38
-35
102
134
-76
-158
14
143
18
-144
-19
169
89
-146
-165
41
149
32
-105
-2
128
44
-124
-154
-15
112
99
-43
-82
27
149
35
-230
-181
136
311
68
-258
-236
64
251
50
-230
-126
174
210
-90
-315
-135
185
251
-31
-201
-40
162
98
-218
-253
46
234
80
-118
-43
40
11
-66
12
165
31
-158
-149
103
195
-103
-271
11
345
133
-232
-137
114
92
-162
-163
162
306
25
-289
-82
214
62
-250
-198
176
249
-105
-366
-95
302
242
-63
-264
-76
289
174
-187
-327
-69
314
342
-27
-374
-93
303
205
-213
-371
62
389
76
-314
-96
289
157
-148
-156
88
179
-65
-210
36
119
-116
-77
159
191
-37
-148
4
106
-5
-113
77
146
20
15
31
-21
-49
27
44
-1
-98
-196
-14
150
80
42
-39
-48
58
133
-15
-256
-162
160
335
-74
-449
8
437
185
-270
-292
23
138
36
-132
-6
97
-14
111
168
-43
-322
-105
359
234
-243
-400
115
404
-34
-208
-33
180
97
-94
-73
-25
68
-130
-104
112
124
255
58
-229
-246
23
245
-77
-379
-155
592
503
-489
-528
250
607
-140
-716
17
744
258
-783
-520
521
534
-204
-531
211
668
-117
-767
-275
622
366
-264
-237
136
333
-95
-190
7
-23
-205
-164
353
256
-271
-523
-25
769
439
-371
-601
-150
425
151
-384
-353
370
761
-105
-803
-390
481
468
-368
-523
277
691
55
-483
-254
282
300
-88
-80
230
195
-199
-321
-190
-180
-7
515
512
-214
-618
18
628
-31
-769
-384
532
785
85
-415
-261
71
99
-201
-88
151
84
14
-55
53
48
-37
1
191
356
-155
-681
-298
637
716
-414
-833
119
785
127
-719
-282
377
341
-42
-237
154
98
-254
-209
99
272
11
49
139
79
-259
-780
-298
613
887
289
-634
-454
557
576
-774
-1266
190
1534
784
-1011
-904
532
620
-652
-941
485
1058
53
-707
-68
844
-179
-1188
10
1151
518
-910
-598
743
462
-889
-1077
666
1412
-49
-1004
-432
698
535
-591
-374
422
302
-484
-410
613
596
-444
-771
234
812
-253
-991
-48
880
178
-564
50
681
182
-981
-665
539
345
-369
-73
959
598
-860
-1203
-203
824
310
-316
279
697
98
-701
-459
-257
-168
540
800
497
-787
-1174
521
1110
-504
-1618
198
1855
701
-834
-819
361
3
-839
298
1147
401
-777
-457
514
22
-623
-222
801
584
-841
-646
645
604
-318
-312
82
248
227
-233
-170
-154
-278
237
663
185
-503
-204
-119
-354
109
423
533
145
-579
-603
-12
647
419
-57
-527
-525
674
790
-226
-869
-727
380
791
204
-13
223
-94
-766
-492
147
470
418
-65
-41
42
-537
-549
203
641
24
-619
-109
708
777
-406
-1321
-253
1048
878
-247
-1055
-38
1187
158
-1136
-394
911
442
-945
-751
714
1206
-15
-1134
-263
772
97
-751
-307
643
456
-336
-463
32
513
-327
-1099
-163
909
976
-125
-940
-319
361
205
-489
-340
927
1147
-300
-1227
-110
939
-130
-1277
-139
1595
1060
-928
-1454
80
1010
59
-538
46
472
184
-548
-1015
-15
1524
866
-869
-1153
107
1255
323
-1051
-620
816
898
-428
-482
321
407
-42
-592
-145
637
486
-206
-719
-633
151
1059
874
-37
-731
-707
222
594
-171
-423
194
427
219
-134
-396
147
242
-453
-523
38
974
1034
-425
-1559
-661
868
546
-111
463
332
-530
-877
-507
556
428
-700
-276
893
720
-379
-849
-419
193
207
-187
273
767
92
-663
-841
4
1029
523
-405
-485
-189
56
197
17
-382
-50
586
388
-317
-560
-127
144
-293
-634
516
1291
124
-919
-1024
-291
526
534
291
-118
-271
16
226
-47
-537
-180
364
592
274
-304
-133
-122
-321
-187
96
464
488
113
-564
-872
-310
314
468
117
-39
-144
-390
-192
238
449
-219
-577
243
852
357
-774
-778
354
678
140
51
395
78
-548
-641
-161
526
549
269
-104
-364
-121
-152
-194
-71
-14
263
489
331
-349
-684
-115
192
-49
-151
444
943
84
-1022
-856
297
968
399
-54
127
27
-256
-328
105
439
146
90
124
55
-53
-474
-445
20
317
275
-133
-241
-1
120
-7
-216
77
436
224
-86
-351
-108
573
489
-174
-286
153
128
-365
-335
27
157
-101
-460
-211
-35
-342
-534
-619
-332
-15
-154
-393
-601
-535
-467
-407
-105
87
263
156
-266
-489
-344
84
286
174
-63
-122
93
-2
-244
-389
-258
108
71
24
295
281
-112
-456
-307
279
647
560
269
146
316
225
-81
225
723
584
211
181
380
614
633
380
359
545
792
1174
1240
783
301
474
991
1036
805
769
830
783
488
356
739
919
614
420
541
897
1078
697
400
571
788
967
805
346
216
-216
-1494
-2363
-2066
-1262
-1008
-1791
-2820
-3272
-3162
-3178
-3310
-2883
-2275
-1998
-2162
-2523
-2256
-1471
-961
-887
-623
-110
100
116
-2
302
800
700
838
1274
1526
1489
1086
903
1029
975
599
319
327
289
173
-247
-699
-983
-1292
-1380
-1417
-1360
-1291
-1300
-1265
-1297
-990
-321
127
223
150
397
1026
1493
1609
1837
2189
2192
2042
1987
2088
2087
1789
1420
1205
1187
888
338
188
356
380
231
208
158
-63
-68
37
295
641
871
1208
1366
1315
1299
1341
1716
2143
2353
2551
2599
2545
2452
2335
2370
2560
2840
2953
2835
2749
2335
955
-1252
-3029
-3354
-2578
-1810
-1752
-2817
-5031
-7184
-8011
-7250
-5701
-4555
-4158
-4320
-4752
-4960
-4300
-2824
-1515
-710
-117
436
982
1237
1346
1354
1287
1745
2618
3275
3135
2244
1432
956
688
679
701
432
-86
-536
-648
-693
-1054
-1649
-2290
-2484
-2081
-1625
-1601
-2116
-2647
-2596
-1790
-789
-299
-293
-522
-557
-52
946
2014
2486
2466
2404
2519
2820
3041
3084
2894
2420
1885
1681
1468
881
182
-562
-1039
-1239
-1424
-1420
-1524
-1880
-2081
-1772
-957
-353
11
457
875
1384
2037
2720
3230
3544
3819
4135
4500
4659
4673
4756
4713
4635
4670
4728
4628
4188
3560
3201
3178
3193
3049
2658
1933
365
-2229
-5104
-7038
-7175
-6187
-5451
-5643
-7045
-9153
-10682
-10773
-9295
-7132
-5397
-4326
-3834
-3639
-3139
-1857
-216
1225
2430
3265
3804
3956
3619
3239
2837
2581
2788
3190
3230
2388
1073
-181
-1104
-1637
-2139
-2508
-2723
-2947
-3031
-3024
-3140
-3558
-3884
-3723
-3148
-2108
-1284
-1038
-937
-727
40
1293
2397
2899
2725
2435
2519
3004
3590
3802
3683
3490
3102
2580
2123
1656
1131
519
-68
-544
-951
-1460
-2322
-3183
-3576
-3488
-3100
-2720
-2416
-2143
-1920
-1387
-467
684
1796
2569
3305
4079
4760
5443
6109
6683
6958
6948
6796
6498
6240
6042
5761
5422
4970
4375
3754
3129
2446
1863
1614
1557
1419
1239
516
-1605
-5157
-8806
-10593
-9865
-7845
-6308
-6064
-7417
-9960
-11726
-11065
-8325
-5127
-2596
-1015
-558
-835
-742
386
2075
3543
4525
5048
5036
4294
3050
1704
577
154
587
1107
870
-281
-2005
-3608
-4628
-4900
-4713
-4563
-4373
-3965
-3407
-2778
-2469
-2530
-2442
-1880
-640
927
1976
2291
2278
2416
3080
4180
5175
5494
4776
3371
2301
1766
1450
1375
1449
1422
1022
94
-1002
-1793
-2227
-2273
-1932
-1389
-1242
-1820
-2544
-2931
-2860
-2275
-1459
-678
-112
49
-18
104
694
1889
3203
4045
4688
5227
5580
5864
5969
6058
6253
6293
6018
5582
4977
4375
4048
3632
3127
2676
2196
1779
1343
901
798
990
1173
1146
1076
659
-1219
-4745
-8384
-10026
-9222
-7334
-5829
-5286
-6349
-8799
-10399
-9657
-6985
-3996
-1794
-127
731
530
322
1091
2342
3309
4182
4779
4608
3389
1495
-20
-955
-1323
-1017
-590
-831
-2067
-3682
-4827
-5306
-5198
-4864
-4506
-3995
-3442
-2729
-1760
-1025
-889
-734
-87
1157
2638
3413
3533
3571
3763
4271
5027
5402
4866
3613
2174
1160
621
193
-226
-655
-1134
-1479
-1522
-1570
-1974
-2378
-2347
-1878
-1138
-543
-402
-705
-1097
-1159
-777
-115
473
733
523
150
206
758
1549
2399
3147
3721
4115
4348
4677
5080
5326
5230
4931
4865
4838
4583
4072
3393
2873
2358
1897
1753
1576
1116
707
759
1096
1378
1535
1615
1763
1840
1874
1623
-121
-3746
-7824
-9990
-9400
-7462
-5577
-4589
-5504
-8018
-9902
-9540
-7207
-4220
-1620
457
1452
1060
641
1041
1891
2822
3534
3814
3405
2163
361
-1278
-2219
-2433
-2163
-1859
-1970
-2787
-4149
-5239
-5566
-5325
-4819
-4176
-3100
-1786
-533
611
1286
1353
1316
1792
3094
4756
5627
5523
5074
4536
4258
4357
4289
3509
1949
168
-1214
-2043
-2584
-2911
-2844
-2582
-2225
-1929
-1994
-2197
-2132
-1569
-582
567
1315
1164
480
-128
-265
66
391
517
396
55
-157
-81
300
940
1717
2528
3327
4034
4526
4759
4904
5090
5229
5277
5093
4686
4153
3485
2966
2693
2260
1533
918
603
274
-80
-135
284
1009
1649
2131
2314
1998
1711
1885
2230
1557
-1090
-5150
-8946
-10418
-9367
-7280
-5278
-4615
-6130
-8547
-9675
-8567
-6029
-3238
-440
1890
2514
1900
1743
2072
2474
3069
3625
3722
2945
1146
-948
-2509
-3339
-3349
-2886
-2736
-3233
-4286
-5318
-5662
-5250
-4494
-3754
-2773
-1421
95
1861
3178
3444
3202
3116
3722
5035
6122
6112
5406
4436
3518
3094
2718
1911
565
-1047
-2238
-2920
-3636
-4419
-4822
-4621
-3725
-2290
-1065
-654
-755
-763
-275
870
2096
2578
2212
1349
521
54
-192
-340
-304
-326
-562
-682
-623
-455
78
986
2166
3469
4319
4683
4937
5084
5137
5246
5441
5323
4605
3516
2562
1985
1419
748
281
-89
-539
-787
-544
103
756
1178
1428
1886
2572
3022
3332
3668
3821
3789
3460
2263
-503
-4863
-9063
-10646
-9640
-7858
-6156
-5414
-6885
-9491
-10727
-9601
-6769
-3491
-296
2349
3194
2414
1647
1564
2182
3569
4748
4733
3480
1141
-1540
-3270
-3672
-3492
-3282
-3251
-3586
-4347
-5138
-5258
-4666
-3856
-2947
-1608
136
1807
3457
4852
5232
4877
4547
4502
4898
5333
5042
4111
2887
1534
458
-309
-1117
-2064
-3058
-3771
-4091
-4379
-4497
-4039
-3178
-1967
-443
738
1186
1234
1464
1922
2426
2908
3027
2361
1189
79
-727
-1137
-1401
-1559
-1493
-1257
-963
-549
-76
618
1658
2685
3764
4809
5257
5214
5139
5028
4828
4491
4002
3228
2076
987
332
-95
-503
-805
-961
-988
-891
-580
32
921
1992
2907
3530
3839
3782
3622
3636
3711
3696
3610
3301
2704
1690
-274
-3630
-7990
-11805
-13211
-12241
-10347
-8201
-6846
-7509
-9131
-9523
-7864
-4712
-843
3007
5690
6200
5264
4421
4185
4568
5391
5720
4726
2559
-352
-3383
-5449
-6079
-5991
-5816
-5585
-5367
-5551
-5764
-5202
-3959
-2720
-1618
-29
2093
4070
5814
7100
7117
5993
4716
3985
3813
3737
3028
1672
121
-1331
-2135
-2250
-2184
-2298
-2875
-3814
-4608
-4857
-4409
-3134
-1112
897
2069
2185
1661
1334
1550
2223
3138
3551
2778
1256
-71
-882
-1195
-1198
-1198
-1349
-1635
-1788
-1421
-793
-117
838
1896
2865
3880
4730
5064
5125
5023
4741
4299
3650
2986
2366
1653
952
423
-118
-710
-1027
-996
-717
-250
182
688
1415
2169
2837
3512
3940
3850
3644
3534
3527
3620
3513
2972
2168
1311
550
186
-304
-2101
-5718
-10336
-13687
-14062
-12161
-9304
-6424
-5058
-5899
-7165
-6733
-4452
-1153
2445
5656
7407
6923
5316
4152
3565
3392
3476
2991
1261
-1446
-4352
-6575
-7633
-7834
-7658
-7150
-6320
-5341
-4354
-3227
-2020
-929
128
1401
3247
5412
7156
8122
8052
6648
4645
3074
2267
2112
1715
472
-1195
-2857
-4041
-4190
-3567
-2971
-2761
-2947
-3296
-3305
-2776
-1733
-288
1168
2382
3096
3197
3095
3044
3077
3082
2975
2600
1639
346
-759
-1611
-2210
-2515
-2524
-2263
-1974
-1729
-1354
-828
-204
663
1785
3024
4171
4873
5030
4909
4700
4385
3989
3581
3055
2307
1490
907
468
-53
-488
-639
-516
-346
-76
455
1052
1585
2190
2817
3186
3368
3607
3839
3855
3514
2776
1894
1179
619
135
-31
109
259
-12
-1408
-4483
-8813
-12721
-13962
-12103
-8867
-5520
-3220
-3442
-5381
-6354
-5138
-2224
1534
5272
7688
7568
5498
3488
2454
2151
2390
2383
1073
-1447
-4337
-6920
-8453
-8749
-8341
-7424
-5958
-4422
-3302
-2372
-1368
-287
839
2165
3869
5668
7068
8015
8220
7208
5304
3424
2113
1431
1007
-55
-1769
-3450
-4647
-4874
-4022
-2888
-2263
-2185
-2283
-2237
-1866
-1023
335
1757
2854
3564
3583
2891
2153
1814
1698
1641
1437
705
-574
-1827
-2628
-2945
-2855
-2455
-1919
-1429
-950
-401
139
714
1575
2578
3507
4393
5015
5116
4844
4491
4052
3411
2636
1895
1188
552
137
-43
-274
-701
-856
-541
-56
390
864
1464
2083
2619
3193
3836
4161
4086
3973
3795
3399
2846
2134
1369
453
-515
-1124
-1239
-773
-32
47
-1497
-4922
-9495
-13318
-14119
-11596
-7589
-3922
-1988
-2746
-5163
-6492
-5185
-1850
2187
5707
7423
6509
3978
1873
1045
1191
1820
1971
728
-1580
-4129
-6405
-7672
-7640
-6961
-5871
-4288
-2587
-1238
-487
-10
498
1110
2152
3830
5699
6950
7341
6768
5241
3351
1796
814
317
-61
-1107
-2765
-4130
-4806
-4575
-3410
-2017
-1112
-867
-967
-957
-727
-128
1095
2419
3286
3827
3790
2749
1380
539
170
47
86
-56
-929
-2269
-3229
-3613
-3527
-2808
-1601
-469
265
649
810
889
1413
2649
4026
5018
5464
5125
4160
3358
2958
2616
2195
1728
1247
802
361
112
43
-136
-284
10
689
1383
2013
2543
2849
2863
2727
2831
3105
3109
2924
2758
2369
1609
801
168
-356
-730
-1031
-1184
-831
2
926
1433
729
-1901
-6064
-10168
-11885
-10289
-7126
-4188
-2351
-2959
-5707
-7628
-6753
-3579
400
3969
6034
5689
3432
1394
871
1350
2216
2658
1686
-603
-3270
-5565
-6844
-6969
-6530
-5907
-4945
-3696
-2574
-1704
-1020
-431
278
1341
2786
4567
6197
6946
6777
5816
4307
2812
1763
1158
592
-525
-2132
-3550
-4507
-4634
-3726
-2659
-2109
-1926
-1926
-1955
-1579
-669
474
1586
2578
3257
3285
2738
1986
1394
1070
938
891
548
-296
-1290
-2188
-2887
-3050
-2643
-1889
-940
-156
206
357
570
1093
2096
3201
4026
4371
4179
3746
3328
2973
2642
2288
1872
1442
1040
666
380
218
238
426
768
1211
1579
1875
2272
2598
2745
2849
2831
2699
2569
2462
2334
2049
1575
1090
572
236
303
476
615
767
734
633
799
1083
1012
-187
-2910
-6669
-10088
-11304
-9877
-7292
-4850
-3563
-4423
-6432
-7065
-5377
-2195
1440
4426
5638
4742
3097
2291
2349
2792
3204
2588
534
-1961
-4076
-5637
-6394
-6482
-6422
-6272
-5500
-4075
-2734
-1732
-775
13
706
1916
3598
5177
6303
6789
6460
5292
3747
2439
1346
394
-373
-1488
-3007
-4142
-4588
-4437
-3803
-2984
-2386
-2116
-1735
-938
51
1123
2285
3054
3223
3250
3153
2690
2136
1656
962
12
-863
-1575
-2341
-2980
-3231
-3400
-3417
-2830
-1826
-862
122
1058
1730
2263
3013
3918
4554
4839
4839
4456
3764
3210
2809
2320
1825
1275
591
3
-341
-354
21
528
952
1286
1588
1846
2174
2738
3415
3904
3994
3658
2951
2103
1539
1386
1276
890
452
91
-311
-427
-187
3
132
250
286
376
681
1293
1783
1359
-516
-3698
-7655
-10752
-11052
-9050
-6605
-4808
-4426
-5843
-7461
-7091
-4516
-957
2505
4953
5472
4363
3161
2720
2836
3129
3112
1943
-353
-2618
-4412
-5870
-6696
-6968
-7090
-6634
-5352
-3785
-2421
-1479
-853
-136
1036
2561
4112
5354
6095
6235
5800
4985
3836
2447
1141
79
-915
-1990
-3077
-3928
-4354
-4206
-3560
-2874
-2279
-1688
-1120
-444
393
1280
2186
3031
3667
4099
4149
3608
2863
2253
1541
645
-213
-1053
-1934
-2717
-3103
-3199
-3215
-2789
-1883
-921
-38
875
1535
2034
2815
3690
4292
4596
4635
4314
3779
3346
3010
2481
1714
894
171
-363
-514
-303
52
374
589
846
1184
1582
2041
2608
3114
3273
3148
2890
2420
1904
1496
1141
869
642
366
126
48
-206
-623
-688
-435
-123
374
930
1263
1507
1853
1934
1024
-1199
-4570
-8411
-10846
-10376
-8244
-6145
-4533
-4464
-6288
-7694
-6665
-3819
-469
2790
5041
5169
3873
2996
2921
3001
3117
2740
1191
-897
-2868
-4727
-6228
-7080
-7389
-7116
-5951
-4264
-2982
-2441
-2107
-1539
-605
914
2692
4111
5153
5850
6122
5993
5275
3950
2518
1363
436
-548
-1669
-2698
-3454
-3808
-3479
-2678
-2076
-1751
-1470
-1103
-569
250
1481
2763
3622
3999
3870
3198
2393
1999
1810
1386
793
79
-920
-1935
-2461
-2681
-2831
-2496
-1736
-1098
-541
116
612
994
1657
2473
3101
3580
3919
3911
3639
3380
3099
2610
2088
1750
1421
1051
905
842
652
562
489
482
748
1089
1303
1526
1881
2161
2257
2285
2230
1860
1282
945
880
851
735
595
458
217
66
254
436
414
439
451
436
775
1430
1733
1129
-675
-3710
-7303
-10059
-10435
-8816
-7010
-5588
-5018
-6098
-7541
-7112
-4874
-1911
1220
3678
4628
4103
3260
3015
3121
3260
3154
2094
184
-1695
-3430
-5024
-6020
-6496
-6667
-6147
-4913
-3579
-2615
-1969
-1369
-560
732
2386
3895
5063
5867
6108
5888
5375
4422
3197
2109
1195
305
-765
-1924
-2828
-3365
-3335
-2680
-2062
-1844
-1710
-1475
-1039
-164
1045
2225
3086
3494
3585
3332
2798
2383
2113
1717
1275
826
70
-920
-1804
-2552
-3073
-3105
-2649
-1968
-1382
-848
-323
115
713
1584
2467
3150
3627
3887
3848
3645
3430
3223
2963
2610
2185
1668
1109
614
240
76
33
38
131
304
433
650
1149
1733
2243
2542
2516
2142
1587
1242
1148
1152
1261
1189
750
346
153
-38
-7
243
345
343
310
219
273
678
1307
1476
332
-2247
-5855
-9523
-11111
-9860
-7652
-5626
-4281
-4878
-6643
-7080
-5416
-2550
696
3597
5123
4825
3912
3609
3468
3212
3059
2236
533
-1026
-2471
-4152
-5605
-6534
-7017
-6771
-5510
-3908
-2782
-2174
-1564
-775
244
1740
3239
4426
5400
5994
6220
5920
4906
3516
2213
1193
412
-400
-1504
-2635
-3442
-3656
-3113
-2405
-1988
-1813
-1817
-1574
-784
381
1763
3004
3724
3963
3718
3034
2360
1919
1522
1216
923
280
-690
-1776
-2762
-3380
-3393
-2761
-1868
-1114
-530
-100
184
717
1640
2566
3274
3788
4025
3909
3633
3413
3123
2608
2073
1666
1236
835
541
215
-115
-323
-380
-238
39
320
713
1169
1703
2220
2444
2442
2317
2132
2068
2200
2229
2003
1570
987
586
328
45
-36
-37
-105
51
286
485
839
1075
900
-46
-2186
-5139
-8097
-9919
-9372
-7406
-5728
-4602
-4588
-5974
-6808
-5567
-3007
-64
2667
4398
4691
3998
3570
3651
3430
2992
2363
881
-863
-2107
-3527
-5062
-6078
-6820
-6972
-6070
-4685
-3491
-2722
-2112
-1366
-400
1023
2657
3961
5087
6113
6517
6366
5718
4278
2581
1410
713
14
-850
-1780
-2728
-3461
-3417
-2812
-2458
-2267
-1928
-1591
-978
137
1233
1952
2441
2800
2980
3015
3051
3031
2690
2079
1451
706
-202
-1015
-1756
-2379
-2688
-2717
-2535
-2198
-1829
-1457
-916
-150
762
1617
2232
2712
3075
3313
3587
3832
3819
3491
2917
2222
1559
1014
617
342
22
-273
-463
-560
-470
-163
279
847
1544
2278
2867
3169
3243
3085
2787
2666
2589
2246
1775
998
-86
-795
-1070
-1295
-1222
-998
-1093
-1109
-846
-434
93
668
1254
1325
169
-1793
-4131
-6828
-8133
-7262
-5969
-4818
-3866
-4340
-5729
-6096
-5064
-3183
-757
1747
3285
3349
2970
2781
2252
1728
1761
1379
350
-439
-1389
-2959
-4389
-5305
-5811
-5636
-4507
-3085
-2274
-1818
-1340
-1058
-467
931
2345
3482
4606
5286
5410
5118
4305
3246
2249
1500
1097
606
-161
-872
-1634
-2290
-2282
-2052
-1989
-1831
-1623
-1417
-996
-400
325
1148
1810
2311
2665
2646
2360
2178
1998
1753
1519
1069
338
-499
-1253
-1793
-2061
-2081
-1889
-1634
-1388
-1032
-579
-103
482
1138
1757
2371
2963
3419
3642
3631
3376
3070
2826
2546
2249
1967
1521
960
535
340
281
196
254
539
791
1096
1692
2164
2219
2227
2142
1883
1714
1698
1599
1329
1078
685
66
-399
-608
-836
-923
-632
-353
-330
-210
6
134
476
971
750
-658
-2833
-5556
-8058
-8688
-7471
-6008
-4909
-4389
-5201
-6428
-6207
-4542
-2430
-113
1963
2895
2831
2829
2906
2422
1943
1741
1089
222
-282
-1235
-2928
-4338
-5166
-5566
-4997
-3584
-2438
-1891
-1464
-1087
-754
49
1298
2453
3536
4776
5662
5795
5359
4313
2871
1757
1261
1004
583
-86
-1003
-1948
-2449
-2430
-2162
-1873
-1691
-1562
-1338
-917
-349
284
955
1519
1885
2200
2393
2342
2244
2056
1646
1227
862
295
-395
-966
-1474
-1841
-1890
-1631
-1377
-1276
-1051
-659
-246
333
1171
1873
2351
2840
3200
3350
3411
3405
3229
2907
2631
2362
1935
1516
1289
972
609
458
321
248
498
892
1284
1675
1928
2068
2157
2154
1989
1590
1187
887
546
261
-42
-631
-1134
-1242
-1350
-1288
-825
-454
-180
293
803
1074
1312
1575
1215
-213
-2340
-4890
-7514
-8618
-7849
-6806
-5952
-5363
-5921
-7018
-6861
-5289
-3230
-909
1482
3004
3316
3395
3534
3132
2683
2676
2303
1415
618
-535
-2303
-3849
-4844
-5457
-5359
-4420
-3419
-2881
-2457
-2018
-1708
-1034
285
1615
2907
4418
5596
6004
5776
4930
3622
2536
2080
1951
1607
903
-49
-1234
-2214
-2500
-2485
-2500
-2390
-2276
-2271
-2125
-1684
-1032
-106
907
1814
2549
2904
2951
2988
2974
2878
2789
2467
1807
958
-1
-861
-1427
-1750
-1820
-1847
-1956
-1873
-1597
-1251
-596
289
1021
1787
2702
3429
3957
4299
4303
4044
3721
3407
3052
2644
2206
1686
1000
314
-223
-667
-835
-541
-82
313
704
1031
1187
1324
1572
1690
1657
1678
1569
1249
904
413
-244
-669
-853
-982
-888
-593
-384
-298
-205
-239
-363
-261
165
509
130
-1085
-3065
-5631
-7511
-7717
-6998
-5964
-4795
-4534
-5308
-5670
-5139
-4008
-2174
63
1829
2739
3129
3236
2945
2419
2135
1854
1265
705
56
-1171
-2599
-3718
-4604
-4877
-4284
-3433
-2758
-2231
-1834
-1534
-1013
-139
863
1926
3161
4322
5008
5203
4804
3907
3066
2651
2492
2226
1660
718
-477
-1490
-1909
-1967
-1983
-2029
-2203
-2504
-2736
-2614
-2025
-1156
-145
932
1834
2366
2682
2919
3060
3112
3051
2849
2432
1773
965
127
-739
-1465
-1886
-2135
-2213
-2118
-1950
-1732
-1338
-746
-28
769
1645
2607
3417
3955
4197
4153
3845
3367
2995
2737
2402
2005
1567
939
231
-229
-441
-421
-169
126
395
623
857
1151
1436
1639
1815
1789
1456
1141
698
77
-266
-528
-902
-985
-994
-1163
-1079
-800
-562
-231
14
101
232
396
674
649
-371
-2079
-4249
-6485
-7286
-6599
-5712
-4873
-4387
-5035
-5884
-5703
-4519
-2731
-685
1235
2411
2698
2720
2741
2410
2139
2138
1811
1178
491
-560
-1925
-3121
-3871
-4219
-4094
-3413
-2728
-2365
-2008
-1673
-1468
-805
295
1370
2595
3800
4462
4667
4497
3961
3407
3017
2940
2868
2253
1357
374
-821
-1566
-1612
-1693
-1913
-2137
-2568
-2991
-3061
-2668
-1873
-934
164
1337
2134
2634
3043
3146
3055
3131
3264
3205
2888
2213
1227
28
-1065
-1717
-2021
-2129
-2089
-2065
-2089
-1970
-1648
-1048
-134
927
1967
2958
3751
4183
4220
3970
3601
3200
2923
2786
2475
1960
1354
654
12
-334
-465
-541
-467
-190
202
511
782
1085
1159
1071
1194
1298
1114
935
690
202
-162
-341
-529
-611
-602
-593
-551
-495
-370
-241
-206
-44
207
360
509
430
-481
-2083
-3967
-5874
-6916
-6625
-5724
-4863
-4344
-4538
-5141
-5207
-4329
-2840
-1151
496
1704
2129
2174
2246
2089
1801
1760
1602
1058
385
-391
-1391
-2384
-2996
-3257
-3261
-2873
-2287
-1890
-1692
-1493
-1307
-994
-304
601
1524
2461
3199
3621
3798
3607
3167
2779
2481
2259
2054
1598
931
112
-677
-1103
-1331
-1527
-1628
-1764
-2027
-2113
-2051
-1974
-1615
-925
-41
940
1767
2264
2447
2354
2295
2449
2488
2391
2154
1591
848
160
-457
-936
-1200
-1384
-1435
-1463
-1528
-1369
-971
-417
396
1277
1999
2562
2966
3238
3338
3263
3118
2968
2763
2560
2366
2030
1619
1199
756
390
99
-119
-138
53
282
449
590
641
652
708
787
784
576
353
123
-160
-262
-228
-277
-298
-198
-181
-193
-48
138
210
236
314
317
302
290
-183
-1407
-3137
-5064
-6654
-7062
-6380
-5444
-4613
-4150
-4352
-4695
-4379
-3403
-2114
-631
902
1889
2144
2167
2002
1530
1234
1311
1164
713
271
-451
-1423
-2199
-2693
-3033
-3002
-2469
-1860
-1451
-1206
-1156
-1274
-1137
-496
452
1493
2520
3263
3499
3358
3029
2645
2430
2458
2468
2236
1748
1024
264
-278
-595
-863
-1172
-1461
-1679
-1756
-1671
-1478
-1223
-949
-579
-37
583
1190
1713
2051
2174
2122
1963
1784
1615
1406
1102
657
75
-475
-877
-1152
-1254
-1196
-1128
-992
-686
-321
76
539
952
1323
1715
2050
2337
2551
2583
2513
2382
2173
2004
1891
1721
1566
1392
1068
775
543
298
244
338
422
538
584
537
512
509
515
556
589
518
402
218
51
-57
-181
-210
-169
-196
-235
-233
-234
-209
-172
-123
-59
26
175
196
-208
-1188
-2660
-4332
-5495
-5709
-5215
-4403
-3786
-3774
-4256
-4704
-4639
-3950
-2775
-1392
-136
709
1112
1221
1153
1077
1177
1411
1638
1707
1435
797
-35
-882
-1538
-1829
-1779
-1598
-1399
-1294
-1352
-1506
-1598
-1438
-1047
-391
544
1491
2203
2593
2666
2454
2222
2180
2284
2432
2391
2153
1721
1137
605
187
-220
-577
-808
-1006
-1156
-1277
-1452
-1578
-1575
-1408
-959
-380
112
491
719
778
839
963
1108
1278
1339
1257
1016
592
168
-80
-159
-111
56
157
97
0
-27
105
371
758
1174
1489
1725
1898
1997
2028
1999
1888
1733
1619
1570
1564
1502
1309
1053
720
424
358
465
657
860
981
1014
1012
967
959
1012
1000
936
815
613
340
-13
-365
-643
-905
-1050
-1043
-1009
-962
-902
-847
-818
-720
-540
-296
35
407
624
302
-568
-1813
-3200
-4081
-4129
-3637
-3073
-2855
-3211
-3933
-4463
-4473
-3867
-2845
-1718
-677
3
367
587
635
692
953
1285
1557
1679
1483
987
355
-267
-698
-854
-823
-726
-665
-710
-910
-1205
-1409
-1462
-1302
-823
-118
594
1117
1350
1265
1023
931
1124
1480
1813
1992
1856
1448
1050
750
459
222
83
-96
-335
-590
-935
-1282
-1487
-1458
-1164
-830
-601
-467
-447
-372
-106
222
481
638
666
656
659
723
792
774
696
623
577
588
675
739
761
797
803
791
895
1062
1218
1394
1539
1575
1491
1377
1304
1204
1107
1116
1087
974
928
855
662
576
616
669
792
950
1060
1098
1109
1199
1281
1252
1222
1139
908
653
437
168
-65
-247
-402
-525
-649
-768
-889
-1014
-1118
-1081
-902
-592
-243
-44
5
-50
-91
11
73
-189
-900
-1937
-2907
-3378
-3255
-2796
-2402
-2452
-2897
-3368
-3591
-3436
-2908
-2192
-1457
-810
-323
-31
61
30
91
313
551
737
779
582
288
15
-189
-335
-465
-518
-494
-446
-389
-406
-592
-869
-1039
-993
-646
-50
540
888
882
618
284
151
265
562
886
1056
1054
923
748
543
348
191
87
96
146
177
119
-105
-367
-565
-643
-550
-303
-69
96
222
202
74
6
1
97
342
604
769
813
770
712
742
876
1061
1245
1352
1423
1451
1404
1380
1387
1368
1356
1367
1309
1140
934
730
541
454
446
463
500
532
529
506
483
445
435
478
564
684
753
737
679
615
628
745
925
1089
1152
1027
819
580
355
164
23
-69
-198
-350
-514
-696
-939
-1136
-1220
-1237
-1164
-1050
-932
-839
-763
-703
-612
-389
-58
346
622
539
-12
-896
-1744
-2227
-2221
-1892
-1539
-1485
-1761
-2245
-2755
-3056
-3087
-2855
-2368
-1726
-1143
-738
-573
-638
-716
-688
-459
-83
246
488
532
396
201
26
-95
-61
108
317
499
502
334
7
-405
-661
-649
-430
-90
200
231
-5
-361
-662
-755
-646
-421
-144
89
252
379
453
461
478
568
764
1051
1289
1365
1298
1072
824
711
675
718
826
880
822
664
401
74
-184
-317
-272
-161
-49
57
44
-11
0
62
166
356
604
855
1124
1321
1442
1491
1480
1502
1564
1643
1648
1522
1263
924
599
309
123
2
-107
-174
-258
-339
-384
-415
-438
-355
-221
-54
187
448
673
795
865
868
818
828
894
941
1000
1010
918
766
610
438
237
99
-51
-222
-375
-496
-604
-726
-835
-933
-1097
-1243
-1231
-1167
-1052
-859
-723
-727
-743
-651
-516
-280
44
227
185
-65
-482
-986
-1392
-1570
-1575
-1512
-1473
-1528
-1769
-2057
-2236
-2291
-2177
-1912
-1547
-1191
-875
-614
-466
-416
-378
-320
-188
15
250
425
468
419
281
122
-1
-27
23
104
207
159
-3
-252
-535
-709
-692
-524
-310
-84
27
19
-82
-175
-174
-49
236
594
935
1178
1335
1377
1330
1257
1153
1042
996
1063
1118
1130
1059
839
533
305
177
122
156
191
184
179
175
155
128
89
114
168
245
379
458
461
441
400
345
321
347
423
529
637
772
824
813
750
605
453
361
379
488
614
641
524
293
45
-30
88
278
509
662
667
643
597
552
544
514
506
561
592
588
520
335
119
-64
-159
-135
-58
-15
-21
-105
-257
-411
-506
-553
-512
-442
-386
-339
-377
-506
-658
-820
-952
-952
-855
-724
-596
-525
-523
-552
-554
-535
-468
-358
-224
-139
-153
-268
-525
-847
-1089
-1214
-1250
-1225
-1210
-1237
-1344
-1447
-1475
-1466
-1366
-1155
-920
-710
-524
-399
-359
-319
-261
-230
-184
-143
-116
-135
-202
-289
-394
-494
-516
-436
-336
-230
-133
-87
-55
-22
24
65
119
182
267
350
385
384
345
292
303
387
504
630
759
865
913
939
938
893
863
876
911
939
935
891
788
670
565
458
353
276
241
261
322
366
356
287
157
50
36
117
246
369
454
452
398
369
415
505
658
827
950
974
935
847
735
689
714
735
725
651
479
295
140
29
-21
-55
-70
-57
-16
44
82
87
56
24
2
40
121
163
183
162
84
-44
-152
-222
-293
-302
-268
-226
-198
-211
-229
-274
-328
-328
-314
-306
-308
-309
-298
-307
-323
-392
-522
-675
-759
-748
-661
-555
-508
-514
-567
-593
-554
-480
-435
-404
-401
-439
-478
-543
-646
-767
-903
-1003
-1060
-1091
-1098
-1120
-1136
-1149
-1129
-1082
-1000
-903
-783
-623
-483
-332
-247
-241
-256
-262
-209
-109
-6
25
20
5
-12
56
135
195
236
276
324
372
403
387
354
336
346
375
405
412
383
342
346
354
374
414
476
526
573
616
624
621
615
604
588
596
611
632
646
648
590
507
467
447
460
474
473
450
408
403
397
386
378
373
407
454
508
529
480
411
373
355
398
496
551
575
575
544
490
449
444
436
396
371
329
243
206
175
141
103
47
14
-3
22
70
97
77
50
43
23
42
46
37
5
-28
-29
-66
-123
-170
-233
-279
-297
-308
-329
-353
-384
-417
-450
-473
-481
-481
-424
-346
-280
-258
-280
-345
-424
-477
-484
-487
-489
-501
-546
-615
-677
-732
-787
-818
-834
-890
-956
-1037
-1105
-1104
-1080
-993
-912
-885
-887
-895
-869
-784
-657
-497
-333
-235
-144
-69
-25
2
36
56
64
115
164
213
230
221
178
134
82
80
117
130
198
237
237
234
239
273
329
417
492
517
505
469
441
460
502
570
603
597
555
495
462
463
485
513
538
525
512
508
499
504
509
507
488
452
438
412
381
369
351
335
315
316
306
300
292
275
267
259
252
260
272
262
280
266
285
305
314
334
341
367
397
417
391
316
212
99
44
51
60
73
47
-27
-120
-200
-260
-277
-235
-184
-129
-125
-155
-189
-235
-205
-146
-91
-73
-81
-129
-201
-238
-282
-301
-301
-302
-290
-292
-297
-340
-393
-448
-511
-578
-625
-661
-685
-700
-698
-699
-708
-692
-703
-712
-726
-745
-750
-716
-674
-629
-580
-566
-561
-578
-597
-603
-599
-548
-460
-382
-302
-252
-210
-179
-146
-114
-92
-65
-26
41
109
145
142
127
103
108
146
197
222
238
244
245
262
269
289
322
325
362
387
381
383
367
344
327
304
283
281
281
294
314
319
338
359
393
449
495
544
578
606
640
658
658
633
593
540
497
447
402
348
286
233
204
173
131
118
112
137
193
272
327
322
307
282
282
318
365
388
354
301
253
215
218
213
176
113
42
-10
-36
-34
-48
-75
-136
-188
-217
-235
-234
-245
-259
-259
-247
-226
-184
-191
-213
-236
-254
-247
-220
-177
-163
-158
-183
-234
-298
-359
-393
-415
-408
-376
-387
-429
-480
-551
-600
-613
-582
-564
-554
-555
-566
-583
-584
-576
-584
-581
-557
-504
-450
-401
-372
-389
-416
-416
-381
-333
-263
-190
-148
-117
-90
-70
-81
-61
-33
-15
19
54
72
80
92
97
76
63
59
59
90
125
165
157
145
133
109
122
155
196
238
263
281
284
268
263
276
300
327
375
398
404
402
391
390
398
418
443
457
470
460
434
419
387
370
373
372
369
381
385
395
405
407
392
370
361
361
377
389
413
411
382
347
284
220
185
177
186
201
183
152
120
92
87
99
89
79
80
88
109
119
104
65
30
10
1
13
-6
-65
-115
-176
-220
-234
-214
-218
-214
-201
-225
-250
-295
-321
-352
-363
-354
-365
-379
-428
-454
-485
-510
-495
-501
-493
-472
-454
-430
-414
-418
-437
-457
-455
-454
-447
-431
-428
-431
-420
-417
-429
-436
-446
-424
-392
-352
-313
-307
-308
-289
-272
-240
-199
-177
-147
-134
-107
-75
-66
-53
-52
-56
-49
-32
-5
19
29
37
24
16
13
15
14
5
0
12
37
78
116
119
95
67
72
101
171
231
278
314
323
355
382
398
410
423
451
462
480
476
447
439
457
469
495
492
459
434
408
434
451
459
493
479
462
461
428
412
402
371
359
322
273
235
210
204
201
197
191
194
199
229
235
223
205
185
192
214
242
241
216
174
118
41
-15
-79
-117
-128
-133
-137
-167
-218
-259
-282
-269
-222
-199
-173
-184
-215
-240
-274
-273
-298
-304
-296
-315
-316
-335
-353
-400
-427
-457
-478
-465
-467
-453
-442
-432
-411
-394
-360
-346
-335
-322
-323
-322
-318
-309
-318
-302
-302
-301
-288
-298
-296
-307
-313
-317
-320
-317
-314
-309
-301
-288
-281
-250
-215
-198
-153
-132
-108
-83
-52
-15
16
52
71
74
73
68
67
68
67
71
56
69
81
88
105
105
99
100
116
120
159
181
195
238
249
271
288
300
330
364
406
439
456
480
486
508
545
567
571
580
564
546
534
520
496
456
429
381
345
316
295
260
233
210
180
172
181
200
219
226
215
213
188
189
193
187
195
189
177
160
128
82
49
30
22
29
25
3
-37
-69
-96
-105
-102
-124
-136
-174
-204
-218
-235
-240
-242
-248
-253
-260
-279
-306
-330
-335
-315
-285
-258
-230
-247
-262
-272
-303
-313
-329
-353
-362
-355
-360
-354
-358
-380
-396
-410
-406
-388
-361
-317
-279
-260
-253
-258
-266
-274
-272
-274
-292
-299
-298
-285
-265
-254
-238
-245
-247
-223
-200
-168
-142
-104
-77
-65
-34
-22
-18
-9
9
8
17
17
20
31
41
57
70
76
80
91
102
119
129
165
173
191
212
224
253
280
311
343
353
360
380
383
405
439
468
497
509
506
483
444
425
398
399
408
399
402
383
370
334
332
305
280
275
256
250
248
261
251
247
228
203
176
152
131
101
76
52
42
38
38
25
7
-15
-24
-16
-1
5
-4
-14
-46
-63
-85
-106
-125
-137
-144
-134
-142
-175
-187
-222
-236
-235
-227
-237
-241
-240
-249
-249
-261
-288
-305
-317
-308
-297
-294
-303
-330
-340
-336
-323
-277
-261
-235
-226
-231
-240
-255
-260
-267
-242
-243
-228
-232
-247
-260
-279
-279
-290
-286
-268
-246
-237
-212
-194
-191
-173
-154
-143
-133
-122
-111
-87
-83
-59
-45
-50
-22
-8
3
25
35
48
57
79
99
117
136
147
157
167
176
197
210
223
220
204
204
191
199
219
224
234
237
234
243
252
263
274
276
280
283
290
311
330
350
366
363
350
339
324
320
312
307
291
269
254
241
222
212
196
170
150
124
109
87
75
83
92
97
111
109
96
95
98
103
113
107
97
80
58
44
27
6
-13
-48
-75
-102
-136
-154
-169
-184
-192
-182
-179
-175
-165
-183
-199
-212
-230
-227
-221
-217
-215
-223
-238
-250
-264
-253
-255
-236
-232
-240
-242
-254
-242
-229
-208
-197
-201
-225
-238
-251
-255
-244
-257
-260
-277
-301
-294
-286
-272
-247
-232
-214
-198
-187
-165
-168
-168
-171
-172
-156
-141
-108
-88
-82
-61
-61
-66
-60
-68
-51
-28
2
44
66
81
90
107
117
130
150
154
157
164
176
179
180
184
177
185
197
210
215
212
187
168
162
157
176
201
214
221
230
240
226
227
210
181
187
195
229
268
284
279
263
235
211
205
191
184
182
169
171
170
163
170
161
168
160
153
147
128
128
125
126
130
141
134
131
122
102
76
54
31
6
-2
-18
-21
-15
-16
-31
-29
-56
-82
-80
-94
-93
-99
-100
-118
-122
-111
-116
-111
-116
-121
-132
-127
-130
-134
-136
-159
-151
-160
-168
-164
-193
-203
-223
-229
-232
-234
-238
-232
-229
-227
-218
-214
-203
-206
-196
-201
-208
-213
-222
-221
-219
-217
-219
-210
-208
-193
-184
-181
-178
-198
-179
-186
-172
-143
-129
-104
-85
-73
-80
-77
-78
-69
-43
-23
-1
15
28
50
68
74
83
72
67
82
86
97
120
121
122
135
129
114
115
101
94
106
103
116
117
117
131
134
152
171
179
191
202
197
210
213
217
226
223
230
223
221
212
202
185
180
173
168
173
169
166
159
148
138
131
128
140
146
156
153
137
133
115
114
125
112
114
98
82
67
58
63
46
44
38
10
-2
-23
-36
-46
-50
-44
-42
-49
-51
-60
-85
-92
-100
-107
-108
-104
-122
-124
-134
-145
-155
-157
-176
-193
-191
-196
-185
-177
-161
-155
-149
-132
-117
-119
-116
-127
-141
-149
-145
-145
-148
-143
-165
-168
-176
-196
-194
-193
-201
-184
-172
-172
-151
-143
-123
-108
-99
-84
-86
-78
-68
-61
-54
-51
-47
-41
-25
-9
16
31
36
47
38
45
55
60
74
84
84
73
64
50
36
47
56
69
80
79
81
67
80
83
105
119
129
145
138
139
145
136
133
139
133
139
147
151
154
150
152
147
159
156
163
163
160
161
154
154
136
127
116
108
105
103
95
81
67
51
43
35
40
42
42
55
50
52
46
35
20
11
8
-2
9
12
3
4
-9
-33
-44
-60
-71
-86
-101
-116
-128
-137
-140
-137
-137
-149
-147
-152
-165
-155
-160
-155
-153
-143
-129
-123
-113
-108
-113
-117
-125
-131
-141
-146
-141
-150
-133
-139
-130
-128
-138
-126
-140
-144
-138
-140
-129
-101
-83
-76
-59
-71
-73
-66
-65
-48
-48
-50
-49
-51
-45
-24
-15
-5
1
11
6
14
20
12
21
25
31
35
41
38
36
45
55
59
64
62
57
70
73
93
111
113
134
140
151
165
164
172
161
151
151
154
159
175
182
172
163
149
146
134
155
153
148
164
155
160
159
162
150
140
146
135
130
127
119
106
91
98
77
76
69
58
58
44
45
32
29
20
25
23
18
14
8
2
-6
-5
-17
-29
-41
-40
-52
-57
-55
-70
-71
-75
-88
-107
-127
-145
-151
-167
-155
-169
-184
-186
-190
-192
-188
-175
-181
-166
-163
-148
-146
-148
-136
-149
-137
-135
-129
-129
-130
-129
-137
-137
-143
-138
-147
-131
-116
-107
-87
-82
-91
-94
-93
-88
-78
-68
-57
-55
-46
-48
-37
-40
-26
-21
-14
-4
-16
-4
-8
5
21
21
33
33
30
43
46
45
55
59
64
76
81
91
100
101
112
113
113
118
126
138
140
142
146
145
144
142
146
128
130
131
132
138
141
156
141
143
144
130
142
150
154
160
151
147
132
114
114
96
96
99
96
91
80
62
59
50
45
47
28
23
16
19
20
9
14
-1
-8
-7
-19
-29
-37
-45
-53
-47
-55
-54
-47
-63
-56
-74
-80
-79
-86
-83
-85
-93
-99
-104
-109
-118
-118
-123
-136
-133
-146
-147
-144
-155
-149
-150
-154
-141
-136
-126
-132
-126
-131
-135
-116
-116
-109
-110
-102
-99
-94
-79
-82
-81
-72
-69
-60
-63
-56
-59
-61
-50
-59
-48
-46
-41
-34
-35
-36
-36
-33
-34
-24
-23
-8
5
21
28
37
44
41
50
49
44
45
39
51
62
70
80
73
76
69
75
76
79
86
96
108
113
128
123
136
132
125
129
116
122
119
120
122
126
132
144
139
141
135
130
140
122
121
123
101
111
122
109
113
112
101
79
82
52
47
50
34
49
40
38
35
31
17
19
1
-4
-6
-17
-13
-23
-21
-20
-19
-25
-24
-37
-51
-42
-53
-64
-61
-73
-71
-76
-79
-83
-88
-91
-93
-97
-115
-114
-116
-113
-108
-113
-105
-110
-108
-109
-108
-114
-117
-115
-118
-123
-124
-112
-105
-94
-83
-81
-85
-81
-79
-68
-64
-58
-54
-54
-44
-46
-42
-44
-46
-48
-52
-44
-57
-47
-46
-45
-40
-29
-23
-14
-2
-6
3
11
16
12
27
19
31
42
47
59
40
51
50
38
58
48
57
63
62
74
69
76
79
92
94
96
98
97
95
90
94
85
84
93
103
105
102
107
87
90
91
88
80
82
86
89
93
92
88
79
85
74
72
67
56
53
51
47
48
58
55
50
54
36
30
29
13
4
4
-10
-10
-5
-12
-7
-10
-18
-23
-37
-43
-42
-48
-43
-41
-48
-52
-53
-58
-60
-71
-77
-88
-89
-88
-86
-87
-85
-89
-85
-86
-97
-101
-102
-97
-99
-84
-96
-94
-90
-94
-81
-82
-80
-78
-75
-71
-74
-65
-60
-59
-52
-41
-49
-49
-45
-58
-47
-54
-54
-43
-58
-48
-51
-52
-43
-47
-37
-34
-26
-19
-17
-7
-18
-18
0
-2
10
21
14
16
10
15
20
20
22
30
36
38
39
44
42
44
54
52
59
53
61
63
60
65
52
67
59
63
81
62
70
71
58
67
64
61
63
68
66
60
69
66
52
62
55
45
46
48
39
41
41
35
32
27
25
27
27
28
20
29
12
8
23
12
19
20
14
10
13
13
3
0
-2
-8
-5
-19
-20
-30
-32
-25
-31
-39
-35
-41
-39
-30
-39
-38
-38
-33
-31
-24
-29
-32
-39
-37
-36
-35
-34
-44
-43
-50
-45
-41
-44
-34
-33
-31
-31
-30
-37
-44
-34
-44
-41
-35
-30
-27
-19
-25
-22
-19
-28
-23
-23
-12
-8
7
6
-3
7
5
2
5
-1
3
-1
6
6
7
13
14
22
15
20
18
14
19
23
31
29
35
33
31
35
35
27
23
26
32
30
41
35
44
45
35
48
29
34
43
31
33
27
22
19
23
17
17
20
8
7
1
-3
-1
1
1
9
7
18
12
15
9
-1
10
-5
-3
-2
-3
-11
-2
-7
-14
-6
-24
-22
-21
-25
-22
-25
-33
-36
-24
-26
-20
-17
-25
-16
-26
-24
-33
-36
-29
-35
-28
-29
-31
-31
-27
-24
-32
-22
-31
-32
-28
-40
-28
-35
-35
-32
-25
-26
-24
-23
-26
-29
-28
-23
-30
-21
-17
-12
-11
-3
-6
-3
-2
-10
-10
-2
-4
-1
8
-6
4
-2
-1
-5
-8
1
-5
3
-3
2
4
2
8
12
4
9
19
12
16
22
21
15
21
23
24
18
28
23
20
28
24
22
19
24
25
32
22
30
33
24
28
28
23
24
34
30
26
20
23
16
10
21
19
19
30
21
11
11
7
2
4
5
13
12
14
20
1
10
9
0
-3
0
-5
-7
1
-2
4
5
-5
-4
-11
-14
-11
-17
-18
-18
-8
-7
-9
-9
-11
-15
-13
-25
-33
-25
-26
-27
-21
-24
-25
-21
-18
-17
-33
-21
-34
-37
-32
-34
-22
-23
-18
-17
-19
-20
-19
-19
-23
-13
-13
-17
-10
-18
-10
-5
-10
-7
-1
-13
4
0
-11
1
2
-4
-8
5
-4
-4
7
8
-4
8
14
-2
1
-1
3
6
9
11
9
14
25
17
15
22
14
17
25
19
17
30
25
23
33
24
32
27
20
25
22
22
21
24
30
24
35
30
18
31
29
20
30
25
24
30
33
31
23
29
24
18
9
18
17
11
16
19
8
12
18
6
8
5
11
10
3
9
6
5
5
7
-1
5
1
-4
-5
-9
0
-13
-1
-7
-5
-11
-9
-10
-24
-13
-20
-22
-40
-26
-20
-35
-25
-27
-39
-41
-33
-33
-42
-28
-29
-33
-26
-35
-27
-30
-30
-32
-31
-32
-31
-35
-35
-31
-39
-30
-34
-36
-33
-33
-27
-30
-32
-28
-18
-27
-22
-13
-18
-19
-13
-12
-18
-13
-8
-12
-9
-2
3
-18
-7
-12
-12
3
4
5
6
8
7
11
-5
8
9
4
14
16
9
14
17
11
18
15
23
23
17
26
23
16
22
27
26
32
28
34
22
33
36
19
34
17
29
22
26
26
18
33
16
26
19
22
24
12
22
11
12
20
22
17
22
28
21
21
18
19
18
11
14
20
3
20
18
5
6
5
3
-2
7
2
-2
1
0
-1
2
1
6
-1
-2
2
-5
-9
-2
-6
-12
0
-2
-13
-17
-8
-19
-15
-18
-10
-17
-15
-5
-17
-15
-13
-16
-16
-22
-26
-25
-24
-16
-10
-15
-12
-10
-23
-15
-10
-19
-9
-7
-4
-5
-8
0
-12
-12
-6
-8
-10
-12
-11
-8
-13
-7
-3
-10
-3
-3
-5
-3
-4
-5
3
2
-4
5
0
-7
6
5
0
6
6
4
-4
7
2
0
5
1
5
0
8
6
-3
7
6
-1
4
2
-1
1
9
4
0
10
4
0
8
5
-3
