SAMPLES:	13750
BITSPERSAMPLE:	16
CHANNELS:	1
SAMPLERATE:	16000
NORMALIZED:	FALSE
4
11
0
1
-12
-19
-11
1
-5
0
-2
-1
5
-1
-1
-9
2
1
3
-9
-15
-1
-3
2
-6
-8
6
8
-1
4
-5
2
-5
-8
-1
-1
9
0
-1
1
-11
9
0
-1
7
-12
1
5
2
7
3
1
-3
-2
4
-6
5
0
6
10
-1
2
1
0
-2
1
-2
11
2
-6
3
0
2
9
12
-1
0
12
5
0
-5
-4
-3
0
7
18
4
-9
7
16
5
4
6
-4
3
2
-4
5
15
2
-5
-2
3
10
8
2
1
7
7
4
4
4
11
0
-8
0
4
2
-3
6
9
-1
7
18
11
6
7
4
-3
-5
-2
7
-3
13
6
-3
10
5
18
3
8
6
-9
-8
7
10
5
5
10
13
12
-6
-3
6
-9
12
5
0
-6
0
12
16
28
-3
-3
-4
-1
13
-4
8
7
-7
-1
3
1
7
7
2
18
9
8
2
2
1
7
-1
1
-4
-4
15
-1
3
-1
4
8
6
10
12
13
-4
8
4
-8
2
2
5
0
8
-2
5
7
0
12
4
8
13
4
0
6
1
7
2
4
4
4
-4
9
4
-7
15
9
6
10
1
5
16
4
-2
0
7
-1
-2
-1
6
10
1
8
6
9
9
1
-2
-3
5
-4
3
13
9
9
2
7
2
3
6
-6
-10
2
15
9
6
7
-5
4
5
5
3
2
5
7
11
2
-3
-1
11
5
-3
4
12
10
2
7
-3
-4
8
3
15
8
12
17
4
-5
6
8
-6
-4
5
7
2
12
4
14
16
-1
6
16
4
-5
-1
-4
6
3
3
7
-9
9
12
8
13
12
-4
-7
-8
-4
5
-3
9
8
12
-2
-13
-14
3
5
1
3
7
0
-5
0
-3
-7
-6
2
-5
1
-10
2
0
-7
-1
1
-8
-3
-7
-7
17
-13
-5
-3
-2
-7
-13
-1
0
6
-1
-3
-6
-11
-6
6
5
-7
-8
-2
1
-3
0
-5
-4
4
-3
-1
1
5
-2
-8
-2
2
11
0
-6
-1
-1
-7
5
6
3
-1
-6
0
8
4
-5
-7
5
5
-1
0
2
-5
3
-3
1
0
-8
4
-2
-1
-3
0
-1
4
1
-5
-1
1
-14
-14
4
-4
-4
0
3
3
-1
-11
-6
-10
-5
-9
-9
3
-7
-8
-3
-3
-12
-12
-5
0
1
1
1
-7
-11
-29
-15
-7
-11
-5
-11
-2
-4
2
-1
-6
2
-6
-8
-9
-14
-11
-15
-11
-10
-13
-3
-2
-6
3
5
-5
-4
-4
-4
-2
2
-6
-11
-8
-18
-7
-2
-13
2
1
-2
0
-5
3
-2
1
2
-1
-9
7
-4
-19
1
-1
-2
-4
-2
-11
-8
4
12
-4
-8
0
4
8
-4
0
2
-1
3
-4
-12
-1
-11
-2
-3
-4
3
0
7
-2
5
2
-1
-1
-6
1
1
-7
3
7
-3
-9
-20
-4
-6
5
0
1
6
-7
2
2
7
-11
2
6
-14
-6
-10
-2
-8
-11
0
6
-2
-6
2
0
2
-7
-4
-3
-6
2
1
2
-2
-5
-2
-15
-11
-4
-2
-1
-6
-5
2
2
-3
2
-6
11
6
-5
-6
-16
-8
-10
-7
4
-5
14
7
-3
1
0
-7
-16
-2
-5
1
9
7
1
-3
-3
-1
-5
-4
-2
-4
-8
3
3
4
-2
-2
0
3
12
-5
-3
-3
-9
-2
0
-1
3
-6
1
6
-2
4
1
-3
5
7
2
1
-3
-4
-5
1
-2
2
-6
1
9
4
10
2
-7
-4
-2
7
-2
-3
-3
7
5
-5
0
2
6
-2
-3
-7
3
-2
-7
13
-2
-13
4
-3
0
3
5
-2
-4
-8
-3
2
-4
3
-10
-8
-8
-9
3
1
14
-5
-9
-4
-7
-6
-7
-2
-6
1
-9
2
-1
-17
-8
-5
0
2
-2
-7
0
-7
-8
7
0
-6
-5
-2
2
-9
-8
0
-3
-2
0
9
-8
-8
0
8
11
1
0
0
5
10
-1
-13
-7
-2
0
15
9
-2
-9
2
14
9
11
7
6
1
-7
-1
-4
1
2
-8
5
-8
-2
13
14
9
2
4
-3
-7
-6
-8
-3
1
0
2
3
-10
-14
-1
-2
8
7
-8
0
0
-9
-12
-8
2
-11
-3
-9
-10
-11
2
7
-6
-4
-9
-7
-7
3
3
-5
-1
-6
-7
-9
-11
1
-3
-2
-1
1
1
5
-1
-6
-3
-7
2
-9
-1
3
4
11
4
-6
-9
-5
1
7
4
-7
0
1
-2
2
1
-8
11
11
-4
-4
-5
6
6
-8
-17
1
-11
-1
4
3
6
3
7
-10
-8
-3
-5
-4
-2
-14
-6
-4
-4
-7
-5
8
1
-4
1
-6
-7
-11
-1
3
-7
-1
-15
-6
-10
-10
-6
-1
12
6
0
1
-3
-6
-3
-3
-2
-5
-3
-3
3
2
8
10
2
-7
-3
11
-1
3
2
9
1
1
15
1
6
4
6
5
10
0
-2
3
9
9
3
14
-1
7
5
2
14
8
12
13
-3
3
6
-6
4
4
-2
3
7
10
8
2
5
5
7
12
-1
0
-2
-5
-2
5
9
0
8
-2
10
8
-1
-2
-5
3
9
10
-1
7
-4
-3
4
2
14
3
-2
7
10
-2
0
5
-10
-2
2
7
4
1
4
1
15
15
9
-2
4
2
-13
-3
-7
0
10
0
-4
-4
3
5
-1
10
3
-1
-4
-1
-3
-15
-4
-5
-1
0
-11
-16
-10
-4
2
2
-1
-7
-8
-6
-16
-12
-2
-4
-12
-7
-12
-13
-6
-7
-2
-4
-14
-11
-7
-9
-13
-14
-10
-4
-9
-8
-6
0
-4
-1
4
-12
-7
-8
-12
-7
-4
-4
-3
-5
-13
-3
1
-3
-9
5
-3
-3
3
-6
3
-1
6
-2
-4
1
-6
-3
-7
2
-2
3
0
-10
3
4
2
2
4
-3
2
9
-7
0
-1
-1
2
-12
-3
-2
1
1
5
8
8
2
1
0
-5
-2
-6
-3
-9
0
3
1
0
8
9
2
-1
-1
7
-9
1
-2
-2
5
3
-5
-5
3
-1
-9
-10
4
5
10
1
2
3
-3
-1
-10
0
-1
-4
-5
-12
4
4
0
-7
-7
5
-6
-6
-5
-6
-13
1
2
-5
-4
-5
-3
-7
-6
-4
-10
-7
-5
-5
-1
-22
-13
-1
-3
4
-5
-9
-14
-10
2
-5
1
6
4
-2
-19
-21
-8
-10
-4
11
5
-4
2
-2
-3
-5
1
5
1
5
0
3
-9
-10
4
-5
2
3
7
-2
-3
11
0
10
17
3
-1
0
-3
-7
1
1
-1
1
-3
5
3
-1
-1
10
6
13
-4
-10
-7
-5
7
-4
12
-2
6
-5
-8
3
-19
-12
-3
5
2
1
9
2
-14
-3
1
-2
0
7
-1
-10
2
-3
1
0
-12
-12
1
-6
0
11
0
10
11
4
1
-9
-7
0
8
-2
0
5
6
9
4
-8
0
14
3
8
1
-7
-4
-1
13
5
1
8
-6
-7
4
11
4
-10
-3
2
2
2
4
0
-1
12
-8
0
9
-11
-18
-14
-12
-1
2
-6
-4
-5
2
-6
-6
-14
-2
4
-2
0
-7
-2
-4
-4
-4
-9
-15
-2
-13
-15
-8
-7
6
6
5
9
7
-1
-6
-2
2
-6
1
-2
1
2
-1
8
1
12
0
4
16
13
12
-1
6
8
-7
-2
3
5
17
23
9
-1
18
15
7
5
8
8
9
7
5
5
-4
2
8
1
15
16
1
4
1
12
-2
7
14
-3
6
-1
-5
7
-7
-2
8
5
2
-5
6
8
2
-10
-8
-4
1
5
1
-1
2
-11
-8
2
-1
3
-9
7
-2
-9
-4
-8
-6
3
3
4
-3
-6
-1
-3
-3
-15
-13
-4
-11
-11
-1
-4
4
3
-6
-6
-4
-3
-3
-1
-9
-7
-5
-20
-5
-5
-14
4
-5
-8
-1
-4
3
-9
-9
6
-12
-10
-1
-5
-3
-3
10
2
7
14
0
5
-7
-3
-5
-7
0
0
10
14
11
12
10
3
17
21
11
4
2
5
6
2
10
17
16
21
8
17
15
17
20
4
0
9
7
2
12
13
3
0
4
5
17
14
5
12
10
13
11
-1
-5
-9
-6
-2
-6
-5
-2
-9
-11
-8
7
1
5
6
3
2
-10
-10
-2
-2
-7
-10
-20
-8
-14
-11
-10
-5
-5
-5
3
7
14
0
7
-9
-11
-9
-8
9
-5
-6
-2
-9
0
10
-1
3
-1
-7
4
10
11
7
-1
4
12
0
5
12
9
14
12
7
8
6
9
-2
3
-4
-7
-5
-3
4
4
1
2
16
3
-11
-4
3
5
11
6
-7
3
-5
4
5
-4
-4
-4
-2
-9
-1
-6
0
2
-6
-8
1
-4
-1
-9
-19
-23
-33
-20
-7
-7
-17
-7
-14
-19
-8
-10
-8
12
10
11
7
0
-1
-11
-14
-18
-11
-17
-8
5
-3
4
9
25
4
7
3
-15
2
3
0
13
13
16
35
14
21
17
3
7
-7
1
-12
-5
4
-2
2
3
4
7
18
13
30
38
29
29
16
17
11
1
-2
-5
-2
-2
15
13
22
40
50
57
48
39
23
21
5
-10
-20
-27
-42
-46
-46
-47
-38
-36
-29
-27
-6
2
6
1
8
3
10
17
6
20
16
31
26
26
21
10
2
-18
-24
-39
-59
-63
-68
-74
-67
-57
-47
-38
-31
-32
-14
-2
-4
-6
2
-2
-7
-5
-4
5
24
36
49
57
50
57
55
39
30
-1
-10
-16
-19
-16
-13
10
16
35
55
62
52
35
8
-35
-57
-86
-109
-125
-117
-80
-51
3
55
98
146
161
163
155
135
96
34
-29
-79
-133
-170
-182
-192
-155
-124
-86
-37
-17
3
8
9
14
11
22
57
101
156
204
253
259
247
162
-7
-175
-343
-548
-673
-682
-641
-479
-207
84
375
629
789
851
792
624
381
98
-182
-388
-520
-564
-483
-350
-208
-38
81
145
153
95
13
-63
-129
-157
-103
-5
148
291
423
537
538
488
368
160
-72
-300
-486
-640
-682
-603
-467
-218
60
347
606
790
896
879
729
475
155
-187
-516
-786
-940
-982
-927
-755
-514
-280
-59
124
234
251
217
166
108
51
61
131
235
365
493
571
546
451
272
-8
-339
-653
-918
-1097
-1155
-1074
-872
-566
-206
178
533
798
980
1040
1000
885
693
484
287
99
-38
-133
-188
-228
-274
-332
-420
-529
-655
-756
-816
-795
-669
-457
-136
256
664
1052
1350
1523
1541
1393
1086
672
201
-290
-697
-1027
-1224
-1273
-1202
-1055
-855
-613
-393
-203
-39
112
233
356
479
594
701
812
860
859
777
608
402
107
-198
-512
-794
-998
-1113
-1119
-1038
-838
-569
-255
72
371
632
811
912
939
896
775
627
473
314
168
29
-88
-174
-262
-349
-420
-495
-545
-582
-550
-493
-368
-165
62
305
511
701
815
844
785
661
491
288
66
-143
-313
-453
-544
-616
-651
-650
-634
-577
-470
-354
-203
-43
95
212
259
213
81
-57
-252
-471
-554
-585
-528
-306
-8
292
567
783
883
848
640
362
31
-328
-642
-810
-852
-808
-571
-302
-26
257
464
597
612
529
443
315
175
106
106
130
205
321
432
539
524
510
421
225
36
-193
-385
-561
-653
-609
-531
-365
-119
123
343
505
611
633
549
457
404
318
302
390
500
601
671
680
483
82
-435
-1107
-1819
-2421
-2877
-3055
-2890
-2410
-1610
-628
418
1428
2223
2718
2894
2706
2218
1555
801
59
-532
-970
-1223
-1271
-1231
-1132
-1038
-984
-1015
-1094
-1172
-1213
-1166
-977
-569
-27
619
1368
2043
2568
2888
2902
2612
2032
1242
333
-604
-1417
-2007
-2343
-2399
-2133
-1664
-1119
-476
73
465
737
833
813
762
685
674
777
924
1140
1350
1423
1334
1054
533
-138
-943
-1746
-2365
-2778
-2911
-2649
-2070
-1334
-456
413
1076
1464
1553
1367
951
398
-81
-365
-474
-320
138
691
1216
1659
1860
1723
1227
477
-414
-1362
-2170
-2646
-2708
-2410
-1716
-685
428
1497
2375
2969
3191
3003
2534
1876
1129
389
-164
-471
-624
-545
-295
-19
193
310
295
90
-200
-540
-824
-908
-795
-450
150
911
1634
2246
2610
2562
2011
980
-284
-1758
-3320
-4531
-5206
-5488
-5175
-4113
-2733
-1243
298
1697
2656
3018
3017
2704
1961
1065
458
1
-396
-442
-216
-65
22
3
-233
-724
-1478
-2204
-2800
-3307
-3475
-3089
-2313
-1286
47
1530
2853
3847
4477
4701
4365
3546
2538
1424
180
-911
-1622
-2098
-2393
-2366
-2121
-1959
-1826
-1631
-1567
-1591
-1520
-1312
-924
-368
421
1478
2530
3414
4225
4731
4624
4113
3218
1876
261
-1500
-3126
-4406
-5565
-6271
-6036
-5587
-4910
-3377
-1684
-239
1372
2934
4061
4775
5073
5168
4904
4008
3124
2414
1212
0
-648
-1435
-2209
-2534
-2714
-2642
-2409
-2118
-1352
-491
37
890
1917
2400
2770
3207
3308
3131
2703
2258
1872
1160
500
270
-5
-306
-184
109
340
652
855
899
862
193
-918
-1809
-2942
-4485
-5529
-5716
-5667
-5428
-4131
-1930
-177
1234
3315
4979
4985
4635
4604
3418
1221
-147
-938
-2339
-3458
-3271
-2825
-2964
-2733
-1848
-1585
-2031
-2060
-1902
-2253
-2576
-2182
-1359
-567
403
1894
3558
4606
5190
5783
5825
4777
3247
1961
386
-1826
-3389
-3884
-4480
-5040
-4340
-3063
-2510
-1890
-584
230
91
248
901
840
579
1311
2230
2534
3155
4274
4640
4226
3849
3014
1089
-1141
-3098
-5184
-7297
-8448
-8531
-8152
-6969
-4637
-1921
666
3297
5687
7258
7892
7846
7200
5877
4035
2278
808
-656
-1812
-2301
-2432
-2506
-2410
-2010
-1612
-1541
-1326
-714
-295
65
1069
2215
2964
3828
4869
5370
5225
4866
4376
3340
1836
736
-10
-912
-1469
-1194
-612
-233
91
606
835
-109
-1691
-2723
-4153
-6602
-7921
-7606
-7427
-6962
-4509
-1047
1299
3267
6245
8166
7347
6311
5910
3462
-246
-2125
-3214
-5268
-6423
-5456
-4347
-4128
-3244
-1548
-1086
-1781
-1764
-1599
-2457
-3096
-2492
-1500
-498
938
3057
5339
6615
7225
7902
7542
5574
3265
1237
-1268
-4199
-6087
-6565
-6925
-7077
-5575
-3335
-2132
-892
1132
2146
1916
2020
2328
1813
1198
1565
2272
2477
2949
4038
4366
3600
2845
1651
-917
-3740
-6016
-8247
-10135
-10790
-9989
-8240
-5823
-2399
1653
5109
7785
10066
11248
10786
9388
7561
5154
2298
-222
-1841
-3030
-4008
-3988
-3141
-2650
-2253
-1281
-578
-597
-431
153
541
851
1724
3117
4288
5173
6342
7263
7166
6573
5897
4741
2957
1105
-215
-1245
-2549
-3605
-3562
-3608
-4841
-5580
-5224
-5983
-7756
-7766
-6594
-6670
-6361
-3320
20
1433
3723
7702
9441
8630
8814
8861
5720
1799
-235
-2611
-6380
-8528
-8380
-8546
-8869
-7336
-5050
-3885
-2958
-1331
-213
-162
-168
339
975
1369
1912
3386
5233
6122
6714
7854
8037
6315
4294
2761
41
-3746
-6088
-7134
-8790
-9727
-8221
-6205
-4898
-2638
484
2423
3391
4680
5444
4887
4223
4037
3404
2473
2277
2203
1472
937
483
-941
-2748
-4350
-6247
-8135
-9351
-9739
-9243
-7895
-5519
-2126
1447
4808
8176
10776
12024
12268
11408
9450
6751
3542
509
-1993
-4335
-5871
-6000
-5748
-5203
-3716
-2133
-931
265
1303
2120
2623
2889
3541
4305
4728
5583
6700
7297
7693
8002
7791
6888
5424
3762
1772
-960
-3571
-5424
-7802
-10473
-11337
-11566
-12662
-12488
-10341
-8442
-7005
-3999
199
2901
4584
7761
10418
10046
9398
9738
8032
4505
2171
411
-2646
-5599
-6772
-7447
-8612
-8982
-8100
-7329
-6961
-5994
-4570
-3508
-2669
-1545
63
1737
2889
4363
6626
8060
8419
9215
9852
8719
6545
4942
3038
-439
-3612
-5147
-6875
-8977
-9248
-8109
-7370
-6379
-4140
-1794
-327
1102
2729
3644
3929
4235
4437
4257
3869
3500
2983
2164
1160
-52
-1451
-3049
-4717
-6055
-7028
-7730
-7762
-6894
-5364
-3410
-930
2117
4843
6920
8952
10342
10327
9583
8522
6656
4147
1823
-112
-1966
-3588
-4238
-4215
-4182
-3622
-2500
-1507
-627
453
1536
2399
3161
4055
5026
5880
6537
7246
7835
7819
7388
6771
5674
3753
1361
-805
-3148
-6498
-9285
-10655
-12624
-14724
-14523
-13103
-12412
-10855
-7000
-3043
-547
2685
7107
9540
10010
11209
11984
10147
7532
5845
3460
-91
-2808
-4453
-6256
-7845
-8351
-8181
-8008
-7693
-6873
-5912
-5098
-4271
-3357
-2001
-601
360
2116
4571
6068
7270
9207
10520
10220
9443
8836
6998
3699
896
-1317
-4301
-7073
-8224
-8648
-9011
-8338
-6609
-4912
-3132
-1049
627
1871
2938
3399
3242
2989
2586
1815
835
205
-291
-1097
-1655
-1843
-2222
-2607
-2681
-2675
-2651
-2471
-1940
-1187
-378
720
2061
3334
4458
5450
6325
6712
6429
5942
5228
3922
2344
1005
-192
-1507
-2541
-2775
-2697
-2561
-1850
-663
522
1732
3108
4493
5515
6249
7005
7408
7264
6869
6376
5418
3710
1965
442
-1953
-5009
-7094
-8761
-11308
-13398
-13596
-13324
-13597
-12405
-9176
-6423
-4326
-678
3561
5949
7565
9939
11329
10569
9551
8862
6881
3929
1553
-486
-2874
-5134
-6537
-7376
-8173
-8639
-8401
-7722
-7169
-6666
-5524
-3957
-2918
-1889
133
2193
3430
4956
7245
8771
9091
9719
10370
9396
7629
6233
4311
1439
-1256
-3229
-5151
-6966
-7876
-8003
-7765
-7013
-5810
-4461
-3009
-1658
-748
-24
586
564
157
14
-135
-618
-776
-423
-91
202
800
1612
2114
2321
2635
2780
2542
2272
1964
1574
1393
1272
1169
1432
1816
2033
2332
2784
3001
2831
2639
2438
1876
1137
722
362
-111
-153
295
811
1578
2721
3896
5037
6090
6888
7344
7359
6731
5517
4035
2147
-622
-3676
-5983
-8473
-11604
-13489
-13906
-14671
-15127
-13485
-10848
-8959
-6592
-2683
815
2891
5218
7942
9091
8950
9182
9014
7617
6022
4657
3079
1393
-177
-1542
-2743
-3962
-5144
-6115
-6964
-7787
-8582
-8938
-8668
-8461
-7735
-5786
-3749
-1852
977
4271
6731
8671
10806
12237
12223
11620
10796
9042
6334
3716
1415
-1151
-3552
-5159
-6340
-7142
-7373
-7389
-7054
-6504
-6222
-5872
-5404
-5099
-4859
-4519
-3935
-3063
-2123
-812
845
2314
3813
5452
6698
7330
7646
7618
6969
5854
4525
3165
1782
331
-783
-1223
-1483
-1623
-1114
-236
564
1363
2205
3037
3382
3279
3364
3181
2515
2033
1725
1452
1381
1630
2256
3027
3834
4827
5819
6454
6493
6108
5428
3875
1321
-1201
-3686
-6970
-10371
-12469
-13798
-15443
-16087
-14617
-12758
-11262
-8431
-4538
-1553
636
3419
6002
6866
7110
7721
7614
6608
5805
5283
4601
3778
3202
2879
2311
1554
681
-480
-1806
-3552
-5517
-7065
-8654
-10311
-10999
-10785
-10379
-9362
-7105
-4259
-1635
1339
4826
7675
9644
11342
12621
12788
11976
10931
9402
7126
4744
2385
-4
-2178
-4354
-6256
-7473
-8648
-9757
-10288
-10402
-10416
-10240
-9595
-8464
-7356
-6053
-4079
-1993
-90
2038
4358
6330
7890
9291
10360
10866
10755
10244
9573
8490
6889
5378
4109
2639
1153
145
-505
-1175
-1771
-1805
-1551
-1664
-1571
-1007
-698
-565
-152
373
811
1213
1880
2797
3576
4330
5301
6194
6625
6720
6676
6165
4690
2755
854
-1562
-4684
-7524
-9645
-11835
-13933
-14766
-14577
-14309
-13417
-11339
-8842
-6568
-4142
-1356
982
2590
4026
5207
5740
5899
5863
5732
5575
5310
5095
5045
5024
4818
4492
4088
3326
2117
687
-976
-3069
-5192
-7031
-8761
-10251
-11028
-11010
-10468
-9330
-7323
-4847
-2219
602
3369
5845
7820
9174
9955
10076
9580
8521
7055
5467
3760
1938
375
-844
-1944
-2892
-3458
-3774
-4186
-4573
-4809
-5137
-5598
-5983
-6237
-6417
-6415
-5990
-5164
-4075
-2573
-614
1525
3726
5968
8083
9869
11208
12046
12375
12182
11422
10193
8692
7020
5175
3325
1676
258
-1039
-2067
-2671
-3089
-3370
-3320
-3110
-2826
-2305
-1677
-1086
-396
416
1073
1443
1862
2240
1950
1301
853
43
-1411
-2732
-3699
-4932
-6238
-6883
-7106
-7449
-7448
-6793
-6021
-5375
-4482
-3349
-2468
-1779
-993
-290
190
604
1010
1451
1877
2211
2649
3167
3515
3715
3944
4058
3799
3223
2714
2032
858
-223
-1061
-2067
-3093
-3748
-4051
-4333
-4470
-4139
-3653
-3204
-2584
-1848
-1151
-578
-45
446
827
1098
1268
1414
1621
1763
1858
2097
2361
2525
2653
2756
2772
2541
2085
1592
898
-120
-1156
-2142
-3157
-4116
-4873
-5223
-5261
-5155
-4556
-3422
-2168
-762
951
2800
4494
5999
7453
8704
9497
9930
10167
10153
9678
8927
8124
7108
5942
4725
3530
2476
1443
437
-217
-683
-1210
-1529
-1670
-1929
-2264
-2639
-3086
-3835
-4821
-5629
-6562
-7788
-8652
-9094
-9571
-9829
-9340
-8419
-7558
-6351
-4574
-2875
-1489
-51
1383
2347
2786
3173
3440
3221
2859
2633
2362
2117
1947
1867
2002
2104
2106
2172
2142
1890
1435
832
161
-740
-1710
-2514
-3286
-3983
-4360
-4430
-4321
-3992
-3324
-2512
-1701
-822
83
807
1348
1747
1968
2041
1915
1701
1525
1342
1173
1088
1146
1336
1473
1645
1933
2067
1990
1806
1511
1003
263
-537
-1307
-2141
-2911
-3475
-3817
-3941
-3824
-3418
-2688
-1796
-813
375
1690
2912
4039
5178
6211
6958
7545
8074
8346
8342
8259
8082
7671
7065
6472
5838
5010
4208
3467
2693
1932
1173
488
-215
-1023
-1865
-2743
-3781
-4975
-6193
-7429
-8743
-9991
-10917
-11579
-12063
-12077
-11492
-10581
-9416
-7793
-5785
-3825
-1967
-13
1769
3096
4063
4819
5250
5232
5002
4724
4335
3887
3445
3125
2941
2721
2483
2325
2129
1763
1244
651
-53
-946
-1888
-2727
-3573
-4348
-4824
-5064
-5120
-4902
-4383
-3671
-2891
-2021
-1089
-257
376
839
1182
1364
1296
1119
1006
913
788
769
1036
1438
1722
2137
2725
3085
3215
3265
3119
2643
1895
1073
166
-897
-1884
-2630
-3242
-3634
-3634
-3335
-2802
-2012
-996
153
1303
2417
3487
4488
5297
5895
6412
6817
7007
7076
7153
7202
7054
6805
6674
6458
6009
5585
5186
4569
3833
3076
2187
1145
-20
-1229
-2581
-4093
-5523
-6978
-8580
-9946
-11024
-12030
-12768
-12970
-12774
-12357
-11508
-10182
-8619
-6984
-5204
-3295
-1548
-57
1321
2543
3405
4039
4494
4772
4968
5023
5029
5067
5040
4949
4854
4678
4381
3917
3316
2651
1773
773
-163
-1115
-2111
-2910
-3464
-3928
-4233
-4234
-4044
-3822
-3478
-3005
-2578
-2284
-1980
-1681
-1566
-1557
-1454
-1345
-1282
-1085
-717
-244
338
1041
1826
2620
3320
3922
4369
4568
4496
4160
3597
2858
1970
987
26
-831
-1541
-2106
-2461
-2521
-2372
-2109
-1625
-972
-260
427
1180
2021
2745
3397
4094
4765
5297
5797
6275
6653
6889
7070
7152
7043
6860
6567
6137
5603
4958
4270
3454
2506
1543
525
-667
-1954
-3221
-4533
-5952
-7368
-8609
-9687
-10753
-11533
-11833
-11930
-11844
-11317
-10357
-9294
-8117
-6682
-5149
-3756
-2486
-1188
6
936
1707
2484
3160
3666
4147
4639
5095
5435
5651
5857
5945
5706
5314
4819
4063
3115
2089
1065
2
-1061
-1908
-2546
-3077
-3387
-3437
-3360
-3212
-2969
-2667
-2457
-2360
-2296
-2297
-2408
-2595
-2700
-2683
-2665
-2510
-2080
-1496
-834
-39
879
1812
2591
3248
3828
4151
4175
4045
3752
3261
2643
2007
1394
832
331
-58
-261
-397
-455
-389
-245
-78
92
321
598
877
1160
1555
2022
2477
3005
3639
4272
4875
5436
5954
6420
6687
6807
6870
6733
6372
5917
5384
4657
3758
2847
1876
742
-487
-1684
-2914
-4278
-5587
-6774
-7939
-9032
-9896
-10511
-10949
-11113
-10979
-10581
-9951
-9122
-8122
-7018
-5869
-4721
-3620
-2553
-1534
-657
154
971
1692
2355
3066
3749
4330
4848
5343
5670
5789
5769
5556
5141
4567
3867
3054
2192
1391
641
-76
-618
-995
-1336
-1574
-1671
-1782
-1956
-2096
-2244
-2500
-2803
-3046
-3283
-3517
-3587
-3502
-3314
-2951
-2400
-1717
-978
-145
701
1431
2062
2628
3010
3169
3234
3163
2917
2594
2229
1827
1427
1057
716
417
198
31
-74
-89
-30
71
255
521
829
1178
1590
2059
2495
2969
3479
3927
4339
4743
5082
5325
5469
5544
5579
5478
5285
5055
4762
4385
3932
3412
2838
2167
1373
499
-476
-1534
-2709
-3945
-5139
-6312
-7443
-8417
-9161
-9671
-9991
-10059
-9803
-9384
-8809
-8046
-7216
-6366
-5516
-4666
-3847
-3117
-2388
-1629
-922
-219
573
1389
2148
2901
3653
4298
4741
5065
5241
5184
4911
4488
3962
3339
2640
1971
1396
871
448
133
-80
-225
-338
-471
-601
-776
-1073
-1414
-1788
-2174
-2607
-2996
-3246
-3411
-3453
-3335
-3028
-2598
-2075
-1416
-698
-39
611
1241
1734
2094
2388
2582
2633
2611
2543
2403
2201
1966
1740
1483
1226
992
795
630
520
487
505
613
805
1031
1319
1693
2083
2469
2904
3338
3703
4028
4337
4566
4686
4739
4751
4693
4549
4400
4231
4017
3758
3497
3162
2724
2219
1600
815
-84
-1060
-2152
-3304
-4442
-5481
-6473
-7341
-7925
-8327
-8571
-8569
-8340
-8008
-7579
-7008
-6427
-5889
-5366
-4812
-4309
-3852
-3315
-2746
-2138
-1414
-587
284
1178
2111
2999
3741
4331
4751
4954
4911
4659
4266
3752
3127
2507
1949
1479
1053
728
550
435
300
176
51
-166
-503
-876
-1288
-1800
-2311
-2757
-3120
-3419
-3553
-3488
-3324
-3027
-2577
-2035
-1500
-936
-374
118
545
887
1187
1446
1645
1818
1982
2092
2176
2215
2201
2152
2020
1824
1601
1368
1110
894
741
657
678
790
1023
1342
1718
2189
2696
3147
3584
3992
4277
4439
4560
4617
4564
4457
4379
4339
4254
4186
4232
4227
4087
3880
3547
3015
2249
1266
142
-1149
-2586
-4051
-5388
-6612
-7692
-8485
-8983
-9230
-9244
-9004
-8596
-8107
-7573
-6998
-6468
-6037
-5605
-5177
-4755
-4280
-3683
-2966
-2120
-1149
-91
1041
2120
3116
4001
4653
5073
5279
5255
5006
4625
4154
3650
3172
2721
2372
2101
1866
1662
1491
1269
949
565
75
-501
-1164
-1835
-2481
-3073
-3557
-3905
-4108
-4126
-3993
-3722
-3348
-2900
-2400
-1938
-1463
-1004
-603
-247
147
541
926
1363
1831
2292
2709
3060
3318
3451
3360
3116
2770
2293
1742
1211
788
481
302
362
621
1002
1498
2067
2661
3156
3573
3916
4077
4122
4126
4096
4019
3982
4053
4210
4405
4663
4977
5200
5249
5128
4792
4180
3226
2008
623
-911
-2574
-4167
-5546
-6811
-7858
-8546
-8949
-9180
-9218
-9061
-8811
-8571
-8289
-7984
-7726
-7441
-7092
-6671
-6130
-5403
-4522
-3504
-2349
-1066
221
1473
2673
3701
4520
5161
5574
5723
5739
5611
5358
5062
4767
4474
4157
3866
3549
3162
2704
2154
1482
679
-173
-1051
-1986
-2836
-3576
-4184
-4638
-4898
-4964
-4942
-4767
-4466
-4129
-3781
-3378
-2966
-2568
-2125
-1629
-1072
-477
208
945
1699
2433
3100
3674
4085
4335
4374
4226
3932
3499
3005
2497
2045
1679
1406
1283
1280
1366
1509
1694
1925
2124
2273
2413
2577
2747
2919
3189
3537
3912
4342
4834
5302
5724
6056
6251
6287
6069
5618
4996
4128
2968
1680
304
-1202
-2760
-4215
-5553
-6823
-7940
-8780
-9436
-9995
-10333
-10468
-10534
-10489
-10274
-9959
-9553
-9010
-8286
-7396
-6368
-5176
-3877
-2508
-1087
309
1611
2815
3852
4663
5300
5760
6049
6215
6310
6283
6182
6079
5914
5629
5256
4810
4188
3390
2497
1521
417
-714
-1795
-2841
-3748
-4488
-5083
-5503
-5749
-5842
-5832
-5693
-5448
-5152
-4782
-4295
-3693
-3021
-2237
-1320
-341
638
1618
2560
3376
4010
4473
4735
4797
4698
4468
4178
3828
3440
3085
2759
2432
2110
1831
1560
1277
1058
927
869
911
1097
1421
1840
2352
2953
3572
4186
4775
5258
5701
6079
6319
6484
6543
6448
6173
5748
5091
4102
2892
1515
-115
-1902
-3598
-5192
-6744
-8038
-8960
-9711
-10277
-10544
-10655
-10766
-10790
-10689
-10580
-10388
-9979
-9318
-8443
-7232
-5729
-4100
-2313
-466
1234
2725
4039
5073
5737
6195
6520
6674
6713
6779
6789
6697
6595
6406
6010
5385
4595
3562
2303
1008
-290
-1599
-2759
-3722
-4578
-5270
-5734
-6082
-6393
-6593
-6709
-6764
-6640
-6277
-5710
-4924
-3885
-2630
-1259
217
1712
3020
4083
4889
5412
5656
5645
5459
5121
4701
4252
3812
3443
3103
2712
2293
1855
1401
929
539
227
-16
-104
62
470
1060
1846
2687
3477
4211
4883
5487
6015
6516
6958
7389
7797
8112
8234
8062
7413
6151
4453
2460
182
-2193
-4349
-6260
-7919
-9118
-9794
-10270
-10675
-11004
-11357
-11867
-12316
-12477
-12439
-12088
-11259
-9924
-8175
-6062
-3755
-1562
388
2011
3233
4143
4869
5419
5825
6231
6675
7109
7527
7806
7733
7173
6247
5048
3578
2032
577
-748
-1878
-2702
-3256
-3617
-3924
-4354
-4974
-5701
-6422
-7045
-7396
-7392
-7009
-6215
-5023
-3503
-1884
-360
960
1959
2643
3140
3575
3984
4391
4798
5218
5627
5888
5896
5549
4819
3773
2548
1384
392
-358
-777
-868
-724
-423
45
526
852
1060
1272
1499
1801
2319
3072
3993
5080
6324
7608
8741
9626
10140
10103
9524
8472
6874
4877
2837
795
-1252
-3025
-4367
-5557
-6695
-7647
-8559
-9679
-10864
-11863
-12731
-13395
-13529
-13057
-12178
-10801
-8985
-7043
-5095
-3199
-1520
-198
1014
2221
3317
4471
5830
7116
8079
8852
9273
9068
8372
7350
5880
4170
2701
1470
336
-499
-1041
-1721
-2553
-3354
-4306
-5528
-6754
-7790
-8668
-9101
-8824
-8020
-6936
-5575
-4109
-2805
-1607
-457
521
1365
2323
3353
4348
5413
6459
7141
7321
7134
6550
5605
4484
3334
2173
1139
398
-59
-332
-545
-768
-1024
-1375
-1749
-1871
-1682
-1291
-632
437
1720
2989
4290
5487
6316
6943
7592
8227
8895
9767
10559
10831
10631
9785
7797
5109
2389
-522
-3488
-5683
-7064
-8346
-9381
-9934
-10712
-12037
-13208
-14126
-15117
-15535
-14847
-13596
-11991
-9624
-6995
-4744
-2528
-392
1044
2126
3574
5000
6255
7965
9850
11012
11528
11706
10986
9347
7584
5664
3291
1326
210
-807
-1816
-2440
-3253
-4745
-6267
-7458
-8743
-9767
-10033
-9936
-9680
-8744
-7194
-5782
-4479
-3055
-1866
-929
358
1945
3362
4795
6326
7481
8146
8632
8761
8166
7024
5736
4318
2854
1644
610
-531
-1625
-2454
-3140
-3701
-4027
-4038
-3949
-3778
-3109
-1906
-568
908
2618
4171
5449
6839
8249
9263
10058
10951
11707
12321
13132
13755
13521
12542
10842
7810
4075
827
-2196
-5322
-7605
-8965
-10541
-12241
-13364
-14637
-16488
-17748
-18065
-18074
-17296
-15170
-12706
-10562
-8059
-5445
-3422
-1294
1232
3216
4798
6864
8826
10087
11372
12638
12816
12142
11462
10303
8405
6659
4977
2557
219
-1208
-2603
-4184
-5199
-6080
-7535
-8767
-9172
-9455
-9647
-9126
-8377
-7987
-7155
-5520
-3983
-2666
-1040
431
1465
2773
4355
5473
6202
7017
7474
7314
7176
7088
6318
4850
3333
1845
223
-1066
-1978
-3017
-4041
-4659
-4976
-5204
-5132
-4711
-4297
-3871
-2894
-1374
245
2034
4013
5627
6903
8464
10074
11183
12051
12910
13482
13903
14579
14998
14496
13324
11209
7332
2975
-229
-3217
-6535
-8697
-9884
-11956
-14378
-15745
-17042
-18951
-19744
-18995
-18074
-16660
-13950
-11372
-9743
-7736
-5322
-3135
-361
3029
5481
7176
9190
10603
10968
11603
12485
12218
11303
10717
9542
7463
5565
3463
412
-2150
-3321
-4372
-5592
-6228
-7069
-8707
-9980
-10197
-9954
-9215
-7745
-6476
-5671
-4361
-2633
-1307
-61
1407
2614
3755
5392
7092
8106
8522
8564
7993
7077
6502
6002
4794
2987
1147
-592
-2230
-3518
-4574
-5718
-6709
-7291
-7436
-7165
-6431
-5587
-4885
-3796
-2027
88
2393
4856
6807
8145
9749
11691
13318
14507
15429
15875
15900
16051
16160
15640
14295
11424
6613
1835
-1388
-4274
-7174
-8882
-10373
-13302
-16294
-17813
-19039
-20426
-20294
-18750
-17280
-15371
-12554
-10364
-9049
-7169
-4610
-1618
2293
6089
8220
9308
10188
10387
10351
11185
12046
11607
10547
9338
7173
4524
2302
-332
-3529
-5436
-5981
-6668
-7330
-7781
-8979
-10657
-11194
-10292
-8747
-6569
-4265
-3035
-2418
-1204
362
1780
3484
5215
6372
7407
8642
9430
9348
8718
7834
6776
5869
5268
4396
2639
242
-2180
-4171
-5439
-6200
-6883
-7627
-8237
-8554
-8469
-7786
-6576
-5335
-4115
-2346
-45
2197
4437
6636
8186
9339
11043
13078
14540
15431
15921
15720
15217
15110
14960
14217
12689
9255
3984
-300
-2907
-5742
-8274
-9319
-11014
-14484
-17043
-17865
-18891
-19588
-18149
-16014
-14651
-12644
-10029
-8607
-7552
-5216
-2258
1062
5072
7984
8726
8968
9338
9054
9128
10412
10977
9750
8200
6415
3591
1116
-368
-2569
-5208
-6127
-6231
-7317
-8305
-8786
-9893
-11024
-10371
-8370
-6411
-4365
-2720
-2363
-2196
-750
1222
2949
4922
6585
7067
7341
8246
8673
8084
7621
7429
6588
5578
4978
3714
1273
-1125
-2781
-4041
-4886
-5392
-6275
-7536
-8466
-8711
-8162
-6834
-5373
-4239
-2893
-1109
728
2736
5084
6990
8162
9679
11741
13418
14543
15434
15782
15505
15275
15207
14982
13814
10142
4685
637
-1812
-4736
-7062
-7816
-9920
-14136
-17031
-17759
-18559
-18968
-17437
-15528
-14539
-12999
-10691
-9037
-7484
-4990
-1901
1795
5677
7805
8144
8549
8920
8786
9597
11327
11507
9751
7802
5540
2630
769
-38
-2189
-5099
-6361
-6968
-8342
-9265
-9486
-10193
-10908
-10377
-8701
-6709
-4823
-3512
-2799
-1823
-209
1632
3614
5491
6509
6829
7380
8252
8618
8262
7693
7109
6170
4985
4052
2816
712
-1552
-3109
-4098
-4987
-5909
-6785
-7632
-8469
-8659
-7816
-6574
-5517
-4344
-2686
-792
1216
3491
5810
7544
8752
10317
12162
13575
14603
15313
15592
15608
15455
14987
14422
13327
9858
4397
358
-1778
-4512
-7126
-7979
-9646
-13638
-16667
-17370
-17941
-18271
-16790
-14746
-13604
-12275
-10246
-8464
-6585
-3919
-914
2506
6111
7947
7818
8005
8670
8718
9224
10576
10466
8395
6259
4188
1553
-313
-910
-2622
-5751
-7521
-7899
-8892
-9831
-9660
-9563
-9954
-9562
-8024
-6126
-4409
-3097
-2088
-862
704
2316
4012
5672
6519
6572
6931
7825
8137
7651
7145
6572
5496
4309
3441
2264
406
-1422
-2815
-3885
-4654
-5406
-6341
-7185
-7782
-7959
-7316
-6213
-5330
-4394
-2959
-1241
597
2818
5121
6745
7867
9308
10994
12269
13243
14075
14555
14855
15038
14766
14387
13664
10445
4978
1227
-399
-2952
-5523
-6257
-8030
-12390
-15556
-16026
-16416
-16880
-15653
-13926
-13344
-12715
-11063
-9260
-7278
-4559
-1561
1776
5232
6885
6790
7332
8373
8715
9534
10985
10653
8409
6461
4750
2386
920
696
-1105
-4689
-6755
-7209
-8383
-9421
-9261
-9421
-10297
-10285
-8966
-7233
-5624
-4437
-3482
-2102
-316
1338
3117
5110
6111
6064
6675
7956
8407
8130
8044
7709
6667
5562
4646
3266
1296
-515
-1878
-3046
-4064
-5124
-6418
-7489
-8056
-8218
-7674
-6787
-6231
-5577
-4237
-2558
-738
1526
3907
5763
7140
8865
10884
12321
13267
14143
14763
15226
15523
15278
15011
14202
10432
4892
1770
307
-2532
-5040
-5843
-8228
-12833
-15659
-15808
-16020
-16406
-15355
-13916
-13459
-12955
-11454
-9341
-6988
-4414
-1432
2155
5148
6135
6429
7727
9016
9563
10690
11835
10839
8491
6764
5153
3071
1866
1251
-1186
-4860
-6752
-7151
-8128
-9041
-9108
-9564
-10595
-10718
-9408
-7533
-6042
-5162
-4208
-2683
-1027
611
2674
4617
5450
5709
6634
7911
8322
8071
7942
7694
6934
5959
4978
3535
1606
-146
-1387
-2376
-3474
-4816
-6190
-7228
-7792
-7734
-7034
-6322
-5993
-5417
-4166
-2636
-832
1343
3377
4924
6372
8148
9956
11267
12146
12932
13566
14112
14582
14646
14509
13366
9230
4115
1918
764
-2076
-4164
-5029
-8176
-12811
-14854
-14665
-14905
-15106
-14157
-13314
-13224
-12663
-11131
-8960
-6536
-4163
-1426
1930
4379
4888
5391
7115
8465
9236
10610
11395
10149
8208
6987
5746
4214
3454
2593
-424
-4079
-5389
-5557
-6558
-7263
-7537
-8690
-10096
-10147
-8797
-7237
-6267
-5746
-5187
-4247
-2804
-1018
1001
2868
3727
4011
5134
6653
7182
7114
7291
7302
6824
6211
5453
4165
2552
1154
99
-899
-2127
-3731
-5468
-6655
-7033
-6850
-6442
-6084
-5969
-5579
-4440
-2856
-970
992
2559
3750
5071
6843
8880
10431
11460
12616
13614
14164
14576
14854
14788
12658
7653
3752
2855
1068
-1921
-3050
-4641
-9274
-13423
-14207
-13986
-14730
-14904
-14159
-14126
-14455
-13665
-11722
-9242
-6864
-4663
-1660
1623
3126
3481
5106
7293
8425
9705
11376
11329
9703
8547
7782
6534
5480
5083
3447
-471
-3409
-3740
-4308
-5632
-6204
-6979
-8765
-10052
-9676
-8231
-7011
-6571
-6252
-5557
-4497
-3093
-1259
961
2535
2970
3802
5598
6900
7253
7484
7675
7430
6915
6302
5403
4089
2569
1158
33
-1080
-2635
-4382
-5736
-6621
-6993
-6788
-6572
-6709
-6647
-5751
-4236
-2539
-617
1250
2554
3753
5454
7424
9215
10492
11428
12381
13332
14173
14581
14669
14369
11236
5742
3090
2791
271
-2503
-3130
-5635
-10836
-13819
-13614
-13605
-14330
-14126
-13645
-13951
-14047
-13034
-10983
-8421
-6269
-4188
-1156
1610
2346
2751
4914
7082
7988
9326
10585
9748
8207
7705
7186
6032
5317
4893
2592
-1300
-3022
-2616
-3389
-4716
-5199
-6342
-8307
-9123
-8152
-6732
-6174
-6065
-5683
-5205
-4388
-2906
-1033
905
2083
2335
3304
5185
6267
6580
7038
7291
6997
6567
6134
5305
4166
3088
2063
989
-278
-1730
-3293
-4645
-5364
-5583
-5763
-6033
-6272
-6261
-5471
-4007
-2498
-1012
437
1538
2767
4619
6603
8076
9088
10129
11177
12204
13315
13947
14093
13865
10878
5789
3755
3723
1144
-1486
-2005
-4703
-9901
-12520
-12149
-12308
-13230
-13254
-13201
-13867
-14131
-13279
-11273
-8789
-7004
-5304
-2395
219
891
1620
4110
6303
7109
8322
9564
8980
7969
8083
7901
6807
6144
5717
3303
-436
-1685
-1094
-2136
-3727
-4422
-5898
-8069
-8810
-7958
-6930
-6568
-6726
-6774
-6335
-5360
-4003
-2163
-63
907
931
2145
4301
5486
6082
6944
7266
6932
6755
6532
5816
5045
4258
3008
1603
458
-891
-2555
-3727
-4266
-4866
-5569
-5940
-6137
-6234
-5437
-3761
-2384
-1397
-70
1337
2597
4414
6564
8030
8864
9980
11187
12186
13400
14119
14106
14034
11750
6666
4056
4237
1982
-1094
-1689
-3714
-8945
-12328
-12085
-11962
-13201
-13634
-13480
-14318
-15010
-14042
-11904
-9633
-7993
-6446
-3963
-1426
-282
557
2862
5300
6347
7338
8644
8624
7864
8075
8304
7356
6420
6123
4245
529
-903
103
-661
-2610
-3431
-4747
-7057
-8035
-7233
-6269
-6020
-6418
-6796
-6416
-5364
-4190
-2624
-544
476
266
1286
3643
5002
5521
6357
6790
6548
6478
6447
5937
5227
4393
3128
1824
893
-259
-1822
-2851
-3395
-4238
-5012
-5279
-5509
-5620
-4832
-3381
-2319
-1471
-186
1039
2115
3813
5900
7323
7957
8822
10153
11304
12520
13471
13775
13816
11585
6766
4426
4868
3041
242
-481
-2555
-7622
-11066
-10782
-10386
-11754
-12572
-12619
-13571
-14495
-13708
-11711
-9910
-8827
-7662
-5401
-2971
-1827
-958
1171
3385
4476
5612
6972
7093
6676
7242
7654
6947
6361
6239
4522
1231
102
1221
713
-1228
-2345
-3599
-5767
-6920
-6083
-5074
-5525
-6536
-6744
-6413
-5718
-4571
-3189
-1764
-1158
-1304
-280
1997
3492
4133
4853
5368
5516
5691
5963
5908
5427
4796
3947
2893
1902
825
-438
-1432
-2031
-2693
-3624
-4488
-4879
-4974
-4677
-3550
-2361
-1823
-1236
-176
1037
2493
4477
6277
6979
7444
8738
10175
11356
12618
13495
13951
13513
10272
6094
5064
5131
2784
716
173
-3068
-8433
-10382
-9434
-10032
-11736
-12295
-12792
-14204
-14825
-13526
-11502
-10109
-9261
-7951
-5639
-3510
-2595
-1338
1242
3162
3967
5355
6647
6686
6940
7971
7986
7014
6754
6558
4239
1451
1575
2415
811
-1163
-1951
-3515
-5742
-6162
-5013
-4657
-5760
-6836
-6736
-6162
-5650
-4518
-2884
-1997
-2113
-1833
-220
1828
3139
3886
4484
4819
4993
5234
5502
5627
5367
4511
3386
2472
1623
487
-621
-1374
-2097
-2962
-3819
-4473
-4798
-4957
-4724
-3712
-2436
-1738
-1233
-65
1413
2779
4465
6338
7321
7663
8720
10226
11267
12387
13696
14263
13167
9778
6197
5445
5425
3395
1645
467
-3211
-7806
-9129
-8273
-8897
-10665
-11555
-12426
-13893
-14260
-12901
-11187
-10118
-9452
-8304
-6201
-4330
-3479
-2193
272
2033
2739
4095
5387
5537
6044
7175
7221
6500
6340
6000
4089
2159
2508
2971
1371
-264
-1138
-2720
-4400
-4578
-3787
-3746
-4950
-6044
-6246
-5901
-5225
-4409
-3329
-2432
-2697
-2907
-1301
801
1831
2526
3364
3812
3894
4283
5072
5504
5282
4719
3990
3105
2088
1118
446
-219
-1211
-2202
-2991
-3759
-4318
-4465
-4308
-3877
-3271
-2561
-1923
-1304
-170
1506
3055
4160
5204
6217
7046
8113
9567
11112
12402
12958
12784
11930
9354
6194
5706
6203
4075
1539
312
-2501
-6533
-8085
-7583
-8326
-10278
-11378
-12005
-13184
-13690
-12754
-11313
-10151
-9545
-8655
-6728
-4972
-3980
-2374
19
1628
2378
3675
5296
6142
6811
7708
7775
6934
6552
6753
5722
3875
3721
3996
2264
345
-471
-1755
-3412
-3979
-3669
-3848
-5055
-6461
-7031
-6577
-5752
-5176
-4423
-3684
-4118
-4480
-2845
-453
899
1600
2237
2604
2882
3651
4920
5794
5586
4645
3721
3169
2732
2154
1403
376
-767
-1655
-2253
-2851
-3558
-3889
-3653
-3573
-3456
-2627
-1938
-1669
-735
975
2599
3679
4569
5651
6556
7492
9127
10826
11765
12055
12174
12526
11629
8364
6267
6572
5147
2393
1654
348
-3929
-7245
-7457
-7818
-9667
-10745
-11114
-12587
-14140
-13942
-12438
-11081
-10445
-9865
-8525
-6832
-5586
-4136
-1724
248
929
2168
4271
5426
6136
7421
7877
7039
6771
7701
7613
5491
4345
4935
4038
2073
1371
504
-1656
-3199
-3102
-2889
-4000
-5634
-6398
-6407
-6136
-5588
-4992
-4578
-4872
-5401
-4425
-2132
-509
-2
434
1010
1644
2809
4277
5098
5100
4565
3877
3789
4053
3714
2708
1614
694
-168
-896
-1372
-1987
-2895
-3467
-3595
-3685
-3545
-3069
-2570
-2165
-1421
-100
1172
2131
3301
4638
5732
6685
7941
9360
10408
11192
11915
12472
12649
11029
7487
5869
6408
4910
2514
1913
-217
-5046
-7831
-7609
-8169
-10224
-11535
-12402
-14038
-14998
-14112
-12577
-11629
-11396
-10954
-9149
-6748
-5195
-3604
-1172
582
1477
3391
5824
6969
7742
8885
9056
8438
8642
9415
8771
6590
5636
5863
4494
2468
1646
326
-2174
-3726
-3905
-4275
-5472
-6552
-6921
-7245
-7638
-7581
-6878
-5960
-5796
-5868
-4673
-2972
-1999
-870
544
1401
2255
3527
4554
5153
5587
5653
5315
5234
5327
4656
3353
2371
1660
807
42
-719
-1913
-3153
-3745
-3925
-3949
-3768
-3674
-3753
-3376
-2210
-662
798
2014
3059
4135
5583
7280
8797
10138
11142
11749
12543
13473
13957
13188
10286
7365
6803
6133
3638
1893
477
-3560
-7962
-9191
-9231
-11025
-13231
-14241
-15398
-16887
-16831
-15313
-13916
-13106
-12509
-11168
-8660
-6272
-4566
-2225
432
1906
3411
5952
7813
8640
9939
11076
10787
10297
10767
10728
8695
6877
6894
6070
3499
1712
713
-1384
-3694
-4561
-4869
-6166
-7827
-8526
-8689
-8906
-8795
-8343
-7701
-7023
-6635
-5880
-4079
-2251
-1092
71
1340
2480
3908
5225
5921
6573
7052
6784
6419
6388
5847
4636
3536
2721
1723
378
-877
-1929
-3126
-4154
-4532
-4653
-4946
-5165
-5160
-4862
-3857
-2317
-827
556
1934
3388
5049
6833
8534
10061
11310
12303
13089
13866
14468
14305
13896
12969
9805
6495
5776
4548
1166
-1083
-2703
-6622
-10702
-12046
-12570
-14426
-16217
-16852
-17618
-18398
-17775
-16032
-14256
-13045
-11973
-9866
-6811
-4303
-2378
231
3090
4835
6440
9001
10890
11427
12086
12678
12218
11437
11320
10861
8516
6189
5626
4400
1872
212
-1275
-3768
-5877
-6755
-7255
-8194
-9250
-9754
-9907
-9833
-9289
-8499
-7381
-6176
-5499
-4465
-2347
-498
524
1846
3420
4513
5344
6386
7207
7468
7445
7141
6687
6147
5195
3955
2848
1622
181
-1096
-2106
-3194
-4467
-5276
-5512
-5780
-5881
-5491
-5152
-4822
-3810
-2134
-514
899
2762
4836
6335
7754
9444
10787
11761
12832
13760
14084
14027
13806
13261
12670
11358
7816
4259
3132
1428
-2040
-3947
-5537
-9770
-13529
-14138
-14378
-16097
-17285
-17331
-17891
-18358
-17115
-14892
-12899
-11178
-9391
-6968
-4040
-1587
496
3157
5730
7249
8877
11022
12099
12294
12986
13167
11993
10940
10642
9537
6675
4280
3589
2018
-763
-2319
-3455
-5932
-8156
-8784
-8959
-9542
-10194
-10305
-10009
-9583
-8817
-7639
-6004
-4490
-3689
-2632
-621
1259
2493
3690
4821
5642
6454
7142
7482
7715
7527
6572
5765
5562
4826
3275
1871
670
-743
-2009
-2854
-3663
-4657
-5318
-5432
-5456
-5299
-4622
-4105
-3823
-2759
-1228
62
1551
3285
4818
6252
7571
8786
10147
11312
11920
12274
12543
12369
11821
11305
10669
9647
8592
6600
2619
-731
-1584
-3105
-6105
-7465
-8666
-12450
-15596
-15393
-14780
-15569
-15843
-15288
-15379
-15600
-14180
-11176
-8313
-6514
-5006
-2885
-528
1535
3740
6376
8421
9156
9830
10950
11327
11288
11783
11404
9522
8142
7702
6161
3099
1130
687
-906
-3430
-4715
-5748
-7912
-9328
-8886
-8351
-8844
-9349
-8998
-8336
-7585
-6209
-4462
-3211
-2550
-1811
-467
1403
3244
4473
4877
5018
5520
6133
6444
6618
6552
5878
4809
4060
3795
3218
1941
759
15
-911
-1924
-2486
-2841
-3572
-4280
-4277
-3817
-3471
-3104
-2490
-2027
-1605
-494
1013
1969
2820
4159
5248
6013
7233
8514
9035
9087
9334
9510
9201
8730
8379
7894
7174
6275
5354
4533
2406
-1326
-3423
-3527
-5107
-7369
-7881
-9125
-12433
-14015
-12819
-12314
-13135
-12913
-12054
-12174
-11758
-9400
-6794
-5385
-4423
-2819
-498
1662
3178
4714
6292
6994
7274
8469
9661
9569
9274
9465
8755
7031
6010
5836
4467
1851
552
229
-1504
-3564
-4248
-5061
-6837
-7889
-7661
-7675
-8296
-8346
-7631
-7009
-6377
-5289
-4014
-2875
-2212
-1525
8
1791
2964
3755
4406
4914
5560
6261
6718
6803
6570
6039
5405
5051
4642
3709
2525
1522
544
-483
-1353
-2230
-3333
-4294
-4723
-4756
-4663
-4552
-4377
-4057
-3520
-2688
-1530
-473
253
1207
2459
3680
4919
6120
7049
7755
8358
8984
9467
9472
9165
8797
8388
7864
7267
6394
5155
4180
3020
50
-3226
-4090
-4635
-6875
-8147
-8293
-10498
-13272
-13162
-11807
-11954
-12318
-11554
-11050
-10999
-9617
-6951
-4752
-3603
-2543
-730
1467
3199
4450
5783
6871
7206
7777
9009
9331
8528
8252
8074
6608
5131
4798
3961
1337
-908
-1203
-1910
-3857
-4854
-5281
-6914
-8356
-7957
-7035
-7037
-7160
-6580
-5950
-5322
-3940
-2066
-706
95
808
1721
2993
4415
5670
6303
6316
6316
6564
6740
6659
6449
5854
4605
3432
2934
2399
1210
-26
-977
-2068
-3179
-3855
-4400
-5199
-5913
-6075
-5838
-5712
-5495
-4826
-4037
-3405
-2443
-1008
251
1223
2412
3799
4828
5774
7198
8403
8747
8996
9556
9593
9078
8828
8567
7733
6690
5763
4826
3733
2508
1607
710
-1833
-5073
-6014
-6105
-7876
-9064
-8546
-9471
-11781
-11897
-10265
-9905
-10143
-8966
-7674
-7519
-6850
-4686
-2523
-1416
-552
932
2428
3171
3803
4958
5952
6049
5908
6236
6318
5705
5358
5178
4038
2671
2341
2178
509
-1561
-1835
-1665
-2767
-3492
-3261
-4094
-5586
-5431
-4258
-3878
-3950
-3475
-2918
-2739
-2128
-816
442
1109
1335
1581
2278
3218
3963
4266
4108
3785
3624
3594
3533
3421
2946
1920
960
495
93
-529
-1270
-2035
-2788
-3373
-3714
-4027
-4390
-4667
-4743
-4582
-4148
-3573
-3068
-2678
-2172
-1128
201
1222
2095
3058
3771
4281
5214
6412
7057
7269
7611
7786
7767
7802
7579
6933
6236
5648
5064
4453
3760
2699
1546
852
245
-348
-759
-2575
-5627
-6393
-5523
-6262
-6879
-6114
-7232
-9814
-9672
-7407
-6554
-6706
-6095
-5893
-6413
-5471
-3009
-1192
-779
-785
-278
762
1892
2818
3391
3571
3427
3425
4143
4736
4339
3944
3877
3033
2047
2102
2239
1025
-472
-408
-226
-1405
-2074
-1756
-2523
-3738
-3394
-2579
-2823
-3194
-2843
-2510
-2332
-1526
-538
-126
151
480
812
1426
2291
2864
2862
2702
2741
2757
2678
2579
2346
1981
1330
563
317
76
-884
-1796
-2148
-2560
-3129
-3478
-3611
-3875
-4142
-3838
-3213
-2928
-2808
-2338
-1887
-1443
-364
903
1555
1947
2765
3645
4294
5058
5839
6135
5957
5917
6185
6297
6131
6034
5846
5315
4663
4111
3536
2895
2230
1460
599
-272
-916
-1103
-1162
-1373
-1501
-2403
-4522
-5460
-4378
-4123
-4778
-4223
-4140
-5856
-6377
-4629
-3656
-4080
-3929
-3497
-3877
-3803
-2404
-1196
-1065
-1182
-926
-464
173
835
1268
1412
1196
926
1240
1843
1900
1774
1834
1287
496
729
1440
993
-301
-576
-95
-417
-612
91
-57
-1242
-1469
-627
-234
-277
-14
56
-377
-381
235
667
805
666
207
98
576
968
985
773
342
-142
-314
-186
-158
-340
-697
-1261
-1571
-1405
-1472
-1799
-1799
-1800
-2101
-2128
-1700
-1397
-1420
-1155
-513
-94
201
819
1286
1270
1494
2189
2687
2822
3032
3173
3077
3218
3643
3791
3675
3527
3278
2994
2803
2757
2691
2455
2174
2008
1931
1907
1720
1324
1062
954
854
943
1079
788
409
495
750
980
1134
231
-1518
-2105
-1717
-2042
-2264
-1900
-3108
-5270
-5497
-4467
-4467
-4934
-4831
-5249
-6272
-6064
-4593
-3709
-3516
-3174
-2718
-2077
-1127
-286
376
1010
1449
1848
2518
3256
3588
3731
3945
3835
3581
3740
3842
3034
2021
1937
1883
1064
521
214
-963
-2111
-1998
-1807
-2501
-3115
-3194
-3430
-3684
-3241
-2661
-2606
-2538
-2252
-1964
-1299
-344
263
451
601
933
1296
1601
1993
2267
2035
1612
1522
1599
1445
1121
859
580
127
-211
-301
-421
-733
-1065
-1099
-979
-951
-750
-367
-234
-299
-144
321
735
966
1345
1702
1660
1706
2171
2544
2569
2642
2771
2552
2172
2183
2295
1953
1565
1422
1317
1265
1293
1186
844
487
311
378
558
533
241
75
110
255
647
1031
1052
474
-620
-1084
-532
-468
-1081
-1258
-1629
-2792
-3278
-2688
-2620
-3392
-3730
-3687
-4139
-4339
-3664
-3085
-3091
-3082
-2813
-2287
-1546
-920
-584
-268
72
332
981
1937
2334
2232
2341
2408
2181
2230
2698
2642
1643
1075
1340
1024
422
465
58
-1106
-1598
-1266
-1225
-1559
-1651
-1767
-2228
-2233
-1626
-1218
-1086
-1012
-997
-872
-365
359
890
1093
1207
1321
1423
1540
1682
1859
1730
1314
1213
1185
745
397
211
-183
-559
-866
-1225
-1548
-1939
-2165
-1986
-1792
-1701
-1663
-1643
-1502
-1234
-792
-202
172
180
370
827
1179
1468
1959
2251
2133
2253
2578
2587
2532
2665
2675
2503
2463
2567
2420
2227
2320
2243
2041
2202
2219
1856
1767
1822
1637
1575
1599
1461
1331
1260
1223
1259
1229
510
-866
-1533
-1337
-1596
-2062
-2065
-2769
-4313
-4805
-4057
-3906
-4450
-4570
-4715
-5230
-5000
-3874
-3126
-3056
-2957
-2579
-2015
-1128
-275
52
218
534
857
1457
2302
2597
2389
2301
2223
2120
2263
2505
2114
1085
612
838
760
366
55
-574
-1439
-1651
-1223
-1103
-1453
-1753
-1960
-2029
-1712
-1253
-996
-996
-1153
-1161
-732
-61
357
320
220
270
315
542
834
734
504
316
37
25
129
-106
-388
-423
-571
-843
-840
-713
-768
-809
-577
-348
-254
-112
145
387
551
919
1340
1474
1661
2065
2223
2213
2393
2391
2256
2341
2430
2281
2029
1867
1660
1457
1440
1358
978
754
793
673
579
780
829
671
788
1058
1162
1265
1442
1491
1524
1723
1929
1917
1918
2037
2089
2226
2177
1320
191
-144
-172
-639
-957
-1292
-2577
-3962
-4173
-3954
-4345
-4790
-4972
-5591
-6247
-5950
-5098
-4679
-4538
-4312
-4121
-3608
-2531
-1554
-981
-492
-113
260
1025
1917
2369
2508
2614
2621
2610
2769
2865
2334
1677
1619
1495
1040
766
366
-554
-1239
-1276
-1269
-1518
-1791
-1977
-2226
-2309
-2016
-1681
-1500
-1369
-1257
-1073
-644
-84
403
712
852
998
1255
1447
1585
1828
1911
1658
1437
1343
1089
891
861
700
324
-116
-477
-702
-827
-908
-920
-937
-1027
-1018
-867
-682
-446
-150
172
552
880
1156
1553
1910
2129
2431
2741
2865
2863
2962
3171
3216
3063
2949
2751
2419
2204
2075
1921
1625
1207
822
597
500
463
375
82
-283
-475
-407
-240
-150
-231
-471
-518
-206
126
317
311
-247
-1200
-1532
-1148
-1067
-1345
-1570
-2209
-3274
-3536
-3007
-2974
-3414
-3659
-4038
-4584
-4444
-3621
-3151
-3256
-3258
-3134
-2959
-2249
-1313
-907
-723
-380
-118
333
1163
1823
2018
2120
2340
2428
2530
2845
2873
2408
2200
2336
2153
1796
1559
1168
539
205
162
-124
-551
-817
-1082
-1453
-1646
-1630
-1638
-1722
-1769
-1768
-1691
-1451
-1141
-980
-876
-606
-314
-116
158
535
748
794
986
1295
1415
1418
1523
1610
1462
1292
1345
1305
1068
959
924
769
591
528
424
194
38
28
7
-37
8
88
80
-15
-5
143
236
246
338
463
473
477
604
791
837
797
838
972
1032
1042
1117
1172
1126
1082
1184
1219
1179
1205
1221
1214
1192
1181
1130
1003
875
876
924
888
795
661
401
-150
-619
-683
-856
-1336
-1579
-1772
-2447
-3038
-3045
-3040
-3388
-3624
-3669
-3915
-4140
-3834
-3371
-3205
-3078
-2829
-2551
-2155
-1516
-954
-637
-314
71
415
936
1571
1889
1978
2051
2117
2235
2428
2606
2366
1771
1495
1484
1377
1328
1171
528
-173
-407
-441
-529
-625
-865
-1310
-1607
-1508
-1318
-1174
-1058
-1188
-1442
-1330
-887
-570
-487
-456
-404
-443
-313
154
459
362
195
226
309
331
409
477
307
71
95
211
173
-6
-146
-209
-213
-114
-15
-60
-173
-148
6
221
395
489
580
693
871
1116
1354
1426
1432
1528
1684
1838
1935
1953
1843
1755
1824
2003
2081
1995
1752
1490
1411
1419
1488
1432
1164
875
771
795
859
921
809
548
354
363
429
481
472
319
111
31
53
-133
-483
-827
-1131
-1350
-1441
-1516
-1844
-2361
-2688
-2719
-2752
-2814
-2797
-2966
-3273
-3231
-2864
-2584
-2454
-2338
-2262
-2120
-1666
-1093
-810
-720
-582
-381
-89
379
777
799
648
646
772
999
1239
1180
811
519
492
533
538
437
32
-503
-707
-569
-536
-687
-818
-1062
-1394
-1397
-1104
-980
-1024
-1038
-1127
-1129
-808
-507
-429
-405
-298
-107
100
382
608
648
680
835
1045
1209
1289
1238
1131
1096
1214
1333
1275
1098
912
796
792
827
736
534
349
317
415
518
593
551
470
491
563
691
889
995
1011
1081
1186
1362
1492
1535
1606
1572
1512
1575
1598
1546
1556
1552
1476
1387
1267
1203
1095
948
857
729
580
463
357
279
194
42
-31
-37
-123
-290
-410
-434
-443
-493
-484
-583
-909
-1217
-1399
-1441
-1498
-1661
-1886
-2183
-2483
-2614
-2612
-2606
-2694
-2937
-3074
-2990
-2861
-2682
-2470
-2400
-2370
-2183
-1851
-1547
-1340
-1136
-959
-769
-398
26
288
435
514
573
737
986
1141
1124
1032
911
856
960
1015
878
679
507
342
240
181
91
-20
-145
-249
-333
-382
-396
-449
-477
-440
-464
-475
-313
-165
-130
-7
204
334
442
621
769
857
994
1147
1215
1283
1334
1360
1383
1350
1338
1270
1184
1112
956
835
834
731
563
560
497
334
239
296
319
240
269
316
245
218
398
538
518
580
694
686
704
860
941
895
920
966
955
964
992
930
775
630
541
498
458
399
243
93
43
29
40
32
-48
-147
-229
-285
-228
-159
-182
-258
-357
-412
-406
-445
-546
-660
-838
-1109
-1274
-1295
-1390
-1603
-1784
-1922
-2137
-2276
-2271
-2226
-2278
-2395
-2440
-2389
-2271
-2147
-1957
-1743
-1645
-1564
-1352
-1101
-927
-688
-408
-292
-242
-43
225
417
558
707
750
702
767
896
897
859
884
828
725
684
677
639
600
528
397
312
316
271
204
199
159
69
64
133
135
101
165
210
159
194
289
283
253
321
425
476
500
529
510
475
537
590
575
550
548
515
450
454
438
374
325
343
351
345
379
359
318
326
406
479
537
603
634
673
770
925
1048
1108
1101
1097
1146
1232
1316
1348
1308
1219
1140
1122
1141
1047
901
800
663
493
352
276
136
-84
-257
-359
-485
-590
-603
-638
-745
-817
-783
-755
-786
-757
-659
-648
-653
-562
-486
-580
-694
-658
-638
-730
-794
-838
-1065
-1285
-1322
-1337
-1435
-1564
-1671
-1795
-1896
-1889
-1845
-1859
-1861
-1859
-1839
-1741
-1557
-1394
-1313
-1187
-1037
-922
-766
-540
-372
-255
-111
10
104
230
384
455
485
554
603
583
628
675
586
519
508
483
468
538
545
448
402
369
337
367
468
479
380
346
455
535
554
620
650
580
552
641
711
736
753
744
688
679
718
727
683
663
639
528
478
495
457
399
357
334
342
329
301
290
326
378
422
509
589
591
618
737
844
907
971
1028
1065
1101
1175
1221
1198
1165
1105
1034
965
858
750
634
493
347
250
109
-90
-273
-421
-537
-676
-760
-839
-981
-1079
-1087
-1112
-1151
-1128
-1127
-1142
-1144
-1084
-976
-901
-851
-767
-680
-649
-638
-608
-585
-629
-612
-554
-578
-660
-720
-753
-806
-866
-912
-993
-1120
-1171
-1181
-1216
-1225
-1267
-1339
-1344
-1297
-1209
-1107
-1053
-1012
-962
-843
-631
-444
-304
-144
-40
38
196
408
544
595
718
832
859
907
1016
1063
1040
1056
1042
977
892
835
825
743
693
656
566
470
431
446
439
421
401
377
369
407
477
512
519
573
572
587
678
739
713
649
657
662
646
667
635
549
461
409
376
326
271
172
104
83
65
36
24
48
22
39
125
195
204
209
300
350
406
513
573
545
502
540
531
481
484
487
399
237
154
102
11
-105
-220
-363
-498
-601
-702
-762
-798
-846
-918
-956
-967
-976
-921
-820
-770
-760
-695
-587
-542
-469
-344
-272
-231
-195
-172
-188
-195
-173
-208
-295
-372
-457
-553
-639
-716
-787
-871
-964
-1064
-1142
-1174
-1181
-1164
-1164
-1171
-1121
-1010
-887
-767
-644
-513
-399
-283
-90
133
283
395
531
669
769
900
1032
1066
1044
1040
1052
1067
1076
1035
935
839
775
689
641
588
476
322
184
130
114
122
125
85
7
-10
31
97
182
227
243
245
267
331
417
480
513
487
450
456
448
464
482
450
384
356
355
341
291
251
237
178
147
184
192
163
171
225
258
266
282
358
404
413
442
495
499
464
481
474
419
328
250
202
99
-2
-81
-196
-344
-444
-508
-590
-658
-697
-768
-834
-856
-875
-865
-865
-873
-834
-794
-752
-705
-661
-608
-555
-509
-444
-380
-357
-330
-269
-217
-204
-229
-238
-253
-259
-244
-264
-285
-339
-412
-479
-508
-522
-556
-591
-618
-650
-699
-671
-617
-619
-584
-538
-502
-439
-331
-228
-149
-80
17
121
217
356
459
515
545
588
660
713
743
781
785
738
688
675
646
564
522
463
352
266
225
201
163
144
113
62
57
84
116
137
183
242
280
336
377
412
469
520
561
582
612
600
586
597
598
544
483
461
413
345
263
227
173
101
90
61
2
-27
-30
-45
-41
-3
20
19
48
93
132
153
180
213
204
188
221
233
192
162
128
88
28
-13
-54
-124
-219
-296
-353
-424
-478
-522
-580
-657
-675
-683
-703
-715
-727
-720
-693
-674
-643
-616
-611
-584
-561
-509
-455
-440
-405
-382
-362
-325
-287
-274
-271
-250
-239
-231
-192
-170
-169
-149
-145
-135
-131
-129
-116
-89
-38
-13
-22
8
26
36
101
166
149
97
120
126
142
221
273
244
200
224
236
243
280
289
238
202
230
246
260
261
233
161
125
158
177
167
140
131
101
138
172
165
178
189
211
227
281
337
331
341
366
397
395
415
441
420
420
411
409
400
382
369
328
286
259
219
170
121
85
47
-5
-32
-59
-98
-150
-188
-212
-242
-251
-254
-268
-272
-257
-219
-182
-195
-200
-189
-168
-153
-129
-88
-90
-75
-43
-29
-48
-44
1
-6
-29
-44
-53
-48
-63
-55
-60
-72
-95
-138
-155
-182
-207
-216
-223
-257
-283
-267
-258
-279
-286
-263
-252
-255
-228
-206
-189
-190
-180
-138
-119
-102
-69
-39
-38
-37
-9
40
46
60
94
112
120
145
171
170
176
199
215
215
207
205
208
218
223
205
179
143
127
126
149
144
103
80
65
60
50
81
103
73
54
57
85
110
140
159
152
124
136
185
222
242
248
219
188
187
195
210
197
168
120
80
73
74
51
11
-20
-51
-43
-48
-72
-81
-112
-116
-115
-112
-101
-106
-126
-135
-130
-134
-116
-85
-73
-92
-81
-81
-100
-86
-62
-86
-112
-90
-119
-156
-144
-113
-133
-152
-133
-143
-187
-160
-112
-114
-96
-78
-97
-108
-81
-40
-37
-32
-18
-37
-29
-18
18
42
31
34
20
13
-6
17
35
22
-9
-47
-56
-62
-77
-74
-88
-141
-159
-169
-156
-143
-131
-113
-104
-104
-88
-34
21
53
85
109
118
162
220
273
280
283
325
325
325
341
331
305
277
250
235
222
187
157
123
77
47
27
0
-34
-71
-71
-59
-71
-68
-51
-44
-31
1
40
78
74
86
115
160
198
209
215
206
203
191
184
162
125
86
47
19
-19
-69
-100
-126
-189
-244
-261
-281
-314
-325
-330
-353
-383
-373
-352
-348
-321
-292
-272
-258
-227
-175
-135
-99
-79
-69
-57
-25
15
60
58
46
38
47
65
74
80
59
11
-3
-8
-12
0
-7
-24
-40
-46
-53
-53
-56
-52
-38
-47
-52
-32
-18
-19
-24
-8
-28
-42
-39
-31
-16
-9
-10
-23
-18
-18
-20
2
3
-6
-2
26
36
32
71
75
73
80
121
135
133
170
194
194
200
226
224
222
224
229
235
233
208
192
178
161
156
150
128
87
67
39
20
16
7
-16
-38
-50
-60
-58
-52
-47
-47
-44
-44
-48
-46
-25
-15
-7
6
4
-1
-3
24
24
19
26
3
-4
-8
1
-11
-25
-35
-62
-82
-88
-76
-90
-112
-142
-151
-152
-177
-169
-156
-165
-167
-163
-168
-156
-150
-141
-140
-145
-121
-118
-115
-123
-113
-101
-81
-61
-81
-81
-86
-72
-39
-26
-20
-31
-24
-4
7
18
31
34
38
51
64
77
83
82
82
71
74
107
100
77
77
86
78
72
87
70
44
34
42
41
38
37
25
14
11
21
18
25
21
21
25
17
33
37
40
45
51
72
82
75
64
61
57
57
66
68
55
51
51
51
50
43
26
7
-13
-31
-26
-5
-8
-10
-21
-48
-39
-25
-14
4
8
3
2
21
50
68
67
80
83
63
75
93
87
75
62
43
12
-4
-7
-34
-64
-91
-129
-156
-165
-184
-194
-205
-236
-247
-241
-217
-215
-209
-181
-183
-180
-145
-106
-87
-70
-31
-9
-9
12
49
52
45
60
69
55
49
53
49
24
14
22
1
-10
-18
-18
-19
-22
-28
-37
-33
-16
-12
-13
7
13
8
12
31
32
51
75
66
65
72
85
98
108
91
73
75
64
68
62
55
47
33
24
14
2
6
20
15
4
1
-8
-7
10
23
27
12
25
42
42
57
67
66
67
70
71
91
111
114
108
107
110
109
94
95
89
67
69
63
51
46
62
60
42
32
30
13
17
44
37
33
40
37
37
47
47
38
29
12
16
7
10
11
-26
-33
-47
-59
-71
-79
-100
-113
-122
-132
-125
-129
-127
-145
-137
-135
-143
-128
-127
-120
-113
-102
-85
-76
-74
-74
-71
-70
-58
-53
-46
-47
-70
-66
-63
-69
-66
-70
-60
-77
-92
-70
-58
-54
-46
-40
-45
-41
-36
-11
6
2
9
11
22
30
54
53
53
57
49
67
66
76
76
70
57
50
54
55
49
30
22
13
5
9
14
13
8
0
5
-3
-2
11
12
16
19
33
38
51
56
69
76
94
91
82
87
91
118
135
136
126
107
99
106
108
96
94
82
52
53
52
57
59
51
37
10
3
31
33
24
24
16
17
16
29
36
19
9
-8
-15
-29
-42
-42
-48
-61
-80
-96
-107
-126
-145
-144
-166
-166
-145
-147
-156
-146
-132
-129
-130
-122
-103
-86
-62
-44
-21
-9
7
13
27
36
23
26
32
34
31
33
23
-5
-19
-31
-38
-49
-65
-78
-92
-104
-84
-82
-92
-88
-100
-91
-97
-74
-55
-51
-32
-16
-2
4
22
58
50
54
84
93
88
93
110
100
119
120
104
89
80
93
89
87
75
68
56
53
59
54
54
40
34
36
42
51
48
67
68
60
74
79
81
80
87
104
107
115
125
111
106
104
102
99
74
69
67
55
53
42
30
9
-7
-26
-28
-35
-35
-44
-52
-60
-56
-45
-47
-49
-53
-50
-55
-34
-28
-19
-23
-36
-20
-24
-29
-21
-21
-25
-42
-50
-53
-59
-64
-72
-87
-109
-101
-102
-115
-119
-117
-122
-131
-114
-122
-118
-92
-93
-92
-77
-75
-58
-55
-45
-31
-37
-21
-9
-6
2
4
1
-2
10
13
16
16
16
19
11
16
11
2
15
10
4
22
13
16
14
9
19
15
19
16
17
19
15
26
23
23
19
12
19
19
39
36
16
20
22
26
36
34
36
44
36
43
46
47
48
46
44
55
48
54
62
54
62
67
64
61
69
60
61
70
71
68
74
58
59
51
52
55
41
34
17
6
-1
6
-11
-21
-30
-35
-46
-39
-37
-51
-60
-62
-66
-64
-42
-41
-38
-30
-27
-27
-24
-11
0
5
-5
-4
8
10
26
11
8
-4
-12
-19
-20
-27
-38
-30
-48
-47
-68
-56
-58
-67
-59
-74
-72
-64
-46
-42
-40
-52
-48
-35
-26
-17
3
-7
-17
-12
-1
8
11
16
3
5
-2
11
19
14
18
7
5
-3
2
13
7
12
4
8
2
4
8
10
9
0
9
17
19
3
21
24
10
27
21
21
30
28
27
19
35
30
34
40
37
49
37
33
37
31
36
40
35
41
38
29
33
34
33
31
20
23
23
25
29
26
38
39
12
3
16
20
9
3
-17
-10
-15
-21
-28
-35
-37
-59
-62
-69
-65
-69
-68
-79
-80
-69
-74
-68
-62
-48
-58
-57
-43
-26
-21
-29
-18
-5
8
9
-1
6
18
9
12
5
8
6
3
-1
-4
-6
-12
-24
-28
-23
-28
-30
-27
-24
-25
-27
-27
-20
-19
-13
-12
-8
4
10
9
14
17
18
12
10
24
26
29
28
34
33
21
21
20
18
19
21
9
8
20
18
5
9
4
0
-3
-3
3
-2
2
0
5
5
4
-4
-3
6
9
-1
2
11
10
11
1
10
15
18
8
-3
9
14
14
10
7
9
12
2
6
4
-2
2
-11
-5
-8
-5
-4
-13
-8
-20
-23
-13
-20
-20
-23
-29
-13
-18
-12
-25
-33
-24
-35
-30
-30
-29
-22
-18
-32
-26
-25
-25
-18
-29
-21
-21
-17
-20
-6
-8
-12
-2
-5
-11
-10
-2
-1
15
8
1
11
8
16
23
21
25
21
27
31
29
40
37
39
39
41
48
54
47
51
57
47
54
46
53
55
42
54
51
43
52
34
32
33
24
29
21
22
14
2
4
4
2
-5
-3
-17
-9
-8
-21
-21
-21
-15
-17
-21
-32
-22
-12
-5
-16
-20
-24
-14
-5
-9
3
1
6
6
3
7
9
10
8
11
7
2
3
10
11
6
-4
-12
-8
-7
-15
-19
-19
-24
-26
-39
-40
-37
-38
-38
-49
-47
-48
-57
-57
-50
-45
-44
-45
-50
-48
-27
-29
-34
-26
-29
-25
-24
-15
-5
-6
1
-7
5
8
0
7
3
1
7
3
12
19
17
6
-6
6
8
4
6
-1
-5
7
12
0
11
4
6
6
4
13
19
14
13
25
14
19
22
27
21
21
12
16
29
16
18
21
16
21
11
9
18
22
12
9
14
13
26
26
21
25
17
20
25
25
38
30
33
32
34
36
38
33
30
27
18
21
19
31
20
8
5
4
10
-11
0
-5
-7
8
-15
-9
4
-9
1
-3
-6
-5
-2
3
3
9
-3
2
-3
-3
-1
-12
-5
-9
-15
-18
-24
-25
-23
-28
-45
-44
-41
-43
-39
-40
-51
-49
-41
-47
-34
-35
-32
-26
-30
-11
-15
-14
-8
-7
6
6
6
3
7
13
3
13
0
2
2
-11
0
-11
-14
-17
-20
-32
-33
-37
-44
-34
-38
-41
-48
-42
-41
-40
-30
-38
-33
-20
-14
-8
-5
2
13
17
23
26
26
43
40
46
52
51
52
53
47
50
52
42
54
40
33
32
27
28
27
25
11
4
7
10
1
14
-1
-2
7
-4
4
10
10
8
3
9
6
17
11
13
25
11
11
12
15
20
17
15
5
9
14
4
11
15
6
-1
-2
-5
0
4
-3
-5
-4
-22
-13
-10
-14
-7
-23
-33
-28
-22
-24
-30
-35
-32
-37
-37
-43
-43
-33
-31
-40
-41
-39
-42
-27
-34
-23
-22
-24
-16
-13
-5
-13
-3
-5
4
8
4
9
20
17
20
9
8
15
8
16
10
10
10
8
-3
1
-6
-14
-15
-14
-18
-18
-13
-28
-17
-16
-29
-20
-26
-20
-18
-17
-11
-2
0
1
2
7
14
11
23
25
30
36
32
40
49
44
49
43
40
49
47
53
47
47
34
33
36
28
33
31
14
14
15
0
10
2
-5
-4
-13
-16
-18
-18
-20
-24
-21
-23
-35
-30
-26
-25
-24
-23
-34
-21
-20
-22
-14
-16
-6
-8
-5
-12
-5
2
-1
6
3
-2
2
5
6
3
7
-17
-7
-4
-12
-5
-16
-17
-15
-23
-28
-34
-28
-32
-33
-30
-43
-33
-33
-37
-29
-33
-30
-30
-32
-24
-22
-17
-17
-13
-16
-10
-11
-13
-6
-4
-8
-5
-6
-11
-8
-12
-5
-10
-8
-12
-17
-12
-20
-11
-20
-24
-18
-26
-15
-20
-12
-11
-21
-25
-23
-19
-5
-7
-11
-7
-8
-5
-2
4
0
3
-4
4
1
9
15
13
20
8
4
5
13
20
24
18
14
15
16
18
14
14
16
17
12
4
14
14
17
10
4
-5
-4
-7
5
11
3
-3
-12
-11
-6
2
-6
0
-6
-7
-4
1
12
13
14
9
12
13
17
30
28
36
33
19
28
27
40
39
32
26
20
24
23
20
17
16
4
8
-2
0
0
-8
-7
-17
-19
-24
-15
-18
-11
-19
-22
-19
-24
-19
-20
-11
-13
-8
-16
-11
-6
-5
0
-9
-7
-6
-9
-3
2
-1
2
-2
-4
-10
-6
-6
1
3
-2
-5
-8
-3
7
1
-4
-9
-4
0
0
-1
-6
6
-4
-6
-10
-9
-6
-8
-6
-17
-7
-19
-21
-15
-15
-15
-17
-21
-24
-20
-16
-16
-12
-8
-21
-8
-4
-3
11
0
2
9
9
18
19
22
28
31
27
20
25
27
34
33
25
21
20
29
22
22
13
4
12
6
7
1
8
7
4
3
-9
-4
-1
3
7
11
8
6
9
14
19
21
17
8
16
21
26
30
25
26
21
15
13
9
22
12
5
5
-4
1
-5
-2
-5
-8
-19
-26
-21
-18
-18
-21
-30
-22
-21
-28
-21
-21
-16
-22
-22
-28
-24
-15
-13
-7
-11
-12
-17
-8
-7
-7
-10
-12
-9
-4
-3
-1
10
2
5
-4
-10
1
5
10
6
4
8
9
16
10
5
9
4
2
5
4
9
10
4
6
0
-10
-10
0
-8
-6
-16
-17
-6
-3
-6
-12
-10
-9
-12
-5
-5
-3
4
2
8
15
13
21
13
25
22
19
24
25
35
28
40
29
38
34
16
26
24
20
19
14
14
25
15
3
6
-1
6
-4
-10
-4
-8
4
-1
-3
2
-4
-6
3
-7
6
4
-4
12
10
15
8
11
13
17
18
3
12
19
16
16
12
10
17
9
7
13
6
6
-5
3
2
5
0
-2
1
-4
-5
-8
-5
2
-8
-14
-1
-8
-2
1
-7
1
-8
-18
-4
-5
7
-2
-9
-5
-2
4
-5
-8
-2
-4
1
-3
-1
5
8
1
-3
3
-9
3
0
0
15
6
-6
1
4
10
1
-5
-5
-2
8
-1
3
5
3
1
-7
-3
3
2
0
1
2
2
7
9
12
9
8
0
8
13
12
13
13
21
7
22
16
12
29
6
12
14
9
15
15
19
11
14
7
-3
13
1
-1
9
-7
3
2
2
1
9
1
-11
-1
-9
2
2
1
1
5
14
-2
2
7
1
13
3
0
7
8
12
9
11
6
1
3
-1
2
-1
-4
-2
-7
-2
-13
-5
-7
-12
-12
-24
-21
-19
-19
-20
-14
-19
-16
-17
-17
-20
-17
-18
-14
-18
-12
-11
-5
3
-8
-3
-9
-5
-4
-4
0
-3
0
1
0
1
-5
3
-5
-9
-6
-14
-1
0
-8
-2
-10
-9
-11
-9
-4
-4
-2
-9
1
1
4
5
5
9
7
9
7
14
24
17
22
18
16
21
21
23
22
22
18
17
20
19
21
18
11
11
10
14
6
7
5
4
10
2
1
2
2
-2
2
-4
0
-3
-2
1
7
-4
2
-5
-4
5
-9
2
-4
0
7
2
3
-1
1
-3
5
-4
-3
1
0
9
-2
5
-1
2
0
-5
-2
-1
-9
-3
-5
-7
1
-12
-5
-11
-17
-13
-21
-16
-16
-19
-19
-22
-21
-22
-19
-21
-26
-23
-32
-29
-21
-26
-14
-19
-26
-16
-20
-19
-19
-20
-15
-13
-16
-16
-13
-7
2
-11
-9
-13
-20
-6
-14
-2
1
-11
-8
-7
-3
1
-9
-9
-2
-7
-6
-6
-2
13
0
0
-8
-5
4
-5
6
2
1
1
0
5
8
3
1
-3
0
2
2
6
3
7
7
2
-4
7
4
12
0
-4
7
6
15
4
5
16
6
6
11
3
16
10
11
11
10
9
9
23
14
12
7
6
12
14
15
15
14
10
10
14
13
4
13
9
10
5
4
6
11
11
0
6
-6
3
-4
7
0
-2
3
-4
1
-2
-5
-2
1
-2
5
-3
2
4
-1
21
0
4
5
-1
14
13
7
9
11
7
9
8
2
2
7
7
-6
-3
-10
-2
5
-5
-14
-13
-11
-16
-7
-17
-19
-11
-16
-12
-15
-14
-11
-7
-8
-11
-11
-10
-2
-3
5
3
-3
4
2
7
9
3
7
5
3
7
12
8
11
0
2
6
-5
7
1
4
0
-7
-4
1
0
-4
-5
-6
-7
-11
-6
-3
-1
0
-11
-12
0
-11
4
-1
-7
-1
-5
-2
0
6
5
8
0
1
8
12
8
9
10
14
17
5
16
24
19
16
13
11
19
14
13
20
15
15
11
10
10
12
4
6
-1
0
5
-3
5
-1
-5
0
-6
-12
1
-7
-7
-5
-6
0
-1
-1
-4
6
-1
-3
-2
4
10
-1
11
4
8
13
6
4
8
3
4
11
-3
3
2
3
6
-4
-4
-2
-6
-5
-7
-8
-8
-7
-8
-6
-9
-6
-8
-6
-12
-12
-4
-14
1
-12
-1
-2
-8
-4
-12
2
-8
-5
-2
-3
-1
-10
-1
3
5
-3
-11
-1
2
3
5
-1
3
6
3
5
7
4
13
9
0
8
9
15
14
6
11
12
12
6
11
16
14
4
8
9
11
20
4
8
8
4
7
12
5
4
12
6
8
6
2
10
6
7
5
1
11
4
12
18
2
4
4
4
19
9
7
9
3
20
11
12
10
2
11
14
3
7
13
14
11
10
-1
4
16
-3
6
0
-4
2
3
-1
-2
-4
-7
-6
-8
-7
-13
-11
-7
-14
-5
-9
-21
-8
-13
-7
-11
-18
-12
-7
-8
-4
-11
-4
-1
-6
1
-9
-4
1
1
6
-5
-1
4
7
5
-3
0
-1
3
-1
-1
-5
1
-1
3
2
-15
-9
-5
-1
-4
-8
-18
-8
-2
-6
-6
-7
-12
-11
-6
-12
-4
-6
-4
-6
-6
-6
-2
7
-3
-2
-1
-1
5
3
8
8
10
6
10
11
10
12
9
10
11
2
13
17
9
13
1
6
12
-1
3
2
-1
6
-3
-3
0
-6
1
-3
-9
-8
-15
-4
2
-5
-1
-11
-10
-1
-1
-1
-5
-7
-4
5
-1
1
6
6
3
-3
-4
6
6
1
2
-2
3
1
-3
1
1
-1
-8
-11
0
-7
0
-5
-19
-5
-2
-7
-6
-15
-9
-7
-5
-10
-12
-4
-10
0
-10
-6
-9
-10
-1
-9
-8
-6
-10
-1
-4
-8
-3
-5
-5
-5
-10
-5
0
-8
2
-5
-8
-2
1
1
-1
-6
-2
1
3
0
1
2
-2
-5
3
6
-1
1
-11
-3
6
-2
-2
0
-11
-3
1
-6
-2
-5
-8
-2
-1
-4
-3
-1
-7
-4
3
-5
-2
-6
-4
4
-7
-3
1
-5
2
-6
-5
-2
-4
-6
-11
2
-7
-6
-12
-10
-3
-14
-3
-8
-10
-9
-15
-5
-4
-7
-9
-8
-8
-7
-4
-9
0
-3
-6
-12
-5
-2
-2
7
-25
-4
-1
-9
-4
-13
-14
-2
-6
-20
-13
-11
-8
-13
-19
-17
-14
-14
-12
-10
-18
-12
-15
-15
-10
-10
-8
-11
-9
-7
-10
0
1
-9
3
-6
-5
6
0
-3
10
-2
1
3
-6
4
7
3
-2
-4
-5
6
5
-5
1
-1
-7
-2
-8
-1
3
-7
-5
-7
-9
0
5
-3
-5
-8
-8
0
4
-4
-2
-1
2
-1
0
8
-1
2
1
-3
9
8
3
2
6
9
8
6
-1
-2
17
12
2
1
-1
12
11
4
-1
2
1
-1
-1
0
5
-5
-5
-5
-2
1
-9
-6
-4
-10
-6
0
-10
-4
-2
-6
3
-2
-8
2
-4
-1
-2
-1
11
4
4
6
-1
12
7
1
7
1
5
4
8
8
9
6
0
3
-3
2
2
-6
0
-1
6
0
2
-4
-4
0
-2
-5
-4
-2
4
4
1
8
-5
10
6
4
2
4
4
9
21
7
11
13
7
14
15
8
15
12
7
13
16
13
11
9
14
11
10
0
4
19
9
11
7
2
6
12
3
11
8
-2
9
9
9
9
3
7
10
3
7
11
11
2
10
8
16
16
8
-3
8
12
11
16
12
9
7
16
5
11
12
4
9
8
2
10
8
9
7
3
9
0
-1
1
-1
9
3
2
1
-1
1
0
-2
4
3
-9
-2
2
1
8
1
-6
4
6
3
3
4
-2
7
5
5
11
0
5
7
7
5
8
3
6
5
-4
9
3
7
0
5
3
-3
2
-6
2
6
-6
0
1
-8
3
0
0
5
-12
-5
4
8
-2
-3
4
4
12
-2
2
0
7
6
11
15
-2
8
3
11
13
5
6
6
9
3
4
14
7
6
9
0
2
0
-1
8
6
-1
1
5
8
-5
-4
1
3
8
-5
-8
1
8
4
12
-3
-3
0
-5
14
1
-4
2
8
11
6
1
4
4
2
7
-1
7
8
2
6
8
6
6
4
3
0
-2
3
5
9
6
2
3
0
1
-4
2
3
-4
-1
6
-7
0
2
-5
6
2
-12
-6
2
-4
7
-1
-3
0
-10
-2
6
-2
-2
2
1
7
