-2
-2
0
-3
-3
-2
-3
1
1
-2
0
2
0
-7
-3
1
-2
-4
-3
-3
-4
3
-1
0
-2
-1
2
-1
-3
-5
-5
-5
0
-2
-2
2
3
0
2
1
-1
0
1
1
3
3
2
5
3
1
5
5
3
6
4
3
4
0
4
8
7
3
-1
-1
-1
-1
0
-3
-1
2
0
-2
0
0
-6
-4
-5
-7
-1
-1
3
1
-4
0
-1
-1
-2
-6
-6
-2
-1
2
-3
2
6
1
1
0
2
0
-2
-6
-3
0
-2
1
0
1
4
-1
2
0
0
-1
-3
0
1
0
2
-4
0
1
-1
-3
-4
-4
-1
3
0
2
3
5
0
0
3
-3
3
6
-2
2
-3
-2
0
-3
1
0
-2
3
2
2
4
5
4
1
3
6
1
3
7
3
-2
1
1
1
5
3
3
4
0
1
-1
-3
-1
-2
0
0
-1
-3
-1
-6
-4
-5
-6
1
-1
-3
-3
-6
-2
1
-1
0
-5
-4
-1
-1
-1
-3
0
-2
-2
-3
-3
0
0
0
-2
2
1
0
2
0
0
1
1
1
-4
-1
-1
-3
-1
-2
-2
-5
1
2
0
2
-2
1
0
-2
2
3
4
3
4
4
-1
1
1
-2
-1
0
2
2
-1
4
2
-1
2
-3
2
0
-3
2
3
-1
0
-3
-1
-2
-3
3
-1
3
2
3
3
-1
-7
0
3
-4
2
2
0
4
0
2
1
0
2
-3
1
2
1
2
6
3
-2
-1
-3
-1
0
1
-1
-1
2
-2
-4
-2
1
-4
-2
-1
0
-3
-3
2
-2
-1
2
0
1
3
4
2
3
-1
0
2
1
2
2
4
1
0
-2
2
7
5
0
6
3
-3
0
1
2
2
2
-1
-1
3
6
3
-2
-4
-1
-1
-3
-1
-3
-4
0
-4
-2
0
-1
3
1
0
3
-3
-1
2
4
0
0
1
1
-2
0
0
2
0
0
5
-2
2
4
4
1
-2
-1
-3
-3
-3
-2
-2
-3
0
2
1
1
3
-3
-3
-2
-3
-2
-9
-6
-3
-4
-1
-5
-6
-6
-7
-5
-2
-6
-9
-4
-6
-6
-5
-6
-4
-3
-1
-2
-2
0
1
-3
-2
0
3
0
-3
1
-1
1
3
4
2
1
2
0
7
3
4
3
2
2
8
7
1
5
7
7
4
8
6
5
1
0
3
2
8
3
3
3
-1
0
0
5
2
0
4
6
2
2
4
4
-5
-1
4
0
5
-3
1
1
2
0
-1
-2
-1
2
-5
-2
-4
-1
-4
-7
-2
1
-3
-2
4
1
0
0
-2
3
2
-1
1
-3
-1
3
0
-1
1
0
-1
1
-3
-5
-5
-2
-2
-1
-3
-5
-1
-4
-1
0
-2
-5
-2
-2
-5
-8
-6
-2
-7
0
-2
1
-4
-9
-3
-2
0
-1
-3
-2
-3
-4
1
-1
1
0
-3
-3
3
2
3
4
3
2
-2
2
-6
-5
-1
-2
-4
0
0
-2
-1
-2
1
-1
-5
-5
2
4
3
2
4
4
3
5
5
0
3
7
5
5
2
6
0
0
2
6
8
8
5
-1
3
-1
2
4
3
3
8
7
4
2
2
2
0
3
-1
3
0
-1
1
1
0
-2
-4
-3
2
1
-1
-1
1
1
1
3
5
1
-2
0
-2
-1
-1
0
-1
0
-1
-4
1
1
1
-2
-1
2
1
-2
0
4
-1
2
5
2
0
3
0
-2
-2
-5
-1
-2
1
2
1
2
1
-1
0
-5
-5
0
0
-8
-4
-2
-3
0
0
-1
-11
-3
-7
-7
-1
-1
0
-1
-1
2
3
-2
1
2
-3
1
-1
-1
-1
2
0
-1
-1
-4
2
-3
-3
-3
-4
-1
-1
5
3
6
5
8
9
4
10
3
0
1
1
4
2
7
3
3
4
1
2
3
1
3
0
-1
1
-4
0
-1
-1
-6
0
-2
-4
0
-1
-7
-3
4
-6
-7
-5
1
1
-2
-3
2
6
1
0
3
2
1
3
3
4
1
1
0
1
1
-1
2
-1
2
1
-4
-3
-4
-5
1
3
5
3
-1
-1
0
0
-9
-4
0
0
1
-5
-3
2
8
4
-5
-8
-2
5
8
6
10
11
2
-1
2
4
1
1
1
3
1
1
5
8
0
-4
4
3
-4
1
10
10
-2
-3
2
-4
-7
0
5
-1
-6
-2
-2
-2
-5
-10
-4
0
-2
-15
-20
6
18
-4
-18
1
11
-5
-10
-1
5
5
-8
-19
-8
6
8
7
3
-4
-1
3
-2
-7
1
9
4
0
-11
-1
10
4
-5
-10
-7
-1
17
14
-8
-9
13
20
-38
-75
-4
63
10
-50
-4
46
15
-40
-26
20
21
-9
-24
-7
21
15
2
-2
1
7
-3
-6
0
10
10
8
-1
-5
-6
8
18
7
-4
-10
-3
3
-1
-2
2
11
7
1
2
6
8
7
10
-5
-10
0
7
6
-8
-1
18
7
-18
1
17
-2
-3
14
5
-19
-5
16
3
-32
-21
20
21
-14
-21
20
29
5
-10
-5
4
6
0
-19
-23
-2
20
2
-15
4
20
8
-1
-5
-38
-30
30
13
-51
-26
36
16
-37
-12
27
13
-5
2
-13
-28
-1
12
-11
-12
23
25
-10
-18
-6
-3
15
0
-11
8
8
-6
-20
6
20
14
1
-2
3
2
12
-11
-15
25
23
-41
-56
-6
17
9
15
25
18
6
-16
-59
-41
-6
-6
-2
-1
-2
3
41
36
1
25
55
39
-6
-34
-7
23
-1
-29
-1
45
14
-19
6
13
4
10
-1
-6
6
2
-18
-50
-64
7
70
-23
-95
38
129
-6
-88
5
82
42
-95
-181
-124
-14
30
19
-10
95
335
185
-296
-248
176
118
-229
-176
92
132
2
-69
-6
148
196
26
-127
-131
24
81
-89
-121
86
129
-54
-94
-46
75
158
-130
-208
270
202
-360
-160
297
71
-219
-79
119
71
-4
-9
-92
-56
170
120
-189
-132
234
95
-282
-88
166
31
-6
133
36
-99
-2
30
-84
-68
-13
40
120
-87
-173
147
150
-97
-19
125
31
-141
-99
86
77
-85
20
140
-12
-111
-24
69
71
-25
-137
1
245
9
-355
-87
378
132
-409
-143
337
133
-242
-146
47
64
219
41
-442
-116
550
154
-565
-239
505
420
-372
-476
303
326
-209
-234
-74
145
311
-103
-403
165
483
-86
-397
85
284
-173
-281
73
142
-15
16
29
-99
148
148
-337
-111
353
-2
-299
84
206
-93
-104
17
-11
83
96
-128
-134
99
95
20
-173
-92
284
71
-295
-111
180
121
25
-143
-110
271
99
-285
-53
54
-45
99
66
-204
-14
256
103
-114
-126
21
140
129
-275
-208
264
120
-136
-99
68
306
26
-314
63
203
-268
-50
275
-136
-79
99
-213
73
313
-237
-84
169
-120
178
47
-504
124
588
-154
-669
113
691
-192
-582
211
387
-208
-200
267
220
-411
-163
501
-83
-439
150
174
-16
146
-60
-417
173
631
-307
-666
325
652
-311
-635
212
601
-131
-415
224
160
-267
92
-6
-303
306
280
-575
-56
645
-132
-454
64
401
51
-472
-139
556
32
-590
120
417
-228
-49
218
-331
1
523
-310
-562
535
569
-492
-476
435
371
-280
-317
-85
275
367
-350
-307
317
65
24
8
-354
80
462
-84
-307
-249
239
452
-223
-432
114
252
4
-51
-213
-15
235
42
-146
-53
14
69
163
-146
-278
226
261
-189
-165
290
-16
-398
205
487
-325
-487
309
478
-105
-519
-33
496
112
-451
67
395
-316
-100
452
-386
-465
644
314
-477
-219
109
257
136
-316
-178
284
178
-65
-288
13
109
-85
310
-116
-419
393
269
-436
-164
129
233
43
-240
161
-3
-211
188
101
-129
-136
34
352
-45
-426
9
180
195
-71
-283
145
162
108
-166
-585
340
757
-361
-570
169
469
64
-569
-209
601
336
-513
-388
384
505
-439
-644
454
592
-417
-369
517
3
-480
59
213
-53
-27
139
-160
-217
177
-26
-61
242
95
-135
-25
-6
-85
38
56
-43
-159
220
209
-362
-251
339
405
-340
-315
529
94
-534
-48
382
-20
-334
48
188
18
-237
-10
390
4
-548
1
491
38
-89
-298
-114
503
42
-525
96
678
-58
-759
64
533
-4
-326
-23
227
40
-144
-68
87
58
-28
-142
-13
288
-3
-344
-70
211
142
-276
18
327
-125
-333
159
284
-120
-107
-48
100
49
-206
121
168
-141
-4
-83
16
234
29
-149
39
85
-28
-154
89
148
-198
8
61
-92
-77
32
45
-91
-44
150
9
-219
-68
162
68
-40
-167
181
204
-392
-146
370
201
-231
-73
320
-36
-435
288
477
-421
-281
499
151
-290
-120
247
416
-327
-448
426
461
-365
-329
290
202
-161
-197
129
82
-44
-117
-86
40
6
122
-231
-212
204
266
-178
-309
288
47
1
-124
-148
195
36
-111
-143
117
168
-33
-102
-75
92
169
-55
-295
139
229
-415
-197
390
170
-377
-452
389
471
-522
-421
512
354
-392
-486
192
564
-225
-242
83
167
147
-301
28
280
-56
-34
90
-4
-159
237
49
-134
-2
192
252
-392
-58
186
95
-25
-170
-16
340
-12
-652
54
393
83
-224
-425
486
266
-599
-151
338
204
-81
-200
40
273
-163
-89
-57
198
347
-325
-47
128
-67
136
-30
-52
234
5
-148
-115
84
190
-156
-166
60
65
-37
-9
-100
-30
-193
-96
208
-131
-191
170
-60
-227
-10
-114
65
341
-109
-177
-66
188
292
-268
-127
409
211
-305
-131
249
126
-273
152
337
-314
-90
215
-211
-211
113
217
-121
-194
112
-5
-147
-149
59
230
-38
-331
17
166
-136
-128
-50
138
220
-31
-144
-7
28
12
78
-24
67
166
41
-152
-226
285
427
-195
-154
363
83
-237
53
261
107
-53
228
291
-102
5
267
53
-18
104
291
83
-20
135
-128
-41
16
32
-130
-165
55
-31
-277
-171
47
-171
-205
21
-17
-46
92
-150
-254
289
260
-260
-73
302
137
-333
-154
266
-42
-433
-259
-97
-240
-480
-304
-187
-474
-477
-283
-292
-342
-313
-295
-285
-357
-213
-85
-96
-3
-22
33
116
51
-13
131
217
142
160
222
235
50
22
243
111
-76
232
247
34
59
102
461
468
186
421
748
791
573
573
891
999
978
819
928
1417
1330
758
786
1245
1206
851
832
1159
1087
787
551
325
-34
-337
-711
-926
-788
-927
-1454
-1784
-1884
-2032
-2129
-2202
-2065
-1999
-2140
-2214
-2095
-1914
-1687
-1537
-1447
-1231
-925
-703
-599
-387
89
355
386
640
908
943
913
1057
1193
1154
1039
942
797
797
665
435
282
143
35
-239
-352
-342
-463
-576
-657
-714
-666
-704
-752
-693
-681
-610
-480
-442
-237
108
315
508
815
1099
1279
1555
1932
2235
2308
2511
2775
2719
2611
2837
2977
2696
2579
2695
2579
2276
2180
2330
2138
1800
1172
-89
-735
-1054
-1764
-2124
-1869
-2085
-3303
-4243
-4192
-4153
-4326
-3969
-3505
-3683
-3804
-3631
-3404
-2717
-1948
-1583
-1208
-469
20
57
326
1069
1659
1865
2056
2252
2319
2177
2051
2122
2033
1828
1608
1325
1006
758
377
-138
-669
-1094
-1277
-1741
-2104
-2014
-2484
-3005
-2916
-2697
-2555
-2511
-2220
-1809
-1561
-1170
-685
-263
314
964
1332
1683
2059
2251
2472
2690
2919
3046
3045
2913
2667
2593
2650
2542
2331
2245
1940
1551
1394
1269
1090
833
748
676
598
767
1026
1144
1228
1588
1629
1105
-64
-718
-508
-904
-1296
-869
-888
-2066
-3136
-3235
-3223
-3231
-2960
-2676
-2857
-3068
-3041
-3036
-2567
-1889
-1534
-1379
-916
-504
-523
-379
130
592
759
989
1216
1094
1068
1110
1025
850
714
721
693
546
260
-15
-352
-892
-1151
-1070
-1217
-1647
-1682
-1698
-2114
-2210
-1888
-1550
-1377
-1075
-747
-628
-381
-22
297
756
1402
1815
1872
2008
2125
2206
2333
2437
2577
2609
2482
2305
2330
2308
2110
2085
2146
2000
1847
1889
1842
1747
1891
2101
2219
2467
2831
3000
3003
2547
956
-385
-649
-1141
-1827
-1567
-1432
-2877
-4556
-5069
-5039
-5073
-4693
-4009
-4021
-4301
-4222
-4044
-3443
-2420
-1641
-1106
-256
263
221
442
1165
1737
1994
2336
2488
2216
1919
1733
1561
1430
1099
675
411
163
-347
-736
-977
-1587
-2034
-1976
-2146
-2526
-2540
-2602
-2871
-2676
-2137
-1889
-1678
-1197
-755
-365
259
857
1068
1315
1953
2418
2737
3085
3229
3026
2791
2707
2606
2617
2467
2191
1928
1711
1432
1176
1129
1058
943
936
1102
1032
942
1114
1400
1927
2709
3366
3592
3744
2818
758
17
-35
-853
-999
-215
-798
-2989
-4496
-4803
-5040
-5148
-4327
-3714
-4095
-4469
-4696
-4552
-3643
-2611
-2038
-1216
-195
0
-71
377
1096
1639
2084
2571
2715
2514
2166
1841
1587
1386
1030
712
670
157
-534
-832
-1409
-2387
-2581
-2206
-2584
-2989
-2705
-2891
-3404
-2937
-2119
-1764
-1367
-787
-306
173
812
1280
1547
2080
2687
3023
3253
3449
3345
2957
2699
2517
2426
2233
1755
1458
1262
796
309
285
422
315
477
895
1092
1147
1274
1453
1952
2972
3959
4522
5157
5356
3317
951
813
358
-993
-463
412
-1366
-4005
-5227
-5842
-6271
-5798
-4719
-4468
-4911
-5204
-5478
-4971
-3540
-2438
-1577
-233
723
709
841
1506
2237
2808
3210
3452
3306
2866
2335
1777
1339
938
285
-456
-771
-1185
-2071
-2542
-2822
-3610
-4003
-3639
-3466
-3490
-3244
-2977
-2763
-2327
-1546
-580
145
649
1327
2052
2359
2440
2837
3375
3546
3641
3765
3477
2850
2329
1938
1466
1156
899
327
-84
-163
-548
-1026
-813
-334
-219
6
604
1148
1325
1671
2448
3103
3879
4964
5700
6257
6773
5343
2479
1485
1044
-597
-849
293
-747
-3801
-5816
-6596
-7162
-7120
-6077
-5260
-5426
-5703
-5902
-5460
-4067
-2842
-1836
-254
1122
1318
1453
2049
2588
3080
3562
3835
3710
3322
2688
2020
1478
787
-24
-742
-1077
-1423
-2168
-2692
-3069
-3974
-4566
-4163
-3828
-3566
-3025
-2701
-2478
-2050
-1392
-409
703
1498
2104
2680
2965
2839
2765
3189
3624
3637
3504
3195
2378
1499
1020
602
245
143
-141
-668
-966
-1157
-1443
-1345
-677
-47
343
855
1495
1967
2319
3048
3855
4562
5601
6695
7414
7951
6955
3710
1732
1206
-446
-1240
-90
-634
-3978
-6646
-7738
-8592
-8848
-7730
-6348
-6134
-6415
-6554
-6178
-4838
-3190
-1772
130
2117
2692
2651
3151
3738
4309
4877
5159
4997
4505
3555
2478
1654
650
-510
-1262
-1598
-2245
-3349
-4084
-4692
-5801
-6172
-5240
-4598
-4499
-3676
-3007
-2955
-2188
-651
620
1628
2669
3441
3862
4102
4133
4010
4069
4258
4243
3871
3211
2230
1093
183
-416
-729
-937
-1350
-1867
-2179
-2349
-2546
-2386
-1538
-620
-70
663
1601
2204
2708
3589
4513
5202
6220
7437
7993
8224
8727
7051
3182
1538
1031
-1256
-2274
-1180
-2441
-6120
-8421
-9278
-10070
-9970
-8412
-6998
-6565
-6365
-6256
-5454
-3463
-1535
90
2317
4224
4529
4434
4876
5303
5582
5828
5677
4991
4037
2654
1133
-10
-1237
-2584
-3325
-3561
-4178
-5200
-5995
-6403
-6747
-6551
-5268
-4057
-3406
-2543
-1654
-965
131
1472
2796
4016
4637
4822
5024
4920
4267
3791
3710
3451
2976
2303
1175
-212
-1252
-1889
-2326
-2448
-2409
-2568
-2913
-2849
-2523
-2312
-1819
-697
610
1475
2304
3271
3854
4234
5110
6212
6836
7457
8370
8660
8487
8652
7206
3228
715
-105
-2422
-4028
-3250
-4036
-7536
-10086
-10866
-11268
-11005
-9485
-7572
-6521
-6136
-5627
-4349
-2172
-6
1739
3830
5837
6370
6186
6416
6585
6466
6327
5738
4618
3424
1829
-7
-1412
-2790
-4351
-5260
-5465
-6005
-6749
-6849
-6915
-7198
-6496
-4852
-3626
-2618
-922
347
795
1923
3438
4284
5078
5843
5776
5518
5246
4329
3306
2795
2409
1695
777
-205
-1386
-2565
-3250
-3529
-3487
-3192
-3058
-3039
-2671
-2196
-1915
-1211
133
1514
2600
3513
4313
4817
5271
5997
6789
7249
7672
8291
8420
8095
8131
7261
3317
-387
-1316
-3083
-5560
-5354
-4970
-7814
-10919
-11724
-11674
-11388
-9963
-7641
-5901
-4913
-4073
-2954
-849
1603
3341
5044
7119
7978
7463
7201
7085
6608
6011
5037
3506
2128
522
-1672
-3292
-4516
-6049
-7105
-7137
-7093
-7359
-7299
-6799
-6261
-5624
-3986
-1913
-484
1008
2509
3221
3834
4761
5389
5966
6277
5800
5203
4465
3053
1546
723
180
-530
-1293
-2220
-3327
-4234
-4552
-4505
-4083
-3251
-2593
-2247
-1759
-1033
-417
445
1811
3266
4406
5087
5528
5882
6253
6586
6948
7263
7307
7434
7506
7153
6839
6426
3367
-1176
-2794
-3898
-6651
-7249
-5947
-7368
-10623
-11821
-11429
-10917
-9770
-7326
-4780
-3252
-2324
-1420
481
2964
4554
5843
7777
8893
8132
7271
6943
6144
4945
3718
2191
595
-1031
-3158
-4905
-5992
-7231
-8263
-8273
-7691
-7391
-7052
-6097
-5001
-4215
-2849
-590
1213
2554
4034
4822
5039
5475
5692
5727
5836
5289
4312
3378
1986
246
-1004
-1590
-2013
-2559
-3222
-3851
-4331
-4470
-4267
-3645
-2575
-1610
-936
-301
445
1160
1843
2753
4105
5248
5591
5871
6304
6396
6351
6493
6422
6237
6410
6410
5987
5823
5327
1872
-2655
-4049
-5208
-7861
-7867
-6145
-7678
-10694
-11387
-10905
-10279
-8599
-5885
-3349
-1634
-747
-22
1916
4260
5487
6600
8361
9033
7898
6778
6075
4900
3515
2231
616
-1146
-2716
-4693
-6357
-7179
-8071
-8720
-8293
-7439
-6796
-5795
-4498
-3361
-2152
-515
1389
3061
4493
5496
5771
5789
5716
5334
5073
4797
3775
2634
1658
47
-1830
-2905
-3316
-3564
-3647
-3792
-4094
-4276
-4087
-3631
-2712
-1312
-182
593
1323
1957
2467
3104
3847
4783
5703
5883
5825
6035
5859
5458
5428
5403
5048
4825
4835
4535
3993
3816
2601
-1336
-4372
-4951
-6719
-8429
-7136
-6198
-8164
-9804
-9591
-8901
-7870
-5897
-3193
-926
227
774
1860
3785
5230
5928
6970
7984
7515
6154
5168
4025
2523
1209
-307
-2005
-3184
-4555
-6257
-7064
-7349
-7933
-7845
-6729
-5687
-4868
-3549
-1980
-940
101
1942
3544
4300
5146
5683
5262
4815
4458
3791
3262
2585
1372
181
-962
-2419
-3640
-3928
-3697
-3559
-3484
-3313
-3146
-2842
-2180
-1224
-31
1170
2090
2562
2910
3397
3731
3931
4509
5290
5436
5283
5235
4905
4464
4154
3985
3878
4005
4108
3871
3619
3519
2001
-1996
-4533
-4923
-6763
-7952
-6232
-5592
-7805
-9272
-9023
-8358
-7062
-4857
-2215
-149
788
1051
2032
3976
5224
5761
6829
7720
6962
5407
4275
2945
1413
177
-1091
-2535
-3739
-5132
-6728
-7413
-7535
-7764
-7327
-5964
-4763
-3876
-2575
-1146
-59
1090
2757
4191
4920
5632
5843
5154
4515
3937
3069
2446
1799
617
-523
-1617
-3081
-4161
-4230
-3876
-3443
-2933
-2633
-2517
-2193
-1586
-654
732
1983
2667
3062
3454
3639
3697
3994
4517
5045
5193
5061
4911
4521
3820
3378
3285
3074
3049
3385
3381
2994
2951
1982
-1795
-4736
-4887
-6215
-7715
-6115
-4807
-6767
-8597
-8420
-7636
-6418
-4365
-1725
393
1268
1314
1977
3804
4975
5269
6166
7061
6442
4834
3465
2138
698
-544
-1720
-2977
-3963
-5134
-6706
-7368
-7227
-7263
-6763
-5311
-3989
-3075
-1970
-748
409
1573
2937
4251
4977
5370
5294
4578
3956
3332
2453
1904
1329
56
-1090
-1945
-3222
-4168
-4092
-3609
-3068
-2409
-1982
-1865
-1464
-726
58
1278
2628
3319
3430
3566
3723
3641
3700
4054
4590
4796
4410
3977
3624
3052
2560
2624
2662
2626
3042
3260
3073
3187
2482
-976
-3946
-4289
-5480
-6846
-5522
-4276
-5967
-7965
-8183
-7483
-6315
-4476
-2076
2
950
893
1394
3141
4271
4633
5656
6600
6068
4549
3175
1851
518
-584
-1655
-2775
-3633
-4765
-6343
-7014
-6933
-6961
-6406
-4888
-3581
-2819
-1758
-765
87
1402
2950
4071
4766
5301
4927
3949
3548
3089
2074
1542
1227
-17
-1298
-2017
-2997
-3953
-3949
-3193
-2549
-2005
-1369
-1123
-995
-318
684
1811
3009
3718
3785
3771
3785
3611
3525
3872
4333
4432
4165
3824
3539
3011
2514
2513
2808
3178
3470
3596
3768
3057
-443
-4024
-4732
-5651
-7180
-5981
-4203
-5728
-8289
-8871
-8125
-6964
-5073
-2321
171
1254
1113
1338
3098
4594
4755
5655
7257
6960
5125
3779
2364
551
-650
-1546
-2658
-3591
-4791
-6524
-7461
-7496
-7610
-7187
-5705
-3977
-2883
-2060
-897
32
828
2332
4039
4981
5528
5600
4699
3796
3236
2427
1756
1315
342
-869
-1681
-2691
-3804
-4093
-3669
-2977
-2108
-1271
-800
-712
-539
153
1245
2556
3576
3810
3864
3853
3431
3137
3497
4008
4177
4260
4046
3694
3363
2677
2326
2628
2821
2934
3365
3559
3467
1590
-2647
-4852
-5127
-6668
-6942
-4678
-4242
-6923
-8780
-8385
-7276
-5874
-3389
-410
1270
1444
1300
2318
4035
4718
5064
6281
7073
5810
3895
2660
1054
-720
-1703
-2467
-3550
-4633
-5994
-7254
-7564
-7575
-7442
-6356
-4563
-3067
-1902
-688
238
851
1924
3668
5092
5793
6173
5594
4284
3374
2699
2007
1529
851
-414
-1588
-2574
-3690
-4336
-4176
-3521
-2641
-1703
-1036
-779
-585
-239
683
2114
3357
4010
4214
4190
3832
3403
3369
3984
4595
4608
4438
4212
3512
2418
1860
1901
2023
2428
3042
3359
3355
2054
-1862
-5003
-5408
-6313
-6909
-4770
-3372
-5678
-8315
-8504
-7587
-6177
-3687
-676
1356
1677
1139
1640
3432
4289
4487
5804
6807
5803
3972
2545
976
-728
-1789
-2385
-3166
-4272
-5577
-6857
-7477
-7440
-7282
-6564
-4891
-3159
-1895
-610
479
1060
1788
3075
4439
5594
6164
5658
4660
3681
2530
1687
1482
913
-311
-1263
-2077
-3258
-4192
-4255
-3708
-2982
-1859
-757
-359
-224
116
701
1777
3212
4184
4630
4753
4350
3771
3648
4133
4508
4561
4644
4175
3230
2440
1638
1325
1925
2591
3059
3704
3595
585
-3821
-5625
-6186
-7433
-6348
-3395
-3616
-6764
-8668
-8517
-7491
-5602
-2377
945
2258
1652
1188
2330
3860
4314
5021
6640
6953
5151
3377
2076
225
-1387
-2146
-2777
-3456
-4468
-6330
-7636
-7721
-7905
-7790
-6142
-4150
-2902
-1531
-104
697
1155
2142
3661
4949
5903
6332
5710
4530
3515
2546
2015
1754
762
-482
-1317
-2413
-3678
-4150
-3927
-3629
-2893
-1726
-905
-438
-183
37
718
1888
2989
3865
4539
4583
4142
3753
3817
4363
4775
4944
5057
4722
3688
2693
2102
2106
2722
3232
3538
3880
2107
-2576
-5608
-6322
-7882
-8242
-5444
-3825
-5944
-8285
-8613
-8149
-7033
-4181
-365
2216
2601
2040
2547
3973
4582
5054
6487
7245
6127
4312
2718
960
-848
-2219
-3228
-3975
-4753
-6182
-7696
-8159
-8179
-8147
-7162
-5166
-3398
-2119
-546
920
1707
2541
3919
5052
5854
6604
6474
5485
4553
3469
2404
1795
897
-319
-1244
-2244
-3607
-4485
-4514
-4267
-3689
-2652
-1734
-1217
-688
-85
509
1547
2831
3669
4277
4865
4949
4455
4321
4778
4970
5012
5092
4877
4233
3189
2050
1599
1830
2074
2505
2899
2999
768
-3775
-5820
-6262
-8142
-7965
-4693
-3717
-6203
-7861
-7575
-7014
-5950
-3128
436
2453
2521
2099
2962
4277
4244
4490
6017
6549
5016
3206
1958
146
-1824
-2881
-3667
-4426
-5090
-6321
-7393
-7527
-7580
-7409
-6073
-4263
-2717
-1118
491
1711
2366
2974
4014
5037
5778
6291
6072
5067
3744
2409
1692
1164
133
-710
-1304
-2464
-3963
-4694
-4548
-4114
-3258
-2045
-1215
-841
-332
236
1004
2173
3240
4054
4690
5016
4819
4436
4597
4931
4803
4816
4867
4366
3776
3114
2256
2123
2359
2388
2767
3511
2081
-2586
-5349
-5862
-8096
-8879
-5778
-4070
-6222
-8032
-7775
-7172
-6353
-3960
-407
1913
2340
2313
3298
4807
4941
4686
5811
6668
5651
4016
2806
1023
-1272
-2817
-3743
-4497
-5186
-6426
-7571
-7703
-7948
-8350
-7305
-5128
-3504
-1991
108
1723
2223
2544
3747
5084
5839
6533
6772
5945
4377
2725
1955
1691
660
-508
-1036
-1971
-3632
-4698
-4768
-4647
-4097
-2793
-1650
-1036
-444
-198
145
1400
2647
3444
4262
5065
5110
4588
4708
5410
5602
5422
5479
5130
4195
3387
2920
2867
2986
2917
2720
2958
1823
-2737
-5868
-6176
-8145
-9384
-6703
-4752
-6734
-8593
-8000
-7014
-6043
-3524
-47
2172
2700
2565
3520
5374
5784
5376
6023
6528
5310
3581
2497
970
-1360
-3178
-4275
-5211
-5931
-7087
-8199
-8122
-7953
-7899
-6841
-4979
-3316
-1947
-53
2075
3108
3520
4614
5572
5866
6398
6662
6014
4834
3295
1963
1216
284
-926
-1600
-2209
-3477
-4694
-4858
-4632
-4351
-3277
-1915
-1039
-373
207
578
1379
2561
3537
4272
5003
5355
4941
4825
5443
5504
5222
5074
4618
4107
3353
2617
2550
2434
1924
1719
2051
2270
-434
-4424
-5366
-6782
-9497
-8156
-4604
-4659
-7040
-7511
-6601
-6137
-4792
-1344
1905
2845
2495
2782
4315
5239
4733
4931
5934
5436
3491
2192
1331
-517
-2646
-3916
-4733
-5451
-6294
-7399
-7707
-7382
-7289
-6862
-5367
-3471
-2212
-832
1241
2955
3420
3695
4785
5518
5651
6057
6044
5014
3374
1936
1230
411
-805
-1323
-1495
-2667
-4077
-4497
-4330
-4067
-3297
-2109
-1095
-377
122
502
1164
2182
2945
3624
4594
5118
4804
4637
5078
5281
5292
5343
5107
4593
3752
2955
2845
3183
3228
3040
3151
1564
-2879
-5622
-6211
-8287
-9064
-6351
-4981
-6907
-8276
-7724
-7048
-6053
-3141
537
2719
3067
2959
3960
5307
5345
5527
6618
6572
5060
3515
2063
19
-1971
-3333
-4561
-5553
-6156
-7304
-8575
-8578
-8288
-8290
-6877
-4495
-2930
-1493
516
2096
2871
3765
5172
6027
6169
6641
6739
5652
4356
3233
2099
1145
40
-1051
-1592
-2343
-3514
-4332
-4503
-4431
-4175
-3157
-2013
-1309
-650
-115
374
1331
2518
3296
3873
4490
4813
4849
5190
5858
5784
5562
5602
4889
4232
3729
3192
3188
3327
3070
3003
2444
-1267
-5099
-5929
-7586
-9630
-8015
-5432
-6329
-8423
-8268
-7220
-6560
-4707
-947
2318
3295
3169
3880
5416
5768
5374
6422
7289
5907
3951
2708
1010
-1335
-3058
-4188
-5380
-6247
-7045
-8086
-8489
-8442
-8475
-7747
-5708
-3687
-2207
-213
1854
2865
3447
4746
5970
6218
6637
7140
6403
5078
3873
2648
1492
290
-915
-1521
-1952
-3077
-4145
-4526
-4671
-4428
-3552
-2388
-1306
-572
-124
219
994
2300
3218
3851
4525
4811
4849
4973
5368
5842
5732
5321
5023
4581
3949
3334
3300
3703
3437
3327
2415
-2194
-5739
-6188
-8262
-9696
-7216
-5372
-7251
-9023
-8263
-7127
-6541
-4208
-87
2712
3377
3581
4629
5997
5953
5637
6805
7600
6181
3959
2527
560
-2092
-3709
-4631
-5571
-6419
-7671
-8898
-9047
-8953
-8966
-7772
-5626
-3682
-1954
-221
1589
2823
3404
4814
6504
7112
7348
7217
6214
5032
3829
2797
2072
664
-1010
-1805
-2491
-3519
-4183
-4264
-4201
-4116
-3480
-2496
-1513
-678
-326
182
1149
2004
2965
3821
4313
4726
4814
5128
5717
5758
5744
5503
5112
4955
4284
3794
3901
3569
3076
3505
1340
-3822
-6022
-7039
-9564
-9447
-6539
-5967
-8127
-9004
-8186
-7129
-5513
-2515
1106
3374
3882
4218
5769
6958
6471
6524
7520
7164
5434
3912
2070
-629
-2865
-4335
-5617
-6346
-6924
-8294
-9386
-9490
-9616
-9270
-7371
-5026
-3091
-1126
818
2144
2860
4045
5638
6741
7592
8093
7406
5992
4839
3781
2865
2013
535
-998
-2031
-3075
-4028
-4317
-4226
-4326
-3988
-3157
-2389
-1556
-983
-595
-32
912
2208
3224
3789
4354
4698
4744
5104
5836
6240
5715
5249
5407
4948
4208
4325
4356
3508
3483
2464
-2311
-5544
-6522
-9546
-10724
-7668
-6036
-8108
-9336
-8500
-8091
-7166
-3843
390
2917
3807
4343
5709
7244
6891
6690
8087
8240
6452
4863
3409
608
-2507
-4256
-5352
-6458
-7144
-8096
-9214
-9594
-10022
-10108
-8481
-6062
-3917
-1653
761
2391
2923
3589
4983
6294
7462
8476
8343
7122
5540
3748
2680
2332
1215
-277
-1202
-2348
-4043
-4963
-4493
-4086
-4051
-3237
-2085
-1361
-904
-604
-163
626
1655
2779
3824
4659
4714
4514
5023
5546
5715
5868
5586
4947
4659
4536
4208
4170
3894
3411
2177
-1953
-5203
-6238
-9039
-10858
-8665
-6736
-8026
-9259
-8453
-7659
-7163
-4695
-460
2590
3752
4604
6061
7514
7375
7000
8010
8165
6753
5405
3906
1302
-1617
-3906
-5790
-7103
-7511
-8150
-9203
-9440
-9615
-10183
-9266
-6875
-4586
-2245
383
2454
3227
3696
4896
5961
6849
8068
8421
7410
6134
4514
2853
1940
1014
8
-762
-1712
-3014
-4250
-4595
-4312
-3876
-3066
-2007
-941
-315
-209
-81
345
1083
2090
3128
4158
4764
4654
4630
4916
5182
5374
5374
5247
4795
4243
4062
3978
3585
3348
2772
-1210
-5348
-6086
-8138
-10795
-9359
-6894
-7984
-9702
-8789
-7416
-6828
-5112
-1305
2075
3415
4290
5848
7618
7862
7219
7990
8627
7197
5362
4269
2257
-721
-2949
-4721
-6524
-7590
-8456
-9418
-9664
-9832
-9981
-9395
-7632
-5000
-2834
-698
1757
3138
3591
4749
6440
7350
7762
8088
7763
6602
4966
3597
2556
1165
-253
-916
-1550
-2933
-3987
-4255
-4396
-4207
-3338
-2244
-1121
-315
-32
325
794
1352
2162
3130
4106
4947
5236
5021
5171
5447
5238
5170
5578
5786
5262
4747
4309
4040
2575
-1901
-4912
-5835
-8788
-10858
-8755
-7132
-9487
-11274
-10001
-8698
-7971
-5076
-615
1882
2455
3350
5522
7766
8210
8283
9457
9672
7880
6109
5076
2905
-281
-2464
-3933
-5811
-7463
-8713
-10100
-10687
-10704
-10982
-9914
-7668
-6070
-4275
-1380
1091
2018
3110
5171
6395
7087
8515
9053
7927
6747
5536
4364
3502
2035
690
-67
-1364
-3105
-3963
-3940
-4156
-4188
-3392
-2452
-1750
-1007
-342
160
778
1456
2078
2773
3594
4130
4345
4762
5284
5494
5389
5171
4948
4660
4341
4161
4438
4274
3717
2348
-1956
-5431
-6498
-9070
-10685
-8470
-6874
-8635
-10128
-9461
-8703
-7925
-5019
-614
2227
3113
3729
5227
7028
7402
7614
8952
9318
7724
5905
4556
2355
-567
-2718
-4123
-5525
-6717
-7851
-9210
-10052
-10555
-10750
-9517
-7309
-5188
-3175
-1092
836
1934
2826
4516
6155
7249
8300
8657
7778
6624
5392
4059
3001
1875
725
-140
-1201
-2653
-3676
-4031
-4248
-4139
-3300
-2287
-1388
-548
-59
269
786
1527
2395
3266
4306
4945
4806
4931
5366
5314
5069
5234
5100
4853
4760
4493
4453
4448
2681
-2126
-5549
-6659
-9459
-10941
-8301
-6916
-9528
-11122
-9971
-9110
-8298
-5198
-734
1853
2392
3444
5536
7278
7573
7886
9212
9471
8074
6658
5533
3052
-192
-2281
-3708
-5227
-6236
-7364
-8932
-9613
-10268
-11084
-10132
-7883
-5940
-3924
-1278
654
1250
2024
3750
5370
6391
7688
8464
7726
6581
5633
4599
3467
2304
1247
444
-603
-1940
-2851
-3337
-3696
-3651
-2943
-1990
-1277
-724
-354
-79
598
1312
1832
2801
3861
4037
4084
4716
5160
5463
5858
5805
5652
5702
5368
5132
5554
5547
2254
-2792
-4995
-7147
-10794
-10908
-7977
-8202
-11139
-11591
-10363
-10179
-9097
-5043
-635
1501
2526
4007
6180
7383
7281
8388
10057
9790
8199
6924
5473
2631
-515
-2636
-4342
-5897
-6984
-8087
-9154
-9684
-10623
-11334
-9843
-7352
-5458
-3242
-331
1459
1607
2578
4854
6120
6545
7673
8184
7006
5803
5210
4463
2956
1316
680
87
-1149
-2115
-2352
-2661
-3302
-3023
-1986
-1241
-715
-162
215
441
869
1342
1951
2972
3956
4374
4546
4999
5146
4890
4996
5258
5682
5817
5478
5227
5422
4149
-814
-4459
-5510
-8779
-11379
-9357
-7446
-9832
-12149
-11268
-10124
-9740
-7258
-2466
842
1945
2898
4832
7010
7403
7572
9258
10142
8943
7423
6216
4005
895
-1788
-3620
-5103
-6242
-7427
-8823
-9591
-10158
-10910
-10307
-7907
-5615
-3752
-1409
648
1679
2534
4190
5989
7000
7716
7941
7207
6126
4973
4082
3400
2214
958
138
-944
-2360
-3140
-3072
-3060
-3034
-2254
-1236
-607
-219
384
814
914
1522
2173
2621
3460
3973
3743
3847
4501
4776
4865
5193
5386
5257
4903
4856
5017
5101
2738
-2235
-4691
-6238
-9900
-10971
-8276
-8000
-10958
-11806
-10333
-9768
-9249
-5749
-1275
957
2093
3637
5843
7407
7491
8179
9721
9842
8355
6954
5760
3433
292
-2150
-4074
-5885
-7056
-8185
-9105
-9415
-10299
-11092
-9875
-7426
-5269
-2881
-92
1795
2257
3077
5090
6375
6797
7721
7977
6930
5869
4972
3865
2412
902
-52
-636
-1565
-2618
-3041
-3029
-3397
-3316
-2085
-1013
-298
666
1419
1565
1671
1998
2345
3057
3977
4502
4634
4754
4941
4792
4392
4305
4587
4435
4195
4680
5090
4611
1228
-3401
-5477
-7631
-10513
-9962
-7200
-7799
-10774
-11321
-10087
-9766
-8661
-4369
-7
1627
2288
3812
5855
6626
6722
8088
9520
9223
7821
6512
4916
2078
-1055
-3131
-4651
-5920
-6930
-8009
-8914
-9688
-10827
-11103
-9234
-6572
-4186
-1718
758
2169
2351
3467
5689
6797
7326
8289
8064
6597
5356
4393
3463
2069
525
-355
-1204
-2377
-3178
-3189
-3232
-3529
-2953
-1744
-767
129
1209
1868
2102
2439
2773
3384
4297
4929
5205
5410
5659
5576
4945
4437
4523
4485
4203
4495
5053
4362
103
-4486
-5819
-8265
-11329
-9799
-7030
-8620
-11370
-10989
-9800
-9737
-8194
-3911
-5
1621
2689
4577
6687
6976
6391
7801
9270
8561
7429
6855
5053
1684
-1201
-3142
-5165
-6551
-7190
-8225
-8891
-9112
-10197
-10879
-9072
-6678
-4906
-1858
1501
2649
2616
4083
5973
6389
6935
8184
7994
6312
5001
4229
3183
1697
306
-390
-1052
-2311
-3274
-3239
-3112
-3499
-2995
-1709
-751
115
922
1623
2243
2742
2871
3108
3920
4480
4461
4691
5449
5597
4981
4771
4790
4449
4046
4134
4509
4610
2632
-2105
-5175
-6766
-10070
-11254
-8461
-7317
-9809
-11112
-10000
-9522
-9138
-6119
-1659
1047
2185
3641
5859
7346
6885
6940
8446
8760
7606
6861
6219
3642
21
-2392
-4296
-6253
-7192
-7760
-8711
-9102
-9617
-10784
-10155
-7713
-5824
-3561
70
2551
2853
3644
5638
6537
6609
7814
8519
7243
5878
4981
3741
2295
747
-475
-1244
-2150
-2988
-3212
-3177
-3425
-3325
-2525
-1560
-548
744
1635
2042
2753
3164
3357
4109
4909
5271
5374
5674
6055
5685
5003
4884
4826
4543
4751
5110
4982
1944
-3438
-5967
-7766
-11149
-11266
-8230
-8207
-11113
-11599
-10072
-9919
-9218
-5345
-1167
864
2386
4429
6518
7439
6938
7329
8698
8740
7709
6981
5838
2958
-505
-2801
-4698
-6449
-7345
-8223
-9099
-9432
-10066
-10839
-9931
-7533
-5498
-3199
182
2646
2969
3563
5647
6964
7257
8175
8695
7423
5585
4385
3519
2280
842
-172
-944
-2085
-3380
-3784
-3570
-3723
-3384
-2214
-1225
-370
588
1308
1789
2676
3533
3896
4583
5605
5825
5601
6088
6335
5729
5141
4932
4944
4727
4395
4279
4389
2656
-2461
-5936
-6850
-9887
-12137
-9771
-7958
-10387
-11965
-10318
-9258
-9102
-6443
-2036
787
2239
3771
5805
7541
7564
7369
8441
8938
7786
6520
5653
3635
363
-2356
-4337
-6280
-7557
-8338
-9253
-9822
-10077
-10777
-10586
-8181
-5685
-3833
-893
2056
2926
3537
5649
7227
7589
8364
8933
7871
6340
5196
3960
2777
1532
75
-1182
-2329
-3605
-4202
-3983
-3912
-3703
-2961
-2114
-1273
-136
1058
1707
2382
3281
3867
4493
5446
6086
6104
6199
6614
6639
6030
5465
5304
4878
4430
4616
5128
3406
-1853
-5568
-7132
-10407
-12307
-9803
-8038
-10494
-12394
-10922
-9754
-9796
-7149
-2336
580
1732
3475
6180
7848
7301
7314
8744
9062
8063
7289
6513
4166
678
-2202
-4347
-6227
-7372
-8206
-9012
-9407
-10172
-11237
-11174
-9223
-6756
-4510
-1251
1981
2917
3173
5090
6760
7205
8340
9654
9054
7237
5911
4740
2959
1289
384
-398
-1534
-2848
-3738
-4069
-4524
-4554
-3522
-2246
-1232
-200
844
1401
1779
2450
3270
4299
5555
6581
6992
7086
7028
6378
5763
5757
5980
6037
5836
5708
5327
2022
-3554
-6202
-8005
-11389
-11682
-8758
-8713
-11995
-12980
-11404
-10954
-9999
-5765
-1316
723
1958
3861
6262
7537
7292
8014
9376
9326
8397
7724
6496
3416
-33
-2493
-4734
-6351
-7019
-8200
-9351
-9699
-10618
-11483
-10574
-8467
-6353
-4001
-835
1676
2440
3487
5456
6633
7444
8678
9162
8311
6894
5671
4482
3002
1616
627
-409
-1761
-3053
-3697
-3893
-4359
-4255
-3389
-2547
-1448
-372
475
1230
1626
2044
2809
3834
5127
6075
6470
6869
7015
6536
6250
6134
5907
5709
5462
5297
5307
4257
-211
-4753
-6606
-9343
-12252
-11041
-8495
-10072
-12696
-11853
-10366
-10526
-8729
-3935
-306
1282
3007
5362
7443
7730
7338
8393
9523
8831
7634
7181
5534
1953
-1258
-3471
-5746
-7325
-8057
-8909
-9399
-9953
-11098
-11235
-9883
-7912
-5644
-2675
393
2051
3161
4910
6257
6910
7884
8757
8547
7843
6995
5720
4144
2444
865
-372
-1263
-2218
-3040
-3372
-3848
-4315
-4121
-3396
-2426
-1304
-4
996
1471
1862
2325
2947
4096
5358
6293
7121
7596
7430
6931
6545
6430
6416
6434
6268
6398
4919
-462
-4707
-6533
-10150
-12551
-10213
-8246
-10672
-12933
-11951
-11278
-11671
-8871
-3695
-549
1123
3144
5603
7435
7279
7371
9024
9812
9070
8541
8130
5760
1875
-1049
-3351
-5803
-6925
-7596
-8897
-9628
-10486
-11756
-11802
-10299
-8108
-5902
-2934
134
1449
2324
4276
5856
6576
7923
9245
9044
7912
6834
5795
4232
2616
1737
918
-432
-1873
-2758
-3247
-3927
-4179
-3625
-2998
-2408
-1528
-526
211
630
1102
1817
2650
3762
5065
6078
6725
7197
7241
6930
6929
7157
7272
7119
6945
6967
3939
-1690
-4496
-6817
-10957
-11782
-8906
-8859
-12103
-13076
-11834
-12069
-11797
-7797
-3158
-874
734
3112
5900
7239
6764
7692
9553
9558
8810
8877
8284
5222
1434
-957
-3311
-5743
-6693
-7440
-8631
-9562
-10814
-11710
-11258
-9858
-7916
-5545
-2432
-12
844
2392
4637
5613
6412
8342
9369
8524
7530
6905
5812
4032
2682
1944
788
-708
-2054
-2572
-2835
-3770
-3945
-3250
-2919
-2377
-1304
-387
224
628
1047
1626
2506
3730
4719
5521
6453
6919
6890
6904
6936
7173
7306
7102
7305
7398
3999
-1474
-4029
-6443
-10612
-11342
-8470
-8825
-12312
-13049
-11665
-11964
-11896
-8060
-3464
-1335
184
2869
5789
6811
6221
7229
9280
9502
8776
8904
8430
5433
1683
-635
-2766
-5166
-6441
-7287
-8248
-9128
-10584
-11695
-11141
-9864
-8418
-5870
-2470
-362
353
2153
4261
4983
6077
8141
9042
8516
7853
7131
5845
4084
2662
1919
1138
-182
-1535
-2063
-2584
-3771
-3926
-3203
-2854
-2314
-1263
-398
134
466
702
1128
1977
3267
4302
5152
6196
6731
6500
6393
6749
7117
7029
7083
7554
7633
4795
-482
-3429
-5743
-9814
-11165
-8472
-8006
-11402
-12952
-11684
-11742
-12279
-9008
-4149
-1777
-426
2014
4965
6441
6016
6708
8827
9477
8835
8904
8879
6487
2674
74
-1904
-4271
-5699
-6562
-7603
-8660
-10309
-11659
-11431
-10329
-8886
-6692
-3655
-1420
-591
988
3190
4349
5370
7335
8717
8536
7873
7361
6383
4721
3210
2511
1828
534
-863
-1476
-1925
-3127
-3557
-3000
-2621
-2259
-1360
-394
98
271
474
903
1666
2857
4004
4926
5734
6141
6102
6044
6457
7132
7360
7381
7786
7812
4219
-784
-2806
-5528
-9603
-9827
-7340
-8321
-11778
-12432
-11454
-12204
-12061
-8231
-4202
-2401
-817
1766
4619
5679
5346
6722
8801
8938
8526
9061
8731
5988
2693
638
-1567
-3914
-5088
-6131
-7244
-8246
-9973
-11146
-10696
-9915
-8951
-6648
-3615
-2065
-1241
981
3025
3655
5010
7307
8232
7909
7722
7499
6446
4892
3701
2968
1994
557
-813
-1350
-1814
-2962
-3278
-2812
-2741
-2384
-1555
-794
-114
112
229
790
1688
2675
3647
4726
5755
6074
5982
6376
7049
7403
7587
8069
8741
7097
2204
-819
-2787
-7174
-9437
-7420
-6799
-10098
-12252
-11556
-11989
-13176
-10930
-6702
-4400
-3198
-897
2346
4369
4246
5092
7557
8522
8291
9112
9851
8262
5198
2899
1077
-1429
-3323
-4336
-5370
-6564
-8431
-10206
-10632
-10438
-10171
-8584
-5788
-3858
-3203
-1572
942
2037
2891
5283
7154
7365
7472
7842
7458
6110
4905
4257
3387
2260
1129
3
-683
-1546
-2484
-2540
-2420
-2534
-2197
-1704
-1141
-484
-313
-185
350
1201
2151
3131
4397
5296
5288
5405
6040
6837
7494
7852
8393
8863
6051
1411
-316
-2775
-7119
-8061
-6001
-6862
-10498
-11535
-10813
-12099
-12914
-9910
-6259
-4781
-3623
-1034
2161
3371
3127
4873
7325
7723
7807
9203
9733
7736
5106
3417
1489
-843
-2247
-3311
-4480
-5721
-7817
-9745
-9977
-9682
-9652
-8294
-5751
-4389
-4205
-2474
143
994
1866
4313
6052
6285
6540
7244
7099
5766
4798
4585
3850
2712
1703
929
202
-915
-1495
-1490
-1796
-1994
-1673
-1351
-933
-411
-298
-350
51
1026
1814
2621
3950
4622
4482
4766
5563
6424
7065
7568
8349
8701
5899
1933
297
-2298
-6280
-7075
-5196
-6312
-9679
-10471
-10120
-11626
-12420
-9651
-6507
-5242
-3947
-1462
1246
2180
2093
3753
6102
6709
7048
8520
8993
7192
4975
3653
1944
-188
-1299
-2146
-3447
-4823
-6692
-8507
-9019
-8976
-8878
-7724
-5905
-4821
-4473
-3028
-851
54
1006
3159
4865
5439
5970
6759
6719
5584
4689
4586
4172
3245
2336
1705
1012
-164
-879
-896
-1186
-1599
-1417
-1064
-751
-443
-491
-639
-324
493
1186
2042
3312
4013
3893
4159
5300
6299
6763
7345
8388
8663
5828
2425
1114
-1601
-5502
-6010
-4325
-5691
-8765
-9448
-9435
-11313
-12187
-9636
-7112
-6106
-4646
-2271
5
892
1211
2784
4715
5501
6228
7703
8412
7292
5524
4277
2593
522
-473
-1111
-2150
-3389
-5140
-6780
-7557
-8060
-8165
-7284
-6044
-5288
-4883
-3447
-1770
-1274
-339
1559
2887
3679
4739
5725
5834
5229
4735
4538
4192
3595
2902
2509
2233
1324
583
327
-265
-892
-907
-679
-374
-148
-461
-766
-593
-116
237
921
2143
2690
2668
3304
4557
5479
6039
6741
7761
8128
5879
3117
1867
-495
-3743
-4463
-3277
-4288
-7075
-8014
-8040
-9702
-10745
-9079
-7276
-6581
-5407
-3405
-1405
-488
-90
1035
2449
3508
4486
5904
6976
6596
5401
4424
3072
1436
708
233
-563
-1494
-2797
-4199
-5336
-6075
-6320
-6198
-5573
-4986
-4656
-3654
-2602
-2281
-1692
-496
501
1379
2597
3786
4223
4132
4019
3812
3634
3448
3123
3167
3299
2824
2258
1826
1194
456
179
389
550
577
351
-256
-638
-418
-338
-59
886
1613
1835
2197
3115
3921
4333
4953
6025
6967
6371
4411
2615
840
-1696
-3472
-3111
-2808
-4418
-5946
-6238
-7187
-8731
-8679
-7513
-6840
-5917
-4384
-2798
-1544
-827
-433
149
1232
2284
3282
4627
5552
5215
4229
3162
1949
1099
715
454
160
-467
-1500
-2742
-3583
-4145
-4869
-4951
-4402
-4064
-3560
-2660
-2373
-2570
-2240
-1640
-976
176
1604
2521
2851
3031
2941
2724
2741
2833
3059
3537
3812
3545
3116
2518
1703
1198
1269
1450
1359
1178
635
-180
-495
-549
-717
-512
93
508
911
1651
2168
2409
2809
3625
4711
5746
6107
4794
2932
1320
-730
-2211
-2002
-1710
-2774
-3907
-4447
-5416
-6781
-7314
-6972
-6627
-6159
-5045
-3522
-2085
-1566
-1624
-1164
-509
73
1207
2991
4129
3988
3552
3163
2284
1410
1246
1039
730
775
450
-262
-1042
-2125
-3256
-3763
-3463
-2940
-2532
-2098
-2082
-2647
-2902
-2743
-2437
-1664
-563
464
1240
1609
1749
1708
1645
1991
2644
3444
4088
4161
3929
3560
2930
2626
2577
2278
1936
1539
1055
578
54
-414
-798
-1062
-896
-356
224
664
832
900
1178
1804
2979
4251
4838
4633
3530
1994
560
-537
-1048
-1063
-1111
-1578
-2228
-3050
-4170
-5210
-5621
-5646
-5546
-4858
-3778
-3065
-2650
-2315
-2210
-2190
-1826
-983
87
1060
1746
2147
2178
1787
1273
950
999
1243
1402
1556
1436
763
-136
-795
-1060
-1100
-1219
-1277
-1243
-1561
-2087
-2385
-2496
-2667
-2600
-1989
-1198
-639
-157
237
454
796
1374
2126
2777
3115
3288
3386
3382
3479
3546
3246
2763
2158
1472
1083
760
274
-178
-629
-891
-771
-512
-344
-367
-497
-517
-233
453
1266
1930
2521
2971
3231
3382
3242
2482
1568
892
321
-1
-114
-424
-1212
-2038
-2662
-3242
-3546
-3660
-4015
-4360
-4170
-3749
-3360
-2782
-2313
-2219
-2321
-2162
-1554
-888
-321
239
701
1097
1483
1677
1741
1680
1363
1049
998
1282
1556
1352
942
542
-132
-1001
-1570
-1783
-2057
-2285
-2132
-1811
-1758
-1901
-1933
-1792
-1476
-860
102
1029
1580
1905
2062
1990
2063
2344
2579
2869
3020
2818
2457
1855
1045
398
-60
-276
-129
47
-25
-295
-543
-824
-1017
-743
-345
-108
311
865
1147
1364
1814
2068
2148
2463
3062
3378
3208
2844
2052
1031
263
-127
-243
-416
-893
-1484
-1964
-2497
-3040
-3421
-3680
-3868
-4005
-3798
-3233
-2816
-2649
-2572
-2547
-2308
-1627
-825
-46
627
1072
1306
1491
1874
2149
2042
1835
1833
1760
1435
1076
664
-36
-859
-1422
-1721
-1877
-2035
-2285
-2372
-2219
-2018
-1742
-1356
-974
-703
-387
119
839
1467
1758
1995
2159
2091
1875
1781
1715
1443
1065
939
1019
844
506
192
-159
-532
-642
-365
-149
-136
-94
-12
91
222
469
730
882
1029
1361
1764
1992
2091
2114
2141
2222
2431
2742
2830
2528
1958
1256
550
-26
-554
-1033
-1357
-1707
-2148
-2519
-2831
-3281
-3843
-4191
-4148
-3761
-3180
-2546
-1999
-1552
-1277
-1078
-686
-94
352
620
1174
1779
1948
1802
1639
1227
532
13
-167
-160
-223
-390
-513
-673
-955
-1304
-1498
-1488
-1436
-1229
-868
-446
-183
-149
-78
51
204
409
698
1011
1159
1069
984
1017
880
678
592
481
347
322
457
494
321
90
-178
-366
-393
-221
75
323
442
525
584
553
583
753
998
1208
1472
1840
2018
2009
2070
2123
2060
2082
2212
2252
2154
1918
1502
833
94
-593
-1271
-1759
-2016
-2097
-2154
-2322
-2548
-2759
-2944
-3008
-2821
-2412
-2010
-1667
-1205
-716
-474
-419
-375
-462
-546
-516
-359
-96
57
121
167
201
183
61
-101
-214
-273
-200
28
289
428
351
65
-248
-432
-524
-450
-235
-76
-67
-120
-120
-129
-198
-213
-138
13
233
497
638
584
399
174
10
-13
206
451
537
559
552
429
170
10
84
274
523
918
1379
1570
1455
1305
1302
1343
1353
1500
1664
1630
1504
1471
1444
1332
1265
1242
1199
1167
1167
1052
608
-25
-506
-821
-1048
-1091
-1014
-1167
-1542
-1783
-1841
-1994
-2215
-2248
-2259
-2338
-2262
-1985
-1822
-1838
-1730
-1502
-1216
-860
-492
-214
-51
78
298
653
941
1035
1023
928
787
623
463
328
190
9
-191
-308
-374
-530
-774
-907
-921
-877
-750
-549
-445
-484
-493
-409
-267
-50
180
297
360
378
334
300
254
160
174
349
548
678
761
762
581
437
576
784
918
1063
1166
1160
1078
1063
1056
1030
1092
1147
1253
1446
1589
1629
1633
1633
1662
1835
2033
2099
1938
1520
943
342
-103
-517
-927
-1170
-1435
-1873
-2316
-2668
-3146
-3600
-3661
-3408
-2993
-2491
-2010
-1702
-1567
-1455
-1239
-836
-355
130
588
946
1168
1162
1023
874
765
690
619
581
538
366
98
-142
-350
-477
-553
-574
-602
-727
-900
-1031
-1103
-1081
-957
-801
-612
-476
-407
-330
-320
-299
-138
36
212
459
690
786
731
708
752
751
779
880
947
896
794
733
661
561
531
568
623
741
901
1043
1135
1182
1226
1333
1534
1842
2131
2270
2347
2429
2462
2366
2168
1896
1362
559
-221
-913
-1594
-2102
-2333
-2428
-2469
-2491
-2520
-2657
-2901
-3002
-2891
-2590
-2056
-1392
-794
-450
-307
-298
-443
-579
-476
-162
208
590
899
1026
896
584
288
68
-21
113
312
447
465
323
3
-369
-654
-879
-1005
-1033
-1001
-1041
-1153
-1239
-1268
-1225
-1124
-866
-489
-206
-36
172
344
409
491
660
820
887
947
985
896
745
626
534
505
557
640
717
729
684
638
609
720
978
1250
1477
1660
1785
1826
1807
1821
1896
1954
2063
2192
2171
2006
1736
1364
924
512
165
-128
-441
-817
-1213
-1613
-1993
-2317
-2492
-2537
-2612
-2682
-2687
-2698
-2694
-2540
-2223
-1842
-1461
-1096
-736
-426
-170
29
195
404
588
773
1031
1187
1134
981
775
476
185
31
-46
-168
-363
-636
-966
-1283
-1537
-1703
-1710
-1613
-1546
-1453
-1285
-1116
-1016
-900
-675
-416
-142
199
544
766
835
814
782
820
931
1068
1211
1308
1310
1185
1042
971
905
843
835
918
1000
1032
1044
1075
1075
1021
1076
1233
1370
1391
1419
1508
1518
1536
1687
1847
1878
1839
1757
1568
1271
915
540
185
-150
-533
-927
-1335
-1824
-2312
-2669
-2869
-2962
-2931
-2764
-2527
-2284
-2033
-1759
-1494
-1259
-989
-656
-321
2
303
508
570
543
493
430
366
259
93
-89
-274
-446
-549
-595
-653
-769
-903
-974
-1007
-1069
-1084
-1044
-1029
-995
-901
-754
-647
-612
-582
-518
-408
-212
10
232
430
573
676
782
932
1028
1076
1121
1191
1280
1346
1363
1311
1193
1033
883
805
779
744
715
782
895
958
1041
1121
1132
1110
1126
1189
1282
1402
1525
1638
1709
1695
1587
1405
1144
817
508
264
73
-110
-333
-566
-852
-1215
-1528
-1732
-1893
-1979
-1980
-1924
-1819
-1703
-1563
-1468
-1432
-1401
-1352
-1236
-1079
-923
-774
-661
-603
-559
-504
-446
-422
-433
-384
-323
-329
-263
-163
-135
-145
-183
-225
-302
-426
-537
-617
-702
-758
-812
-867
-884
-905
-903
-794
-604
-412
-233
-53
137
307
479
682
861
996
1105
1200
1260
1286
1267
1228
1201
1177
1160
1156
1125
1041
953
886
829
801
818
875
937
980
987
984
975
923
904
927
932
944
995
1057
1123
1177
1186
1202
1202
1135
1038
904
725
463
156
-96
-383
-722
-1017
-1266
-1559
-1870
-2098
-2250
-2393
-2452
-2375
-2251
-2099
-1936
-1772
-1570
-1380
-1213
-978
-705
-471
-293
-130
-21
-18
-65
-84
-113
-196
-226
-259
-339
-400
-487
-602
-691
-713
-738
-776
-771
-761
-758
-709
-594
-467
-329
-200
-78
44
149
242
339
490
662
827
1023
1220
1339
1362
1327
1286
1239
1203
1206
1238
1230
1142
1017
881
718
542
397
307
278
312
401
514
617
670
721
825
942
1066
1179
1251
1290
1320
1362
1377
1376
1349
1285
1169
988
764
468
151
-161
-424
-621
-811
-1051
-1302
-1533
-1755
-1934
-2028
-2065
-2070
-2025
-1900
-1750
-1612
-1492
-1398
-1297
-1184
-1027
-874
-755
-652
-584
-565
-500
-381
-306
-301
-312
-318
-374
-415
-406
-404
-417
-407
-353
-300
-292
-335
-383
-400
-370
-255
-95
67
199
257
250
239
276
343
423
563
754
872
902
944
941
860
775
747
761
779
807
859
877
806
711
660
645
635
673
755
797
835
879
885
872
877
901
911
930
964
988
988
975
957
930
910
858
786
712
605
472
363
258
133
-23
-195
-403
-653
-904
-1157
-1384
-1554
-1664
-1757
-1813
-1820
-1824
-1817
-1750
-1613
-1465
-1329
-1160
-1001
-889
-774
-688
-648
-634
-625
-573
-495
-442
-413
-420
-487
-540
-553
-532
-465
-370
-293
-262
-232
-186
-151
-110
-43
21
56
106
178
245
282
285
264
255
275
309
364
450
518
548
604
693
759
805
856
897
918
933
938
906
867
843
803
780
792
805
802
794
792
786
784
786
808
855
881
896
909
906
862
800
745
665
605
560
503
438
360
265
129
-11
-134
-267
-389
-500
-572
-646
-723
-763
-813
-887
-950
-982
-1019
-1079
-1121
-1131
-1164
-1206
-1178
-1128
-1096
-1055
-1008
-968
-960
-948
-934
-931
-918
-895
-853
-768
-673
-620
-580
-540
-503
-452
-382
-299
-224
-157
-66
50
155
229
273
288
277
264
278
294
292
278
278
296
306
290
298
312
314
344
413
484
527
568
621
684
741
793
839
879
909
923
938
960
975
955
945
948
937
898
849
796
703
593
481
370
258
176
145
156
183
181
167
172
168
163
192
233
257
263
285
312
276
215
147
38
-62
-131
-191
-271
-398
-566
-751
-935
-1078
-1177
-1242
-1256
-1244
-1228
-1194
-1180
-1194
-1199
-1179
-1149
-1090
-1000
-903
-814
-740
-664
-594
-528
-468
-442
-410
-340
-248
-160
-61
24
66
59
51
35
-15
-73
-109
-118
-117
-105
-63
-10
7
1
8
35
67
151
280
410
526
636
725
764
794
816
827
833
855
874
884
904
906
883
848
812
764
711
676
651
622
611
604
580
556
526
474
411
349
296
250
213
193
183
191
207
218
224
211
162
130
133
139
153
166
155
114
60
-5
-90
-186
-294
-406
-503
-572
-642
-719
-785
-837
-874
-892
-899
-925
-957
-974
-974
-949
-917
-879
-862
-852
-830
-803
-784
-755
-718
-695
-639
-546
-454
-377
-331
-293
-270
-246
-202
-150
-110
-94
-78
-56
-40
-35
-22
-13
-13
-11
2
30
72
110
173
246
312
392
473
560
634
706
806
895
938
995
1058
1074
1051
1016
972
898
828
772
731
686
626
556
513
464
369
292
237
177
111
83
79
60
58
73
100
131
157
169
166
176
181
174
175
175
170
153
141
128
98
53
5
-32
-87
-164
-260
-360
-467
-557
-617
-649
-670
-714
-768
-823
-876
-914
-935
-927
-891
-835
-765
-696
-641
-623
-628
-647
-652
-611
-563
-515
-458
-429
-436
-467
-479
-506
-537
-537
-504
-455
-397
-319
-247
-172
-78
54
178
287
386
455
499
526
558
587
604
618
645
670
678
664
646
616
578
563
572
585
587
582
562
527
501
485
471
435
402
376
345
329
339
349
352
362
369
357
320
289
261
243
250
280
302
290
256
218
166
101
52
17
-13
-48
-71
-86
-125
-185
-232
-254
-256
-237
-211
-188
-173
-189
-221
-257
-302
-342
-372
-384
-393
-415
-442
-476
-511
-542
-569
-609
-642
-668
-696
-696
-667
-624
-577
-518
-459
-423
-378
-335
-311
-285
-237
-182
-128
-63
-14
9
17
10
19
26
34
71
114
147
172
184
176
141
111
120
143
168
195
230
259
276
295
317
330
327
331
354
372
380
391
396
400
405
396
369
345
322
287
272
287
289
261
238
214
183
136
100
83
69
78
111
148
164
151
121
92
61
47
66
81
86
81
65
24
-36
-89
-131
-174
-202
-210
-218
-234
-261
-285
-292
-294
-294
-288
-273
-244
-223
-202
-165
-146
-149
-151
-145
-143
-151
-155
-161
-166
-167
-153
-135
-119
-128
-149
-178
-201
-209
-210
-200
-177
-156
-148
-143
-131
-123
-120
-101
-61
-21
13
57
91
99
101
109
124
164
217
260
301
331
325
292
260
227
170
116
94
75
52
46
33
9
-11
-15
-7
13
38
57
74
88
104
131
145
147
132
112
79
40
22
13
12
19
39
68
92
96
88
72
41
3
-25
-44
-61
-58
-50
-40
-34
-48
-81
-116
-151
-164
-157
-130
-91
-56
-14
12
23
20
-7
-40
-62
-71
-53
-24
0
23
25
17
1
-13
-29
-44
-25
1
17
33
51
40
23
19
27
42
52
61
62
63
48
30
24
21
2
-11
4
9
13
37
61
71
83
96
97
94
98
98
85
64
42
30
19
9
8
-2
-32
-63
-83
-91
-108
-116
-133
-161
-188
-202
-211
-210
-210
-207
-193
-168
-133
-99
-74
-56
-40
-22
-6
6
14
7
-2
-9
-16
-24
-27
-37
-44
-46
-47
-51
-59
-64
-69
-62
-51
-41
-35
-26
-22
-24
-22
-12
-3
-1
15
23
20
21
38
58
89
130
160
171
161
142
117
103
103
113
123
129
134
127
106
82
55
41
55
94
147
192
216
227
223
199
184
183
184
181
183
195
182
147
113
79
40
14
-7
-32
-57
-82
-101
-114
-118
-136
-165
-179
-179
-178
-180
-174
-170
-162
-152
-133
-100
-87
-93
-100
-97
-93
-86
-62
-38
-27
-34
-34
-54
-88
-123
-165
-200
-228
-240
-245
-251
-258
-264
-259
-238
-214
-179
-142
-113
-88
-55
-19
10
32
47
68
75
78
83
95
105
113
118
122
124
106
96
97
98
96
106
125
134
134
140
142
133
126
126
139
156
178
200
216
227
223
223
226
229
231
222
212
197
177
159
140
122
101
64
29
-2
-40
-71
-98
-115
-120
-136
-150
-160
-175
-196
-212
-212
-198
-182
-150
-111
-90
-76
-64
-59
-58
-51
-43
-37
-39
-41
-57
-85
-116
-146
-167
-170
-158
-141
-126
-123
-129
-138
-141
-135
-129
-122
-113
-110
-105
-92
-79
-68
-56
-37
-22
0
14
18
22
24
31
49
76
96
102
116
118
110
105
100
92
98
112
125
133
136
129
117
118
125
131
133
132
131
138
143
149
154
155
150
135
131
124
105
86
73
68
57
40
23
4
-25
-50
-56
-52
-48
-46
-40
-47
-60
-78
-90
-107
-119
-125
-126
-124
-123
-127
-145
-163
-177
-178
-171
-140
-114
-102
-99
-98
-95
-93
-79
-63
-56
-51
-47
-47
-43
-39
-30
-19
-13
-7
-1
-2
-18
-44
-63
-74
-80
-72
-64
-62
-61
-61
-50
-31
-6
24
57
90
114
134
140
136
129
120
121
132
140
141
140
145
147
150
156
157
150
141
139
138
131
122
113
110
108
102
95
89
66
38
25
26
22
21
27
19
6
-1
0
-6
-5
-12
-19
-28
-31
-38
-49
-57
-67
-66
-68
-67
-76
-97
-117
-138
-144
-136
-115
-93
-70
-49
-34
-36
-47
-63
-80
-85
-84
-82
-82
-81
-90
-110
-117
-121
-125
-129
-117
-105
-97
-88
-73
-56
-48
-34
-20
-14
-12
-10
-8
-2
11
33
52
66
76
79
72
65
62
65
71
82
94
109
114
117
107
102
99
93
99
101
107
110
115
122
125
127
125
130
131
122
112
103
86
67
62
56
41
21
3
-21
-49
-74
-92
-105
-113
-115
-111
-111
-115
-117
-116
-107
-92
-75
-62
-56
-51
-52
-62
-69
-70
-76
-75
-69
-70
-74
-85
-97
-107
-109
-101
-93
-82
-68
-61
-57
-48
-45
-38
-36
-31
-26
-16
-12
-12
-7
-4
3
16
37
53
59
60
57
52
52
57
57
53
48
46
37
37
39
38
38
38
48
52
62
70
80
97
114
132
151
162
159
159
160
158
150
152
155
146
144
133
113
82
54
24
-4
-25
-41
-60
-76
-85
-97
-100
-101
-91
-83
-74
-62
-49
-35
-34
-35
-34
-38
-36
-32
-27
-34
-48
-63
-70
-70
-70
-77
-82
-93
-104
-106
-107
-106
-111
-106
-103
-98
-89
-89
-85
-84
-78
-69
-58
-53
-46
-41
-38
-29
-19
-2
9
16
27
33
33
29
23
20
18
20
23
28
25
14
4
-1
-3
0
20
44
65
82
97
111
117
116
116
123
116
112
105
101
91
82
83
80
81
73
75
71
68
58
46
42
33
32
30
29
30
25
15
5
-2
-13
-18
-13
-12
-20
-25
-31
-37
-36
-29
-23
-21
-19
-22
-24
-31
-44
-58
-73
-80
-80
-73
-63
-60
-58
-57
-55
-56
-59
-57
-56
-55
-53
-48
-49
-50
-57
-65
-68
-72
-72
-76
-78
-79
-86
-81
-71
-60
-54
-45
-35
-27
-17
-4
7
10
12
16
22
26
35
37
50
57
66
73
79
84
82
86
94
99
99
99
97
92
77
64
54
42
31
24
25
26
33
38
45
45
50
52
56
62
56
47
34
29
24
24
31
34
33
31
25
17
8
-1
-12
-19
-20
-22
-18
-21
-28
-39
-52
-58
-61
-54
-49
-50
-48
-55
-57
-60
-59
-55
-57
-57
-55
-55
-52
-55
-58
-63
-67
-67
-70
-71
-75
-72
-69
-61
-46
-33
-25
-19
-16
-10
-11
-10
-10
-9
-7
-5
-3
-3
-10
-16
-12
-10
-4
7
18
25
31
39
54
60
74
84
90
90
89
87
74
61
49
43
40
40
38
31
23
19
19
19
20
20
18
20
21
20
17
13
9
9
13
21
25
24
20
17
17
20
28
38
46
53
50
49
34
20
6
-5
-14
-25
-32
-44
-53
-60
-64
-67
-71
-74
-77
-83
-86
-86
-80
-75
-64
-45
-29
-19
-14
-12
-16
-21
-23
-21
-18
-18
-15
-12
-16
-23
-26
-28
-31
-29
-23
-15
-9
-2
-1
-2
-2
1
6
9
13
19
22
29
35
47
54
59
62
62
57
51
47
44
42
41
39
33
30
24
14
12
2
-3
-8
-7
-8
-7
-5
-7
-5
-4
1
3
8
10
10
11
13
14
17
24
23
26
25
21
15
8
2
-7
-13
-13
-16
-18
-22
-23
-26
-25
-29
-25
-22
-24
-21
-20
-17
-20
-20
-18
-18
-18
-18
-16
-17
-20
-22
-20
-19
-19
-18
-24
-26
-33
-36
-39
-39
-33
-28
-18
-10
-7
-4
-7
-4
5
12
23
27
34
30
31
38
38
37
41
46
53
63
71
74
68
62
52
44
39
29
22
12
6
-1
-1
0
-2
0
-1
-2
-7
-8
-11
-11
-8
-7
0
1
3
-1
-1
-2
-4
-4
-4
-4
-6
-4
-6
-3
-6
-9
-12
-10
-8
-12
-8
-10
-14
-17
-24
-30
-39
-45
-49
-56
-55
-61
-57
-57
-50
-46
-43
-39
-37
-30
-27
-17
-14
-5
-2
3
5
2
-2
-7
-10
-15
-13
-14
-9
-9
-7
-5
-3
3
2
7
8
11
16
22
30
36
41
45
51
53
56
55
58
55
58
60
61
61
57
56
50
50
47
50
46
43
37
29
25
16
13
6
-1
-4
-3
-3
-7
-9
-10
-10
-5
2
2
6
4
4
1
-4
-4
-10
-12
-16
-19
-20
-28
-30
-34
-37
-40
-41
-39
-41
-43
-45
-50
-55
-60
-66
-70
-73
-70
-63
-56
-47
-43
-39
-33
-28
-23
-23
-25
-26
-25
-24
-19
-16
-15
-17
-16
-11
-8
-1
-1
2
3
5
8
12
13
16
17
20
26
30
39
39
42
44
43
47
47
47
46
45
45
46
43
44
45
47
50
51
56
54
49
41
35
25
19
11
5
1
2
5
8
10
9
10
7
12
17
18
17
10
4
-3
-10
-15
-19
-25
-30
-36
-40
-45
-47
-45
-46
-44
-40
-39
-35
-38
-37
-40
-40
-38
-35
-33
-32
-30
-28
-27
-25
-23
-21
-19
-16
-14
-10
-11
-12
-12
-10
-7
-6
2
4
7
3
1
0
-3
-2
-3
-5
-5
-1
0
7
9
13
17
22
28
27
31
27
27
27
26
25
24
24
23
23
24
23
23
23
24
23
27
25
24
19
17
15
14
19
16
15
12
8
7
7
12
14
16
20
19
18
14
6
1
-6
-11
-11
-14
-15
-17
-16
-19
-26
-28
-36
-40
-44
-44
-43
-45
-42
-39
-36
-32
-31
-29
-29
-28
-25
-20
-13
-9
-4
-1
1
1
1
3
4
6
9
12
13
9
6
1
-5
-6
-11
-7
-11
-8
-9
-7
-1
0
6
9
14
13
12
8
8
8
6
11
13
18
17
21
22
20
19
17
21
25
30
33
34
31
29
22
20
17
14
12
8
9
3
6
6
4
5
2
-2
-2
-4
-4
-3
-4
-3
0
1
0
-4
-11
-17
-23
-25
-28
-25
-24
-23
-19
-19
-17
-18
-17
-14
-13
-12
-14
-16
-18
-21
-21
-22
-23
-20
-17
-13
-10
-15
-8
-5
-2
6
8
13
11
11
6
6
4
4
9
9
10
7
3
1
0
0
-2
0
2
7
11
11
14
9
12
12
14
12
9
9
5
4
5
7
10
14
14
16
17
13
16
16
15
16
13
12
11
9
4
3
1
3
6
6
4
3
-3
-7
-9
-16
-16
-19
-19
-19
-20
-21
-21
-19
-19
-18
-17
-17
-19
-16
-19
-15
-16
-14
-9
-8
-5
-6
-2
-7
-4
0
3
7
10
8
10
6
3
2
-2
-2
-1
-1
1
3
2
5
5
4
4
5
7
6
7
2
0
1
2
6
11
16
19
23
23
21
21
17
16
15
14
12
14
14
16
19
15
18
15
15
14
10
6
6
5
3
4
-1
-2
-4
-7
-8
-6
-6
-4
-3
-4
-3
-2
-3
-5
-8
-12
-16
-14
-14
-15
-17
-19
-20
-18
-18
-17
-15
-20
-23
-23
-27
-25
-26
-25
-23
-19
-18
-15
-12
-13
-8
-9
-8
-7
-5
-4
-2
-1
0
6
3
8
9
10
11
12
13
12
11
12
13
16
16
14
13
10
11
14
16
18
19
19
22
26
25
25
23
18
20
19
18
18
17
15
17
17
14
16
10
9
6
3
3
2
2
-1
0
-3
-2
-1
0
1
1
0
0
1
-1
-1
-3
-1
-2
-3
-3
-6
-5
-8
-6
-4
-5
-6
-8
-7
-11
-12
-18
-20
-22
-25
-22
-22
-23
-22
-19
-22
-19
-19
-19
-16
-18
-17
-18
-18
-15
-18
-14
-12
-10
-6
-7
-6
-5
-4
-3
-2
1
0
3
2
4
3
4
7
8
12
13
15
16
17
18
18
20
18
20
21
22
22
24
23
24
22
22
22
19
20
14
12
9
8
13
9
11
5
5
5
2
6
0
3
2
2
4
1
2
3
0
0
4
2
6
4
3
4
-1
-2
-3
-4
-5
-6
-10
-11
-14
-13
-14
-14
-11
-14
-10
-18
-19
-23
-26
-26
-28
-25
-24
-20
-18
-17
-16
-14
-13
-10
-10
-6
-2
-2
2
-1
-1
-1
-1
-1
-4
-5
-5
-2
2
6
9
13
11
15
14
11
9
5
5
9
10
14
14
16
15
13
12
9
12
13
15
15
15
16
17
20
17
17
13
14
13
10
8
3
1
0
4
0
2
1
-2
0
-3
-1
-2
0
0
-1
0
-4
-4
-6
-9
-6
-9
-10
-7
-8
-7
-8
-9
-10
-9
-10
-10
-10
-11
-12
-11
-13
-13
-14
-16
-16
-18
-21
-22
-20
-17
-14
-9
-9
-7
-3
-4
-1
2
-3
-1
-2
-2
0
1
1
4
4
4
7
7
7
6
6
5
8
7
9
10
8
10
6
6
5
5
9
6
12
13
13
17
10
12
8
7
7
4
5
3
7
7
10
12
11
11
10
8
10
7
4
1
1
0
1
1
-2
1
-1
-1
0
-1
0
0
-2
-3
-3
-4
-6
-10
-9
-10
-8
-9
-11
-10
-10
-8
-8
-10
-10
-13
-11
-15
-15
-14
-15
-10
-12
-7
-6
-5
-4
-6
-7
-6
-6
-5
-5
-4
-3
-5
-2
-3
3
6
8
9
10
11
11
9
5
7
5
7
3
2
4
1
7
5
9
12
14
15
11
11
10
7
5
3
1
3
1
1
1
2
2
1
1
1
1
1
-2
-2
-4
-4
-3
-4
-3
-3
-5
-7
-9
-8
-7
-8
-7
-5
-5
0
-1
-3
-2
-7
-7
-8
-9
-6
-6
-5
-6
-6
-4
-6
-5
-9
-10
-10
-11
-11
-9
-8
-2
-3
-2
-2
-2
-3
-3
-4
-6
-4
-2
0
1
4
3
5
5
5
10
8
11
10
14
11
12
10
6
10
7
7
6
3
6
10
10
11
13
12
14
13
12
9
9
5
3
3
0
3
2
5
4
6
6
5
8
3
3
0
-4
-3
-5
-8
-8
-10
-10
-10
-11
-12
-12
-11
-11
-7
-9
-9
-8
-10
-11
-12
-13
-15
-11
-10
-9
-7
-7
-7
-2
-7
-7
-8
-10
-8
-8
-6
-7
-3
-6
-4
-3
-5
-1
-3
-3
-3
-4
-4
-6
0
-2
1
2
-1
4
6
5
9
6
8
10
14
11
11
10
6
10
7
8
9
10
9
12
11
10
12
9
7
9
6
5
7
4
5
7
3
6
7
6
6
5
3
3
6
3
3
4
2
3
2
-5
-5
-5
-7
-3
-3
-4
-2
0
-3
-2
-4
-10
-8
-11
-13
-11
-12
-14
-8
-8
-6
-3
-4
-4
-3
-4
-8
-8
-6
-6
-3
-4
-8
-2
-4
-5
-2
-7
-5
-3
-3
-2
-2
-3
-3
0
0
-3
0
-5
-2
1
-3
0
-2
1
3
6
2
2
2
-1
4
4
3
6
8
6
9
7
4
7
3
3
2
4
3
3
4
1
2
4
1
7
4
1
5
1
5
5
2
1
0
0
-1
-2
-3
-2
-1
0
-2
3
-1
1
3
-5
-1
-3
-3
-2
-4
-4
-5
-3
-5
-6
-3
-7
-4
-4
-4
-2
-2
-4
-2
-1
-3
0
-4
-1
-1
0
1
0
1
-2
0
-2
-3
-1
-1
-2
1
-1
0
2
2
0
2
-2
0
-1
-1
-2
-3
-1
-4
1
-1
0
1
1
4
2
1
0
0
2
1
3
2
4
6
4
7
4
4
5
2
3
1
2
4
2
4
1
4
5
5
6
4
3
4
3
0
1
-4
-1
-1
0
3
1
5
4
5
4
1
1
-1
-1
-2
-3
-3
-3
-3
-2
-3
-1
2
1
3
0
0
0
-3
-4
-5
-5
-4
-4
-5
-2
-5
0
-2
1
0
-2
1
-3
-1
-3
-4
-6
-6
-5
-4
-3
-4
-4
-3
-1
-1
-1
-2
-1
-2
-6
-5
-5
-7
-2
-5
-3
0
-1
1
1
1
-1
-1
-1
-2
1
0
0
2
0
4
4
3
4
4
6
4
6
2
3
5
3
2
4
1
2
5
3
8
7
8
9
7
6
7
5
1
1
2
1
3
4
2
7
6
5
7
4
4
3
0
-1
0
-3
-1
-2
-2
-2
-1
0
-4
-1
-6
-6
-2
-7
-2
-5
-6
-6
-5
-5
-8
-6
-9
-6
-3
-7
-4
-4
-5
-1
-5
-6
-7
-6
-7
-3
-5
-6
0
-2
1
-1
0
-2
-2
-2
-6
0
-2
1
3
2
2
3
3
2
4
2
2
4
3
5
8
5
6
7
5
6
7
4
6
7
4
5
5
6
5
4
2
4
6
3
4
3
2
8
6
5
5
4
4
2
3
-3
2
1
0
3
-1
1
1
1
-1
1
0
-1
1
-2
-2
-2
-4
-4
-2
-6
-6
-4
-6
-2
-4
-3
-4
-2
-1
-2
-4
-4
-5
-5
-5
-4
-3
-2
-1
-2
-2
-1
-1
-3
-2
-2
-4
1
-1
0
0
-1
1
2
1
1
0
0
0
0
1
0
3
2
3
4
2
4
3
1
3
2
4
5
5
3
3
2
2
2
1
0
1
0
2
1
3
1
4
2
2
2
-1
-1
-4
-2
-5
0
-3
-2
-1
-1
3
-1
0
-3
-2
-2
-2
-2
-4
-2
-4
-3
-4
-5
-3
-3
-1
-2
0
-2
-1
0
-2
-2
-2
-7
-1
-5
-2
-3
-3
1
-1
3
-1
0
1
-1
2
-1
-2
-1
1
-1
1
0
2
2
2
4
1
5
-2
3
0
-1
3
-1
3
2
2
2
4
3
5
4
4
2
4
3
0
1
-2
1
1
1
2
5
3
4
3
2
2
2
0
-1
1
-3
1
-3
-3
-1
-1
0
-1
-1
0
1
-1
-2
-4
-2
-5
-2
-5
-5
-3
-5
-3
-2
-2
-1
-1
-3
-1
-2
-2
-4
-5
-3
-5
-3
-5
-5
0
-2
-1
0
-3
2
0
-1
-1
-2
-1
0
-1
1
-1
2
0
1
3
0
4
1
1
4
3
3
3
2
2
4
0
2
2
3
2
3
2
1
4
1
2
3
1
2
2
1
3
4
2
1
2
2
2
0
0
-2
0
-1
-1
2
-1
4
2
3
1
0
0
-3
-3
-5
-4
-3
-2
0
2
-2
2
0
-2
0
-4
-4
-2
-4
-2
-2
-1
-4
-2
-2
-3
0
-1
-1
1
0
1
0
-4
-2
-4
-4
-4
-6
-2
1
2
1
1
2
1
1
-2
-1
0
0
-2
0
1
0
3
0
0
2
3
2
3
3
3
3
1
-1
0
1
0
0
0
2
3
4
2
2
1
2
-1
-2
-2
1
0
0
0
-1
2
2
0
-3
-1
-4
0
-2
-1
-1
-2
-1
-3
2
-2
1
-2
-2
-1
-3
-3
-4
-1
-2
-1
-1
-4
0
-1
0
-1
-3
1
1
0
0
-3
-1
-2
-1
-2
-4
0
-1
2
2
0
2
3
2
3
1
1
0
1
-2
-2
1
-1
1
-1
1
4
5
6
5
5
5
3
4
-2
-2
0
0
4
1
2
5
3
5
2
1
2
2
5
0
3
2
3
3
0
-1
-2
0
-1
3
1
0
3
0
2
0
-2
-2
-1
-1
-1
-1
-3
0
-2
-1
-4
-3
-1
-4
0
-3
-1
0
-4
1
-6
-2
-4
-5
-2
-5
-1
0
-3
-1
-5
-3
-3
-3
-1
-3
0
0
0
0
-1
-1
-3
-1
0
-2
0
1
-1
3
-2
2
1
1
3
-1
4
0
2
1
-1
2
0
2
2
1
5
3
2
2
1
2
2
0
2
1
3
3
2
2
0
1
3
0
1
3
2
5
2
2
1
2
0
-3
0
0
0
2
0
2
2
1
0
0
1
-1
1
-1
0
0
-1
-1
-4
-2
-1
-2
1
-2
3
0
2
-3
-3
0
-5
-1
-3
-3
-1
0
1
-2
0
-2
-3
0
-3
1
-2
2
0
1
1
-3
-1
-3
0
-1
-1
1
2
3
1
-1
-1
-1
1
0
0
1
2
2
2
1
0
0
0
0
1
1
1
5
1
4
0
0
1
0
1
0
2
3
2
4
0
1
0
-3
1
-1
0
4
0
4
1
0
0
-1
-1
-1
1
1
3
0
1
1
1
-3
-3
-2
-2
3
0
-1
1
1
2
2
-4
0
-2
0
-1
-3
-1
0
1
0
0
-2
2
2
0
0
0
-1
0
-3
-3
-4
0
-1
3
2
0
4
-1
2
-3
-3
0
-1
1
0
0
1
1
-1
1
-2
-1
1
3
4
3
4
-2
1
1
-4
-1
-4
0
5
2
3
0
3
4
1
-1
-4
0
1
2
0
-2
2
1
0
-1
-2
1
3
1
3
0
2
-1
-3
-1
-4
0
-3
0
2
3
4
0
1
0
1
-2
-4
-2
-1
1
-2
-1
0
-1
1
-3
1
0
4
3
0
1
1
0
-4
-5
-4
-1
-1
-1
1
3
4
2
0
1
-1
1
-2
-2
0
0
1
-2
-2
-1
-1
2
0
2
4
4
3
1
-1
0
-2
-3
-2
-3
1
0
3
2
1
2
0
1
1
1
0
0
1
2
-1
0
-2
-1
2
-3
-3
