SAMPLES:	10001
BITSPERSAMPLE:	16
CHANNELS:	1
SAMPLERATE:	16000
NORMALIZED:	FALSE
-9
-14
-6
-16
-11
-5
-8
0
2
-5
16
4
-7
8
7
0
2
8
14
14
6
4
5
11
8
9
15
4
4
6
4
8
-9
-18
-13
-5
-2
-12
2
7
0
-3
-2
-1
4
6
2
2
-2
3
3
-6
-5
-8
0
3
-8
-9
2
1
2
1
-10
-6
-17
-6
-8
-12
-3
-7
0
-5
-7
-13
0
-7
-19
-12
-22
-8
-12
-11
-6
-7
2
-4
9
5
3
-3
-4
11
3
-2
-5
9
5
6
6
-7
4
7
5
9
8
-8
9
6
4
-8
-10
8
3
5
-5
4
1
-10
-15
-9
-1
-12
-8
-13
-20
-13
-14
-13
-17
-24
-16
-12
-11
1
7
3
14
3
-9
-1
-2
0
10
6
-1
8
7
6
22
13
9
1
0
5
10
9
10
16
4
14
13
9
7
10
6
0
6
3
2
1
1
1
21
18
1
7
-1
6
3
3
12
0
6
6
-2
0
9
5
-12
-5
-6
10
-5
-2
8
-2
2
1
10
6
8
9
5
2
-4
4
4
-7
-1
1
-8
0
5
5
2
-6
2
-3
-2
-5
-11
0
-6
3
-11
-15
-9
-4
-1
-1
-8
-5
-1
0
4
-4
-2
-18
-22
-6
-11
-16
-24
-14
-4
-5
7
4
10
5
1
8
6
5
3
3
-8
-3
2
-3
-5
7
4
-9
7
7
1
8
10
20
10
2
13
-1
3
11
4
4
-7
4
2
-3
-7
1
-7
-3
4
0
3
-1
2
-3
2
-2
-1
2
3
8
-5
2
4
0
-8
-11
-11
-2
-6
-9
-1
-19
-2
0
0
1
0
2
-5
1
-1
4
9
8
-4
-4
-1
0
-1
-2
11
-2
-5
-3
-6
-3
-7
1
2
9
12
13
12
8
12
5
9
6
7
1
8
3
11
11
11
7
-5
4
-4
4
0
-2
5
10
5
12
0
5
8
7
19
5
11
14
9
9
22
7
-8
13
1
0
0
-11
-8
-10
-8
-3
-6
-15
-18
-10
-1
-11
-5
-5
-14
9
9
4
-7
-3
4
2
2
0
-2
-13
-11
-15
-13
6
-8
-11
4
-8
6
-4
-4
8
-12
-1
3
-7
-7
-1
-1
-6
-6
1
-7
0
3
0
-1
-4
4
-8
-3
-7
4
1
7
7
-2
2
-6
-4
-3
7
9
2
2
3
2
16
8
-7
3
8
3
-4
-2
-6
3
13
10
12
10
19
15
15
18
9
12
21
9
5
12
6
10
8
-3
-2
5
14
8
10
21
8
1
1
9
11
4
16
-3
-1
12
-7
0
0
7
13
4
-15
-33
-18
-1
0
-16
-23
-15
0
-4
-9
-8
-5
-1
-6
-8
-6
-9
1
18
6
4
-1
3
5
9
14
-1
6
8
6
10
7
12
3
3
8
6
3
-17
-6
-9
0
7
1
6
-7
-10
-1
-8
-17
-13
-12
-21
-10
1
-4
-9
-6
-2
-4
-7
0
-9
-4
10
5
11
7
4
12
-4
7
11
1
6
4
6
1
1
12
12
9
5
-10
1
4
4
1
-3
15
3
11
7
5
10
2
6
12
11
-8
-10
-1
-5
1
0
0
-1
-10
-15
-3
0
-10
-10
-16
-24
-21
-4
-3
-5
5
5
-7
1
12
0
1
-2
4
19
25
16
10
15
23
2
-7
10
7
16
4
1
-4
-2
3
2
-4
-7
9
-5
-1
-7
-19
4
4
2
-3
-10
4
-5
-1
-7
-11
-2
-8
4
4
12
10
7
13
10
18
11
-5
-8
7
8
10
6
-9
-3
13
9
-10
-7
3
4
-2
0
-13
-15
8
-4
-15
-5
-10
-5
-2
-17
-27
-23
-8
-5
-23
-24
-14
-3
-2
-8
-4
-4
9
3
0
-4
5
17
6
5
-7
-24
-3
7
-9
-12
-27
-5
1
-8
-9
-7
2
7
4
-14
-4
-10
-13
-6
-1
-13
-26
-7
4
11
7
-13
-7
10
17
16
1
6
4
15
16
4
2
3
15
21
9
-6
3
17
13
12
-7
-9
3
6
14
-9
-14
-2
-6
6
7
1
-9
5
9
12
9
-7
3
7
7
6
4
4
3
7
19
17
6
-14
-12
18
16
5
-17
-17
-2
14
20
-14
-25
0
20
10
-11
-24
-8
10
15
-3
-25
-10
3
18
-10
-27
-18
-7
8
6
-7
-27
-2
15
15
-6
-21
-13
-7
10
-8
-10
-18
-6
22
13
7
-11
-11
14
16
13
-6
-16
-5
-1
5
-11
-10
-8
4
10
5
2
-19
4
-2
5
1
-4
5
1
7
0
-4
-5
-8
-8
-4
0
-6
-16
-5
15
1
3
-6
-25
-5
-4
7
-8
-25
-23
2
22
11
-5
-17
10
24
13
-11
-24
7
21
1
-30
-22
5
18
-1
-24
-10
8
28
4
-29
-9
30
28
-22
-46
3
58
43
-16
-64
-22
67
71
-17
-103
-50
72
91
-33
-148
-105
90
231
65
-172
-166
63
224
116
-136
-201
10
221
171
-108
-229
-51
175
176
-62
-226
-111
142
203
1
-194
-129
95
191
39
-149
-130
46
157
72
-102
-125
26
128
91
-49
-92
0
83
57
-49
-75
-15
47
36
-33
-33
14
51
21
-50
-51
15
49
18
-35
-38
18
47
19
-33
-37
-1
34
21
-25
-20
2
6
3
-17
-9
11
4
1
-6
4
17
1
-18
-7
20
12
0
-6
-2
15
24
3
-20
-11
18
31
4
-26
-12
22
9
-12
-16
-8
14
6
-30
-29
9
28
17
-19
-17
24
47
22
-45
-36
30
64
35
-36
-44
13
70
44
-36
-55
1
54
43
-17
-61
-18
32
39
-1
-55
-31
2
23
18
-10
-10
-2
8
3
19
18
-29
-32
-29
13
57
21
-51
-58
3
56
49
-32
-78
-12
82
82
-31
-117
-64
53
104
16
-111
-102
32
99
38
-75
-120
-6
103
73
-42
-100
-30
73
73
8
-54
-45
32
53
17
-10
-26
-33
-11
18
24
27
-12
-54
-26
54
110
22
-97
-103
23
121
27
-169
-216
29
272
199
-76
-266
-112
232
298
-4
-276
-188
156
342
86
-270
-267
74
346
200
-205
-341
-54
299
270
-113
-357
-181
197
305
20
-289
-225
106
274
100
-194
-243
30
256
144
-126
-212
-41
158
134
-46
-118
-38
87
97
-24
-74
26
78
1
-97
-91
59
134
27
-104
-101
18
121
47
-99
-91
20
81
32
-66
-90
14
116
59
-62
-88
5
99
69
-25
-55
-3
43
23
-27
-28
35
31
-23
-40
11
69
15
-82
-81
49
111
-37
-245
-234
49
326
211
-177
-344
-100
300
365
4
-338
-239
138
341
102
-285
-307
52
366
223
-206
-392
-92
319
363
-40
-381
-263
118
374
186
-226
-308
27
309
230
-107
-312
-139
205
283
39
-246
-282
23
262
183
-81
-253
-166
105
251
110
-118
-230
-92
165
214
2
-207
-183
89
292
134
-176
-273
-40
270
244
-77
-290
-149
171
265
28
-214
-138
126
214
12
-205
-126
119
214
48
-174
-149
61
184
74
-104
-125
26
148
56
-112
-141
-2
131
74
-81
-126
-8
104
61
-55
-77
10
70
15
-111
-110
28
97
6
-112
-92
4
113
53
-78
-72
6
60
13
-75
-55
46
24
-39
-71
-5
61
27
-44
-55
40
83
-15
-152
-77
131
220
74
-189
-242
56
249
134
-130
-253
-13
274
199
-180
-347
-71
332
332
-81
-411
-235
280
446
57
-405
-382
162
549
244
-367
-531
-16
615
495
-268
-673
-279
488
753
97
-670
-542
173
581
387
-250
-519
-49
272
181
47
-81
-49
17
-107
-114
125
233
118
-219
-442
62
529
280
-155
-577
-376
535
658
15
-429
-631
-124
743
565
-222
-554
-418
269
655
85
-433
-379
84
558
246
-513
-607
97
817
643
-554
-1239
-254
922
1184
264
-1385
-1227
481
1317
947
-558
-1708
-604
1131
1355
213
-1202
-1337
305
1231
535
-377
-1086
-407
883
693
-271
-796
-468
535
874
4
-697
-577
92
938
504
-777
-936
-144
978
1141
-307
-1322
-752
644
1208
157
-1080
-684
570
748
196
-558
-651
498
411
-376
-5
-4
72
352
-406
-655
191
644
393
-184
-673
-289
461
482
-76
-582
-35
602
7
-447
-184
342
531
12
-494
-439
234
503
113
-218
-438
124
381
-163
-11
77
-30
49
-296
-315
302
408
67
-9
-269
-230
106
-92
184
374
-208
-107
57
-339
-99
519
253
-309
-316
-196
282
569
-191
-652
-126
343
312
-35
-254
-85
244
115
-245
-306
-25
517
304
-336
-512
-74
863
626
-545
-928
-644
718
1635
202
-1389
-1482
69
1829
1473
-780
-2223
-747
1583
1750
-102
-1580
-1055
594
1170
249
-519
-638
-25
643
113
-272
-106
-37
192
-73
-266
77
279
319
-88
-531
-233
99
87
234
340
-143
-522
-123
10
203
537
-103
-395
-228
-480
453
1212
-170
-859
-505
-405
722
1100
-193
-752
-715
-76
1181
716
-852
-1005
187
957
271
-694
-501
467
847
13
-1115
-749
664
1005
540
-358
-1397
-408
1171
620
-211
-444
-686
320
922
-482
-359
526
-275
-107
59
-657
301
926
-69
-527
-748
-77
1261
631
-926
-1256
-81
1273
1132
-49
-1279
-1440
481
1970
556
-1341
-1059
532
1223
326
-1000
-1356
564
2170
67
-1858
-742
926
1501
422
-1477
-1739
110
1870
1743
-435
-2532
-1480
1436
2086
521
-1557
-2126
685
2101
224
-785
-1190
-333
1931
942
-1709
-1482
336
1609
1128
-943
-1536
-222
1151
922
-1373
-932
1576
978
-339
-795
-1411
254
2071
144
-1056
-473
-385
1588
1636
-1987
-1893
384
369
1223
1166
-864
-654
-660
-985
727
1095
553
279
-1244
-970
874
618
474
-281
-1793
-73
1264
585
627
-564
-1774
-700
366
1359
1910
-402
-2208
-995
245
1432
1726
-612
-1928
-483
127
726
2057
-237
-2563
-994
452
1409
1900
-17
-1660
-1297
-955
454
2663
1873
-461
-2050
-2719
-532
2826
2515
-104
-1737
-2126
-296
1805
1703
158
-1989
-1882
782
1782
1301
204
-2033
-1813
175
776
1720
1276
-1053
-1397
-1026
-476
1618
1574
-681
-738
-340
-273
1163
436
-934
-194
-164
19
1105
711
-427
-756
-1094
-374
1224
1336
597
-909
-1748
-457
192
775
1421
159
-440
-279
-738
-188
298
-191
64
876
920
-12
-1298
-1341
41
609
304
515
993
423
-1110
-1398
-699
503
1539
490
-300
-160
-88
191
-578
-967
-486
124
1604
1476
-456
-1342
-1262
-548
544
1294
1144
-249
-1151
-560
-108
252
524
181
34
-365
-345
435
410
330
-448
-1779
-17
1965
1263
-61
-1829
-1921
242
1911
1516
-193
-1231
-1137
-113
337
305
888
541
-402
-574
-756
-328
1062
755
-890
-696
97
524
1182
367
-1488
-1809
-281
1353
2051
1038
-1022
-2314
-1447
1005
1685
956
456
-850
-1315
-201
253
529
572
-523
-670
68
516
1110
464
-1344
-1621
-368
741
1987
1925
-772
-2231
-1453
-207
1462
1905
360
-1274
-1326
-623
445
1088
222
-717
-843
150
870
215
-102
61
-724
-1117
118
1032
1260
176
-1700
-1336
-407
810
1898
79
-1044
-562
-984
63
1455
273
-259
205
-683
-588
715
672
-18
84
-426
-621
714
970
560
-30
-1283
-1000
792
1665
753
-739
-1162
-591
-125
656
1095
357
-378
-1164
-940
731
1368
714
-265
-1024
-960
249
1146
843
531
-464
-1119
30
845
598
488
-12
-1146
-781
614
1333
1121
-378
-1836
-1431
375
1726
1712
330
-1308
-1516
-348
1013
1369
443
-328
-477
-495
20
724
700
110
-787
-1120
178
1539
1333
122
-1307
-1796
-192
1731
1661
337
-1009
-1251
-371
187
192
169
108
-387
-1040
-1090
-281
492
-27
-1278
-1849
-1149
-9
340
-282
-1508
-2122
-1282
26
390
-203
-858
-1379
-1428
-649
172
596
352
-468
-792
-597
88
1096
897
54
-36
-265
-74
1045
1063
430
282
75
509
1129
932
731
469
59
216
791
1235
1359
852
29
-129
284
1130
1795
1506
938
317
-125
430
1411
1715
1633
1153
626
991
1129
852
1159
1197
897
1207
1346
1470
1734
1202
868
1412
1827
1794
1203
-399
-2137
-2617
-1806
-865
-784
-1767
-3469
-4968
-5298
-4623
-3452
-2657
-2968
-3746
-4288
-3869
-2767
-1788
-1105
-851
-767
-775
-264
889
1344
976
711
838
1475
2404
2781
2438
1733
1047
927
1124
1263
1343
1132
527
-48
-122
-23
-29
-294
-931
-1397
-1455
-1499
-1885
-2514
-2774
-2442
-2073
-1692
-1348
-1550
-1860
-1697
-1241
-541
430
1158
1270
1125
1193
1580
2070
2579
2998
2955
2603
2239
1966
1801
1507
1016
574
534
762
754
281
-368
-586
-599
-591
-241
162
507
896
1080
1135
1383
1816
2198
2608
2908
2995
3056
3393
3888
3988
4088
4281
4337
4622
4843
4745
4561
4468
3680
1664
-856
-3410
-4234
-3080
-2540
-3052
-4574
-7461
-9793
-10318
-9662
-8073
-6576
-6287
-6692
-7496
-7729
-6282
-4181
-2324
-985
-508
-89
706
1400
2205
2889
3262
3695
4088
4547
5170
5143
4037
2880
2108
1589
1742
1885
1427
455
-887
-1858
-2275
-2214
-2208
-2652
-3460
-4237
-4532
-4853
-4819
-4281
-3907
-3217
-2304
-1791
-1568
-1384
-1156
-451
843
2293
3609
4301
4342
3908
3489
3789
4604
5279
5317
4468
3039
1741
837
387
156
-233
-574
-932
-1467
-2111
-2400
-2394
-2577
-2341
-1648
-730
421
1239
1400
1481
1995
2804
4030
5304
6048
6223
6032
6138
6575
7224
7948
8271
8171
7632
7016
6572
5377
2985
-161
-3959
-6255
-5596
-4597
-4724
-6360
-10256
-14272
-15734
-14475
-11744
-9236
-8239
-8868
-10278
-10437
-8168
-4642
-1204
1005
1617
1630
2401
4060
5651
6598
6772
6681
6696
6996
7647
7312
5701
3943
2188
881
642
482
-293
-1398
-2941
-4381
-5280
-5509
-5473
-6090
-6823
-6934
-6318
-5406
-4877
-4648
-4647
-4177
-2417
-188
1593
2658
2784
2452
2797
4382
6461
7804
8177
7373
5673
4587
4526
4873
4938
3992
2079
0
-1698
-2778
-3238
-3664
-4187
-4580
-5009
-5221
-4906
-4378
-3941
-3333
-2298
-848
893
2648
3889
4421
4988
6083
7375
8659
9622
9734
9269
8974
9237
9787
10091
10035
9550
8506
7342
6594
5430
2509
-1527
-6262
-10482
-11098
-9485
-8778
-9513
-12472
-17218
-20338
-19709
-16320
-12074
-9036
-8111
-8721
-9157
-7258
-3191
1205
4726
6559
6786
6965
7959
9065
9710
9574
8864
8109
7465
7174
6586
4634
1926
-657
-3007
-4082
-3952
-4314
-5382
-6872
-8373
-8914
-8429
-7611
-7095
-7065
-7105
-6470
-5087
-3376
-1576
-113
1200
2590
3866
5206
6229
6410
6450
6741
7148
8086
8666
7757
6075
4209
2615
1883
1602
1125
8
-1983
-4073
-5544
-6395
-6243
-5618
-5449
-5525
-5415
-4919
-4087
-3004
-1747
-625
491
2099
4041
5909
7467
8330
8528
8856
9709
10574
11174
11033
10049
9233
8776
8511
8493
8094
6982
5798
4590
3269
2017
-440
-4496
-9596
-14095
-14752
-12843
-11263
-10763
-12960
-17355
-20054
-18831
-14641
-9404
-5364
-3869
-4385
-4527
-2266
1619
5696
9166
10559
9748
9139
9492
9681
9541
8668
6731
4625
3348
2753
1657
-537
-3394
-6166
-8403
-9032
-8275
-8171
-8494
-8801
-9209
-8835
-7281
-5382
-4211
-3410
-2430
-1009
661
2173
3745
4503
4797
6091
7437
7988
8056
7192
5508
4411
4473
4890
4797
3847
1985
-335
-2052
-2526
-2283
-2225
-2614
-3540
-4875
-5745
-5611
-4872
-4232
-3592
-2789
-2019
-1028
100
1037
1607
2256
3457
4703
6126
7612
8298
8321
8217
8132
8268
8863
9272
8769
7534
5907
4400
3575
3584
3923
3924
3375
2290
931
-166
-429
-571
-2092
-5039
-9120
-13308
-14314
-12090
-9864
-8428
-8783
-11807
-14447
-13747
-10379
-5996
-1794
594
541
-11
1154
3619
6065
8330
9517
8613
7367
7013
6233
4817
3283
1260
-911
-2094
-2256
-2686
-4324
-6597
-8747
-10439
-10384
-8505
-7002
-6453
-5983
-5491
-4584
-2800
-726
598
1216
1849
2985
4431
5684
6588
6436
5473
5247
5565
5604
5439
4402
2499
845
-68
0
489
285
-667
-1926
-3130
-3573
-3016
-2309
-2039
-2140
-2443
-2607
-2458
-1904
-1270
-899
-267
583
1350
2207
2967
3133
3023
3315
4232
5687
7003
7633
7330
6386
5920
6330
6841
6908
6515
5408
3999
3199
2714
2212
2010
1909
1761
1752
1658
1201
782
755
775
-484
-3331
-7358
-11905
-13552
-11424
-8555
-6383
-6154
-9340
-13217
-13517
-10341
-5454
-523
2240
2018
420
500
2609
5104
7578
8901
7779
5831
4872
3974
2451
783
-1178
-3227
-4269
-3959
-3872
-5315
-7460
-9294
-10328
-9820
-7576
-5585
-4965
-4463
-3679
-2550
-485
2110
3580
3835
4241
5164
6214
6942
7050
5950
4321
3868
4173
3998
3204
1592
-1005
-2975
-2976
-1961
-1157
-998
-1585
-2754
-3331
-2462
-1168
-243
337
447
205
195
574
772
597
360
460
998
1756
2492
2656
1969
1342
1664
2657
4163
5693
6050
5419
4762
4602
5126
5940
6348
6000
4800
3361
2611
2325
1957
1768
1747
1469
1490
2225
2655
2116
1612
1563
927
-747
-3300
-7613
-12125
-12689
-10227
-7879
-6038
-6428
-10240
-13490
-12599
-8794
-3933
611
2678
1825
586
1359
3529
5719
7770
8284
6556
4824
3969
2614
743
-1038
-3024
-4715
-5273
-4810
-4857
-6435
-8334
-9694
-10197
-8797
-5778
-3670
-2969
-2199
-1357
-21
2566
5116
6200
6365
6311
6317
6637
6855
6572
5433
3929
3115
2680
2026
691
-1593
-4176
-5844
-5808
-4300
-2579
-1980
-2485
-3343
-3697
-2671
-488
1599
2791
3125
2718
2026
1663
1759
1940
1834
1777
1713
1268
737
137
-553
-805
-61
1468
2978
3981
4449
4218
3737
4334
5671
6628
7107
6811
5448
3996
3356
3026
2624
2150
1488
1091
1422
2066
2458
2161
1213
547
958
2357
2880
524
-4243
-10464
-14967
-13834
-9575
-6091
-4312
-6309
-11581
-14324
-12008
-7211
-1649
2936
4131
2514
1352
2288
3953
5615
7302
7296
5297
3836
2855
600
-1866
-3704
-5574
-6760
-6331
-5626
-6081
-7543
-8935
-9377
-8759
-6368
-3143
-1478
-713
575
2103
3931
6245
7668
7475
7007
6919
7142
7250
6707
5476
3443
1649
989
472
-560
-2156
-4544
-6776
-7414
-6368
-4371
-2447
-1708
-1955
-2144
-1630
-82
2078
3709
4322
4118
3654
3200
2550
1954
1228
263
-315
-406
-604
-953
-1230
-1573
-1478
-401
1207
2859
4140
4894
5320
5562
6125
7051
7608
7590
7121
6041
4873
4218
3654
2720
1561
84
-1349
-1844
-1446
-558
278
650
564
334
1013
2426
2703
794
-3180
-8873
-13255
-12454
-8552
-5211
-3162
-4417
-9440
-12850
-11242
-7064
-1967
2847
4504
2897
1315
1542
2641
4171
5992
6324
4527
2646
1166
-1057
-3357
-4944
-6251
-7155
-6886
-5864
-5677
-6417
-6930
-6953
-6326
-4298
-1307
632
1746
3417
4922
6280
7951
8831
8135
7009
6353
5858
5283
4296
2606
273
-1681
-2503
-2835
-3415
-4630
-6372
-7884
-8092
-6608
-4097
-1839
-542
-1
128
627
2089
3918
5249
5787
5422
4284
2946
1694
608
-193
-861
-1260
-1440
-1713
-1877
-1866
-1768
-1284
-27
1758
3553
5109
6128
6475
6443
6796
7467
7930
8096
7423
5594
3408
1813
727
143
142
-26
-740
-1465
-1819
-1811
-1204
97
1578
2643
3395
4254
4894
4434
2222
-1811
-7048
-11127
-11045
-8184
-6015
-4846
-6043
-10521
-13446
-11694
-7912
-3482
958
2629
1503
534
1000
2077
3416
4999
5356
3983
2695
1732
-298
-2559
-4125
-5709
-6625
-6046
-5021
-4566
-4860
-5366
-5270
-4409
-2526
159
1766
2219
3377
4690
5750
7409
8242
7006
5465
4506
3521
2798
2000
584
-1247
-2917
-3633
-3967
-4649
-5108
-5611
-6202
-5602
-4049
-2517
-787
847
1736
2478
3472
4165
4586
5008
5070
4630
3961
2844
1092
-797
-2191
-3079
-3490
-3283
-2882
-2735
-2648
-2209
-1388
-171
1651
3947
5835
7017
7836
7908
7563
7618
7688
7382
6761
5550
3812
2197
941
-10
-807
-1672
-2269
-2421
-2324
-1663
-518
595
1602
2593
3473
4222
4942
5783
5980
3922
-228
-5733
-11368
-13294
-10862
-7955
-6128
-6197
-9944
-14112
-13944
-10399
-5718
-704
2466
2581
1780
2190
3495
4776
6086
6934
6136
4701
3822
2162
-572
-2838
-4577
-5981
-6124
-5177
-4566
-5057
-5813
-6075
-5796
-4510
-2145
-165
824
2105
3730
5057
6320
7033
6287
4876
4140
3975
3645
2735
1241
-793
-2798
-3529
-3265
-3182
-3344
-3796
-4610
-4934
-4282
-3006
-1349
174
1326
2297
2875
3104
3209
3083
2811
2680
2450
1819
650
-1041
-2664
-3647
-3875
-3182
-2007
-1269
-996
-785
-297
797
2575
4690
6503
7692
8260
8243
7834
7524
7333
6809
6193
5526
4077
2218
830
-430
-1588
-2032
-2292
-2741
-2745
-2427
-2016
-905
627
1915
3249
4497
5125
5479
6394
7241
6163
2838
-2355
-9170
-13866
-12955
-9713
-7367
-5904
-7997
-13617
-16069
-13256
-8908
-3651
1639
3423
2488
2614
3812
4626
5840
7357
7352
6095
5252
3833
661
-2500
-4539
-6086
-6725
-5922
-5079
-5547
-6717
-7386
-7338
-6540
-4291
-1362
310
1526
3475
4924
5943
7162
7488
6657
5975
5675
5081
4013
2475
792
-858
-2065
-2421
-2806
-3880
-5016
-5736
-5953
-5332
-3972
-2764
-2101
-1313
-137
891
1874
2796
2939
2687
2876
3157
3025
2634
1676
27
-1282
-1715
-1445
-574
272
465
264
153
597
1990
3725
5149
6249
6672
6498
6306
6247
6130
5983
5695
4793
3318
1720
390
-642
-1464
-1937
-2215
-2490
-2315
-1742
-1425
-893
406
1888
3392
4769
5331
5274
5483
6256
6908
5798
1845
-4214
-10981
-14831
-13372
-10170
-7964
-7226
-10018
-14702
-15575
-12291
-7745
-2330
2139
3537
3389
3789
4687
5462
6323
7240
7147
6157
5217
3444
224
-2898
-5230
-6838
-7065
-6358
-5847
-6106
-6916
-7328
-6726
-5338
-3100
-550
899
2255
4296
5855
7114
8293
8060
6880
6213
5442
4452
3376
1518
-638
-2523
-3888
-4365
-4636
-5305
-6047
-6697
-6950
-6104
-4427
-2517
-839
373
1517
2432
3113
4034
4835
5141
5404
5364
4425
3029
1446
-236
-1430
-1811
-1652
-1500
-1498
-1610
-1787
-1594
-617
903
2398
3804
4969
5667
6034
6262
6455
6349
6054
5644
4823
3802
2899
2063
1045
143
-602
-1567
-2225
-2090
-1604
-1042
-116
789
1409
2432
3674
4562
5165
5432
5329
5341
4865
2349
-2067
-7698
-12855
-14196
-12170
-9816
-8134
-8668
-12198
-14740
-13308
-9584
-4659
455
3344
3849
3958
4629
5373
6204
7278
7629
6938
6110
4674
1753
-1495
-4238
-6336
-7009
-6589
-6135
-6181
-7059
-8105
-8136
-7034
-4938
-2067
117
1182
2601
4183
5502
7139
8158
7599
6557
5728
4757
3730
2406
567
-1481
-3175
-3834
-3848
-3943
-4194
-4784
-5313
-4991
-3914
-2404
-766
311
1034
2014
2825
3548
4351
4549
4317
4132
3639
2656
1461
42
-1317
-2032
-2066
-1657
-1181
-879
-703
-559
-48
895
2041
3412
4718
5666
6421
7035
7059
6865
6662
6057
5488
4793
3597
2212
735
-797
-1914
-2507
-2864
-2785
-2539
-2306
-1608
-960
-405
604
1659
2632
3769
4655
5005
5228
5494
5545
4380
1025
-3849
-9419
-13666
-13468
-10603
-8660
-7821
-9121
-12944
-14654
-11838
-7273
-2274
2277
4188
3763
3541
4309
5268
6557
8080
8494
7241
5421
3044
-466
-3525
-5193
-6201
-6461
-6203
-6343
-7060
-7983
-8323
-7397
-5587
-3377
-805
833
1562
3186
5060
6499
8101
8874
7872
6528
5681
4500
3203
1969
296
-1406
-2513
-3112
-3662
-4407
-5297
-5965
-5895
-5037
-3549
-1849
-515
370
1280
2315
3143
3926
4547
4686
4573
4231
3442
2141
599
-692
-1359
-1504
-1308
-1030
-1120
-1458
-1476
-989
-13
1323
2793
4089
4870
5470
6020
6119
6009
6202
5987
5209
4568
3379
1581
337
-271
-839
-1201
-1347
-2087
-2887
-2709
-1922
-670
945
2121
2584
2978
3483
4213
5192
5713
5984
5968
4691
1791
-2335
-7518
-12336
-13573
-11575
-9622
-8579
-9101
-12255
-14913
-13375
-9213
-4603
180
3123
3297
3241
4294
5262
6226
7686
8223
7364
6017
3997
998
-1993
-4029
-5176
-5781
-6136
-6450
-7071
-8052
-8416
-7690
-6345
-4373
-1841
24
943
2409
4356
5966
7668
8960
8643
7367
6388
5483
4387
3170
1645
-136
-1790
-2882
-3538
-4178
-4950
-5682
-5975
-5661
-4695
-2965
-1178
-38
1171
2435
2929
3522
4659
5120
5092
5270
4648
3202
1873
605
-534
-1030
-1147
-1319
-1579
-1919
-2005
-1602
-704
605
2071
3278
4123
4915
5657
6060
6319
6500
6150
5368
4529
3414
2077
1169
393
-555
-1129
-1695
-2578
-3080
-3032
-2618
-1617
-192
1077
2132
3036
3645
4056
4472
4861
5104
5389
5047
2637
-1670
-6903
-12036
-14188
-12470
-10217
-9126
-9399
-12099
-14842
-13850
-9864
-5124
-523
2583
3552
3807
4678
5863
6779
7689
8379
7970
6767
5019
2142
-1164
-3680
-5203
-5849
-5890
-6087
-6730
-7673
-8487
-8127
-6644
-4634
-2145
80
1307
2648
4535
6111
7643
8982
9025
8123
7276
6353
5052
3397
1433
-658
-2441
-3356
-3678
-4284
-5212
-6151
-6693
-6276
-4898
-2930
-1053
192
1061
2051
3061
4047
5027
5380
5086
4641
3964
2983
1837
565
-710
-1621
-2038
-2184
-2265
-2335
-2165
-1719
-1009
6
1169
2368
3514
4419
5169
5725
5916
6033
6029
5511
4864
4187
3051
1994
1184
201
-755
-1470
-2025
-2352
-2217
-1547
-615
179
926
1636
2078
2447
2697
2861
3220
3755
4375
4651
3236
-427
-5077
-9915
-13002
-12025
-9120
-7522
-7442
-9260
-12605
-13487
-10146
-5322
-868
2494
3626
3119
3040
4073
5274
6209
7128
7347
6280
4587
2427
-557
-3381
-4855
-5250
-5289
-5330
-5663
-6588
-7649
-7598
-6106
-4166
-2163
-150
965
1528
2907
4781
6338
7652
8316
7704
6512
5631
4693
3247
1605
144
-1157
-2182
-2739
-3408
-4753
-6148
-6574
-5863
-4442
-2521
-921
-370
-79
773
2042
3384
4631
5142
4738
4148
3685
3090
2096
850
-384
-1332
-1728
-1635
-1535
-1826
-2100
-1973
-1311
-36
1405
2640
3611
4273
4823
5429
5864
6074
6049
5579
4917
4253
3204
2024
901
-259
-1206
-1950
-2406
-2487
-2381
-2120
-1471
-549
489
1503
2263
2850
3150
3159
3280
3526
3762
4101
4002
2390
-958
-5380
-10050
-12928
-12200
-9796
-8279
-7913
-9255
-11782
-12277
-9400
-5139
-1062
2241
3842
3897
4017
4890
5737
6461
7417
7674
6559
4734
2443
-403
-2859
-4051
-4532
-5053
-5560
-6152
-7066
-7648
-7076
-5687
-4033
-2181
-467
482
1300
2983
4940
6683
8189
8661
7796
6505
5398
4433
3298
1865
423
-989
-2228
-2929
-3707
-5139
-6529
-7200
-6736
-5221
-3372
-1770
-977
-776
-38
1486
3078
4492
5425
5298
4654
4107
3314
2202
1229
375
-404
-885
-1367
-2030
-2674
-2950
-2483
-1484
-317
882
1799
2433
3223
4132
4880
5481
5803
5745
5305
4610
4007
3238
2143
1234
494
-315
-813
-816
-842
-1068
-1136
-1076
-824
3
1198
2062
2569
2815
2606
2451
2776
3284
3881
4367
3974
1891
-1794
-6034
-9807
-11575
-10420
-8408
-7571
-7819
-9501
-11782
-11593
-8492
-4608
-776
2178
3078
2937
3315
4228
5391
6725
7580
7286
6007
4212
1986
-482
-2449
-3609
-4403
-5016
-5411
-6006
-6952
-7557
-7291
-6177
-4520
-2548
-692
466
1481
3009
4647
6059
7387
7990
7358
6449
5598
4364
2954
1560
162
-1161
-2216
-3111
-4125
-5453
-6501
-6563
-5926
-4670
-3029
-1883
-1230
-203
1141
2415
3779
4798
4966
4833
4675
4171
3431
2536
1408
299
-570
-1238
-1693
-2073
-2295
-2050
-1590
-1003
-146
706
1555
2560
3608
4524
5027
5185
5391
5393
5028
4759
4304
3314
2372
1724
947
306
87
-136
-553
-1005
-1250
-1329
-1115
-201
820
1182
1526
1973
1760
1741
2357
2497
2596
3387
3810
2943
639
-3021
-7323
-10834
-11538
-9670
-8105
-7648
-8103
-10157
-11714
-10015
-6385
-2865
364
2686
3288
3293
4337
5647
6190
6722
7139
6317
4923
3689
1651
-1024
-2972
-4161
-5249
-5861
-5963
-6527
-7354
-7293
-6296
-4962
-3331
-1525
-152
630
1825
3766
5478
6738
7651
7467
6312
5210
4293
3095
1685
549
-549
-1825
-2600
-3067
-4096
-5163
-5607
-5613
-5028
-3815
-2478
-1487
-848
9
1159
2178
3211
4048
4152
4004
3976
3764
3217
2368
1343
258
-673
-1107
-1236
-1472
-1673
-1660
-1606
-1281
-474
534
1583
2581
3413
4051
4531
4914
5329
5586
5463
5032
4241
3172
2236
1474
755
163
-353
-863
-1292
-1470
-1362
-1141
-708
137
1004
1645
2129
2277
2340
2671
3127
3547
3758
3568
3078
2539
1586
-464
-3514
-7065
-10401
-11809
-10699
-8979
-8032
-7923
-9065
-10302
-9226
-5998
-2422
639
2720
3390
3514
4167
5122
5804
6118
6091
5414
4159
2608
604
-1811
-3778
-4824
-5382
-5605
-5669
-6018
-6593
-6709
-5954
-4466
-2697
-953
552
1489
2408
3882
5347
6431
7150
7068
6101
4903
3832
2570
1152
-83
-1046
-1849
-2487
-2907
-3617
-4722
-5381
-5278
-4708
-3546
-2062
-1085
-348
585
1455
2363
3323
3941
4038
3884
3672
3154
2386
1595
637
-342
-1014
-1394
-1698
-1941
-2039
-1992
-1836
-1375
-540
323
1320
2572
3576
4298
4887
5161
5368
5567
5542
5355
4791
3740
2757
1898
1069
542
154
-302
-731
-1044
-1241
-1214
-834
-31
930
1725
2420
2798
2608
2509
2796
2819
2750
2871
2514
1787
1340
821
-189
-1945
-4599
-7530
-10252
-11675
-10663
-8827
-7748
-6872
-6855
-7828
-7141
-4419
-1709
836
3207
4191
4110
4363
4860
4727
4344
4238
3607
2304
1127
-396
-2832
-4927
-6000
-6759
-6855
-6116
-5479
-5272
-4924
-4230
-3392
-2339
-763
1080
2470
3690
5109
5904
6014
6199
5960
4937
4011
3250
1969
492
-769
-1976
-2960
-3379
-3427
-3660
-4297
-4831
-4916
-4593
-3427
-1623
-160
899
1769
2239
2592
3172
3647
3861
3879
3682
3180
2322
1300
201
-853
-1526
-1650
-1580
-1566
-1529
-1462
-1414
-1050
-167
934
2033
3164
4040
4536
4901
5108
5162
5045
4743
4296
3710
3116
2557
1999
1423
851
303
-173
-512
-600
-258
280
887
1571
1901
2014
2183
2110
2001
2059
1819
1440
1410
1433
1249
1072
720
40
-490
-783
-1684
-3637
-5998
-8565
-10442
-9976
-8105
-6704
-5795
-5723
-6741
-6860
-5054
-2680
-432
1609
2772
3085
3358
3866
4017
3686
3432
3142
2408
1512
368
-1498
-3498
-4791
-5273
-5223
-4818
-4339
-4203
-4300
-4033
-3177
-2178
-1178
128
1236
2109
3486
4785
5233
5161
4718
3770
2994
2796
2477
1566
324
-885
-1901
-2392
-2306
-2327
-2901
-3557
-3898
-3782
-2984
-1906
-976
-250
370
1062
1808
2318
2515
2588
2630
2752
2903
2643
1843
827
-31
-420
-422
-321
-374
-649
-907
-826
-354
303
961
1621
2272
2897
3637
4255
4417
4343
4280
4119
3992
4068
3835
3158
2579
2086
1672
1547
1423
1087
614
170
16
172
523
964
1216
1250
1230
1096
824
386
160
334
476
705
968
531
-179
-293
-265
-776
-1934
-3884
-6634
-8824
-8944
-7723
-6531
-5476
-5266
-6378
-6812
-5547
-3797
-1981
-20
1249
1627
2074
2769
2923
2637
2611
2520
2090
1694
1034
-472
-2306
-3529
-4157
-4461
-4190
-3703
-3740
-3944
-3705
-3169
-2477
-1560
-519
283
937
2053
3373
4191
4624
4659
3927
3065
2727
2493
1941
1072
48
-1087
-2012
-2224
-2112
-2372
-2824
-3137
-3396
-3415
-2798
-1792
-969
-69
962
1634
1971
2286
2541
2716
3063
3524
3585
3080
2338
1406
537
129
54
-14
-123
-308
-554
-683
-592
-238
413
1283
2182
3002
3558
3821
3962
4127
4301
4538
4606
4270
3790
3248
2620
2172
1776
1224
704
235
-67
-164
-127
-60
-122
-110
128
424
738
1044
962
480
152
101
243
664
1013
926
654
512
386
-67
-1315
-3372
-5946
-8390
-9249
-8426
-7452
-6631
-6111
-6744
-7412
-6579
-4877
-3042
-909
965
1974
2488
3153
3591
3413
3503
3852
3632
3117
2438
849
-1359
-3054
-4079
-4630
-4574
-4180
-4100
-4386
-4363
-3967
-3432
-2556
-1382
-244
753
2046
3477
4332
4759
4918
4506
3802
3340
2944
2173
1167
222
-707
-1562
-1907
-1936
-2249
-2621
-2856
-3179
-3326
-2867
-1958
-967
84
1093
1640
1759
1933
2266
2659
3179
3647
3629
3028
2176
1398
722
277
203
117
-177
-320
-340
-542
-616
-331
81
669
1632
2586
3128
3369
3438
3427
3453
3614
3781
3600
3144
2677
2206
1723
1300
913
423
-49
-175
-62
56
302
614
828
990
1193
1342
1261
967
695
400
-82
-348
-269
-197
-90
174
263
-46
-239
-134
-336
-1244
-2586
-4394
-6616
-7691
-6982
-5966
-5204
-4532
-4909
-6001
-5981
-4744
-3340
-1795
-123
886
1220
1765
2480
2496
2258
2472
2395
1862
1588
986
-506
-1874
-2594
-3082
-3279
-3016
-2837
-3122
-3340
-3098
-2725
-2342
-1571
-667
-51
793
2031
2905
3248
3455
3265
2613
2154
2018
1749
1253
856
479
-160
-673
-895
-1308
-1771
-1898
-1898
-1836
-1576
-1140
-710
-331
170
717
1086
1398
1787
2035
2182
2340
2289
2032
1718
1423
1139
935
813
671
515
419
320
172
103
58
86
377
852
1290
1697
2015
2090
2154
2422
2685
2870
3022
2987
2753
2549
2408
2268
2045
1741
1457
1117
901
953
1007
992
1023
991
822
670
570
299
-75
-210
-266
-422
-406
-347
-432
-409
-143
231
538
861
1257
1360
767
-557
-2580
-4957
-6711
-7008
-6176
-5343
-5037
-5546
-6886
-7838
-7323
-5792
-3958
-2047
-526
324
907
1663
2240
2463
2839
3332
3526
3430
2910
1686
65
-1319
-2128
-2508
-2732
-2771
-2943
-3475
-3771
-3701
-3565
-3208
-2382
-1332
-300
829
1955
2615
2820
3071
3223
3126
3138
3123
2625
1870
1237
675
129
-122
-221
-648
-1261
-1792
-2200
-2408
-2273
-1817
-1303
-876
-326
297
766
1174
1548
1805
1976
2202
2501
2526
2195
1763
1209
592
317
332
266
159
59
-177
-439
-438
-182
233
812
1497
2103
2440
2642
2855
2963
3047
3234
3242
3013
2765
2451
2142
1932
1705
1431
1127
797
621
591
679
845
865
758
597
398
332
396
385
308
194
-41
-192
-69
128
232
262
169
-64
-157
-120
-494
-1454
-2887
-4619
-5999
-6460
-6108
-5532
-5209
-5223
-5536
-5783
-5373
-4341
-3244
-2161
-1111
-287
321
879
1350
1480
1502
1719
1923
1859
1510
869
-36
-933
-1366
-1514
-1712
-1795
-1818
-1950
-1948
-1781
-1742
-1747
-1662
-1339
-719
81
908
1441
1537
1420
1264
1132
1198
1376
1418
1356
1135
794
501
294
264
344
341
229
59
-185
-403
-426
-300
-188
-18
194
298
373
409
406
404
440
583
763
843
846
807
727
783
1030
1387
1630
1662
1584
1426
1275
1364
1670
1846
1884
1822
1566
1338
1311
1414
1559
1611
1531
1346
1119
1079
1227
1421
1685
1904
1952
1916
1877
1850
1867
1860
1768
1608
1324
961
619
172
-358
-816
-1260
-1584
-1666
-1714
-1794
-1755
-1637
-1374
-976
-594
-286
-89
121
460
670
385
-498
-1863
-3242
-3999
-3894
-3361
-3043
-3219
-3896
-4733
-5080
-4789
-4221
-3571
-2862
-2137
-1398
-635
-12
247
263
435
791
1266
1725
1842
1484
862
249
-246
-535
-666
-728
-837
-943
-1053
-1275
-1612
-1978
-2209
-2119
-1600
-738
137
671
772
549
292
325
677
1216
1665
1829
1801
1631
1379
1164
958
690
571
592
555
457
213
-166
-430
-390
-143
151
382
381
228
216
349
531
775
1001
1125
1260
1443
1523
1423
1218
1053
1009
1177
1441
1568
1482
1257
1059
980
1044
1221
1408
1538
1639
1682
1559
1298
1059
954
998
1148
1299
1230
908
636
488
411
500
607
552
442
393
355
256
117
-27
-172
-246
-161
-90
-167
-238
-309
-418
-465
-535
-727
-886
-903
-851
-797
-763
-833
-954
-972
-840
-611
-500
-552
-796
-1292
-1845
-2226
-2474
-2549
-2391
-2187
-2086
-2078
-2113
-2148
-2067
-1825
-1491
-1214
-995
-769
-552
-341
-179
-102
-130
-156
-126
-73
-51
-124
-281
-467
-658
-778
-798
-818
-804
-716
-704
-748
-759
-823
-830
-665
-394
-45
257
432
500
469
515
708
920
1089
1201
1136
1016
1026
1087
1151
1151
1021
780
569
473
493
558
593
612
638
625
627
659
607
607
688
755
806
826
749
677
650
651
677
664
642
659
666
667
651
568
517
576
685
748
746
629
523
522
601
704
710
629
547
454
403
381
260
91
24
14
-6
39
63
-10
-43
74
190
242
267
245
141
116
206
180
90
10
-87
-153
-106
-17
-63
-175
-260
-334
-376
-305
-213
-279
-415
-529
-648
-708
-634
-574
-641
-741
-802
-875
-883
-774
-700
-709
-732
-714
-657
-537
-358
-267
-290
-354
-380
-394
-432
-502
-635
-778
-846
-755
-694
-775
-891
-1039
-1185
-1215
-1084
-1001
-1014
-993
-925
-810
-610
-364
-231
-202
-136
-22
150
347
471
491
436
358
332
342
357
391
381
349
322
250
193
139
54
-8
42
107
171
233
208
98
6
-31
-14
134
300
437
480
415
300
221
243
369
473
529
569
530
458
397
362
346
384
495
586
561
458
351
237
192
248
305
295
312
385
467
559
593
578
522
556
698
818
830
722
577
439
377
312
235
127
15
14
41
1
-103
-249
-351
-285
-135
19
92
20
-94
-74
10
139
253
227
156
167
230
259
295
243
135
114
103
18
-79
-235
-399
-430
-333
-237
-245
-338
-463
-624
-640
-474
-366
-332
-297
-322
-362
-279
-235
-296
-331
-352
-347
-249
-144
-119
-210
-334
-403
-363
-213
-71
-14
-93
-230
-320
-312
-267
-231
-215
-221
-237
-244
-269
-379
-513
-582
-594
-573
-507
-491
-564
-658
-701
-663
-586
-508
-492
-520
-559
-557
-465
-385
-328
-266
-249
-233
-168
-101
-40
35
75
87
102
95
95
68
1
-28
-13
43
117
162
174
185
216
254
297
313
330
392
482
576
657
696
694
703
721
752
792
800
772
712
625
558
480
384
321
241
167
100
-12
-120
-151
-116
-37
59
96
94
104
154
262
377
488
592
702
779
862
916
893
805
671
525
390
274
176
73
-23
-85
-119
-155
-206
-271
-310
-250
-169
-98
-40
-40
-73
-53
2
12
29
47
46
48
56
33
-53
-146
-173
-163
-126
-94
-136
-236
-326
-335
-299
-233
-192
-215
-285
-326
-309
-273
-209
-159
-179
-270
-341
-381
-447
-498
-547
-654
-758
-807
-821
-845
-855
-819
-807
-826
-832
-828
-848
-777
-612
-501
-417
-301
-219
-167
-99
-56
-88
-135
-101
-105
-154
-223
-318
-415
-456
-423
-413
-453
-458
-402
-309
-171
-35
30
85
207
377
560
702
821
876
877
865
788
667
580
557
538
515
443
360
287
223
170
69
-27
-46
42
187
311
363
346
295
343
486
615
727
790
789
791
807
817
756
642
515
455
455
463
480
385
238
73
-67
-134
-147
-74
94
250
345
361
243
56
-73
-24
127
325
496
528
428
320
245
159
80
32
70
165
254
252
85
-156
-280
-295
-292
-266
-254
-244
-162
-91
-160
-357
-531
-502
-299
-73
52
-3
-179
-297
-301
-312
-353
-381
-364
-310
-203
-159
-255
-397
-518
-625
-712
-762
-783
-750
-661
-590
-648
-808
-933
-999
-975
-867
-807
-782
-724
-634
-573
-598
-672
-728
-696
-543
-355
-226
-193
-185
-170
-164
-143
-148
-170
-133
-36
59
119
117
32
-57
-109
-103
-44
13
74
124
161
200
209
193
165
127
127
178
227
293
350
374
407
446
440
445
481
525
605
683
703
644
570
515
505
503
515
527
543
583
603
556
448
361
331
383
451
489
486
499
522
516
465
350
266
306
474
642
718
671
582
493
459
474
453
431
465
536
617
609
472
305
154
41
16
57
100
133
182
140
3
-88
-70
27
181
308
313
258
234
207
82
-88
-232
-295
-217
-89
-58
-160
-353
-503
-588
-652
-681
-689
-672
-604
-518
-511
-597
-716
-831
-912
-924
-872
-829
-830
-881
-983
-1129
-1207
-1204
-1165
-1106
-1035
-965
-897
-823
-776
-807
-843
-815
-716
-540
-385
-292
-284
-331
-403
-454
-492
-506
-441
-323
-209
-165
-177
-248
-326
-347
-318
-259
-174
-71
10
80
99
86
84
96
151
217
326
431
504
566
545
466
402
404
474
593
688
740
713
678
662
618
565
518
518
555
645
719
720
687
663
658
673
702
744
790
863
961
982
917
840
753
708
761
856
919
959
957
892
797
733
686
644
647
653
660
647
620
568
478
397
363
347
347
359
358
362
356
311
211
92
-22
-72
-56
-49
-65
-139
-210
-246
-290
-380
-495
-598
-639
-563
-462
-443
-510
-632
-736
-765
-763
-769
-742
-695
-635
-563
-607
-751
-950
-1097
-1151
-1133
-1083
-1062
-1099
-1181
-1268
-1363
-1446
-1480
-1422
-1305
-1132
-980
-865
-802
-803
-812
-837
-819
-766
-634
-460
-334
-281
-355
-480
-553
-576
-528
-447
-382
-329
-271
-209
-160
-177
-199
-177
-111
55
240
353
349
290
224
185
223
303
392
478
584
686
698
661
596
533
554
629
721
801
874
912
913
862
768
693
695
762
874
957
974
962
932
885
845
814
798
851
941
1047
1100
1066
979
861
795
797
832
875
919
954
963
940
868
752
630
587
614
679
717
696
614
469
309
158
52
7
34
84
94
56
-24
-104
-142
-152
-132
-117
-115
-105
-112
-134
-200
-278
-353
-415
-420
-401
-389
-418
-499
-628
-764
-879
-959
-978
-954
-940
-953
-987
-1062
-1143
-1197
-1239
-1257
-1282
-1279
-1251
-1242
-1238
-1269
-1320
-1350
-1318
-1215
-1122
-1058
-1036
-1048
-1026
-974
-897
-834
-839
-823
-769
-699
-615
-589
-589
-609
-588
-506
-418
-349
-310
-292
-256
-215
-170
-132
-94
-18
61
153
240
288
295
306
346
386
473
543
605
648
671
691
694
702
720
757
791
835
849
858
865
875
874
872
868
864
911
968
993
991
981
961
966
992
1013
995
980
971
977
1003
997
978
944
935
927
922
916
890
861
854
830
776
702
640
602
584
569
515
432
374
320
257
197
126
84
76
98
91
22
-60
-86
-92
-56
-31
-63
-99
-122
-132
-151
-196
-272
-338
-391
-420
-451
-500
-569
-637
-691
-747
-789
-832
-840
-841
-847
-868
-921
-967
-1017
-1042
-1056
-1056
-1043
-1018
-977
-967
-1014
-1074
-1108
-1123
-1077
-1029
-995
-953
-931
-925
-921
-918
-921
-888
-828
-767
-730
-718
-697
-696
-676
-647
-610
-574
-538
-486
-455
-420
-380
-348
-315
-278
-204
-105
-11
86
139
155
160
174
225
279
339
388
415
450
475
498
502
506
507
521
559
574
586
585
602
647
685
704
712
733
786
852
931
960
947
940
927
945
967
982
1005
1008
1000
972
918
856
807
779
759
762
761
744
709
643
582
515
474
478
497
518
524
520
487
448
437
410
391
381
354
310
271
235
180
138
133
126
109
94
53
-25
-114
-196
-255
-305
-340
-363
-409
-444
-449
-431
-425
-418
-435
-464
-464
-444
-410
-412
-440
-468
-504
-515
-532
-566
-622
-681
-714
-759
-791
-832
-883
-895
-863
-823
-809
-817
-821
-796
-753
-687
-661
-682
-709
-703
-663
-633
-596
-585
-597
-595
-585
-591
-576
-552
-525
-491
-472
-445
-429
-401
-358
-328
-312
-291
-245
-202
-153
-100
-87
-70
-21
48
112
146
144
112
92
101
138
167
180
190
232
286
319
360
361
373
408
463
523
561
588
599
624
639
651
653
647
648
649
664
692
701
677
655
622
609
631
654
684
692
691
684
679
686
690
713
749
758
750
717
663
591
543
503
468
443
425
425
396
364
314
248
179
157
149
139
141
111
82
46
-1
-41
-72
-78
-60
-55
-50
-78
-122
-150
-178
-190
-221
-231
-209
-192
-207
-268
-361
-458
-492
-482
-458
-442
-452
-441
-415
-414
-413
-447
-477
-462
-417
-370
-355
-364
-406
-446
-490
-568
-638
-693
-721
-704
-668
-632
-618
-599
-582
-547
-518
-476
-405
-360
-328
-325
-350
-379
-373
-339
-296
-258
-249
-257
-279
-303
-323
-330
-316
-294
-243
-202
-155
-113
-110
-108
-134
-150
-156
-109
-61
2
77
98
105
86
60
38
48
90
154
228
290
331
327
314
293
281
299
325
355
352
354
344
325
328
343
353
369
383
390
386
376
357
327
308
313
361
409
460
483
453
430
396
357
329
305
295
307
351
380
388
383
348
314
278
259
247
234
242
242
234
218
193
164
136
114
118
128
151
173
179
180
173
180
179
196
213
205
208
187
157
129
100
75
49
36
27
9
-17
-57
-110
-172
-208
-212
-199
-177
-162
-176
-198
-211
-216
-204
-205
-231
-260
-272
-282
-265
-252
-249
-240
-241
-243
-272
-319
-367
-390
-382
-365
-357
-368
-387
-401
-402
-416
-435
-464
-459
-412
-376
-329
-303
-290
-288
-264
-241
-253
-242
-225
-183
-146
-126
-130
-170
-199
-197
-187
-179
-176
-195
-208
-211
-203
-195
-196
-186
-162
-134
-82
-55
-34
-25
-31
-18
-10
18
47
86
109
111
107
76
69
67
72
84
104
135
165
187
196
192
178
187
211
237
267
299
325
348
353
336
305
271
262
259
280
291
288
283
267
261
250
254
265
277
297
314
327
338
330
332
322
321
342
353
353
336
304
270
252
227
215
199
182
192
190
189
161
119
90
79
90
98
122
132
137
126
112
95
46
31
7
-18
-51
-86
-98
-114
-125
-141
-147
-172
-170
-163
-174
-191
-224
-229
-218
-208
-198
-201
-219
-219
-196
-181
-185
-216
-231
-237
-236
-219
-208
-211
-222
-234
-243
-263
-285
-289
-283
-279
-270
-261
-245
-227
-233
-237
-264
-281
-283
-258
-231
-236
-238
-255
-264
-258
-249
-243
-244
-238
-219
-198
-181
-186
-192
-206
-199
-169
-123
-85
-59
-40
-50
-67
-89
-89
-91
-78
-58
-17
16
42
67
51
31
19
28
48
80
96
110
123
134
155
158
156
167
187
213
228
239
236
235
254
258
270
262
248
269
272
292
287
272
269
269
295
306
323
323
322
332
344
339
335
327
325
324
328
335
330
319
303
269
230
188
145
124
111
134
137
143
160
134
124
96
80
59
51
69
71
87
77
74
43
11
-17
-46
-71
-80
-62
-56
-39
-44
-51
-72
-104
-109
-117
-112
-110
-103
-96
-110
-134
-164
-194
-225
-216
-200
-182
-177
-205
-216
-267
-301
-317
-331
-299
-258
-208
-188
-210
-238
-284
-306
-317
-288
-256
-210
-157
-132
-135
-180
-217
-258
-279
-283
-262
-237
-202
-178
-164
-173
-202
-220
-238
-219
-190
-137
-90
-60
-55
-69
-97
-109
-107
-79
-28
0
22
38
32
23
24
26
37
48
89
119
130
115
106
70
45
51
71
111
148
194
220
221
199
172
151
144
166
210
258
294
302
301
270
235
206
176
173
169
194
217
224
216
191
158
114
96
90
96
98
107
111
118
106
96
86
65
74
76
95
94
89
88
73
74
58
64
70
72
81
64
44
5
-18
-41
-59
-65
-66
-63
-52
-45
-55
-67
-91
-100
-107
-116
-111
-107
-95
-75
-77
-84
-110
-139
-165
-178
-175
-179
-176
-171
-166
-154
-163
-171
-171
-177
-163
-156
-145
-125
-119
-94
-90
-100
-105
-123
-117
-113
-108
-105
-120
-123
-119
-115
-108
-95
-87
-76
-65
-56
-50
-55
-52
-55
-41
-29
-11
15
38
51
62
66
62
54
47
55
68
79
103
116
111
108
91
83
73
70
75
75
85
101
126
132
136
133
113
109
108
126
136
138
151
140
138
140
131
120
108
94
95
85
89
98
91
105
102
112
112
106
97
80
68
50
37
29
29
27
37
48
56
53
34
33
23
22
38
34
43
38
50
57
42
36
17
2
-16
-23
-37
-38
-45
-52
-56
-86
-93
-100
-96
-86
-91
-99
-99
-100
-90
-76
-71
-73
-71
-73
-76
-100
-123
-134
-138
-116
-94
-73
-72
-83
-92
-100
-100
-96
-98
-85
-75
-62
-55
-51
-50
-65
-63
-70
-79
-83
-82
-73
-74
-68
-69
-62
-49
-29
1
12
23
18
16
20
23
25
25
35
45
61
76
76
68
47
38
46
57
71
67
71
80
84
93
89
77
68
60
70
82
89
105
116
127
146
151
148
152
136
142
135
129
126
116
123
109
98
86
70
64
63
57
59
46
49
59
55
67
68
75
80
87
100
96
88
76
68
69
54
58
58
56
43
18
7
-10
-8
-10
-4
-3
-3
-1
7
-4
-7
-21
-33
-31
-42
-32
-42
-46
-59
-68
-79
-97
-113
-117
-113
-106
-102
-98
-96
-100
-117
-126
-127
-126
-102
-100
-82
-90
-106
-112
-123
-118
-122
-116
-108
-96
-81
-87
-95
-117
-133
-134
-135
-116
-100
-83
-62
-62
-70
-87
-99
-88
-79
-63
-36
-30
-15
-16
-27
-33
-48
-54
-41
-29
-11
0
-10
-4
-10
-12
-10
-17
-7
0
8
29
33
48
50
52
69
67
79
76
83
92
87
82
69
59
57
59
77
89
90
88
78
65
61
52
62
74
86
102
115
132
132
122
109
105
85
90
95
113
114
115
119
101
82
68
64
68
72
77
85
81
79
75
62
57
49
49
55
57
55
40
35
26
29
15
6
-9
-12
-7
-16
-20
-41
-48
-59
-51
-36
-31
-37
-46
-47
-61
-81
-108
-119
-137
-128
-123
-113
-106
-110
-105
-112
-118
-125
-128
-131
-113
-104
-84
-81
-81
-78
-93
-97
-114
-122
-129
-126
-108
-92
-81
-82
-78
-84
-95
-99
-102
-89
-87
-72
-61
-52
-48
-54
-40
-40
-25
-22
-18
-12
-10
-7
-12
-8
-18
-1
0
10
27
20
29
7
5
-2
-2
3
15
47
70
86
89
86
77
68
63
71
74
88
91
92
94
86
77
69
61
64
62
70
86
90
99
93
92
78
90
88
85
96
82
95
86
83
85
79
80
77
77
77
75
60
53
44
36
43
41
54
56
47
54
38
33
26
13
17
0
8
14
14
10
-16
-19
-45
-63
-60
-68
-55
-58
-58
-46
-60
-68
-71
-85
-77
-76
-66
-60
-68
-62
-64
-73
-84
-92
-94
-96
-100
-91
-92
-96
-90
-86
-81
-88
-82
-73
-70
-65
-68
-70
-68
-76
-63
-60
-59
-53
-54
-47
-46
-48
-44
-53
-54
-52
-53
-52
-52
-43
-39
-41
-33
-35
-31
-31
-20
-14
-9
2
15
25
23
36
27
31
24
30
37
34
46
50
53
50
43
37
36
36
37
37
40
46
46
50
62
62
72
71
73
73
73
84
82
87
88
89
82
80
86
83
75
63
61
65
60
60
69
74
81
78
80
79
62
60
53
54
48
51
48
47
45
44
48
20
18
14
8
9
-4
10
16
8
6
-4
-18
-23
-34
-34
-27
-39
-27
-37
-36
-25
-31
-37
-47
-56
-51
-56
-56
-51
-60
-54
-58
-56
-53
-58
-50
-58
-58
-50
-51
-35
-48
-45
-51
-52
-51
-51
-48
-57
-61
-78
-84
-82
-84
-68
-69
-54
-34
-40
-35
-49
-49
-47
-62
-51
-47
-40
-23
-19
-13
-15
-26
-33
-33
-35
-23
-19
-18
-8
-10
0
-5
-9
-1
-2
5
2
1
4
4
3
11
17
19
28
24
30
27
24
20
21
23
35
42
48
48
52
61
52
50
50
57
65
63
71
84
84
70
69
68
65
66
61
67
71
73
86
74
78
72
77
72
60
73
74
67
50
55
61
61
57
54
69
64
47
51
38
37
28
20
21
20
26
24
26
19
17
10
-8
-9
-7
10
4
5
13
7
9
-11
-22
-29
-42
-42
-41
-37
-38
-33
-29
-45
-43
-56
-59
-66
-75
-66
-52
-54
-53
-53
-55
-58
-77
-69
-73
-72
-64
-72
-58
-65
-65
-66
-76
-79
-72
-67
-68
-58
-57
-51
-58
-55
-54
-47
-47
-43
-27
-31
-24
-35
-37
-48
-51
-50
-52
-44
-41
-29
-30
-22
-32
-29
-31
-29
-22
-12
-6
13
11
13
23
10
18
8
12
16
21
26
28
32
39
40
34
35
33
42
41
46
50
57
50
53
51
49
61
60
66
74
72
81
79
74
78
82
85
81
74
70
64
58
50
48
55
50
54
52
54
58
46
50
39
52
52
53
59
55
64
56
40
33
30
26
27
26
28
14
10
-8
-13
-17
-22
-9
-8
-1
2
-6
-12
-24
-25
-26
-30
-19
-26
-22
-20
-27
-32
-52
-59
-57
-59
-59
-56
-44
-48
-53
-51
-63
-61
-63
-61
-51
-52
-47
-49
-55
-64
-68
-69
-76
-72
-66
-63
-67
-63
-68
-62
-64
-64
-59
-55
-57
-53
-51
-57
-54
-67
-56
-52
-52
-44
-41
-23
-23
-31
-22
-29
-35
-29
-38
-18
-19
-25
-6
-16
-11
-8
-13
3
-3
10
13
18
21
29
35
33
36
29
36
31
31
33
28
37
32
38
34
39
40
43
46
40
43
42
41
45
47
49
60
57
69
62
65
60
60
50
45
50
47
47
37
45
45
38
27
28
26
21
23
26
34
35
38
38
33
31
31
28
20
17
14
14
11
5
13
6
5
8
0
7
2
-5
-8
-16
-10
-13
-11
-19
-16
-12
-23
-18
-24
-22
-17
-19
-21
-16
-21
-13
-26
-29
-31
-46
-40
-56
-47
-49
-46
-46
-46
-45
-46
-38
-56
-48
-50
-51
-49
-57
-48
-46
-53
-54
-57
-52
-54
-53
-49
-49
-35
-39
-35
-38
-30
-36
-39
-37
-37
-35
-35
-36
-28
-28
-29
-15
-17
-13
-5
-4
-2
-9
-5
0
-11
-9
-14
-2
1
-10
6
0
7
6
3
16
14
18
16
25
35
31
22
30
23
23
19
13
36
24
32
41
41
41
38
38
44
40
39
42
31
45
37
41
37
27
41
32
28
46
41
46
40
37
45
35
32
32
30
26
33
27
28
23
24
28
17
20
27
22
18
25
17
26
11
2
16
-1
12
6
5
13
10
12
6
2
2
-1
-5
-7
-11
-4
-15
-13
-12
-14
-18
-29
-27
-31
-27
-27
-26
-24
-18
-18
-22
-24
-31
-24
-35
-32
-39
-31
-32
-35
-29
-34
-33
-35
-40
-33
-29
-32
-19
-27
-21
-19
-23
-23
-29
-25
-23
-22
-24
-15
-13
-18
-15
-15
-14
-11
-20
-11
-18
-18
-17
-22
-25
-18
-16
-16
-6
-5
9
7
3
14
7
0
1
-4
5
5
4
11
10
8
14
5
5
5
10
9
13
16
23
22
11
27
16
20
12
13
22
18
25
28
32
27
34
28
29
21
21
26
17
20
13
23
17
13
16
19
19
15
18
21
28
23
24
26
25
27
25
15
18
20
14
14
5
12
13
2
9
12
12
15
5
8
7
0
6
-1
3
3
4
3
-4
2
-4
0
-9
-4
-1
-11
-2
-11
-8
-12
-9
-14
-16
-10
-11
-4
-9
-6
-5
-5
0
2
4
1
8
1
-4
-11
-16
-8
-20
-11
-3
2
3
-4
0
-1
-5
-8
-7
-7
1
4
-2
-4
-6
-7
-15
-14
-17
1
-2
-1
7
2
7
0
-10
-7
-9
-5
-14
-14
-7
-11
-10
-21
-12
-9
-10
-6
-4
2
0
-8
-6
-7
-12
-4
-9
-5
-3
-2
-10
-5
-10
-12
-10
-19
-1
-12
-7
-5
-10
-8
-13
-18
-16
-14
-16
-5
-9
-3
1
1
-2
-2
-3
-1
-3
-3
-1
0
0
2
3
-3
5
5
1
3
-1
11
7
-3
6
3
8
4
-7
7
12
4
1
-1
14
10
3
5
19
20
13
19
17
15
12
4
3
4
7
10
7
9
18
24
20
15
19
27
17
15
22
22
24
21
11
19
12
10
10
11
23
16
23
20
31
23
16
22
21
9
8
19
12
13
8
18
15
9
9
14
12
8
13
10
1
4
3
-4
-3
-3
6
-3
-2
1
2
-2
-6
6
4
-8
5
6
-8
-9
-10
-13
-20
-22
-21
-13
-19
-14
-19
-15
-20
-22
-15
-26
-15
-16
-23
-22
-19
-22
-23
-27
-24
-17
-18
-18
-12
-16
-17
-18
-21
-21
-17
-16
-20
-17
-15
-24
-21
-28
-17
-18
-15
-8
-3
0
-5
-1
-3
-10
-8
-8
-9
0
-7
-1
2
-1
-6
-1
-2
-9
4
2
11
7
10
15
10
5
5
13
7
7
3
15
13
6
9
13
20
13
11
22
24
23
21
19
27
24
12
16
24
13
19
16
22
22
14
25
22
17
14
21
18
12
15
16
11
7
11
12
6
13
9
10
15
9
20
7
7
11
1
4
-3
2
0
1
2
-2
-1
-4
-2
-7
-11
-9
-3
-11
-17
2
-5
-14
-8
-10
-4
-11
-17
-12
-12
-16
-17
-16
-19
-14
-20
-21
-16
-13
-10
-22
-12
-13
-17
-21
-23
-18
-18
-17
-23
-10
-8
-11
-7
-13
