3
7
12
11
9
6
6
11
8
11
11
10
8
11
13
7
8
6
2
1
3
2
5
5
1
6
7
3
3
5
1
-3
3
1
-2
-2
1
4
0
-3
-2
1
2
-5
-2
-5
-4
-1
-3
-4
-3
-4
-6
-3
-8
-6
-9
-9
-10
-12
-11
-10
-5
-7
-6
-3
-3
-6
-3
-3
-1
-2
0
1
-2
-2
-4
-3
-2
-6
-3
-1
-2
-2
1
1
0
-1
1
-1
-4
-4
-2
1
-5
-4
-2
-4
-2
-3
-3
-4
-3
0
-3
-8
-2
-5
-4
-2
-3
1
-1
-1
2
-1
0
0
-4
0
1
2
3
2
3
1
-1
-1
-2
-3
-4
-1
0
2
3
1
5
6
5
5
3
8
5
6
9
6
5
5
3
5
5
-1
-2
-3
0
-2
2
3
1
0
-1
0
-2
-5
-10
-5
-1
-3
-6
-3
-4
-3
0
1
-1
-5
0
-4
-5
-2
1
0
1
0
3
3
-2
-1
-1
1
1
2
-3
-1
-2
-2
-1
-1
2
0
0
-3
-4
-2
2
-1
-5
-4
-4
-6
-5
-4
0
-3
-3
0
-6
-4
-6
-8
-11
-13
-6
-7
-8
-9
-9
-13
-12
-12
-12
-12
-14
-10
-8
-7
-5
-12
-11
-6
-9
-10
-11
-10
-5
-6
-2
-2
-4
1
2
-4
-4
-1
-2
4
3
0
-2
0
-5
-6
-5
-3
0
-6
-5
-4
-5
-3
-5
-5
-1
-3
-3
-2
0
-2
-7
-7
-4
-2
-2
-3
-3
2
1
0
4
4
3
2
2
2
4
3
-3
2
1
3
4
1
3
3
9
11
9
11
7
12
13
10
13
12
7
10
9
12
10
6
12
14
13
12
11
6
5
2
8
11
9
10
7
8
10
9
7
0
0
3
4
5
1
3
5
4
6
4
2
-3
-2
-1
3
4
0
5
3
8
7
6
8
7
3
0
6
7
5
2
2
3
1
-5
2
-2
3
4
0
3
-2
-2
-1
1
-1
3
3
2
0
-5
-2
-4
-6
-3
-8
-6
-6
-6
-6
-9
-10
-10
-5
-9
-5
-5
-8
-10
-12
-10
-11
-15
-11
-8
-7
-4
-9
-14
-11
-11
-11
-10
-11
-9
-10
-7
-1
-4
-3
-4
-6
-7
-6
-6
-11
-10
-12
-11
-9
-6
-2
-2
-1
5
3
-2
4
0
1
-1
-3
-1
-2
0
0
-1
4
3
0
4
2
8
6
1
2
4
8
-1
4
7
3
6
1
0
-3
0
1
0
3
3
2
4
3
5
3
3
0
0
5
6
2
4
7
3
7
5
4
10
9
10
4
5
4
-1
2
2
-1
3
5
3
4
1
-1
1
-4
-8
-7
-5
-4
-4
-4
-9
-3
0
-11
-5
-5
-5
-3
-11
-8
-11
-6
-5
-7
-4
-9
-10
-7
-9
-8
-7
-8
-7
-8
-11
-10
-8
-12
-7
-11
-9
-9
-9
-4
0
3
-2
-1
-3
-6
0
5
-1
-4
-2
0
-2
-1
-3
-5
-5
-4
-5
-7
-3
-4
-3
0
0
1
1
0
-2
-1
2
-5
0
3
2
1
0
-1
2
2
3
4
3
5
2
5
4
3
6
9
8
5
5
3
8
5
8
10
2
1
2
3
2
3
8
2
3
-1
4
4
2
2
0
-1
-3
-1
0
-1
3
1
3
8
6
4
8
8
10
15
8
7
6
2
4
4
3
3
6
2
5
3
3
9
4
5
4
5
4
2
1
4
2
3
4
1
3
1
4
2
-2
-3
-2
-1
-1
-2
-4
-8
0
0
-2
0
1
4
5
4
5
6
7
5
1
1
2
5
5
6
4
6
6
3
5
-1
1
4
-3
-6
-1
0
-1
0
-4
0
-4
-7
-4
-6
-7
-10
-6
-12
-7
-5
-10
-2
1
-2
-2
-7
-3
-1
-2
-2
-6
-4
-7
-3
-5
-4
-2
-5
-3
-4
0
0
-1
-2
-4
-4
-5
0
-1
-6
-2
0
2
0
1
-1
-3
4
-3
-1
0
-3
-2
6
7
4
3
1
0
0
1
-2
2
3
0
2
2
4
5
-1
1
1
-1
-6
-10
-8
-4
0
1
0
-3
-2
3
-2
0
2
0
4
3
2
0
0
2
-2
3
6
3
3
0
4
6
8
5
4
5
2
-1
1
4
5
3
3
4
3
6
6
5
9
9
12
15
9
6
5
1
4
6
5
4
6
4
8
10
6
5
8
8
7
3
-1
2
1
-1
-1
3
-3
-6
-2
-5
-8
0
-4
-3
-2
-5
-2
-8
-6
-6
-3
-6
-5
-4
-5
-5
-5
-7
-8
-8
-11
-6
-10
-12
-9
-14
-11
-8
-6
-11
-13
-9
-9
-10
-11
-3
-8
-13
-11
-13
-18
-14
-11
-13
-8
-6
-8
-10
-9
-10
-9
-9
-10
-1
-6
-9
-5
-3
3
3
-2
-1
-5
-4
0
0
0
-2
-2
4
3
-1
0
-1
2
5
2
2
5
7
10
5
6
8
6
8
13
10
10
7
7
13
8
12
10
15
15
13
14
15
14
9
6
4
7
11
9
6
7
7
8
9
11
14
12
11
15
16
15
12
8
8
11
14
12
10
12
10
14
16
9
9
8
1
0
1
3
6
4
-1
1
-4
-7
-9
-4
3
-1
0
-2
-2
-4
-6
-10
-11
-13
-11
-8
-13
-10
-6
-5
-4
-4
-5
-5
-7
-9
-8
-5
-6
-8
-7
-8
-8
-11
-9
-6
-5
-5
-1
-1
0
-3
-2
-2
0
0
-1
-1
1
3
2
4
3
-1
-3
-3
-1
-2
-2
-3
-4
-5
-8
-9
-10
-9
-10
-14
-12
-15
-21
-20
-22
-20
-23
-26
-27
-30
-26
-29
-23
-26
-29
-28
-23
-20
-19
-17
-15
-10
-12
-12
-9
-6
-5
-4
1
3
-1
2
7
5
6
14
14
17
13
20
20
20
20
19
24
19
21
26
32
29
29
34
37
41
47
49
50
58
60
57
59
65
65
70
77
78
82
86
89
94
98
88
90
90
88
87
83
77
68
70
62
54
45
40
27
17
12
-1
-14
-25
-41
-54
-65
-79
-98
-115
-123
-138
-150
-158
-171
-179
-185
-196
-202
-203
-209
-211
-210
-209
-206
-197
-189
-184
-179
-168
-157
-146
-130
-117
-102
-86
-83
-65
-48
-37
-24
-15
-5
12
27
39
52
60
71
76
83
93
100
107
113
118
122
128
131
135
139
146
148
152
154
162
166
169
175
176
180
185
188
193
189
196
205
199
201
200
199
199
196
192
188
191
189
180
170
157
149
140
121
102
74
56
31
3
-25
-54
-87
-111
-143
-179
-202
-231
-261
-283
-308
-334
-354
-368
-378
-386
-392
-392
-397
-398
-385
-378
-368
-359
-346
-328
-307
-288
-262
-236
-207
-178
-149
-113
-81
-52
-20
16
46
75
107
131
155
182
205
218
234
246
252
256
258
254
250
244
234
221
205
193
173
150
137
115
93
73
50
30
16
0
-12
-18
-32
-39
-44
-43
-40
-39
-33
-29
-21
-11
8
18
28
48
61
81
99
112
131
149
168
187
207
226
242
257
265
286
300
301
312
313
312
315
309
300
293
274
255
230
201
167
125
89
47
-1
-45
-95
-136
-177
-223
-269
-314
-349
-388
-419
-444
-467
-489
-508
-516
-521
-517
-515
-504
-496
-480
-457
-437
-410
-392
-365
-337
-308
-275
-241
-212
-184
-153
-124
-96
-68
-36
-17
8
32
49
69
90
107
119
136
142
152
165
169
175
183
186
190
193
193
193
193
193
192
194
191
190
190
187
188
194
193
197
202
206
215
221
235
244
253
268
282
296
310
314
322
338
342
349
356
349
345
334
327
318
294
269
239
207
171
125
77
36
-14
-63
-117
-173
-222
-275
-320
-363
-407
-446
-477
-509
-538
-560
-579
-585
-596
-597
-594
-589
-578
-564
-541
-522
-495
-461
-425
-385
-349
-308
-264
-223
-174
-133
-92
-40
-3
41
79
115
153
180
209
230
250
268
282
283
290
290
282
271
261
250
231
217
202
186
170
147
133
123
106
100
93
85
85
89
89
92
103
107
115
125
138
154
168
180
194
214
234
243
263
284
304
327
344
360
372
384
399
410
413
417
420
414
405
381
360
330
288
248
195
141
76
2
-62
-133
-214
-283
-358
-429
-502
-571
-623
-677
-723
-761
-791
-812
-824
-831
-826
-819
-807
-784
-752
-717
-682
-633
-589
-537
-487
-431
-376
-322
-268
-214
-153
-102
-51
2
60
105
147
191
230
269
302
327
352
372
390
402
410
414
422
425
419
419
410
408
401
392
382
371
359
339
328
313
293
276
262
251
240
227
216
200
185
175
163
156
157
157
155
166
175
188
201
218
239
255
274
293
311
326
341
350
353
351
342
319
289
254
207
155
100
36
-34
-103
-179
-259
-340
-407
-480
-560
-620
-666
-718
-762
-788
-816
-831
-829
-828
-821
-802
-782
-751
-717
-682
-637
-591
-545
-495
-446
-391
-332
-279
-226
-170
-116
-61
-9
40
85
135
172
213
252
284
311
339
363
380
393
401
408
409
407
391
387
380
370
352
333
320
302
287
269
261
251
236
225
216
207
202
197
190
190
194
193
194
200
203
213
222
236
253
263
288
310
328
357
383
409
434
451
472
483
500
507
504
492
474
443
404
354
293
227
150
64
-35
-133
-227
-325
-421
-512
-601
-692
-766
-834
-888
-930
-969
-994
-1006
-1005
-997
-984
-958
-929
-894
-850
-809
-761
-713
-661
-612
-553
-498
-444
-391
-337
-282
-227
-165
-112
-57
0
54
105
161
205
246
288
326
362
392
422
443
457
474
476
480
486
477
474
464
456
451
441
429
418
402
401
391
380
376
360
352
343
339
330
317
316
302
297
296
290
288
285
292
297
309
322
346
365
384
411
435
458
476
495
504
512
502
491
464
421
375
312
237
156
71
-30
-134
-235
-345
-452
-561
-658
-752
-841
-917
-983
-1035
-1082
-1115
-1128
-1134
-1127
-1112
-1090
-1053
-1007
-963
-910
-855
-800
-740
-681
-620
-556
-487
-430
-359
-290
-227
-152
-86
-19
44
109
172
235
294
348
399
443
482
513
540
565
577
584
590
590
585
567
551
536
516
495
472
452
426
400
379
363
341
318
303
285
268
252
242
226
216
206
197
194
199
200
205
216
229
254
276
308
331
367
400
429
464
494
530
547
562
571
563
549
520
473
417
355
271
181
80
-35
-138
-248
-359
-472
-582
-687
-784
-868
-941
-999
-1050
-1091
-1115
-1122
-1124
-1113
-1094
-1069
-1035
-1001
-952
-901
-856
-810
-760
-703
-649
-586
-527
-468
-408
-350
-279
-216
-150
-82
-16
42
108
178
239
301
349
401
448
483
517
542
557
570
571
573
573
562
553
534
523
509
497
480
463
447
426
408
393
384
366
347
335
329
321
314
303
290
278
272
277
286
294
302
316
330
357
395
438
472
497
522
548
576
605
624
620
608
585
547
502
444
374
286
182
65
-55
-169
-290
-409
-535
-660
-774
-877
-956
-1021
-1086
-1147
-1194
-1227
-1233
-1228
-1211
-1198
-1183
-1151
-1111
-1059
-1004
-946
-901
-853
-799
-733
-661
-598
-530
-470
-405
-334
-246
-157
-77
3
76
149
231
310
381
446
496
534
581
616
650
675
687
689
685
684
673
654
642
618
592
570
542
526
503
482
468
447
435
418
396
373
356
338
324
309
293
279
270
270
277
288
297
318
336
354
389
429
471
507
541
575
610
653
676
672
654
621
581
527
464
381
275
153
21
-106
-228
-350
-475
-610
-749
-880
-988
-1074
-1146
-1213
-1287
-1344
-1374
-1380
-1370
-1350
-1332
-1315
-1293
-1254
-1202
-1137
-1080
-1036
-989
-934
-865
-780
-692
-617
-546
-475
-387
-284
-177
-77
16
99
179
269
365
458
536
597
649
695
739
784
812
824
822
810
797
786
778
769
747
722
701
681
674
663
643
619
588
563
546
537
517
497
479
451
444
431
419
404
389
372
365
363
369
383
407
434
469
510
551
597
626
646
647
638
614
575
522
454
379
280
178
60
-75
-214
-359
-506
-658
-801
-937
-1065
-1170
-1261
-1322
-1372
-1406
-1431
-1437
-1426
-1414
-1395
-1381
-1363
-1342
-1301
-1242
-1173
-1097
-1030
-966
-894
-814
-735
-653
-571
-502
-431
-343
-234
-112
4
108
204
296
393
497
586
646
668
671
673
688
712
726
723
702
675
660
658
658
634
581
509
455
444
473
519
555
581
611
656
747
843
906
909
853
793
755
742
728
697
648
616
633
699
791
838
826
779
738
754
825
908
942
857
704
571
515
522
507
403
175
-119
-414
-648
-823
-1014
-1267
-1561
-1796
-1915
-1900
-1803
-1729
-1745
-1847
-1941
-1952
-1877
-1766
-1681
-1647
-1620
-1527
-1337
-1065
-787
-596
-508
-466
-407
-303
-180
-109
-120
-178
-199
-105
88
312
482
557
552
525
519
545
571
552
503
466
483
567
678
747
740
661
552
454
392
337
270
199
144
135
180
265
325
345
314
259
228
228
254
287
320
359
404
484
586
700
801
889
963
1024
1076
1123
1148
1181
1222
1285
1363
1433
1503
1558
1614
1647
1627
1514
1277
941
575
233
-46
-256
-442
-635
-857
-1101
-1349
-1594
-1866
-2166
-2472
-2736
-2909
-2972
-2929
-2810
-2681
-2564
-2445
-2304
-2140
-1994
-1876
-1780
-1666
-1496
-1227
-863
-453
-85
190
393
538
647
741
806
835
840
855
923
1022
1129
1197
1190
1119
1005
878
761
646
516
380
276
221
231
284
329
348
317
268
225
203
207
218
227
238
270
328
407
480
523
525
496
449
420
420
419
427
456
502
558
627
705
785
849
902
937
951
963
1001
1087
1185
1261
1302
1324
1344
1384
1454
1512
1454
1214
817
333
-147
-522
-735
-842
-959
-1153
-1378
-1547
-1608
-1608
-1642
-1819
-2176
-2598
-2895
-2952
-2789
-2543
-2327
-2196
-2117
-1997
-1777
-1502
-1288
-1218
-1268
-1303
-1216
-970
-619
-271
-20
124
235
390
601
787
866
820
701
603
608
729
871
934
899
816
764
754
769
764
696
576
454
402
422
479
532
549
547
560
593
655
705
712
683
659
667
696
718
672
560
458
454
562
685
716
636
553
625
886
1185
1314
1210
1032
988
1151
1432
1685
1778
1729
1658
1702
1820
1808
1547
1060
451
-108
-440
-521
-539
-697
-1013
-1347
-1556
-1652
-1722
-1891
-2298
-2905
-3466
-3718
-3640
-3404
-3157
-2991
-2922
-2854
-2646
-2301
-2019
-1959
-2079
-2207
-2147
-1789
-1197
-564
-104
131
274
490
810
1087
1184
1062
813
643
737
1085
1465
1662
1628
1480
1366
1325
1314
1230
983
618
338
309
503
760
907
882
726
584
584
661
645
463
238
135
244
543
913
1140
1135
1038
996
1040
1165
1343
1467
1437
1355
1445
1767
2132
2324
2316
2159
1974
1926
2053
2073
1694
1050
493
94
-201
-356
-470
-725
-1091
-1347
-1464
-1631
-1989
-2471
-2967
-3466
-3868
-3998
-3894
-3735
-3543
-3244
-2924
-2774
-2780
-2800
-2797
-2787
-2712
-2484
-2170
-1808
-1302
-650
-37
365
535
472
292
264
522
933
1269
1425
1438
1439
1520
1660
1707
1525
1190
880
672
567
600
697
697
521
274
83
37
184
376
415
290
201
295
542
799
905
873
825
898
1113
1358
1555
1718
1857
1945
2023
2162
2312
2397
2426
2481
2532
2530
2558
2715
2908
2999
3044
3008
2603
1732
822
129
-624
-1455
-2010
-2310
-2570
-2688
-2668
-2851
-3456
-4167
-4605
-4856
-5082
-5138
-4864
-4398
-3875
-3225
-2517
-2090
-2011
-1965
-1795
-1578
-1318
-878
-268
379
1035
1662
2034
2013
1807
1657
1558
1490
1505
1558
1566
1548
1456
1120
553
-89
-729
-1315
-1707
-1837
-1772
-1625
-1486
-1423
-1442
-1482
-1493
-1407
-1248
-1023
-631
-57
558
1076
1492
1754
1815
1786
1813
1915
2070
2303
2570
2757
2873
3019
3144
3116
2982
2899
2845
2769
2761
2881
3004
3049
3080
3104
3069
2964
2883
2732
2175
1112
-38
-925
-1704
-2416
-2818
-3050
-3377
-3652
-3729
-3903
-4370
-4884
-5222
-5500
-5714
-5575
-4994
-4208
-3434
-2727
-2152
-1759
-1488
-1185
-832
-493
-116
402
1076
1802
2423
2827
2918
2754
2494
2243
2024
1852
1728
1643
1566
1447
1091
291
-719
-1577
-2251
-2794
-3017
-2952
-2880
-2765
-2476
-2245
-2284
-2379
-2299
-2134
-1885
-1312
-448
375
1064
1668
2072
2180
2192
2304
2419
2496
2677
2973
3235
3433
3605
3669
3521
3283
3120
3072
3083
3099
3168
3296
3380
3331
3226
3142
3045
2907
2711
2264
1363
235
-717
-1498
-2325
-3042
-3435
-3683
-3919
-4019
-4078
-4323
-4674
-4940
-5167
-5361
-5232
-4653
-3866
-3101
-2439
-1894
-1429
-984
-618
-407
-228
84
540
1114
1781
2367
2682
2707
2528
2215
1876
1620
1431
1260
1094
882
613
221
-434
-1291
-2051
-2597
-3041
-3274
-3164
-2956
-2836
-2668
-2465
-2419
-2436
-2307
-2081
-1771
-1199
-377
393
954
1390
1721
1915
2061
2214
2333
2458
2672
2923
3090
3182
3277
3297
3185
3063
3035
3134
3277
3426
3589
3719
3736
3689
3717
3692
3506
3342
3116
2339
1047
-123
-971
-1857
-2689
-3047
-3208
-3538
-3775
-3794
-4033
-4577
-4923
-4974
-5082
-5124
-4639
-3695
-2755
-2024
-1420
-940
-654
-515
-375
-158
155
592
1173
1834
2354
2592
2624
2486
2112
1608
1240
1069
934
774
625
417
4
-651
-1496
-2353
-2957
-3296
-3525
-3549
-3282
-3031
-2927
-2733
-2502
-2528
-2546
-2144
-1580
-1095
-412
501
1131
1356
1578
1829
1888
1863
2024
2316
2553
2783
3019
3068
2895
2710
2621
2546
2498
2598
2834
3131
3426
3627
3673
3596
3483
3393
3362
3377
3240
2705
1730
558
-481
-1372
-2202
-2765
-2962
-3045
-3114
-3047
-3031
-3358
-3841
-4121
-4299
-4464
-4229
-3388
-2342
-1509
-852
-265
97
123
18
-47
-61
64
496
1198
1832
2154
2179
1981
1537
918
352
4
-181
-304
-333
-254
-290
-781
-1668
-2558
-3266
-3825
-4047
-3766
-3286
-2906
-2497
-2009
-1760
-1789
-1745
-1532
-1253
-780
36
985
1696
2079
2286
2352
2211
1988
1879
1873
1958
2221
2609
2836
2756
2519
2241
1976
1828
1869
2065
2352
2713
3105
3384
3472
3431
3327
3150
2943
2670
1999
917
-67
-804
-1635
-2410
-2719
-2865
-3199
-3354
-3179
-3176
-3531
-3753
-3691
-3713
-3709
-3177
-2183
-1334
-793
-173
525
881
892
898
895
769
800
1212
1755
2074
2136
2072
1826
1326
719
229
-121
-425
-664
-734
-653
-706
-1187
-2027
-2806
-3414
-3955
-4114
-3708
-3233
-2940
-2417
-1699
-1401
-1419
-1176
-846
-736
-376
536
1393
1778
2018
2217
2069
1682
1492
1451
1284
1203
1508
1942
2096
2004
1856
1687
1489
1446
1675
2046
2426
2834
3299
3653
3818
3876
3853
3681
3218
2251
918
-221
-1036
-1895
-2617
-2832
-2946
-3361
-3549
-3318
-3388
-3874
-4048
-3820
-3757
-3618
-2789
-1605
-812
-316
403
1146
1449
1511
1664
1702
1504
1519
1951
2371
2482
2448
2324
1936
1319
741
287
-166
-596
-867
-962
-957
-995
-1379
-2169
-2884
-3280
-3686
-3985
-3719
-3319
-3153
-2601
-1611
-1169
-1259
-927
-397
-330
-126
729
1403
1468
1613
1957
1871
1444
1248
1139
776
537
817
1192
1188
1051
1082
1147
1200
1446
1836
2102
2385
2897
3444
3812
4062
4232
4391
4621
4437
3125
891
-1269
-2829
-3840
-4135
-3888
-3979
-4431
-4329
-3767
-3725
-4195
-4357
-4195
-3970
-3079
-1171
813
1940
2465
2895
3154
3160
3161
3139
2738
2154
2078
2555
2764
2191
1183
157
-809
-1592
-1999
-2177
-2437
-2632
-2475
-2110
-1838
-1793
-2116
-2661
-2828
-2349
-1675
-1044
-341
53
53
491
1365
1519
1005
953
1213
1112
1148
1491
1074
-142
-845
-845
-1070
-1456
-1432
-1368
-1579
-1550
-1019
-562
-555
-537
-59
794
1833
2935
3829
4385
4701
4945
5265
5599
5637
5500
5738
5915
4523
1245
-2493
-5794
-8490
-9554
-8620
-7516
-7363
-6782
-5030
-3562
-3129
-2844
-2512
-2356
-1083
2297
6099
8103
8280
7831
7157
6183
5185
4065
2285
206
-947
-970
-1144
-2432
-4471
-6448
-7703
-7621
-6260
-4676
-3657
-2804
-1403
356
1921
2981
3171
2650
2683
3901
5123
5386
4914
3606
1500
-46
-547
-1356
-2862
-3844
-4010
-3951
-3524
-2815
-2879
-3753
-3881
-2597
-832
645
1670
2176
2390
2661
3054
3255
2783
1790
1266
1752
2594
3117
3361
3146
2195
1574
2104
2557
2461
2766
3092
3179
3635
2852
-1224
-6759
-10543
-12028
-11477
-8771
-5881
-5025
-4610
-2429
124
1191
1398
1713
2407
4154
7242
10114
10534
8300
5238
2723
906
-464
-1943
-4066
-6282
-7409
-7272
-6843
-6963
-7540
-7595
-6001
-2570
1512
4517
5782
6248
6929
7732
8197
8058
6888
4758
2973
2178
784
-2237
-5528
-8050
-9756
-9771
-7948
-6182
-5368
-4208
-2158
-20
1984
3720
4498
4607
5107
5898
6111
5224
3215
839
-888
-1663
-1789
-1787
-2147
-2695
-2575
-1404
188
1487
2355
2924
3744
5160
6413
6982
7049
6689
6520
6481
4309
-1347
-8321
-13533
-15777
-15059
-12118
-9218
-7976
-6735
-3599
196
2715
3950
4854
6069
8000
10726
12921
12357
8746
4228
600
-1928
-3884
-5946
-8479
-10994
-12318
-11792
-10113
-8580
-7543
-5888
-2333
2851
7919
11261
12326
11827
11154
10744
9945
8098
5002
1290
-1881
-4183
-6650
-10034
-13156
-14378
-13633
-11100
-6912
-2755
-37
2235
5165
7908
9473
10059
9775
8373
6545
5045
3262
489
-2844
-5719
-7268
-7270
-6108
-4378
-2970
-2116
-882
1227
3564
5441
6717
7528
8041
8222
8267
8294
7799
7355
7285
4691
-2546
-11548
-18306
-21661
-21294
-17029
-11779
-8598
-5568
-229
5293
8282
9175
9548
10194
11379
13327
14954
13531
8224
1553
-4078
-8332
-11465
-13567
-15019
-16071
-15945
-13738
-10067
-6522
-3769
-972
3124
8719
14302
17880
18506
16651
13744
10625
7192
3170
-1615
-6471
-9933
-11613
-12533
-13829
-15367
-15105
-11877
-6779
-719
5159
8921
10719
12420
13865
13352
10918
7728
4006
281
-2230
-3909
-6030
-8395
-9988
-10072
-8365
-5318
-1829
1155
3130
4568
6124
7780
8995
9006
8133
7390
6697
5942
5867
6002
5557
3988
-1292
-10451
-18456
-22524
-23123
-19218
-11907
-5809
-2014
2893
9112
12640
12592
11570
10426
9145
8870
9796
9945
6596
-7
-6438
-11249
-14945
-16791
-16714
-15837
-14223
-11292
-6704
-1310
2729
4894
6869
9704
12952
15460
16057
14233
10366
5743
1465
-2537
-6645
-10765
-13931
-14357
-11812
-8569
-6549
-5326
-3727
-1649
1380
6108
10273
11292
11039
11429
10654
7873
4546
737
-3861
-7377
-8208
-7549
-7038
-6566
-5580
-4111
-2180
326
2999
4772
5216
5271
5740
6321
6627
6563
5987
5220
4544
4110
4323
4281
3090
1114
-3321
-10573
-16010
-17769
-17482
-14000
-7700
-2450
1127
5313
9720
11683
10988
9764
8488
7017
6093
5538
4660
2376
-2023
-6601
-10067
-13122
-14809
-14197
-12298
-9830
-6903
-3317
860
4341
6470
7857
8841
9654
10283
10127
8711
5758
1685
-2257
-5466
-8064
-10095
-11402
-11105
-8471
-4709
-1735
162
1558
2376
3208
5253
7435
7749
7037
6658
5552
3144
394
-2532
-5570
-7384
-7143
-5649
-3975
-2446
-931
622
1995
2982
3636
3820
3401
2898
2965
3550
4095
4362
4491
4475
3993
3353
3421
3854
3677
2918
607
-5177
-12011
-15504
-15841
-14088
-9566
-4274
-599
2773
7100
10559
11195
9644
7665
6049
5034
4661
4418
3415
707
-3169
-6718
-9820
-12384
-13349
-12602
-10670
-7723
-4167
-305
3557
6568
8159
8594
8499
8404
8110
7001
4974
2185
-1205
-4530
-7002
-8536
-9661
-10346
-9223
-5735
-1653
1295
3178
4295
4263
3769
4422
5354
4435
2841
2237
1301
-502
-2015
-3412
-5024
-5527
-4105
-2014
-294
1403
2775
3210
3305
3197
2297
878
-242
-493
107
1048
1931
2675
3351
4022
4479
4695
5057
5383
5372
5468
3752
-3076
-11705
-16063
-16953
-15826
-10912
-4895
-1527
1513
6638
11360
12718
11001
8314
6349
5743
5902
5952
5105
1969
-3011
-7284
-10474
-13318
-14959
-14814
-12756
-8857
-4435
53
4909
8733
10381
10489
9892
9018
7813
6149
4242
1799
-1749
-5827
-8819
-10212
-11128
-11631
-10105
-6089
-1239
2464
4759
6157
5701
3955
3937
5087
4284
2267
1150
164
-1319
-2201
-2781
-4200
-5254
-4411
-2305
249
2578
3465
3011
2434
2049
1422
365
-726
-1312
-953
366
2017
3352
4170
4565
4737
5134
5776
5876
5376
4225
-96
-7872
-14121
-16941
-18033
-15559
-9457
-4272
-165
5767
11906
15180
15422
13569
10573
7847
6277
5385
4092
1374
-2832
-6878
-9908
-12766
-15150
-15952
-14924
-11814
-6851
-1131
4622
9472
12442
13784
13795
12301
9635
6359
3084
209
-2746
-6280
-9732
-12023
-12931
-12724
-10999
-7382
-2914
1221
5040
8566
10806
10524
8262
6078
3671
-267
-3591
-4804
-5906
-6939
-6075
-4090
-2656
-1491
238
2112
3596
4812
5206
4452
3339
2101
630
-830
-2166
-3105
-3425
-2846
-1099
956
2589
4015
5073
5907
6839
7195
6884
6086
2368
-5499
-12656
-15703
-17183
-16977
-12807
-7456
-3122
2591
9985
15735
17411
15771
13319
11194
8801
5896
2879
-477
-4676
-8697
-11232
-13024
-14892
-15923
-14854
-11284
-5973
-244
5442
10858
14917
16904
17006
15189
11379
6331
1243
-2978
-6514
-10263
-13809
-15483
-14905
-12978
-10015
-6077
-1709
2454
6189
9818
12852
13246
11016
8658
5991
1615
-2902
-6103
-8680
-10452
-10246
-8334
-6119
-4025
-1421
1796
4880
7052
8065
7996
6891
5288
3617
1382
-1146
-3132
-4565
-5103
-4288
-2713
-947
989
2811
4453
6185
7378
7506
6498
2425
-5022
-10982
-13168
-14134
-13322
-9493
-5456
-2055
2969
8929
12634
12868
10836
8436
6864
5805
4454
2765
427
-2897
-6017
-8022
-9836
-11856
-12968
-12022
-8582
-3564
1547
6394
10728
13495
14445
13980
11777
7758
3033
-1107
-4256
-6865
-9528
-11876
-12654
-11515
-9302
-6344
-2693
991
4131
6671
9140
10863
9835
6982
4779
2170
-1911
-5122
-6551
-7855
-8550
-6965
-4481
-2731
-628
2058
4083
5517
6511
6391
5232
3804
2447
916
-787
-2179
-3129
-3671
-3330
-2032
-417
1356
3620
5889
7432
8052
5975
-574
-7993
-12020
-14238
-15122
-11947
-6923
-3557
284
6202
11094
12063
9854
7126
5160
3650
2634
2522
2567
1166
-1328
-2917
-4239
-7297
-10946
-12648
-11327
-7604
-3076
1841
7014
10681
12248
12813
12065
9107
4603
153
-2696
-3779
-4797
-6611
-8060
-8588
-8683
-7901
-5637
-2618
227
2878
5688
8377
9408
7783
5225
3276
804
-2186
-3831
-4644
-5944
-6103
-3947
-1779
-868
196
1404
1911
2629
3882
4405
3745
2722
1968
1133
57
-836
-1415
-1333
-440
765
2282
3884
4898
5413
5568
4125
-1099
-8743
-13642
-15139
-15789
-13656
-8114
-3247
453
5582
11003
13185
11290
7910
5524
4009
2422
1080
394
-693
-2655
-3717
-3522
-4581
-7485
-9767
-9722
-7335
-3608
375
4538
8213
10279
11330
11647
10043
6300
1564
-2258
-3977
-4749
-5807
-6587
-6653
-6442
-5824
-4320
-2349
-638
834
2533
4980
7104
6759
4833
3308
1397
-968
-1980
-2092
-2968
-3712
-2893
-1590
-787
195
1086
1195
1279
1888
2549
2801
2709
2541
2215
1577
864
516
656
1199
2277
3874
5471
6137
5381
3173
-1922
-9766
-15628
-17787
-18727
-16790
-10572
-3954
1570
7818
13514
15521
13465
9441
5302
1926
-476
-1914
-2246
-2437
-3520
-4321
-4256
-4975
-6859
-8239
-7864
-5668
-2358
1431
5393
8590
10105
10433
9972
7974
4481
661
-2340
-3925
-4440
-4715
-4966
-4800
-4128
-3347
-2325
-768
543
1238
1966
2903
3722
3478
1910
568
-371
-1761
-2359
-1506
-802
-468
849
2472
2606
1927
1612
859
-216
-246
435
721
755
1212
1957
2360
2538
2759
2853
3159
4066
5452
6967
7598
5863
493
-7380
-13740
-17459
-19980
-19282
-14488
-9033
-3308
4665
12784
17055
16386
12799
8583
4373
548
-1978
-3381
-4918
-6552
-6689
-5588
-5751
-7683
-9426
-9445
-7197
-3194
1647
6769
10746
12455
12780
11964
8902
3861
-1563
-5560
-7137
-7102
-6355
-4956
-3494
-2527
-1660
-522
755
1823
2513
3342
4725
5507
4266
1780
-508
-2787
-5078
-5974
-5110
-3663
-1905
869
4091
6098
6401
5659
4196
2356
1014
294
-335
-635
-197
599
1366
2209
3049
3654
4413
5713
6882
7024
4745
-1410
-8310
-11775
-14002
-16030
-14050
-9471
-6231
-2112
4765
10652
12229
10289
7577
5607
3695
1432
-62
-1079
-3460
-6129
-6481
-5759
-6898
-9409
-10724
-9622
-6604
-2722
1761
6536
9891
11202
11712
11233
8444
3547
-1810
-5579
-7163
-7808
-7921
-6844
-4874
-2745
-476
1876
3549
3896
3280
2892
3434
3686
2543
1373
656
-1009
-2805
-3285
-3782
-4798
-4168
-1617
797
2811
4905
5874
5442
4924
4446
3211
1448
-34
-789
-630
347
1725
3303
5136
6889
7797
7567
5562
-214
-8178
-12901
-14522
-15937
-14356
-9097
-4490
-377
5758
11694
13709
11681
8229
5177
2526
14
-1695
-2274
-3226
-4979
-5478
-4991
-6073
-8619
-10605
-10721
-8776
-5510
-1210
4041
8732
11546
12938
12995
10714
6020
339
-4522
-7736
-9580
-10013
-8761
-6364
-3590
-1108
976
2853
3579
3018
2744
3054
3280
3247
2857
2290
1206
-596
-1928
-2639
-3550
-3834
-2908
-1634
1
2225
3845
4258
4272
4123
3427
2313
1515
1464
1689
2306
3940
5891
7154
7279
6027
2583
-4204
-11429
-14717
-15789
-16003
-12157
-5700
-403
4905
10973
14812
14303
10694
6720
3691
1200
-834
-1880
-2334
-3374
-4421
-4263
-4441
-6514
-9094
-10359
-9694
-7419
-4167
84
4723
8080
10048
11290
10730
7591
3084
-1295
-4522
-6410
-7563
-7896
-7045
-5582
-3975
-2171
-170
1560
2153
2179
3212
4422
3841
2419
1718
596
-1424
-2218
-1614
-1689
-1877
-598
1088
2091
2831
3394
3411
2824
2246
2096
1828
1390
1399
1803
2289
3018
4391
5826
6204
5205
1193
-6122
-11760
-14083
-16094
-15483
-10501
-5405
-634
6436
13741
17280
15831
11473
6861
2491
-1700
-4488
-5250
-5504
-5917
-4434
-1406
-632
-2744
-5162
-6457
-6394
-5307
-3022
856
4624
7028
9138
10423
8838
4478
-740
-4885
-7206
-8279
-8210
-6735
-4714
-2892
-963
1103
2494
2191
677
140
1065
1657
1636
2042
2165
925
-553
-874
-1179
-2395
-2575
-1014
633
2215
4065
5081
4960
4655
4440
3924
3022
2117
1639
1642
2196
3530
5039
5514
3519
-2588
-10215
-14390
-16618
-18592
-15977
-9582
-4498
1016
9552
17170
19291
16618
12746
8738
3672
-1548
-5049
-6913
-8770
-9974
-8052
-4870
-4602
-6305
-6673
-5301
-3246
-987
2258
6506
9617
11310
12958
12983
9480
3520
-2831
-7785
-10971
-13076
-13516
-11717
-8530
-4842
-1168
2134
4289
4669
4581
5475
6478
6122
4874
3797
2123
-571
-2818
-4385
-6196
-7496
-6608
-3558
-90
3159
6376
8506
9027
8758
8124
6862
4971
3351
2834
3350
4231
4498
3480
-588
-8666
-15810
-18691
-20553
-20365
-14897
-7645
-1102
7028
16126
21554
20531
15694
10862
6160
1102
-2854
-5074
-6969
-9182
-9628
-7666
-6696
-8221
-9709
-9446
-7321
-3893
6
4616
9174
11922
13631
14842
13451
8868
3062
-1792
-5046
-7649
-9700
-10750
-11347
-11253
-9905
-7759
-5010
-2254
159
3705
8149
10918
11553
11289
9723
5931
1591
-1205
-3919
-7154
-7846
-5881
-4065
-2326
183
2553
4056
5114
6529
7945
8392
8305
8937
10103
10357
9200
5515
-3146
-13619
-20140
-24112
-26013
-22049
-14869
-8314
-26
10444
18812
21608
19648
16267
12310
7308
2864
-37
-2701
-6120
-8586
-8611
-9101
-12069
-14623
-14755
-12760
-8888
-3700
2755
9426
13940
16642
18260
16788
11526
4602
-1455
-5699
-8990
-11291
-11786
-11055
-9816
-8480
-6896
-4146
-1639
-467
2410
7090
9267
8893
8727
7560
3558
-762
-2839
-4348
-6024
-5209
-2038
719
2667
4486
5721
5794
5137
4800
4870
4836
5117
6350
8156
9232
8343
3706
-5456
-14618
-20237
-24121
-24509
-19059
-12104
-5464
3574
13699
20210
20589
17266
13494
8906
3769
379
-1071
-2660
-5511
-7176
-6475
-7620
-11600
-14110
-14047
-12548
-9314
-3925
3283
9831
13861
16852
18666
16976
11965
5910
705
-3692
-8363
-12148
-13875
-14991
-15761
-14357
-10272
-5314
-951
4078
10254
14447
14994
13690
11159
6058
-643
-5548
-8057
-9910
-10054
-7078
-2757
1110
4240
6580
7921
8128
7817
8065
8540
8443
8633
9889
10929
9351
2800
-8002
-18006
-24715
-28579
-26811
-19235
-11527
-4560
5387
16341
22184
21209
17179
12833
7664
2686
503
164
-1833
-5342
-6809
-6605
-8973
-13721
-16557
-16114
-13758
-9828
-3616
4312
10947
14777
17557
19009
16741
11264
5569
1670
-1659
-6429
-10651
-12289
-13321
-14411
-13371
-10104
-6789
-3542
1823
8445
12545
13572
13186
11331
7707
2955
-1729
-5474
-8430
-9550
-7425
-3725
-852
1253
3361
5308
6554
7184
7919
8620
8972
9911
11792
12804
9691
1125
-8743
-16246
-22766
-26703
-24573
-19151
-13384
-5081
6230
15804
19435
18750
16742
13092
8328
4681
2503
581
-1827
-3782
-4876
-7317
-11783
-15980
-18222
-17905
-15342
-10832
-3989
3788
10166
14685
17164
16728
13836
10117
6155
1820
-2283
-5779
-8207
-8891
-8854
-9352
-9733
-8902
-6641
-3030
1570
5740
8174
9345
9787
8682
5638
1633
-2138
-4949
-5849
-4187
-1152
1317
3075
4710
5761
5732
4943
4357
4500
4995
6629
9680
10964
8388
2091
-6482
-14307
-20464
-23869
-21559
-15835
-9566
-1071
8273
14894
17116
15611
12761
8734
4012
1815
1699
1390
413
-1082
-2116
-4544
-9656
-13618
-15628
-17348
-16364
-11679
-4768
2450
8119
12601
15174
14085
10736
6131
967
-3322
-6834
-7763
-5865
-4683
-4330
-2998
-1960
-1972
-1415
482
1825
2047
3584
5765
6045
4999
3543
924
-2328
-4475
-4774
-3749
-2199
-35
3096
6405
8771
10340
11211
10950
9965
9131
8707
6958
442
-8665
-15021
-20149
-24082
-22299
-17054
-12672
-6930
2256
11592
16098
16743
16836
14790
10741
8309
7410
5267
1170
-2304
-3776
-6584
-11055
-13918
-15826
-17921
-17993
-14668
-8563
-2036
3245
8428
12796
13966
13101
12120
10050
6144
1775
-1198
-3070
-5237
-7382
-8430
-8775
-8755
-7532
-4480
-1167
852
2671
5060
6412
6126
5205
3738
1948
809
702
1150
1228
785
1165
2184
3106
3988
4676
5251
6153
7362
8451
8092
5642
7
-8363
-14052
-17236
-20980
-20581
-15179
-10584
-5138
3574
11567
14725
14222
14011
13209
9834
7313
6678
4488
765
-2163
-4045
-7465
-12308
-14797
-14839
-14521
-12264
-7748
-3032
702
3302
6179
8903
9122
8354
8748
7978
5281
3282
2304
18
-3820
-6844
-8257
-8983
-8443
-5800
-2336
329
2133
3986
5836
6204
4792
3240
2285
1368
897
1460
2239
2067
1712
2324
3488
3938
3700
3969
4529
5100
6165
6320
4325
66
-6607
-12103
-14947
-16892
-16470
-13538
-10462
-6767
-1799
3622
7269
8300
9469
10473
10142
10171
10039
7978
4463
939
-1552
-4465
-8359
-11079
-12806
-13894
-12573
-10075
-8063
-5715
-3393
-809
3105
7160
9829
11129
11445
10600
8275
5716
2946
-917
-4084
-5401
-6129
-6238
-5639
-5088
-4341
-3281
-1845
-149
1176
2442
4301
6027
7383
7953
7347
6144
4738
3542
3417
3954
4317
5052
6338
7122
6452
4368
1175
-3252
-9727
-15024
-16875
-17459
-16341
-11939
-6897
-3292
-475
2475
4661
4770
4994
6165
7050
8121
9756
10282
8645
5028
766
-3629
-8187
-11475
-12877
-13970
-14374
-12044
-8820
-6084
-2991
67
2230
4420
7346
10103
11445
11889
11420
9527
6994
3881
30
-3830
-6843
-8350
-8399
-7841
-6834
-5433
-3653
-1764
136
2167
3852
4876
5948
7504
8817
8730
7668
6607
5419
4357
3908
4070
4237
4044
4019
3374
1407
-1084
-5776
-10990
-13447
-14809
-14745
-11610
-7671
-4244
-1508
1140
3521
3625
3114
3579
3850
4452
5906
6930
6627
4667
2119
-833
-4774
-8273
-10196
-11389
-11285
-9250
-7043
-5120
-2782
-415
1638
3727
5671
7133
7661
7852
7847
6791
5110
3446
1319
-793
-2123
-2816
-2829
-2855
-2951
-2611
-2286
-2065
-1477
-642
568
1928
3127
4295
5109
5188
4883
4613
4351
4165
4087
4303
4854
5392
5739
4999
3131
986
-2958
-7700
-10628
-12920
-14274
-13226
-10646
-7205
-3998
-1197
1422
2695
3220
3601
3568
3691
3744
3810
3784
2486
349
-1819
-4153
-6105
-6684
-6499
-6254
-5283
-3435
-1733
-439
731
1680
2233
2734
3636
4424
4475
4121
3647
3045
2240
1211
357
-205
-527
-165
596
938
810
469
264
138
32
408
1084
1576
2327
3343
3789
3378
2722
2251
1979
2108
2761
3557
4522
5641
5907
4994
3473
468
-3752
-6903
-9086
-10597
-10602
-9314
-7570
-5653
-3937
-2683
-2054
-1559
-1117
-463
1014
2510
3218
3286
2466
889
-1014
-3141
-4734
-5636
-6023
-5337
-3762
-2224
-1030
-278
197
588
1167
1989
2854
3848
4717
5224
5157
4315
2895
1101
-659
-1698
-1942
-1491
-504
779
2137
3035
3300
3137
2608
2036
1672
1628
1903
2271
2274
2073
1780
1219
622
234
346
1059
2106
3291
4399
4729
4129
3043
1599
-683
-2981
-4712
-6332
-7022
-6797
-6563
-5937
-5203
-4536
-3627
-2772
-1686
-724
67
915
1477
1540
834
-505
-1730
-3294
-4813
-5079
-4677
-4304
-3344
-1772
-737
-17
811
1421
1814
2375
3318
4176
4376
4286
3989
3024
1630
235
-1003
-2078
-2544
-1947
-633
757
2053
3163
3822
3952
3753
3310
2756
2080
1473
1294
1298
1288
1166
909
640
351
275
509
771
1416
2311
2953
3205
2813
1859
674
-709
-1712
-2344
-3088
-3641
-3587
-3553
-3890
-3911
-3732
-3596
-3196
-2406
-1443
-693
-495
-507
-963
-1602
-2231
-2925
-3044
-2787
-2410
-1520
-637
-99
217
184
228
551
947
1275
1727
2308
2531
2361
2085
1629
957
384
161
67
35
124
259
521
759
864
1036
1131
1084
1166
1410
1705
1837
1828
1600
1029
245
-326
-611
-814
-781
-334
264
865
1478
1881
2028
1948
1578
1082
962
961
841
580
215
-371
-1272
-2073
-2652
-3138
-3340
-3139
-2297
-1053
-289
362
698
416
-5
-691
-1429
-2371
-3267
-3506
-3741
-3687
-2903
-2495
-2061
-1066
72
1023
1866
2816
3327
3156
2847
2429
1765
1102
798
803
574
309
45
-402
-745
-911
-936
-866
-741
-159
568
939
1271
1370
983
570
317
102
-61
8
381
674
767
740
341
-184
-389
-426
-231
-13
88
305
374
135
52
-148
-540
-600
-261
320
1005
1760
2230
2136
1764
1294
566
-310
-1087
-1564
-1688
-1407
-935
-493
-234
-486
-746
-793
-1053
-1184
-913
-550
-204
-28
84
-154
-740
-1004
-1120
-1032
-444
301
1204
2071
2395
2258
1626
732
-54
-712
-1128
-1273
-1385
-1337
-1174
-1090
-1071
-1190
-1360
-1294
-1110
-493
460
1214
1837
2262
2152
1534
866
24
-921
-1444
-1640
-1694
-1241
-881
-650
-307
-239
-148
296
898
1547
2427
2931
2756
2511
2222
1285
297
-530
-1391
-1885
-1808
-1187
-622
-238
-71
193
599
967
1149
1361
1437
1539
1711
1690
1307
542
-385
-1405
-2039
-2154
-1840
-1372
-848
-360
276
764
1152
1432
1316
932
345
-150
-531
-1046
-1572
-2036
-2639
-3097
-3164
-2877
-2272
-1487
-573
417
1462
1907
1895
1500
856
272
-268
-569
-678
-964
-984
-885
-1006
-1008
-1214
-1164
-739
-280
434
1371
2059
2487
2585
2646
2310
1602
955
347
-392
-1000
-1109
-1034
-979
-533
-247
8
529
1096
1822
2222
2373
2214
1736
1171
605
-12
-315
-599
-642
-601
-463
-574
-687
-436
-320
-397
-243
136
305
440
713
749
7
-648
-1415
-2363
-2951
-3253
-3020
-2344
-1731
-921
87
571
1078
1514
1553
1356
1328
1038
768
527
61
-555
-1313
-1823
-2148
-2294
-2119
-1701
-1098
5
864
1496
1990
1888
1661
1742
1895
1770
1544
1485
1037
240
-518
-1369
-2092
-2163
-1916
-964
193
1174
1887
2559
2234
1642
1503
922
719
710
935
1093
913
774
748
-300
-768
-1441
-2041
-2078
-1575
-1039
-426
125
122
356
-123
-661
-884
-1415
-1731
-1258
-1226
-585
-487
-456
-171
-567
-654
-534
-565
-345
-34
63
685
589
332
438
80
-326
-285
-483
-499
-239
-119
288
213
200
346
283
498
1247
1556
1777
2074
1616
1370
705
-227
-794
-1380
-1750
-1256
-822
-299
275
534
717
1204
1369
1506
1767
1557
1759
1990
2043
1926
1252
511
-327
-1443
-1809
-2103
-2272
-1917
-1486
-957
-774
-568
-239
-468
-665
-666
-807
-642
-788
-592
-317
-552
-503
-516
-737
-1004
-904
-613
-517
-300
-39
-65
125
-49
16
120
111
146
-29
263
480
231
779
868
338
505
456
579
627
800
1099
777
572
32
-264
-550
-911
-644
-463
-721
-143
-184
-279
-85
-100
261
393
955
1330
1854
1882
2299
2198
1698
1280
840
35
-217
-329
-640
-595
-1013
-883
-1256
-1209
-1400
-1095
-993
-741
-302
9
47
186
222
-117
-127
-333
-420
-868
-813
-1024
-1133
-1192
-1286
-1375
-1209
-836
-402
79
473
788
991
1282
1346
1189
928
1072
847
466
762
63
147
302
-214
195
-193
-674
-221
-723
-481
-211
-590
9
-233
-286
-216
-507
-333
-195
-20
215
414
431
658
660
735
934
717
697
619
495
282
474
304
291
-4
-189
-503
-317
-543
-474
-273
-464
-100
-142
49
12
259
87
144
66
241
-133
-182
-363
-813
-982
-1374
-1342
-1412
-1243
-627
-187
125
575
649
1185
960
1270
1461
885
1320
1180
907
911
9
-17
-387
-895
-670
-1078
-958
-779
-653
-273
-253
-286
-77
-169
150
16
238
329
438
269
268
146
-27
152
-147
-105
-262
-428
-195
105
155
426
259
519
296
106
43
-94
-366
-432
-26
-71
237
476
401
601
416
370
405
-196
-250
-639
-680
-485
-781
-524
-829
-709
-751
-732
-334
-239
-76
821
664
1199
1291
1098
1318
840
968
787
568
131
249
-360
-408
-481
-720
-942
-835
-1122
-761
-668
-506
-196
-203
185
-3
245
274
309
263
292
218
86
-43
-8
-209
-339
-582
-708
-635
-714
-380
-433
-115
91
252
449
289
332
507
292
899
699
584
1003
266
444
130
-204
-182
-656
-547
-628
-896
-554
-738
-733
-581
-656
-204
7
169
448
722
528
788
1235
891
1200
875
604
590
44
-203
-271
-706
-351
-621
-414
-335
-591
-473
-236
-173
-185
-243
-72
38
-120
133
-42
-166
-266
-233
-168
186
122
278
340
49
173
-276
-324
-400
-617
-474
-456
-358
4
-134
84
276
64
287
682
693
957
1219
683
1007
751
392
502
-149
-525
-733
-878
-796
-854
-669
-617
-661
-304
-257
71
202
438
485
645
808
761
924
586
487
521
108
-94
-330
-805
-812
-1237
-658
-627
-690
-273
-509
94
32
244
403
79
-22
149
230
242
18
323
10
-70
290
-238
-132
-489
-454
-334
-503
-166
147
120
477
446
199
261
-270
-123
115
233
440
853
641
583
498
38
3
-1
-214
-176
41
-109
88
9
265
-105
-311
-443
-642
-632
-302
14
372
564
722
728
643
518
141
119
-391
-346
-352
-322
-53
-56
-42
-170
-644
-725
-904
-943
-722
-518
-141
-64
197
-42
126
-31
-142
83
-111
-107
254
154
496
416
-82
164
-137
-255
-22
-146
-275
211
174
425
303
-48
220
-14
45
228
106
272
400
267
475
353
255
269
161
-4
-154
-141
-156
-65
-207
-303
-275
-395
-205
-59
185
132
402
565
626
776
728
222
85
-54
-417
-229
-439
-226
-311
-268
-225
-281
-541
-534
-131
-4
-153
487
223
-263
208
-393
-289
-363
-587
-168
-289
-274
80
-55
171
142
112
152
78
-39
284
203
-51
235
-256
-177
-128
-383
27
166
-9
302
11
-86
96
95
377
180
279
19
-11
-65
23
-104
-169
-323
-473
-235
-202
-4
152
365
330
424
528
529
691
696
557
379
-112
-287
-244
-696
-125
-389
-444
30
-200
3
23
-65
97
68
62
265
157
206
-91
5
-287
-372
-209
-75
-8
-168
71
-249
-91
285
420
261
165
-53
-92
-231
192
82
-272
40
-114
-264
50
65
-76
211
-171
-361
-128
-38
296
598
18
-281
-569
-817
-559
-620
-554
-666
-782
-230
-79
46
221
144
593
661
879
899
774
445
310
413
336
-53
-366
-291
-518
-499
-4
236
-68
347
268
416
523
310
359
307
-105
-67
250
32
207
188
-143
-332
-746
-938
-467
-560
44
487
158
458
78
-246
393
361
217
483
218
36
126
-90
-243
-488
-597
-440
-437
-396
-179
-215
-20
31
-141
-319
42
-69
-35
-32
-351
-492
-566
-555
-624
-812
-629
-268
225
900
591
707
552
-61
176
578
417
445
367
143
82
-142
-250
-14
-62
-477
42
196
-31
471
501
651
713
791
1229
677
354
156
-346
-224
-546
-572
-305
-563
-240
-94
-318
-605
-374
-72
101
766
677
575
525
-21
142
186
-384
-402
-568
-694
-537
-529
-240
-286
-375
-151
-140
-196
278
162
300
308
-221
-330
-331
-408
-740
-641
-354
-549
-375
171
-60
18
214
667
716
483
494
293
295
255
578
741
248
115
114
-476
-578
-708
-598
-182
271
553
758
853
743
478
247
350
114
-45
431
109
-345
-109
-411
-231
-626
-891
-199
-585
-201
514
199
281
264
82
263
406
494
133
-13
-257
-785
-287
-234
-332
-272
-415
-330
-376
-456
-274
-61
32
136
126
109
111
47
-97
-260
-552
-578
-347
-298
-170
-30
-88
-215
-79
147
587
911
1052
1043
657
493
335
255
140
48
43
-65
-354
-256
-374
-434
-151
208
512
633
624
418
133
85
288
119
-26
-43
-256
-508
-694
-718
-748
-605
-34
-112
-237
121
-35
-31
252
186
319
423
385
475
-39
-384
-509
-593
-471
-269
46
255
-153
-301
-170
-310
-183
-22
28
119
263
148
300
-61
-619
-469
-417
-285
-11
-44
-97
-175
-238
218
680
755
777
789
571
305
27
9
204
272
434
634
241
-314
-604
-501
-410
-302
268
543
365
408
283
-133
-182
-141
86
149
46
-141
-461
-756
-651
-574
-507
-116
-54
69
157
-55
-145
87
278
463
381
167
114
-145
-346
-348
-414
-606
-391
-129
-107
27
156
149
75
73
269
334
326
289
78
17
31
6
-165
-423
-497
-356
-34
213
441
413
253
349
334
230
236
259
166
155
280
201
-158
-257
-388
-453
-246
59
259
273
111
101
51
-74
241
421
393
317
94
-214
-482
-565
-475
-271
-125
71
64
-42
-93
-122
-12
72
375
651
584
505
249
-154
-364
-455
-394
-273
-202
-130
-103
-222
-415
-358
-270
-134
158
279
343
118
-81
-78
-152
-85
-91
-127
-37
-103
-165
-110
-195
-156
-169
5
2
-94
-140
13
163
14
-10
19
-64
-60
140
44
-94
-303
-395
-248
-261
-178
-140
-338
-439
-434
-368
-91
-63
-3
31
-188
-149
108
231
343
384
176
238
244
299
328
239
359
488
468
652
558
266
497
687
832
1063
1025
902
721
631
913
1054
1011
908
748
599
662
861
922
709
392
93
-143
-43
231
194
-47
-555
-1196
-1559
-1548
-1512
-1458
-1642
-1943
-2048
-2120
-2036
-1769
-1590
-1516
-1336
-1249
-1091
-869
-869
-825
-735
-622
-314
-183
-66
-102
-350
-121
192
331
708
809
726
664
611
949
985
823
878
610
423
470
408
274
37
-124
-62
-39
88
333
398
348
504
624
738
913
832
791
692
728
1008
1169
1206
1097
952
999
1248
1559
1772
1857
1799
1837
1959
2046
1895
1039
362
117
-68
194
321
-388
-1320
-2145
-2269
-1824
-1425
-1207
-1640
-2690
-3434
-3294
-2690
-2118
-1890
-2054
-2640
-3040
-2792
-2093
-1723
-1472
-1243
-1090
-684
-141
473
746
592
658
970
1246
1652
1619
1247
847
519
669
1092
1132
886
407
-153
-214
84
527
657
318
-129
-411
-459
-152
55
-32
-246
-441
-434
-224
65
231
296
318
484
777
1106
1253
1227
1248
1349
1574
1938
2112
2026
1823
1703
1815
1929
1992
1973
1915
1840
1881
2038
1822
802
-150
-408
-294
101
578
201
-1325
-2786
-3305
-2825
-2133
-1627
-1827
-3056
-4470
-4741
-3826
-2624
-1968
-1938
-2498
-3252
-3160
-2233
-1183
-653
-614
-629
-464
-117
511
1035
1016
890
1099
1502
1897
2158
1954
1588
1220
1136
1464
1434
1116
722
159
-249
-218
125
59
-440
-750
-1106
-1295
-1046
-657
-617
-816
-894
-713
-505
-261
8
76
57
226
637
974
1267
1321
1406
1513
1523
1750
1915
1979
2080
2164
2361
2570
2607
2544
2357
2247
2263
2429
2647
2552
1832
695
-106
-225
117
612
699
-313
-2085
-3471
-3685
-2976
-2126
-1750
-2321
-3803
-5112
-5113
-4088
-2977
-2451
-2601
-3292
-3883
-3528
-2401
-1376
-871
-790
-766
-448
181
925
1466
1551
1493
1670
2142
2622
2686
2454
2154
1832
1978
2237
2136
1824
909
168
-17
-65
143
141
-363
-885
-1451
-1640
-1337
-1196
-1123
-1219
-1490
-1498
-1410
-1189
-808
-738
-589
-316
-124
213
459
629
970
1263
1605
1959
2058
2161
2147
2164
2440
2673
2803
2808
2701
2503
2294
2365
2636
2700
2708
2622
1952
771
25
10
152
298
258
-756
-2531
-3822
-3894
-3189
-2613
-2443
-3027
-4501
-5716
-5578
-4385
-3157
-2540
-2514
-3011
-3599
-3311
-2133
-975
-245
-3
15
114
347
1021
1888
2376
2682
2971
3169
3310
3228
3095
3021
2884
2913
2962
2592
1938
1019
228
-7
-224
-340
-544
-1452
-2367
-2803
-2841
-2434
-2100
-1948
-2229
-2895
-2944
-2630
-2242
-1712
-1420
-1345
-1383
-1246
-648
-113
301
735
1023
1191
1419
1743
2104
2363
2560
2838
2915
2866
2831
2717
2662
2670
2801
2993
2873
2676
2403
2364
2680
2927
2961
2170
533
-576
-712
-262
453
488
-739
-2933
-4477
-4257
-3037
-2077
-1810
-2772
-4554
-5697
-5042
-3183
-1784
-1547
-2041
-2862
-3432
-2729
-1165
21
214
-72
-111
175
697
1561
2171
2190
2108
2293
2775
3022
2855
2457
2075
1880
1933
1862
1447
646
-327
-915
-916
-638
-775
-1507
-2312
-2915
-3330
-2978
-2174
-1946
-2517
-3008
-3065
-3017
-2590
-1744
-1240
-1358
-1439
-1039
-444
67
725
1290
1491
1538
1770
2160
2464
2586
2731
2935
2996
3001
3066
3017
2872
2781
2808
3013
3184
3085
2782
2575
2415
2522
2922
3146
2679
1332
-135
-743
-433
197
665
198
-1534
-3566
-4297
-3482
-2316
-1720
-2031
-3348
-5116
-5741
-4624
-2964
-2170
-2338
-3046
-3850
-4065
-3156
-1606
-710
-747
-951
-815
-350
395
1239
1877
2003
1940
2216
2607
2641
2286
1978
1980
2126
2241
2172
1690
835
141
100
564
772
242
-691
-1582
-2174
-2146
-1706
-1424
-1822
-2765
-3362
-3218
-2857
-2380
-1946
-1834
-2006
-2027
-1272
-386
47
378
686
871
1081
1485
2011
2185
2090
2205
2459
2618
2743
2819
2770
2662
2688
3045
3368
3459
3266
3056
2883
2736
2796
2957
2858
2497
2235
1845
1107
244
-155
-250
-319
-276
-396
-1438
-2969
-3867
-3756
-3224
-2861
-2785
-3523
-4995
-5949
-5428
-4203
-3190
-2824
-2973
-3509
-3936
-3284
-1677
-367
106
187
172
249
605
1529
2420
2663
2474
2340
2361
2383
2385
2471
2505
2336
2169
2015
1810
1301
669
408
465
396
-12
-694
-1473
-2408
-2977
-2607
-2128
-2237
-2688
-3170
-3630
-3680
-2931
-1844
-1356
-1461
-1614
-1555
-1220
-461
496
1138
1157
947
1100
1407
1822
2409
2853
3004
2910
2835
2908
2867
2871
3020
3205
3272
3130
2900
2618
2351
2296
2505
2713
2595
2218
1886
1690
1656
1639
1278
514
-290
-864
-987
-933
-1229
-2046
-3220
-4023
-4017
-3557
-3105
-3066
-3708
-4617
-4978
-4310
-3192
-2516
-2398
-2613
-2890
-2788
-1920
-752
-188
-332
-473
-166
382
1157
1949
2209
1843
1516
1772
2412
2787
2680
2286
1730
1295
1298
1628
1718
1211
418
-117
-355
-466
-546
-761
-1273
-2043
-2520
-2411
-2225
-2265
-2357
-2564
-2881
-2967
-2644
-2122
-1764
-1510
-1262
-1021
-700
-185
421
895
1241
1613
1901
2158
2418
2591
2663
2717
2853
3035
3094
3033
2904
2647
2520
2529
2685
2861
2808
2580
2342
2179
2172
2174
2241
2217
1807
1410
1166
807
168
-443
-772
-952
-1139
-1145
-1303
-2104
-3097
-3413
-3152
-2869
-2738
-2878
-3487
-4406
-4618
-3818
-2908
-2582
-2632
-2921
-3252
-3083
-2040
-729
-211
-304
-386
-252
185
974
1753
1999
1579
1209
1342
1723
2070
2214
2084
1718
1359
1335
1597
1600
1183
668
308
90
9
15
-94
-695
-1508
-1923
-1950
-1943
-2037
-2045
-2239
-2701
-2807
-2353
-1920
-1708
-1431
-1106
-993
-804
-220
418
793
998
1266
1493
1637
1933
2408
2728
2812
2895
3011
3045
3032
3067
3054
2930
2732
2641
2534
2373
2252
2099
1939
1810
1634
1382
1117
908
874
947
1101
1069
654
-77
-778
-1067
-943
-688
-706
-1232
-2293
-3336
-3743
-3410
-2902
-2702
-3011
-3740
-4471
-4596
-3924
-3028
-2495
-2471
-2695
-2883
-2727
-2051
-1153
-656
-555
-458
-222
119
631
1181
1417
1382
1404
1632
1887
1978
1990
1923
1682
1480
1457
1403
1124
798
624
537
401
254
66
-251
-587
-786
-859
-965
-1214
-1538
-1698
-1726
-1701
-1571
-1382
-1335
-1398
-1227
-816
-468
-166
210
591
876
1186
1597
1896
2002
2106
2348
2548
2611
2590
2514
2331
2176
2249
2376
2291
2020
1683
1354
1151
1171
1360
1383
1153
849
592
395
419
618
746
677
483
367
192
-163
-498
-667
-885
-1061
-1033
-1125
-1647
-2346
-2785
-2837
-2788
-2703
-2586
-2870
-3458
-3775
-3478
-2956
-2611
-2292
-2034
-2093
-2169
-1766
-1165
-794
-595
-267
122
380
632
1012
1145
973
944
1221
1581
1695
1674
1614
1364
1099
1205
1500
1558
1301
978
707
425
262
268
258
22
-273
-464
-553
-805
-1148
-1205
-1148
-1112
-934
-678
-759
-1101
-1217
-885
-454
21
486
572
316
176
498
1029
1469
1692
1687
1388
1141
1280
1688
1928
1848
1642
1351
1089
1036
1195
1238
1090
834
753
758
753
819
870
786
631
653
762
738
697
797
882
1020
1086
783
89
-557
-831
-686
-339
-103
-519
-1717
-2700
-2940
-2646
-2028
-1515
-1742
-2786
-3757
-3734
-3068
-2377
-1724
-1592
-2150
-2718
-2520
-1741
-1150
-814
-531
-522
-574
-167
480
795
720
746
1021
1345
1714
2044
1968
1571
1282
1436
1844
2050
1941
1628
1168
763
761
1053
1151
819
359
-96
-509
-715
-670
-658
-904
-1225
-1351
-1358
-1399
-1375
-1284
-1267
-1246
-1007
-608
-320
-213
-94
63
201
460
807
1022
1031
972
1002
1094
1205
1355
1481
1469
1371
1325
1278
1195
1178
1218
1215
1179
1118
999
819
675
679
735
766
825
812
702
577
499
491
434
382
383
311
81
-262
-677
-986
-1189
-1234
-1053
-1050
-1417
-1901
-2219
-2365
-2333
-2053
-1733
-1832
-2138
-2215
-2155
-2116
-1914
-1544
-1356
-1321
-1092
-682
-490
-433
-237
-84
69
477
993
1289
1245
1105
1075
1131
1325
1619
1730
1506
1170
941
842
796
768
722
574
324
142
35
-169
-436
-587
-670
-723
-687
-650
-704
-852
-968
-942
-853
-721
-552
-440
-370
-300
-151
30
180
380
589
746
901
1043
1121
1137
1172
1281
1374
1418
1378
1277
1114
964
911
910
835
644
473
314
107
-39
-70
-176
-393
-580
-623
-638
-639
-577
-592
-728
-840
-760
-533
-253
-9
111
138
114
146
386
693
961
1010
815
637
417
265
432
649
577
374
126
-156
-442
-506
-346
-380
-600
-653
-724
-973
-1095
-1128
-1256
-1428
-1400
-1188
-1131
-1195
-1221
-1346
-1486
-1361
-1024
-675
-486
-463
-455
-480
-389
-50
312
545
607
558
542
548
635
832
975
998
951
922
887
816
770
734
647
546
506
464
339
165
-17
-164
-275
-312
-305
-367
-418
-461
-477
-407
-340
-320
-329
-316
-272
-237
-162
-132
-203
-267
-327
-280
-191
-155
-79
-67
-171
-215
-182
-87
51
113
218
300
266
326
419
416
430
494
613
750
758
749
701
613
672
916
1124
1188
1098
932
758
712
840
965
997
870
637
434
377
418
501
490
325
70
-204
-321
-297
-297
-327
-435
-656
-870
-1058
-1161
-1210
-1286
-1325
-1288
-1306
-1367
-1421
-1465
-1422
-1286
-1054
-779
-628
-638
-653
-615
-480
-237
54
278
323
278
298
376
468
608
682
646
557
453
399
374
306
237
137
11
-97
-173
-221
-269
-350
-437
-486
-525
-544
-494
-426
-364
-300
-267
-253
-226
-199
-133
-12
89
142
184
194
217
240
273
347
367
322
336
349
282
271
293
272
212
192
83
-4
-31
-17
116
135
92
125
45
72
290
414
527
552
491
470
562
694
844
890
823
865
864
887
1069
986
833
804
620
570
639
623
560
386
158
54
-51
-103
-89
-182
-260
-306
-375
-401
-442
-537
-517
-478
-402
-376
-425
-506
-619
-653
-572
-488
-492
-559
-633
-641
-636
-499
-377
-397
-476
-553
-627
-597
-495
-449
-443
-554
-655
-688
-699
-627
-479
-530
-608
-628
-684
-661
-560
-465
-429
-458
-467
-396
-432
-448
-380
-340
-256
-141
-35
15
-18
2
132
157
293
431
391
410
483
501
574
673
595
593
584
557
653
760
887
889
811
754
651
591
829
994
967
818
611
302
146
242
410
507
351
176
-95
-313
-355
-220
-27
57
-3
-49
-270
-393
-362
-370
-204
-142
-136
-59
5
-18
-14
-66
-11
55
97
365
467
334
364
285
152
237
232
259
251
161
161
53
-74
-178
-320
-314
-288
-290
-318
-340
-424
-559
-624
-604
-624
-580
-484
-464
-498
-491
-373
-384
-396
-362
-276
-201
-33
170
266
210
118
59
10
138
347
469
389
318
159
57
44
96
43
64
109
59
69
9
-132
-220
-212
-183
-80
-62
3
-35
-120
-139
-125
-159
-130
-52
6
108
119
163
137
25
8
50
135
289
318
271
150
-35
-173
-171
-40
24
-21
-24
-99
-284
-367
-309
-300
-330
-259
-123
-72
-170
-169
-178
-231
-182
11
156
190
191
229
193
125
203
389
501
521
535
326
177
124
127
200
199
138
58
-96
-148
-251
-315
-262
-335
-173
-122
-211
-192
-352
-436
-248
-167
79
200
122
209
152
111
328
413
543
676
582
564
607
525
654
716
522
527
466
437
451
447
350
253
39
48
10
-70
-6
-92
-258
-282
-265
-415
-350
-439
-477
-512
-367
-318
-400
-403
-397
-480
-351
-188
-283
-111
-161
-146
-113
-138
-153
-82
-215
-112
-111
-199
-80
-139
-169
-238
-327
-383
-359
-480
-308
-312
-394
-413
-511
-548
-568
-464
-405
-319
-329
-252
-244
-274
-218
-110
-82
92
174
204
326
250
462
419
385
457
393
538
573
501
646
466
308
490
371
417
401
381
400
359
252
267
183
87
84
155
180
58
16
15
-68
-164
90
84
-5
79
73
-92
65
141
148
216
189
135
149
94
331
370
217
318
77
41
258
201
266
364
86
46
1
-141
-144
-118
-223
-179
-390
-504
-452
-661
-648
-539
-680
-587
-546
-655
-495
-566
-586
-481
-476
-484
-195
-208
-125
-91
-283
-217
-255
-276
1
-54
-9
173
-133
-120
-180
-323
-173
-79
-93
40
-106
-237
-309
-372
-386
-158
-64
30
150
-6
71
92
26
248
479
356
637
591
590
640
647
652
786
633
690
861
654
763
731
702
541
560
477
491
358
332
330
182
-23
53
-131
-173
-112
-382
-263
-401
-427
-224
-273
-318
-335
-485
-320
-334
-268
-39
44
-113
48
-37
-135
14
-47
104
292
143
283
242
-10
-41
-110
-99
-60
0
-29
-19
-195
-385
-367
-383
-491
-222
-287
-315
-256
-409
-304
-401
-373
-301
-251
-274
-160
-129
-175
-182
-99
-173
-175
-119
-201
-20
-116
-34
14
-51
-167
-100
-75
-55
51
-11
16
-40
-63
18
48
52
112
170
256
165
252
245
261
454
402
520
471
403
562
495
610
697
584
589
455
488
451
308
603
424
200
281
112
-60
21
60
-94
-33
-218
-185
-279
-417
-316
-292
-439
-264
-432
-451
-397
-513
-353
-376
-347
-310
-257
-411
-317
-302
-350
-100
-134
-251
-139
-300
-164
-144
-124
66
-128
-74
17
-147
-106
-37
-113
16
-70
-137
34
-82
-137
64
-107
-114
-3
-92
180
-39
21
73
-50
42
140
271
117
201
145
12
108
172
158
385
105
219
98
49
109
139
240
31
184
190
-5
78
174
59
186
191
336
183
253
311
306
228
283
352
282
327
308
276
260
136
153
257
-8
100
133
-14
-1
41
-78
-83
-88
-175
-216
-179
-178
-191
-133
-218
-296
-395
-270
-289
-296
-127
-200
-292
-119
-262
-279
-186
-289
-135
-163
-171
-40
-119
-213
-88
-274
-266
-134
-150
13
3
-198
-84
-133
-335
-104
-41
-180
47
-37
-153
-59
-246
-116
46
-168
96
55
15
194
-94
93
72
19
223
170
163
159
17
256
27
47
103
26
171
140
172
135
215
-9
174
191
81
184
339
227
295
219
266
210
165
322
192
387
356
435
279
331
120
81
222
243
144
271
22
-97
-144
-145
-175
-158
-68
-376
-246
-414
-406
-332
-411
-417
-357
-552
-334
-360
-448
-269
-300
-392
-315
-202
-366
-17
-107
-21
14
-79
90
88
88
285
126
165
234
124
331
106
262
138
151
129
207
139
168
164
162
43
89
-9
-36
98
-46
65
-161
-61
-202
-53
-212
-71
-210
-215
-199
-272
-61
-277
-83
-10
-203
-238
-10
-230
-15
-39
125
-42
107
-5
34
288
-147
409
148
55
378
113
309
386
103
404
58
218
391
43
467
161
159
193
241
45
168
85
46
137
-109
77
-11
-183
-5
-251
-344
-60
-609
-148
-254
-539
-258
-484
-484
-445
-550
-379
-325
-462
-297
-349
-370
-232
-276
-146
-58
-218
133
88
-38
224
120
228
393
252
403
474
326
521
506
502
550
472
522
536
292
556
440
291
476
220
233
205
151
85
125
3
-11
-122
-84
-218
-304
-97
-297
-276
-173
-410
-325
-241
-447
-117
-242
-265
-57
-264
-180
-91
-43
-92
114
-16
36
148
-89
174
206
-22
274
151
29
282
31
293
130
45
139
38
21
82
85
-60
90
-154
-96
-45
-261
-166
-113
-343
-138
-307
-332
-331
-411
-350
-401
-291
-490
-336
-544
-364
-331
-519
-224
-356
-492
-62
-400
-103
-90
-233
163
-130
179
112
78
373
262
294
659
338
500
542
532
484
614
668
634
644
429
711
267
505
609
239
474
330
-114
388
-97
-24
246
-238
-32
-260
-216
-375
-248
-332
-337
-301
-364
-384
-300
-431
-319
-314
-320
-85
-346
-21
-114
-222
-30
-57
-93
175
96
64
198
96
86
131
247
74
194
139
89
117
75
152
46
-77
57
-117
-93
-44
-147
-70
-154
-192
-265
-252
-255
-296
-107
-208
-315
-184
-280
-357
-189
-283
-198
-274
-190
-143
-247
-79
-104
-118
-105
-29
-39
-21
176
132
113
264
89
203
183
216
410
289
435
350
334
357
276
451
383
326
515
376
388
315
383
214
227
308
229
241
162
223
60
-31
135
-87
-74
151
-226
60
-116
-267
-41
-288
-277
-113
-325
-150
-177
-244
-170
-229
-372
-72
-208
-194
34
-240
-51
-103
-118
-88
-51
-137
-31
-168
-93
-5
-135
-59
91
-344
-68
-25
-280
88
-209
-25
-62
-190
-19
-139
-191
-150
-113
-91
-208
-29
-188
-84
-129
-251
13
-310
-20
40
-255
67
-78
-196
184
-198
55
145
-120
204
103
-2
253
202
193
292
173
220
334
177
348
384
212
438
320
200
340
155
256
333
193
322
211
97
237
-19
113
156
73
157
-21
85
2
-112
113
-100
-53
-20
37
-63
-60
11
-93
-30
-31
-47
-25
-130
112
-12
-82
184
-128
-9
5
-67
-116
-14
4
-90
-19
-71
-193
-110
-147
-177
-108
-116
-198
-161
-149
-222
-256
-180
-214
-376
-97
-241
-250
-214
-205
-310
-226
-188
-200
-201
-220
-141
-151
-162
-51
-164
-176
-36
-182
-39
25
-147
95
24
-62
58
0
102
56
142
211
35
262
196
84
333
137
205
302
151
303
117
286
210
152
222
156
168
56
226
-23
170
57
3
74
-38
-129
15
-110
-7
-53
-83
38
-177
-55
-46
-69
-85
22
43
-8
42
46
18
105
61
123
208
26
208
114
157
210
92
273
164
-17
274
86
63
169
109
41
20
51
-76
-44
-48
-31
-81
-98
-69
-168
-190
-92
-158
-286
-38
-244
-132
-104
-222
-189
-207
-179
-180
-50
-151
-157
-9
-129
-216
15
-127
14
-13
71
26
-131
74
93
24
68
219
96
18
286
77
32
252
126
153
168
96
166
98
108
172
0
55
93
34
-3
62
77
-99
49
-122
-65
-55
-185
46
-104
-274
3
-143
-230
-133
-161
-179
-193
-127
-145
-98
-198
-125
-53
-220
-105
22
-91
-11
3
-20
3
53
5
97
44
66
151
85
7
174
43
21
213
-26
147
22
60
153
-145
146
51
-69
139
-13
-16
-39
8
14
-43
67
-41
-50
18
-50
11
8
-1
-2
-31
18
27
25
24
-7
60
78
11
105
76
-3
95
67
100
95
121
126
90
73
11
137
78
63
97
52
15
-40
104
-34
-19
37
-60
-42
-13
-85
-26
-32
-134
-34
-108
-108
-33
-123
-27
-82
-125
-74
-99
-111
-101
-37
-75
-70
-57
-127
-69
-135
-14
-26
-115
58
-138
-36
22
-126
76
-13
-43
51
-43
-19
25
-8
42
63
-46
40
89
-116
111
67
-90
181
-19
41
126
-138
151
46
-88
225
-32
65
158
-60
59
65
5
124
138
14
65
104
-25
99
59
69
87
62
83
36
17
112
87
8
196
6
101
147
2
134
38
75
114
9
128
10
-27
128
-79
-1
4
-84
18
-85
-85
-48
-119
-145
-66
-144
-191
-88
-144
-173
-122
-201
-134
-141
-215
-90
-187
-207
-32
-160
-151
-61
-169
-127
-111
-107
-132
-47
-92
-43
-65
-81
-14
-64
-38
18
12
7
94
30
81
65
58
104
102
94
160
109
138
120
97
165
88
108
95
97
83
97
115
84
-24
70
19
-16
89
-22
-2
41
-38
-23
24
-23
11
14
37
-1
-24
41
29
26
47
125
-7
78
115
-8
133
92
52
181
90
102
125
44
109
73
66
127
62
25
34
-30
13
-55
-38
9
-118
-107
-38
-142
-169
-109
-141
-149
-173
-117
-131
-172
-133
-136
-171
-111
-178
-77
-88
-153
-65
-48
-149
-38
-100
-43
-64
-20
-32
-57
3
-75
34
-30
-34
54
-39
50
79
-34
140
14
53
109
-17
128
62
53
147
39
24
99
11
58
75
31
3
111
-54
34
75
-89
69
45
-47
21
-16
-6
2
-24
69
-46
-23
12
-8
-32
2
78
-37
45
56
-37
70
9
20
101
33
80
62
45
45
23
56
93
58
81
45
30
8
16
46
-14
26
14
-42
-10
-24
-99
-38
-48
-46
-77
-63
-22
-95
-92
-32
-49
-127
-15
-27
-58
-44
-52
-17
-36
-73
19
30
-71
21
47
-20
15
88
-7
79
36
18
107
9
89
90
37
102
71
-13
101
62
31
107
81
-7
71
8
43
72
-54
93
44
-123
104
-26
-68
80
-60
-6
23
-108
29
28
-96
25
-10
-63
-20
-4
-28
-18
-14
-65
24
-74
-73
26
-70
-14
-50
-51
4
-122
-41
5
-95
-58
-7
-10
-147
2
-47
-142
44
-78
-70
45
-134
-28
-13
-93
47
-45
-32
21
-69
-28
50
-48
-5
39
-24
8
40
-47
22
14
-24
57
14
30
19
14
50
-30
27
54
13
56
-7
77
-11
42
86
-3
44
79
20
74
81
28
100
33
68
53
26
69
74
38
-3
67
10
-24
21
-7
-21
-30
-11
14
-88
-35
8
-81
-55
-11
-44
-52
-37
16
-45
-40
6
-12
-37
-48
34
-30
-1
20
-5
-30
-7
-37
-16
17
-59
5
3
-64
-30
-10
-81
0
-57
-66
-13
-79
-37
-44
-47
-42
-75
-52
-56
-49
-65
-39
8
-65
-29
2
-39
-44
-2
24
-26
13
49
12
44
37
41
75
17
77
59
72
83
45
101
66
30
81
55
53
68
69
72
44
31
63
42
24
64
56
36
28
42
15
16
11
51
-14
50
32
-24
57
-16
-10
37
13
10
52
-15
29
3
-10
23
15
4
31
-1
-1
20
-27
31
-7
-14
9
9
-20
-21
3
-37
-27
0
-48
-40
-17
-44
-34
-67
-9
-43
-28
-26
-27
-54
-65
8
-49
-34
4
-54
-23
-33
-73
41
-41
-47
52
-18
-35
11
-7
-16
11
30
47
11
3
44
22
14
69
5
56
68
10
100
48
34
75
39
69
53
46
104
28
69
65
6
90
17
14
113
-29
25
78
-47
55
2
-37
61
-54
-17
34
-83
-31
-9
-75
-29
-33
-85
-12
-71
-66
-43
-74
-25
-39
-55
5
-60
-49
15
-48
-31
15
-18
-10
0
-21
-3
-16
-12
-13
-34
-10
-36
-45
-18
-69
-46
-58
-61
-49
-105
-60
-64
-118
-102
-60
-95
-117
-50
-55
-119
-55
-65
-92
-47
-80
-38
-10
-52
0
-9
-67
14
-10
-27
84
-17
7
62
11
-3
54
37
46
33
16
58
-14
34
104
-19
46
79
-54
85
26
-28
86
16
18
64
12
65
17
0
103
-37
32
103
-14
50
51
20
45
-6
12
49
-41
12
45
-51
12
15
-48
18
-41
-64
48
-71
-33
32
-48
-1
-7
-6
6
-24
3
35
-35
33
18
-6
71
8
24
50
-11
21
33
0
56
22
26
43
-3
-15
3
17
15
-5
9
16
-27
-24
22
-1
-29
22
13
-12
-36
29
17
-37
45
51
-14
35
42
-6
38
29
48
51
51
84
47
37
90
35
65
79
55
67
55
60
78
44
57
69
6
22
53
37
3
51
39
-6
14
30
-3
-20
12
8
-32
2
-2
-20
1
-35
-1
-22
-51
-2
-33
-15
2
-40
-9
-9
-35
-47
15
-29
-28
14
-16
-34
-30
12
-21
-36
18
-10
-43
2
-43
-54
-2
-32
-45
-18
-16
-87
-33
-47
-103
-52
-39
-61
-37
-50
-42
-64
-75
-48
-70
-17
-39
-46
-14
-19
-37
-31
-9
-33
-46
-7
3
-33
-3
25
-9
-18
13
-12
-4
-11
-18
35
-3
-8
58
-9
1
28
-28
24
-13
7
57
-10
33
26
-37
17
-5
-23
18
18
-18
-9
28
-36
-33
-10
-10
-4
-29
-10
5
-71
-30
24
-62
-30
17
-28
-31
-44
-26
-34
-45
4
13
-36
7
3
-20
-21
-12
12
-21
24
29
-2
14
33
4
-7
-1
9
1
11
35
5
3
22
-11
-27
12
-27
-15
29
-26
-34
21
-9
-22
8
-1
-12
5
-1
-3
-22
12
48
12
43
36
-10
19
13
2
36
62
35
54
52
-2
19
37
12
22
38
33
8
17
41
-11
5
24
-17
0
-3
4
2
5
6
-7
13
-8
14
5
-15
8
5
-4
28
15
21
23
19
7
-19
28
14
-2
39
39
-1
11
36
8
-18
23
41
-11
-1
52
0
-18
38
18
-9
6
25
-3
-40
10
9
-23
31
10
-6
19
-9
-15
-20
-15
8
12
23
41
0
3
15
-5
3
3
45
38
4
42
41
-7
29
41
1
12
28
23
26
0
31
28
-2
36
18
-12
24
2
-19
28
10
-9
30
10
-10
-26
-18
-14
-39
-1
-8
-20
1
-25
-19
-20
-58
-35
-9
-24
-26
-22
-14
-28
-45
-15
-13
-75
-14
-11
-68
-18
-32
-42
-14
-33
-25
-29
-47
-24
-50
-45
-23
-42
-16
2
-26
-43
-9
-25
-53
-21
-22
-14
-4
0
4
-19
-32
-6
-27
-38
-17
4
2
-23
2
-2
-35
-11
7
-23
-13
8
-2
-12
13
10
-15
29
20
-14
17
21
-6
8
36
22
16
36
55
17
10
25
23
20
31
41
30
27
27
27
13
2
1
21
5
-12
7
11
-11
1
12
-20
-22
-9
-19
-34
-16
-9
-11
0
8
-22
-12
-15
-34
-2
9
-6
20
18
12
2
0
17
0
15
23
11
15
16
17
25
10
12
37
10
13
13
4
7
0
12
24
8
8
18
5
-16
-2
5
-12
19
14
28
21
5
20
-8
-8
4
0
30
31
14
50
22
-8
19
15
-6
25
32
27
28
15
26
18
13
27
22
12
21
17
34
20
18
46
25
16
29
5
2
33
7
14
38
13
21
22
1
-3
-5
-1
5
-18
-5
0
-21
-5
-16
-28
-23
-37
-34
-22
-45
-33
-23
-25
-23
-51
-30
-30
-60
-33
-33
-36
-25
-20
-3
-28
-31
-6
-38
-37
-16
-23
-1
1
-16
-13
-10
-28
-27
-11
-5
-17
-21
3
-13
-36
-13
-1
-26
-34
-3
-14
-37
-23
-2
-26
-30
-3
-20
-17
-16
-11
-10
-27
-17
-6
-5
-9
8
0
0
8
3
-2
13
4
3
17
13
0
13
20
-2
8
13
-3
-8
1
-2
17
2
11
10
-7
1
-12
-9
-3
-16
-6
16
-5
2
15
-7
-13
-10
-5
-12
-15
7
7
-4
5
-4
-13
-10
-16
-11
-13
-2
-2
5
25
-7
-8
3
-11
-16
-9
-12
1
-3
6
24
-9
-13
6
-8
-29
-10
-5
9
10
18
26
0
6
17
-10
0
6
27
35
40
49
16
33
29
-4
19
17
12
29
50
46
16
37
35
-2
-7
16
12
12
43
43
20
21
34
12
-8
-2
15
16
27
39
39
36
31
14
-3
-13
5
13
13
39
25
23
34
7
-13
-5
-16
-3
6
6
31
10
15
9
-15
-28
-19
-23
-10
3
5
27
18
5
-9
-18
-24
-29
-13
-1
10
26
24
7
-9
-21
-32
-31
-16
-9
7
23
4
-8
-7
-24
-39
-31
-19
-17
-4
5
-2
3
-3
-17
-9
-23
-27
-9
-11
-1
14
19
15
11
2
-15
-9
-11
-2
16
25
33
17
23
16
-16
-7
-14
-17
5
15
18
19
12
2
-16
-37
-27
-34
-21
4
0
0
-11
-14
-30
-39
-33
-32
-24
-17
-1
-4
-8
-8
-18
-28
-22
-36
-17
-12
-13
1
0
-1
-7
-12
-25
-25
-21
-13
-6
-6
