SAMPLES:	11299
BITSPERSAMPLE:	16
CHANNELS:	1
SAMPLERATE:	16000
NORMALIZED:	FALSE
0
-2
4
-2
6
5
4
-1
-20
-10
0
-1
0
-4
3
2
2
-1
1
6
0
0
-6
3
0
-7
-8
-7
-13
-5
6
1
5
7
1
-1
7
-2
-4
1
-2
1
-2
-5
-4
-9
12
1
-15
2
-1
4
11
9
-1
-11
-8
-1
-7
-14
-1
6
9
-2
-6
4
4
-14
-12
4
2
0
-8
-1
-1
0
-8
6
2
-8
-3
-3
-2
1
9
8
5
3
-3
-6
2
-4
-3
-8
-3
-5
2
0
7
13
0
6
-2
-5
0
3
-7
-4
-2
-3
-7
-12
-5
-1
-2
-3
4
1
-2
7
6
9
-13
-3
-5
-9
16
4
0
0
-11
1
3
-8
-7
-2
7
11
7
3
-3
4
11
4
5
0
-8
-6
1
-10
-5
-1
2
5
-3
1
-6
-1
0
-4
-3
3
9
-8
-4
6
2
0
3
-7
-4
-7
-4
1
-6
3
3
9
3
2
0
9
4
-3
7
4
3
-7
1
0
-3
3
-3
-1
-11
-5
12
4
4
-8
-3
-2
4
7
-5
-3
-12
-15
-13
-4
2
8
1
-3
6
13
3
-14
-9
0
-3
-8
3
12
-8
-3
10
1
12
2
6
6
-9
-7
-1
11
9
-9
-9
-5
-7
10
9
0
1
-2
0
-1
-13
-4
-3
-10
1
-10
-4
5
3
-1
-4
10
3
-3
-10
-13
-8
-2
-5
5
7
6
10
6
1
4
5
-7
-6
2
-1
10
1
1
6
-2
1
-6
5
1
-1
8
8
2
-4
-12
-13
4
-4
-14
7
3
-4
0
-1
2
4
-5
-1
7
0
-1
-2
-4
-6
7
3
1
4
-7
0
14
5
9
10
3
3
8
0
-1
5
4
-5
-2
8
-1
-4
-5
5
8
-4
9
-5
-5
7
4
-4
-5
4
0
-5
-7
4
-4
-7
3
9
6
1
0
-4
5
4
8
10
2
1
3
7
5
5
2
5
13
5
1
6
4
-8
2
7
6
5
5
-6
-5
0
14
7
-4
-1
-2
5
10
4
-8
-6
-4
9
2
-2
4
0
0
-2
4
3
11
4
2
3
3
11
6
17
0
-7
4
12
-7
-9
4
-5
2
-8
-3
4
8
2
6
9
3
6
-10
-9
-6
-4
-8
-7
-5
-1
-4
3
2
-11
2
7
4
2
-4
2
5
2
4
-3
1
-4
3
6
10
0
4
2
-7
0
8
2
0
15
9
4
-13
-13
1
0
4
10
7
-4
-11
4
0
-7
6
0
3
1
-6
-11
1
-1
0
16
2
3
8
-1
-8
-4
3
0
14
2
-2
7
8
7
-6
-9
0
2
-1
2
-1
4
5
-5
5
-3
-4
7
-4
7
2
-5
-10
-15
-2
8
1
0
-7
-6
4
1
-5
-6
0
4
6
6
1
-2
3
7
2
-8
-1
0
-3
0
7
-5
-2
6
-3
8
5
14
4
-4
-3
-3
3
-9
-4
-6
-5
-3
8
-1
2
-1
-11
2
8
0
-1
1
2
13
-6
-5
-2
-3
-2
-1
-2
-3
6
2
8
7
7
6
10
4
5
3
-9
6
2
-3
-6
-11
3
1
0
6
2
13
8
1
-5
-10
-4
-1
0
2
-2
-9
1
-8
-8
1
1
-8
-8
4
-1
-6
2
11
3
9
0
-11
-12
-9
7
-1
-13
-2
-4
-5
-6
-7
-2
-4
10
10
-3
0
3
-4
-9
-8
-11
-16
-8
-9
-2
6
-5
-2
-1
2
-1
3
0
1
-2
-7
-3
0
-2
-4
4
1
-5
-3
6
5
5
-4
2
4
2
1
4
7
-3
-7
-4
0
0
6
2
1
-5
-6
6
-4
-10
4
-3
-1
-2
-3
-8
0
5
2
1
-12
-4
-3
-3
4
-4
-10
-4
5
2
-7
-1
-4
-14
-1
5
1
-6
-11
4
1
-2
-6
-2
0
-10
-9
-6
-3
1
-10
-6
-8
-5
-3
-1
7
1
-1
-11
-3
-11
-2
2
-1
4
1
-1
-3
0
-2
-11
-9
1
-1
6
11
10
12
-8
-3
0
0
6
-10
7
7
-13
-1
2
-4
0
-2
-1
10
4
-1
0
0
5
-5
-3
4
6
-4
-1
2
-8
0
-3
-2
10
2
5
-5
9
12
-2
-9
-6
0
0
9
6
6
2
1
-8
-6
1
0
-3
-6
0
3
-4
-1
-12
-10
0
1
2
-5
-6
-4
-5
-4
-6
-10
-11
-15
-21
-8
-2
-8
4
-3
-8
1
-3
3
1
4
1
-2
-15
-16
-8
-6
-9
-8
-2
-4
8
-2
8
10
0
15
12
5
3
-9
-9
-14
-2
-4
-8
0
3
0
13
7
9
6
-3
6
-1
8
9
11
-3
-3
4
6
1
-4
7
5
11
14
-3
-2
-4
-5
10
-3
-3
8
7
9
9
-2
2
1
-4
5
1
-6
-7
-15
-13
-2
-14
-11
-4
-8
5
6
5
6
-5
-6
-9
-9
-4
-5
-3
-7
-5
-5
3
1
-9
7
-1
0
-3
-12
2
-2
5
9
0
8
6
-2
3
10
7
-8
-8
-5
-5
-6
9
-7
-6
-3
6
6
-11
7
2
-4
-6
-2
-2
3
-3
-5
-7
0
-9
-13
5
10
0
-13
-7
-18
0
2
-6
6
3
-12
-6
-4
-11
-4
0
15
3
-8
-3
-8
-9
-11
3
-9
-17
-6
-17
0
1
3
1
-5
9
0
-8
7
-7
-5
6
-7
3
-6
0
3
-7
-7
-7
1
8
11
3
-1
11
15
4
-4
2
8
6
1
-8
-4
-3
5
13
14
16
16
4
0
7
10
12
8
0
2
1
1
4
-1
1
7
4
16
24
4
3
12
8
15
15
13
2
3
5
-7
-3
-6
2
-7
-1
3
-3
9
0
-1
-3
-5
9
11
8
5
-2
-11
-12
-7
-15
-25
-12
-12
-6
-2
3
1
-10
-1
0
1
-10
-4
-5
-13
2
2
-4
-19
-7
8
-3
4
7
-5
-5
2
0
-9
5
3
-5
-5
-7
-2
-1
8
-3
2
7
3
9
-3
7
5
4
12
-5
-12
-10
-12
-20
-14
-2
-6
-7
-7
2
4
6
18
5
3
11
5
5
-10
-17
-15
-20
-14
-17
-19
-20
-16
-3
3
7
15
13
14
15
-4
-7
-3
-12
-6
-14
-17
-5
-8
-7
0
-2
-8
0
-8
-3
-8
-9
-4
-8
11
11
6
9
20
14
6
11
4
-13
-26
-28
-26
-26
-21
-12
-8
3
16
12
29
35
24
22
12
8
-3
-13
-15
-31
-20
-15
-8
7
-9
2
2
15
23
26
21
7
17
14
15
18
12
10
19
4
-1
9
-8
1
11
-3
7
12
13
1
6
19
31
29
31
37
22
26
20
8
7
-10
-12
-22
-26
-10
-6
10
7
13
18
22
25
21
0
5
8
-17
-14
-21
-10
-23
-24
-4
-12
-12
-10
-10
0
-5
-10
-6
-4
6
15
9
10
6
9
21
19
5
-5
-7
-30
-33
-38
-27
-30
-44
-43
-42
-36
-27
-21
-8
-2
1
17
31
47
53
61
57
63
66
77
55
45
37
26
24
0
-3
-29
-31
-51
-63
-56
-70
-71
-75
-65
-63
-47
-40
-49
-39
-25
-22
-12
10
16
30
41
46
54
57
60
53
40
33
47
29
2
-15
-26
-38
-57
-67
-85
-95
-103
-89
-70
-65
-56
-45
-48
-72
-74
-81
-112
-144
-157
-181
-205
-189
-182
-186
-174
-151
-135
-104
-38
12
49
124
187
256
311
348
393
383
370
348
301
215
109
17
-73
-186
-257
-282
-320
-335
-312
-247
-166
-95
-6
91
152
199
268
316
320
290
284
289
259
225
206
172
103
45
-12
-77
-143
-214
-260
-262
-255
-218
-125
-10
60
99
152
168
45
-183
-393
-682
-1051
-1327
-1480
-1567
-1584
-1374
-955
-531
-57
532
1043
1372
1572
1687
1632
1316
915
511
49
-442
-781
-933
-1029
-1034
-850
-504
-184
110
485
793
927
954
1013
979
790
648
594
572
563
669
890
1058
1163
1299
1430
1402
1220
1029
784
436
102
-163
-339
-472
-546
-476
-251
88
413
771
1213
1534
1615
1516
1301
709
-375
-1582
-2746
-4061
-5444
-6338
-6595
-6588
-6188
-4895
-2960
-1065
849
3098
5102
6219
6712
6985
6534
4974
3095
1403
-513
-2726
-4401
-5194
-5737
-6110
-5673
-4485
-3387
-2510
-1285
43
724
964
1422
1869
1816
1628
2001
2572
2790
3021
3569
3964
3700
3138
2575
1570
-39
-1705
-3020
-4206
-5266
-5742
-5394
-4553
-3455
-1907
46
1926
3326
4351
5066
5143
4428
3310
2114
681
-989
-2370
-3167
-3657
-4017
-3845
-3090
-2339
-1716
-876
66
602
823
1125
1485
1533
1449
1690
2038
2160
2247
2569
2851
2708
2373
2104
1573
633
-282
-946
-1637
-2330
-2568
-2314
-1896
-1280
-288
922
1939
2747
3558
4140
4190
3884
3484
2898
2001
1115
508
3
-512
-765
-595
-310
-65
280
760
992
755
394
-12
-920
-2373
-3732
-4834
-6137
-7368
-7746
-7425
-7013
-6226
-4427
-2124
-210
1600
3776
5530
6132
6255
6425
5816
4045
2220
888
-791
-2897
-4237
-4673
-5235
-5854
-5512
-4449
-3828
-3491
-2530
-1379
-1000
-893
-149
676
865
1111
2154
3339
3953
4598
5676
6346
6091
5537
4993
3796
1746
-381
-2164
-3921
-5753
-6969
-7279
-7179
-6803
-5782
-4036
-2213
-684
858
2481
3685
4197
4468
4713
4420
3556
2757
2129
1226
61
-786
-1331
-2035
-2769
-3069
-3032
-3072
-3019
-2426
-1501
-672
296
1678
3099
4156
5070
6007
6479
6278
5800
5142
4035
2542
1159
-28
-1190
-2124
-2487
-2397
-2138
-1581
-566
600
1540
2425
3345
3926
4035
3973
3837
3338
2494
1739
1190
587
-21
-312
-285
-403
-692
-813
-1003
-1781
-3105
-4345
-5610
-7342
-8978
-9792
-10039
-10083
-9353
-7317
-4684
-2194
629
3903
6617
8195
9274
9986
9381
7427
5219
3095
344
-2757
-4986
-6343
-7628
-8476
-7985
-6733
-5720
-4688
-3032
-1424
-701
-295
402
795
473
302
862
1520
1883
2636
4004
5167
5761
6310
6799
6470
5198
3640
2009
-122
-2644
-4824
-6428
-7783
-8776
-8797
-7885
-6680
-5258
-3260
-920
1054
2622
4108
5236
5564
5299
4950
4427
3388
2171
1279
546
-311
-936
-1040
-1058
-1207
-1147
-695
-298
-98
284
904
1355
1629
2193
2926
3358
3606
4028
4393
4348
4113
3947
3522
2719
1899
1279
622
-121
-568
-634
-581
-437
67
805
1426
1936
2486
2964
3145
3075
2909
2562
1948
1156
306
-608
-1687
-2976
-4366
-5660
-6978
-8298
-9358
-9958
-10197
-10153
-9468
-7999
-6137
-4163
-1806
838
3182
5021
6603
7852
8212
7669
6871
5857
4135
2053
280
-1274
-3005
-4517
-5262
-5614
-6096
-6341
-5946
-5419
-5191
-4788
-3904
-3114
-2601
-1764
-404
852
1833
3100
4571
5600
6158
6742
7084
6634
5638
4594
3347
1545
-384
-1971
-3435
-4932
-5956
-6261
-6257
-6067
-5346
-4083
-2777
-1517
-66
1347
2298
2893
3407
3664
3416
2935
2520
2037
1419
966
850
797
734
902
1334
1719
1967
2303
2663
2780
2741
2789
2841
2673
2412
2322
2292
2130
1977
1995
1943
1705
1479
1394
1252
916
637
547
511
409
531
942
1269
1530
2009
2631
3025
3158
3281
3245
2749
1928
1027
-158
-1917
-3916
-5764
-7655
-9652
-11281
-12292
-12907
-13117
-12449
-10846
-8888
-6645
-3875
-856
1877
4266
6461
8101
8788
8792
8474
7647
6172
4476
2839
1113
-635
-2014
-2959
-3796
-4552
-5013
-5255
-5469
-5628
-5648
-5600
-5549
-5326
-4747
-3870
-2792
-1509
-58
1481
3047
4490
5656
6456
6816
6701
6188
5426
4454
3177
1796
577
-486
-1418
-2058
-2326
-2472
-2561
-2401
-1969
-1590
-1412
-1200
-1011
-1066
-1235
-1238
-1193
-1335
-1404
-1122
-655
-168
509
1477
2373
3111
3969
4914
5566
5898
6191
6357
6195
5853
5595
5211
4515
3765
3191
2585
1818
1091
505
-102
-787
-1251
-1468
-1650
-1837
-1771
-1414
-985
-499
205
1074
1800
2432
3094
3678
3895
3708
3297
2598
1424
-186
-1923
-3770
-5876
-7978
-9641
-10908
-11946
-12480
-12227
-11378
-10262
-8693
-6558
-4326
-2309
-324
1703
3282
4253
5034
5692
5808
5512
5285
5083
4550
3880
3490
3132
2422
1587
909
15
-1303
-2629
-3787
-5065
-6460
-7449
-7904
-8131
-8051
-7318
-6077
-4735
-3206
-1357
526
2031
3283
4407
5179
5466
5513
5489
5167
4607
4132
3807
3434
3026
2758
2540
2200
1780
1367
852
103
-777
-1648
-2497
-3353
-4050
-4512
-4776
-4806
-4509
-3858
-2943
-1875
-646
707
2093
3470
4754
5911
6863
7588
8125
8493
8660
8633
8433
8079
7576
6965
6243
5433
4498
3411
2270
1092
-77
-1198
-2225
-3157
-3898
-4380
-4619
-4600
-4379
-3982
-3512
-3015
-2511
-2052
-1805
-1838
-2063
-2492
-3112
-3825
-4474
-5057
-5568
-5872
-5798
-5416
-4847
-4039
-3072
-2097
-1218
-401
334
788
912
866
714
427
104
-104
-240
-325
-296
-57
322
676
1009
1243
1312
1196
893
432
-197
-990
-1799
-2521
-3084
-3421
-3551
-3484
-3233
-2781
-2226
-1609
-983
-414
14
315
619
895
1110
1299
1530
1797
2114
2492
2940
3352
3632
3792
3858
3781
3479
2986
2356
1571
656
-236
-1004
-1672
-2262
-2662
-2826
-2781
-2537
-2113
-1519
-828
-102
704
1618
2548
3443
4276
5091
5814
6406
6907
7281
7493
7488
7291
7008
6600
6011
5331
4589
3782
2931
2115
1376
681
-14
-623
-1124
-1577
-2034
-2508
-2983
-3541
-4282
-5112
-5948
-6871
-7864
-8771
-9453
-9933
-10160
-9961
-9327
-8382
-7173
-5616
-3838
-2100
-444
1140
2445
3331
3904
4242
4246
3936
3532
3119
2653
2172
1861
1741
1617
1481
1438
1360
1064
606
89
-586
-1518
-2513
-3373
-4153
-4853
-5275
-5337
-5196
-4866
-4244
-3370
-2493
-1706
-891
-174
325
670
1012
1280
1386
1512
1777
2131
2523
3004
3573
4081
4452
4758
4956
4894
4512
3937
3164
2165
1112
82
-914
-1898
-2695
-3207
-3483
-3571
-3418
-3044
-2600
-2046
-1340
-532
264
1036
1850
2671
3507
4383
5297
6110
6807
7429
7934
8255
8363
8233
7817
7171
6347
5416
4397
3316
2257
1272
415
-283
-833
-1293
-1769
-2214
-2672
-3226
-3888
-4676
-5598
-6676
-7799
-8788
-9609
-10266
-10617
-10587
-10221
-9479
-8336
-6883
-5301
-3679
-2050
-514
783
1809
2563
3024
3170
3144
3082
2974
2836
2757
2822
2935
3076
3284
3430
3397
3134
2674
2009
1115
77
-1001
-2078
-3074
-3845
-4309
-4476
-4378
-4014
-3428
-2720
-1999
-1320
-755
-445
-334
-358
-521
-789
-1093
-1298
-1389
-1316
-998
-426
286
1077
1914
2737
3444
3931
4233
4299
4077
3635
3102
2476
1794
1103
542
113
-248
-471
-568
-591
-646
-650
-567
-513
-484
-409
-241
-11
313
838
1505
2239
3049
3935
4843
5637
6300
6840
7141
7156
6982
6618
6035
5301
4514
3737
2986
2304
1720
1199
694
202
-301
-843
-1523
-2334
-3291
-4384
-5535
-6710
-7824
-8800
-9566
-10075
-10266
-10078
-9586
-8860
-7888
-6760
-5579
-4433
-3341
-2389
-1672
-1197
-839
-540
-360
-183
105
520
987
1576
2351
3164
3887
4506
5008
5242
5114
4739
4169
3360
2371
1410
542
-249
-902
-1270
-1374
-1365
-1237
-1046
-864
-847
-927
-1122
-1458
-1933
-2492
-2997
-3463
-3800
-3914
-3792
-3446
-2867
-2118
-1264
-350
533
1305
1928
2434
2791
2965
3009
3005
2954
2877
2845
2880
2895
2850
2802
2682
2480
2159
1792
1392
887
412
51
-205
-341
-307
-75
337
850
1466
2128
2751
3291
3757
4147
4395
4510
4469
4319
4110
3916
3757
3632
3567
3550
3525
3489
3406
3249
2916
2403
1757
951
-16
-1164
-2376
-3637
-4942
-6156
-7155
-7959
-8608
-9027
-9172
-9095
-8853
-8434
-7834
-7214
-6625
-6021
-5415
-4855
-4360
-3836
-3265
-2677
-2022
-1214
-289
636
1570
2539
3428
4146
4692
5024
5116
4933
4546
4066
3469
2774
2094
1527
1050
719
621
673
764
845
900
869
670
346
-63
-604
-1262
-1945
-2525
-3060
-3467
-3664
-3663
-3486
-3148
-2668
-2169
-1683
-1241
-818
-459
-141
135
387
618
873
1214
1611
2077
2552
3035
3442
3713
3867
3863
3654
3277
2797
2208
1612
1071
665
405
293
362
575
889
1255
1663
2027
2365
2631
2852
3015
3094
3166
3215
3282
3393
3589
3778
3931
4090
4179
4156
4030
3802
3441
2891
2179
1388
475
-555
-1624
-2619
-3578
-4527
-5368
-6081
-6700
-7251
-7634
-7851
-8004
-8090
-8041
-7829
-7592
-7292
-6844
-6340
-5828
-5298
-4660
-3947
-3240
-2496
-1629
-749
94
912
1709
2431
2978
3425
3794
3994
3974
3850
3647
3335
2971
2662
2456
2229
2030
1931
1857
1729
1563
1369
1123
758
297
-154
-655
-1203
-1717
-2098
-2409
-2629
-2701
-2654
-2554
-2429
-2238
-2000
-1773
-1561
-1317
-1078
-857
-594
-231
200
663
1138
1665
2174
2616
2989
3250
3347
3273
3044
2722
2331
1898
1507
1227
1068
1001
1080
1263
1488
1714
1944
2197
2432
2583
2710
2828
2902
2957
3051
3219
3351
3459
3600
3758
3871
3946
4033
4048
3925
3707
3428
3049
2523
1928
1294
531
-346
-1269
-2184
-3159
-4117
-4979
-5757
-6468
-7045
-7472
-7787
-7979
-7970
-7761
-7482
-7126
-6712
-6315
-5970
-5583
-5087
-4541
-3984
-3334
-2589
-1877
-1133
-281
603
1394
2098
2736
3190
3392
3436
3415
3285
3024
2758
2533
2303
2092
1988
1972
1947
1897
1825
1692
1429
1058
668
246
-236
-699
-1117
-1478
-1762
-1977
-2120
-2187
-2236
-2264
-2265
-2276
-2267
-2233
-2151
-2002
-1783
-1464
-1071
-558
58
701
1355
1968
2468
2810
2984
3020
2921
2679
2397
2109
1841
1619
1517
1573
1672
1780
1944
2087
2152
2168
2172
2180
2158
2175
2270
2397
2528
2685
2918
3167
3408
3654
3866
4004
4033
4057
4069
3983
3852
3658
3383
2976
2479
1942
1309
528
-345
-1256
-2259
-3316
-4346
-5283
-6152
-6905
-7408
-7711
-7834
-7810
-7627
-7372
-7101
-6794
-6471
-6144
-5845
-5510
-5094
-4616
-4047
-3387
-2620
-1790
-888
66
971
1736
2298
2672
2850
2871
2810
2684
2529
2362
2186
2075
2074
2196
2373
2546
2662
2657
2463
2126
1681
1133
547
-22
-534
-1014
-1424
-1769
-1989
-2087
-2089
-2045
-1986
-1984
-2041
-2108
-2146
-2114
-1987
-1716
-1353
-896
-365
261
920
1547
2126
2524
2749
2752
2591
2305
1931
1593
1321
1180
1131
1234
1439
1684
1937
2170
2348
2418
2407
2346
2281
2205
2175
2238
2389
2600
2881
3214
3547
3828
4022
4116
4101
3982
3843
3681
3506
3330
3142
2911
2661
2419
2114
1713
1162
433
-485
-1583
-2733
-3841
-4875
-5774
-6534
-7076
-7439
-7632
-7611
-7442
-7189
-6939
-6707
-6558
-6504
-6418
-6259
-5946
-5456
-4787
-3959
-3009
-2004
-935
141
1150
2053
2719
3087
3194
3063
2840
2596
2396
2321
2322
2388
2487
2619
2734
2799
2763
2575
2172
1591
915
194
-491
-1037
-1418
-1666
-1792
-1843
-1853
-1870
-1899
-1956
-2082
-2317
-2556
-2761
-2890
-2861
-2622
-2139
-1469
-627
327
1283
2118
2795
3230
3385
3305
3032
2631
2174
1726
1411
1264
1263
1446
1741
2054
2284
2360
2245
1984
1608
1257
1015
910
1007
1336
1834
2431
3150
3887
4549
5077
5398
5467
5286
4966
4598
4277
4032
3888
3809
3741
3653
3451
3099
2501
1633
519
-815
-2335
-3928
-5388
-6676
-7681
-8305
-8584
-8596
-8436
-8141
-7814
-7554
-7359
-7245
-7222
-7241
-7203
-6989
-6538
-5818
-4799
-3561
-2192
-804
513
1670
2541
3126
3423
3462
3305
3076
2843
2690
2687
2823
3081
3383
3646
3778
3716
3388
2845
2099
1181
188
-735
-1490
-2003
-2269
-2301
-2163
-2018
-1906
-1869
-1936
-2168
-2479
-2813
-3136
-3383
-3440
-3207
-2680
-1896
-911
213
1300
2245
2970
3435
3606
3536
3300
2944
2526
2132
1841
1649
1594
1691
1838
1953
1977
1874
1608
1187
754
352
55
-68
91
543
1215
2111
3122
4125
4972
5627
6023
6114
5954
5679
5385
5130
4965
4923
5010
5092
5105
5010
4654
3878
2684
1123
-718
-2733
-4697
-6397
-7761
-8741
-9309
-9462
-9367
-9120
-8818
-8584
-8489
-8581
-8734
-8884
-8940
-8736
-8171
-7239
-5959
-4394
-2663
-946
618
1920
2884
3503
3806
3878
3802
3733
3738
3886
4202
4624
5045
5342
5442
5247
4724
3881
2806
1581
310
-873
-1857
-2579
-3026
-3231
-3258
-3174
-3171
-3323
-3596
-4027
-4525
-4960
-5217
-5234
-4933
-4250
-3246
-1986
-580
840
2135
3162
3883
4308
4482
4469
4356
4241
4153
4111
4125
4187
4217
4096
3801
3326
2661
1837
960
151
-543
-1063
-1310
-1235
-902
-310
515
1455
2419
3311
4108
4760
5289
5663
5961
6227
6463
6708
6927
7131
7274
7294
7089
6537
5541
4079
2218
108
-2116
-4263
-6160
-7759
-9016
-9947
-10563
-10955
-11221
-11440
-11669
-11934
-12174
-12289
-12146
-11643
-10712
-9360
-7608
-5591
-3509
-1488
327
1878
3101
4069
4815
5378
5852
6305
6762
7178
7546
7815
7837
7518
6856
5905
4672
3252
1805
423
-856
-2005
-2953
-3713
-4327
-4822
-5218
-5554
-5905
-6258
-6535
-6692
-6657
-6331
-5674
-4768
-3651
-2374
-1011
336
1611
2753
3722
4524
5162
5669
6044
6332
6472
6474
6314
5938
5382
4663
3831
2942
2047
1192
419
-240
-770
-1196
-1531
-1742
-1843
-1767
-1429
-858
-2
1065
2265
3486
4646
5668
6493
7146
7609
7913
8071
8166
8216
8213
8099
7746
7014
5777
4036
1930
-425
-2838
-5084
-7058
-8689
-9946
-10833
-11431
-11868
-12199
-12489
-12799
-13030
-13104
-12867
-12243
-11191
-9726
-7841
-5690
-3456
-1259
735
2423
3746
4736
5496
6148
6723
7306
7868
8290
8477
8381
7947
7143
6035
4722
3270
1727
217
-1170
-2420
-3534
-4559
-5491
-6315
-7094
-7769
-8262
-8553
-8582
-8290
-7668
-6701
-5484
-4096
-2621
-1179
127
1330
2508
3655
4835
6027
7204
8238
8986
9403
9401
8927
8034
6845
5494
4119
2860
1816
1004
339
-255
-824
-1446
-2159
-2899
-3520
-3929
-3967
-3484
-2458
-957
870
2823
4689
6256
7429
8242
8718
9005
9281
9660
10118
10545
10813
10630
9692
7880
5312
2188
-1177
-4356
-6951
-8936
-10405
-11390
-12122
-12849
-13685
-14622
-15553
-16335
-16756
-16489
-15398
-13514
-10989
-8056
-5059
-2335
-44
1813
3317
4495
5549
6622
7820
9112
10340
11360
11862
11546
10385
8537
6220
3744
1492
-319
-1711
-2764
-3607
-4389
-5323
-6514
-7907
-9406
-10810
-11852
-12238
-11868
-10726
-8875
-6631
-4288
-2106
-258
1147
2181
3030
3864
4864
6147
7667
9293
10795
11854
12247
11814
10578
8702
6502
4355
2518
1115
124
-575
-1166
-1873
-2742
-3703
-4700
-5578
-6087
-6017
-5279
-3843
-1814
548
2870
4880
6464
7574
8373
9004
9668
10493
11439
12484
13508
14219
14287
13380
11300
8040
4048
-39
-3664
-6418
-8200
-9247
-10095
-11150
-12626
-14523
-16660
-18620
-19997
-20491
-19847
-18009
-15173
-11745
-8256
-5208
-2816
-990
492
1967
3760
5929
8274
10557
12581
14096
14840
14671
13647
11760
9175
6381
3847
1757
103
-1219
-2500
-4099
-6114
-8318
-10490
-12440
-13987
-14928
-15234
-14895
-13877
-12207
-10066
-7738
-5380
-3147
-1071
914
2879
4857
6811
8626
10217
11581
12648
13326
13510
13110
12112
10556
8614
6539
4488
2543
743
-947
-2625
-4277
-5726
-6961
-7884
-8330
-8244
-7712
-6794
-5371
-3558
-1537
601
2778
4854
6702
8439
10182
11899
13470
14890
16127
17080
17588
17503
16687
14753
11409
7006
2439
-1707
-5032
-7118
-8257
-9460
-11411
-13990
-16922
-19858
-22138
-23126
-22824
-21549
-19359
-16409
-13156
-10058
-7320
-4969
-2810
-505
2276
5644
9249
12374
14484
15597
15897
15569
14992
14443
13595
12037
9858
7369
4520
1399
-1588
-4437
-7298
-9967
-12039
-13570
-14745
-15554
-16185
-16837
-17196
-16822
-15538
-13193
-9956
-6302
-2828
152
2556
4377
5952
7684
9693
11841
14003
15849
16858
16783
15619
13481
10672
7751
5172
3153
1638
354
-1170
-3272
-5858
-8581
-10867
-12074
-11954
-10695
-8707
-6458
-4338
-2508
-841
882
2854
5170
7844
10767
13701
16190
17900
18903
19296
19142
18641
17916
16403
13357
9092
4483
-121
-4210
-6980
-8730
-10752
-13477
-16461
-19428
-22089
-23676
-23689
-22697
-21236
-19169
-16594
-13879
-11079
-8198
-5224
-2011
1522
5236
8922
12173
14262
15042
15233
15423
15583
15743
15962
15334
13007
9514
5704
1755
-1931
-4638
-6379
-7948
-9638
-11316
-13335
-15675
-17631
-18718
-18838
-17707
-15410
-12645
-9745
-6766
-4091
-1743
742
3384
5829
8249
10871
13134
14595
15459
15657
14949
13696
12475
11228
9659
7749
5394
2535
-532
-3327
-5778
-7866
-9501
-10789
-11696
-11907
-11341
-10346
-9073
-7479
-5610
-3498
-791
2532
5824
8762
11355
13472
15052
16410
17717
18821
19624
20051
20030
19297
17252
13292
7855
2283
-2692
-6590
-8668
-9596
-11403
-14811
-18752
-22426
-25272
-26088
-24411
-21711
-19442
-17406
-15303
-13454
-11441
-8432
-4409
123
4870
9482
13355
15773
16404
15831
15160
15247
15991
16997
17649
16530
12792
7590
2556
-1755
-4950
-6595
-7208
-8311
-10537
-13333
-16267
-18844
-20230
-19831
-17849
-15126
-12396
-9908
-7823
-6041
-3853
-708
3046
6726
9945
12412
13865
14489
14696
14617
14343
14008
13394
12353
10886
8748
5733
2193
-1203
-4024
-6202
-7703
-8815
-10179
-11785
-12763
-12714
-11817
-9981
-7426
-4971
-2992
-904
1664
4346
7249
10579
13528
15754
17663
19103
19829
20404
20771
20379
19448
17722
13943
8320
3130
-1043
-4935
-7429
-8393
-10654
-15079
-19445
-22723
-25251
-25974
-24031
-21358
-19819
-18580
-16766
-14855
-12579
-9137
-4810
-174
4455
8517
11613
13636
14472
14365
14528
15842
17247
17579
16958
14932
10735
5760
2232
-25
-2273
-4468
-6277
-8748
-12242
-15295
-17140
-18144
-18321
-17250
-15349
-13502
-12035
-10556
-8766
-6573
-3369
887
5259
8694
10788
11773
12342
13157
14334
15417
15875
15401
13747
11264
8874
6772
4359
1625
-985
-3480
-6044
-8273
-9913
-11512
-13254
-14056
-13344
-11899
-10048
-7806
-5747
-4149
-2193
905
4580
8105
11406
13974
15518
16827
18349
19635
20743
21729
21806
20847
19460
16787
11421
5061
277
-3584
-6860
-8039
-8713
-12282
-17935
-22425
-25114
-26314
-24915
-21348
-18833
-18495
-18157
-16750
-14516
-10945
-6077
-1021
3462
7022
9679
11743
13328
14253
14728
15751
17259
17673
16487
14480
11424
7051
3132
998
-607
-3327
-6467
-8915
-11660
-14838
-16664
-17084
-17567
-17769
-16624
-14906
-13394
-11510
-9296
-7313
-4725
-786
3402
7105
10142
11694
12183
13057
14507
15853
16720
16764
15501
13061
10540
8700
6901
4483
1662
-1382
-4519
-7274
-9223
-10711
-12423
-13989
-14487
-13941
-12703
-10713
-8396
-6399
-4489
-1891
1365
4728
7994
10833
13004
14917
17104
19125
20740
21874
21961
21150
20200
18762
14958
9034
3915
-64
-4059
-6381
-6967
-9646
-15271
-20477
-23556
-25104
-24761
-22058
-19340
-19059
-19521
-18351
-15801
-12272
-7688
-2815
1555
4959
7556
10059
12418
14073
14905
15683
17003
17702
16717
14939
12737
9212
5256
2690
1002
-1652
-5424
-8565
-10843
-13470
-15748
-16774
-17337
-18145
-18371
-17205
-15381
-13668
-11657
-9181
-6591
-3468
447
4239
7190
9168
10558
12099
13957
15771
16857
16749
15820
14333
12398
10765
9400
7206
3973
621
-2238
-4802
-6975
-8474
-10037
-12247
-13859
-13848
-12981
-11812
-9947
-7645
-5762
-3759
-556
2919
5749
8609
11406
13594
15760
18203
20200
21364
21931
22026
21534
20775
18814
13539
7005
2602
-1070
-4615
-5792
-6897
-11677
-18032
-22257
-24182
-24981
-23944
-21281
-20272
-21430
-21262
-18792
-15417
-11240
-6500
-1938
1874
4747
7465
10295
12635
14435
15812
17138
18448
18290
16591
14789
12542
9286
6258
4136
1647
-2399
-6736
-9243
-11077
-13697
-15563
-16363
-17761
-19110
-18480
-16671
-15157
-13165
-10580
-8858
-7052
-3356
674
3762
7110
9831
10709
11658
13630
14952
15324
15848
15828
14183
11915
10223
8289
5487
2739
400
-2263
-5086
-7254
-9232
-11510
-13190
-13609
-13291
-12552
-11234
-9501
-7792
-5823
-2896
327
3203
6298
9198
11371
13787
16489
18659
20406
21912
22654
22328
21904
21068
16747
10105
6093
3260
-778
-2642
-3419
-8192
-15137
-19664
-21858
-23110
-23027
-21454
-20810
-22317
-22766
-20578
-17359
-13490
-9256
-5359
-1636
1609
4442
7619
10758
13172
14815
16103
17628
18118
16730
15434
14405
11934
8884
6555
4057
225
-4265
-6906
-8128
-10513
-12995
-14441
-16578
-18659
-18449
-17116
-15897
-14268
-12635
-11289
-9102
-5466
-1670
1557
4658
6808
7847
9703
12507
14584
15614
16009
15618
14399
12935
11821
10503
8091
5178
2398
-466
-3134
-5315
-7499
-9782
-11694
-13032
-13572
-13185
-12362
-11427
-9876
-7716
-5411
-2626
575
3376
5893
8623
11421
14130
16609
18637
20237
21242
21777
22371
22690
21402
16918
10454
5768
2729
-340
-1740
-2624
-7441
-14579
-19238
-21282
-22218
-21805
-20359
-20140
-21984
-22917
-20889
-17534
-13783
-9533
-5650
-2352
542
3241
6454
9732
12160
14063
15615
16767
17118
16153
15074
14413
12545
9583
7051
4322
424
-3624
-5779
-6707
-9035
-11930
-14015
-16734
-19073
-18551
-16968
-15768
-13943
-12538
-12054
-10256
-6797
-3405
131
4092
6527
7465
9265
11656
13262
14640
15854
15908
14900
13607
12303
10679
8585
6309
3735
770
-2081
-4614
-7002
-9146
-10851
-12076
-12876
-13100
-12639
-11904
-10648
-8583
-6203
-3637
-805
1908
4436
7048
9914
13076
15593
17465
19376
20408
21021
22385
23079
21926
18114
11741
6664
4086
1658
336
-578
-5285
-12554
-17784
-19968
-20519
-20351
-19417
-19464
-21827
-23200
-21236
-18033
-14404
-10447
-7148
-4125
-1368
1438
5099
8558
11130
13309
14673
15697
16575
16209
15676
15536
13968
11138
8415
5564
2281
-1068
-3262
-4398
-6741
-10169
-13090
-15721
-17547
-17529
-16416
-15272
-14546
-14092
-13150
-11519
-8794
-5112
-1881
925
3536
5081
6608
9228
11590
13105
14378
15219
15001
13923
12904
11943
10145
7884
5845
3479
584
-2193
-4526
-6828
-9188
-10807
-11582
-12340
-12751
-12246
-11288
-9956
-8144
-5885
-3207
-826
1349
4332
7331
9748
12533
15143
16860
18348
19789
20935
21641
21664
19776
14727
9193
6348
4149
1692
811
-1545
-8072
-14598
-17671
-18780
-19463
-19124
-18451
-20195
-23178
-22933
-19877
-16723
-13014
-9031
-6271
-4214
-1758
1499
5365
8910
11688
13545
14484
15340
15787
15672
16089
16078
13973
10865
8066
5249
2253
-152
-1232
-2745
-6251
-10019
-12764
-14879
-15813
-15232
-14461
-14397
-14672
-14307
-12949
-10759
-7524
-4324
-2382
-611
1518
3239
5478
8731
11208
12270
13016
13545
13232
12458
12086
11645
10038
7713
5494
3027
291
-2052
-3947
-5984
-8248
-9896
-10853
-11751
-12122
-11444
-10482
-9483
-7825
-5582
-3265
-1092
1447
4517
7218
9655
12394
14529
15930
17381
18856
20356
21304
21170
20085
16421
10546
6977
5442
2767
873
-502
-5593
-12672
-16757
-17860
-18515
-18879
-18542
-19731
-22908
-23792
-21093
-17676
-14050
-10288
-7784
-6225
-4187
-862
3300
7088
10299
12450
12900
13465
14780
15451
15984
16409
15045
11812
8407
6017
4109
1689
60
-929
-4217
-8678
-11334
-13150
-14867
-14861
-13853
-14047
-14711
-14382
-13644
-12256
-9031
-5558
-3628
-1809
462
2155
4175
7487
10639
12085
12567
13101
13116
12621
12721
13029
11930
9364
6633
4218
1831
-168
-1722
-3894
-6571
-8901
-10824
-11923
-12110
-11953
-11304
-10349
-9418
-7793
-5743
-3637
-888
1998
4731
7411
9692
11924
14076
15838
17705
19452
20625
21298
20958
19814
16878
11294
7217
5706
2897
385
-867
-5464
-12528
-16940
-18195
-18651
-19397
-19601
-20183
-22966
-24404
-21591
-17891
-14753
-11344
-8823
-6976
-4545
-1079
3414
7419
10143
12143
13117
14084
15727
16651
17049
17182
15543
12484
9684
7567
5618
3083
902
-602
-3929
-8486
-11386
-13204
-14796
-15057
-14530
-15042
-16170
-16196
-14837
-12714
-9530
-6316
-4977
-3945
-1555
933
3870
7973
10771
11364
11683
12302
12924
13767
14414
14081
12354
9489
6912
5331
3806
1845
-435
-3385
-6631
-9065
-10355
-10918
-11242
-11530
-11636
-11420
-10609
-8788
-6197
-3482
-950
1613
4085
6134
8476
11635
14336
16310
18349
19723
20469
21125
21259
20962
18528
12985
8852
6880
3483
1125
424
-4188
-11576
-16157
-18054
-19425
-20141
-19868
-20624
-23777
-25516
-23283
-20025
-16742
-12779
-9789
-7964
-5696
-2339
1967
6203
9804
12540
13669
14472
15944
16839
17617
18437
17217
14239
11359
8698
6246
4026
2149
335
-3159
-7641
-10810
-12910
-14266
-14300
-14455
-15792
-16738
-16708
-15877
-13384
-10092
-8164
-6870
-4572
-2173
226
3782
7126
8912
10270
11670
12692
13570
14288
14477
14054
12792
10823
8750
6610
4394
2351
83
-2659
-5309
-7720
-9658
-10735
-11527
-12401
-12745
-12619
-12097
-10418
-7966
-5703
-3522
-1114
1377
4032
7165
10623
13677
15786
17159
18433
19767
20924
22168
22845
21722
19526
15882
9971
5808
4414
1463
-1647
-3531
-8743
-16165
-20202
-20972
-21229
-21754
-22152
-23143
-25817
-26650
-22691
-17829
-14362
-10957
-8521
-6847
-3881
794
6137
10317
12904
14565
15090
15904
18211
19542
19456
19099
17009
13172
9738
7631
6095
3605
629
-1734
-5558
-10481
-13046
-13960
-15203
-15885
-16414
-17781
-18450
-17628
-15696
-12613
-9436
-7325
-5587
-3512
-1049
2092
5642
8924
11402
12527
12861
13574
14463
15190
15674
15083
13137
10476
7630
5287
3642
1808
-811
-3944
-6949
-9532
-11336
-12113
-12715
-13473
-13671
-13450
-12623
-10387
-7704
-5285
-2650
-167
2513
5904
9073
12112
15301
17342
18545
20198
21694
22566
23165
23014
21776
19407
14806
9234
5978
3717
15
-2888
-5606
-11983
-18877
-21522
-21946
-22932
-23720
-24059
-25738
-28166
-27107
-22103
-17414
-14060
-10752
-8347
-6402
-2620
3067
8549
12282
14553
15721
16181
17681
20114
21374
21194
19539
16052
12070
9050
7222
5472
2289
-1250
-4373
-8789
-12830
-14312
-15418
-17033
-17555
-17756
-18712
-18823
-17046
-14650
-12306
-9074
-5889
-4031
-1596
1777
4311
7165
10702
12687
13598
14739
15298
15576
16008
15604
14431
12650
9969
7327
5204
2669
-89
-2565
-5456
-8468
-10606
-11934
-13004
-13974
-14489
-14236
-13795
-13102
-11061
-8230
-5753
-3013
360
3378
6188
9567
13136
16054
18070
19496
20679
21919
22949
23475
23495
22058
19159
16641
13348
7638
3240
710
-3818
-7942
-9689
-13840
-20093
-23387
-24215
-25205
-25763
-24978
-24604
-25922
-25596
-21398
-16656
-12915
-8629
-4824
-2213
1078
5635
10268
13814
16160
17660
18196
18760
20108
20648
19652
17859
15006
11060
7358
4777
2488
-1095
-4888
-7199
-10129
-13987
-16008
-16918
-18417
-18949
-18263
-17883
-17328
-15766
-13445
-10556
-7441
-4556
-1821
830
3440
6481
9732
12127
13748
14994
15201
15069
15625
15718
14796
13572
11605
8593
5567
2978
566
-1756
-4166
-6774
-9304
-11323
-12635
-13280
-13533
-13519
-13216
-12860
-11986
-9914
-7249
-4625
-1701
1163
3702
6549
9801
13152
16076
17885
19032
20113
20748
21052
21220
20806
19415
17486
15492
13132
10621
7707
2479
-3505
-6870
-9945
-13538
-14300
-15461
-20564
-24945
-25675
-25209
-24565
-22559
-19896
-19523
-20119
-17039
-11753
-7711
-3422
1084
3604
5347
8263
12086
15065
16834
18337
18430
16922
16391
16454
15182
13423
11382
7888
3303
-423
-2629
-5083
-8245
-10083
-11642
-14924
-17454
-17697
-17624
-17534
-16087
-14514
-14035
-12970
-10299
-6983
-3534
-143
2400
4187
6033
8416
11118
13369
14749
15007
14301
13404
12852
12787
12454
10964
8599
5595
2110
-373
-1532
-2900
-4882
-7324
-10014
-12047
-12680
-11896
-10844
-10714
-10832
-10400
-9581
-7753
-4650
-1513
685
2322
4252
6514
9050
12060
14813
16443
17062
17371
17889
18214
18081
17729
16609
14505
12352
10414
8492
6451
4333
1658
-3542
-9215
-11504
-13141
-15300
-14790
-15323
-19974
-23196
-22588
-20878
-18867
-16087
-13700
-13895
-14582
-11220
-5976
-2193
1734
4960
5897
6789
9119
12348
15073
16260
16465
15202
12886
12012
11823
10757
9452
7180
3255
-1046
-4286
-6010
-7496
-9328
-10099
-11416
-14633
-16549
-16264
-15626
-14316
-12249
-11120
-10971
-9883
-6986
-3470
-238
2844
4865
5635
7093
9370
11073
12526
13780
13558
12482
11925
11304
10387
9642
8415
6262
3673
1028
-1090
-2598
-3996
-5319
-6969
-9060
-10498
-10804
-10568
-9949
-9049
-8371
-7932
-7239
-5787
-3488
-1062
950
2879
4699
5911
7503
10194
12392
13551
14527
14983
14946
15116
15111
14624
13798
12294
10359
8675
7035
5333
3870
2135
-110
-2345
-5832
-10532
-12650
-12895
-14309
-14436
-13652
-16305
-19610
-19046
-16681
-14702
-12580
-10411
-9708
-10253
-8213
-3091
832
3260
5924
7066
7019
8732
11640
13340
13577
13263
12038
9837
8867
9217
8278
6061
3800
717
-3190
-5824
-6587
-7493
-9736
-11213
-11699
-13633
-15155
-14025
-12738
-12306
-10726
-8735
-7945
-6902
-4168
-787
1949
4505
6826
7720
8084
9582
11395
12406
12925
12768
11460
9876
8996
8386
7374
5975
4033
1524
-1010
-3032
-4265
-5099
-6197
-7486
-8812
-10187
-10903
-10547
-9666
-8818
-8095
-7156
-5968
-4610
-2538
51
2161
3672
5161
6772
8299
9966
11928
13287
13586
13708
13960
14137
14205
13746
12660
10849
8407
6620
5559
4325
3064
1538
-489
-2695
-4619
-5678
-7592
-11145
-12652
-12755
-14309
-13858
-11799
-13019
-14835
-13581
-11551
-10097
-8102
-5479
-4420
-4963
-2951
1085
3060
4580
6932
7440
7064
8074
9307
9369
8656
8126
7052
5059
4172
3904
2181
346
-839
-2961
-5572
-7133
-7607
-8251
-9452
-9419
-8645
-9560
-10339
-9155
-8108
-7367
-5221
-2944
-2207
-1474
587
2985
4877
6752
8243
8452
8336
9095
10148
10309
9804
9041
7461
5487
4465
3979
2783
1327
9
-1937
-4041
-5123
-5614
-6263
-6787
-7238
-7913
-8351
-8161
-7350
-6325
-5595
-4722
-3537
-2657
-1319
952
2720
3779
5046
6159
6829
7712
9016
10074
10395
10278
10162
9994
9662
9422
9165
8236
6534
5057
3965
2741
1929
1425
361
-959
-1935
-2533
-3046
-3488
-3248
-4028
-7164
-8725
-8056
-8585
-7753
-4880
-5520
-8514
-8807
-7391
-6201
-4450
-2106
-1734
-4063
-4449
-1604
312
1547
3346
2990
1057
804
2215
3446
3642
3554
2975
883
-137
999
1159
500
534
-358
-2506
-3837
-3624
-3207
-3693
-3610
-2752
-3781
-5366
-4842
-3923
-3633
-2501
-1167
-1367
-1944
-1096
600
1917
3121
4079
3762
3215
3769
4884
5608
5767
5491
4497
3205
2720
2914
2573
1683
958
10
-1382
-2304
-2478
-2903
-3780
-4329
-4711
-5275
-5572
-5255
-4703
-4435
-4146
-3365
-2651
-2081
-843
715
1822
2727
3737
4700
5443
6274
7447
8206
8094
7882
7954
7875
7718
7856
7790
6739
5338
4605
3879
3037
2707
2114
1000
-45
-849
-1365
-1490
-1290
-1305
-1704
-1974
-3276
-5876
-6338
-5239
-5315
-4217
-2875
-4979
-7477
-7271
-5978
-4533
-3133
-2510
-3616
-5832
-5491
-2750
-1254
-280
320
-1118
-2226
-1226
540
2107
2593
1999
1004
-189
124
1862
2535
2362
1873
381
-1254
-1697
-858
-176
-887
-1418
-1368
-2618
-3509
-2566
-1965
-2011
-1371
-885
-1485
-1742
-576
848
1712
2653
3056
2154
1867
3090
3974
4096
4253
3574
1987
1567
2217
2204
1668
887
-394
-1592
-2289
-2445
-2323
-2726
-3476
-3899
-4358
-4551
-3907
-3076
-2432
-2007
-1796
-1439
-858
4
1304
2557
3332
3735
4099
4595
5084
5747
6541
6624
6085
5608
5156
5032
5207
5024
4575
3829
2631
1935
2105
2193
1920
1449
654
-134
-459
-282
12
87
-57
-300
-513
-374
82
-543
-2352
-3014
-3038
-3953
-3346
-1814
-3513
-6253
-6435
-6115
-6382
-5608
-4511
-5396
-7420
-7370
-5512
-4546
-3817
-2532
-2621
-3362
-2447
-623
634
1479
2250
2338
1961
2593
3790
4139
4341
4684
4033
2738
2119
2167
1827
1160
1243
1127
-454
-1826
-2152
-2672
-2956
-2388
-2299
-3355
-4201
-3936
-3193
-2324
-1213
-739
-1183
-1262
-424
793
1780
2475
2807
2525
2332
2982
3705
3766
3638
3334
2505
1589
1117
878
456
-122
-673
-1383
-2208
-2580
-2552
-2672
-2903
-2828
-2550
-2430
-2075
-1207
-658
-453
291
1155
1621
2370
3457
4036
4349
4689
4797
4958
5221
5381
5430
5109
4330
3791
3570
3433
3464
3194
2513
1675
898
493
288
122
-26
-418
-983
-1202
-1069
-994
-651
63
-141
-2224
-3995
-3917
-3973
-3603
-1595
-1613
-4689
-6468
-6000
-5347
-4281
-2754
-2917
-5370
-6881
-5418
-3418
-2054
-485
-189
-1683
-2155
-569
1150
2158
2937
3020
1760
1038
2251
3334
3427
3576
3182
1462
-110
-120
536
328
-235
-134
-1017
-2848
-3050
-2348
-2488
-2518
-2039
-2406
-3335
-3102
-1772
-722
32
928
934
193
603
2065
3037
3429
3816
3398
2165
2145
3244
3428
3004
2679
1455
-82
-496
-390
-647
-1224
-1972
-2795
-3405
-3432
-3026
-2654
-2518
-2519
-2492
-2239
-1652
-797
230
896
1205
1558
1771
2152
3035
3900
4210
4180
4110
3898
3791
4023
4207
3758
2974
2258
1416
934
1154
1386
1187
928
516
-148
-298
143
512
707
777
518
369
811
1306
1745
2334
2439
2191
2327
1785
9
-1009
-1198
-1863
-1747
-1152
-2604
-5087
-6122
-6056
-5895
-5486
-5183
-6306
-8265
-8233
-6333
-5033
-4003
-2988
-3241
-3620
-2341
-161
1486
2386
2930
3046
2925
3760
5111
5608
5525
5240
4564
3609
2901
2739
2363
1203
514
215
-1255
-2708
-3124
-3665
-4261
-4139
-4029
-4722
-5361
-4922
-3992
-3325
-2364
-1486
-1577
-1376
-134
1109
2057
2791
3111
3109
3084
3551
4375
4516
4047
3684
2865
1804
1520
1435
830
-83
-1110
-2270
-3154
-3420
-3274
-3203
-3579
-4010
-4095
-3851
-3255
-2207
-1233
-857
-519
244
1089
2075
3316
4233
4590
4706
4800
5175
5700
6050
6221
5885
4986
4034
3425
3130
2886
2461
1919
1179
242
-239
-271
-396
-449
-452
-641
-975
-1115
-758
-311
103
676
892
682
730
1155
2002
2497
1301
-121
-674
-1463
-1137
652
406
-2117
-3989
-4864
-5145
-4390
-3188
-3503
-5795
-7297
-6758
-5799
-4533
-2985
-2942
-4103
-4277
-3193
-1806
-491
715
1129
370
219
1317
2286
2972
3645
3561
2461
1463
1512
1964
1719
1462
1566
521
-1026
-1441
-1523
-1902
-1829
-1516
-2153
-3304
-3409
-2703
-2160
-1352
-512
-879
-1668
-1343
-164
911
1715
2253
1915
1090
1386
2632
3261
3340
3223
2331
1228
1040
1501
1639
1223
572
-359
-1341
-1630
-1296
-1182
-1414
-1681
-2010
-2303
-2136
-1417
-772
-469
-159
65
116
544
1433
2203
2618
2716
2633
2629
2800
3326
3990
4036
3663
3359
2917
2618
2875
3087
2844
2463
1928
1394
1293
1529
1769
1718
1368
945
587
481
719
966
946
693
391
239
217
380
668
870
678
-519
-2235
-3064
-3297
-3301
-2392
-2118
-4067
-6115
-6661
-6499
-5691
-4405
-4170
-5723
-7256
-6957
-5476
-3854
-2239
-1727
-2678
-3059
-1987
-400
1129
2206
2340
1588
1200
2124
3270
3834
4258
4069
2958
2044
1814
1828
1718
1380
1230
728
-564
-1399
-1609
-1898
-1758
-1318
-1721
-2694
-3121
-2776
-2099
-1241
-331
-299
-1053
-874
184
953
1688
2271
1908
1189
1232
2006
2563
2656
2673
2181
1266
940
1048
960
754
375
-213
-826
-1256
-1273
-1087
-1163
-1290
-1391
-1629
-1603
-1160
-576
-142
164
416
613
894
1506
2209
2680
2946
2990
3020
3108
3186
3328
3383
3080
2594
2181
1850
1687
1576
1291
792
121
-328
-443
-552
-585
-509
-723
-1082
-1030
-844
-697
-287
107
220
289
519
778
1004
1437
1845
1820
1672
1689
1747
1750
1269
251
-628
-1511
-2193
-1822
-1667
-2900
-4237
-5033
-5720
-5819
-5130
-4695
-5378
-6287
-6074
-5365
-4665
-3383
-2382
-2474
-2439
-1541
-491
447
1398
2106
2177
2126
2770
3464
3746
4131
4334
3834
3099
2714
2524
2151
1705
1590
1112
-119
-928
-1290
-1833
-2060
-1763
-1929
-2718
-3096
-2972
-2781
-2216
-1329
-1002
-1253
-1206
-665
41
757
1446
1699
1328
1321
2039
2553
2699
2819
2415
1723
1550
1652
1628
1396
824
124
-441
-869
-1026
-1098
-1445
-1989
-2392
-2613
-2734
-2595
-2170
-1839
-1680
-1369
-1048
-696
-19
785
1428
1863
2122
2365
2733
3250
3787
4021
3907
3694
3432
3278
3431
3505
3227
2768
2186
1544
1154
1032
878
612
322
-5
-325
-501
-602
-688
-662
-570
-492
-468
-465
-442
-240
102
363
610
764
742
815
960
544
-169
-631
-1178
-1348
-904
-968
-1952
-3080
-3790
-4093
-3981
-3485
-3346
-4245
-5052
-4818
-4232
-3529
-2579
-2192
-2598
-2684
-1978
-965
-42
640
923
786
851
1576
2449
2996
3107
2865
2430
1966
1890
2080
1800
1296
1046
470
-373
-757
-1074
-1629
-1855
-1954
-2416
-2971
-3183
-2937
-2540
-2115
-1647
-1606
-1884
-1595
-812
-204
388
962
971
878
1307
1874
2215
2450
2512
2255
2013
2050
2134
2000
1730
1401
928
421
119
0
-275
-725
-1022
-1309
-1734
-1854
-1635
-1445
-1323
-1104
-911
-807
-563
-10
675
1145
1526
1931
2190
2484
3035
3471
3572
3585
3561
3391
3293
3346
3248
2977
2670
2308
1828
1381
1068
812
457
65
-177
-509
-916
-1008
-965
-1020
-955
-891
-914
-855
-765
-560
-203
63
232
378
476
612
829
1006
839
146
-565
-1031
-1432
-1359
-1127
-1705
-2759
-3525
-3971
-4087
-3811
-3565
-3933
-4783
-5115
-4683
-4083
-3414
-2836
-2764
-2891
-2585
-1710
-758
-189
220
485
521
925
1705
2237
2514
2625
2528
2300
2176
2229
2118
1736
1524
1329
762
259
-39
-470
-886
-1041
-1145
-1487
-1779
-1711
-1627
-1574
-1267
-1048
-1150
-1097
-779
-391
64
511
853
944
988
1296
1702
1980
2261
2396
2177
2024
2048
2024
1973
1906
1628
1136
732
511
283
35
-176
-479
-836
-1043
-1135
-1156
-1074
-962
-843
-718
-547
-283
102
470
811
1135
1310
1559
1942
2229
2433
2652
2713
2554
2482
2548
2504
2364
2280
2045
1625
1295
990
641
346
135
-118
-553
-967
-1202
-1373
-1454
-1307
-1289
-1486
-1446
-1274
-1079
-681
-364
-259
-146
-45
183
546
767
911
899
476
36
-218
-428
-499
-528
-766
-1378
-2224
-2746
-2865
-2929
-2877
-2941
-3456
-3925
-3991
-3706
-3247
-2822
-2583
-2657
-2699
-2321
-1695
-1106
-475
-31
77
293
690
1165
1656
1979
2117
2058
1852
1789
1899
1935
1922
1818
1520
1150
791
539
380
291
228
9
-342
-580
-652
-651
-477
-325
-451
-676
-713
-596
-455
-181
91
89
33
165
324
432
689
895
878
819
814
819
790
802
856
807
569
375
224
17
-61
-33
-140
-330
-474
-671
-726
-597
-425
-270
-263
-302
-205
5
330
692
938
1051
1148
1335
1580
1845
2048
2166
2203
2174
2139
2138
2168
2114
1983
1881
1625
1260
1042
775
487
330
85
-251
-474
-644
-770
-831
-896
-896
-954
-1001
-919
-834
-763
-598
-374
-218
-152
-79
59
144
293
420
230
-62
-315
-599
-614
-558
-736
-1079
-1624
-2099
-2264
-2306
-2283
-2329
-2707
-3077
-3166
-3053
-2732
-2450
-2352
-2321
-2332
-2156
-1625
-1051
-624
-313
-200
-118
163
602
1016
1283
1440
1438
1314
1354
1473
1426
1381
1373
1197
964
802
621
425
258
135
-22
-266
-504
-666
-696
-666
-650
-618
-704
-873
-787
-497
-274
-65
51
-2
-15
162
482
794
985
1084
1077
1014
1095
1255
1299
1256
1185
1004
727
577
599
532
394
311
81
-204
-326
-386
-362
-284
-319
-381
-414
-421
-211
124
400
644
800
867
1015
1311
1660
1982
2188
2218
2129
2119
2191
2291
2353
2220
1904
1576
1287
1060
852
528
183
-178
-540
-809
-993
-1219
-1422
-1546
-1587
-1556
-1539
-1477
-1428
-1352
-1178
-952
-684
-449
-352
-240
-35
91
230
313
217
80
-136
-329
-344
-482
-780
-1005
-1339
-1764
-1998
-2160
-2358
-2533
-2705
-2829
-2985
-3001
-2838
-2740
-2548
-2226
-2025
-1818
-1449
-1100
-726
-309
52
376
678
1032
1430
1709
1944
2095
2103
2120
2136
2134
2117
2011
1754
1475
1214
958
745
549
285
-80
-406
-707
-972
-1059
-1095
-1194
-1230
-1233
-1283
-1205
-959
-730
-517
-280
-80
109
332
613
927
1193
1363
1446
1510
1574
1622
1676
1665
1496
1257
1034
869
755
582
364
105
-195
-438
-557
-633
-709
-746
-814
-845
-766
-630
-424
-153
71
209
407
639
882
1213
1498
1651
1706
1726
1807
1883
1902
1916
1811
1552
1316
1125
893
703
515
242
-29
-313
-572
-726
-858
-978
-1059
-1166
-1199
-1140
-1062
-907
-752
-614
-487
-344
-141
65
219
379
519
576
607
576
507
407
245
117
-68
-412
-747
-1043
-1389
-1663
-1853
-2073
-2324
-2569
-2723
-2815
-2876
-2815
-2705
-2672
-2569
-2262
-1937
-1637
-1283
-931
-638
-341
112
575
869
1161
1495
1705
1869
2097
2217
2167
2122
2072
1945
1742
1576
1394
1043
742
527
247
-43
-286
-552
-819
-1065
-1206
-1242
-1279
-1300
-1273
-1229
-1150
-954
-780
-660
-491
-323
-174
68
353
545
698
819
915
967
1047
1138
1191
1162
1096
1051
902
758
647
491
306
187
71
-76
-194
-252
-319
-362
-327
-268
-227
-208
-85
55
221
443
615
740
864
1045
1267
1487
1646
1708
1658
1603
1664
1716
1672
1603
1438
1157
956
803
621
442
212
-54
-305
-551
-777
-922
-1058
-1143
-1145
-1254
-1317
-1270
-1191
-1029
-830
-679
-608
-528
-358
-142
47
220
283
281
318
370
389
355
281
91
-124
-268
-402
-624
-861
-1069
-1304
-1512
-1646
-1774
-1948
-2034
-2082
-2110
-2036
-1914
-1833
-1728
-1538
-1357
-1158
-884
-594
-346
-87
197
457
656
794
936
1075
1178
1244
1307
1282
1194
1141
1100
1010
856
689
454
229
83
-35
-204
-404
-582
-747
-847
-849
-805
-778
-796
-775
-739
-659
-467
-235
-20
147
296
426
597
795
985
1135
1200
1210
1235
1248
1241
1220
1155
1043
899
774
645
498
386
250
111
-7
-120
-195
-237
-232
-250
-243
-211
-150
-58
55
194
333
445
581
786
928
1031
1144
1236
1258
1299
1335
1254
1137
1023
906
740
571
416
224
-13
-245
-444
-619
-798
-964
-1069
-1201
-1287
-1315
-1306
-1267
-1178
-1049
-954
-841
-714
-561
-364
-174
38
186
302
424
509
617
698
710
657
548
437
365
233
56
-113
-334
-588
-794
-978
-1150
-1318
-1458
-1529
-1653
-1716
-1699
-1688
-1614
-1480
-1356
-1240
-1115
-973
-749
-530
-289
1
189
334
525
672
830
1004
1086
1152
1169
1133
1131
1095
1028
938
784
617
431
272
141
9
-117
-261
-392
-483
-508
-532
-541
-528
-533
-482
-378
-237
-89
24
138
251
360
518
692
798
848
879
868
879
922
961
944
865
746
601
505
428
336
216
63
-83
-199
-300
-327
-327
-379
-403
-385
-371
-297
-174
-38
82
185
292
370
471
609
746
841
899
885
853
861
854
854
797
640
507
365
213
117
-21
-180
-342
-523
-653
-721
-810
-869
-903
-992
-1016
-972
-932
-852
-757
-647
-548
-437
-325
-209
-88
47
173
229
277
288
273
286
289
278
206
75
-55
-172
-274
-354
-460
-606
-743
-843
-921
-964
-985
-1004
-1004
-1021
-1026
-987
-913
-821
-706
-551
-413
-291
-140
19
174
306
426
528
595
670
756
798
810
838
811
731
705
636
518
426
327
211
102
9
-71
-132
-208
-280
-323
-363
-390
-396
-370
-340
-299
-237
-165
-87
-18
80
164
267
377
433
507
584
660
722
776
814
798
768
729
711
684
647
606
521
407
314
253
199
174
134
71
-1
-35
-29
-3
-6
-15
11
52
81
144
215
210
216
298
362
376
397
391
341
308
300
282
218
93
1
-83
-154
-207
-284
-421
-547
-636
-711
-749
-762
-797
-853
-871
-851
-811
-769
-716
-653
-558
-501
-415
-298
-263
-223
-153
-108
-42
41
82
71
35
23
0
-10
-15
-96
-192
-260
-322
-354
-373
-421
-489
-547
-554
-515
-516
-498
-432
-419
-417
-342
-244
-185
-81
33
80
137
208
285
365
446
519
520
507
508
508
507
518
516
475
394
319
284
234
186
159
98
12
-57
-90
-108
-130
-131
-121
-148
-146
-88
-61
-20
52
73
80
139
218
273
315
368
401
400
424
471
476
495
507
504
477
439
416
384
341
308
286
246
213
188
179
143
106
100
73
48
55
53
43
48
46
43
33
27
21
7
-9
-20
-45
-89
-124
-155
-196
-228
-243
-273
-320
-358
-357
-369
-392
-384
-390
-394
-359
-344
-345
-327
-299
-272
-250
-228
-175
-145
-123
-62
-58
-75
-61
-48
-43
-31
-23
-40
-64
-80
-62
-64
-100
-145
-173
-174
-164
-157
-161
-214
-240
-216
-198
-172
-161
-153
-164
-160
-127
-88
-82
-92
-76
-72
-37
7
-7
-15
-4
-11
36
84
89
97
70
48
70
95
126
146
119
105
92
89
120
131
130
144
137
121
149
142
148
164
160
162
145
123
149
161
163
170
135
117
75
53
60
51
29
25
-1
-22
-23
-20
-13
-22
-12
-2
-9
-14
4
24
58
123
141
166
207
202
203
243
298
309
319
343
327
311
340
337
303
271
207
140
80
58
51
11
-43
-89
-146
-198
-191
-177
-184
-191
-207
-242
-247
-204
-132
-90
-78
-53
-54
-44
-11
43
73
64
53
54
38
30
66
56
34
9
-37
-61
-66
-84
-82
-90
-122
-150
-188
-190
-159
-146
-124
-113
-118
-114
-108
-72
-21
1
-5
-23
-36
-26
-18
-5
6
-31
-93
-120
-124
-121
-139
-176
-213
-265
-293
-288
-273
-276
-291
-306
-312
-284
-277
-266
-249
-218
-167
-147
-111
-59
-32
-1
38
73
122
142
164
203
211
202
211
212
204
201
192
172
131
118
69
6
-16
-22
-48
-64
-78
-127
-156
-164
-137
-97
-105
-117
-103
-96
-48
17
48
69
112
150
185
240
296
310
308
318
323
342
354
359
341
311
269
254
226
172
145
106
65
48
15
-20
-22
-37
-59
-78
-58
-39
-53
-72
-61
-27
-17
15
49
48
38
56
63
79
86
90
81
58
70
61
48
42
44
21
-13
-28
-36
-30
-22
-2
5
-18
-24
-30
-2
39
71
71
56
61
67
86
120
136
103
58
46
47
24
-4
-31
-61
-89
-113
-144
-192
-217
-233
-259
-269
-285
-320
-335
-329
-314
-307
-308
-296
-286
-279
-255
-210
-171
-139
-121
-103
-66
-49
-45
-18
0
17
26
33
31
39
39
36
34
24
6
-30
-30
-32
-25
-35
-37
-32
-40
-44
-48
-46
-32
-29
-39
-28
-11
-12
-14
6
27
35
45
53
62
59
57
68
87
79
72
63
74
80
61
66
58
49
49
54
68
87
81
68
68
82
105
107
136
133
143
142
154
179
170
171
161
168
177
175
153
158
154
131
123
122
126
105
95
98
96
91
75
47
44
56
28
36
66
73
67
53
57
58
59
69
89
75
53
28
13
16
15
10
-17
-51
-65
-95
-112
-120
-152
-175
-190
-189
-186
-202
-206
-213
-205
-194
-190
-164
-162
-157
-122
-92
-62
-47
-46
-43
-10
25
45
66
66
67
52
52
70
66
47
19
-20
-46
-61
-76
-83
-110
-159
-186
-196
-191
-183
-221
-222
-228
-225
-187
-189
-172
-149
-148
-134
-111
-61
-37
-30
1
31
42
32
61
72
78
106
85
81
79
67
78
75
82
68
44
18
23
38
31
36
34
44
49
76
115
109
107
119
135
141
147
172
182
177
169
164
149
146
150
128
114
91
59
43
21
17
-3
-27
-34
-50
-63
-75
-79
-67
-69
-70
-65
-59
-56
-42
-10
4
32
38
35
36
59
66
80
103
86
74
52
44
53
48
37
3
-18
-32
-62
-71
-77
-88
-92
-108
-124
-129
-133
-136
-124
-114
-132
-131
-125
-95
-82
-66
-57
-38
-16
-37
-11
11
24
51
55
46
45
49
48
63
75
56
45
34
15
7
5
9
6
-11
-27
-39
-35
-33
-33
-23
-34
-38
-49
-56
-45
-33
-28
-32
-34
-36
-46
-38
-37
-37
-36
-57
-51
-45
-49
-55
-48
-33
-35
-31
-45
-48
-19
-6
12
22
26
42
62
100
118
132
136
138
152
168
180
183
190
161
147
139
125
113
91
66
43
6
-22
-37
-58
-68
-100
-136
-140
-141
-153
-139
-138
-139
-148
-139
-114
-91
-82
-77
-55
-39
-6
3
19
48
61
77
70
70
83
84
83
76
71
77
68
57
53
45
35
26
12
-8
-16
-16
-3
5
-4
-25
-25
-12
-16
-15
-8
-6
-15
-24
-11
0
0
2
3
5
3
13
11
19
16
3
-2
-8
13
12
-6
5
-6
-16
-16
-31
-19
-16
-23
-15
-20
-30
-41
-39
-17
-15
-11
-12
-12
-12
-10
9
3
11
-10
-8
0
1
14
-8
-11
-13
-29
-25
-29
-24
-38
-51
-58
-65
-66
-75
-72
-71
-74
-71
-64
-44
-41
-55
-40
-23
6
22
20
15
21
26
42
68
72
68
43
40
37
43
44
26
18
-10
-24
-28
-25
-30
-46
-52
-53
-73
-59
-58
-56
-40
-45
-38
-45
-13
-4
11
22
34
64
63
73
83
92
112
124
126
112
100
111
110
117
114
92
83
85
77
68
49
59
55
36
30
39
42
42
38
29
39
32
44
44
50
61
49
49
63
68
54
60
48
59
47
37
40
14
20
-1
-7
-16
-22
-40
-58
-71
-82
-83
-92
-85
-92
-102
-100
-91
-80
-84
-76
-68
-74
-63
-54
-38
-30
-31
-28
-42
-28
-29
-31
-33
-38
-36
-51
-63
-59
-63
-88
-87
-80
-94
-97
-94
-98
-90
-86
-79
-55
-53
-38
-35
-31
1
26
50
39
49
63
64
79
94
95
71
64
56
67
55
26
16
-13
-12
-24
-30
-48
-60
-63
-74
-70
-60
-63
-75
-51
-52
-35
-36
-16
24
24
42
54
79
87
94
103
113
114
116
125
125
128
118
110
97
97
82
59
41
38
33
16
19
3
-7
-18
-25
-15
-10
-9
-21
-20
-27
-19
4
2
19
19
16
19
22
31
30
37
26
25
27
17
30
22
5
-10
-17
-26
-41
-43
-46
-55
-63
-84
-83
-78
-85
-84
-83
-80
-63
-68
-73
-64
-45
-31
-25
-14
-9
-11
-7
-3
22
30
8
1
-2
6
6
6
-10
-31
-32
-40
-39
-40
-57
-56
-64
-66
-73
-65
-69
-61
-40
-36
-24
-16
-10
-6
19
42
58
53
58
72
72
79
86
93
86
66
50
44
56
49
22
-5
-18
-35
-41
-54
-53
-61
-81
-92
-101
-94
-93
-76
-76
-81
-70
-64
-34
-22
-12
0
12
39
55
70
70
78
94
96
103
126
108
108
101
88
89
72
68
50
48
35
20
11
1
-12
-18
-33
-44
-39
-45
-49
-52
-51
-34
-29
-32
-22
-16
-8
5
16
22
33
40
45
52
66
77
74
77
67
67
66
59
68
48
29
31
21
29
14
1
-4
-19
-15
-21
-18
-32
-39
-31
-28
-30
-30
-29
-22
-16
-16
-10
-7
-13
-15
-12
-11
-3
-3
-21
-18
-11
-19
-29
-46
-39
-34
-49
-56
-60
-48
-51
-55
-50
-54
-55
-45
-36
-30
-11
-6
-11
-3
7
30
30
28
32
37
27
32
38
30
29
27
18
13
1
-12
-23
-37
-34
-40
-46
-63
-69
-71
-69
-71
-65
-72
-84
-72
-64
-54
-47
-39
-31
-22
-26
-7
5
16
29
19
29
33
45
47
53
48
48
53
48
48
47
56
50
40
36
32
45
37
29
20
20
33
28
18
9
17
19
11
10
14
11
11
7
14
20
18
19
16
13
21
21
27
28
30
36
19
37
28
36
48
36
29
26
33
37
33
28
29
33
19
12
13
8
3
1
-6
-6
-2
-20
-22
-17
-11
-22
-17
-27
-25
-25
-26
-19
-24
-32
-35
-19
-26
-19
-25
-26
-29
-31
-32
-34
-41
-36
-35
-39
-35
-36
-30
-43
-36
-38
-40
-31
-32
-39
-38
-37
-28
-17
-22
-10
-6
-11
-12
-7
0
0
6
6
9
10
4
20
13
11
8
7
-2
-7
8
-4
-1
-6
-6
-10
-16
-8
-14
-4
-16
-14
-15
-20
-6
-5
-5
8
2
5
7
14
27
30
29
24
33
40
41
51
41
38
32
26
35
28
34
19
10
3
-8
-6
0
-14
-13
-19
-24
-25
-33
-18
-25
-14
-21
-16
-9
-7
2
7
14
30
36
28
33
42
46
48
54
44
46
41
45
48
31
21
17
11
-3
-13
-11
-16
-9
-27
-38
-32
-45
-28
-39
-39
-34
-32
-23
-34
-19
-15
-14
0
-4
0
2
1
9
12
2
7
11
2
9
4
-2
-10
-27
-22
-25
-24
-21
-30
-40
-47
-41
-33
-38
-39
-38
-36
-23
-27
-21
-21
-19
-13
-9
-7
-4
0
-4
1
4
5
4
-4
-1
-4
0
3
3
-8
-13
-9
-12
-2
-7
-6
-3
-9
-12
-11
-13
5
12
12
13
8
9
9
26
28
26
23
16
26
24
30
26
22
20
7
9
2
3
5
-11
-8
-15
-24
-9
-14
-11
-19
-14
-10
-12
-17
-21
4
20
25
26
22
30
51
47
60
68
66
75
62
69
75
81
77
71
65
55
50
38
36
20
12
2
-3
1
-13
-24
-34
-38
-31
-39
-48
-43
-50
-37
-31
-34
-33
-21
-22
-17
-3
-12
0
-3
11
8
8
11
10
15
7
8
7
-1
-10
-8
-10
-15
-22
-17
-16
-16
-30
-30
-24
-22
-18
-26
-15
-11
-10
-19
-14
4
10
11
-11
5
7
5
10
0
2
-7
-7
-4
-5
-14
-16
-19
-20
-26
-28
-33
-30
-32
-31
-31
-22
-16
-15
-14
-7
8
12
8
12
16
20
37
41
46
47
50
52
49
51
46
45
37
25
32
30
29
15
6
11
6
1
-14
-18
-20
-26
-30
-25
-21
-9
-20
-21
-15
-6
4
-12
-8
4
8
16
22
21
29
27
26
35
27
26
24
24
21
16
13
7
11
16
4
-9
-10
-7
-11
-22
-27
-20
-23
-25
-20
-22
-13
-18
-19
-22
-22
-14
-11
-11
-19
-18
-11
-13
-10
-17
-21
-6
-15
-23
-35
-38
-26
-28
-31
-34
-32
-32
-36
-34
-26
-28
-27
-32
-33
-21
-23
-5
1
3
3
-3
6
18
22
19
15
20
18
20
23
20
31
24
17
15
2
4
2
-4
-5
-8
-7
-6
-9
-14
-10
-10
-10
-12
-19
-6
-6
-3
-1
1
18
11
15
17
19
32
20
20
24
22
32
30
22
30
28
23
21
9
8
8
6
-3
-1
-9
-5
-1
-8
-7
-13
-11
-9
-17
-9
-16
-8
-8
-6
4
4
4
6
7
10
15
3
7
10
17
20
15
11
19
17
11
10
5
0
3
-1
-3
-2
-9
-8
-4
-7
-13
-9
-14
-12
-24
-27
-22
-16
-4
-21
-21
-14
-17
-6
-17
-15
-15
-18
-19
-10
-12
-11
-13
-16
-2
-11
-11
-13
-18
-9
-22
-20
-20
-16
-8
-15
-10
-9
-7
-12
-12
-17
-15
-7
-9
0
1
-1
4
5
9
5
10
12
9
12
2
7
18
20
17
19
12
22
15
13
4
-3
11
5
13
7
2
5
5
4
1
-10
-8
-3
-6
-5
-17
-1
1
-4
-5
-7
2
8
3
-9
-3
1
13
8
10
14
21
22
18
21
19
22
13
20
23
26
26
15
21
20
21
18
6
12
5
3
1
-6
-6
-5
-6
-10
-9
-11
-12
-13
-21
-24
-20
-17
-14
-10
-19
-11
-8
-3
-2
-7
-5
-3
0
3
-1
2
2
11
14
2
9
4
2
3
-6
1
-5
-9
-9
-10
-3
-11
-6
-17
-17
-16
-26
-18
-21
-10
-12
-18
-19
-18
-5
-7
-3
-7
-14
-10
-12
-3
-5
0
4
-4
-3
-6
3
-5
3
-7
-10
-10
-5
0
-4
-2
-6
8
0
-4
2
1
3
10
6
18
9
17
21
22
37
25
30
19
23
26
30
29
32
27
21
28
16
26
10
14
18
4
-1
-6
5
7
2
-3
-2
1
1
-5
-8
-6
-1
6
2
-2
2
13
14
12
10
13
8
11
7
8
8
11
11
5
1
-3
7
-1
0
-8
-18
-9
-17
-6
-17
-19
-7
-7
-4
-15
-9
-6
-9
-8
-5
-4
1
0
1
13
6
8
10
2
10
3
-5
-5
-4
5
-4
-7
-9
-9
-2
-12
-23
-21
-24
-18
-13
-28
-22
-13
-7
-4
-8
-14
1
-5
-1
5
1
14
11
16
21
16
28
23
22
19
7
20
12
12
14
7
8
6
8
-5
-4
-8
-12
-9
-20
-15
-11
-16
-10
-8
-6
-7
-4
-3
-2
-2
7
7
7
14
13
27
27
26
27
20
19
31
26
21
22
27
25
19
15
19
24
12
9
0
3
2
6
6
-7
0
-8
2
3
-5
0
-11
-7
-1
-6
-10
-7
-1
-1
-7
1
-4
-7
-5
-13
2
-5
-12
-7
-6
-12
-4
-4
-2
-2
-7
-8
-7
-3
1
0
-3
0
4
10
8
10
12
5
7
8
9
6
8
8
11
2
4
7
-7
-5
-9
-10
-9
-19
-25
-18
-24
-17
-18
-26
-21
-23
-19
-26
-25
-17
-14
-10
-10
-9
0
4
11
8
6
5
15
22
15
21
14
25
25
21
21
9
14
20
9
5
-8
0
0
-1
-3
-11
-3
-11
-13
-12
-18
-18
-11
-15
-9
-14
-8
-4
1
8
2
1
2
1
8
10
2
13
8
14
22
13
15
8
10
8
-1
3
-1
6
2
0
7
7
3
1
-4
-4
1
-3
5
-4
6
6
13
10
9
17
6
10
5
7
11
14
1
7
8
9
9
1
-2
1
0
-10
-5
-2
-11
-11
-10
-8
-5
-9
-10
-5
-5
-10
-7
0
-7
-6
-6
-3
7
5
2
1
0
3
6
-6
1
-6
0
0
-4
-2
-8
-1
-11
-11
-14
-13
-9
-12
-20
-9
-5
-11
-8
-13
-9
-9
-8
-8
-5
-5
-1
3
4
4
2
6
-1
-4
-6
-2
1
3
-1
0
-2
-5
-1
-9
-2
-13
-17
-11
-6
-6
-9
-12
-4
7
-4
-2
-4
0
0
-2
9
4
6
10
11
18
17
20
18
17
11
5
11
2
18
9
7
4
4
14
7
7
-6
-7
-13
-10
-10
-12
-5
-7
-3
-5
4
7
-8
-11
-11
-2
