23
24
25
22
18
17
22
18
19
15
11
13
15
12
7
5
4
8
6
5
1
-8
-8
-2
-4
0
-3
-8
-15
-17
-11
-9
-8
-15
-19
-23
-23
-20
-15
-12
-7
-11
-14
-12
-12
-4
-5
-10
-12
-7
0
0
-1
-5
-2
-1
2
5
3
3
5
9
6
4
4
2
8
9
7
12
13
12
3
-3
-1
3
5
2
-1
-3
-5
-6
-6
-8
-10
-11
-8
-11
-11
-8
-2
2
6
11
2
3
5
5
6
8
11
13
14
12
12
12
13
7
8
2
0
2
1
3
3
-1
-4
-5
-5
-6
-5
-5
-7
-5
-3
-7
-12
-9
-8
-8
-9
-14
-12
-10
-8
-11
-9
-8
-5
-4
-4
-4
-3
3
3
7
3
4
2
0
-1
1
9
12
9
8
8
4
11
11
12
12
8
11
15
12
10
7
6
9
9
7
8
9
6
2
-4
-5
-3
-3
-3
-5
-5
-1
2
-1
0
-3
-4
-2
4
3
5
7
7
9
5
4
3
1
3
10
2
2
0
0
0
-3
-1
-4
-5
-6
-8
-11
-12
-11
-10
-15
-17
-16
-16
-17
-19
-23
-20
-18
-19
-18
-15
-17
-18
-18
-13
-9
-12
-7
-6
-9
-3
-1
0
1
4
0
1
5
3
5
6
10
12
11
12
10
13
11
14
19
17
20
18
16
17
17
15
15
13
11
5
1
8
9
6
7
-2
-9
-6
0
0
-4
-5
-5
-4
-6
-7
-2
1
-2
-2
-6
-7
-4
4
4
6
3
-3
0
7
7
4
6
9
9
6
7
7
7
8
8
1
2
4
3
3
-1
0
-1
-3
-4
-6
-5
-8
-9
-11
-10
-7
-8
-8
-8
-7
-8
-5
-3
-4
-4
-3
-5
-10
-7
-4
-6
-2
-1
-1
-1
-2
-3
-6
0
-1
3
4
3
6
1
2
4
6
2
8
10
10
12
8
10
4
2
2
0
2
1
-2
-3
-5
-4
1
-2
-6
-7
-9
-6
-2
-5
-6
-5
-7
-5
-1
-3
0
2
-2
0
3
0
3
-1
-3
1
0
4
2
-1
3
2
3
2
5
2
-3
-3
-1
1
4
4
1
-4
-5
-3
-5
-6
-13
-10
-8
-13
-8
-9
-8
-10
-8
-5
-3
-3
-6
-3
-1
1
2
5
7
6
5
6
10
7
8
7
6
6
8
9
9
10
3
3
6
3
7
8
5
8
6
7
8
8
8
7
6
2
-2
-1
-3
-2
-4
-3
0
-10
-11
-9
-7
-7
-5
-2
-5
-5
-6
-5
-6
-3
-5
-1
-4
-2
3
1
2
3
6
3
4
-1
2
5
5
6
7
12
10
8
9
11
10
9
12
9
7
7
3
5
4
-2
1
-5
-8
-5
-6
-8
-6
-9
-11
-13
-13
-15
-9
-12
-11
-9
-12
-9
-11
-8
-9
-9
-11
-11
-5
-4
-5
-4
-2
-6
-4
-2
-5
1
4
3
2
12
8
5
10
8
3
5
8
7
10
7
7
5
6
0
0
3
5
3
1
-2
-4
-4
-7
-4
-1
-1
0
-1
-2
-4
-1
-1
-3
0
-1
1
3
0
3
4
2
5
7
5
9
8
8
8
6
9
5
7
7
7
8
5
4
-2
0
1
-6
-4
-3
-7
-7
-6
-9
-8
-5
-8
-13
-15
-10
-9
-5
-6
-10
-9
-10
-5
-5
-6
-8
-5
-4
-2
-1
-5
4
0
-2
4
1
4
5
6
8
6
11
12
10
11
9
9
11
13
11
5
7
8
8
10
10
5
-1
2
-1
1
0
-1
-4
-4
-3
-3
-3
-4
-3
-11
-9
-5
-6
-6
-8
-9
-7
-5
-5
-4
-4
-2
-7
-4
0
0
3
7
7
2
6
6
9
7
9
7
7
12
7
7
7
5
4
1
0
0
-1
0
-4
-3
-6
-11
-6
-9
-8
-8
-8
-10
-13
-10
-10
-8
-9
-7
-6
-7
-7
-9
-3
-1
-4
-1
-1
-2
3
1
3
6
6
4
7
12
10
7
12
14
7
8
12
9
10
8
5
7
6
3
5
4
0
1
1
0
-4
-2
0
-3
-4
-5
-4
-7
-8
-8
-3
-6
-9
-5
-8
-10
-9
-9
-10
-8
-6
-10
-7
-5
-2
-2
-3
-2
-3
-1
3
4
0
4
2
2
7
4
7
10
8
5
2
4
2
2
3
1
4
1
5
2
0
5
-4
-2
2
-4
-3
1
0
-6
-3
-4
-3
-6
-8
-4
-7
-5
-3
-8
-6
-4
-5
-5
-4
-4
-2
-3
-1
-3
-1
3
2
5
1
3
5
6
3
2
3
5
4
6
6
5
8
6
5
7
7
10
9
9
10
6
8
2
5
8
5
5
5
5
3
3
2
-2
-2
-3
-4
-5
-6
-8
-2
-4
-8
-6
-8
-9
-8
-6
-6
-3
-1
-3
-4
-6
-2
-4
-1
6
4
8
6
6
7
11
11
9
12
10
8
12
11
6
7
2
6
2
-2
6
-1
0
-3
-5
-7
-10
-7
-9
-9
-9
-7
-6
-8
-8
-6
-5
-2
-2
-1
0
-3
-2
1
0
-2
2
2
1
0
3
3
-1
2
-3
-2
-2
-5
-6
-3
-6
-9
-9
-9
-10
-12
-13
-16
-13
-15
-18
-21
-22
-22
-22
-22
-24
-25
-23
-22
-25
-26
-23
-19
-21
-13
-15
-15
-10
-8
-6
-2
1
6
17
16
25
25
35
42
42
51
58
60
67
73
77
84
85
89
88
91
97
93
97
98
94
90
82
80
74
70
65
60
51
37
32
21
14
5
-6
-13
-24
-35
-49
-58
-66
-78
-86
-92
-102
-109
-116
-122
-124
-134
-136
-138
-144
-145
-145
-142
-140
-141
-138
-134
-134
-131
-125
-119
-115
-108
-96
-94
-85
-79
-73
-64
-56
-47
-35
-25
-16
-12
2
9
19
33
40
50
61
69
80
93
95
110
122
125
135
145
152
162
168
176
179
184
188
191
196
196
200
202
202
198
193
188
184
184
181
173
160
149
139
125
117
101
87
69
49
34
17
-6
-28
-48
-68
-87
-112
-134
-157
-184
-198
-224
-244
-257
-283
-295
-304
-316
-329
-337
-342
-344
-340
-343
-341
-328
-319
-306
-290
-273
-258
-243
-219
-193
-170
-148
-124
-96
-72
-46
-20
0
24
50
81
111
130
150
175
198
222
243
262
281
301
319
336
351
360
370
386
394
398
400
399
406
401
395
384
370
359
343
328
310
292
277
256
237
215
188
164
150
135
121
99
70
53
35
23
10
-11
-28
-47
-58
-65
-86
-107
-130
-154
-175
-199
-228
-267
-305
-330
-362
-396
-442
-487
-526
-554
-577
-602
-637
-669
-691
-703
-706
-704
-715
-712
-696
-673
-630
-595
-560
-518
-467
-411
-350
-291
-230
-169
-106
-40
15
72
122
168
216
266
313
343
372
395
419
447
466
482
486
487
487
503
510
517
518
513
513
515
523
527
531
523
526
524
519
518
511
494
483
468
456
439
408
381
353
324
294
258
215
179
140
111
85
46
8
-26
-53
-64
-75
-93
-109
-123
-124
-120
-113
-113
-112
-109
-105
-98
-93
-94
-96
-93
-98
-112
-136
-166
-194
-224
-258
-297
-343
-398
-446
-489
-530
-575
-615
-655
-702
-732
-753
-757
-760
-763
-763
-748
-714
-676
-638
-601
-555
-493
-430
-366
-297
-224
-152
-87
-21
43
103
161
220
270
319
354
381
392
408
430
457
472
467
457
451
462
472
470
452
432
422
430
449
455
444
423
402
403
413
397
372
344
329
335
347
338
303
272
255
258
251
223
176
133
112
111
112
85
44
11
7
15
16
8
-8
3
39
71
83
76
79
91
110
130
127
127
128
124
115
97
77
46
8
-40
-86
-132
-196
-277
-346
-386
-415
-479
-580
-674
-722
-736
-761
-829
-922
-970
-966
-960
-978
-996
-972
-900
-819
-760
-726
-676
-603
-523
-435
-352
-263
-169
-92
-39
4
53
124
212
286
330
344
361
420
498
531
519
502
529
573
538
399
265
284
470
653
652
472
310
340
556
750
766
636
494
480
577
686
682
530
329
233
333
525
611
484
274
236
434
647
620
341
117
194
441
488
198
-162
-180
196
535
420
-54
-376
-212
280
573
412
51
-125
14
201
189
27
-33
142
331
231
-236
-766
-911
-551
-55
-20
-733
-1750
-2260
-1818
-894
-438
-912
-1860
-2373
-2112
-1524
-1237
-1370
-1531
-1440
-1286
-1334
-1491
-1365
-828
-246
-47
-231
-360
-126
345
734
917
1041
1222
1334
1211
941
849
1132
1600
1826
1578
1048
684
756
1119
1379
1239
755
246
10
54
141
69
-192
-450
-558
-546
-512
-527
-522
-392
-160
30
28
-149
-288
-199
87
336
338
115
-90
-58
194
482
613
575
489
457
496
557
586
554
469
361
284
248
253
284
360
474
563
571
488
396
353
377
411
418
414
416
429
475
548
655
787
878
858
620
150
-351
-512
-180
264
81
-990
-2228
-2542
-1628
-479
-383
-1501
-2693
-2802
-1952
-1248
-1418
-2073
-2376
-2130
-1842
-1882
-1922
-1464
-633
-65
-100
-368
-282
238
755
940
956
1104
1340
1359
1102
932
1214
1796
2127
1828
1134
634
673
1060
1298
1105
568
-44
-517
-744
-701
-465
-298
-491
-1032
-1535
-1527
-972
-343
-153
-395
-608
-460
-76
157
131
133
369
658
685
394
168
360
879
1271
1197
775
386
313
523
763
811
611
302
123
210
475
696
720
575
427
363
358
371
398
484
628
789
900
908
817
717
753
994
1322
1519
1497
1296
954
406
-279
-743
-708
-427
-636
-1641
-2694
-2682
-1504
-461
-912
-2640
-3968
-3660
-2282
-1452
-1893
-2790
-2939
-2218
-1473
-1206
-1120
-698
-51
290
237
237
617
1116
1266
1120
1129
1499
1864
1793
1432
1288
1569
1832
1536
741
56
-55
254
469
272
-202
-687
-1073
-1346
-1443
-1329
-1182
-1305
-1726
-1971
-1533
-532
304
374
-71
-250
243
981
1235
916
597
776
1268
1470
1201
923
1108
1613
1811
1361
616
203
355
731
854
572
145
-91
-4
270
496
502
296
83
80
352
688
819
691
506
485
643
848
996
1154
1389
1623
1737
1734
1654
1374
667
-395
-1210
-1187
-555
-312
-1190
-2610
-3212
-2484
-1446
-1587
-3040
-4367
-4232
-2939
-1992
-2248
-3054
-3217
-2412
-1380
-806
-601
-332
85
344
407
584
1045
1563
1779
1769
1910
2305
2584
2362
1792
1336
1237
1241
984
484
94
41
152
62
-399
-1025
-1482
-1642
-1671
-1843
-2203
-2509
-2481
-2081
-1562
-1124
-775
-396
11
299
432
548
774
1060
1240
1293
1420
1744
2107
2204
1969
1629
1453
1442
1358
1085
755
567
583
701
761
675
435
160
39
169
456
627
525
327
334
640
1024
1199
1122
1020
1082
1288
1506
1637
1673
1679
1719
1795
1738
1226
190
-907
-1377
-1109
-860
-1479
-2801
-3643
-3205
-2142
-1956
-3179
-4681
-4956
-3904
-2821
-2769
-3383
-3488
-2617
-1380
-591
-374
-325
-162
85
388
861
1462
1904
1998
1971
2211
2679
2904
2539
1792
1212
1056
1091
955
538
50
-271
-401
-487
-751
-1236
-1769
-2096
-2164
-2248
-2581
-3017
-3053
-2381
-1333
-614
-519
-620
-306
466
1137
1232
892
794
1313
2167
2742
2700
2288
1991
1994
2063
1863
1367
912
819
1051
1246
1085
643
293
308
536
558
212
-241
-370
-75
357
588
565
536
696
1008
1309
1453
1445
1408
1480
1724
2011
2184
2212
2159
1916
1187
-97
-1382
-1863
-1477
-1158
-1851
-3218
-3908
-3266
-2306
-2580
-4206
-5618
-5407
-3979
-2931
-3070
-3572
-3230
-1939
-608
12
43
-32
23
233
679
1415
2161
2497
2436
2459
2889
3380
3308
2521
1552
1007
939
951
705
214
-241
-469
-523
-647
-1087
-1820
-2527
-2847
-2800
-2755
-2927
-3029
-2606
-1655
-719
-305
-319
-247
196
780
1126
1193
1270
1590
2122
2603
2824
2722
2382
1983
1669
1502
1370
1134
838
649
654
754
775
653
466
299
139
-35
-141
-53
217
510
707
804
907
1064
1231
1355
1419
1486
1587
1759
2024
2313
2487
2432
2154
1644
741
-624
-1988
-2586
-2208
-1705
-2173
-3498
-4339
-3760
-2659
-2825
-4637
-6359
-6150
-4325
-2858
-2900
-3467
-2924
-1111
588
1045
581
213
387
840
1324
1878
2425
2692
2632
2680
3119
3498
3074
1835
663
314
606
688
148
-587
-914
-786
-634
-836
-1399
-2070
-2601
-2860
-2887
-2823
-2729
-2453
-1849
-1046
-377
-26
176
428
652
712
754
1101
1783
2367
2472
2237
2143
2385
2621
2435
1805
1106
740
766
998
1161
1071
744
397
302
458
552
262
-288
-530
-96
724
1265
1191
870
888
1333
1782
1867
1710
1730
2115
2665
3020
3035
2855
2591
2046
858
-943
-2631
-3332
-3024
-2696
-3187
-4091
-4325
-3604
-3035
-3739
-5304
-6236
-5729
-4591
-4012
-4011
-3568
-2114
-265
924
1142
910
817
1019
1346
1726
2107
2385
2553
2807
3296
3715
3519
2532
1280
494
306
235
-199
-900
-1386
-1358
-1003
-774
-983
-1615
-2318
-2676
-2579
-2355
-2356
-2444
-2097
-1147
-115
380
401
513
937
1243
1049
695
838
1593
2318
2428
2081
1888
2118
2404
2232
1531
718
267
318
640
868
771
434
164
193
383
373
18
-342
-221
418
1119
1416
1371
1423
1774
2194
2352
2207
2041
2125
2509
3022
3378
3333
2840
1978
766
-787
-2368
-3415
-3709
-3785
-4283
-4959
-4884
-3860
-3070
-3724
-5332
-6136
-5328
-4057
-3814
-4330
-3968
-1940
527
1728
1410
789
902
1548
1995
2034
2044
2258
2528
2750
3071
3427
3319
2398
1061
135
-113
-260
-873
-1709
-2014
-1562
-983
-926
-1375
-1865
-2107
-2176
-2179
-2124
-1995
-1751
-1268
-450
484
1131
1348
1383
1509
1639
1525
1221
1080
1261
1569
1754
1852
1998
2109
1936
1393
783
425
341
299
161
55
175
481
717
716
543
352
216
191
381
771
1143
1289
1317
1566
2118
2586
2543
2138
1932
2282
2938
3356
3252
2811
2306
1620
292
-1817
-3848
-4663
-4165
-3723
-4512
-5823
-5854
-4239
-2985
-3939
-6200
-7028
-5357
-3120
-2578
-3319
-2933
-403
2480
3378
2193
880
931
1840
2191
1617
1095
1533
2634
3375
3126
2100
855
-259
-1035
-1311
-1166
-1011
-1155
-1396
-1266
-789
-536
-803
-1150
-949
-287
141
-92
-656
-934
-665
-15
618
918
806
527
490
747
880
559
43
-67
435
1050
1237
1091
1111
1510
1962
2028
1649
1134
817
781
888
1000
1065
1093
1080
1039
984
891
795
768
940
1303
1645
1748
1629
1581
1811
2181
2358
2252
2146
2337
2798
3186
3089
2201
372
-2287
-5139
-7095
-7347
-6169
-4793
-4197
-4155
-3784
-2941
-2602
-3515
-4954
-5293
-3804
-1421
509
1681
2667
3683
4163
3559
2170
730
-439
-1390
-1985
-1728
-569
586
626
-571
-1971
-2575
-2522
-2714
-3395
-3589
-2178
589
3117
4049
3534
2750
2489
2477
2076
1239
562
616
1313
1951
1813
651
-1164
-2935
-4134
-4691
-4760
-4368
-3275
-1362
931
2760
3437
2998
2128
1586
1636
2034
2421
2732
3092
3434
3364
2437
667
-1290
-2569
-2781
-2232
-1455
-617
529
1995
3190
3409
2671
1824
1655
2114
2528
2551
2515
2816
3279
3293
2591
1643
1162
1429
2048
2252
1322
-1190
-4970
-8639
-10335
-9204
-6440
-4224
-3459
-3040
-1684
43
218
-1728
-3894
-3843
-1222
2037
4074
4775
5068
5193
4413
2197
-872
-3608
-5218
-5522
-4666
-2954
-1131
-259
-902
-2470
-3680
-3804
-3251
-2654
-1829
54
3184
6396
8069
7591
5698
3532
1735
364
-568
-978
-864
-423
-35
-216
-1431
-3694
-6232
-7808
-7553
-5530
-2585
457
3188
5476
6996
7239
5918
3526
1270
260
662
1540
1872
1425
699
6
-999
-2681
-4593
-5493
-4486
-1941
822
2722
3684
4297
4792
4770
3900
2620
1937
2343
3301
3912
3846
3474
3143
2683
1831
663
-359
-801
-536
164
430
-847
-4079
-7860
-9731
-8502
-5567
-3528
-3204
-3026
-1300
1287
2385
922
-1494
-2240
-618
1814
3172
3212
2954
2890
2431
779
-1791
-4217
-5683
-6051
-5504
-4105
-2246
-824
-609
-1295
-1701
-1086
66
820
1161
1991
3863
5966
6884
6062
4164
2170
424
-1183
-2584
-3428
-3505
-3068
-2533
-2209
-2337
-3074
-4197
-4853
-4140
-1971
833
3263
4938
6031
6634
6430
4981
2454
-157
-1662
-1699
-999
-616
-846
-1143
-1108
-1106
-1696
-2635
-2915
-1793
394
2634
4107
4707
4844
4784
4418
3519
2314
1463
1456
2071
2565
2538
2204
1968
1802
1411
710
12
-259
46
558
386
-1337
-4565
-7732
-8873
-7430
-4885
-3216
-2764
-2279
-706
1257
1971
789
-1076
-1717
-499
1536
2821
2941
2557
2265
1708
167
-2190
-4361
-5411
-5301
-4441
-3169
-1712
-543
-92
-130
-25
575
1269
1626
1824
2494
3840
5116
5342
4218
2396
641
-852
-2359
-3821
-4671
-4542
-3705
-2781
-2042
-1542
-1413
-1786
-2164
-1666
27
2220
3926
4879
5307
5354
4709
3100
698
-1780
-3434
-3744
-2996
-2165
-1838
-1736
-1255
-530
-283
-665
-902
-129
1507
3158
4147
4505
4524
4299
3768
2912
2000
1371
1302
1645
2034
2157
2030
1889
1775
1522
1014
584
609
1014
866
-903
-4348
-7905
-9336
-7848
-4887
-2833
-2302
-1896
-204
2073
2855
1390
-811
-1548
-378
1473
2626
2878
2702
2271
1282
-604
-3048
-5303
-6568
-6577
-5461
-3553
-1359
466
1331
1398
1362
1808
2425
2633
2458
2657
3760
5143
5587
4315
1849
-754
-2782
-4294
-5539
-6278
-6081
-4803
-2989
-1271
-8
659
653
214
86
869
2420
3828
4471
4447
4123
3406
1820
-663
-3333
-5061
-5244
-4202
-2885
-1927
-1164
-136
1112
1853
1616
848
607
1421
2814
3866
4108
3859
3590
3391
2883
1908
834
298
558
1206
1646
1605
1400
1416
1699
1926
1889
1728
1561
919
-1013
-4334
-7730
-9231
-8118
-5533
-3406
-2346
-1452
149
1972
2555
1474
-123
-578
392
1777
2553
2691
2689
2425
1296
-1020
-3828
-6140
-7353
-7457
-6496
-4403
-1578
1053
2551
2949
2974
3187
3429
3240
2749
2611
3311
4393
4800
3755
1484
-1112
-3316
-4982
-6247
-6887
-6527
-5047
-2882
-652
1181
2272
2486
2075
1685
1815
2372
2852
2977
2842
2525
1809
376
-1692
-3801
-5130
-5237
-4313
-3004
-1775
-514
947
2354
3064
2806
2049
1545
1625
2047
2451
2651
2749
2824
2827
2506
1758
823
178
162
603
1088
1301
1366
1550
1973
2460
2807
3016
2956
1972
-866
-5431
-9664
-10913
-8538
-4769
-2368
-1652
-672
1818
4308
4303
1602
-1211
-1623
106
1724
1888
1384
1537
2063
1309
-1593
-5434
-8108
-8697
-7832
-6319
-4071
-819
2725
5181
5938
5666
5212
4575
3332
1841
1163
1741
2715
2817
1695
-33
-1735
-3462
-5401
-7120
-7639
-6351
-3704
-772
1610
3316
4453
4992
4753
3738
2321
1040
422
544
939
806
-228
-1799
-3219
-4176
-4813
-5085
-4659
-3239
-1082
1251
3208
4380
4541
3769
2595
1613
1092
828
689
831
1440
2328
2908
2723
1870
951
472
478
628
713
943
1545
2409
3117
3513
3899
4369
3921
1024
-4585
-10562
-13259
-11200
-6544
-3010
-1790
-857
1834
5266
6319
3818
40
-1673
-646
1044
1498
1142
1493
2444
2091
-949
-5421
-8703
-9537
-8896
-8035
-6500
-3066
2006
6408
8099
7315
5975
5274
4656
3175
1119
-82
313
1510
1993
1024
-1000
-3353
-5538
-7129
-7524
-6465
-4342
-1837
812
3651
6154
7126
5889
3345
1239
503
489
88
-832
-1393
-978
-221
-445
-2240
-4606
-5797
-4906
-2654
-442
1066
2346
3967
5444
5682
4137
1645
-354
-978
-394
569
1346
1907
2531
3167
3362
2652
1227
-64
-487
-56
641
1232
1821
2767
4111
5410
5597
3266
-2188
-9321
-14687
-15330
-11294
-5651
-1448
914
3058
5898
8023
7407
3969
39
-1937
-1538
-139
1026
1870
2509
2240
86
-3717
-7610
-10155
-11163
-11051
-9458
-5508
526
6433
9720
9854
8433
7122
5903
3764
664
-1848
-2239
-685
1015
1213
-243
-2419
-4476
-6196
-7364
-7449
-5968
-3114
431
4020
7020
8639
8219
6043
3305
1091
-399
-1509
-2292
-2395
-1662
-586
-23
-624
-2317
-4183
-4993
-4224
-2474
-664
952
2730
4581
5650
5193
3397
1175
-607
-1429
-1108
162
1749
3000
3735
4121
4119
3377
1783
-67
-1249
-1237
-222
1125
2236
3149
4383
5728
5309
761
-7704
-15674
-17817
-13088
-5945
-1395
206
2259
6569
10438
10096
5464
272
-2133
-1904
-1237
-1169
-731
816
2094
947
-2874
-7043
-9316
-9874
-10235
-10238
-7559
-1128
6423
10927
11075
9356
8407
7781
5224
391
-4047
-5268
-3315
-770
64
-909
-2317
-3253
-4062
-5196
-6138
-5714
-3418
7
3496
6455
8492
8834
6938
3523
387
-1276
-1932
-2603
-3309
-2978
-1111
1186
2007
445
-2416
-4420
-4243
-2571
-1087
-496
244
2245
4796
5881
4440
1586
-703
-1404
-834
283
1493
2717
4010
5204
5718
4813
2500
-168
-1917
-2290
-1659
-497
1001
2837
4893
6354
5391
225
-8348
-15911
-17563
-12711
-5781
-1311
605
3085
7410
10869
10114
5300
-51
-2721
-2573
-1593
-1160
-891
7
943
327
-2442
-5948
-8364
-9353
-9647
-8937
-5716
215
6396
9822
10159
9456
9036
7805
4297
-681
-4494
-5363
-3961
-2248
-1472
-1521
-1825
-2237
-2992
-4019
-4612
-4055
-2315
25
2548
5083
7073
7442
5654
2675
198
-1020
-1662
-2516
-3233
-2738
-727
1619
2558
1350
-1001
-2665
-2670
-1723
-1154
-1215
-850
803
2999
4062
3223
1358
-33
-249
349
1120
1880
2853
4140
5322
5671
4781
2900
706
-1181
-2331
-2393
-1216
874
3261
5089
5024
1472
-5693
-13313
-16614
-13560
-7283
-2468
-118
2605
7450
11788
11712
6925
1138
-2173
-2903
-3024
-3456
-3258
-1588
509
821
-1617
-5270
-7728
-8297
-8135
-7793
-5897
-1169
4974
9361
10529
9930
9244
7952
4594
-371
-4452
-5810
-4965
-3673
-2813
-2128
-1335
-842
-1158
-2117
-2870
-2612
-1289
526
2341
4107
5607
5988
4464
1584
-916
-1881
-1913
-2287
-3003
-2754
-770
1907
3296
2503
473
-1081
-1367
-1070
-1236
-1803
-1640
-81
1965
2870
2163
922
345
515
750
858
1350
2643
4333
5512
5614
4801
3635
2441
1184
-149
-1128
-1064
357
2415
3325
1115
-4674
-11538
-15180
-13148
-7514
-2770
-842
654
4601
9841
12120
9141
3329
-1047
-2324
-2154
-2574
-3531
-3621
-2390
-1164
-1705
-4142
-6872
-8289
-8166
-7055
-4796
-764
4430
8581
9997
9370
8523
7744
5392
605
-4747
-7594
-6796
-4129
-2148
-1756
-1979
-1652
-797
-235
-362
-690
-475
545
2195
4142
5817
6215
4580
1387
-1728
-3379
-3667
-3626
-3734
-3255
-1299
1767
4222
4549
2933
996
4
-373
-1164
-2315
-2503
-940
1336
2501
2012
960
519
682
656
255
203
1212
3099
4926
5928
5994
5355
4165
2587
1094
297
436
1205
1758
726
-3157
-9350
-14561
-15033
-10379
-4496
-1297
-386
1768
6642
11214
11542
7351
2135
-794
-1287
-1295
-2147
-3362
-3816
-3408
-3257
-4397
-6465
-8134
-8559
-7875
-6127
-2692
2453
7559
10283
10252
9264
8660
7457
3923
-1599
-6504
-8507
-7659
-5732
-4237
-3412
-2689
-1665
-513
390
1007
1578
2135
2597
3266
4614
6202
6430
4192
476
-2561
-4020
-4846
-5851
-6178
-4416
-723
2981
4903
4854
3911
3071
2323
968
-1215
-3206
-3552
-1957
247
1506
1563
1233
1104
1043
854
749
989
1513
2261
3431
5054
6432
6534
5071
2930
1438
1174
1686
1830
374
-3492
-9261
-14354
-15496
-11569
-5262
-601
1177
2508
5858
10048
11478
8432
3162
-721
-1956
-2063
-2748
-3882
-4272
-3589
-2941
-3583
-5438
-7297
-8128
-7844
-6612
-4050
283
5566
9753
11380
10900
9690
8024
4819
-347
-5867
-9278
-9581
-7924
-5996
-4483
-2998
-1252
300
1033
1060
1161
1813
2673
3241
3653
4310
4948
4672
3048
625
-1785
-3897
-5621
-6370
-5320
-2468
1082
3943
5349
5464
4916
4108
2796
577
-2119
-3851
-3477
-1528
307
1020
1077
1333
1781
1836
1405
1001
1034
1479
2270
3528
5115
6328
6338
5109
3598
2850
2588
865
-4255
-11996
-18092
-18067
-11645
-3509
1410
2768
4158
7922
11871
12038
7535
1584
-2110
-2826
-2417
-2534
-3098
-3404
-3592
-4467
-6205
-7897
-8641
-8540
-8043
-6608
-2977
2836
8511
11351
11045
9703
8926
7813
4509
-882
-5887
-8239
-8004
-6929
-6268
-5877
-5058
-3684
-2171
-800
469
1695
2710
3367
3817
4334
4775
4590
3461
1858
538
-427
-1659
-3446
-4927
-4820
-2870
-239
1751
2833
3601
4380
4709
3979
2338
673
-273
-537
-607
-640
-325
457
1219
1429
1236
1268
1787
2402
2727
2975
3579
4504
5276
5590
5676
5649
4553
552
-7148
-16022
-21090
-19033
-11738
-4449
-144
2925
7714
13517
16336
13743
7624
1918
-1311
-2751
-3742
-4526
-4510
-3687
-3106
-4003
-6393
-8957
-10388
-10478
-9581
-7232
-2595
3750
9475
12554
13125
12520
11114
8013
2877
-2985
-7590
-9840
-9864
-8381
-6290
-4426
-3184
-2342
-1472
-522
179
457
604
1192
2575
4448
5837
5746
4078
1776
-156
-1701
-3487
-5368
-6075
-4492
-1114
2185
3924
4165
3920
3735
3225
1926
181
-962
-819
350
1736
2752
3255
3228
2618
1553
561
202
549
1261
2149
3416
5157
6873
7813
7505
5568
1115
-6406
-15080
-20436
-18895
-11787
-4448
-580
1247
4718
10170
13737
12114
6528
1399
-386
368
1072
453
-730
-1499
-2276
-4402
-8020
-11377
-12586
-11660
-9864
-7295
-2691
4098
10558
13631
12974
10721
8555
6031
2106
-2731
-6729
-8544
-8244
-6784
-5150
-3931
-3199
-2730
-2287
-1754
-1011
66
1323
2491
3571
4799
5974
6118
4497
1620
-1170
-3128
-4583
-5874
-6455
-5410
-2725
488
2850
3747
3620
3339
3363
3290
2518
1198
230
298
1090
1790
1965
1746
1469
1452
2042
3266
4441
4724
4134
3636
3924
4632
4797
3641
728
-4125
-9823
-13710
-13334
-9108
-4383
-1834
-751
1602
5903
9382
9080
5360
1587
360
1106
1534
536
-860
-1368
-1269
-2142
-4871
-8563
-11452
-12442
-11549
-8940
-4525
1263
6910
10711
12281
12468
11804
9689
5477
27
-4663
-7220
-7951
-8013
-8016
-7712
-6713
-5215
-3763
-2647
-1687
-612
622
2026
3762
5866
7750
8352
7099
4526
1747
-587
-2644
-4698
-6360
-6826
-5675
-3393
-1041
472
923
766
667
1068
1883
2737
3327
3668
3984
4322
4394
3741
2321
699
-260
-90
935
2264
3608
5034
6443
7350
7032
4705
-153
-7078
-13725
-16788
-14480
-8480
-2460
1479
4238
7548
10874
11709
8692
3457
-824
-2484
-2211
-1461
-805
-23
640
221
-1985
-5465
-8905
-11368
-12624
-12394
-9846
-4541
2284
8132
11243
11962
11632
10636
8083
3593
-1432
-4891
-5875
-5181
-4122
-3495
-3538
-4136
-4834
-5060
-4703
-4255
-4066
-3624
-2031
936
4380
6911
7544
6249
3947
1848
543
-444
-1761
-3191
-3657
-2458
-265
1414
1506
221
-1307
-2053
-1776
-922
57
1083
2250
3475
4396
4689
4293
3412
2459
1926
2177
3130
4297
5234
5766
5837
4982
2318
-2726
-9203
-14321
-15267
-11508
-5608
-770
2163
4736
8128
10898
10577
6752
1918
-965
-1243
-392
81
28
16
24
-755
-2903
-5913
-8610
-10065
-10092
-8736
-5772
-1324
3563
7184
8601
8371
7493
6180
3876
605
-2477
-4133
-4228
-3760
-3645
-4017
-4434
-4525
-4321
-3903
-3227
-2169
-801
644
2088
3619
5110
5805
4863
2336
-696
-3016
-4278
-4824
-4800
-3954
-2203
-182
1268
1808
1793
1734
1742
1652
1406
1295
1676
2537
3369
3507
2739
1426
252
-163
381
1694
3232
4469
5229
5783
6417
6471
4466
-797
-8286
-14453
-15713
-11462
-4989
-206
1976
3672
6708
9827
10229
7011
2333
-810
-1309
-91
1416
2483
2818
2083
19
-3225
-6862
-9989
-11989
-12534
-11171
-7326
-1293
5229
10011
12055
11985
10715
8358
4652
261
-3352
-5137
-5134
-4172
-3109
-2705
-3378
-4910
-6586
-7711
-8071
-7649
-6271
-3558
511
5062
8649
10140
9522
7636
5203
2394
-745
-3597
-5246
-5319
-4342
-3274
-2774
-2920
-3211
-3043
-2175
-915
271
1337
2547
3939
5130
5689
5455
4511
3204
2194
2144
3134
4436
5200
5229
4942
4515
3140
-494
-6799
-13783
-17793
-16176
-9848
-2736
2098
4861
7686
11047
12822
10983
6213
1376
-1298
-1721
-1008
33
1177
1995
1645
-455
-3828
-7226
-9678
-10967
-11095
-9450
-5448
259
5654
8934
10009
9948
9442
8165
5649
2303
-779
-2640
-3079
-2664
-2309
-2800
-4217
-5984
-7272
-7615
-7083
-6045
-4667
-2680
157
3416
5848
6401
5163
3202
1530
432
-275
-700
-829
-758
-776
-1129
-1933
-3075
-4035
-4130
-3020
-1091
912
2488
3531
4048
3920
3070
1719
462
8
809
2689
4868
6567
7550
8072
8000
6176
1227
-6649
-14583
-18589
-16743
-10893
-4925
-1001
1755
5120
8888
10889
9733
6439
3376
2048
2341
3406
4418
4673
3546
845
-2847
-6494
-9295
-11124
-12068
-11661
-8984
-3873
2031
6242
7644
7376
7157
7218
6571
4881
3187
2572
2808
2838
1971
168
-2429
-5588
-8601
-10488
-10714
-9581
-7668
-5088
-1631
2515
6219
7992
7170
4680
2380
1382
1219
708
-347
-983
-535
165
-474
-2965
-6036
-7744
-7109
-4600
-1379
1520
3670
5029
5666
5530
4414
2449
321
-899
-385
1774
4577
6762
7757
7763
6741
3742
-2336
-10446
-16954
-18177
-13767
-7096
-1671
1753
4565
7290
8530
7018
3501
195
-1293
-806
1106
3816
6494
7859
6877
3563
-1006
-5439
-8865
-11000
-11611
-10152
-6295
-919
3961
6552
6674
5478
3970
2393
856
2
479
2225
4559
6624
7524
6286
2567
-2640
-7471
-10543
-11643
-11153
-9292
-6078
-1744
2867
6456
7689
6147
3025
399
-406
186
1060
1695
2250
2689
2364
794
-1818
-4664
-6780
-7397
-6178
-3565
-485
2237
4198
5233
5134
4039
2614
1669
1626
2318
3415
4573
5614
6339
6033
3457
-2408
-10338
-16712
-17910
-13517
-6867
-1448
1917
4686
7570
9236
8205
4768
922
-1492
-1850
-399
2050
4382
5321
4156
1190
-2645
-6314
-9134
-10654
-10515
-8329
-4061
1336
6014
8281
7920
6100
4067
2232
482
-864
-1123
80
2390
4796
6114
5380
2495
-1570
-5432
-8091
-9232
-8686
-6462
-3127
307
2927
4443
4692
3525
1345
-564
-869
493
2416
3771
4187
3707
2283
-35
-2811
-5224
-6448
-5978
-3887
-1069
1415
2923
3547
3561
2865
1466
-120
-846
44
2401
5332
7689
8912
8897
7309
3317
-3557
-11522
-17053
-17415
-13294
-7925
-3616
-364
2739
5111
5379
3502
1215
312
941
2255
3923
6242
8804
9847
7613
2148
-4381
-9448
-12021
-12571
-11822
-9704
-5859
-783
3954
6611
6509
4358
1695
-6
-139
1007
2646
4267
5757
6925
7186
5725
2437
-1951
-6228
-9261
-10342
-9202
-6312
-2657
651
2833
3633
3135
1805
435
-156
389
1768
3444
4954
5866
5597
3646
257
-3407
-5840
-6256
-4949
-2792
-491
1672
3391
4178
3648
2024
87
-1312
-1554
-378
2053
5037
7618
9271
9878
8999
5475
-1488
-10242
-16961
-18324
-14613
-9145
-4629
-1194
2304
5315
5918
3390
-226
-2024
-1185
875
2639
4229
6419
8842
9591
6924
1116
-5562
-10507
-12490
-11803
-9466
-6362
-3062
15
2491
3973
4101
2788
671
-954
-800
1324
4395
6934
7982
7497
5795
3188
-298
-4325
-7900
-9631
-8703
-5845
-2724
-660
270
665
765
448
-219
-532
219
2100
4494
6473
7275
6477
4258
1278
-1582
-3592
-4458
-4232
-3191
-1584
332
2056
2830
2267
852
-356
-660
-146
923
2590
5029
7802
10134
11087
9793
5498
-1609
-9268
-14374
-15019
-12336
-8823
-5945
-3458
-847
1082
1203
-597
-2604
-2839
-546
3279
6877
9169
10125
10264
9354
6677
1841
-4163
-9401
-12207
-12065
-9725
-6504
-3690
-1886
-1203
-1234
-1598
-1901
-1806
-1081
546
3031
6164
9024
10503
9853
7286
3778
104
-3201
-5794
-7050
-6660
-5039
-3150
-1845
-1258
-1158
-1291
-1499
-1462
-799
525
2056
3284
4038
4474
4603
4117
2847
1158
-119
-443
49
695
983
904
739
671
482
-49
-818
-1329
-1055
133
1945
3865
5558
6722
6784
5059
1369
-3160
-6625
-7709
-6691
-4956
-3548
-2666
-2048
-1751
-2047
-2852
-3637
-3740
-2840
-924
1742
4669
7167
8548
8386
6708
3978
920
-1729
-3631
-4772
-5354
-5349
-4722
-3638
-2681
-2543
-3288
-4365
-4824
-4224
-2678
-742
1196
3127
4896
6093
6079
4839
2984
1279
82
-668
-1065
-1180
-1084
-962
-932
-1155
-1676
-2362
-2718
-2292
-1138
147
1008
1485
1868
2325
2542
2205
1393
669
634
1365
2445
3276
3631
3569
3284
2791
2006
940
-119
-804
-932
-491
296
1165
1489
725
-1157
-3256
-4444
-4411
-3673
-2922
-2124
-1153
-160
286
-30
-689
-1150
-1151
-962
-807
-773
-574
140
1419
2844
3692
3661
2965
2133
1434
886
309
-471
-1550
-2714
-3431
-3400
-2876
-2624
-2955
-3525
-3693
-3192
-2280
-1275
-436
293
1049
2033
3138
3980
4197
3639
2514
1117
-168
-1034
-1418
-1520
-1526
-1340
-811
-101
298
67
-523
-928
-839
-366
202
680
994
1123
1112
1132
1286
1504
1581
1531
1619
2111
2859
3412
3461
2967
2226
1400
655
54
-222
-85
173
75
-819
-2124
-3236
-3750
-3924
-3959
-3550
-2480
-1085
-152
171
209
294
217
-196
-822
-1375
-1678
-1671
-1140
-196
878
1700
2276
2647
2678
2275
1579
1071
873
953
1083
1157
938
188
-1009
-2431
-3670
-4640
-5163
-5143
-4547
-3506
-2223
-748
764
2090
2998
3503
3632
3355
2661
1912
1508
1489
1550
1365
926
238
-701
-1820
-2782
-3367
-3592
-3508
-2976
-1944
-752
213
854
1355
1825
2221
2459
2603
2651
2527
2262
1950
1656
1257
675
-93
-785
-1158
-1063
-634
-215
80
356
858
1354
1456
961
209
-217
-132
317
676
856
829
676
339
-304
-1205
-2316
-3361
-4069
-4103
-3488
-2432
-1326
-386
376
952
1374
1557
1661
1721
1829
1954
2049
2047
1820
1330
487
-509
-1466
-2150
-2526
-2736
-2898
-3026
-2853
-2264
-1275
-234
525
900
1024
1196
1525
1983
2375
2545
2364
1829
1052
161
-696
-1493
-2149
-2620
-2798
-2635
-2179
-1591
-1118
-807
-576
-235
237
843
1475
1961
2221
2236
2238
2288
2222
1702
713
-451
-1364
-1713
-1727
-1559
-1417
-1218
-873
-566
-418
-502
-549
-276
337
1137
2117
3126
3929
4213
3820
3051
2180
1398
577
-304
-1133
-1698
-1786
-1508
-1038
-636
-429
-406
-428
-338
-44
339
640
846
998
1179
1134
569
-460
-1610
-2424
-2863
-3068
-3123
-2905
-2319
-1514
-710
-156
119
144
26
66
346
850
1453
1920
2108
1907
1251
326
-654
-1570
-2241
-2630
-2531
-2100
-1566
-1015
-608
-401
-430
-507
-456
-118
194
441
732
1080
1497
1721
1653
1240
537
-419
-1264
-1724
-1683
-1328
-771
-73
319
595
557
302
200
34
-69
-13
230
903
1749
2387
2631
2189
1534
1065
755
593
279
-104
-140
155
633
1194
1447
1373
1183
1014
985
1194
1553
1815
2021
2049
1771
1218
559
-84
-752
-1432
-1998
-2333
-2311
-1979
-1553
-1166
-1092
-1223
-1345
-1415
-1275
-945
-454
182
831
1321
1506
1384
914
69
-890
-1694
-2209
-2476
-2560
-2451
-2172
-1854
-1614
-1398
-1297
-1145
-816
-513
-153
228
407
739
963
886
838
318
-149
-426
-877
-1014
-1162
-1325
-1117
-950
-738
-349
-318
-145
245
460
738
996
1141
1371
1603
1530
1387
1197
968
675
368
214
141
409
744
1072
1450
1571
1345
1321
1380
1260
1471
1576
1623
1944
2015
1624
1151
535
-105
-470
-1031
-1479
-1583
-1463
-922
-321
-71
248
561
549
570
199
-13
65
5
325
542
607
741
479
-49
-471
-932
-1239
-1422
-1566
-1445
-1439
-1335
-1157
-1169
-1273
-1180
-1027
-881
-593
-489
-326
-49
143
180
-21
-560
-952
-1277
-1496
-1092
-807
-614
-257
-169
-157
-145
-383
-533
-574
-790
-598
-159
80
560
784
465
559
425
164
95
-372
-449
-643
-560
40
336
675
1234
1370
1481
1824
1675
1696
1466
1182
1145
1174
1276
1129
1001
496
86
77
-348
-631
-477
-870
-696
-184
7
638
763
914
1006
932
1266
1311
1316
1287
955
847
467
-60
-211
-768
-1031
-963
-900
-845
-628
-539
-861
-784
-861
-845
-604
-451
-402
-220
105
76
193
-7
-695
-1052
-1348
-1896
-1768
-1585
-1696
-1151
-673
-389
4
108
-133
-139
-298
-565
-504
-864
-740
-230
-202
230
95
-182
38
-426
-391
-319
-651
-241
-46
292
672
1045
1374
1285
1509
1154
1007
861
565
625
228
310
568
393
744
548
334
560
191
500
641
264
261
330
309
540
735
207
205
430
230
752
611
401
521
-185
-50
-95
-107
92
117
570
441
632
574
233
162
-270
-473
-666
-748
-724
-777
-492
-227
-210
-13
-461
-596
-844
-1644
-1204
-1280
-1044
-646
-516
-136
252
489
165
25
-605
-1078
-1031
-1145
-1046
-777
-924
-716
-524
-689
-440
-649
-459
-445
-694
-17
175
572
1072
955
1230
1354
969
762
389
-134
4
-135
17
447
370
801
740
414
514
-43
-98
384
229
396
804
942
1348
1616
1319
1046
733
377
307
460
360
365
277
-146
-365
-598
-550
-673
-285
55
-165
611
870
743
1021
708
329
123
-280
-625
-517
-829
-799
-577
-795
-446
-542
-902
-1011
-1374
-1347
-1008
-999
-176
100
127
834
526
326
246
-288
-899
-974
-1332
-1340
-1115
-1248
-1055
-930
-1077
-861
-673
-825
-353
-67
26
657
830
1040
1328
888
793
758
201
350
316
-223
348
414
218
370
10
-317
-246
-159
6
298
382
625
673
950
1040
1052
1085
510
580
574
475
860
700
697
555
320
272
-81
-102
-376
-443
-125
59
600
898
770
909
500
284
117
-190
-278
-520
-392
-190
43
257
-151
-220
-693
-1266
-998
-1338
-1105
-594
-284
14
328
552
396
357
103
-396
-626
-595
-849
-743
-826
-1319
-892
-891
-1106
-749
-722
-1008
-506
-14
-134
543
631
393
643
333
213
293
-83
-242
-139
-408
-410
153
6
-464
-82
-605
-793
234
174
644
1136
624
1153
964
679
788
115
52
-36
218
423
529
774
746
214
-63
107
-503
-266
10
-341
396
864
1133
1391
1082
954
644
475
348
138
66
-323
-149
-74
-491
-128
-759
-968
-905
-1469
-640
-598
-263
776
565
959
912
630
340
-89
37
-557
-468
-194
-572
-414
-774
-1022
-1066
-1379
-1236
-1293
-1036
-361
-80
516
829
937
1408
1079
966
630
188
-100
-524
-543
-928
-893
-592
-890
-556
-621
-1068
-458
-628
-387
399
-3
604
932
434
882
693
341
504
178
89
297
167
147
80
-85
-162
-215
-372
-471
-336
-453
-147
359
599
1049
1041
994
1022
822
975
655
671
784
102
361
31
-427
-186
-1116
-1051
-994
-1405
-637
-525
-59
480
404
848
714
752
892
444
621
564
322
111
101
-334
-885
-770
-1463
-1278
-1005
-1525
-924
-654
-702
90
413
333
925
931
593
965
857
413
544
53
-182
-131
-731
-703
-1051
-1336
-1216
-1237
-670
-268
48
763
567
770
1167
396
349
186
-426
-189
-93
-335
-21
-49
-238
-31
-363
-522
-413
-616
-518
-230
-230
244
517
862
1151
923
1167
829
688
688
83
119
-45
-253
3
-282
-212
-312
-382
-354
-641
-278
-459
-322
238
-58
397
598
539
1098
1033
1064
971
653
411
134
-331
-525
-624
-844
-676
-463
-548
-362
-226
-687
-189
-138
-398
405
410
372
893
639
647
704
242
-89
-341
-639
-1064
-1036
-1003
-1229
-542
-667
-327
340
41
450
419
312
268
88
111
29
40
-61
-75
175
-48
-295
-236
-449
-420
-157
-681
-570
-315
-529
-248
-13
33
401
529
748
1127
1033
1088
834
606
265
-154
-284
-668
-466
-625
-634
-165
-206
-14
-58
-143
-127
-114
-35
-84
400
701
731
1210
1129
836
910
413
-110
-285
-719
-792
-631
-376
-561
-282
4
-252
374
140
104
557
396
725
806
616
809
525
350
248
-288
-504
-780
-1116
-1082
-1097
-827
-606
-518
-224
-4
354
379
493
390
227
341
239
255
-53
-219
-263
-636
-451
-464
-844
-570
-388
-659
-155
-310
-376
238
-22
279
708
343
482
834
370
406
296
-356
-351
-552
-747
-703
-757
-643
-376
-329
-29
337
94
294
359
89
417
234
300
615
373
746
725
401
526
192
4
-204
-491
-477
-443
-218
-80
41
49
207
283
123
401
377
444
674
597
879
903
652
723
336
0
-2
-370
-426
-532
-677
-738
-507
-373
-318
-23
-7
178
437
302
550
575
263
202
-50
-170
-215
-488
-569
-780
-894
-812
-842
-745
-722
-655
-503
-200
15
146
419
574
680
863
777
872
573
182
27
-625
-673
-820
-1175
-898
-994
-938
-612
-372
-250
15
109
-25
350
377
223
549
449
384
627
357
405
435
-10
-85
-365
-537
-419
-474
-311
-58
94
294
409
454
495
211
194
362
428
666
748
832
642
698
469
112
77
-457
-497
-526
-476
-132
-89
16
233
328
431
532
490
589
516
510
569
424
454
338
43
-166
-342
-739
-838
-942
-1111
-845
-720
-654
-154
-120
-129
261
100
135
355
319
474
457
250
214
-153
-330
-467
-908
-1000
-1009
-1081
-823
-613
-522
-387
-303
-132
59
54
225
199
160
327
192
254
88
-35
-228
-402
-534
-675
-576
-557
-304
-145
49
275
402
343
237
100
94
297
350
696
921
998
1073
902
616
365
37
-282
-317
-406
-191
-7
182
383
342
452
502
496
445
323
191
262
423
482
614
563
364
264
111
-39
-241
-430
-514
-495
-293
-231
-189
-158
-205
-192
-50
147
171
304
279
234
262
101
-10
-181
-413
-516
-784
-765
-605
-595
-440
-396
-411
-368
-351
-364
-366
-303
-248
-28
269
283
379
168
-108
-184
-467
-624
-715
-723
-579
-453
-307
-185
-213
-304
-373
-475
-502
-387
-191
53
403
723
929
1029
968
848
543
298
170
-37
-54
-45
24
127
201
294
261
323
281
217
252
196
404
570
595
698
641
473
410
241
43
-30
-94
-99
-7
48
-7
24
50
30
158
206
99
221
256
326
502
457
340
103
-106
-324
-519
-627
-704
-716
-581
-441
-392
-312
-383
-404
-434
-380
-283
-142
-59
-5
143
168
239
129
-137
-354
-525
-558
-478
-351
-135
-14
104
300
231
76
-22
-191
-206
-101
-1
193
381
489
638
673
559
404
143
-78
-235
-396
-545
-533
-483
-408
-396
-395
-350
-431
-448
-440
-364
-237
-180
-82
-38
35
148
102
25
-96
-245
-275
-287
-189
-226
-383
-376
-376
-217
-141
-38
153
258
511
712
827
903
860
784
685
691
656
575
545
532
544
611
625
590
643
577
649
770
737
860
1048
1117
1293
1471
1318
1246
1031
813
829
852
859
768
689
476
308
-239
-992
-1713
-2112
-1796
-1554
-1530
-2054
-2771
-2971
-2880
-2715
-2561
-2524
-2287
-1759
-1415
-1329
-1619
-1937
-1795
-1228
-477
26
123
1
-3
85
178
297
254
373
556
747
890
678
286
11
-7
239
535
516
374
318
241
303
312
236
266
460
842
1207
1390
1285
1225
1405
1860
2298
2392
2212
1945
1887
1899
2064
2194
2155
2226
2287
2271
2136
1882
1616
1648
1782
1826
1602
987
170
-977
-2046
-2649
-2245
-1670
-1655
-2440
-3878
-4632
-4673
-4282
-3949
-3753
-3298
-2563
-1878
-1754
-2198
-2643
-2446
-1442
-99
752
930
805
644
821
1086
1247
1266
1269
1500
1733
1826
1362
503
-274
-621
-685
-743
-1164
-1630
-1676
-1641
-1380
-1415
-1615
-1664
-1431
-802
-254
53
196
403
975
1642
1951
1848
1570
1520
1734
1880
1908
1879
1997
2315
2611
2596
2184
1725
1427
1414
1629
1680
1567
1402
1317
1468
1654
1779
1789
1579
1375
1064
231
-1082
-2485
-2986
-1950
-268
359
-639
-2623
-4021
-4000
-3354
-2896
-2660
-2159
-1265
-472
-529
-1517
-2551
-2702
-1670
-62
1061
1220
698
183
167
452
699
723
617
678
876
915
559
-110
-725
-844
-474
-48
-24
-488
-1477
-2480
-3010
-2829
-1931
-1010
-433
-420
-785
-1210
-1550
-1550
-928
157
1351
2173
2153
1454
576
152
559
1512
2294
2430
2009
1427
1126
1071
1131
1300
1520
1829
2044
1821
1254
747
691
1331
2208
2906
3097
2980
2747
2579
2512
2128
1117
-335
-1338
-1048
558
1608
699
-1801
-4095
-4422
-3335
-2308
-2319
-2731
-2592
-1935
-1572
-2239
-3315
-3702
-2733
-918
529
571
-433
-1326
-1245
-92
993
1365
942
408
393
628
711
338
-128
-203
253
745
731
61
-1018
-1819
-2271
-2306
-2157
-1939
-1613
-1387
-1174
-1258
-1536
-1798
-1583
-758
334
1192
1412
1314
1147
1097
1173
1419
1823
2161
2148
1633
1099
799
926
1289
1523
1643
1506
1227
964
882
979
1220
1514
1727
1978
2215
2464
2687
2967
3231
3362
2993
1550
-322
-1595
-1118
685
1654
596
-2002
-4019
-4108
-3150
-2624
-3080
-3585
-3244
-2350
-1953
-2623
-3690
-3901
-2714
-842
505
510
-288
-799
-245
965
1863
2030
1539
1213
1302
1523
1497
1036
484
307
631
895
709
-176
-1346
-2075
-2086
-1855
-1871
-2121
-2356
-2016
-1533
-1329
-1642
-2028
-1690
-605
672
1326
1085
582
472
768
1121
1171
924
713
659
613
429
222
123
308
729
1063
1048
666
342
412
895
1390
1639
1792
2103
2472
2692
2664
2617
2976
3693
4218
3958
2462
125
-1597
-1756
-230
1281
988
-1013
-3449
-4435
-3999
-3305
-3275
-3593
-3264
-2270
-1602
-2130
-3397
-4073
-3014
-718
1335
1916
1169
238
127
1107
2197
2755
2562
2115
2068
2220
2197
1609
706
142
360
947
1077
275
-1138
-2263
-2553
-2011
-1542
-1677
-2371
-3051
-3030
-2591
-2185
-2234
-2343
-1940
-908
38
178
-317
-709
-276
640
1259
1013
250
-261
-148
390
724
730
553
585
898
1108
922
469
363
842
1690
2168
1924
1354
1111
1492
2140
2601
2696
2771
3089
3656
4085
3772
2581
589
-1074
-1410
-162
1643
1841
86
-2542
-4039
-3715
-2781
-2448
-2774
-2813
-2134
-1434
-1628
-2553
-3177
-2376
-380
1552
2168
1076
-429
-923
98
1743
2600
2378
1474
842
661
587
411
126
-3
136
496
505
-112
-1319
-2401
-2685
-2075
-1270
-1286
-2115
-3220
-3472
-2957
-2168
-1784
-1856
-1684
-1093
-347
-141
-413
-635
-105
945
1751
1663
761
-46
-202
333
869
952
614
348
457
718
862
641
574
865
1371
1607
1314
906
880
1530
2254
2704
2586
2398
2606
3207
3900
4261
4364
4036
3251
1378
-522
-1300
-121
1860
2062
149
-2757
-4119
-3759
-2912
-2800
-3248
-3134
-2423
-1835
-2197
-3080
-3573
-2704
-914
606
858
-188
-1136
-1105
116
1369
1729
1250
484
303
566
842
748
471
380
738
1199
1128
329
-1053
-2001
-2013
-1129
-354
-660
-1927
-3261
-3503
-2879
-2117
-1924
-2139
-2023
-1351
-570
-305
-629
-854
-336
705
1534
1450
540
-293
-427
166
827
1000
828
644
870
1218
1261
947
566
737
1402
2003
2113
1737
1400
1595
2190
2691
2733
2403
2245
2562
3308
3969
4214
4109
3647
2895
1481
-288
-1338
-998
643
1690
837
-1622
-3931
-4450
-3668
-2810
-2724
-2883
-2673
-2220
-2289
-3069
-3861
-3767
-2499
-925
66
-170
-1049
-1571
-1151
97
1169
1652
1450
1123
1068
1217
1367
1265
1087
1084
1359
1507
1182
291
-741
-1345
-1441
-1219
-1320
-1900
-2819
-3421
-3172
-2566
-2138
-2291
-2483
-2107
-1207
-535
-640
-1040
-996
-126
955
1348
875
125
-75
483
1388
1871
1719
1219
916
1064
1369
1550
1449
1473
1691
1898
1774
1304
946
943
1355
1711
1760
1513
1209
1231
1701
2501
3242
3695
3776
3843
3815
3427
2228
439
-602
-280
1409
2339
1263
-1292
-3684
-4122
-3356
-2593
-2745
-3303
-3506
-3308
-3335
-3938
-4586
-4452
-3042
-1248
-103
-468
-1551
-1997
-1224
396
1524
1831
1439
1082
1085
1246
1432
1366
1169
1072
1279
1451
1166
171
-985
-1519
-1325
-776
-913
-1852
-3155
-3974
-3811
-3224
-2763
-2825
-2893
-2549
-1757
-1058
-864
-999
-821
13
1061
1735
1493
944
763
1352
2209
2490
2183
1720
1764
2132
2270
1856
1319
1219
1596
1930
1619
889
223
284
932
1621
1882
1553
1305
1457
2154
2773
2945
2903
3078
3730
4421
4689
4084
2786
811
-681
-937
270
1619
1064
-1158
-3877
-4856
-4334
-3557
-3479
-3935
-3905
-3438
-3102
-3625
-4495
-4830
-3686
-1601
167
415
-849
-2005
-1957
-418
1236
2014
1866
1377
1326
1478
1603
1432
1147
1121
1394
1597
1232
96
-1400
-2341
-2367
-1708
-1267
-1735
-2981
-4154
-4415
-3747
-2843
-2343
-2178
-1900
-1258
-578
-349
-595
-634
121
1545
2713
2786
1881
933
811
1421
2158
2273
1910
1516
1351
1446
1402
1185
982
1165
1615
1932
1660
965
421
559
1315
1986
2233
1981
1765
1892
2217
2521
2680
2977
3482
4054
4305
4117
3606
2901
1801
276
-838
-945
302
1312
679
-1521
-3959
-4826
-4421
-3771
-3734
-4021
-3969
-3617
-3598
-4260
-5134
-5221
-3939
-1991
-537
-694
-1816
-2545
-1995
-404
903
1387
1150
920
1049
1309
1337
939
464
420
882
1309
1120
67
-1160
-1906
-1860
-1244
-784
-902
-1748
-2667
-3044
-2621
-1997
-1761
-1845
-1763
-1213
-641
-487
-691
-550
287
1596
2496
2516
1805
1087
1137
1886
2762
3009
2724
2370
2351
2490
2314
1822
1342
1388
1781
1991
1604
912
567
840
1502
1870
1827
1549
1410
1419
1390
1354
1396
1772
2329
2851
2944
2728
2483
2674
3063
2917
1737
-283
-1546
-1466
-71
670
-253
-2262
-4038
-4268
-3921
-3769
-4393
-4904
-4679
-3980
-3644
-4297
-5366
-5836
-4826
-3025
-1485
-1369
-2103
-2442
-1838
-495
378
689
605
801
1364
1839
1945
1484
1028
968
1516
1996
1918
1074
39
-530
-568
-244
-277
-675
-1468
-2058
-2238
-2095
-1943
-2079
-2122
-1824
-1026
-220
91
-222
-523
-180
949
2153
2534
2091
1379
1292
1787
2286
2395
2170
2112
2377
2717
2758
2364
1820
1558
1743
2062
2009
1543
1086
1008
1241
1308
1002
646
655
1049
1428
1492
1253
1049
1148
1565
2009
2198
2179
2106
2262
2485
2342
1522
-16
-1311
-1620
-843
32
-295
-1711
-3445
-4325
-4473
-4602
-5110
-5699
-5587
-4813
-3978
-4005
-4824
-5643
-5376
-3950
-2344
-1460
-1566
-1673
-1199
-194
598
701
520
602
1423
2530
3286
3197
2443
1740
1687
2246
2750
2758
2137
1427
812
324
-146
-703
-1216
-1830
-2245
-2394
-2289
-2286
-2561
-2734
-2436
-1565
-720
-250
-218
-138
344
1114
1869
2214
2290
2284
2552
2932
3136
3021
2757
2743
2931
3135
2891
2341
1666
1266
1179
1121
1029
798
678
542
434
139
-174
-333
-295
-10
189
344
243
143
113
368
798
1145
1409
1561
1895
2153
2316
2121
1608
622
-599
-1361
-1350
-511
-235
-920
-2387
-3630
-4065
-4327
-4641
-5132
-5098
-4507
-3777
-3567
-4028
-4700
-4931
-4292
-3153
-1962
-1325
-990
-668
-139
468
797
1030
1289
1916
2759
3377
3451
2975
2308
1883
1845
2017
2186
2056
1653
983
264
-288
-669
-870
-1042
-1230
-1462
-1772
-2078
-2230
-2126
-1779
-1385
-1004
-620
-208
179
489
845
1410
2059
2515
2659
2552
2522
2573
2643
2647
2531
2415
2267
2107
1885
1539
1066
629
366
354
356
161
-231
-668
-746
-508
-142
-26
-291
-658
-771
-481
-30
371
567
662
718
854
1044
1236
1412
1513
1692
1894
2149
2180
1726
647
-717
-1479
-1309
-451
-158
-911
-2304
-3402
-3668
-3735
-4038
-4659
-4923
-4467
-3598
-3018
-3177
-3802
-4188
-3788
-2823
-1843
-1339
-1104
-624
175
956
1207
990
825
1152
1990
2825
3214
3006
2514
2133
2061
2146
2192
2107
1964
1941
1863
1603
935
13
-740
-1133
-1078
-974
-1045
-1298
-1545
-1583
-1508
-1417
-1323
-1118
-750
-272
138
390
484
574
852
1245
1592
1722
1635
1541
1555
1628
1626
1431
1190
1111
1195
1298
1167
782
374
124
79
86
49
-1
-32
16
-32
-221
-445
-590
-445
-164
98
241
250
251
282
363
428
474
562
832
1197
1505
1525
1319
1103
834
297
-649
-1487
-1699
-1132
-590
-706
-1520
-2399
-2799
-2916
-2980
-3274
-3364
-3083
-2475
-1943
-1846
-2097
-2405
-2332
-1883
-1240
-759
-416
-33
495
1036
1267
1182
940
943
1350
1946
2421
2460
2182
1839
1647
1597
1521
1374
1141
970
830
710
477
60
-445
-922
-1167
-1261
-1313
-1419
-1565
-1618
-1532
-1333
-1098
-850
-564
-193
185
530
807
934
997
981
1101
1339
1576
1714
1634
1573
1532
1566
1570
1521
1387
1174
914
712
626
467
211
-264
-616
-773
-756
-755
-985
-1251
-1367
-1193
-933
-830
-992
-1113
-1035
-634
-124
174
340
315
398
601
838
1034
1071
1085
1136
1314
1485
1587
1544
1307
755
23
-528
-672
-365
-241
-450
-916
-1279
-1385
-1669
-2159
-2741
-2908
-2540
-1946
-1538
-1554
-1797
-1944
-1791
-1490
-1190
-965
-602
-23
604
1035
1051
853
659
722
1053
1452
1730
1762
1632
1428
1265
1070
853
642
523
609
751
792
526
37
-473
-750
-752
-684
-733
-935
-1050
-998
-794
-680
-706
-727
-636
-262
246
730
966
918
755
625
676
789
847
862
889
883
741
422
48
-225
-371
-422
-441
-433
-483
-586
-619
-641
-666
-664
-639
-493
-316
-298
-365
-424
-375
-206
-62
8
81
265
493
700
772
714
676
754
962
1090
1070
927
838
920
1042
1084
960
826
841
1040
1185
1014
444
-207
-501
-271
180
294
67
-317
-488
-494
-561
-771
-1066
-1129
-919
-570
-445
-686
-1127
-1422
-1387
-1177
-1004
-987
-933
-783
-615
-528
-637
-850
-998
-863
-460
-61
25
-184
-373
-304
-10
216
262
172
163
349
599
778
702
504
368
397
450
265
-73
-344
-300
-94
25
-97
-394
-633
-680
-517
-314
-178
-188
-236
-172
-23
60
-28
-157
-186
-38
199
381
369
209
42
11
151
201
123
5
34
198
346
315
124
34
55
259
443
466
334
189
267
430
519
395
150
126
335
542
674
658
680
899
1106
1257
1276
1235
1334
1555
1865
2010
1912
1666
1401
1315
1343
1384
1326
1127
724
216
-274
-627
-746
-798
-852
-1013
-1186
-1360
-1628
-1955
-2327
-2542
-2513
-2302
-2087
-1979
-1970
-1946
-1846
-1777
-1743
-1731
-1598
-1298
-904
-560
-331
-189
-130
-93
-72
-50
-17
73
232
472
656
646
433
149
-42
-117
-136
-186
-191
-161
-119
-118
-190
-329
-494
-598
-545
-275
30
245
241
158
177
291
463
556
584
650
799
1012
1187
1186
1067
919
857
922
1025
1110
1078
994
913
815
686
515
340
316
453
557
591
442
251
211
181
178
213
222
282
375
393
371
230
115
103
168
280
288
303
288
277
224
130
13
-29
-25
-2
119
228
316
281
222
154
95
96
81
160
236
286
259
91
-179
-553
-867
-1025
-980
-889
-900
-994
-1112
-1225
-1431
-1666
-1880
-2014
-1998
-1882
-1757
-1687
-1655
-1674
-1649
-1562
-1508
-1456
-1373
-1187
-864
-533
-260
-81
-2
60
193
378
531
646
780
978
1203
1377
1367
1231
1071
983
1042
1121
1193
1199
1114
1063
1067
996
844
682
602
739
935
1023
981
837
759
810
871
874
826
750
731
757
708
542
255
7
-130
-166
-190
-287
-408
-601
-697
-743
-823
-858
-935
-996
-945
-852
-810
-740
-707
-613
-460
-363
-260
-140
-45
37
162
251
371
442
449
533
558
546
541
413
337
341
334
349
273
107
-91
-206
-243
-294
-409
-583
-733
-793
-769
-755
-772
-787
-729
-571
-387
-252
-207
-124
-5
164
324
329
308
371
485
580
619
548
476
423
354
288
158
15
-74
-114
-117
-100
-144
-209
-266
-314
-378
-420
-365
-264
-102
14
40
22
-40
-106
-68
47
191
349
369
363
351
304
289
237
204
232
259
238
199
92
-34
-90
-140
-216
-309
-447
-558
-527
-457
-453
-463
-489
-515
-486
-488
-534
-448
-323
-233
-91
-97
-220
-276
-346
-316
-198
-164
-141
-141
-145
-109
-143
-248
-264
-266
-190
-45
22
-7
-5
27
16
149
235
281
437
485
532
727
789
794
908
841
830
966
905
927
1015
990
946
851
686
591
524
392
337
245
186
183
117
0
-110
-135
-128
-43
24
65
94
117
178
219
288
389
438
416
444
468
430
355
218
167
159
118
40
-140
-342
-482
-578
-696
-788
-968
-1183
-1276
-1307
-1333
-1430
-1576
-1647
-1604
-1554
-1446
-1389
-1378
-1239
-1069
-860
-710
-636
-551
-440
-239
-63
68
113
141
211
242
274
309
285
204
210
201
144
58
-38
-74
-39
1
-48
-95
-191
-140
-52
5
170
210
263
375
480
653
790
838
938
1065
1191
1375
1412
1374
1359
1395
1467
1418
1362
1180
1047
1076
1036
943
753
482
311
198
25
-110
-223
-336
-330
-246
-324
-405
-417
-522
-439
-295
-226
-125
-75
16
66
80
102
46
39
95
101
95
155
53
-15
-25
-217
-330
-399
-561
-652
-621
-739
-807
-786
-962
-1063
-1059
-1105
-1063
-1010
-1017
-937
-913
-940
-866
-827
-746
-591
-526
-427
-284
-256
-186
-93
-107
-52
-10
-40
25
94
-5
-102
-98
-233
-242
-150
-207
-176
-127
-149
-123
-65
-52
-65
-66
41
147
231
357
399
465
603
648
705
819
810
857
989
967
1013
1092
955
881
898
826
811
877
790
693
692
703
712
684
666
578
526
557
586
565
537
520
430
426
363
237
268
180
26
46
-88
-275
-250
-400
-555
-472
-579
-762
-764
-891
-1035
-990
-1066
-1118
-1062
-1165
-1151
-1076
-1122
-1042
-957
-935
-762
-662
-695
-566
-481
-412
-205
-145
-127
7
-45
-83
75
46
33
186
132
67
130
13
-77
23
-8
-61
60
31
-50
40
46
76
213
233
249
356
403
439
507
522
527
566
604
618
577
544
489
440
468
431
366
320
204
88
20
-24
-72
-105
-91
-137
-189
-142
-184
-167
-26
-49
3
144
166
222
235
199
302
413
409
504
512
434
511
435
363
369
240
199
186
15
-35
-173
-412
-338
-411
-528
-479
-644
-734
-691
-744
-730
-670
-682
-611
-526
-507
-384
-308
-290
-192
-102
-97
27
107
51
178
166
155
255
183
136
176
55
-41
43
-104
-175
-61
-262
-355
-224
-364
-357
-222
-398
-345
-188
-281
-103
14
-56
166
203
216
433
438
471
548
608
729
720
748
697
586
657
628
547
562
488
394
432
291
206
225
71
52
29
-123
-133
-87
-189
-195
-178
-222
-201
-225
-277
-349
-347
-330
-335
-282
-271
-266
-229
-239
-242
-193
-262
-265
-174
-255
-254
-257
-349
-293
-271
-269
-243
-287
-282
-222
-219
-173
-51
-55
10
77
47
80
73
94
138
201
257
253
238
177
160
228
139
102
157
34
76
110
-29
-39
-55
-137
-97
-78
-123
-36
-38
-99
-14
-5
-52
13
-20
-53
103
99
66
181
166
196
315
239
221
321
220
206
296
169
149
187
96
119
205
102
43
127
20
3
93
31
62
181
125
124
170
20
36
110
84
143
121
63
77
66
6
-53
-105
-156
-241
-283
-291
-373
-439
-470
-504
-498
-496
-586
-593
-545
-574
-488
-457
-501
-454
-458
-410
-299
-183
-111
-76
26
77
120
163
176
251
391
478
534
549
489
482
494
484
479
498
463
421
382
308
258
183
184
145
116
188
112
84
107
22
105
171
56
156
131
5
180
110
36
182
105
12
71
23
-74
2
-34
-119
-28
-83
-197
-163
-261
-333
-252
-272
-316
-303
-280
-380
-371
-279
-391
-301
-204
-314
-225
-183
-229
-152
-140
-112
-7
-5
27
61
48
128
120
118
178
125
101
111
12
-29
-11
-115
-118
-94
-179
-233
-291
-337
-369
-338
-327
-379
-281
-265
-341
-266
-265
-319
-168
-119
-105
80
68
71
219
168
160
332
270
311
455
412
489
499
448
442
415
456
432
418
462
418
422
429
332
311
293
243
267
290
266
262
292
254
224
217
201
203
153
201
190
119
197
116
14
82
-33
-112
-7
-161
-175
-112
-293
-307
-333
-408
-408
-412
-464
-516
-452
-457
-494
-471
-502
-515
-416
-378
-405
-361
-384
-345
-248
-258
-242
-234
-215
-181
-170
-147
-148
-150
-120
-173
-204
-173
-238
-221
-182
-250
-263
-191
-212
-206
-85
-161
-145
-49
-141
-23
59
17
176
254
268
354
376
408
427
473
542
527
603
608
515
562
523
466
491
367
341
374
307
345
278
177
194
141
130
120
43
-16
42
65
23
88
-3
1
144
68
96
187
109
184
265
151
180
191
107
160
178
73
29
21
-103
-95
-153
-304
-212
-236
-352
-304
-362
-468
-397
-440
-517
-378
-384
-384
-272
-323
-336
-247
-254
-252
-145
-182
-146
-44
-71
-78
-64
-72
-107
-84
-88
-112
-128
-140
-172
-219
-214
-285
-305
-279
-347
-323
-325
-353
-257
-292
-311
-205
-211
-147
-60
-63
7
90
120
200
258
277
347
423
425
468
465
403
500
512
489
526
472
473
443
391
407
343
299
278
258
272
230
253
233
184
251
180
163
253
213
214
214
199
244
242
199
175
164
173
154
129
100
55
54
-17
-78
-126
-188
-210
-230
-260
-340
-397
-430
-461
-504
-535
-530
-512
-482
-477
-487
-514
-479
-432
-421
-336
-294
-299
-223
-202
-185
-109
-142
-78
-18
-63
18
2
-22
27
-36
-24
8
-29
-22
-46
-60
-49
-39
-52
-78
-32
-46
-56
21
-11
-9
51
35
85
100
80
127
143
188
215
223
243
243
250
247
250
282
285
261
264
267
271
241
286
279
233
289
248
241
246
162
147
182
205
176
171
143
73
128
134
66
116
84
15
87
49
-35
-6
-27
-68
-14
-63
-153
-96
-139
-167
-107
-161
-196
-178
-207
-218
-194
-197
-214
-190
-182
-220
-221
-213
-245
-218
-201
-226
-200
-237
-263
-253
-249
-225
-215
-191
-191
-186
-185
-203
-189
-160
-131
-84
-67
-64
-32
-52
-26
0
4
73
109
121
147
149
131
189
200
181
223
200
209
238
224
215
218
201
200
231
192
174
162
119
131
139
88
77
79
60
86
88
83
110
103
59
78
76
51
92
84
60
112
104
62
76
26
13
65
48
55
54
21
18
-15
-54
-89
-94
-85
-120
-135
-166
-226
-218
-260
-287
-253
-302
-311
-287
-309
-315
-296
-319
-296
-234
-260
-226
-168
-210
-175
-110
-122
-52
-14
-43
14
37
28
50
66
85
87
125
149
139
160
138
164
211
170
186
186
178
233
209
211
239
223
226
208
206
215
211
217
231
249
205
180
192
183
176
160
143
140
112
65
51
-12
-27
-12
-49
-31
-75
-141
-130
-126
-163
-172
-173
-170
-138
-141
-177
-187
-136
-166
-159
-96
-153
-133
-88
-135
-103
-95
-153
-122
-95
-125
-122
-148
-152
-105
-106
-104
-98
-134
-158
-149
-161
-163
-140
-168
-140
-116
-163
-140
-146
-166
-94
-81
-77
-32
-31
-26
-19
20
19
17
64
41
82
130
83
128
153
128
187
191
159
197
204
221
271
287
275
287
303
309
331
327
324
329
339
343
318
322
296
273
273
236
205
173
139
135
111
51
23
-5
-27
-49
-82
-97
-115
-137
-158
-151
-204
-205
-174
-221
-192
-186
-244
-213
-206
-243
-210
-233
-242
-195
-219
-220
-203
-222
-239
-231
-214
-223
-217
-234
-239
-212
-206
-207
-227
-222
-222
-222
-208
-193
-180
-185
-140
-102
-102
-94
-106
-102
-45
-1
16
30
31
42
90
122
97
122
133
129
197
190
172
199
196
203
231
248
232
240
276
259
252
264
228
258
286
261
291
286
272
276
262
244
232
232
214
207
221
194
172
167
137
110
89
68
56
29
9
4
-15
-26
-62
-81
-105
-122
-139
-171
-175
-187
-185
-202
-209
-219
-246
-238
-250
-257
-255
-261
-256
-240
-246
-247
-235
-222
-211
-204
-186
-203
-178
-151
-160
-120
-117
-129
-101
-89
-100
-91
-90
-95
-68
-77
-75
-54
-73
-62
-39
-56
-44
-13
-43
-16
12
-7
41
54
41
71
81
82
126
150
152
196
214
201
231
243
241
284
295
287
303
306
304
306
300
290
277
273
258
229
186
152
141
122
110
82
34
8
-15
-38
-65
-89
-84
-72
-75
-96
-119
-107
-123
-116
-99
-132
-125
-107
-117
-114
-116
-137
-110
-106
-130
-122
-149
-149
-124
-136
-143
-131
-158
-175
-161
-176
-184
-175
-179
-169
-138
-160
-162
-135
-154
-111
-74
-83
-50
-43
-47
-13
11
20
45
74
87
98
109
82
99
99
67
114
109
92
112
82
73
75
54
55
58
67
60
51
72
56
78
93
71
115
97
83
134
130
150
179
171
202
199
172
171
161
154
151
162
146
127
119
76
81
60
5
2
-17
-50
-68
-105
-121
-115
-139
-162
-177
-203
-224
-222
-227
-240
-228
-236
-246
-209
-236
-252
-218
-225
-193
-164
-193
-160
-142
-153
-106
-108
-107
-89
-85
-57
-47
-47
-42
-25
9
29
34
45
61
69
74
93
113
112
119
126
125
138
143
149
150
152
166
153
163
166
145
164
177
191
186
162
163
158
162
175
157
158
168
151
151
133
104
100
101
99
96
82
48
50
54
39
25
19
1
-18
-20
-36
-57
-53
-48
-60
-53
-80
-124
-123
-137
-144
-126
-136
-154
-153
-163
-183
-198
-205
-216
-209
-196
-208
-209
-224
-250
-243
-231
-242
-236
-230
-230
-226
-221
-219
-210
-189
-170
-137
-128
-112
-98
-74
-41
-16
5
17
43
81
117
112
137
159
165
206
197
192
210
226
250
267
256
241
245
241
244
246
233
233
250
240
232
214
191
176
180
187
178
170
158
154
146
127
113
109
98
97
88
80
63
44
42
19
13
1
-21
-19
-27
-51
-69
-88
-101
-104
-120
-127
-145
-162
-167
-164
-176
-195
-201
-214
-203
-198
-206
-213
-212
-207
-198
-205
-229
-219
-230
-235
-207
-216
-224
-197
-200
-203
-186
-201
-195
-168
-156
-134
-119
-116
-115
-94
-58
-50
-28
-4
16
61
89
91
109
121
135
164
182
183
183
207
215
239
253
237
253
248
245
249
235
231
231
229
227
208
200
188
173
183
176
158
151
147
150
133
125
118
103
106
90
68
66
44
40
55
33
28
16
-14
-14
-25
-55
-74
-91
-96
-100
-115
-137
-150
-162
-171
-167
-185
-193
-189
-196
-188
-186
-208
-212
-200
-205
-191
-189
-203
-187
-178
-180
-165
-172
-180
-163
-156
-147
-142
-149
-152
-136
-119
-120
-117
-104
-86
-59
-51
-51
-49
-42
-19
2
22
34
44
77
98
120
124
124
151
164
181
195
202
204
225
228
231
238
224
226
237
241
231
224
218
214
212
200
184
169
158
147
138
132
109
103
93
74
70
44
27
31
21
7
-4
-15
-28
-36
-55
-67
-68
-83
-85
-79
-102
-106
-117
-127
-121
-131
-144
-156
-158
-160
-170
-170
-170
-165
-160
-168
-172
-172
-176
-164
-155
-154
-142
-146
-139
-138
-139
-129
-119
-111
-97
-86
-85
-69
-61
-69
-46
-23
-25
-6
-1
-3
16
22
28
41
47
62
70
82
83
79
83
80
86
98
98
98
117
114
125
137
132
144
149
140
152
155
158
169
163
157
162
150
147
150
134
124
127
133
122
107
85
72
71
52
36
18
6
-5
-16
-30
-53
-70
-79
-82
-86
-98
-114
-116
-117
-116
-125
-133
-127
-127
-117
-108
-106
-104
-101
-101
-92
-93
-94
-78
-71
-65
-63
-66
-64
-63
-61
-64
-54
-53
-57
-44
-38
-40
-36
-42
-45
-43
-36
-35
-30
-19
-17
-5
2
-3
4
7
13
36
39
49
59
62
63
69
71
70
84
90
96
105
96
94
93
96
105
99
93
88
83
81
74
60
59
64
55
53
43
24
21
19
9
7
2
-12
-12
-12
-23
-24
-25
-30
-34
-35
-51
-53
-49
-53
-53
-52
-57
-53
-56
-68
-71
-69
-61
-54
-49
-49
-55
-58
-56
-49
-56
-58
-50
-45
-35
-30
-32
-21
-14
-8
-3
-3
-2
2
7
9
20
22
20
39
36
33
42
30
44
57
47
49
44
37
34
35
36
30
34
33
35
39
32
27
28
30
35
37
37
34
31
32
26
35
38
33
36
42
41
39
33
29
32
19
19
19
6
3
6
-2
-10
-13
-23
-21
-22
-38
-37
-38
-48
-43
-55
-65
-64
-69
-69
-68
-69
-72
-61
-66
-68
-68
-71
-71
-65
-57
-61
-60
-66
-56
-51
-50
-44
-39
-34
-31
-16
-25
-16
-15
-14
-4
-1
-3
3
3
10
29
26
30
41
39
51
57
51
50
49
56
64
62
61
56
63
68
64
70
58
48
63
58
54
59
47
43
51
46
42
38
35
38
40
39
34
29
32
36
33
26
20
11
9
9
1
3
6
6
15
2
-9
-7
-14
-13
-17
-27
-21
-29
-28
-24
-40
-36
-42
-46
-39
-42
-49
-56
-53
-53
-60
-59
-69
-71
-67
-70
-67
-66
-73
-61
-50
-53
-51
-55
-56
-53
-42
-41
-42
-35
-35
-28
-19
-18
-15
-11
-3
7
1
7
7
0
13
15
16
20
15
23
27
24
28
35
35
44
48
48
46
47
54
57
54
56
57
64
70
75
73
69
72
72
71
61
52
57
57
64
61
49
46
37
27
24
12
8
10
4
11
-1
-13
-16
-28
-21
-23
-35
-31
-30
-31
-26
-28
-33
-36
-33
-34
-36
-35
-43
-38
-33
-34
-38
-42
-48
-48
-50
-46
-50
-49
-51
-56
-57
-52
-55
-57
-54
-50
-46
-51
-48
-54
-50
-37
-32
-24
-23
-21
-15
-14
-13
-14
-14
-3
10
16
16
19
16
16
20
18
20
25
31
34
37
41
35
38
42
40
46
45
47
56
57
59
59
58
60
62
54
63
67
56
58
65
58
56
51
43
48
41
34
39
30
16
15
12
2
3
-4
-6
-1
-8
-21
-16
-23
-31
-24
-21
-26
-19
-18
-25
-22
-27
-30
-31
-26
-30
-25
-22
-25
-25
-25
-30
-36
-32
-40
-36
-31
-33
-32
-28
-32
-27
-34
-40
-36
-41
-32
-27
-28
-22
-24
-30
-23
-22
-21
-21
-19
-15
-8
-7
-13
-14
-15
-11
-9
-12
-10
-12
-7
-3
-2
-6
-11
-8
-8
-4
3
0
5
10
7
9
9
6
14
24
26
34
29
27
32
34
34
37
39
37
41
42
40
34
34
38
36
41
39
35
35
32
30
31
29
23
26
24
25
28
26
29
25
23
24
15
10
11
18
14
16
14
6
7
2
-3
-4
-10
-5
-9
-10
-12
-19
-23
-22
-28
-36
-36
-37
-38
-39
-43
-44
-43
-46
-47
-49
-54
-56
-55
-54
-51
-56
-53
-47
-52
-48
-46
-47
-41
-38
-36
-38
-37
-33
-31
-22
-19
-16
-10
-8
-5
-2
-2
6
9
16
26
24
24
30
33
29
34
36
37
38
44
43
43
48
43
46
45
42
41
44
44
46
43
42
43
37
38
39
37
36
40
39
34
35
26
20
22
17
12
17
9
11
6
0
-3
-10
-9
-12
-13
-14
-22
-25
-28
-31
-26
-33
-30
-28
-27
-28
-31
-34
-36
-37
-29
-28
-34
-26
-32
-33
-26
-31
-34
-35
-32
-29
-27
-30
-32
-30
-31
-33
-36
-38
-39
-34
-30
-28
-23
-23
-22
-16
-16
-20
-17
-8
-8
2
6
6
15
17
23
28
33
35
36
41
42
41
39
41
44
49
47
46
47
41
38
42
38
37
38
36
37
33
30
20
16
18
16
16
15
15
15
16
11
10
6
-6
-4
-4
-10
-12
-12
-12
-11
-14
-20
-25
-25
-29
-31
-27
-26
-30
-29
-31
-37
-39
-42
-39
-36
-33
-26
-28
-30
-23
-24
-26
-25
-22
-20
-21
-19
-18
-13
-14
-12
-8
-9
-8
-3
-5
-3
0
1
4
3
0
5
5
5
9
9
11
12
17
15
23
23
20
30
30
26
31
30
28
30
32
34
34
40
35
35
37
31
32
29
25
27
25
26
27
20
20
22
14
8
5
0
2
-3
1
-2
-9
-9
-14
-15
-18
-23
-24
-21
-25
-27
-32
-33
-38
-37
-38
-35
-38
-39
-37
-38
-36
-34
-35
-34
-31
-30
-33
-32
-33
-28
-27
-25
-21
-23
-19
-15
-12
-9
-9
-8
-9
-9
-5
-7
-4
-3
3
6
5
6
12
13
17
24
23
25
27
30
32
30
32
33
39
43
42
44
44
47
48
50
46
42
43
46
40
38
34
33
32
32
30
26
22
23
23
18
18
13
8
9
7
5
-4
-6
-2
-4
-8
-9
-8
-15
-14
-16
-20
-24
-31
-31
-35
-37
-37
-43
-43
-41
-43
-47
-50
-53
-56
-51
-56
-57
-52
-53
-51
-47
-47
-44
-45
-39
-34
-32
-30
-26
-24
-23
-16
-12
-12
-11
-3
-2
0
5
4
8
13
16
15
14
16
16
18
22
20
23
30
33
35
37
38
37
43
45
40
42
42
43
44
44
44
47
47
47
47
46
43
39
39
35
36
29
23
24
21
19
16
11
11
11
8
5
3
-1
-5
-9
-6
-12
-19
-18
-19
-21
-23
-28
-26
-28
-30
-31
-32
-36
-37
-38
-43
-44
-48
-48
-49
-48
-50
-47
-44
-43
-41
-40
-36
-38
-38
-32
-28
-29
-27
-23
-20
-17
-12
-10
-6
0
-1
4
7
3
6
9
11
13
13
12
17
15
14
20
18
21
25
27
28
27
29
28
30
31
34
36
34
36
38
40
41
40
40
38
40
36
34
34
33
32
30
29
20
19
17
13
15
12
10
8
3
2
-5
-5
-6
-6
-6
-9
-8
-10
-14
-16
-17
-19
-18
-18
-20
-23
-25
-26
-28
-28
-31
-32
-32
-32
-38
-38
-40
-41
-43
-39
-40
-43
-39
-37
-35
-33
-32
-33
-27
-28
-23
-18
-16
-11
-8
-4
-3
-3
-2
3
3
12
16
13
15
20
19
16
14
17
17
20
23
17
22
22
23
23
24
21
23
26
26
29
27
29
32
29
30
30
30
29
31
28
29
28
24
24
21
19
14
13
11
7
6
4
2
-2
-7
-5
-10
-16
-18
-19
-18
-19
-18
-20
-19
-21
-18
-17
-24
-23
-24
-22
-20
-24
-25
-23
-22
-22
-19
-22
-20
-19
-20
-21
-22
-22
-21
-23
-17
-18
-19
-15
-15
-10
-13
-13
