-6
-5
-5
-4
0
-3
0
0
0
0
1
2
4
8
3
5
4
5
5
5
6
6
3
2
4
4
9
9
9
11
7
8
3
-2
0
-3
-3
-3
1
-1
0
-2
-3
2
4
-3
-6
-8
-10
-8
-8
-8
-7
-2
-2
-5
0
-1
-2
2
-2
-5
-4
-3
-1
-5
0
0
-3
5
2
0
0
-2
5
1
-3
-1
-7
-5
-2
0
-2
-4
2
-3
3
3
-5
-1
-3
0
-7
-2
-1
-1
2
-3
0
1
1
1
0
-2
0
3
2
3
4
5
7
4
3
4
0
3
-2
-1
-3
1
-2
-5
1
-4
-7
-2
1
-6
-4
-2
-5
-7
-7
-3
-2
-2
-2
0
-5
0
5
0
-1
-1
2
3
4
9
6
6
10
6
12
8
11
9
5
8
7
9
9
8
0
1
3
3
1
-1
-2
0
-5
-4
-2
-4
-3
1
4
3
0
-3
-3
-1
-5
-7
-4
-3
-1
-1
0
-2
-8
-6
-5
-7
-9
-4
-5
-8
0
3
-1
0
-2
-3
-5
-2
-2
-4
-4
-4
-6
-6
-7
-6
-3
-1
-3
-5
0
-3
-3
-2
-6
-3
1
0
7
7
1
2
2
-2
-2
-2
-1
-1
-2
-1
1
1
-1
-4
-2
0
0
2
3
-1
-2
-3
-1
0
-2
-6
-4
-1
-5
-8
-5
-5
-6
-6
-3
-3
1
2
4
4
0
-2
-1
1
-2
-2
-1
-1
0
-2
0
4
3
6
6
5
0
-1
6
2
4
8
7
4
6
7
-2
0
-3
-4
-1
0
-1
0
4
-2
-4
-6
-10
-2
-3
-5
-5
-6
0
-1
2
-2
-2
2
-4
-4
-3
-6
1
-2
-6
-4
-3
5
4
4
3
2
7
3
7
3
1
0
-1
-1
-1
1
-1
-1
-1
3
0
7
5
-2
1
2
3
0
2
-1
5
7
5
2
0
1
0
1
-2
0
-2
-3
4
3
0
1
7
4
-3
6
2
2
5
4
6
3
9
6
8
5
1
4
-3
-2
-2
-6
-6
-5
-5
-4
-6
-4
2
-3
-8
-10
-9
-3
-8
-4
-5
-4
-2
3
4
2
6
2
0
2
-2
-1
3
2
1
4
3
3
2
-1
3
-2
-4
-4
-7
-8
-7
-8
-2
-1
-5
-1
1
-11
-4
-3
-7
-4
-2
-2
1
8
7
2
4
7
7
5
2
3
-1
1
0
0
3
2
3
4
1
-1
-4
0
-4
-4
-2
-3
0
-4
-3
-1
-3
-3
-4
-5
-8
-4
-7
-7
-5
-4
-3
-5
-5
-3
1
-4
-5
2
-3
-7
-5
-5
-1
-2
-3
0
3
0
1
0
-3
-3
-5
-4
-4
0
1
2
1
-2
-1
1
1
-4
-7
-5
-4
-3
-4
0
3
-2
0
3
3
3
2
0
-2
-6
-4
-4
-5
1
2
4
2
7
0
0
-1
-2
3
0
-2
0
1
3
6
5
4
4
6
3
1
-4
-3
-1
2
3
3
6
0
6
2
4
2
-2
-3
-4
4
2
1
0
8
6
5
8
4
5
7
6
3
-3
1
1
3
5
8
4
2
10
2
3
2
2
4
-1
-1
-3
2
-1
-3
-5
-3
-4
-6
-6
-10
-6
-8
-8
-7
-2
-2
-2
-3
-3
-1
-6
-1
-7
-10
-3
-5
-4
-1
2
1
0
3
-2
-3
0
-2
-1
-1
3
-3
2
4
-1
7
3
8
7
4
-1
-5
-3
-3
-4
0
2
1
2
0
3
2
1
-4
-2
3
-4
0
0
2
6
1
3
4
5
3
2
7
3
-1
0
-1
1
3
1
4
4
0
2
-2
-4
-2
-6
-2
0
1
-1
2
4
4
1
0
4
-1
-5
-6
-5
-8
-3
-4
-4
-1
2
2
1
2
2
2
1
3
2
2
-1
1
-4
-2
5
6
4
-1
-4
0
-7
-8
-6
-11
-9
-6
-7
-8
-4
-5
-3
-10
-8
-2
-2
-3
-5
6
2
7
9
4
5
1
-3
0
1
1
5
7
3
4
3
2
5
-2
0
4
5
2
0
3
0
0
-4
-6
-3
-2
-5
0
-3
0
-6
-6
0
-3
3
-3
2
1
-2
2
2
-3
-6
-9
-8
-9
-6
-3
-5
1
1
0
-2
-2
-1
3
1
0
0
-5
-4
0
-2
0
-3
-8
-3
-5
-4
-6
-3
-3
-5
-3
-4
-5
-3
-6
-7
-6
-12
-9
-10
-10
-10
-13
-11
-5
-3
-3
-1
-6
-8
-11
-13
-12
-9
-10
-12
-6
-4
-11
-6
0
6
5
6
3
-1
3
4
7
9
8
11
13
13
12
13
14
14
12
14
14
18
25
25
25
31
30
30
29
28
30
26
27
26
28
28
30
31
29
28
25
27
25
19
16
19
19
16
15
13
12
11
7
7
1
0
4
-3
-7
-8
-9
-8
-9
-11
-12
-15
-16
-17
-20
-25
-25
-30
-31
-31
-34
-34
-34
-34
-31
-34
-34
-35
-42
-43
-43
-47
-42
-39
-43
-34
-43
-42
-35
-36
-38
-38
-34
-34
-33
-39
-33
-29
-30
-21
-19
-18
-17
-15
-11
-12
-4
-3
-2
4
7
13
18
19
24
26
28
34
30
32
36
32
37
37
42
48
41
42
45
51
50
47
48
48
47
45
48
49
48
52
54
62
61
59
54
47
44
37
36
24
29
31
29
33
31
34
33
26
19
15
10
4
7
7
9
4
8
6
5
8
1
-4
-11
-20
-29
-38
-43
-45
-45
-52
-60
-61
-67
-76
-80
-93
-105
-112
-121
-121
-120
-122
-123
-124
-120
-123
-126
-129
-128
-133
-133
-126
-121
-110
-98
-91
-78
-66
-58
-46
-36
-25
-21
-12
-6
5
23
39
52
64
79
89
96
103
105
108
109
114
120
122
125
127
132
139
140
138
134
126
124
121
111
107
103
101
104
104
102
102
102
96
89
80
74
67
61
60
60
56
53
56
58
53
54
54
45
46
41
41
38
37
41
47
51
50
51
42
41
30
17
-3
-23
-31
-51
-67
-78
-95
-108
-125
-144
-160
-178
-200
-226
-238
-249
-258
-262
-265
-260
-255
-249
-240
-232
-224
-218
-211
-200
-190
-178
-165
-151
-130
-106
-88
-65
-49
-32
-20
-17
-5
5
13
25
40
57
71
88
98
105
117
120
118
115
113
113
107
113
111
110
118
115
113
107
100
89
79
71
66
60
58
67
64
70
76
83
82
84
89
83
87
81
84
89
96
105
108
117
124
122
123
122
115
118
113
111
110
109
114
117
116
122
128
125
115
111
108
98
87
82
80
74
65
66
52
41
24
-3
-27
-58
-85
-119
-147
-173
-194
-211
-234
-252
-277
-294
-306
-323
-336
-349
-359
-358
-357
-352
-340
-321
-301
-284
-262
-240
-223
-211
-195
-176
-158
-138
-121
-105
-79
-59
-38
-16
0
17
24
34
40
44
58
71
83
94
111
129
145
152
158
164
166
160
161
164
160
160
164
172
180
183
186
189
180
177
171
158
162
156
148
155
156
160
165
166
169
166
157
150
141
131
122
119
124
125
127
132
132
137
140
140
139
137
139
136
139
147
154
158
173
177
174
167
150
134
105
72
46
12
-17
-51
-92
-126
-162
-203
-250
-286
-333
-377
-412
-450
-474
-494
-507
-516
-514
-514
-507
-491
-478
-464
-447
-438
-414
-387
-362
-334
-304
-269
-232
-200
-165
-135
-108
-83
-70
-50
-27
-1
19
44
72
97
125
147
175
187
200
216
217
223
228
229
236
245
254
259
266
266
262
251
244
233
216
206
197
194
192
193
191
192
193
189
180
172
166
158
148
143
146
150
148
156
164
168
173
173
169
168
162
158
164
166
169
181
192
202
211
217
221
219
212
201
182
161
140
116
95
72
43
7
-30
-77
-134
-185
-241
-297
-350
-406
-450
-488
-515
-535
-558
-576
-586
-593
-599
-596
-591
-580
-564
-536
-508
-472
-427
-386
-344
-307
-267
-232
-202
-170
-144
-116
-84
-50
-14
24
57
89
115
131
152
170
182
192
201
209
222
234
245
257
273
272
271
268
259
247
234
222
215
208
197
198
196
195
195
191
185
178
172
163
159
160
163
165
169
177
183
192
196
199
195
195
198
198
198
201
210
218
234
246
255
268
277
279
281
279
273
266
251
240
228
205
182
148
115
79
28
-31
-97
-160
-227
-289
-355
-415
-468
-516
-554
-591
-616
-646
-674
-691
-703
-706
-705
-694
-678
-654
-623
-580
-538
-502
-463
-420
-386
-345
-313
-277
-234
-194
-152
-109
-68
-27
14
49
78
109
135
158
177
200
223
241
261
278
299
310
325
333
334
334
326
323
319
314
310
312
308
304
302
297
291
283
271
259
246
239
227
218
219
215
214
204
205
209
210
200
190
188
178
182
185
193
206
218
236
250
262
276
283
289
292
294
294
292
287
274
263
242
212
182
144
98
38
-23
-91
-164
-230
-301
-368
-427
-482
-543
-592
-635
-673
-705
-743
-766
-780
-792
-787
-769
-751
-719
-682
-648
-601
-555
-512
-466
-423
-377
-324
-274
-220
-163
-103
-56
-16
37
74
104
131
155
173
189
213
232
246
268
284
286
293
291
283
271
251
240
229
223
217
220
219
217
219
215
212
211
204
207
205
206
217
229
238
254
264
266
267
267
269
258
257
260
260
259
264
270
274
276
278
282
281
291
293
302
316
324
336
344
345
339
326
305
274
246
214
173
123
71
2
-71
-144
-225
-308
-382
-465
-544
-602
-657
-694
-725
-752
-778
-809
-836
-852
-851
-846
-825
-795
-758
-711
-665
-619
-576
-538
-503
-472
-442
-402
-355
-294
-224
-152
-75
-8
46
88
126
155
186
220
248
277
304
320
335
338
333
314
277
240
191
143
107
85
75
77
81
79
79
76
82
110
162
238
327
426
533
644
757
861
926
957
935
870
804
751
735
741
763
778
764
734
688
637
582
522
456
397
359
362
407
477
534
531
450
287
99
-75
-210
-303
-379
-459
-563
-681
-807
-922
-1042
-1192
-1369
-1558
-1718
-1797
-1774
-1672
-1540
-1429
-1356
-1317
-1273
-1187
-1047
-886
-718
-559
-403
-229
-29
185
367
484
519
497
453
436
458
501
532
527
483
422
368
335
301
245
160
49
-35
-79
-70
-20
33
61
59
42
34
42
64
90
108
117
132
165
230
296
354
385
375
342
310
302
325
366
413
455
488
522
551
572
581
578
560
534
528
537
577
637
700
746
762
745
713
687
665
666
681
699
724
736
732
705
643
535
382
182
-53
-290
-500
-655
-767
-864
-961
-1078
-1222
-1383
-1555
-1708
-1827
-1918
-1972
-1982
-1937
-1832
-1676
-1502
-1335
-1183
-1063
-954
-840
-709
-526
-314
-89
119
307
470
598
692
732
745
730
701
666
641
626
615
593
531
429
299
165
37
-70
-144
-183
-190
-174
-136
-89
-39
20
63
97
136
182
231
273
336
403
481
550
604
659
697
720
715
690
653
634
601
549
503
482
509
546
577
573
549
536
529
513
485
460
431
408
372
345
362
411
480
532
545
520
483
457
429
380
292
162
-10
-207
-400
-569
-692
-794
-873
-943
-1012
-1073
-1133
-1199
-1302
-1417
-1543
-1621
-1630
-1581
-1483
-1374
-1251
-1124
-985
-851
-727
-623
-544
-483
-442
-393
-328
-227
-104
20
117
186
232
262
275
276
266
239
212
179
135
98
71
71
101
152
212
256
272
274
277
274
262
235
203
188
198
239
302
406
516
601
644
633
604
588
586
580
578
568
573
619
697
797
881
912
892
851
808
784
791
814
838
849
853
864
906
982
1049
1056
1000
923
883
891
889
814
626
364
63
-228
-467
-630
-735
-822
-920
-1040
-1157
-1251
-1358
-1512
-1721
-1968
-2190
-2335
-2395
-2346
-2194
-1991
-1781
-1608
-1462
-1324
-1189
-1084
-1031
-1004
-951
-840
-659
-418
-141
145
378
534
622
667
683
658
576
465
383
344
356
387
418
431
417
385
346
292
189
25
-160
-257
-187
-9
155
217
220
262
377
510
574
534
411
298
213
262
539
974
1344
1430
1278
1122
1175
1414
1622
1607
1424
1273
1291
1457
1652
1780
1787
1659
1445
1249
1165
1219
1321
1336
1262
1196
1165
1081
810
343
-270
-940
-1473
-1771
-1899
-1939
-1972
-2051
-2185
-2336
-2460
-2619
-2929
-3333
-3651
-3758
-3644
-3333
-2881
-2418
-2029
-1720
-1447
-1199
-983
-807
-686
-588
-417
-54
480
1034
1455
1705
1823
1838
1790
1720
1647
1527
1345
1166
1060
1006
946
836
609
238
-196
-540
-758
-924
-1043
-1091
-1090
-1042
-898
-667
-480
-407
-377
-315
-195
0
261
523
723
889
1075
1295
1493
1610
1635
1589
1543
1557
1614
1662
1673
1646
1631
1652
1663
1662
1659
1626
1514
1339
1220
1217
1264
1297
1317
1315
1340
1414
1431
1189
611
-94
-767
-1364
-1798
-2003
-2057
-2099
-2152
-2188
-2260
-2442
-2678
-2967
-3351
-3713
-3846
-3680
-3337
-2900
-2390
-1913
-1581
-1358
-1159
-1010
-929
-848
-655
-333
86
575
1091
1506
1720
1777
1724
1549
1302
1085
927
768
604
509
463
393
241
41
-192
-482
-760
-936
-1002
-1048
-1084
-1049
-913
-718
-502
-301
-158
-56
93
309
507
622
732
895
1037
1092
1157
1398
1763
2017
2014
1860
1758
1855
2066
2144
1972
1730
1723
1961
2164
2099
1872
1705
1665
1640
1550
1431
1347
1374
1533
1664
1503
979
298
-305
-917
-1569
-2065
-2369
-2600
-2696
-2577
-2492
-2693
-3039
-3271
-3524
-3912
-4133
-3945
-3516
-3040
-2472
-1891
-1561
-1392
-1118
-832
-766
-716
-413
28
422
864
1437
1856
1962
1886
1700
1384
1068
935
910
826
690
590
468
200
-172
-553
-902
-1201
-1396
-1439
-1387
-1308
-1189
-1026
-886
-857
-862
-745
-518
-255
66
462
818
1086
1310
1463
1465
1411
1481
1648
1795
1925
2059
2143
2155
2150
2127
2037
1886
1754
1692
1719
1843
1981
2024
1966
1872
1748
1612
1552
1557
1578
1652
1680
1324
535
-244
-879
-1580
-2156
-2393
-2556
-2797
-2809
-2596
-2674
-3060
-3337
-3608
-4115
-4469
-4196
-3567
-2986
-2323
-1578
-1160
-1073
-895
-680
-746
-859
-594
-35
543
1165
1826
2223
2182
1914
1595
1227
863
672
661
657
608
596
569
319
-202
-766
-1235
-1597
-1767
-1709
-1534
-1361
-1181
-965
-805
-761
-766
-699
-536
-312
55
584
1097
1447
1661
1735
1671
1607
1643
1735
1827
1955
2133
2299
2377
2321
2154
1935
1742
1627
1611
1726
1905
1986
1964
1956
1943
1786
1601
1614
1624
1562
1742
2025
1657
611
-235
-912
-1934
-2723
-2753
-2763
-3087
-2948
-2432
-2614
-3305
-3511
-3626
-4369
-4928
-4448
-3610
-3017
-2204
-1201
-811
-899
-698
-428
-685
-998
-684
-39
548
1254
2046
2441
2323
2015
1638
1181
832
691
637
614
647
635
479
124
-481
-1222
-1784
-2008
-2037
-1966
-1730
-1427
-1267
-1171
-997
-896
-955
-901
-570
-133
358
980
1551
1804
1854
1901
1893
1837
1888
2062
2205
2319
2489
2631
2611
2416
2150
1866
1639
1607
1781
2021
2219
2327
2287
2140
1928
1604
1282
1225
1365
1521
1850
2164
1730
580
-414
-1351
-2646
-3437
-3303
-3262
-3528
-3158
-2480
-2658
-3221
-3344
-3814
-4925
-5317
-4497
-3575
-2867
-1746
-639
-346
-378
-100
-50
-534
-753
-299
337
1022
1906
2646
2770
2388
1870
1309
787
431
234
237
433
599
557
308
-260
-1229
-2212
-2713
-2874
-2921
-2605
-1987
-1570
-1434
-1201
-933
-1038
-1195
-958
-508
35
860
1782
2313
2396
2299
2160
1928
1709
1707
1853
2030
2335
2701
2854
2720
2367
1849
1397
1254
1312
1535
1993
2356
2475
2633
2747
2484
2046
1840
1815
1837
2199
2838
2749
1557
412
-512
-2048
-3269
-3272
-3360
-3950
-3567
-2507
-2421
-2869
-2837
-3310
-4717
-5451
-4818
-3963
-3242
-1985
-658
-165
7
490
562
-170
-797
-765
-320
442
1493
2407
2708
2353
1698
1007
283
-398
-872
-1020
-860
-531
-146
129
-189
-1233
-2307
-2951
-3321
-3314
-2795
-2151
-1670
-1163
-535
-91
-43
-201
-270
-131
347
1195
2144
2818
3008
2820
2518
2102
1571
1155
970
925
1104
1619
2141
2264
1981
1496
1011
774
873
1228
1754
2284
2763
3258
3614
3551
3124
2733
2638
2742
3289
4341
4360
2503
396
-1443
-3655
-4857
-4531
-4775
-5661
-5071
-3501
-2907
-2944
-3156
-4354
-5809
-5753
-4197
-2355
-642
979
2215
2876
3153
3141
2504
1214
-132
-825
-352
935
1771
1623
762
-668
-2151
-2968
-3267
-3683
-4071
-3718
-2480
-1047
-74
256
-170
-1194
-1974
-1756
-819
-29
439
1010
1454
1412
1315
1206
444
-591
-796
-200
523
1184
1535
1215
354
-402
-685
-755
-870
-866
-470
289
1217
2093
2496
2096
1492
1520
2166
3130
4146
4926
5275
5226
5206
5186
4572
3464
2592
2367
2710
3403
4216
3982
1020
-3608
-6962
-9140
-10900
-10328
-7855
-6428
-5385
-2461
605
1222
633
420
53
-19
1758
4953
7087
6991
5927
4820
2872
41
-2324
-4191
-6332
-7804
-7399
-5933
-5196
-5573
-6043
-6311
-6276
-4817
-1877
968
2901
4591
6291
7392
7435
6380
4555
2442
832
443
636
110
-1424
-3443
-5407
-6870
-7575
-7619
-7088
-5836
-3779
-1048
1742
3670
4326
4186
3987
3926
4108
4540
4577
3809
2600
1438
444
-639
-1709
-2482
-2869
-2372
-750
1161
2554
3417
3787
3898
4293
4934
5307
5132
4776
4845
5377
6041
6369
5899
3745
-1200
-6800
-9917
-11718
-12743
-10769
-7456
-5858
-4025
-77
3056
3420
3150
3550
3822
4213
5985
8195
8285
6024
3395
1057
-2142
-5644
-7771
-9294
-10881
-11171
-9823
-7910
-6308
-5165
-3997
-2332
32
3092
6350
8777
9789
9651
8960
7909
5854
2728
-505
-3348
-5545
-6723
-7124
-7593
-8556
-9281
-8962
-7670
-5726
-3224
-319
2488
5024
7451
9108
9174
7876
6067
4197
2387
904
-328
-1804
-3535
-4839
-5265
-5080
-4515
-3453
-1918
-68
2063
4485
6585
7611
7708
7285
6650
6114
5790
5323
4376
3630
3428
3159
2999
2179
-1905
-8218
-12524
-14270
-14368
-11313
-6247
-2787
-427
3524
7762
9409
8971
7923
6310
4858
4883
5881
5736
3148
-800
-4429
-7673
-10501
-12150
-12768
-12703
-11486
-8869
-5135
-1340
1228
2678
4050
5787
7733
9694
11084
10775
8600
5725
2833
-274
-3649
-6957
-9658
-11108
-10983
-9409
-7353
-5951
-4930
-3660
-1983
396
3165
5389
6793
7748
8213
7825
6532
4159
809
-2313
-4197
-4907
-4751
-4218
-3940
-3855
-3357
-2295
-1021
192
1478
2910
4301
5827
7207
7524
6820
5582
4019
2748
2187
1834
1325
1288
1784
2209
2779
2631
-342
-5311
-9138
-10835
-10626
-7885
-3683
-486
1702
4415
7212
8396
7726
6141
4206
2665
2382
2997
3085
1505
-1382
-4482
-7101
-8946
-9993
-10181
-9441
-7805
-5212
-1891
1361
3547
4300
4406
4740
5388
6130
6677
6294
4574
2100
-436
-2864
-5170
-7207
-8673
-9041
-7875
-5651
-3470
-1661
-425
21
656
1936
3087
3810
4215
4196
3712
2974
1963
274
-1889
-3675
-4579
-4470
-3379
-1919
-733
96
562
888
1293
1608
1837
2146
2659
3484
4274
4602
4415
3632
2539
1781
1379
1047
899
1349
2376
3481
4470
4211
880
-4338
-8338
-10484
-10897
-8598
-4633
-1369
1359
4692
7663
8613
7652
5930
4006
2553
2260
2688
2643
1350
-1001
-3635
-6115
-8315
-9840
-10244
-9326
-7122
-3862
-55
3477
5776
6532
6312
5680
4976
4503
4178
3582
2325
483
-1625
-3865
-5881
-7418
-8392
-8256
-6731
-4332
-1566
837
1811
1760
1655
1337
1350
2121
2479
2019
1634
1436
608
-728
-1912
-3270
-4380
-3896
-2107
-197
1490
2663
2898
2475
1786
962
119
-570
-511
409
1641
2841
3562
3679
3489
3154
2855
2488
2065
2135
2707
3522
4437
4136
1229
-3527
-8062
-11026
-11990
-10835
-7644
-3539
273
4096
7833
9973
9712
7922
5901
4224
2941
2180
1623
513
-1362
-3626
-5803
-7795
-9538
-10349
-9430
-6901
-3464
247
3665
6412
7912
7903
7099
5900
4228
2518
1234
162
-1171
-2878
-4576
-5803
-6617
-7078
-6713
-5388
-3458
-1203
1076
2969
3873
3634
2903
2236
1585
778
-78
-866
-1660
-2240
-2275
-2129
-2199
-2071
-1524
-774
418
1823
2662
2687
2133
1346
511
-277
-837
-1003
-711
43
1143
2306
3345
4133
4581
4543
3822
2991
2754
2945
3470
3762
2120
-2249
-7410
-10812
-12408
-12596
-10366
-6289
-2162
2395
7929
12177
13216
11644
8704
5595
3133
1390
38
-1371
-2933
-4441
-5628
-6608
-8041
-9548
-9883
-8339
-4961
-710
3331
6631
8825
9670
9357
8083
5718
2605
-247
-2158
-3107
-3808
-4818
-5818
-6379
-6266
-5474
-4025
-2081
82
2271
3985
5181
5513
3878
1368
-124
-1321
-2998
-3791
-3447
-3461
-3263
-1770
-431
-66
387
1149
1708
2335
3155
3351
2598
1382
-25
-1561
-2848
-3400
-3177
-2200
-396
1696
3589
5266
6428
6693
6171
5221
3846
2622
2307
2048
912
-1498
-5981
-10923
-13456
-13924
-13198
-9881
-4423
783
6070
11938
15801
15970
13662
9915
5546
2003
-695
-3194
-5030
-6363
-7565
-8067
-8247
-8898
-9406
-8766
-6372
-2150
2766
7068
10295
12062
12097
10760
8283
4700
551
-3262
-5862
-6871
-6912
-6960
-6923
-6240
-5171
-3821
-1772
691
2771
4299
5598
6533
6189
4017
1197
-1142
-3396
-5257
-5698
-5301
-4868
-3778
-1808
32
1286
2378
3084
3222
3379
3558
3159
2135
739
-965
-2668
-3856
-4229
-3695
-2156
216
2589
4508
6102
6816
6436
5503
4080
2516
1576
1027
399
-685
-3720
-8745
-12504
-13637
-13553
-11418
-6482
-961
4196
9869
14861
17059
16093
12393
7246
2547
-1250
-4447
-6686
-7961
-8745
-8812
-8091
-7420
-7111
-6642
-5215
-2070
2198
6363
9886
12139
12632
11530
9097
5517
1086
-3500
-7252
-9260
-9323
-8415
-7356
-5932
-4094
-2294
-428
1751
3802
5262
6071
6496
6573
5393
2634
-412
-2862
-5219
-7317
-7946
-7315
-6287
-4206
-852
2309
4457
5924
6642
6278
5332
4148
2255
-107
-2047
-3464
-4612
-5066
-4519
-3309
-1480
1042
3622
5610
6784
7023
6506
5488
4256
3122
1789
308
-1055
-4182
-9461
-12880
-13495
-14136
-13036
-7758
-1753
2926
8585
14340
16830
15941
12888
8304
3694
-404
-4401
-7315
-8736
-9579
-9534
-8245
-6975
-6399
-5882
-4524
-1515
2623
6482
9691
12007
12616
11513
9220
5763
1283
-3481
-7525
-9780
-9903
-9037
-8022
-6236
-3628
-1239
764
2952
4998
6143
6195
5927
5911
4570
993
-2284
-3868
-5539
-7264
-6674
-4538
-3343
-1893
1103
3557
4411
4831
4916
4151
3154
2360
1291
-178
-1625
-2804
-3759
-4072
-3252
-1980
-455
2088
5059
7085
8054
8348
7320
5171
3181
1015
-1372
-3526
-7317
-12063
-13694
-13084
-13104
-11065
-5714
-879
3131
8609
13750
15788
14756
11639
7585
3760
-82
-3968
-6762
-8828
-10497
-10453
-8901
-7317
-6000
-4808
-3319
-638
2954
6384
9279
11243
11754
10860
8657
5316
1146
-3519
-7544
-9569
-9753
-9338
-8267
-5779
-2752
-190
2365
4686
5635
5502
5150
4933
4963
4060
1561
-974
-2891
-4986
-6660
-6583
-5412
-4367
-2608
437
3386
5148
5847
5784
4908
3445
2077
760
-749
-1894
-2419
-2719
-2519
-1575
-601
446
2287
4557
6411
7641
8039
7135
5267
2941
148
-3618
-9264
-14390
-15642
-15092
-14120
-9937
-3766
582
4283
9378
13430
14195
12554
9699
6526
3684
717
-2339
-4628
-6811
-9337
-10551
-10243
-9707
-8928
-7424
-4465
-5
4199
7358
9917
11382
11226
10020
8154
5113
875
-3475
-6685
-8179
-8426
-8304
-7663
-5922
-3739
-1548
1310
4167
5652
5938
5923
5920
5033
2798
467
-1354
-3420
-5386
-5879
-5338
-5073
-4241
-1886
845
3117
5199
6588
6718
6176
5179
3420
1308
-587
-2175
-3383
-3681
-2825
-1597
-246
1776
3962
5676
7181
8111
7757
6237
3939
907
-3966
-10317
-14202
-15090
-15873
-14361
-8638
-2852
1301
6291
11196
13006
12091
10075
7404
4824
2561
256
-1434
-2962
-5510
-7678
-8610
-9742
-10830
-10715
-9086
-5556
-958
3579
8173
11840
13045
12214
10334
7360
3275
-1017
-4445
-6493
-7497
-8168
-8243
-7133
-5361
-3713
-1907
613
3145
4463
5080
6379
7238
5740
3155
1044
-1690
-4996
-6712
-6802
-6775
-5955
-3593
-1148
932
3464
5506
6155
6439
6721
6124
4676
3172
1540
-521
-2357
-3384
-3675
-2962
-1026
1437
3888
6249
8091
8688
7669
5703
2886
-2437
-8904
-12230
-13143
-14265
-12930
-8039
-3685
-619
3722
8141
10043
9661
8271
6708
5177
3231
1212
-46
-1328
-3516
-5526
-6775
-8208
-9876
-10910
-10186
-7249
-3486
295
4634
8669
10994
11706
11233
9422
6201
2004
-1841
-4310
-6109
-7660
-8157
-7468
-6350
-5130
-3502
-1403
528
1870
3209
4995
6114
5536
4289
3272
1513
-1167
-3211
-4513
-6148
-7126
-6201
-4085
-1660
837
3142
4929
6015
6341
6001
5264
4128
2549
1172
403
103
-34
-133
534
2081
3542
4546
4963
4378
2219
-2388
-7468
-9643
-10411
-11318
-9168
-3956
339
3585
7384
10018
9412
6437
3104
515
-1204
-2435
-2752
-1560
-416
-587
-899
-1393
-3323
-5997
-7919
-8111
-6438
-3922
-810
2970
5927
7200
7473
6889
5182
2727
355
-1106
-1611
-1934
-2364
-2519
-2469
-2693
-3096
-2985
-2288
-1872
-1648
-431
1310
1945
1878
2124
1726
443
-205
-234
-704
-992
-511
-239
-401
-286
-346
-966
-1123
-513
162
1020
2248
3197
3699
3997
3958
3560
3139
3112
3450
4042
4874
4802
3150
-4
-5582
-11244
-13760
-14899
-14681
-10285
-3798
1842
7494
12915
15859
15124
11562
7139
2956
-822
-3661
-5047
-5251
-5278
-5372
-5020
-5010
-5803
-6520
-6469
-4959
-2086
1221
4670
7630
9002
8829
7543
5021
1565
-1927
-4544
-5822
-6183
-5917
-4703
-3117
-1840
-588
730
1853
2470
2392
2252
2563
2153
672
-452
-1256
-2586
-3681
-3410
-2443
-1968
-955
1006
2110
2623
3442
3536
2711
1974
1423
727
85
-245
-31
505
839
1362
2416
3511
4812
6017
5846
4188
539
-5584
-10533
-12340
-13757
-13663
-9747
-4807
-457
4678
9701
11976
11068
8733
6311
4234
2407
932
321
-158
-1539
-2870
-3779
-5708
-8267
-9798
-9777
-7901
-4686
-769
4136
8531
10678
11273
10558
7964
4234
501
-2483
-4517
-6134
-7111
-6834
-5962
-5086
-4085
-2776
-1232
-46
1284
3099
4188
4607
4779
4060
2591
1007
-637
-2482
-3899
-4196
-3774
-2888
-1490
135
1700
2952
3673
3924
3886
3481
2858
2636
2842
2731
2402
2594
3186
3917
4279
3200
261
-5190
-11468
-14532
-15275
-15361
-12049
-5991
-421
5161
11053
14809
14554
11082
6868
3232
-204
-3078
-4355
-4315
-4164
-4163
-3644
-3474
-4889
-6776
-7434
-6299
-3962
-1192
2547
6892
9743
10732
10818
9527
6300
2127
-1524
-4050
-6010
-7421
-7133
-5496
-4234
-3331
-1891
-475
272
1077
2522
3833
4200
3963
3505
2505
1057
-511
-1973
-2860
-3212
-3048
-2082
-763
443
1623
2699
3445
3910
4005
3654
3452
3567
3336
2852
2644
2737
3336
4241
4278
2518
-2214
-8992
-13423
-15310
-16684
-14842
-9654
-4561
999
8054
14086
16015
13812
10082
6115
1837
-1816
-3757
-4134
-4250
-4637
-4007
-3319
-5134
-8142
-9874
-9978
-8689
-6212
-1763
4218
8718
11071
12773
12994
10188
5472
1362
-1444
-4041
-6306
-6613
-5386
-5019
-5532
-5003
-3658
-3129
-2710
-731
2214
4659
6199
7475
8244
7018
4217
1427
-951
-2954
-4236
-4085
-2988
-1668
127
1824
2964
3707
3851
3641
3829
4497
5226
5697
5689
5680
5659
4661
2640
-2083
-9857
-15222
-17297
-18912
-17033
-11024
-5274
-140
6504
13683
17497
16128
12702
9448
5347
908
-2116
-3578
-5030
-7389
-8300
-7205
-7428
-9277
-10348
-9493
-7000
-4158
-460
4895
9138
10549
11056
11266
9593
5429
509
-2938
-5568
-8326
-9387
-8499
-7526
-6937
-6212
-4685
-2607
-1003
794
3815
6558
7890
8922
9385
7810
4682
1638
-1070
-3928
-5391
-4798
-4217
-3161
-448
2214
3959
5177
5932
6534
6793
6833
7407
7839
7547
7026
6280
4522
-1094
-10147
-16275
-19311
-22139
-20620
-14303
-8290
-2947
4167
12504
17679
17333
14993
12891
9544
5558
3076
1959
-237
-4496
-7650
-8811
-11211
-14645
-16373
-15261
-11955
-8073
-2526
5252
10924
12879
14069
14859
13362
9372
5174
2561
-306
-4133
-6370
-7395
-9768
-13582
-16287
-15721
-13841
-11514
-5907
1489
6832
11023
15298
16980
14634
10693
6597
1950
-2016
-4091
-5303
-6132
-5755
-4638
-3383
-1797
-242
1497
4127
7298
10193
12495
13969
13893
11967
9208
4441
-4740
-13909
-18598
-21802
-22878
-18648
-12520
-7182
-1423
5350
11320
13479
12813
12416
12055
10601
8884
7960
6574
2640
-2269
-5914
-9731
-14422
-17993
-18724
-16379
-12666
-7859
-427
6854
10797
13102
14966
15064
12643
8875
5654
2743
-868
-3971
-5795
-7836
-10881
-13524
-13754
-11894
-9809
-6735
-1976
2305
5411
8427
10377
9362
6465
4163
2325
552
-111
-76
-425
-873
-762
-336
-311
-440
-45
1121
3356
5801
7742
9750
10670
9785
7241
1135
-6591
-11921
-16037
-18208
-16034
-12159
-8583
-4351
1015
6007
7917
7616
7505
7231
6865
7093
7786
8340
6868
3654
1121
-1964
-6856
-11468
-14382
-15199
-14420
-12260
-7322
-1389
2352
5078
8283
10756
11246
10409
10137
9841
7144
3356
563
-2948
-8290
-12949
-13926
-12644
-11887
-9181
-3365
1525
4823
8297
10499
9586
6771
4335
2698
1113
-387
-1083
-1226
-1325
-1148
-722
41
973
1808
3836
6829
8704
9467
9871
9632
7351
1012
-6811
-11943
-16269
-19441
-17282
-12552
-9186
-5695
-531
5087
7427
6355
5792
5996
5812
6230
7887
9570
8381
4525
1537
-1264
-6419
-12174
-15615
-16010
-14591
-12174
-7053
-813
2271
3637
6308
9060
9728
8782
8724
9045
7244
4374
2572
192
-5183
-9877
-10553
-10556
-10791
-8124
-3776
-904
1631
5094
6687
5925
5353
5228
5066
4792
4337
3718
2794
1551
279
-481
-758
-1167
-555
2268
5502
7460
8937
10456
9789
3112
-5531
-9649
-14393
-18915
-14770
-8227
-5703
-2374
3377
8096
7821
4857
3694
1945
-357
564
3868
6411
5429
2690
2127
62
-5464
-9770
-12394
-13895
-13123
-10355
-4833
295
1730
3010
5362
5886
4203
2601
2306
1536
447
1719
3266
1772
-692
-1558
-2012
-2825
-2790
-1664
-775
-512
524
1986
1938
523
-675
-1081
-960
-479
888
2599
3481
4134
5237
6204
6485
6390
6502
6840
7284
7526
8218
7868
1063
-7959
-12618
-17363
-20846
-17966
-13078
-9320
-4905
2699
10588
12337
11028
10468
8459
6107
5619
6555
6593
3752
1343
805
-1953
-6954
-11209
-14200
-15631
-15516
-13009
-7626
-3767
-2405
422
3807
5291
5675
6543
7748
7294
6410
6893
5962
2011
-2103
-4166
-5480
-6985
-6819
-4880
-3174
-1929
-94
1762
1884
604
47
1040
2316
3311
4808
6800
7527
6831
6616
6385
5078
3941
4096
5400
6394
6674
3929
-4404
-11868
-16886
-22355
-22632
-17964
-14053
-9691
-2317
7113
12178
11786
11867
11623
9637
8830
10398
11637
9053
5324
3924
499
-6342
-12292
-16299
-18665
-18940
-16692
-11705
-7069
-4387
-1118
2754
5734
7483
9157
11532
13072
13120
12202
10184
6287
814
-3536
-6218
-8985
-10984
-10700
-8884
-7084
-4917
-2327
-802
-11
1602
4076
6106
7686
9359
10448
10261
9453
8344
6752
5098
4040
3986
4619
4409
3161
-764
-9115
-15931
-19823
-22893
-21265
-15653
-10268
-4708
1893
8333
10079
8163
7088
5575
4600
6227
8915
10890
10811
9194
7127
1808
-5966
-12052
-16505
-19086
-17931
-14895
-11046
-6663
-3468
-545
2286
3990
5116
6933
9492
11410
12253
12496
11221
7927
3647
-438
-4164
-7490
-9218
-8774
-7068
-5688
-4482
-3321
-2634
-1810
-204
2094
4690
7281
9661
11557
12298
11818
10427
8507
6647
5356
4321
3716
2690
799
-3560
-9882
-14001
-17563
-19998
-18218
-15454
-12151
-6677
-732
4488
6498
7598
8727
8030
8147
9240
8873
7694
6252
4676
2272
-2202
-7310
-11267
-14263
-15799
-14603
-12438
-10165
-7192
-3458
553
3622
5846
7708
9041
10265
10662
10099
8861
6266
3514
1762
-4
-2031
-3702
-4906
-5550
-5683
-5631
-5138
-4506
-3620
-1474
1352
4057
6154
7547
8526
8713
8362
8048
7452
7078
7027
7267
7171
5345
2691
-1016
-6275
-10903
-14111
-16266
-16536
-14813
-11560
-8370
-5327
-1641
835
1972
3641
5235
6306
7567
8708
9177
8518
6850
4082
209
-3803
-7441
-10397
-12005
-12532
-12256
-11128
-9099
-6118
-2942
-275
2271
4918
7123
8815
9864
9975
9193
7749
6280
4973
3481
1614
-460
-1956
-3051
-4154
-4661
-4504
-3555
-1987
89
2731
4510
5281
5671
5290
4687
3858
2896
2993
3540
4203
5248
5806
5065
3354
992
-1787
-4989
-7836
-9529
-10505
-10414
-9215
-8188
-7396
-6364
-5211
-4010
-2937
-1149
1154
3257
5278
7035
7770
6908
4955
3034
1014
-1534
-3750
-5313
-6887
-8205
-8860
-9084
-8577
-7511
-5636
-2712
493
3644
6243
8066
9338
9451
8618
7324
5551
3842
2421
1344
462
-664
-1721
-2294
-2539
-2380
-1384
26
1602
3407
4985
6107
6505
6184
5576
4591
3455
2603
1824
1745
2293
2185
1680
1176
-769
-2942
-4531
-6187
-7056
-7350
-7057
-6057
-5570
-4792
-4194
-4427
-3988
-3711
-3312
-2231
-895
853
2199
2960
3715
3352
2242
1414
172
-1366
-2427
-3337
-4290
-4778
-5374
-5737
-5514
-4911
-3840
-2393
-500
1652
3400
4884
6059
6539
6508
6099
5660
4975
3927
2887
1834
502
-625
-1123
-1235
-1092
-488
372
931
1853
3307
4567
5590
6169
6207
5732
4606
3639
2602
1341
494
-275
-655
-1365
-2537
-3021
-3994
-4955
-4946
-5158
-5155
-4952
-4430
-3571
-3231
-2615
-2245
-2238
-1759
-1769
-1583
-963
-741
-101
468
570
569
243
-277
-822
-1462
-2005
-2438
-2734
-2567
-1795
-1189
-1040
-710
-263
56
246
568
1119
1633
2179
2908
3484
3569
3079
2662
2464
2027
1608
1381
1366
1637
1899
2132
2286
2193
2077
2133
2436
2900
3017
2575
2089
1658
1125
815
695
725
695
261
99
137
-300
-809
-1184
-1799
-2691
-3513
-4029
-4347
-4769
-5147
-5222
-4987
-4560
-3974
-3081
-2018
-1049
-1
1039
1505
1445
978
492
101
-479
-971
-1240
-1514
-1490
-1281
-1326
-1415
-1462
-1375
-886
27
1019
1769
2520
3310
3659
3639
3437
2835
1976
1354
1116
1036
906
653
460
342
177
176
289
701
1560
2503
3626
4351
3899
2977
1898
712
-122
-808
-1242
-1292
-1041
-276
490
847
906
479
-227
-811
-1477
-1988
-2136
-2258
-2264
-1960
-1841
-2111
-2309
-2278
-2288
-2439
-2173
-1735
-1729
-1741
-1164
-659
-668
-540
-276
-420
-692
-805
-797
-893
-1052
-759
-476
-337
141
410
421
797
1132
1280
1391
1562
1851
1858
1892
2200
2030
1496
1101
542
55
-251
-447
-314
103
657
1182
1627
1810
1480
1045
858
807
683
459
469
474
204
49
127
66
-428
-642
-378
-386
-444
-98
142
70
-180
-440
-620
-1038
-1299
-903
-431
-16
594
830
768
529
145
-180
-545
-769
-784
-754
-507
-389
-645
-962
-1527
-2155
-2702
-3157
-2898
-2162
-1332
-20
1215
1893
2306
2409
2224
1853
1379
1096
705
212
13
-322
-740
-894
-1136
-1434
-1541
-1327
-658
-154
401
1127
1349
1351
1273
1011
677
21
-383
-424
-561
-261
20
-231
-677
-773
-706
-640
-437
-356
-393
-154
384
1082
1233
949
909
676
519
637
541
204
32
414
868
888
910
918
607
286
30
-125
-224
-235
-56
156
36
-138
-186
-312
-350
-225
-195
-250
57
441
588
817
1007
966
743
472
431
336
266
216
-79
-377
-692
-700
-595
-907
-1389
-1917
-2328
-2412
-2030
-1333
-1077
-890
-331
227
703
677
384
-161
-806
-951
-1015
-1209
-1355
-1642
-1344
-850
-534
-187
-117
19
447
947
1471
1778
1805
1642
1416
1451
1345
958
596
213
-314
-559
-680
-640
-436
-344
96
774
1441
2059
2330
2354
2152
1793
1393
687
93
-418
-867
-802
-523
-335
-148
63
255
396
311
319
407
406
689
1228
1456
1213
640
76
-930
-1962
-2515
-3144
-3317
-3079
-2612
-1670
-1002
-559
-44
129
255
264
137
-67
-350
-535
-581
-600
-610
-629
-818
-768
-560
-476
-87
296
400
640
744
800
753
648
453
183
-4
-99
-46
114
325
274
170
159
210
357
726
1222
1682
1964
2220
2109
1609
1065
288
-414
-888
-1224
-1207
-674
-139
487
751
613
609
442
292
258
157
407
506
310
450
1
-648
-1113
-1689
-2124
-2242
-2089
-1780
-1358
-1031
-683
-389
-133
-36
-108
-94
183
252
449
510
363
419
234
-13
-341
-791
-1045
-814
-308
47
279
504
564
677
647
488
417
231
124
73
122
231
184
127
239
303
429
875
1199
1321
1383
1311
1006
712
355
36
-90
-176
-286
-332
-366
-251
-122
-184
-16
-73
-200
-39
-8
66
141
203
415
157
-300
-591
-1004
-1329
-1714
-1737
-1611
-1640
-1175
-919
-1028
-916
-698
-470
-62
384
828
901
930
888
679
395
335
89
-207
-177
-247
-284
-260
-267
-162
-77
128
492
404
363
524
888
1076
1042
1154
1109
876
648
450
144
20
224
263
244
297
354
726
839
816
723
402
495
405
119
-167
-588
-671
-520
-587
-507
-545
-531
-339
-138
-25
-221
-580
-652
-842
-1080
-931
-940
-972
-981
-1038
-1113
-1166
-1185
-1171
-1011
-695
-499
12
624
815
1003
1039
818
614
417
295
179
-152
-311
-314
-215
-206
-373
-305
-282
-151
291
651
940
1155
1290
1401
1333
1114
740
589
727
566
421
142
-178
-282
-354
-245
-171
-209
-83
82
187
224
149
102
168
83
118
373
410
495
467
187
60
-262
-373
-502
-807
-908
-1069
-900
-598
-474
-340
-405
-394
-405
-472
-271
-364
-490
-253
-155
-180
-175
-109
-167
-86
17
107
126
26
-129
-233
-237
-197
-203
-54
131
103
175
211
334
453
429
418
583
666
746
974
1016
966
769
694
623
229
-87
-258
-625
-681
-793
-1030
-958
-907
-866
-718
-495
-245
18
317
637
635
664
913
918
632
343
-15
-155
-271
-402
-451
-734
-929
-840
-743
-600
-470
-133
152
267
564
670
633
626
653
645
520
519
485
206
-74
-338
-680
-1097
-1188
-1093
-958
-526
-127
277
547
676
804
657
526
484
448
497
548
646
715
729
544
117
-287
-516
-504
-450
-416
-360
-400
-461
-541
-672
-885
-960
-866
-732
-563
-380
-1
435
504
589
518
316
308
307
253
211
267
438
352
161
-173
-543
-619
-597
-429
-252
-61
216
435
594
659
569
529
498
529
552
553
589
363
165
-91
-378
-565
-793
-949
-796
-606
-430
-354
-259
-79
-181
-23
132
306
746
1066
1287
1289
1085
893
507
138
-357
-861
-822
-884
-817
-856
-1026
-1005
-949
-906
-877
-759
-507
-148
234
456
587
618
501
456
178
-30
-202
-304
-23
-13
88
217
185
98
-60
100
238
199
508
505
473
474
315
388
276
391
461
251
344
268
188
140
-204
-438
-463
-462
-243
-133
-1
-22
12
74
-82
-338
-393
-317
-259
-27
154
25
49
267
287
167
137
-10
-114
-9
-64
-164
-176
-473
-507
-658
-890
-957
-901
-650
-520
-412
-150
24
208
321
213
4
151
557
626
691
696
529
557
405
230
-38
-205
61
116
112
146
68
46
231
403
405
445
468
394
367
269
335
402
250
75
-241
-232
-335
-347
-219
-324
-262
-136
-209
-273
-308
-210
-117
-63
-9
-310
-287
-122
7
129
241
352
306
121
10
-313
-484
-662
-941
-899
-786
-666
-456
-261
-138
-191
-182
-124
-192
-185
-10
149
282
317
427
522
558
460
224
245
283
347
593
640
604
546
406
252
-103
-118
-122
-161
4
26
30
152
225
282
218
218
186
74
143
235
213
215
124
58
-114
-454
-605
-622
-618
-461
-345
-236
-251
-80
156
296
332
357
457
329
292
258
73
37
-94
-420
-660
-945
-1038
-1060
-1012
-765
-581
-410
-130
30
-46
-41
117
285
582
653
579
502
333
272
315
254
267
72
25
-34
116
125
107
260
200
103
144
180
219
146
239
188
139
229
131
13
-175
-181
-27
2
58
29
-101
-195
-269
-221
-169
-254
-280
-220
-191
-143
-43
-66
-8
102
119
150
121
18
20
137
404
445
313
78
-66
-345
-585
-666
-883
-730
-467
-274
28
97
53
65
-38
86
-93
103
354
514
694
854
855
692
466
212
-84
-219
-285
-396
-418
-392
-224
-249
-88
38
19
115
139
78
66
17
148
239
157
26
-148
-282
-409
-389
-315
-248
-139
-25
33
-109
-210
-268
-293
-238
-197
-134
-81
-32
178
266
236
304
264
317
343
201
145
180
159
163
-105
-361
-400
-262
-126
-159
-251
-342
-257
-63
171
290
356
447
614
680
705
576
512
350
50
-104
-82
16
-13
-66
-158
-357
-349
-286
-441
-242
36
160
184
91
-45
-187
-150
-202
-325
-225
-39
72
31
-120
-277
-473
-417
-380
-479
-360
-45
176
196
-5
-183
-176
38
250
271
142
120
53
49
85
-19
-19
-1
-2
14
-124
-44
116
229
399
296
229
124
-16
112
149
182
203
172
130
-2
53
2
99
397
456
460
384
233
216
93
131
52
-126
-157
-235
-281
-366
-358
-339
-394
-378
-369
-336
-311
-211
-25
59
197
311
178
32
-171
-265
-347
-333
-221
-138
-108
-130
-256
-403
-285
-44
84
249
486
461
461
386
204
8
-113
-199
-309
-375
-301
-142
70
213
265
211
125
79
-22
69
281
478
617
616
498
331
93
-120
-218
-301
-216
-17
99
170
207
231
211
118
90
147
174
193
257
190
20
-240
-517
-620
-647
-622
-490
-393
-432
-425
-354
-243
-144
-17
82
143
133
76
24
39
-21
-137
-314
-369
-331
-349
-237
-111
0
99
167
175
138
81
51
89
95
132
232
240
213
76
-88
-137
-143
-22
94
157
300
383
403
423
420
370
350
420
539
537
501
424
272
133
30
-133
-330
-339
-220
58
271
343
326
195
73
-4
-112
-156
-174
-113
-92
-183
-308
-474
-552
-641
-743
-751
-623
-410
-268
-181
-30
84
119
105
-86
-340
-553
-655
-592
-541
-505
-527
-589
-632
-652
-552
-383
-113
212
422
581
587
461
340
166
165
158
44
-111
-262
-331
-303
-237
-115
43
255
501
760
994
1069
1134
1097
1087
1066
1101
1146
1076
995
877
697
590
506
468
472
544
720
887
1088
1122
969
652
285
-80
-329
-377
-443
-593
-788
-1039
-1317
-1562
-1736
-1830
-1888
-1786
-1690
-1590
-1486
-1448
-1452
-1408
-1352
-1280
-1147
-1003
-981
-969
-924
-828
-523
-189
65
254
449
554
558
563
536
524
634
803
913
918
868
735
527
312
162
138
235
397
527
563
565
516
491
493
575
782
1026
1203
1260
1187
1070
1015
1116
1219
1272
1391
1433
1565
1732
1731
1523
988
528
355
321
488
605
310
-274
-941
-1376
-1631
-1774
-1879
-2055
-2340
-2559
-2614
-2581
-2620
-2698
-2593
-2315
-1910
-1382
-1014
-967
-959
-859
-671
-251
219
478
549
482
420
371
407
608
772
966
1279
1332
1158
929
657
471
497
689
770
593
283
-60
-445
-641
-621
-546
-484
-378
-235
-67
61
157
136
91
226
490
799
1038
1078
1053
1082
1191
1431
1617
1719
1708
1638
1695
1884
2124
2381
2428
1998
1135
417
20
-134
-62
-5
-345
-1016
-1693
-2102
-2326
-2469
-2431
-2435
-2601
-2705
-2612
-2481
-2504
-2581
-2510
-2341
-2011
-1541
-1184
-1168
-1289
-1160
-736
-98
601
1074
1146
1062
1110
1420
1872
2220
2247
1956
1687
1456
1298
1189
859
411
62
-48
-54
-185
-352
-734
-1171
-1259
-1032
-715
-513
-500
-629
-841
-849
-598
-418
-389
-314
-148
105
405
699
876
947
1063
1359
1716
1954
2073
2074
2044
2054
2103
2279
2427
2426
2349
2121
1602
857
236
-52
-66
116
321
6
-814
-1682
-2147
-2182
-1995
-1764
-1826
-2305
-2812
-3054
-3036
-2913
-2794
-2615
-2417
-2057
-1660
-1358
-1299
-1324
-1137
-556
284
1035
1372
1200
756
564
808
1293
1787
1954
1737
1342
1068
1005
1067
1080
965
775
533
268
45
-181
-479
-782
-908
-831
-839
-960
-1140
-1428
-1637
-1509
-1048
-572
-297
-196
-175
-213
-138
171
510
812
1111
1376
1519
1556
1551
1551
1573
1747
2023
2238
2309
2298
2259
2302
2493
2531
2137
1388
681
291
323
624
780
318
-622
-1554
-2073
-2104
-1869
-1682
-1896
-2515
-3105
-3289
-3104
-2821
-2720
-2777
-2892
-2834
-2527
-2071
-1713
-1523
-1305
-895
-319
275
621
649
519
581
1063
1743
2306
2437
2075
1529
1204
1296
1541
1640
1572
1281
880
596
493
474
314
32
-184
-395
-567
-662
-787
-1021
-1266
-1353
-1237
-1120
-1132
-1150
-1192
-1180
-992
-682
-327
-82
30
204
437
691
926
1134
1269
1334
1474
1718
1951
2064
2126
2142
2100
2143
2322
2582
2809
2760
2257
1403
734
594
757
1043
1093
475
-674
-1688
-2126
-2039
-1761
-1648
-1977
-2757
-3575
-3858
-3652
-3316
-3137
-3143
-3179
-3177
-3035
-2754
-2473
-2207
-1833
-1238
-486
152
460
496
553
851
1480
2289
2900
2976
2562
2105
1975
2289
2772
3052
2966
2538
1900
1310
1017
944
781
485
307
92
-324
-799
-1148
-1550
-2006
-2134
-1904
-1820
-2014
-2245
-2426
-2534
-2365
-1785
-1208
-1003
-1049
-1091
-1027
-759
-210
460
932
1121
1221
1385
1646
1944
2296
2625
2787
2862
2961
2989
2835
2712
2759
2834
2848
2813
2414
1408
416
140
318
605
826
502
-692
-2139
-2802
-2541
-2100
-1897
-2022
-2749
-3897
-4527
-4203
-3506
-3132
-3080
-3036
-3062
-3037
-2585
-1870
-1346
-1057
-599
273
1035
1347
1429
1463
1547
1868
2634
3430
3539
2918
2235
1970
2065
2393
2767
2716
2119
1322
832
746
810
710
302
-349
-1077
-1633
-1864
-1809
-1760
-1984
-2322
-2471
-2604
-2768
-2750
-2488
-2289
-2219
-1959
-1571
-1439
-1380
-1040
-600
-291
26
406
603
613
737
1157
1608
1909
2104
2175
2106
1948
1907
2094
2217
2195
2201
2162
1940
1736
1826
2049
2123
2109
1991
1389
557
280
586
925
1118
1104
456
-781
-1641
-1593
-1211
-1107
-1203
-1558
-2381
-3197
-3186
-2547
-2158
-2228
-2277
-2251
-2415
-2428
-1903
-1284
-1104
-1035
-588
-130
-201
-423
-289
1
219
763
1594
1913
1438
899
930
1271
1637
2135
2485
2157
1396
959
1064
1267
1249
1104
801
139
-606
-1033
-1116
-1207
-1482
-1603
-1562
-1739
-2161
-2484
-2601
-2741
-2750
-2325
-1842
-1803
-2066
-2084
-1811
-1452
-866
-117
288
261
224
535
1065
1583
2074
2386
2445
2380
2448
2705
2920
2995
3029
3111
3183
3209
3251
3214
2988
2820
2916
3036
2972
2673
2035
1027
234
145
329
271
-95
-855
-2078
-3181
-3384
-2860
-2537
-2663
-3038
-3670
-4411
-4570
-3867
-3042
-2801
-2864
-2798
-2785
-2862
-2545
-1773
-1197
-997
-620
34
322
220
411
972
1407
1722
2256
2603
2203
1581
1566
1969
2223
2327
2414
2066
1199
580
668
962
886
677
430
-107
-794
-1009
-728
-602
-815
-1023
-1181
-1565
-1991
-2018
-1722
-1561
-1551
-1445
-1330
-1453
-1571
-1281
-756
-443
-312
-98
-3
-119
-33
443
913
1109
1178
1295
1339
1340
1547
1880
2102
2120
2089
2106
2103
2022
1983
2034
2014
1862
1676
1486
1292
1145
1224
1538
1667
1397
779
85
-267
-219
76
371
210
-610
-1661
-2259
-2206
-1924
-1719
-1698
-2128
-3022
-3616
-3424
-2876
-2543
-2370
-2135
-2119
-2346
-2210
-1618
-1157
-987
-636
-9
283
154
229
580
765
910
1472
2119
2047
1493
1279
1379
1305
1310
1653
1787
1218
562
457
521
298
198
424
324
-250
-622
-542
-555
-797
-785
-577
-868
-1512
-1794
-1687
-1641
-1530
-1148
-915
-1224
-1639
-1561
-1148
-749
-340
90
255
97
78
520
1053
1269
1365
1518
1516
1389
1470
1752
1801
1597
1541
1623
1571
1473
1495
1558
1522
1455
1555
1685
1570
1304
1217
1290
1307
1316
1369
1196
600
-23
-78
127
138
20
-214
-885
-1798
-2156
-1803
-1501
-1647
-1933
-2294
-2911
-3337
-2923
-2148
-1870
-2090
-2187
-2201
-2368
-2238
-1513
-857
-844
-895
-501
-175
-250
-153
370
671
575
789
1292
1311
897
917
1405
1614
1563
1723
1794
1276
734
888
1329
1268
925
760
463
-163
-431
-95
80
-261
-603
-620
-710
-1009
-1095
-912
-955
-1245
-1173
-757
-663
-933
-986
-771
-652
-545
-121
219
0
-314
-133
324
649
900
1111
1054
755
681
1021
1428
1578
1547
1499
1386
1272
1334
1550
1633
1477
1298
1239
1208
1149
1110
1081
976
848
803
818
805
599
193
-239
-419
-378
-296
-251
-386
-931
-1701
-2102
-1926
-1650
-1576
-1616
-1934
-2606
-3116
-2883
-2260
-1941
-1991
-2021
-2084
-2292
-2164
-1480
-864
-757
-744
-402
-83
-79
68
547
768
653
857
1379
1496
1140
997
1237
1342
1326
1627
1897
1560
978
942
1293
1376
1294
1373
1205
571
101
249
475
302
65
24
-143
-538
-676
-547
-593
-876
-1002
-821
-764
-986
-1052
-924
-920
-941
-703
-370
-416
-670
-618
-330
-118
95
380
473
247
143
394
720
861
879
859
702
538
644
956
1145
1094
995
971
926
958
1176
1407
1371
1145
1025
1001
933
967
1073
952
465
-37
-196
-239
-326
-303
-303
-683
-1268
-1501
-1326
-1246
-1327
-1394
-1565
-2050
-2420
-2205
-1778
-1734
-1857
-1745
-1677
-1827
-1709
-1143
-750
-766
-632
-116
224
261
469
878
980
894
1213
1729
1754
1409
1317
1437
1348
1271
1586
1779
1375
874
823
888
706
586
694
561
54
-272
-210
-234
-526
-658
-560
-615
-872
-973
-939
-1145
-1452
-1402
-1073
-944
-1058
-1144
-1224
-1381
-1348
-918
-454
-398
-590
-699
-665
-473
-18
576
883
768
533
481
645
914
1221
1416
1324
1054
873
880
986
1075
1125
1099
973
834
749
727
713
757
870
917
917
874
752
686
709
787
739
451
171
-4
-105
-62
102
66
-340
-832
-1052
-1046
-1031
-942
-842
-1090
-1561
-1730
-1539
-1362
-1358
-1242
-1084
-1195
-1333
-1128
-843
-825
-835
-533
-176
-151
-219
-103
-79
-231
-90
441
777
608
368
347
279
207
566
1086
1105
712
485
470
379
405
747
952
683
317
267
281
155
150
324
358
130
-36
-39
-188
-492
-564
-380
-298
-408
-485
-601
-896
-1117
-947
-591
-463
-553
-644
-770
-907
-765
-327
28
68
-7
-62
-94
-39
198
502
616
560
511
499
497
549
662
793
882
914
925
922
902
923
1034
1248
1463
1539
1457
1334
1234
1210
1356
1598
1681
1360
842
500
351
350
514
601
278
-447
-1044
-1223
-1294
-1363
-1366
-1466
-1944
-2465
-2507
-2268
-2229
-2292
-2111
-1957
-2080
-2033
-1661
-1443
-1537
-1406
-849
-388
-255
-111
89
1
-149
256
985
1311
1194
1087
1074
912
911
1430
1910
1782
1410
1284
1237
1036
1003
1246
1262
855
532
498
333
-52
-245
-190
-263
-518
-649
-718
-1079
-1482
-1499
-1218
-1066
-1163
-1273
-1468
-1816
-1901
-1487
-943
-711
-771
-831
-884
-908
-610
5
449
543
517
557
620
705
986
1376
1549
1517
1490
1468
1350
1227
1304
1478
1520
1475
1425
1249
948
765
840
993
1064
1063
1001
757
428
345
529
715
799
806
649
210
-237
-295
-157
-83
-55
-134
-527
-1129
-1490
-1420
-1271
-1218
-1202
-1312
-1720
-2123
-2093
-1785
-1541
-1388
-1197
-1140
-1337
-1415
-1126
-822
-684
-467
-140
-38
-190
-199
-9
66
104
392
701
634
393
366
447
437
539
883
1010
742
514
556
620
589
681
848
708
362
268
410
446
359
386
375
90
-208
-181
-77
-220
-397
-435
-534
-791
-889
-723
-654
-821
-908
-840
-842
-888
-734
-461
-392
-475
-388
-159
-67
-11
179
345
317
282
451
659
714
734
862
967
935
932
1072
1175
1113
1048
1107
1135
1034
979
1048
1027
885
829
915
971
895
834
811
686
527
528
668
675
426
93
-123
-318
-426
-293
-159
-402
-903
-1254
-1361
-1401
-1383
-1234
-1254
-1571
-1817
-1730
-1561
-1523
-1513
-1416
-1388
-1404
-1191
-872
-787
-897
-874
-646
-389
-144
128
250
91
-63
104
424
665
815
899
822
620
578
759
882
847
804
777
666
530
507
500
362
208
187
196
99
-43
-157
-309
-488
-546
-452
-419
-503
-569
-589
-633
-651
-562
-424
-386
-361
-255
-127
-58
5
142
283
395
522
675
746
708
712
795
873
909
923
901
794
689
673
678
606
467
324
188
94
86
101
82
-14
-153
-248
-253
-163
-36
73
127
89
25
30
151
333
495
603
641
633
605
655
759
794
712
572
433
315
222
170
104
-83
-336
-537
-651
-748
-882
-1021
-1170
-1355
-1478
-1476
-1441
-1495
-1631
-1721
-1738
-1715
-1614
-1448
-1350
-1358
-1349
-1202
-957
-736
-528
-335
-226
-140
37
288
496
604
702
824
930
1029
1144
1199
1157
1084
1084
1151
1162
1109
1016
859
687
604
616
605
483
321
160
-8
-108
-105
-92
-166
-286
-363
-409
-427
-383
-319
-317
-352
-334
-247
-145
-76
-1
43
19
18
101
208
261
280
306
300
242
213
257
264
215
205
216
172
78
41
53
32
21
66
85
40
-11
34
113
166
216
263
298
308
361
448
481
441
386
380
416
447
473
457
362
216
147
157
186
179
121
39
-91
-236
-293
-327
-388
-424
-453
-484
-574
-709
-814
-902
-967
-937
-860
-832
-879
-963
-1027
-1036
-992
-874
-736
-674
-626
-545
-464
-379
-275
-144
-5
109
247
373
420
419
451
516
583
648
718
718
605
513
492
469
423
368
310
194
62
35
70
36
-48
-100
-142
-192
-186
-99
-28
-66
-130
-100
-74
-82
-22
85
131
88
57
75
21
-66
-50
3
-28
-95
-101
-112
-186
-258
-229
-184
-243
-266
-205
-159
-143
-101
20
89
77
162
329
443
507
615
730
747
733
811
922
938
934
973
943
832
745
710
661
562
474
436
350
226
119
26
-80
-177
-209
-213
-261
-357
-455
-510
-556
-551
-484
-449
-461
-488
-510
-497
-453
-383
-299
-260
-239
-209
-185
-159
-111
-72
-46
-8
23
42
14
-17
-12
4
33
46
21
-71
-202
-278
-294
-304
-326
-383
-500
-626
-706
-712
-655
-628
-639
-666
-726
-752
-720
-655
-561
-494
-443
-392
-369
-350
-290
-214
-118
-1
87
139
157
159
177
202
247
320
369
382
368
322
268
274
329
399
461
440
376
293
233
288
414
551
659
646
548
460
433
529
679
793
816
729
603
542
530
568
631
627
578
494
365
253
184
154
150
141
91
-13
-138
-239
-288
-308
-315
-303
-340
-407
-465
-518
-516
-503
-469
-423
-429
-456
-488
-487
-436
-407
-296
-209
-197
-156
-146
-90
-10
58
176
260
279
296
316
348
359
371
384
358
271
185
122
25
-15
-31
-98
-182
-310
-437
-465
-479
-450
-455
-538
-600
-686
-696
-617
-561
-498
-484
-514
-505
-482
-394
-288
-216
-154
-130
-102
-44
1
54
131
164
217
306
341
366
395
384
413
448
492
555
522
510
515
499
507
488
456
408
353
326
344
335
268
249
189
94
65
42
86
122
107
150
67
-40
-78
-113
-27
48
64
94
-16
-190
-254
-232
-155
-71
-12
-69
-207
-327
-344
-300
-258
-207
-244
-273
-253
-310
-280
-274
-336
-291
-281
-253
-212
-261
-234
-194
-183
-87
-23
9
55
77
85
155
188
214
271
251
285
325
265
301
275
218
284
229
193
134
10
32
27
-10
8
-101
-202
-212
-250
-220
-164
-203
-211
-230
-273
-215
-244
-196
-130
-193
-133
-133
-131
-44
-62
-11
42
5
64
125
143
165
176
167
202
186
142
250
182
158
243
143
144
123
27
93
20
-51
12
-38
-67
-64
-96
-62
-95
-143
-16
-27
-56
89
54
48
124
73
176
196
158
302
251
240
269
173
191
166
128
195
133
110
119
3
-13
-86
-168
-113
-144
-169
-153
-240
-279
-343
-377
-310
-351
-328
-275
-296
-315
-283
-267
-286
-261
-246
-209
-134
-71
-1
13
-8
-8
-16
117
217
276
335
348
275
232
289
306
348
399
349
316
239
171
242
165
171
180
72
76
32
-37
-13
-10
-17
-25
-125
-196
-220
-210
-124
-58
-127
-219
-314
-374
-346
-313
-250
-230
-299
-316
-331
-355
-316
-319
-293
-214
-250
-244
-222
-227
-256
-211
-112
-60
23
111
89
62
69
135
277
395
468
434
429
411
457
526
575
637
581
552
571
469
449
465
432
347
264
240
174
191
134
70
-68
-288
-233
-295
-278
-205
-404
-398
-480
-591
-450
-544
-532
-477
-528
-399
-429
-415
-372
-369
-324
-225
-134
-61
-27
54
82
104
177
226
318
388
397
406
466
421
531
517
474
461
357
371
364
331
309
285
224
149
60
-50
-157
-105
-128
-69
-134
-255
-321
-407
-346
-395
-361
-321
-407
-411
-467
-515
-495
-531
-429
-428
-466
-380
-456
-387
-309
-310
-305
-249
-230
-191
-49
-27
20
22
52
219
246
346
510
359
468
539
400
605
632
598
700
635
528
566
487
583
550
430
462
359
248
349
217
96
159
-72
-21
28
-125
-121
-223
-368
-341
-444
-385
-385
-501
-373
-482
-503
-467
-521
-482
-489
-445
-348
-325
-240
-204
-241
-262
-223
-102
-48
84
73
58
125
32
194
167
132
323
206
239
362
117
232
195
112
243
122
220
113
-11
135
9
-11
58
-105
-104
-114
-101
-118
-135
-120
-308
-176
-170
-302
-149
-188
-237
-195
-244
-134
-125
-51
81
3
-8
72
119
148
293
269
200
325
254
259
300
288
311
301
385
372
219
284
261
194
280
293
162
229
173
46
158
73
82
159
35
49
-76
-124
59
-92
98
51
-132
-92
-189
-117
-31
-85
16
-83
-145
-90
-173
-159
-133
-74
-145
-5
-134
-219
-97
-223
-161
-102
-291
-122
-247
-265
-105
-352
-196
-255
-321
-150
-329
-242
-145
-289
-115
-187
-230
-109
-278
-140
-70
-205
-69
-82
-147
-46
-145
-82
-10
-118
51
38
-77
55
-1
59
182
31
146
125
42
255
198
194
228
123
220
167
105
219
151
185
286
167
200
175
13
167
128
107
279
154
164
118
-26
151
94
96
257
76
142
136
68
162
83
50
183
91
195
205
47
142
60
19
183
189
31
132
-7
1
27
-2
20
-10
-126
4
-78
-118
-58
-231
-187
-232
-197
-140
-241
-192
-265
-354
-157
-277
-287
-126
-323
-142
-156
-216
-122
-279
-260
-145
-221
-34
-80
-166
-49
-221
-136
-21
-89
-52
64
-39
101
69
24
22
-42
43
114
147
186
160
41
140
83
78
129
86
48
116
80
200
44
11
61
-117
75
114
68
151
-28
-54
37
-70
57
26
21
34
-72
83
-1
-95
26
-33
-80
24
-44
22
-61
32
34
54
92
55
49
97
80
156
232
173
191
163
126
216
331
182
357
212
19
279
135
81
280
-19
87
102
-195
132
-132
-163
41
-233
-125
-144
-274
-169
-308
-264
-184
-270
-152
-260
-252
-249
-284
-221
-213
-219
-217
-155
-114
-156
-135
-106
-184
-87
-99
59
-30
-3
71
-52
49
115
2
197
55
87
269
93
220
190
114
206
186
176
298
189
136
204
135
93
164
114
53
100
9
43
24
-80
28
-71
-155
-29
-251
-171
-96
-254
-171
-86
-362
-220
-122
-397
-61
-137
-239
32
-246
-177
43
-269
43
94
-137
160
26
11
153
29
102
207
88
183
196
167
213
166
261
251
183
252
283
135
256
197
188
207
137
183
182
84
153
38
75
92
-79
146
-85
-110
5
-128
-98
-109
-230
-97
-221
-154
-81
-291
-78
-326
-260
-121
-361
-140
-119
-250
-32
-291
-140
-131
-308
41
-96
-143
54
-82
-82
11
-58
7
1
32
37
39
85
112
0
96
127
-105
180
121
-68
202
37
-64
151
-126
78
31
-126
148
-138
-11
46
-160
42
-109
-153
78
-158
-16
-38
-174
25
-69
-43
55
-100
-39
77
-66
73
92
-9
68
98
-22
148
73
96
211
32
133
147
-4
177
126
39
282
83
190
159
34
138
45
150
166
122
158
74
62
104
1
182
19
3
126
-14
42
70
-42
30
-15
-16
87
-21
4
21
-13
-56
14
-5
-37
45
-24
-64
29
-153
-18
3
-181
62
-160
-99
-17
-289
-30
-171
-273
-14
-272
-194
-30
-295
-27
-176
-272
-156
-125
-163
-56
31
-159
-105
-42
-128
-30
-32
3
76
-97
135
19
-81
148
-32
0
149
-43
129
30
-4
158
-50
81
42
-54
78
0
75
77
-76
92
-43
-57
66
-28
97
-65
41
68
-133
29
42
-106
16
43
15
33
-12
-12
-36
-50
43
103
5
109
98
2
96
81
15
167
77
171
189
116
171
105
75
101
104
121
146
77
175
72
11
126
20
38
78
118
70
34
90
33
-69
62
13
-55
70
-50
-20
15
-78
-50
-64
-114
-112
-126
-81
-126
-174
-69
-168
-223
-53
-221
-174
-121
-207
-146
-156
-132
-168
-203
-114
-160
-173
-66
-116
-192
-126
-60
-140
-141
36
-131
-98
23
-65
-1
-3
34
0
43
95
90
103
77
109
74
152
172
98
168
160
21
203
127
20
196
10
71
147
50
136
49
-9
45
-65
39
71
-64
49
40
-79
10
-28
-101
-76
-21
-13
-11
10
-8
-19
-33
23
-24
76
4
64
142
2
123
117
41
143
93
70
164
21
171
141
16
179
89
32
97
10
26
30
24
70
-33
-51
-12
-108
-74
1
-144
-86
-129
-160
-99
-162
-70
-96
-214
-108
-182
-223
-71
-184
-90
-91
-198
-27
-69
-202
12
-23
-118
44
-6
-38
-23
33
29
-13
36
61
22
47
59
21
76
94
89
135
75
74
134
42
112
72
111
134
88
136
29
28
78
12
47
99
-59
79
-24
-21
13
-53
-31
-63
-65
-40
-58
-71
-66
-90
-62
-108
-12
-90
-60
8
-97
22
-66
-57
38
-73
75
52
-47
127
4
-12
137
-13
53
93
71
102
78
108
60
79
54
-1
143
13
101
162
-12
45
-6
10
48
14
104
21
-19
40
-56
41
-32
-42
56
-117
1
13
-123
18
-111
-115
-57
-104
-94
-82
-93
-70
-179
-70
-112
-177
-24
-86
-51
-56
-93
-14
-95
-78
-13
-48
-36
22
29
-16
3
27
-24
20
3
25
66
26
152
36
30
104
3
77
65
69
113
-3
157
42
-8
102
-8
41
33
-46
59
-96
-63
9
-148
-41
-87
-100
-52
-175
-90
-92
-168
-74
-61
-119
-93
-53
-40
-110
-58
-9
-83
-10
25
46
-14
54
57
1
48
44
61
97
71
154
96
103
146
67
106
132
91
195
119
111
162
49
170
127
58
112
69
63
94
64
62
31
43
4
19
-8
-28
-1
-39
-37
-17
-61
-21
-48
-67
-45
-80
-49
-53
-93
-31
-43
-90
2
-54
-48
-44
-19
-22
-94
16
-21
-34
33
9
-25
-43
3
-12
-39
45
6
-59
11
-36
-23
-26
-22
10
-67
-40
4
-72
-7
-50
-47
-10
-70
14
-45
-51
-23
-85
-21
-54
-101
21
-72
-58
-20
-59
-83
-49
-38
-79
-23
-16
-59
-30
9
-28
31
46
26
15
21
71
29
90
101
86
98
101
106
67
84
111
49
112
117
82
135
54
55
56
-6
77
43
24
61
42
53
17
21
10
-16
-15
23
19
-36
1
38
-63
-34
21
-75
-44
-6
-32
-50
-17
-26
-61
-66
-38
-15
-13
7
-10
-79
-69
-27
-57
-8
20
-46
-12
-40
-58
-13
-72
-7
-44
-64
-15
-52
-58
-20
-69
-59
-49
-77
-44
-80
-75
-59
-63
-43
-58
-29
-45
-57
-21
-48
-63
-21
-33
-28
21
8
-12
15
17
-26
13
7
5
39
16
64
42
14
63
22
25
-6
46
73
40
68
76
22
-10
78
32
16
63
64
27
74
52
5
43
39
53
67
60
22
26
3
25
22
16
43
37
11
19
24
-24
7
35
3
18
6
11
4
-5
28
-32
-6
18
-28
-2
-8
-31
10
-3
-30
-2
-15
-13
2
31
-23
-6
19
-17
-10
-4
22
-21
-6
46
-22
-28
23
-27
-39
-14
37
-37
-4
32
-45
-15
-3
-22
-29
-52
34
-10
-47
55
-47
-16
33
5
6
1
-32
29
13
-3
76
19
26
43
46
30
-8
40
50
1
71
72
57
66
67
90
-3
27
73
-10
61
103
40
40
65
29
-20
18
27
-34
19
13
-29
-9
-25
-12
-13
-54
-16
-47
-40
-57
-56
-35
-100
-56
-27
-73
-31
-28
-52
-74
-77
-25
-82
-35
-5
-64
0
-10
-26
-2
-65
-1
-44
-74
1
-86
-38
10
-50
-3
-46
-47
-32
-73
-10
-47
-46
10
-14
-20
-1
-5
-58
1
-25
-47
28
-26
7
50
-29
27
10
-29
28
-18
4
17
-23
44
22
-10
33
-13
-3
29
-11
5
-13
-22
30
-15
30
20
-8
14
-1
-10
-42
-15
-10
-18
27
19
14
16
-23
16
-5
-15
45
7
3
19
24
24
17
20
0
-16
10
-18
-6
-11
-38
-8
-22
-12
-12
0
19
-11
-7
10
-16
19
30
46
32
37
74
36
55
42
42
36
52
51
47
54
24
36
35
8
29
48
-7
32
21
-40
15
-26
-1
22
-11
39
2
-20
39
-5
10
16
16
25
-9
31
22
-11
33
22
10
0
2
7
-17
23
24
-7
3
25
-1
5
12
20
15
26
39
7
6
-2
22
29
19
25
6
2
-20
-20
-5
-22
-24
1
-23
-43
-42
-43
-45
-54
-30
-28
-53
-25
-37
-41
-32
-16
-31
-6
11
-13
10
11
-6
9
18
20
22
8
29
15
26
42
14
29
18
7
35
22
26
27
23
27
2
20
16
13
43
28
27
8
-10
5
-5
-3
33
16
-12
3
-6
-31
13
12
-6
20
-11
-23
8
-19
-15
13
-25
-19
-8
-19
-20
-33
-27
-27
-33
-27
-28
-35
-36
-25
-28
-21
4
-32
-8
13
-46
-7
-4
-13
-6
25
35
-2
8
14
-15
-6
11
-8
-15
-21
-4
8
-6
9
-17
-46
-19
-43
-39
-20
-29
-12
-21
-36
-24
-46
-54
-24
-39
-74
-41
-41
-68
-28
-46
-35
-30
-64
-16
-55
-87
-19
-33
-48
2
-15
-12
-6
-4
8
-17
7
6
-1
28
24
19
32
25
27
33
28
14
25
31
28
35
60
28
43
41
18
40
33
40
34
32
28
24
17
20
23
14
20
28
-13
0
-9
-38
14
-3
-9
8
-16
-10
-25
-17
-16
-32
-1
-15
-27
-7
0
-4
-2
0
-8
0
-3
6
4
-8
18
17
18
35
20
25
23
5
40
8
18
48
20
48
58
42
38
29
28
29
34
48
31
38
39
23
23
11
15
20
11
5
-5
-6
6
-7
0
1
4
19
15
15
5
6
10
0
21
28
30
47
47
36
28
32
35
12
37
28
11
60
28
16
35
5
-3
13
-19
-14
-3
-4
3
-1
-11
4
-10
-14
6
-19
-7
-6
-18
-13
-7
1
-3
-4
-8
-21
-40
-29
-41
-34
-28
-23
-20
-24
-27
-22
-43
-35
-40
-64
-41
-57
-45
-31
-42
-21
-17
-44
-26
-49
-62
-56
-49
-34
-36
-11
-2
-30
-17
-10
-40
-29
-20
-32
-20
-14
-21
5
4
12
16
-6
-7
-17
-18
-11
-2
-3
9
13
3
-1
-3
-11
-17
-25
-19
-39
-34
-18
-26
2
-16
-17
5
-31
-22
-5
-32
-16
-7
2
4
5
20
15
10
22
23
-2
11
15
6
25
42
36
45
39
28
16
-1
5
-4
17
26
30
31
16
27
17
7
21
12
6
12
-5
-1
3
-3
27
7
-18
-4
-33
-26
-18
-20
-8
-26
-16
2
-12
8
9
-17
5
-15
-23
1
-4
1
30
25
22
19
16
3
-8
6
3
0
6
10
15
15
30
8
2
17
-7
2
-1
1
10
18
37
30
39
37
9
12
4
-13
22
22
18
36
26
35
24
18
10
2
-11
8
9
-2
24
22
14
34
21
6
16
-11
1
-1
2
31
16
23
34
12
12
6
-1
-9
-16
1
6
20
31
30
28
15
-5
5
-19
-22
5
0
14
26
13
13
12
-10
-11
-12
-27
-15
-7
-10
-6
-1
-2
-4
-24
-28
-48
-49
-34
-48
-39
-24
-27
-20
-11
-28
-35
-31
-46
-48
-32
-38
-24
-13
-13
-4
-3
-5
-20
-27
-28
-30
-24
-14
1
8
2
15
-5
-26
-3
-31
-25
-5
-14
-6
1
8
21
12
14
9
-12
-6
-15
-3
8
10
22
21
12
11
-5
-11
-21
-16
-8
-14
-6
-7
-2
-3
-14
-7
-22
-33
-16
-33
-27
-10
-6
-1
3
1
-14
-14
-10
-25
-10
-15
-10
13
-3
16
13
3
17
1
-1
4
-7
8
17
19
30
27
19
10
8
0
1
9
7
23
26
15
24
22
18
20
20
10
3
5
11
14
26
29
28
26
15
23
6
10
21
6
18
23
15
21
18
3
8
0
4
4
-3
4
8
-3
10
12
6
23
7
0
5
-4
3
10
3
15
20
11
16
14
6
3
5
4
2
5
13
5
13
19
0
-4
-1
-14
-4
4
-1
7
0
10
2
-4
1
-1
-7
-3
-4
-7
-1
-6
10
8
-7
7
-1
-11
-7
-5
-10
-5
-1
15
10
1
12
0
-7
7
3
-3
9
14
5
9
16
2
7
16
4
-8
0
-8
-11
-2
10
8
2
10
6
0
-5
-6
-11
-2
-6
-3
9
0
14
9
-8
-8
-5
-18
-11
-20
-18
-4
-15
-5
-21
-30
-23
-35
-38
-36
-37
-33
-36
-28
-21
-32
-23
-16
-32
-30
-26
-29
-27
-17
-16
-14
-10
-5
-1
-15
-12
-16
-18
-13
-14
-6
-8
0
6
1
3
-11
-9
-8
-23
-7
-6
-13
3
4
-3
-2
5
-7
-9
-7
-13
-9
-13
-10
2
-5
2
15
0
0
2
-17
-17
-10
-6
8
7
14
17
2
12
7
-6
6
-5
-3
9
6
23
17
21
24
17
12
7
6
8
12
13
24
16
23
24
14
17
18
5
3
-3
3
10
8
14
6
12
9
1
-4
-19
-12
-6
-12
1
0
-2
2
3
-9
-7
-6
-9
-10
-13
-2
-3
3
6
3
-2
-11
-10
-15
-17
-11
-3
-6
4
4
-4
0
-8
-14
0
-4
-9
4
0
6
15
10
16
9
4
8
0
7
9
10
20
18
17
26
14
9
11
9
1
10
14
6
23
22
20
25
23
20
12
11
15
5
15
26
18
18
20
15
5
11
8
-3
1
-2
-5
1
-1
0
8
4
0
-7
-10
-11
-7
2
5
0
7
4
-2
3
0
1
1
2
4
0
5
1
0
2
-5
4
2
-3
4
-9
-6
-5
-13
-4
-7
-13
-8
-12
-16
-13
-11
-8
-12
-9
-10
-12
-11
-14
-15
-14
-9
-10
-7
-8
-7
-1
-4
-4
1
-11
-3
6
-1
10
8
7
7
4
9
9
4
10
9
6
9
4
11
12
10
13
12
5
6
8
1
1
3
5
6
4
8
0
-1
5
-6
-7
-6
-12
-5
-6
-5
-4
-15
-11
-13
-24
-16
-22
-24
-20
-18
-20
-25
-25
-23
-23
-25
-17
-23
-18
-17
-21
-16
-12
-13
-12
-11
-15
-9
-12
-10
-5
-6
-4
-3
-8
-9
-5
-7
-9
-7
-1
0
0
7
0
-2
13
4
2
3
1
6
1
10
15
11
13
14
11
9
10
10
6
6
12
12
10
11
12
10
6
7
4
1
7
3
5
8
7
10
4
3
4
2
0
3
4
2
11
16
8
8
12
6
4
7
9
10
12
19
19
16
19
15
14
6
6
10
4
8
10
2
10
12
2
7
-2
-8
0
-4
-8
0
-4
2
2
-2
0
-3
-3
-7
-9
-9
-8
-7
-6
-3
2
3
6
0
-5
-3
-6
-5
-3
2
6
7
12
5
5
8
2
0
0
6
2
9
5
7
10
6
8
-1
-1
3
-6
0
-3
-4
5
0
1
4
-1
1
-1
-7
-6
-8
-11
-6
-5
-4
-4
-3
-7
-9
-9
-8
-14
-11
-7
-12
-5
-10
-8
-10
-7
-4
-8
-4
-4
-7
-5
-9
-12
-3
-4
-4
-3
-9
-9
-5
-10
-6
-2
0
-3
-3
-4
-6
-1
0
7
1
6
8
1
4
11
6
2
6
1
4
2
5
7
7
5
6
4
-2
6
1
-1
1
-6
-2
-2
-2
6
5
4
8
3
5
3
6
6
3
8
6
8
9
8
5
5
10
2
-2
6
-1
-1
6
1
3
6
7
2
-1
0
-6
-3
0
-2
3
2
2
5
2
5
1
-4
0
-10
-6
-2
-5
6
1
-2
1
-4
-8
-8
-8
-10
-9
-6
-3
-2
2
0
-1
-4
-2
-6
-9
-5
-5
-4
-1
0
-2
-1
-1
-2
-5
-1
-6
-7
-2
-6
-1
2
-1
5
4
1
2
2
2
3
5
6
8
7
4
0
1
-3
-2
-2
0
4
-1
2
-6
-5
-5
-11
-11
-13
-12
-10
-11
-10
-7
-9
-9
-11
-15
-16
-13
-16
-16
-11
-10
-8
-7
-5
-7
-6
-7
-14
-12
-13
-8
-5
-1
1
-4
5
-4
-6
-5
-11
-6
-3
-5
-5
0
-3
-1
-3
-5
-5
-8
-5
-6
-8
-4
1
0
2
6
1
0
0
