-13
-16
-12
-16
-20
-16
-17
-19
-19
-19
-18
-19
-16
-14
-15
-13
-13
-12
-10
-17
-17
-13
-12
-11
-12
-12
-14
-11
-8
-10
-12
-5
-6
-10
-8
-7
-8
-8
-8
-7
-6
-6
-2
-2
-2
-4
0
1
2
-1
1
0
0
3
1
2
1
0
2
0
3
5
2
4
4
1
2
2
-1
0
3
2
3
2
3
1
0
6
7
4
8
11
8
3
3
4
8
12
9
9
11
11
11
11
11
14
16
9
14
15
13
13
14
14
15
14
8
16
17
14
15
15
14
10
11
13
9
14
14
12
13
7
9
12
14
14
15
14
13
14
15
16
15
18
16
16
15
13
21
18
18
17
17
19
16
16
17
15
21
16
12
8
12
13
12
13
10
10
12
11
12
9
7
8
5
5
8
4
6
8
5
6
6
1
5
7
7
7
2
1
-4
-2
-6
-1
-3
-3
0
-9
-7
-6
-6
-8
-10
-8
-6
-9
-11
-11
-13
-12
-8
-8
-8
-6
-5
-5
-8
-8
-9
-9
-7
-8
-8
-12
-12
-10
-10
-12
-10
-12
-13
-8
-11
-15
-21
-16
-13
-16
-14
-16
-20
-17
-10
-10
-15
-10
-14
-13
-11
-12
-12
-15
-12
-10
-11
-13
-9
-11
-16
-6
-4
-9
-10
-11
-11
-6
-12
-14
-10
-10
-9
-8
-9
-14
-8
-9
-12
-11
-13
-8
-10
-14
-13
-10
-17
-15
-10
-11
-9
-7
-9
-10
-11
-12
-4
-8
-11
-6
-9
-8
-4
-5
-7
-2
-5
-6
-6
-2
-2
-8
-4
-6
-8
-4
-5
-4
-4
-4
0
-2
-1
-2
-1
-4
-2
4
0
3
2
4
7
7
6
5
3
9
6
6
10
5
8
6
7
10
9
14
12
10
11
5
9
9
11
11
9
11
11
17
12
16
17
16
18
13
14
14
14
14
13
14
16
21
19
15
16
15
11
13
14
13
13
9
7
7
8
12
13
16
13
11
10
7
13
8
10
12
11
11
9
15
14
12
16
16
11
13
12
12
12
9
11
8
10
10
10
12
10
13
11
6
7
10
11
7
8
9
14
8
10
10
9
12
7
8
5
8
10
5
3
4
5
3
-1
4
1
-1
2
-4
0
0
-1
2
1
3
1
-1
3
4
7
3
-1
0
1
-1
0
3
0
2
2
-2
-2
-5
-4
-11
-10
-7
-7
-7
-8
-12
-11
-10
-12
-5
-3
-9
-9
-11
-14
-13
-13
-8
-10
-10
-7
-8
-13
-12
-8
-8
-11
-7
-11
-13
-12
-12
-11
-14
-13
-8
-11
-10
-7
-11
-10
-15
-10
-9
-14
-13
-14
-15
-15
-15
-16
-11
-11
-17
-12
-15
-18
-14
-12
-12
-17
-14
-15
-16
-18
-15
-11
-9
-12
-14
-9
-11
-17
-14
-10
-12
-8
-15
-10
-13
-13
-11
-13
-10
-12
-6
-10
-9
-8
-11
-8
-7
-8
-3
-5
-2
1
-2
-4
1
-1
0
4
5
4
6
3
0
1
3
2
2
4
1
3
1
1
-2
2
2
1
2
-4
-6
-1
3
1
-1
-1
0
2
6
8
4
8
4
8
7
7
7
5
10
8
12
11
10
11
13
9
10
13
8
9
9
8
8
10
9
10
9
4
12
11
9
9
6
6
10
6
6
11
10
12
11
8
11
11
12
12
13
14
8
12
13
14
11
14
14
7
11
11
10
10
10
8
9
7
6
10
5
7
10
8
9
3
4
8
4
8
5
3
2
3
2
4
4
-1
-2
-5
-6
-4
-7
-1
-7
-12
-2
-7
-10
-7
-7
-6
-6
-4
-3
-9
-4
-1
-3
0
0
2
-1
0
3
-1
1
-1
-1
1
-2
-1
-2
-2
-5
-2
-9
-2
-3
-7
-1
-7
-2
-4
-6
-6
-3
-8
-6
-2
-4
-4
-5
-5
-7
-5
2
-2
-3
-9
-7
-6
-6
-7
-5
1
-1
-1
-4
-1
1
-3
-1
1
-4
-4
2
0
-2
0
2
0
-4
-1
1
0
-2
-3
1
-2
1
-4
-4
-3
-4
-1
1
3
1
2
-1
-2
0
1
3
2
0
2
3
2
5
3
-1
3
5
6
6
3
7
10
7
4
7
7
7
8
10
8
10
7
8
12
13
13
10
12
10
8
9
7
6
9
13
8
7
6
10
10
5
8
7
4
2
6
8
6
2
7
3
7
4
4
7
4
13
6
7
7
6
8
8
10
7
4
9
8
6
11
9
9
8
7
8
7
7
5
5
1
2
4
3
8
3
0
0
1
-2
3
6
1
1
-2
-3
-1
1
-6
-2
-2
-2
0
-4
-4
-5
-1
-3
-9
-8
-10
-9
-8
-10
-10
-5
-4
-8
-3
-1
1
-1
0
-2
0
-2
-3
1
-2
-2
4
3
-1
6
0
-3
-4
-6
-10
-13
-11
-12
-13
-12
-11
-9
-11
-14
-11
-15
-14
-14
-16
-15
-19
-19
-18
-14
-14
-16
-12
-14
-14
-14
-15
-12
-10
-15
-16
-13
-10
-7
-1
-1
-6
1
0
0
5
3
4
5
3
5
5
6
8
8
5
6
6
6
3
3
3
4
6
1
3
4
-3
-2
6
3
7
7
5
9
8
11
12
14
16
13
15
15
19
20
19
22
20
19
23
22
22
26
27
25
24
23
24
27
28
25
31
29
29
27
25
23
25
24
18
13
11
7
3
-1
-7
-10
-19
-21
-22
-26
-32
-40
-41
-50
-51
-53
-56
-59
-61
-64
-74
-71
-76
-76
-81
-80
-83
-88
-88
-88
-89
-94
-93
-90
-95
-94
-91
-91
-84
-85
-83
-75
-68
-64
-58
-52
-46
-36
-23
-17
-9
0
7
18
29
34
47
56
66
76
83
96
104
107
114
125
126
134
143
140
153
161
163
169
174
177
182
186
187
191
192
192
189
188
185
185
187
181
183
179
170
176
174
169
169
164
160
156
149
140
138
132
124
110
93
82
58
37
16
-9
-42
-77
-112
-150
-187
-220
-256
-289
-324
-366
-389
-414
-436
-457
-472
-483
-485
-480
-471
-454
-440
-423
-394
-362
-335
-301
-262
-221
-187
-150
-113
-79
-44
-20
7
34
55
66
81
85
89
94
95
93
90
88
83
80
73
70
63
58
58
56
59
62
66
74
78
90
105
116
127
137
148
159
173
182
189
199
210
217
224
228
232
233
233
236
237
235
236
237
228
224
225
221
216
214
211
198
198
204
201
203
207
198
205
210
211
212
211
216
220
221
219
214
206
198
181
160
146
116
89
58
11
-33
-88
-141
-198
-259
-326
-388
-442
-502
-561
-615
-663
-708
-743
-779
-801
-812
-821
-813
-803
-779
-744
-705
-663
-610
-554
-490
-420
-358
-288
-217
-157
-94
-38
12
66
109
147
178
204
226
236
247
256
257
251
245
241
228
219
209
208
199
198
195
189
195
198
210
213
219
231
234
247
254
265
274
284
292
296
299
306
305
303
306
298
296
286
283
281
276
267
263
254
249
242
234
228
221
216
209
199
191
182
169
156
147
141
124
115
105
96
84
81
79
76
76
75
70
68
74
78
78
82
82
77
73
72
60
42
21
-10
-45
-80
-115
-163
-209
-260
-322
-375
-428
-484
-531
-577
-623
-666
-696
-723
-745
-753
-753
-748
-737
-708
-679
-648
-607
-560
-509
-459
-403
-346
-289
-232
-180
-124
-76
-34
8
50
85
115
149
169
188
210
226
237
254
261
271
285
299
308
313
322
332
344
350
357
366
369
372
378
377
373
368
360
355
347
337
324
307
296
284
263
246
233
213
197
181
166
152
142
132
111
102
90
79
71
62
53
41
28
23
16
11
7
5
6
11
8
15
19
24
41
54
72
87
103
120
132
148
161
170
174
174
176
172
163
147
121
86
51
14
-34
-81
-136
-193
-247
-303
-353
-406
-453
-498
-542
-573
-602
-619
-633
-636
-634
-624
-602
-580
-555
-521
-482
-446
-404
-362
-323
-285
-244
-213
-181
-152
-127
-103
-91
-67
-50
-40
-27
-18
-4
9
21
32
51
61
74
91
112
138
154
176
198
209
229
248
263
270
280
290
290
292
285
281
274
260
251
240
227
213
200
191
181
167
156
149
141
138
134
124
125
130
133
134
141
145
146
152
159
162
168
174
176
181
190
198
206
215
228
244
259
275
288
303
318
333
345
354
364
371
367
369
364
350
329
292
250
209
158
96
35
-36
-106
-183
-258
-331
-409
-487
-556
-619
-680
-730
-764
-801
-829
-839
-853
-848
-836
-825
-796
-767
-737
-695
-652
-615
-566
-519
-478
-436
-399
-357
-316
-282
-246
-211
-177
-146
-116
-78
-49
-24
9
32
60
93
123
156
182
212
237
256
284
302
316
334
343
357
369
372
380
377
377
375
365
357
349
339
329
314
308
298
284
278
267
255
244
239
233
229
221
214
207
198
190
183
175
169
173
170
172
174
185
199
214
232
251
271
294
321
344
371
395
419
436
456
467
469
474
470
455
434
410
368
320
261
192
118
28
-59
-157
-252
-351
-451
-551
-646
-731
-812
-878
-934
-978
-1012
-1027
-1045
-1046
-1036
-1014
-982
-949
-906
-859
-808
-749
-694
-637
-572
-515
-450
-385
-322
-266
-217
-171
-126
-85
-49
-16
13
39
59
86
110
137
158
184
209
239
272
301
331
357
382
398
409
422
433
441
449
452
457
463
470
474
475
473
461
448
436
424
408
392
383
371
365
361
353
343
329
307
290
269
252
239
216
195
180
173
174
173
179
179
197
224
252
291
326
368
395
428
463
484
504
510
513
509
496
486
464
428
382
322
255
169
84
-5
-111
-222
-332
-453
-573
-681
-795
-907
-1007
-1103
-1178
-1225
-1259
-1286
-1296
-1305
-1291
-1264
-1231
-1180
-1134
-1076
-1006
-934
-843
-742
-640
-540
-453
-360
-266
-174
-92
-20
40
82
123
161
190
205
201
190
173
160
156
155
147
132
120
114
112
118
118
108
103
118
169
266
401
551
688
814
924
1010
1066
1087
1063
1009
954
908
875
842
802
738
662
577
495
423
354
293
234
193
190
210
238
269
291
301
320
353
392
450
501
557
613
664
726
770
784
741
631
474
313
179
49
-94
-251
-428
-606
-762
-919
-1092
-1287
-1501
-1702
-1842
-1913
-1918
-1889
-1868
-1846
-1808
-1735
-1617
-1481
-1357
-1247
-1117
-949
-732
-482
-261
-87
36
130
236
352
463
554
618
660
704
757
806
823
777
667
516
364
250
173
111
53
-18
-94
-136
-149
-145
-154
-184
-192
-153
-53
88
227
321
376
402
421
447
462
466
452
443
454
499
575
637
650
609
526
449
405
380
371
368
377
415
475
538
587
595
580
563
566
600
665
742
791
819
843
866
884
877
848
805
783
786
795
816
816
772
657
421
63
-327
-670
-944
-1170
-1390
-1604
-1775
-1875
-1919
-1982
-2118
-2298
-2476
-2584
-2587
-2490
-2321
-2116
-1899
-1656
-1385
-1079
-784
-558
-410
-292
-133
110
421
713
932
1062
1144
1200
1242
1252
1188
1060
900
762
673
601
488
260
-67
-409
-689
-876
-1005
-1120
-1218
-1236
-1123
-891
-617
-403
-296
-254
-185
-34
177
408
594
750
928
1151
1396
1559
1594
1518
1378
1240
1121
1036
996
989
1054
1130
1146
1121
1078
1001
868
679
493
413
466
601
722
799
861
956
1050
1077
1017
901
827
807
832
882
914
926
895
802
623
302
-168
-725
-1269
-1715
-2009
-2177
-2303
-2450
-2590
-2660
-2648
-2629
-2692
-2843
-3012
-3058
-2915
-2631
-2291
-1967
-1648
-1282
-872
-474
-163
30
120
195
340
567
833
1072
1271
1420
1533
1620
1637
1571
1402
1144
849
527
222
-30
-257
-459
-634
-777
-867
-910
-932
-970
-1024
-1044
-975
-857
-715
-558
-379
-141
128
352
491
601
757
938
1029
1032
1064
1193
1399
1578
1663
1678
1721
1829
1897
1822
1668
1559
1519
1466
1367
1262
1183
1187
1240
1213
1054
896
866
887
822
680
566
515
548
602
543
378
231
119
-113
-561
-1061
-1464
-1795
-2060
-2255
-2422
-2549
-2569
-2548
-2612
-2771
-2885
-2956
-3046
-3092
-2985
-2737
-2399
-1995
-1607
-1287
-996
-673
-384
-219
-128
-28
139
421
773
1103
1383
1637
1824
1893
1863
1748
1561
1315
1075
829
555
352
243
95
-110
-239
-347
-490
-588
-626
-681
-750
-703
-566
-448
-327
-149
36
217
420
600
722
828
947
1072
1190
1312
1424
1487
1519
1545
1614
1723
1746
1578
1348
1302
1468
1636
1631
1476
1358
1397
1517
1499
1278
1037
963
1042
1129
1112
1021
968
959
903
719
402
-59
-669
-1225
-1641
-2049
-2373
-2508
-2617
-2851
-3088
-3191
-3305
-3508
-3642
-3729
-3857
-3825
-3487
-3049
-2701
-2374
-1999
-1650
-1331
-950
-597
-353
-85
271
690
1140
1561
1902
2096
2194
2257
2268
2274
2237
2081
1878
1719
1532
1253
934
550
51
-384
-598
-779
-1001
-1125
-1179
-1283
-1331
-1254
-1207
-1264
-1243
-1079
-873
-565
-167
155
387
675
973
1170
1301
1439
1588
1754
1996
2220
2330
2399
2412
2301
2115
1989
1940
1870
1797
1780
1769
1720
1679
1601
1396
1127
924
826
783
779
815
841
858
833
704
456
23
-625
-1285
-1753
-2156
-2518
-2641
-2653
-2849
-3133
-3256
-3374
-3669
-3927
-4051
-4188
-4227
-3911
-3378
-2995
-2743
-2425
-2101
-1843
-1553
-1205
-896
-598
-151
420
967
1462
1895
2178
2306
2362
2387
2400
2399
2343
2237
2162
2127
1964
1614
1181
691
166
-256
-567
-866
-1132
-1292
-1382
-1481
-1529
-1488
-1483
-1530
-1480
-1283
-965
-571
-204
67
257
494
841
1166
1426
1664
1916
2208
2515
2774
2879
2810
2698
2602
2478
2376
2324
2247
2156
2091
2042
1919
1700
1457
1203
971
839
830
881
920
909
930
978
890
684
452
23
-777
-1535
-1869
-2176
-2662
-2852
-2803
-3018
-3335
-3381
-3474
-3923
-4255
-4228
-4340
-4527
-4166
-3499
-3184
-3087
-2770
-2351
-2080
-1787
-1414
-1188
-960
-470
113
613
1104
1546
1808
1931
2072
2208
2285
2394
2419
2265
2192
2246
2112
1725
1302
908
420
-30
-255
-475
-827
-1051
-1129
-1290
-1428
-1392
-1331
-1385
-1333
-1055
-760
-497
-193
38
189
439
784
1105
1326
1565
1918
2267
2539
2735
2851
2866
2787
2749
2804
2807
2744
2698
2612
2500
2405
2279
2041
1727
1523
1422
1312
1246
1206
1112
1015
976
896
749
619
306
-516
-1515
-2049
-2388
-2858
-3041
-2990
-3244
-3625
-3615
-3557
-3942
-4333
-4385
-4522
-4644
-4217
-3542
-3167
-2956
-2594
-2182
-1893
-1589
-1225
-992
-810
-471
29
593
1096
1458
1635
1703
1814
1904
1918
1936
1880
1757
1752
1795
1659
1358
1010
542
-30
-417
-655
-999
-1250
-1332
-1473
-1583
-1526
-1429
-1454
-1468
-1308
-1090
-821
-379
23
250
465
767
1108
1353
1504
1737
2004
2202
2446
2660
2705
2620
2535
2554
2582
2600
2635
2575
2524
2574
2579
2507
2354
2123
1938
1804
1735
1761
1727
1622
1614
1663
1575
1414
1185
379
-927
-1761
-2164
-2815
-3191
-3020
-3178
-3721
-3841
-3725
-4120
-4683
-4882
-5098
-5322
-4894
-4011
-3378
-3038
-2702
-2280
-1925
-1588
-1156
-805
-544
-110
509
1187
1801
2132
2155
2071
2069
2089
2048
2068
2025
1781
1659
1707
1542
1097
577
46
-504
-957
-1165
-1327
-1689
-2049
-2184
-2277
-2402
-2343
-2142
-2010
-1809
-1295
-690
-254
124
485
731
1011
1443
1818
2061
2360
2699
2943
3108
3181
3054
2746
2485
2386
2381
2442
2482
2413
2318
2244
2170
2073
1870
1630
1493
1441
1505
1711
1787
1682
1709
1785
1641
1602
1652
880
-509
-1246
-1623
-2476
-2878
-2508
-2717
-3422
-3364
-3023
-3517
-4191
-4322
-4612
-5129
-4861
-3893
-3200
-2894
-2523
-2071
-1739
-1414
-1006
-718
-594
-330
246
1018
1730
2066
2047
2001
1964
1836
1758
1782
1673
1403
1303
1387
1291
894
340
-286
-885
-1322
-1511
-1600
-1864
-2232
-2446
-2491
-2503
-2466
-2363
-2216
-1938
-1353
-557
145
643
934
1079
1308
1672
1980
2213
2406
2598
2827
3050
3146
2946
2545
2211
2001
1957
2071
2128
2088
2026
1970
2025
2118
2007
1732
1482
1436
1613
1764
1883
1998
1979
1917
1952
1780
863
-513
-1530
-2321
-3095
-3130
-2777
-3128
-3625
-3544
-3485
-3845
-4203
-4504
-5031
-5253
-4582
-3487
-2607
-2059
-1806
-1617
-1225
-756
-338
-5
137
362
1025
1980
2673
2757
2487
2177
1859
1654
1695
1665
1306
924
819
841
658
148
-570
-1376
-2041
-2208
-1989
-1906
-2152
-2387
-2340
-2211
-2128
-2203
-2535
-2515
-1475
118
1425
2206
2471
2468
2620
2903
2992
2823
2639
2583
2589
2635
2661
2494
2032
1331
720
546
736
1019
1141
1076
1151
1469
1806
2060
2080
1845
1827
2186
2603
2934
3197
3328
3353
3159
1927
-642
-3253
-5039
-5973
-5539
-4369
-4066
-4364
-4179
-3846
-3925
-4117
-4404
-4974
-4992
-3644
-1585
205
1221
1230
732
516
694
1064
1224
826
370
566
1429
2137
1824
636
-698
-1605
-1638
-1068
-732
-904
-1259
-1258
-802
-501
-612
-914
-1349
-1474
-748
473
1341
1363
766
96
-264
-74
314
233
-51
17
479
1266
1829
1545
763
244
361
884
1268
1220
765
292
328
687
864
759
477
390
796
1532
2247
2604
2577
2574
2894
3594
4487
4955
4726
4241
3920
3859
3813
3439
2835
2342
2135
1990
665
-2911
-7411
-10493
-11358
-10379
-8516
-7230
-6931
-6309
-4457
-2329
-1208
-1099
-1141
-379
1708
4697
7269
7924
6354
4019
2351
1341
565
-443
-2291
-4563
-5880
-5715
-5169
-5618
-6924
-7771
-7124
-4801
-1683
796
1902
2234
3070
4698
5954
6102
5469
4476
3782
3837
3879
2812
445
-2416
-4746
-6020
-6241
-5953
-5764
-5595
-4883
-3266
-1065
922
2181
2865
3570
4784
6221
7016
6491
4868
3241
2427
2157
1691
602
-861
-1880
-1958
-1357
-694
-292
68
867
2419
4372
5843
6387
6178
5533
4977
4882
4822
4391
3902
3652
3418
2448
-553
-6102
-12011
-15239
-15170
-12799
-9403
-6811
-5638
-4165
-1354
1339
2576
2904
3301
4337
6420
9077
10375
8730
4704
224
-3186
-5182
-6263
-7314
-8894
-10480
-10835
-9608
-7906
-6782
-5926
-4223
-955
3496
7741
10347
10761
9819
8974
8495
7396
5188
2216
-919
-3367
-4791
-6025
-7857
-10072
-11855
-12135
-10401
-7579
-4716
-1780
1166
3909
6921
9920
11503
11397
10470
9017
7164
5283
3096
77
-3150
-5300
-5941
-5546
-4831
-4373
-4125
-3349
-1477
1295
4041
5924
7231
8493
9623
10348
10208
8836
6732
4873
3591
2859
2589
2237
1273
-739
-4874
-11004
-16029
-17446
-15776
-12011
-7149
-2995
51
3212
6379
7905
7507
6585
6061
6093
6576
6849
5936
3175
-1165
-5880
-9829
-12422
-13406
-13172
-12549
-11608
-9558
-6229
-2594
474
2831
4890
7368
10338
12755
13345
11647
8509
5369
2694
-42
-3229
-6634
-9557
-11164
-11135
-10159
-9160
-8451
-7880
-6611
-3886
-693
2212
5364
7976
8918
9312
9838
8926
6448
4118
1784
-1138
-3172
-3967
-4959
-6032
-6266
-5663
-4203
-1982
274
1989
3217
4365
5811
7355
8248
8166
7524
7013
6903
6612
5694
4502
2825
662
-66
785
1220
1464
1494
-1350
-7190
-12056
-13655
-12942
-10323
-6162
-2577
-129
2856
6260
8060
7298
5056
3334
2856
3059
3561
3487
1607
-1782
-5218
-7875
-9791
-10825
-10703
-9887
-8583
-6212
-2841
654
3389
4899
5692
6580
7714
8794
9024
7510
4499
1331
-1027
-2884
-5032
-7410
-9313
-10110
-9212
-6715
-3995
-2384
-1633
-511
1208
2692
3561
3888
3601
2942
2753
2992
2452
822
-803
-1790
-2414
-2538
-2087
-1729
-1690
-1336
-335
1048
2325
3057
3149
2801
2386
2388
2845
3227
3160
2915
2976
3563
4574
5456
5708
5511
5176
4935
5248
5455
4512
3005
852
-3336
-8625
-12281
-13730
-13550
-11307
-7556
-4004
-696
3038
6200
7657
7551
6606
5757
5305
4708
3800
2433
75
-3027
-6011
-8632
-10742
-11771
-11562
-10443
-8420
-5371
-1645
2244
5644
7862
8812
8872
8454
7801
6712
4787
2154
-581
-3093
-5378
-7307
-8858
-9995
-10178
-8767
-5907
-2582
158
2104
3672
4636
4600
4089
3504
2430
1128
649
666
-78
-1275
-1925
-2392
-3008
-3073
-2555
-2058
-1383
-91
1538
2855
3517
3531
3065
2448
1999
1834
1849
1947
2207
2780
3659
4676
5527
6162
6615
6509
6140
6209
6169
5382
3817
-10
-6927
-13426
-16151
-15992
-13867
-9632
-4987
-915
3876
8840
11579
11365
9173
6661
5262
4616
3490
1670
-751
-3953
-7278
-9985
-12297
-13939
-14001
-12336
-9281
-5280
-980
3257
7061
9866
11335
11256
9882
7952
5931
3726
992
-2167
-5139
-7579
-9181
-9753
-9712
-9238
-7851
-5086
-1171
2675
5338
6657
6730
5809
4338
2798
1323
-592
-2497
-3146
-2977
-3158
-3359
-3062
-2733
-2391
-1278
353
1398
1975
2861
3716
3912
3402
2152
477
-780
-1016
-415
561
1711
2850
3930
5071
6139
6860
7005
6776
6983
7373
6912
5799
3646
-1592
-9125
-14730
-16907
-16957
-14490
-9549
-4368
802
6925
12260
14579
13784
10964
7850
5773
4228
2216
-236
-3005
-6121
-9014
-11451
-13698
-15100
-14669
-12194
-7956
-2811
2245
6727
10253
12479
13232
12269
9651
6126
2663
-371
-3175
-5735
-7978
-9846
-10868
-10708
-9549
-7667
-5145
-1829
2100
5756
8334
9525
9133
7035
3768
631
-1903
-4473
-6585
-7072
-6453
-5726
-4408
-2242
-435
697
2222
3949
4685
4592
4386
3860
2739
1264
-355
-1992
-3204
-3514
-2809
-1285
657
2741
4813
6649
8076
8900
8794
8261
8118
7895
7033
5349
1104
-6725
-14256
-17605
-18168
-17106
-13132
-7618
-2139
4897
12836
17704
17926
15027
11075
7704
5047
2123
-1156
-4236
-7007
-9055
-10409
-12186
-14349
-15281
-13762
-9518
-3514
2489
7580
11522
14054
15081
14295
11329
6710
1860
-2103
-5156
-7623
-9643
-11326
-12233
-11600
-9534
-6914
-4139
-834
3023
6716
9620
11113
10499
7898
4194
483
-2642
-5731
-8842
-10460
-9850
-8195
-6098
-3157
-169
1900
3977
6648
8391
8169
6684
4687
2218
-472
-2761
-4486
-5698
-5965
-5028
-3156
-643
2061
4559
6871
8782
9844
10064
9651
8924
8300
7549
5797
2103
-4404
-12352
-17618
-18926
-18447
-16015
-11042
-5343
1367
9983
17222
19879
18622
15139
11025
7590
4072
-409
-4747
-8105
-10342
-10968
-10972
-11979
-13208
-12951
-10432
-5607
281
5606
9844
12968
14900
15351
13540
9201
3491
-1868
-5870
-8398
-9693
-10408
-10900
-10459
-8554
-5849
-3171
-517
2362
5158
7378
8865
9221
7638
4165
278
-2877
-5811
-8600
-9862
-9224
-7573
-5117
-1903
1094
3066
4408
5647
6432
6300
5275
3408
964
-1409
-3371
-4842
-5503
-5021
-3522
-1364
1126
3626
5872
7611
8779
9524
9847
9726
9124
7626
5001
371
-7316
-14955
-18192
-18280
-17289
-13609
-7711
-1924
4525
11815
16762
17567
15330
11998
9473
7588
4520
417
-3371
-6850
-9646
-11034
-11913
-12973
-13372
-12092
-8493
-2966
2719
7189
10502
12979
14271
13834
11552
7671
2827
-1868
-5436
-7666
-8988
-9886
-10219
-9269
-6916
-4035
-1258
1400
3827
5597
6358
6492
6166
4378
1289
-1128
-2573
-4314
-5846
-6077
-5823
-5716
-4554
-2132
-177
791
1980
3620
4824
5259
5122
4204
2110
-668
-3094
-4700
-5511
-5449
-4122
-1374
2040
5035
7276
8793
9130
8223
7051
5881
4003
1138
-3541
-9551
-13190
-13716
-13962
-12995
-9252
-4900
89
7241
13779
16559
15860
12844
9334
6807
3927
-133
-3637
-6015
-7644
-7896
-7480
-8151
-9799
-10996
-10271
-7004
-2299
2579
7256
11216
13934
15048
13780
9857
4300
-1278
-5524
-7920
-8708
-8493
-7945
-7002
-5172
-2897
-952
613
1913
3162
4450
5348
5871
5718
3641
459
-1674
-3257
-5186
-6067
-5560
-5006
-4111
-1959
398
1598
2064
2644
3125
3203
3193
3090
2332
1040
-91
-1083
-2098
-2765
-2808
-2059
-435
1904
4598
6758
7907
8307
7579
5429
1567
-5218
-12933
-16705
-16659
-15339
-11499
-5555
-564
4305
10359
14682
15122
12630
8909
6145
5036
3740
1600
-727
-3632
-6571
-8176
-9155
-10494
-11366
-10828
-8284
-3657
1680
6247
9494
11300
12015
11877
10391
7260
3054
-1165
-4490
-6579
-7683
-8362
-8771
-8289
-6381
-3482
-391
2415
4561
5737
6184
6354
5833
3696
598
-1727
-2947
-3713
-4137
-4127
-4005
-3865
-3078
-1315
641
1850
2444
3152
4067
4475
3895
2615
950
-836
-2109
-2601
-2595
-2094
-879
817
2757
4838
6536
7592
7969
7375
5705
1568
-6341
-13929
-16862
-17621
-17589
-14061
-8659
-3946
2177
9727
14889
15815
13230
9510
7356
6130
3926
1465
-682
-3261
-5329
-6125
-7291
-9659
-11977
-12774
-10923
-6502
-1131
3982
8596
12446
15040
15594
13607
9545
4417
-554
-4324
-6636
-7905
-8726
-9098
-8218
-6029
-3595
-1450
634
2776
4677
5856
6553
6853
5527
2718
615
-617
-2632
-4810
-5487
-5295
-5174
-4077
-1728
20
582
1464
3091
4213
4501
4777
4812
3801
2499
1503
49
-1723
-2744
-2618
-1251
962
3091
5174
7167
7972
7327
4751
-1778
-10212
-14712
-15269
-15054
-12594
-7787
-3915
-17
5704
10282
11134
8710
4893
2696
2722
2391
1203
301
-981
-2551
-2955
-3167
-5107
-8096
-10249
-10215
-7653
-3818
-39
3539
6776
9361
11104
11206
9139
5725
2105
-999
-3125
-4415
-5502
-6476
-6466
-4986
-3116
-1839
-716
708
2290
3865
5128
5627
4764
2489
483
36
-276
-1467
-2223
-2075
-2021
-2054
-1289
-296
-345
-721
-69
1092
1856
2455
3080
3556
3785
3508
2662
1832
1386
1324
1952
3174
4424
5356
5490
4536
1738
-4681
-12413
-16182
-16559
-15926
-12240
-6128
-845
4867
11561
15540
15156
11493
6231
1985
-499
-2637
-4301
-5149
-5994
-6191
-5239
-4914
-6055
-7508
-8245
-7447
-4739
-881
3198
6770
9202
10524
10719
9092
5634
1447
-2294
-4799
-5957
-6115
-5539
-4717
-3802
-2412
-1103
-380
374
1251
2160
3176
3716
3766
3262
1365
-444
-583
-950
-2019
-1483
171
825
1393
2938
3389
1674
35
-405
-829
-1262
-638
836
2069
2929
4041
4869
4542
3815
3637
4126
5127
5927
6287
5630
938
-7258
-12958
-15469
-18097
-18110
-13460
-8006
-2293
5865
13860
17771
16862
12778
8501
5136
1370
-2229
-4191
-5632
-7014
-6757
-5774
-6413
-8405
-10140
-10257
-8086
-4377
69
4801
8726
11250
12362
11564
8519
3655
-1607
-5492
-7482
-7971
-7364
-6242
-4632
-2457
-684
275
1031
1504
1513
1547
2090
3143
3416
1783
13
-503
-1694
-3641
-3732
-2493
-2022
-1231
1192
3638
4427
4144
3868
3313
2100
1083
787
467
-24
226
1268
2342
3367
4579
5790
6461
6266
5815
3890
-2285
-9479
-12311
-13208
-14423
-12203
-7118
-2821
2019
8239
12794
13528
10610
6530
4227
2965
895
-960
-1832
-2904
-4022
-4291
-4798
-6764
-9464
-11045
-9986
-6562
-2188
2415
6601
9640
11532
11790
9758
6044
1464
-3087
-6268
-7637
-7687
-7121
-6428
-5057
-2779
-777
447
1337
1936
2229
2369
2865
3774
3518
1689
467
26
-1576
-3449
-3734
-3675
-4039
-2722
365
2359
2711
3322
4168
3894
3063
2823
2486
1500
1048
1881
3141
4007
4829
5859
6099
4986
2226
-3874
-11415
-15155
-15783
-15822
-12773
-6937
-1758
3752
10401
15057
15719
12759
8381
5386
3451
786
-1833
-3279
-4445
-5339
-5017
-4943
-6694
-8829
-9667
-8579
-5398
-1452
2183
5954
9493
11941
13074
12130
8595
3477
-1602
-5578
-8236
-9816
-10378
-9677
-7519
-4394
-1243
1105
2370
3300
3994
3800
3805
4202
2785
494
173
223
-1484
-2946
-2984
-3319
-3991
-2996
-508
1071
1531
2795
4470
4784
4305
3871
2896
1638
1052
1270
1848
2778
4330
5844
6394
5030
-373
-8429
-13663
-15891
-17299
-15380
-10283
-5276
893
8956
15059
16444
13346
8135
3948
1331
-841
-2243
-2579
-2644
-2201
-927
-816
-3436
-7391
-10646
-11551
-9433
-5725
-1488
3362
7982
11560
13680
13249
9981
4973
-54
-3431
-5058
-5807
-5899
-5481
-4757
-3573
-2234
-1660
-1969
-1559
117
1508
3077
5387
5411
2986
2042
1850
-670
-3253
-3294
-2886
-3028
-1186
2174
3283
2570
3044
3762
3040
2068
1782
1482
1166
1771
2906
3746
4580
5010
4652
3022
-2704
-10393
-13764
-14648
-15577
-12657
-7209
-2974
2495
9803
15143
15885
12117
7313
4233
1388
-2006
-4247
-5162
-5952
-5951
-4158
-2965
-4625
-7235
-8294
-7300
-5010
-2454
631
4399
7631
10170
11748
10699
7132
2511
-2247
-5749
-7446
-8445
-8820
-7738
-5222
-2393
-682
85
1389
2825
3330
4292
6303
6905
5231
3819
3306
1234
-2192
-4119
-4593
-5088
-4293
-1439
1250
2848
4490
5955
6292
5758
5152
4779
4445
4388
4706
4806
4574
3956
2680
259
-5590
-13871
-18526
-19143
-18873
-15548
-9025
-3097
2848
10078
15983
17949
15590
11405
8447
6122
2806
-500
-3154
-6028
-8314
-8754
-9000
-10523
-11984
-11999
-9930
-5931
-1581
2439
6458
9954
12635
14203
13596
10768
6565
1793
-2396
-5777
-9075
-11931
-13571
-13715
-12153
-9689
-7225
-3789
681
4483
7975
11805
13480
11914
9961
8295
4466
-532
-3614
-5636
-7844
-8049
-5928
-3950
-2244
496
3820
6440
7976
9154
9984
9873
9469
8960
7857
6669
5403
3492
-483
-8420
-16477
-19822
-20926
-20576
-15913
-9537
-3937
3168
11664
17922
18987
15762
12135
9315
5808
1849
-1335
-3910
-6665
-8568
-8711
-9373
-11649
-13321
-12847
-10033
-5823
-1603
2966
7699
11208
13351
13819
11953
8410
4235
778
-1211
-2755
-4582
-6495
-8139
-9229
-10713
-12690
-12790
-10578
-7486
-2867
3366
8549
11107
12187
12504
10833
7036
3326
428
-2314
-3874
-3818
-3456
-3282
-2783
-1774
-742
302
2226
4706
6964
9223
11283
12680
12845
11371
8066
873
-9070
-15983
-19736
-22148
-20406
-15579
-10800
-4566
3193
9800
13466
13726
12803
12481
11717
10291
8845
6903
3691
-439
-4316
-8497
-13766
-18064
-19458
-18208
-14913
-9936
-3469
3670
9571
13536
15912
15907
13473
10222
6969
3752
498
-2817
-5409
-7535
-10316
-12868
-14480
-15018
-12639
-7606
-2444
2536
7589
10895
11478
10957
9445
5109
132
-1824
-2284
-2989
-2449
-985
-288
-71
746
1734
1828
1818
3192
5335
7148
8887
10297
10492
8982
4371
-3731
-11448
-16559
-20229
-20510
-16522
-12000
-7638
-1506
5135
9560
10577
9885
9770
9673
8927
8640
8605
7237
4227
845
-2612
-7177
-12013
-15124
-16029
-15118
-12656
-8448
-2703
3018
7497
10522
12132
12544
12015
11030
9794
7591
4201
-180
-5142
-9270
-12786
-16265
-16862
-13556
-9433
-4853
1549
7311
9837
10635
11278
9847
5539
1780
409
-635
-1815
-1713
-1265
-1794
-2117
-1220
51
1128
2466
4602
7235
9305
10609
11378
10773
7478
914
-6906
-12718
-16688
-19134
-17636
-13452
-10054
-6214
-313
4847
6516
5999
6029
6750
6950
7125
8127
8538
6654
3556
576
-3369
-8284
-12560
-15075
-14796
-12842
-10555
-6613
-1809
1159
3108
5669
7872
8612
8728
9352
9586
8351
6346
4307
1575
-2770
-7086
-8889
-9347
-9423
-7324
-3799
-1580
-341
1776
3934
4045
3100
3038
3125
2811
3068
3748
3511
2287
1445
1290
1301
1590
2277
3737
5652
7200
8767
8642
5962
3646
-710
-7998
-11492
-12078
-13195
-11234
-7019
-4439
-2593
-88
2702
3739
2525
2276
3504
4624
5815
6832
7050
5400
2524
531
-2387
-7062
-10439
-11895
-12004
-10749
-8830
-6107
-3265
-1460
201
1601
1908
1834
2230
3797
5480
5707
5658
5757
4385
2067
268
-1441
-3380
-4638
-4340
-3051
-2411
-2122
-1067
-216
-227
-414
-466
-209
504
1741
3325
4535
5349
6110
6604
6869
6597
5890
5556
5628
6327
6779
5743
3887
-676
-7852
-12408
-15018
-17471
-16110
-11649
-7686
-3125
3202
8693
10254
9332
9299
8956
7033
5812
6043
5591
3104
594
-1121
-4963
-9880
-12142
-12723
-13173
-12356
-9553
-5749
-2741
-476
1950
3710
4605
5753
6863
6681
5331
4159
3499
2277
29
-2257
-3556
-4382
-4655
-3214
-1447
-1192
-1274
-499
208
-146
-792
-536
267
888
1840
3252
3925
3490
3167
3376
3298
3153
3668
4794
6107
6909
7238
6669
4242
929
-3776
-9878
-13840
-15614
-15851
-12213
-6887
-3261
393
4607
7282
7860
7814
7852
6496
5063
5795
6297
4883
2955
1150
-1376
-5319
-8540
-9518
-10448
-11146
-9688
-7456
-5546
-3282
-331
2511
4001
5109
6693
7291
6821
6161
4972
3223
1211
-882
-2817
-4448
-5176
-4577
-3372
-2295
-1406
-295
1015
1721
1919
2104
1977
1889
2339
2724
2800
2597
2114
1975
1917
1271
699
782
1432
2654
4445
5984
6244
5703
4036
143
-4387
-8425
-12460
-14547
-13741
-11944
-9381
-5788
-2082
942
3187
4964
5791
5867
6574
7640
7986
7724
7016
5381
2680
-459
-3917
-7699
-10247
-11089
-11219
-10088
-7903
-5964
-3754
-587
2241
3691
4767
5755
5794
5600
5872
5500
4248
2963
1572
36
-1327
-2528
-3240
-3155
-2528
-1579
-474
595
1464
2002
2471
2881
2967
2817
2488
2573
3282
3684
3792
3898
3591
2929
2242
1796
1580
1287
1443
1600
683
-442
-2353
-5270
-7086
-8094
-9002
-9085
-8120
-6221
-4322
-2433
-256
1084
1931
2689
2941
3332
3427
3283
3660
3317
2454
1660
76
-1582
-3045
-4751
-6098
-6658
-6430
-5788
-4683
-2653
-586
1046
2731
3644
3562
3208
2583
1860
1258
930
931
1025
1133
930
371
-92
-419
-648
-736
-505
215
1178
2421
3645
4065
3892
3516
2848
2242
2024
2090
2169
2277
2785
3481
3805
3556
2934
2065
571
-1138
-2033
-2854
-4345
-5176
-5212
-5433
-5294
-4612
-4255
-4066
-3457
-2612
-1875
-1139
-182
614
1053
1516
1707
1318
780
280
-176
-535
-923
-1169
-1151
-1078
-935
-975
-1413
-1776
-1787
-1466
-863
-147
560
1100
1637
2187
2197
1726
965
-149
-885
-973
-833
-374
420
1402
2246
2518
2569
2528
1858
1000
654
549
496
649
1102
1836
2293
2337
2345
1957
1208
729
600
628
762
1291
1870
1833
1644
1094
-453
-1867
-2629
-3438
-4010
-4005
-3659
-3330
-3267
-2942
-2760
-3337
-3307
-2838
-2707
-1737
-284
686
1631
2379
2309
1678
1075
470
-255
-691
-728
-483
-88
129
250
376
284
177
265
330
269
398
792
1074
1181
1060
655
143
-404
-793
-802
-512
-92
548
1279
1607
1647
1706
1633
1353
1148
1128
1198
1420
1599
1640
1656
1319
593
-12
-353
-720
-913
-547
-16
436
979
1274
1170
885
362
-240
-744
-1173
-1585
-1928
-2204
-2630
-3052
-3364
-3473
-3343
-3197
-2756
-2137
-1639
-749
28
203
605
1077
1151
1265
1282
932
569
264
-57
-405
-702
-690
-296
392
1180
1765
1994
1977
1836
1419
619
-165
-690
-1044
-1126
-942
-618
-427
-397
-132
117
61
119
366
732
1424
2159
2532
2695
2618
2118
1482
749
-212
-1088
-1668
-1915
-1758
-1420
-1139
-733
-176
299
766
1323
1659
1752
2015
2260
2040
1432
550
-568
-1619
-2295
-2574
-2699
-2808
-2664
-2285
-1857
-1268
-716
-227
413
994
1570
2044
2026
1719
1339
743
-163
-1129
-1751
-2093
-2139
-1757
-1172
-528
-54
220
484
418
108
-15
28
253
549
673
690
609
358
-70
-705
-1360
-1886
-2126
-1789
-1104
-354
332
796
1265
1643
1641
1476
1054
649
513
306
266
184
-290
-621
-619
-516
-462
-383
-90
357
899
1446
1802
1799
1477
1109
784
287
-289
-729
-945
-861
-728
-755
-666
-382
-136
241
708
1035
1237
1456
1799
1893
1617
1221
535
-186
-657
-1033
-1297
-1498
-1467
-1163
-871
-484
-99
93
184
170
1
-288
-596
-885
-1106
-1217
-1144
-1020
-1099
-1042
-837
-844
-920
-896
-616
-246
36
393
544
389
110
-228
-527
-891
-1149
-1202
-1038
-651
-416
-154
372
784
1071
1353
1569
1666
1565
1341
1105
691
102
-226
-261
-286
-206
-11
146
206
254
336
448
726
980
1233
1628
1899
2050
1940
1532
1163
661
194
11
-187
-429
-566
-624
-639
-692
-808
-925
-1052
-1095
-819
-459
-142
136
231
347
326
44
-288
-756
-1168
-1353
-1480
-1357
-1205
-1173
-897
-489
-208
-39
-112
-130
-55
-61
62
157
79
14
-117
-323
-617
-1045
-1328
-1410
-1107
-491
96
783
1466
1849
1914
1638
1136
428
-268
-646
-755
-825
-787
-555
-376
-210
-4
290
794
1277
1802
2474
2760
2777
2653
2103
1363
610
-148
-699
-1080
-1250
-1312
-1310
-1160
-1105
-1120
-1028
-935
-694
-354
50
575
966
1280
1496
1189
650
-13
-923
-1538
-1896
-2067
-1817
-1374
-825
-235
169
287
176
145
115
248
425
494
671
725
585
432
19
-574
-1064
-1147
-1039
-831
-309
10
206
499
524
478
316
178
271
222
242
320
322
459
424
190
-46
-275
-379
-327
-36
348
657
1064
1501
1660
1613
1350
888
502
-5
-440
-592
-819
-943
-1048
-1241
-1298
-1421
-1507
-1524
-1383
-993
-529
6
462
706
845
858
761
639
282
-158
-283
-454
-682
-732
-969
-1082
-1012
-851
-373
192
840
1464
1774
2126
1949
1394
888
146
-507
-771
-997
-873
-671
-566
-436
-443
-574
-457
-365
-293
52
418
915
1326
1701
1872
1503
1214
725
-114
-461
-1092
-1373
-1082
-936
-467
-17
304
710
780
1073
1162
953
1087
855
603
417
-273
-844
-1311
-1996
-2268
-2259
-2099
-1502
-818
-230
510
731
780
704
357
161
-71
-233
-222
-326
-219
-319
-419
-470
-726
-862
-863
-564
-184
352
949
1293
1654
1517
1151
900
139
-376
-752
-961
-879
-785
-447
-129
100
167
40
60
-166
-172
30
128
561
782
1039
1250
937
866
450
85
7
-281
-304
-251
-61
228
346
697
708
608
706
580
510
377
224
-1
-206
-428
-563
-781
-1077
-1060
-999
-902
-460
-372
-18
48
54
280
25
-61
-110
-363
-376
-478
-538
-653
-667
-459
-395
-215
14
271
461
584
750
647
487
297
-6
-45
-273
-284
-228
-307
-283
-328
-379
-378
-493
-557
-506
-456
-270
-44
225
471
713
706
872
670
409
253
34
-54
-108
-119
-43
-43
-16
-54
59
-86
-84
191
166
500
516
574
779
600
687
488
108
86
-170
-193
-117
-399
-488
-800
-770
-633
-592
-325
26
206
534
717
545
450
331
61
25
-39
-185
-66
-22
131
185
71
-12
-124
-249
-394
-273
-269
-282
-65
-116
-68
-49
-310
-273
-417
-444
-362
-201
-43
192
278
395
439
227
103
-130
-335
-235
-473
-388
-285
-571
-364
-277
-378
-124
-273
-85
267
224
646
776
696
876
669
549
468
-164
-237
-444
-618
-548
-494
-443
-257
-18
110
235
432
216
438
385
197
544
424
360
570
247
440
426
260
416
58
155
-12
-172
-81
-386
-450
-422
-372
-258
-279
-37
-70
-60
86
-143
-17
-89
-166
-3
-189
-2
81
-24
233
178
9
23
-46
-256
-253
-439
-384
-275
-417
-167
-78
-249
-3
-123
-195
37
-216
79
126
68
507
353
324
508
-23
121
40
-213
-240
-552
-530
-406
-456
-31
118
186
548
457
559
484
393
356
505
364
275
416
12
-85
-220
-535
-482
-556
-471
-210
-230
130
-43
-58
-37
-355
-58
-269
-53
39
-132
262
13
29
209
-130
-14
-262
-122
-142
-162
258
164
207
291
39
-11
-74
-346
-193
-236
-124
79
198
180
341
238
92
129
-229
-30
-84
-50
254
385
362
666
296
206
-34
-367
-368
-597
-462
-227
-170
295
333
295
364
201
257
120
325
319
343
478
306
267
105
-418
-435
-891
-1087
-888
-1014
-584
-411
-272
32
-69
-16
-50
-164
-57
-57
-56
151
121
179
182
95
-82
-204
-334
-401
-219
-258
6
121
-24
207
7
62
130
5
276
299
523
603
511
485
96
66
-54
-349
-70
-281
94
343
397
638
280
298
211
-152
-88
-164
-77
-39
122
359
354
529
463
519
430
144
289
69
-55
189
-76
208
100
-174
-119
-609
-619
-710
-774
-717
-615
-457
-297
-135
44
-70
164
45
69
39
-203
-226
-364
-181
-227
-168
73
-190
149
19
-215
57
-367
-148
-76
-327
118
-203
130
268
130
463
86
300
288
86
373
4
101
168
24
250
89
140
-63
-22
-201
-353
-114
-153
78
273
433
630
653
860
668
552
489
26
367
-5
-122
82
-333
-55
-122
-316
111
-217
-10
237
-110
328
145
184
332
-29
118
-168
-218
-99
-445
-312
-414
-561
-502
-429
-286
-210
62
112
201
152
9
-65
-370
-102
-484
-441
-152
-410
-68
-109
-266
-15
-399
32
-14
-128
456
81
287
174
-137
-330
-495
-469
-404
-173
-6
53
199
133
184
41
-24
42
-256
147
182
225
652
417
567
425
282
347
-60
0
-235
-209
28
-93
190
93
103
166
117
106
181
291
391
580
453
505
359
-109
-7
-237
-639
-411
-669
-491
-296
-288
50
-5
100
204
144
78
99
-116
36
53
-162
103
-108
-204
-144
-479
-562
-555
-682
-494
-335
-256
21
57
145
292
-53
11
-78
-210
-54
-124
-166
-202
-108
-55
-169
-172
-262
-367
-80
89
374
643
643
830
698
529
439
61
-184
-234
-519
-363
-285
-327
-3
1
95
239
277
355
571
549
661
638
435
467
114
44
-23
-391
-370
-335
-493
-239
-237
-75
97
103
189
273
80
-46
-67
-281
-251
-232
-213
-2
-37
-35
125
-150
-28
-100
-222
-26
-126
-165
-23
-71
50
183
153
165
3
-48
-66
-100
-178
-67
-96
-23
140
184
296
179
169
30
-70
-68
-29
68
121
147
107
72
123
67
107
167
-62
32
-53
-134
30
75
128
167
140
118
172
93
93
-4
-33
99
79
182
38
-177
-174
-377
-299
-194
-196
-67
-51
-69
-129
-181
-162
-140
-130
-9
121
121
51
105
-95
-257
-220
-395
-330
-146
-63
44
127
202
318
386
440
328
106
41
-85
-87
-30
74
160
167
218
146
-18
44
60
52
209
197
209
327
298
220
117
-58
-248
-307
-347
-376
-206
-101
22
128
47
-27
-91
-97
-48
75
226
365
264
62
-126
-352
-427
-397
-224
-162
-181
-103
-199
-339
-295
-357
-223
-31
-23
57
-55
-262
-412
-406
-396
-295
-167
-90
-86
-284
-396
-388
-372
-142
193
452
711
653
550
350
30
-78
-76
13
258
404
500
475
406
362
275
408
524
724
781
674
461
159
6
32
79
171
143
42
-41
-149
-184
-195
-175
11
128
185
237
99
-34
-145
-291
-321
-249
-280
-258
-263
-402
-564
-712
-720
-777
-692
-561
-526
-386
-386
-377
-275
-338
-287
-302
-386
-395
-535
-596
-643
-640
-585
-385
-228
-131
29
37
107
173
239
322
281
346
445
573
703
666
568
388
206
277
431
612
896
1102
1272
1293
1238
1177
1060
1008
1042
1081
1094
986
920
784
626
524
453
511
434
315
158
-78
-238
-264
-186
-151
-254
-481
-811
-1078
-1335
-1518
-1590
-1696
-1689
-1651
-1639
-1642
-1769
-1848
-1817
-1652
-1293
-888
-618
-459
-474
-598
-676
-747
-716
-615
-445
-200
6
113
252
304
412
604
796
971
977
888
771
653
669
810
921
962
819
564
359
224
329
513
691
885
994
1185
1335
1483
1559
1453
1462
1579
1629
1724
1683
1552
1416
1357
1383
1371
1134
515
10
-294
-346
56
382
398
-78
-844
-1344
-1647
-1707
-1633
-1743
-2090
-2491
-2733
-2689
-2728
-2759
-2798
-2786
-2486
-2028
-1549
-1235
-1277
-1324
-1040
-546
31
424
445
140
-194
-179
174
616
986
1064
1079
914
769
815
716
679
742
840
1020
914
622
207
-264
-347
-293
-108
-70
-315
-525
-654
-576
-233
162
372
537
551
605
740
816
938
1041
1154
1430
1654
1685
1573
1282
1192
1383
1669
2032
2259
2231
2265
2274
2263
1923
1057
452
37
-77
210
199
-375
-1372
-2284
-2516
-2232
-1900
-1740
-2062
-2892
-3473
-3501
-3080
-2618
-2459
-2419
-2419
-2428
-2253
-1950
-1855
-1861
-1625
-986
-153
468
746
651
400
459
1042
1827
2349
2312
2008
1748
1588
1709
1874
1717
1301
943
733
737
601
246
-213
-620
-678
-412
-180
-297
-702
-1223
-1408
-1186
-849
-590
-690
-948
-1008
-897
-534
-142
75
235
423
804
1238
1466
1610
1654
1719
1948
2251
2546
2513
2242
2047
2064
2316
2635
2820
2649
2040
1049
418
354
414
741
759
138
-879
-1879
-2231
-2076
-1960
-1950
-2243
-2918
-3558
-3853
-3662
-3385
-3266
-3018
-2695
-2537
-2372
-2224
-2116
-2010
-1808
-1070
-207
322
498
381
285
346
839
1616
2121
2159
1885
1666
1664
1803
2053
2191
1882
1480
1288
1083
878
601
162
-236
-441
-444
-372
-586
-931
-1302
-1547
-1463
-1214
-973
-1001
-1187
-1310
-1257
-1059
-758
-560
-484
-324
-87
243
566
680
818
1028
1347
1819
2123
2225
2229
2285
2574
2897
3071
3096
2975
2933
2954
2981
2608
1713
1000
656
711
1096
1067
317
-966
-2107
-2363
-2015
-1679
-1709
-2383
-3389
-4093
-4133
-3652
-3361
-3468
-3716
-3861
-3731
-3314
-2897
-2650
-2597
-2393
-1609
-675
-30
187
104
156
628
1521
2487
2885
2554
2076
1886
2124
2645
2975
2908
2525
2013
1850
1786
1639
1329
718
399
295
102
-176
-747
-1379
-1857
-1964
-1719
-1665
-2045
-2556
-2793
-2670
-2189
-1588
-1213
-1232
-1371
-1186
-691
-154
186
338
443
630
986
1447
1786
1897
1896
2133
2576
3003
3318
3440
3312
3133
3169
3375
3608
3507
3106
2363
1350
788
754
840
902
505
-378
-1397
-2240
-2379
-2145
-2146
-2397
-2961
-3575
-4031
-4119
-3693
-3423
-3501
-3542
-3513
-3386
-3156
-2810
-2290
-1878
-1527
-840
-145
190
314
471
871
1395
1966
2582
2754
2423
2122
2191
2549
2858
2937
2778
2368
1917
1779
1828
1717
1283
610
142
-257
-721
-968
-1356
-1889
-2162
-2232
-2207
-2284
-2613
-2897
-2952
-2684
-2172
-1794
-1678
-1751
-1788
-1434
-834
-287
-27
-72
-51
197
728
1452
1909
2055
2108
2212
2525
2925
3145
3120
3034
3019
3185
3339
3293
3023
2740
2680
2849
2986
2712
1784
696
185
202
639
904
384
-810
-2097
-2671
-2342
-1836
-1746
-2276
-3240
-4056
-4344
-3923
-3307
-3213
-3516
-3687
-3570
-3326
-2925
-2472
-2221
-2054
-1602
-869
-297
-244
-353
-126
448
1193
1952
2367
2077
1475
1331
1885
2581
2939
2918
2550
2039
1752
1890
2169
1984
1426
938
639
421
109
-266
-675
-1235
-1611
-1508
-1515
-1949
-2489
-2906
-3018
-2798
-2472
-2161
-2183
-2467
-2499
-2150
-1589
-1159
-918
-727
-570
-275
299
875
1272
1471
1672
2091
2500
2794
3019
3105
3084
3216
3560
3811
3719
3386
3118
3027
3049
3192
3289
3053
2702
2430
2291
2044
1319
578
159
-174
-241
-257
-782
-1762
-2923
-3444
-3223
-3032
-3118
-3562
-4374
-5023
-5055
-4353
-3486
-3279
-3499
-3561
-3462
-3108
-2455
-1779
-1368
-1257
-893
-122
441
628
676
730
988
1401
1961
2473
2310
1794
1691
2014
2442
2659
2559
2146
1499
1117
1297
1594
1519
1036
507
137
-163
-290
-325
-565
-1005
-1421
-1506
-1455
-1699
-2045
-2176
-2165
-2098
-1901
-1719
-1776
-1988
-1915
-1312
-595
-166
-3
26
26
168
718
1440
1803
1812
1781
1872
2149
2407
2597
2653
2451
2248
2274
2445
2505
2334
2156
2089
2092
2138
2118
1960
1575
1295
1330
1499
1562
1256
485
-381
-769
-809
-642
-523
-1052
-2006
-2911
-3245
-2920
-2473
-2286
-2606
-3207
-3728
-3887
-3487
-2858
-2583
-2691
-2734
-2588
-2422
-2170
-1732
-1383
-1268
-971
-331
160
329
327
471
889
1320
1837
2279
2180
1605
1231
1426
1841
2031
2062
1905
1427
1029
1038
1327
1379
1029
705
574
376
193
155
26
-296
-669
-767
-692
-1042
-1484
-1656
-1778
-1724
-1438
-1180
-1100
-1241
-1351
-1079
-619
-240
-79
-73
-102
-151
83
612
914
962
965
988
1202
1442
1618
1763
1756
1722
1860
2078
2183
2067
1805
1638
1577
1564
1574
1491
1284
1077
953
986
1058
1008
917
811
722
573
198
-148
-369
-536
-510
-474
-754
-1384
-2143
-2575
-2504
-2241
-2102
-2227
-2644
-3173
-3417
-3114
-2548
-2267
-2265
-2287
-2249
-2153
-1878
-1436
-1179
-1175
-1120
-763
-367
-191
-66
126
344
608
1029
1533
1652
1353
1131
1253
1480
1634
1828
1840
1496
1119
1093
1341
1448
1353
1244
1075
844
660
692
720
522
283
231
194
-78
-415
-650
-832
-958
-847
-656
-722
-1049
-1351
-1382
-1152
-836
-561
-421
-540
-759
-725
-369
-13
200
334
344
266
287
483
751
943
1024
1122
1264
1300
1278
1339
1414
1459
1506
1569
1507
1204
928
940
1092
1211
1225
1021
737
476
441
696
832
539
-14
-425
-605
-622
-446
-375
-831
-1555
-2034
-2080
-1918
-1818
-1903
-2218
-2646
-2907
-2765
-2374
-2190
-2279
-2364
-2251
-2008
-1777
-1472
-1269
-1334
-1235
-715
-91
293
377
376
389
574
1071
1630
1947
1829
1473
1366
1534
1732
1994
2173
2028
1719
1516
1571
1633
1523
1420
1350
1243
1134
1035
893
605
232
86
143
104
-159
-630
-1102
-1506
-1681
-1421
-1163
-1290
-1597
-1935
-2085
-1886
-1584
-1292
-1130
-1275
-1426
-1281
-970
-638
-383
-190
-44
57
267
513
704
783
847
1055
1290
1452
1508
1463
1387
1340
1386
1503
1509
1371
1198
1075
1106
1242
1346
1338
1180
1035
964
1002
1148
1129
842
403
69
-26
-4
53
-25
-435
-1002
-1410
-1504
-1388
-1305
-1413
-1653
-1959
-2201
-2154
-1894
-1671
-1653
-1697
-1637
-1570
-1472
-1291
-1103
-1005
-890
-631
-273
-17
51
134
244
382
615
849
957
854
664
635
768
925
1011
1015
949
857
832
940
1024
914
745
635
628
666
647
560
319
-8
-181
-209
-218
-312
-513
-764
-894
-910
-896
-868
-945
-1118
-1208
-1145
-1064
-1001
-963
-962
-862
-639
-364
-139
-68
-97
-59
135
452
780
943
895
750
674
737
886
1050
1084
949
801
711
703
740
790
823
851
909
954
1000
1003
1003
1046
1139
1300
1354
1278
1233
1135
1035
982
914
853
690
572
552
389
132
-156
-484
-743
-917
-1051
-1163
-1417
-1790
-2053
-2188
-2216
-2212
-2266
-2277
-2332
-2370
-2192
-1953
-1853
-1825
-1751
-1555
-1295
-980
-672
-598
-660
-634
-428
-42
362
570
643
631
636
809
1105
1384
1518
1489
1503
1543
1518
1499
1429
1297
1162
1121
1094
967
750
416
123
9
-18
-50
-114
-289
-606
-849
-953
-977
-984
-1050
-1115
-1194
-1241
-1222
-1176
-1132
-1126
-1037
-784
-471
-196
-9
93
158
277
545
874
1113
1202
1179
1137
1154
1200
1246
1321
1327
1312
1384
1497
1526
1434
1306
1229
1261
1350
1471
1475
1302
1074
881
831
864
873
840
755
573
236
-45
-243
-493
-602
-580
-639
-810
-1111
-1489
-1787
-1967
-2015
-1934
-1910
-2018
-2192
-2312
-2269
-2163
-2037
-1849
-1691
-1594
-1400
-1126
-900
-798
-755
-627
-436
-202
100
316
367
306
259
371
572
712
824
892
833
761
735
762
757
682
669
706
677
575
425
243
29
-101
-46
84
114
4
-141
-278
-381
-370
-256
-153
-179
-246
-230
-176
-104
-17
67
145
187
268
452
599
619
583
586
620
665
774
900
906
805
681
614
573
510
477
467
441
392
347
312
217
67
0
70
179
254
264
185
51
-33
57
266
457
550
541
484
421
420
499
605
657
666
634
569
490
360
241
178
104
28
-50
-215
-410
-616
-791
-875
-961
-1071
-1169
-1320
-1479
-1578
-1667
-1734
-1797
-1880
-1922
-1896
-1811
-1700
-1593
-1492
-1443
-1376
-1233
-1033
-817
-582
-393
-279
-171
-70
72
263
466
639
783
883
913
934
954
975
1021
1094
1167
1183
1147
1065
946
843
776
730
697
620
470
323
178
55
24
16
1
5
-61
-106
-106
-141
-118
-68
-40
6
35
80
114
121
180
207
235
315
350
426
491
496
540
535
513
559
573
565
567
472
409
365
311
335
309
235
186
84
49
82
45
50
49
-30
-53
-9
-29
-19
-13
-68
-71
-104
-103
-58
-62
-25
15
27
28
2
-49
-84
-64
-29
-3
-28
-115
-258
-381
-422
-449
-502
-558
-710
-914
-1028
-1059
-1038
-998
-989
-1037
-1130
-1168
-1143
-1093
-996
-945
-944
-921
-905
-857
-748
-649
-547
-450
-355
-264
-159
-75
25
154
258
412
567
657
717
743
741
770
844
893
944
954
918
935
918
947
1000
948
913
897
839
811
720
675
565
406
381
325
236
186
70
-15
-58
-130
-122
-125
-171
-255
-288
-275
-262
-305
-286
-281
-393
-411
-351
-395
-374
-410
-469
-412
-455
-385
-248
-229
-175
-119
-100
16
82
166
282
349
385
420
442
488
492
554
668
636
616
542
439
410
371
380
391
270
191
65
-38
-91
-186
-226
-287
-342
-322
-355
-354
-373
-470
-462
-429
-377
-294
-264
-270
-286
-284
-238
-168
-108
-95
-124
-148
-148
-159
-122
-92
-112
-96
-112
-94
-50
-74
-60
-63
-80
-54
-43
-36
-49
-101
-136
-135
-166
-190
-247
-307
-317
-334
-324
-242
-294
-356
-339
-405
-314
-227
-203
-54
-88
-105
-56
-59
39
87
194
305
268
290
317
312
379
371
408
446
385
330
353
307
198
199
132
47
0
-64
-61
-92
-142
-141
-155
-144
-145
-83
0
32
85
150
191
223
247
341
387
461
518
544
616
584
586
629
622
624
648
620
581
545
458
404
390
292
237
192
71
14
-95
-163
-192
-308
-324
-359
-401
-423
-499
-476
-533
-566
-513
-526
-522
-479
-479
-452
-392
-375
-329
-261
-220
-139
-88
-37
59
59
130
215
192
262
244
209
216
152
92
57
-13
-73
-108
-159
-216
-291
-382
-397
-427
-462
-467
-546
-558
-616
-659
-554
-588
-576
-530
-569
-474
-464
-425
-298
-335
-264
-197
-187
-105
-147
-114
-62
-42
42
84
116
94
72
90
167
221
302
363
383
412
450
500
635
650
702
755
730
792
773
804
844
778
833
818
798
807
691
670
595
548
549
498
443
332
235
156
127
79
15
-39
-165
-269
-291
-391
-348
-410
-472
-440
-546
-544
-559
-608
-597
-629
-595
-600
-571
-558
-557
-523
-479
-406
-317
-262
-200
-207
-125
-69
-19
131
99
162
136
104
206
154
229
239
117
151
33
16
42
-65
-10
-95
-123
-106
-191
-166
-213
-243
-211
-249
-200
-226
-228
-219
-231
-189
-175
-119
-120
-100
-74
-65
-27
-6
52
72
116
155
155
190
204
184
256
237
272
287
247
320
257
291
316
278
295
270
284
312
272
321
295
268
281
230
292
236
243
233
171
194
151
130
167
117
139
161
150
147
107
68
35
3
-15
15
-34
-74
-124
-194
-223
-239
-252
-271
-306
-332
-382
-383
-362
-377
-351
-371
-372
-356
-364
-346
-325
-329
-313
-289
-229
-202
-168
-111
-98
-51
-17
62
93
106
144
105
110
143
115
161
146
88
90
43
52
76
52
58
15
-18
11
22
60
95
70
79
51
93
98
106
132
102
74
102
80
95
95
84
92
73
55
49
44
5
46
21
28
-5
-36
-62
-72
-89
-70
-90
-122
-121
-172
-144
-137
-150
-130
-143
-188
-152
-168
-161
-126
-166
-120
-103
-103
-26
-5
-9
73
61
152
192
187
272
232
284
332
316
405
317
329
313
249
317
248
253
248
126
151
83
24
6
-77
-62
-131
-152
-141
-238
-237
-302
-287
-254
-285
-206
-266
-268
-260
-291
-223
-215
-218
-176
-222
-173
-179
-144
-91
-94
-47
-50
5
16
43
95
117
171
187
222
245
228
273
264
306
337
315
353
295
285
286
254
316
264
249
255
169
186
111
115
74
-2
18
-59
-84
-119
-180
-189
-258
-217
-235
-288
-245
-397
-375
-403
-450
-364
-429
-407
-395
-465
-401
-430
-383
-355
-366
-281
-271
-212
-125
-83
4
61
111
171
248
286
336
415
420
459
512
488
553
516
530
536
499
511
473
438
407
342
335
276
252
190
102
60
-57
-72
-157
-194
-225
-337
-334
-428
-456
-441
-499
-465
-478
-514
-465
-521
-465
-480
-467
-376
-418
-332
-287
-271
-191
-139
-85
-20
18
88
112
187
216
283
343
349
406
404
412
437
432
450
426
407
386
334
341
288
293
248
219
217
119
112
41
-44
-75
-129
-179
-175
-270
-280
-365
-384
-426
-454
-432
-490
-452
-484
-463
-441
-466
-401
-375
-376
-294
-295
-215
-192
-168
-80
-73
39
109
136
246
256
296
396
415
497
558
579
638
635
613
652
648
593
621
578
534
508
436
391
354
239
254
147
96
55
-55
-72
-155
-219
-249
-333
-366
-436
-480
-447
-523
-501
-527
-544
-529
-536
-489
-483
-447
-428
-410
-358
-339
-273
-220
-219
-132
-131
-118
39
-2
81
151
98
201
181
197
301
224
290
299
231
287
246
238
260
178
205
162
126
132
81
52
45
3
-34
-45
-87
-117
-120
-132
-155
-156
-178
-188
-194
-197
-162
-182
-156
-142
-146
-132
-101
-79
-56
-18
-14
26
32
36
119
98
157
238
196
279
275
249
338
291
344
401
315
419
329
331
373
284
348
297
251
283
188
176
169
77
84
50
1
-41
-67
-140
-186
-195
-265
-224
-294
-302
-308
-377
-322
-314
-310
-231
-283
-256
-241
-240
-179
-185
-138
-140
-140
-95
-113
-45
-59
-46
-13
-40
22
0
22
38
-6
77
41
66
71
-28
44
-32
-11
24
-48
-6
-80
-109
-66
-156
-89
-152
-135
-173
-186
-164
-193
-167
-174
-182
-125
-174
-122
-122
-127
-32
-65
48
59
60
130
80
152
171
187
281
220
238
213
190
225
193
235
202
170
209
97
202
105
136
172
55
170
88
73
154
32
104
90
56
126
28
72
51
21
72
46
53
33
36
24
2
47
3
21
15
-32
8
-72
-17
-41
-65
-39
-85
-83
-71
-137
-74
-130
-136
-115
-177
-131
-197
-168
-198
-197
-172
-219
-185
-196
-240
-172
-210
-147
-140
-159
-80
-125
-59
-44
-38
14
12
28
61
32
53
69
83
110
140
130
157
137
127
152
146
169
179
145
151
127
102
134
109
91
114
55
60
64
17
34
8
-18
-11
-42
-70
-34
-105
-62
-92
-117
-99
-111
-128
-85
-132
-84
-92
-78
-59
-19
-30
38
21
46
89
97
116
158
163
189
219
199
256
197
279
233
241
246
232
203
243
157
194
144
109
139
38
49
18
-49
-53
-104
-131
-133
-200
-189
-227
-259
-270
-292
-304
-323
-324
-321
-333
-322
-342
-314
-317
-282
-274
-244
-215
-220
-176
-166
-135
-85
-58
19
32
44
80
80
114
150
178
222
208
243
228
220
265
221
263
238
215
234
197
201
174
145
135
114
102
80
34
45
-20
3
-4
-48
-29
-89
-82
-92
-109
-98
-94
-120
-103
-134
-130
-126
-147
-89
-134
-105
-97
-120
-79
-80
-85
-38
-49
-44
3
-34
8
31
7
73
79
64
131
73
115
130
85
153
125
122
175
124
152
137
108
147
106
124
116
93
99
99
56
87
51
43
41
42
-9
21
-25
-50
-16
-80
-68
-61
-121
-85
-93
-137
-74
-142
-121
-115
-145
-107
-112
-119
-96
-117
-114
-81
-100
-58
-58
-47
-43
-30
-33
-6
-2
7
22
10
28
9
25
-2
32
4
41
18
22
12
8
-7
5
1
-13
19
-41
-4
-35
-60
-32
-51
-85
-32
-98
-60
-91
-102
-90
-108
-74
-48
-66
-35
-57
-46
-16
-16
12
27
28
24
71
11
80
60
52
101
75
84
121
67
108
90
63
123
68
102
98
90
90
93
94
83
97
74
75
82
70
112
77
83
90
44
83
79
39
74
-1
23
19
-12
30
-16
-25
-12
-49
-28
-43
-37
-32
-33
-46
-27
-45
-28
-33
-30
-40
-28
-36
-46
-21
-73
-35
-68
-54
-41
-70
-44
-51
-84
-60
-65
-84
-50
-109
-68
-91
-107
-83
-100
-96
-89
-92
-82
-75
-92
-59
-70
-56
-37
-40
-13
-23
-17
-4
0
9
20
30
42
45
41
57
46
65
64
88
87
83
98
74
92
93
84
83
82
64
69
55
54
51
33
31
26
-7
8
-7
-6
7
-4
-4
9
-32
9
-12
7
16
0
30
5
37
13
45
30
66
69
73
66
80
63
96
99
96
112
72
97
62
62
67
58
63
48
22
25
-11
-2
-14
-19
-29
-32
-64
-43
-91
-98
-81
-119
-109
-113
-144
-143
-145
-168
-136
-156
-152
-141
-158
-132
-149
-125
-122
-100
-100
-71
-72
-65
-63
-62
-27
-56
0
-19
-7
5
4
12
37
36
51
57
61
64
60
73
66
80
64
59
88
36
71
62
39
61
52
53
51
44
26
39
12
26
12
15
-10
11
-16
-4
4
-36
-4
-38
-17
-4
-18
16
-7
-1
24
10
22
42
14
66
22
58
68
31
85
45
76
66
87
63
79
53
69
59
69
69
70
44
55
38
6
39
6
15
5
-20
-5
-50
-33
-41
-69
-51
-83
-77
-99
-91
-123
-126
-114
-140
-126
-128
-139
-133
-138
-144
-107
-154
-92
-115
-103
-75
-94
-61
-71
-45
-45
-14
-26
12
2
11
32
43
30
64
63
60
92
64
109
86
102
119
81
113
90
99
110
97
103
91
95
99
84
97
82
70
58
54
49
36
30
42
2
19
-10
-3
-33
-26
-29
-43
-40
-31
-49
-52
-38
-73
-42
-54
-45
-50
-50
-44
-39
-34
-39
-18
-30
-27
-16
2
-20
34
2
14
15
3
18
33
7
42
6
30
34
15
46
23
17
20
5
14
12
-6
14
-18
-15
-20
-34
-34
-38
-36
-52
-40
-67
-40
-54
-57
-27
-60
-37
-12
-45
-21
-10
-29
0
-13
2
11
0
21
5
18
16
26
22
23
22
21
14
24
24
15
45
9
32
14
26
31
16
40
28
25
44
20
34
40
21
52
16
27
27
0
32
5
-4
18
-22
2
-24
-16
-21
-28
-25
-44
-29
-56
-44
-50
-62
-48
-55
-75
-30
-100
-35
-60
-74
-25
-79
-33
-44
-54
-16
-23
-21
17
-16
14
17
18
34
44
43
56
69
56
88
69
85
90
80
82
91
66
88
68
62
71
53
51
45
33
24
32
13
19
4
-4
-14
-21
-27
-25
-49
-30
-51
-48
-52
-60
-57
-73
-51
-61
-55
-50
-59
-44
-54
-46
-29
-43
-4
-25
-19
1
-30
9
-5
6
25
5
27
21
23
28
23
35
27
39
31
22
27
-3
19
11
-2
4
-22
-16
-19
-35
-23
-39
-54
-48
-59
-58
-62
-61
-74
-68
-83
-82
-66
-92
-58
-68
-72
-32
-77
-28
-43
-39
-4
-15
16
17
7
35
18
47
45
64
62
63
93
68
94
100
77
127
83
120
121
90
140
103
108
118
84
114
95
74
96
42
62
52
43
39
29
6
3
-10
-28
-19
-50
-42
-47
-70
-61
-69
-92
-66
-94
-70
-71
-83
-57
-68
-70
-47
-61
-47
-26
-45
-31
-23
-48
-12
-16
-29
17
-38
-3
2
-29
15
-9
-7
14
-8
7
7
-13
6
-15
-9
-9
-11
-13
-23
-12
-44
-9
-36
-26
-13
-44
-27
-30
-41
-18
-28
-29
1
-38
4
-8
-12
6
-7
7
28
13
43
41
28
55
38
49
67
51
64
69
51
58
59
51
61
68
45
70
53
48
64
53
52
59
45
55
36
38
34
22
33
7
13
9
-11
5
-18
-19
-19
-32
-32
-34
-50
-37
-49
-49
-46
-64
-50
-68
-55
-59
-54
-52
-56
-47
-50
-50
-40
-43
-39
-30
-27
-26
-27
-24
-32
-10
-13
-19
3
-8
-12
-3
-8
4
11
9
16
16
15
20
18
19
22
14
20
13
18
15
19
19
18
2
28
15
12
23
10
27
18
20
22
20
10
21
18
22
25
17
19
17
20
18
19
17
19
11
26
9
18
8
15
10
8
4
7
-1
3
-6
1
0
-1
8
-7
3
-6
-2
-2
3
0
-5
3
-4
-6
4
-8
1
3
-11
14
-15
2
1
-5
1
-3
-4
-7
-16
-1
-21
-12
-6
-28
-11
-30
-25
-24
-28
-22
-22
-28
-24
-30
-18
-25
-25
-21
-35
-21
-19
-25
-18
-15
-27
-6
-19
-18
-14
-12
-15
-12
-2
-13
-6
-6
-2
-4
-6
4
3
-1
9
8
2
13
18
10
17
23
1
25
24
17
20
19
26
18
25
18
14
19
17
18
29
6
19
17
3
11
2
5
5
2
2
-5
-8
-2
-10
-4
-4
-5
-13
0
0
-11
3
1
4
6
9
14
3
17
17
14
28
17
25
26
24
28
32
22
26
31
19
21
22
17
12
23
8
7
10
5
0
4
0
-8
-4
-8
-1
-20
-9
-13
-24
-12
-22
-31
-19
-32
-28
-21
-27
-16
-32
-19
-18
-31
-12
-10
-14
-14
-6
-6
-19
2
-8
-8
0
-3
-2
4
0
1
-4
6
9
2
6
-5
7
-5
2
16
-5
2
7
-8
-4
-5
-5
1
-10
-1
-12
-8
-8
-11
-16
-11
-15
-14
-14
-15
-13
-27
-9
-16
-14
-3
-2
-14
5
10
-2
17
18
6
26
23
20
29
27
28
25
24
33
34
32
39
29
29
25
45
23
30
50
18
34
32
15
34
16
31
23
11
32
8
17
22
-5
22
-8
6
14
-18
7
-9
-17
-5
-16
-19
-14
-27
-20
-13
-34
-24
-17
-34
-18
-22
-30
-10
-39
-20
-17
-33
-14
-25
-28
-17
-31
-13
-20
-32
-1
-25
-20
-3
-26
-11
5
-17
1
-5
-7
8
-14
10
10
-7
20
8
-2
14
1
20
16
4
20
16
1
13
14
9
4
10
12
1
2
0
5
-5
1
3
-7
-6
5
-12
-13
3
-11
-9
10
-9
-6
-7
2
2
-7
6
6
-3
1
15
10
-2
16
19
11
7
23
13
5
28
23
6
22
19
12
18
12
16
19
9
22
16
-5
20
-1
4
5
-16
-1
-8
-24
-15
-19
-31
-28
-26
-37
-43
-37
-40
-47
-49
-33
-50
-50
-33
-57
-41
-37
-47
-25
-48
-24
-19
-44
-12
-5
-27
-2
-3
-3
-1
5
24
2
13
31
22
12
27
35
18
27
32
30
29
21
36
19
25
40
15
25
22
7
24
9
11
20
4
18
4
-1
11
7
9
9
5
16
5
-3
23
7
0
17
11
2
7
12
8
3
7
17
8
5
11
11
2
8
17
11
3
15
9
-3
10
3
4
10
0
0
3
-10
1
-5
-14
-2
-7
-20
-15
-16
-24
-26
-19
-25
-30
-25
-29
-23
-40
-29
-15
-31
-29
-5
-29
-23
-15
-19
-16
-17
-10
-14
-10
-13
1
-16
-10
0
-5
-7
4
7
-5
-2
12
3
1
16
4
7
9
10
10
2
6
15
6
9
13
9
7
8
8
2
7
10
5
2
4
-1
3
-4
0
13
-2
4
10
-4
10
11
10
11
5
21
10
8
21
12
9
20
15
11
9
11
17
14
9
17
8
7
17
9
11
10
5
19
3
3
18
-1
12
13
-1
12
9
8
9
6
13
11
-1
13
7
-3
10
3
-4
4
-7
5
-6
-12
4
-15
-10
-7
-14
-6
-16
-13
-9
-28
-14
-11
-29
-15
-12
-27
-13
-22
-22
-15
-25
-11
-9
-26
-8
-11
-20
-2
-17
-11
-8
-8
-1
-13
-8
-4
-8
0
-8
-6
-1
-13
2
2
-15
-3
3
-8
1
-3
-6
-3
-7
-1
0
-6
2
7
-3
-4
0
2
1
3
2
7
0
6
6
-6
6
11
2
3
8
7
5
3
11
3
11
15
11
1
13
15
4
14
15
14
16
12
13
12
7
18
13
7
15
9
5
3
10
3
-2
10
1
-2
-4
-5
-6
-8
-3
-5
-15
-9
-14
-11
-19
-17
-4
-18
-14
-14
-19
-10
-18
-17
-8
-16
-11
-11
-10
-14
-11
-2
-11
-3
-3
-5
3
0
3
2
7
10
5
15
15
11
13
18
18
14
10
25
22
8
23
19
11
16
19
15
10
16
15
8
8
10
12
6
0
13
0
2
9
-3
-2
1
-4
-4
-1
-3
-5
-7
-5
-11
-9
-6
-5
-7
-10
-10
-9
-10
-12
-1
-4
-13
2
-2
-6
3
-2
8
2
-4
10
6
-3
12
6
0
11
7
3
4
4
9
4
2
7
-2
-2
3
-3
2
-7
-1
0
-10
-2
-6
-9
0
-8
-9
-1
-11
-2
3
-10
1
0
-6
4
-2
1
4
1
6
-2
8
12
1
7
8
8
8
9
11
11
4
12
14
-4
13
12
2
6
10
2
5
-1
11
1
-2
5
-7
-1
-3
-8
-7
-5
-9
-7
-14
-10
-12
-11
-10
-12
-12
-10
-3
-12
-10
-4
-4
-3
-3
-3
3
1
1
3
5
0
5
10
5
2
6
8
5
3
6
8
3
5
10
4
-1
8
5
2
6
4
5
0
4
4
1
7
6
-2
2
1
1
1
-1
4
1
-1
1
-1
-4
2
3
-2
3
4
1
4
-2
5
4
1
9
3
2
2
4
0
0
5
1
-4
4
-2
-8
-3
-7
-4
-3
-7
-9
-3
-14
-9
-6
-17
-7
-6
-10
-10
-13
-13
-14
-11
-12
-11
-11
-14
-11
-14
-16
-9
-18
-9
-7
-19
-11
-14
-15
-13
-15
-14
-15
-13
-14
-15
-13
-14
-16
-10
-13
-14
-8
-12
-12
-10
-8
-5
-9
-7
-3
-2
-1
2
3
2
8
8
4
12
12
13
16
15
13
15
16
17
16
14
20
18
15
13
19
14
16
19
12
13
13
13
10
10
10
11
8
9
0
6
7
4
3
3
1
1
1
0
0
-1
-1
0
-3
-3
3
-4
0
-1
-4
1
1
-1
3
4
1
3
2
8
2
4
13
8
11
11
8
15
8
11
16
10
15
14
13
11
9
11
12
7
8
7
6
3
3
2
-1
1
-1
-5
-2
-8
-4
-8
-6
-3
-9
-4
-9
-6
-7
-10
1
-6
-7
1
-5
-6
1
-4
-2
1
0
2
1
2
2
2
1
5
3
0
8
6
0
5
0
1
2
1
-1
-3
-4
-2
0
-11
-9
-6
-8
-13
-11
-11
-14
-12
-13
-14
-15
-16
-9
-19
-15
-13
-13
-10
-13
-13
-13
-9
-10
-13
-8
-5
-5
-6
-7
-2
-5
-5
2
-3
-3
3
3
2
-1
4
5
5
3
6
9
7
7
8
5
8
11
6
14
7
7
12
9
5
11
10
4
13
4
3
11
4
3
7
5
0
0
3
1
-2
1
1
-3
-3
-3
-2
-4
-5
0
-5
-7
2
-6
-7
2
-7
-4
-1
-7
-2
-6
-5
1
-9
-3
-2
-6
-5
-7
-4
-7
-8
0
-7
-11
-2
-8
-9
-5
-10
-2
-1
-9
-3
-7
-8
0
-6
-4
-3
-3
0
-3
-5
-3
-4
1
1
-6
0
-2
0
-3
-5
1
1
-2
3
1
-4
5
2
-1
4
-3
3
3
-3
2
3
1
4
1
-1
4
-1
0
1
0
3
1
1
0
2
-3
0
3
-3
0
0
-1
-2
-3
3
-5
-6
1
-6
-2
-5
-3
-3
-6
-4
-7
-7
-7
-5
-9
-6
-6
-8
-10
-7
-8
-9
-8
-7
-9
-10
-4
-11
-9
-6
-7
-7
-11
-4
-6
-8
-6
-4
-4
-6
-2
-3
-4
0
-2
1
2
-1
1
3
0
3
7
5
5
6
8
6
8
8
7
12
8
10
11
10
13
10
10
12
9
10
12
9
6
8
8
7
3
7
4
4
3
2
6
-1
5
2
-2
0
2
0
1
1
1
3
-1
3
2
0
5
5
1
4
5
4
5
3
5
8
4
6
6
2
9
5
5
5
4
6
2
5
5
1
4
5
-2
2
-2
0
-3
-2
0
-4
-3
-1
-4
-7
-5
-4
-5
-3
-5
-3
-3
-6
-2
-3
-6
-2
0
-2
0
-2
1
0
-2
1
1
1
0
2
3
0
4
3
1
5
3
4
7
6
2
6
5
6
5
4
8
3
4
3
5
1
3
7
1
-2
3
1
-2
-2
1
-3
1
-1
-5
0
-6
-1
-1
-8
-2
0
-5
-4
-5
-7
-3
-1
-6
-3
-4
-3
-2
-8
-1
-3
-1
-2
-2
2
-5
0
1
-2
4
1
3
0
3
2
2
1
1
5
-1
2
2
2
1
3
2
-1
5
-1
0
1
0
1
-1
0
2
1
-3
2
-1
0
-1
1
-1
-1
-1
-1
-2
-3
2
-3
-3
-2
-3
1
-5
-3
-3
-4
-1
-6
-3
-4
-4
-2
-7
-3
-3
-4
-5
-2
-6
-5
-1
-6
-1
-3
-3
-1
-6
-3
-3
-5
-3
-4
-4
-4
-5
-5
-4
-5
-4
-5
-4
-3
-6
-2
-6
-5
-2
-5
-5
-2
-7
-5
-1
-6
-4
-3
-5
0
-4
-4
-2
-4
-1
1
0
-3
-1
2
-1
1
1
0
4
5
4
2
3
5
8
4
4
8
5
10
9
3
8
12
8
7
10
9
12
11
10
9
11
13
12
11
11
11
15
10
11
14
11
10
10
10
10
12
6
11
9
6
10
4
6
7
6
6
4
4
4
4
3
1
1
5
3
4
0
3
3
1
3
3
3
0
7
3
2
3
5
4
4
6
5
6
5
7
5
5
7
7
6
7
6
6
9
4
9
6
6
7
5
5
5
5
3
8
5
3
1
1
3
2
-1
-1
0
0
3
-4
-2
-2
0
-2
-5
-1
-1
-1
-1
0
-4
0
-1
0
0
-2
2
0
1
1
0
-2
0
1
0
0
-2
0
-2
-4
-4
