214.040435
209.478984
209.299783
209.257229
209.244592
209.241761
209.241268
209.241086
209.240999
188.004158
172.867162
164.771145
162.022542
161.460657
161.258157
161.118526
161.029556
160.971498
160.935592
160.907339
160.879587
160.855135
160.831948
160.810891
160.791818
160.779106
160.769353
160.763525
160.760246
160.757260
160.754259
160.751486
160.748971
160.746816
160.744433
160.740561
160.736388
160.730008
160.722271
160.712225
160.700748
160.687698
160.675124
160.667509
160.662835
160.659135
160.656029
160.654298
160.652403
160.649826
160.647772
160.647123
160.646801
160.646388
160.645547
160.643937
160.643439
160.643182
160.643020
160.642933
142.137178
130.094806
123.612004
121.224093
120.579697
120.333064
120.204825
120.131719
120.103722
120.091246
120.083846
120.076840
120.071272
120.066574
120.062981
120.060267
120.059075
120.058446
120.058280
120.058224
107.107043
100.046319
96.166827
94.493640
93.875183
93.524672
93.295065
93.088839
92.884412
92.680420
92.523711
92.402353
92.304813
92.234054
92.171672
92.067861
91.906894
91.694106
91.559962
91.492518
91.453631
91.423202
91.397662
91.376468
91.357909
91.343754
91.327111
91.306889
91.268390
91.185595
91.010051
90.776205
90.604998
90.483774
90.400021
90.339135
90.272505
90.211334
90.166165
90.121195
90.085440
90.050416
90.025312
90.002783
89.983718
89.973263
89.968710
89.965220
89.962991
89.961716
89.960747
89.959651
89.959241
89.959138
89.959138
80.151533
74.169719
70.534008
68.856488
68.309320
68.053552
67.865982
67.701817
67.571811
67.463822
67.393242
67.338758
67.284192
67.241399
67.208083
67.181338
67.159350
67.136498
67.120259
67.111206
67.099906
67.079205
67.056097
67.032413
67.003414
66.973829
66.946499
66.924016
66.899847
66.876234
66.859393
66.842679
66.831547
66.822425
66.808898
66.795308
66.787229
66.783285
66.780383
66.778898
66.777227
66.775936
66.775279
66.775043
66.774793
66.774612
66.774453
66.774182
66.774026
66.773983
