0
1
0
-1
0
-1
1
0
0
0
0
-1
0
-1
0
0
0
0
-1
1
0
0
0
1
0
-1
0
1
1
0
-1
0
0
0
0
0
0
0
0
-1
0
0
0
0
1
-1
0
0
-1
0
0
0
0
0
1
1
0
0
0
-1
-1
0
0
0
1
0
0
0
0
0
0
1
0
0
-1
0
0
1
0
0
0
0
0
1
0
0
-1
0
0
0
0
0
0
0
0
1
0
0
0
0
0
0
0
0
1
0
0
0
0
0
0
-1
0
0
0
0
1
0
0
1
0
0
0
1
-1
0
-1
0
0
0
1
0
0
0
0
0
0
1
0
0
0
0
0
0
0
0
0
-1
0
0
0
1
0
0
0
1
0
0
0
0
0
0
0
0
0
0
1
0
1
0
-1
0
0
-1
0
0
0
-1
0
0
0
-1
0
-1
1
-1
1
0
0
0
0
0
1
0
1
0
0
0
0
0
0
0
0
0
0
0
1
0
0
-1
0
0
0
0
0
0
0
0
0
0
-1
0
0
1
0
0
-1
0
0
0
0
0
0
0
0
-1
0
1
0
0
0
0
1
0
0
0
0
0
-1
0
0
-1
0
0
0
0
0
0
0
0
0
0
0
1
1
1
1
0
0
-1
1
0
0
0
0
0
0
0
0
0
0
0
0
1
0
0
1
0
1
0
0
1
0
0
0
0
1
0
0
-1
0
0
1
1
0
0
-1
0
-1
-1
0
0
0
1
1
0
-1
0
1
0
0
0
0
1
0
1
-1
0
1
0
0
0
-1
0
0
0
1
0
-1
0
-1
-1
0
0
1
0
0
0
1
1
0
0
1
1
-1
0
-1
0
0
0
1
0
0
0
0
-1
0
0
-1
0
0
-1
-1
1
0
0
0
0
-1
0
1
0
0
0
-1
1
0
1
0
1
-1
0
0
0
-1
0
0
0
0
0
0
0
0
0
0
0
0
0
0
0
0
0
1
0
0
0
0
1
0
0
0
0
0
0
0
0
0
0
0
0
0
0
0
0
0
0
0
0
1
0
0
0
0
-1
0
0
1
0
0
0
0
0
-1
0
0
0
0
0
0
-1
0
0
-1
0
0
0
-1
0
0
0
0
-1
0
0
0
0
0
0
0
0
0
0
0
0
0
0
0
-1
0
0
0
-1
0
-1
0
-1
0
0
0
0
1
0
0
0
0
-1
1
0
0
0
0
0
1
0
0
0
0
0
0
1
0
0
0
0
-1
0
-1
0
0
0
0
0
0
0
0
0
0
0
0
0
0
0
0
0
1
0
1
1
0
1
0
0
0
0
0
1
0
1
0
0
0
1
0
0
-1
0
0
1
0
-1
0
0
0
0
-1
-1
1
0
0
1
0
0
1
0
0
0
-1
1
0
0
0
0
0
0
-1
0
0
0
0
0
0
0
0
0
0
0
0
0
0
0
0
0
0
0
0
-1
0
-1
0
-1
0
0
0
0
0
-1
0
-1
1
0
0
0
0
0
-1
0
-1
0
-1
0
0
0
0
-1
0
-1
0
1
0
0
0
0
0
0
1
0
0
0
0
0
0
-1
0
0
0
0
0
0
0
0
1
0
1
1
0
0
0
0
0
0
0
0
0
0
1
0
1
0
0
0
0
0
0
0
1
0
0
0
1
0
1
1
0
0
0
0
-1
0
0
1
0
0
0
0
0
0
0
0
0
0
0
0
0
-1
0
0
0
0
0
0
0
0
0
-1
0
1
0
0
0
0
0
0
0
-1
1
0
0
0
1
0
1
0
0
0
0
0
0
0
-1
0
1
0
0
0
1
0
0
0
0
-1
1
1
0
0
1
0
0
0
0
0
0
0
0
-1
0
0
0
0
1
0
0
0
0
0
0
-1
-1
1
0
0
1
0
0
-1
0
-1
1
0
1
0
0
0
0
1
-1
0
0
0
0
0
0
0
0
0
0
0
0
0
0
-1
0
0
0
0
1
0
0
0
0
0
0
0
0
-1
0
0
0
-1
0
0
1
0
-1
0
0
0
0
1
1
1
0
0
-1
0
0
-1
0
0
0
0
-1
0
0
0
0
0
0
1
0
0
0
0
0
1
0
0
0
0
0
0
0
-1
1
-1
0
-1
0
0
0
0
-1
0
0
0
0
0
0
0
0
0
1
0
0
0
0
0
0
0
0
0
0
0
0
0
0
-1
0
0
0
1
0
0
0
0
-1
0
-1
0
1
0
0
1
0
0
0
0
0
0
0
0
0
0
1
-1
0
-1
0
0
-1
0
0
0
0
-1
0
0
0
0
0
1
0
0
0
0
0
0
0
-1
0
0
0
0
0
0
-1
0
0
0
0
0
0
-1
0
-1
0
0
0
0
1
0
0
0
0
0
0
0
0
0
0
0
0
1
0
0
0
0
1
0
-1
0
1
0
0
0
0
0
0
0
-1
-1
0
0
0
1
0
-1
0
0
-1
0
0
0
-1
0
0
1
0
0
0
0
0
0
1
0
0
0
0
1
0
0
0
1
1
0
0
0
0
0
0
1
0
1
0
0
0
1
0
0
0
-1
1
1
0
-1
0
0
0
0
0
0
0
0
0
0
0
0
1
0
2
-3
31
98
160
221
266
302
325
291
210
109
-27
-139
-212
-272
-303
-267
-193
-100
31
120
182
249
269
264
228
151
84
14
-62
-104
-110
-103
-71
-25
12
52
103
133
109
90
82
33
-22
-75
-130
-145
-144
-161
-157
-136
-123
-134
-185
-261
-382
-553
-684
-791
-873
-861
-765
-597
-370
-104
199
459
631
756
812
755
638
504
345
188
56
-44
-122
-185
-203
-204
-206
-187
-201
-245
-258
-268
-266
-212
-117
18
158
307
471
609
729
784
743
660
538
353
160
-17
-177
-275
-322
-314
-276
-238
-177
-124
-85
-45
-26
-37
-44
-43
-43
-11
70
150
227
288
286
242
197
126
16
-96
-186
-236
-241
-197
-137
-53
44
119
178
209
208
186
151
70
-31
-86
-132
-158
-161
-149
-83
-4
59
101
111
116
95
58
15
-40
-72
-78
-83
-76
-46
-36
-29
-15
-26
-74
-183
-311
-463
-649
-785
-885
-965
-962
-868
-677
-451
-172
185
473
669
799
832
766
694
626
491
325
175
59
-8
-57
-80
-116
-167
-189
-242
-307
-348
-358
-355
-336
-255
-129
28
210
397
550
669
745
730
653
557
423
263
135
28
-73
-130
-145
-138
-123
-109
-75
-77
-128
-152
-194
-235
-209
-159
-110
-51
32
113
206
291
307
269
207
147
78
20
-50
-124
-143
-131
-69
29
109
157
182
182
161
132
62
-27
-94
-158
-201
-203
-194
-161
-111
-42
28
74
102
88
76
44
-20
-38
-49
-77
-70
-63
-69
-43
-7
24
6
-84
-199
-379
-634
-827
-956
-1049
-1056
-977
-807
-564
-274
57
346
531
695
811
798
751
659
519
397
277
197
133
76
48
13
-18
-80
-160
-221
-289
-364
-410
-401
-341
-239
-122
45
236
379
524
645
664
649
605
479
360
251
139
88
60
44
50
34
20
6
-39
-92
-166
-245
-301
-328
-328
-309
-248
-161
-43
108
215
282
313
300
254
172
90
22
-30
-53
-43
-3
55
126
178
195
169
141
114
29
-62
-153
-269
-320
-292
-243
-152
-70
-16
39
62
92
99
74
53
19
-24
-66
-80
-61
-29
14
35
29
15
-45
-151
-270
-456
-688
-871
-1036
-1132
-1133
-1067
-891
-651
-362
-18
272
501
710
811
821
791
713
628
522
421
355
293
239
211
168
110
55
-48
-175
-292
-390
-440
-475
-477
-393
-267
-115
61
242
421
548
623
652
612
514
381
259
166
122
138
167
188
201
185
158
107
23
-47
-147
-286
-401
-443
-436
-369
-262
-179
-77
33
118
168
175
158
145
134
115
109
114
125
152
215
313
400
427
386
290
147
4
-111
-231
-309
-338
-375
-376
-339
-280
-178
-82
-14
32
41
28
-3
-52
-60
-40
-31
-15
5
50
109
114
80
-7
-156
-354
-622
-878
-1101
-1288
-1379
-1364
-1222
-991
-698
-323
33
297
539
723
795
802
766
686
581
514
477
457
446
446
462
442
379
282
141
-47
-259
-407
-503
-566
-563
-493
-355
-153
27
198
346
423
470
465
423
353
288
264
251
251
296
378
465
529
545
519
418
276
115
-70
-263
-429
-509
-520
-482
-408
-315
-227
-143
-69
-58
-62
-53
-37
-21
-8
46
142
248
348
447
526
579
610
566
449
288
93
-69
-207
-322
-407
-443
-429
-418
-366
-274
-213
-149
-128
-162
-198
-226
-215
-181
-144
-90
-8
65
136
202
225
171
38
-211
-538
-841
-1142
-1365
-1463
-1444
-1311
-1080
-723
-350
-23
289
524
651
699
683
606
503
423
400
438
494
579
662
687
691
646
521
360
126
-129
-333
-496
-561
-556
-479
-340
-197
-38
103
209
289
323
300
258
165
68
56
61
141
283
446
624
720
768
752
620
458
308
108
-96
-208
-311
-416
-432
-412
-373
-305
-214
-148
-154
-176
-222
-285
-282
-215
-143
-43
119
338
530
653
737
720
629
538
406
235
85
-45
-151
-219
-254
-253
-228
-210
-208
-206
-247
-284
-335
-422
-473
-507
-483
-397
-280
-156
-39
103
221
252
206
44
-248
-510
-780
-1030
-1182
-1249
-1221
-1113
-888
-592
-284
-21
201
352
405
434
423
366
303
300
340
410
516
625
707
752
775
716
572
382
154
-32
-178
-291
-335
-344
-318
-245
-126
29
162
231
258
247
166
70
13
-59
-49
24
110
261
387
506
613
667
660
581
469
329
159
-16
-134
-198
-233
-240
-210
-204
-202
-173
-183
-208
-247
-300
-334
-332
-268
-162
-31
95
220
338
422
486
504
469
370
245
124
36
4
-12
-19
-21
-43
-55
-61
-97
-132
-204
-276
-325
-381
-404
-390
-333
-259
-184
-92
7
49
79
70
-20
-142
-340
-548
-737
-936
-1082
-1145
-1124
-1038
-849
-569
-298
-95
53
171
234
259
272
273
256
251
304
386
498
620
728
802
817
766
666
537
360
192
60
-51
-117
-165
-162
-126
-87
-28
25
75
70
21
-9
-26
-41
-38
-6
12
50
140
229
303
369
444
465
432
404
346
290
238
158
68
11
-18
-65
-124
-159
-202
-256
-291
-339
-383
-371
-321
-260
-173
-68
48
156
240
309
331
334
309
252
215
191
149
101
73
32
-5
-38
-67
-74
-115
-140
-141
-191
-218
-226
-240
-225
-213
-176
-124
-89
-64
-44
4
52
72
68
8
-128
-325
-512
-675
-831
-919
-963
-966
-917
-776
-573
-412
-268
-126
-36
-2
53
88
67
73
122
194
293
432
558
627
677
709
705
655
570
430
288
202
125
72
66
62
54
76
119
140
121
106
80
25
-27
-59
-86
-107
-79
-61
-19
98
197
264
345
394
419
453
442
375
282
170
59
-31
-104
-148
-179
-204
-203
-210
-251
-264
-275
-301
-278
-215
-149
-80
11
103
187
248
281
279
238
196
150
116
70
7
-29
-56
-61
-44
-57
-80
-117
-143
-127
-94
-44
-20
-26
-22
-36
-63
-61
-65
-85
-86
-67
-37
-1
8
2
-16
-50
-106
-216
-349
-468
-595
-698
-746
-755
-731
-666
-553
-429
-336
-257
-200
-191
-181
-150
-129
-98
-31
31
114
236
377
502
573
626
622
575
531
458
375
298
240
202
173
180
201
205
229
249
215
170
132
63
14
-29
-59
-69
-81
-50
0
85
182
233
296
341
336
317
269
192
121
66
8
-28
-27
-3
-15
-39
-61
-116
-153
-183
-211
-219
-208
-170
-128
-78
-22
31
83
123
155
159
134
102
46
-16
-70
-91
-100
-111
-92
-91
-72
-32
-13
-11
-11
-21
-43
-59
-82
-104
-133
-129
-106
-85
-56
-23
-3
-1
26
45
51
50
52
42
4
-34
-103
-209
-327
-439
-534
-601
-636
-642
-620
-561
-503
-454
-373
-308
-273
-229
-196
-163
-119
-61
-3
76
182
280
387
482
550
574
570
550
494
424
348
282
241
237
250
260
263
235
200
142
110
97
62
44
24
31
65
100
136
140
168
203
197
212
194
163
131
85
91
92
78
73
49
26
2
-34
-79
-125
-173
-218
-211
-173
-147
-105
-71
-60
-53
-47
-46
-67
-64
-51
-59
-61
-77
-71
-63
-77
-44
-21
-10
12
5
30
61
85
91
71
52
10
-18
-25
-17
-15
-14
-1
-17
-21
-21
-16
14
24
44
69
68
79
50
-28
-124
-246
-375
-515
-621
-671
-695
-682
-623
-546
-465
-395
-329
-276
-260
-246
-230
-242
-226
-174
-128
-11
138
267
409
505
562
590
549
493
415
316
248
209
202
223
258
282
293
291
260
223
179
134
108
85
66
85
114
134
151
166
158
156
167
160
165
159
136
135
126
123
109
75
44
7
-22
-41
-60
-73
-87
-100
-101
-114
-129
-115
-101
-94
-73
-58
-53
-55
-50
-45
-46
-34
-37
-66
-84
-90
-87
-78
-77
-63
-55
-57
-56
-44
-23
-22
-18
2
18
33
47
71
75
47
49
56
43
41
54
62
76
76
54
49
11
-76
-166
-278
-396
-495
-570
-610
-622
-611
-547
-471
-426
-366
-327
-323
-319
-320
-301
-261
-217
-137
-24
89
217
338
424
465
438
391
328
251
196
172
164
189
231
280
323
326
308
266
236
221
188
178
176
177
176
179
202
203
199
199
185
177
168
145
125
123
97
80
82
60
54
28
-5
-10
-14
-22
-18
-14
-37
-52
-67
-78
-90
-93
-86
-90
-86
-91
-81
-72
-68
-50
-51
-49
-44
-59
-74
-85
-97
-90
-81
-73
-52
-51
-43
-45
-48
-34
-24
-1
33
74
113
125
125
118
81
49
41
22
-1
-3
-5
-1
9
-2
-21
-59
-147
-242
-336
-415
-483
-537
-549
-549
-530
-471
-419
-366
-311
-286
-264
-236
-233
-209
-165
-126
-56
28
116
202
260
296
302
280
263
245
227
217
232
251
251
271
279
263
242
210
183
181
179
188
201
186
200
220
214
220
221
191
184
182
146
139
133
115
113
98
81
60
34
8
-25
-34
-20
-10
10
30
32
10
-17
-22
-37
-66
-84
-93
-83
-62
-52
-48
-21
0
5
1
-34
-60
-92
-110
-110
-122
-111
-89
-79
-51
-21
-17
-2
-5
-10
-9
-27
-18
-9
2
19
16
1
-15
-18
-25
-31
-24
-22
-20
-19
-25
-37
-93
-164
-227
-308
-380
-431
-466
-464
-431
-401
-360
-300
-260
-241
-240
-258
-272
-271
-242
-183
-106
-28
68
168
235
284
304
281
263
242
231
235
252
281
294
294
291
272
238
206
176
151
157
188
210
229
244
230
204
186
157
147
126
100
93
79
82
65
59
70
49
41
38
32
34
27
29
33
25
32
24
1
-27
-59
-78
-94
-100
-96
-92
-71
-35
-28
-34
-42
-58
-84
-112
-114
-124
-114
-69
-28
5
32
61
67
60
42
12
-6
-17
0
22
38
65
55
34
34
4
-10
-20
-37
-36
-33
-22
-6
6
1
-10
-39
-111
-199
-290
-382
-437
-464
-473
-461
-447
-421
-388
-366
-357
-359
-360
-355
-335
-291
-233
-143
-48
41
129
190
225
230
215
192
168
179
209
257
325
355
365
360
334
305
270
236
204
190
194
225
257
268
274
263
239
202
161
113
56
30
34
52
75
98
114
110
98
79
68
60
41
38
34
35
42
58
46
9
-26
-63
-86
-103
-119
-129
-118
-97
-84
-74
-73
-89
-94
-87
-74
-72
-56
-26
-8
13
36
43
30
23
21
24
23
27
42
52
68
64
56
44
15
-11
-36
-62
-81
-76
-57
-34
-16
-9
10
1
-64
-170
-286
-399
-507
-570
-586
-575
-540
-481
-405
-360
-356
-357
-381
-407
-397
-347
-266
-163
-49
61
167
240
275
290
276
266
248
251
299
340
395
443
447
423
367
306
239
173
134
128
172
216
265
301
279
246
189
125
63
1
-36
-48
-30
12
60
112
131
122
102
69
52
45
53
75
82
88
95
105
91
62
21
-36
-68
-99
-124
-129
-137
-124
-101
-80
-55
-51
-29
-7
-4
9
22
44
47
41
45
23
18
19
16
16
25
47
57
71
78
67
53
27
0
-16
-25
-26
-21
-10
-6
-12
-13
-46
-153
-317
-488
-630
-728
-757
-727
-677
-626
-561
-490
-466
-475
-495
-526
-525
-464
-337
-180
-16
131
235
295
332
352
360
373
374
394
461
547
618
653
631
559
457
361
287
227
192
186
194
198
221
223
195
127
27
-43
-92
-92
-70
-62
-46
-51
-58
-43
-57
-78
-92
-106
-70
-9
72
138
166
193
202
194
182
156
131
92
42
0
-14
-28
-46
-62
-96
-113
-118
-107
-57
-31
-14
20
44
76
96
103
97
83
70
59
60
85
109
112
126
127
117
108
88
55
38
53
78
82
83
78
31
-49
-236
-501
-719
-887
-996
-977
-892
-835
-798
-757
-723
-766
-806
-790
-781
-679
-457
-215
17
204
308
322
306
308
343
417
549
668
747
838
874
821
748
645
511
415
391
403
379
357
316
200
101
35
-29
-80
-104
-99
-91
-99
-87
-117
-214
-257
-293
-307
-225
-144
-68
16
68
98
109
129
155
160
210
283
332
376
394
357
262
173
83
-4
-28
-31
-51
-67
-74
-114
-159
-156
-139
-114
-59
2
40
84
114
126
115
93
99
101
150
214
220
236
228
190
151
128
153
175
196
206
149
52
-207
-615
-921
-1126
-1217
-1135
-1002
-930
-951
-1006
-1041
-1146
-1220
-1135
-1012
-822
-501
-183
55
202
234
214
220
314
527
760
971
1096
1079
1050
982
854
798
750
686
676
682
666
562
395
216
-7
-153
-162
-159
-151
-143
-193
-249
-316
-383
-398
-419
-390
-324
-268
-183
-138
-118
-93
-64
21
150
269
390
478
525
536
491
430
360
299
258
235
196
138
63
-23
-105
-179
-219
-242
-263
-243
-205
-189
-149
-111
-82
-30
8
66
120
175
257
305
352
378
366
345
327
332
358
365
385
393
358
279
148
-136
-580
-909
-1117
-1219
-1150
-1048
-1065
-1203
-1343
-1406
-1459
-1429
-1252
-1097
-909
-629
-373
-180
-74
-20
46
187
442
771
1042
1213
1198
1044
975
956
970
1059
1105
1051
949
814
654
450
243
92
-44
-117
-106
-135
-244
-387
-516
-600
-617
-558
-483
-444
-412
-408
-437
-373
-283
-211
-46
127
247
352
435
479
478
518
608
647
674
673
590
476
351
247
131
39
15
-51
-113
-168
-247
-325
-366
-344
-294
-231
-161
-116
-88
-54
-20
37
123
260
372
443
503
516
493
450
457
488
508
534
512
429
288
89
-296
-791
-1093
-1209
-1235
-1127
-1048
-1182
-1456
-1648
-1668
-1643
-1488
-1202
-997
-848
-636
-429
-299
-169
-22
153
385
676
961
1098
1102
983
844
889
1019
1145
1259
1227
1034
789
613
509
389
311
256
129
-36
-151
-262
-440
-550
-576
-547
-470
-410
-423
-525
-593
-604
-567
-390
-169
3
146
237
286
323
407
521
612
750
850
827
738
615
482
371
329
306
240
150
53
-70
-203
-285
-324
-353
-328
-269
-259
-260
-279
-285
-258
-197
-70
46
151
248
282
300
329
358
434
511
577
630
631
601
549
471
367
192
-232
-700
-962
-1105
-1134
-1068
-1104
-1363
-1705
-1812
-1735
-1650
-1409
-1167
-1098
-1043
-845
-601
-385
-143
84
286
498
788
1010
1096
1142
1082
1063
1205
1341
1389
1352
1188
925
715
657
605
494
367
184
-65
-271
-335
-407
-519
-573
-589
-616
-634
-633
-683
-725
-689
-578
-451
-300
-146
-74
8
133
247
387
547
668
740
802
833
772
682
631
554
478
433
369
200
24
-76
-200
-261
-254
-272
-308
-304
-272
-265
-257
-223
-198
-174
-76
36
122
186
224
254
295
351
420
490
525
544
548
559
554
539
461
334
88
-420
-814
-943
-988
-939
-867
-1036
-1441
-1749
-1743
-1578
-1414
-1186
-1060
-1130
-1088
-853
-607
-354
-107
69
228
413
649
846
982
1066
1067
1143
1302
1356
1328
1280
1105
901
806
751
631
460
297
87
-137
-235
-269
-390
-518
-591
-654
-706
-689
-658
-726
-774
-697
-608
-453
-244
-131
-88
-25
110
266
449
637
712
735
801
822
779
750
718
636
544
481
380
196
30
-61
-165
-238
-246
-335
-427
-458
-445
-402
-380
-333
-258
-192
-93
24
78
158
225
250
346
445
510
555
578
592
589
573
580
564
513
420
296
-43
-645
-1008
-1074
-1112
-1040
-1007
-1323
-1770
-1948
-1767
-1523
-1324
-1118
-1129
-1232
-1072
-699
-339
-16
203
291
374
549
796
976
1146
1229
1172
1247
1363
1319
1268
1246
1069
909
877
792
568
311
141
-61
-218
-221
-295
-483
-620
-660
-664
-629
-565
-605
-733
-700
-603
-520
-273
-91
-105
-103
-6
143
324
517
649
656
671
731
730
718
734
698
588
509
442
268
84
-7
-74
-181
-241
-303
-485
-544
-477
-467
-413
-360
-364
-360
-306
-179
-72
-11
79
144
207
346
451
495
529
546
540
553
602
636
591
563
495
366
89
-530
-952
-1001
-985
-895
-879
-1218
-1714
-1956
-1769
-1418
-1204
-1056
-1089
-1216
-1081
-691
-288
8
191
268
386
579
824
1062
1212
1257
1177
1232
1349
1253
1194
1194
1024
886
833
667
422
231
115
-8
-153
-241
-399
-645
-760
-763
-709
-648
-645
-683
-758
-769
-640
-492
-263
-16
15
-5
64
154
305
530
712
765
736
721
676
659
728
742
635
477
322
140
-7
-18
-2
-89
-212
-327
-496
-544
-406
-342
-307
-277
-362
-397
-295
-136
6
123
216
228
229
297
366
434
525
575
565
529
507
518
524
514
513
392
243
-85
-758
-1122
-1053
-1011
-982
-1033
-1404
-1896
-2010
-1620
-1278
-1191
-1133
-1205
-1306
-1087
-607
-188
53
188
282
361
536
814
1021
1200
1316
1280
1292
1298
1193
1210
1281
1206
1028
810
577
326
217
227
115
-87
-277
-472
-639
-666
-596
-546
-568
-628
-669
-624
-514
-462
-362
-224
-117
50
155
173
224
330
523
698
795
767
673
595
555
635
670
600
445
196
9
-94
-111
-139
-240
-385
-578
-648
-593
-523
-415
-371
-438
-452
-408
-298
-114
28
127
195
231
266
318
403
478
558
588
533
485
440
441
516
595
594
541
389
209
-75
-698
-1048
-970
-1005
-1020
-1026
-1337
-1799
-1944
-1612
-1315
-1272
-1193
-1198
-1263
-1024
-547
-147
77
199
300
418
620
925
1166
1330
1398
1255
1192
1247
1189
1241
1337
1140
859
627
405
246
158
152
21
-263
-445
-583
-692
-688
-620
-559
-578
-628
-642
-597
-458
-352
-306
-216
-124
-30
154
361
440
481
587
667
730
782
805
793
707
675
662
563
427
236
64
-44
-114
-163
-252
-365
-509
-625
-606
-538
-469
-420
-419
-416
-378
-291
-154
-2
104
185
219
225
291
350
404
472
489
478
454
411
413
407
416
460
413
377
256
80
-159
-758
-1148
-1077
-1079
-1107
-1142
-1433
-1808
-1914
-1574
-1247
-1202
-1128
-1090
-1093
-826
-361
-8
188
304
395
521
724
957
1133
1260
1317
1195
1112
1159
1079
1092
1185
1050
804
580
431
295
230
245
99
-178
-340
-442
-530
-493
-418
-410
-470
-517
-526
-483
-322
-157
-128
-113
-107
-134
-31
170
354
458
497
495
475
491
593
655
589
516
416
285
206
159
94
-27
-158
-250
-395
-495
-479
-491
-469
-430
-455
-461
-430
-340
-194
-69
38
72
51
158
282
365
475
494
433
415
454
479
474
431
405
383
361
374
333
255
210
141
88
-16
-540
-1136
-1238
-1173
-1122
-1016
-1146
-1610
-1930
-1694
-1281
-1132
-1027
-967
-1047
-930
-538
-130
120
266
378
489
629
815
982
1124
1264
1201
1085
1096
1003
974
1125
1071
819
550
318
174
160
252
198
-37
-246
-408
-513
-463
-370
-320
-301
-359
-422
-408
-291
-136
-20
78
94
27
19
138
332
486
555
510
404
368
440
575
598
523
378
179
105
101
72
15
-107
-265
-413
-525
-563
-528
-464
-416
-418
-454
-473
-414
-259
-82
65
105
54
77
165
266
421
503
469
417
374
370
373
378
366
312
281
237
193
207
154
118
147
82
-48
-474
-1096
-1246
-1115
-1040
-895
-979
-1408
-1733
-1599
-1183
-935
-847
-791
-830
-791
-504
-126
106
257
421
502
572
734
906
1075
1223
1179
996
927
867
852
1004
993
751
462
247
173
175
226
204
-21
-239
-335
-366
-294
-216
-191
-202
-256
-323
-317
-211
-59
45
119
139
46
-40
-11
174
359
451
462
343
242
266
385
469
414
256
56
-35
-15
3
7
-80
-226
-340
-444
-485
-456
-405
-305
-277
-340
-401
-405
-282
-89
92
161
86
40
72
163
361
480
412
312
245
229
288
375
399
320
199
116
87
74
112
141
88
63
49
-14
-69
-411
-957
-1050
-884
-869
-806
-843
-1220
-1504
-1308
-921
-788
-810
-809
-839
-727
-347
36
174
195
226
273
406
630
786
882
982
896
716
739
787
758
903
932
688
480
360
315
334
421
383
149
-60
-140
-143
-86
-9
-25
-124
-231
-268
-247
-150
-2
41
32
47
42
70
191
248
189
179
157
123
206
266
254
179
55
-3
-42
-57
-62
-127
-204
-295
-351
-367
-391
-373
-376
-391
-330
-313
-324
-281
-236
-176
-69
26
58
77
123
196
283
334
347
321
277
280
310
326
308
287
280
241
218
208
165
134
112
114
149
163
118
105
89
49
-78
-565
-975
-928
-830
-766
-708
-908
-1301
-1453
-1186
-890
-779
-722
-732
-793
-678
-351
-72
62
183
278
314
424
598
742
885
964
897
806
803
800
865
999
940
720
517
405
391
415
443
327
81
-73
-147
-161
-115
-120
-151
-228
-329
-326
-263
-171
-75
-59
-52
-26
-48
-18
91
171
161
100
80
45
45
126
145
55
-27
-75
-113
-113
-90
-121
-205
-250
-253
-255
-237
-226
-273
-291
-236
-218
-222
-180
-148
-91
-29
33
62
47
132
226
272
334
342
320
341
382
425
440
410
320
261
273
311
334
308
230
113
35
20
25
39
-7
-110
-168
-195
-188
-239
-575
-989
-1072
-968
-862
-770
-859
-1157
-1369
-1193
-845
-686
-637
-594
-578
-475
-199
109
245
321
431
482
569
709
829
977
1063
974
851
793
769
825
919
885
659
390
248
207
218
245
161
-68
-266
-336
-329
-275
-248
-253
-291
-358
-383
-330
-236
-116
-24
-14
-13
-6
44
153
243
279
213
76
8
15
66
151
90
-59
-170
-246
-203
-112
-98
-171
-270
-313
-294
-242
-189
-152
-110
-89
-70
-39
-28
22
129
216
283
283
233
258
330
401
448
435
354
306
329
365
367
303
201
87
10
-7
-15
-19
-89
-174
-195
-212
-193
-164
-197
-233
-240
-211
-135
-60
-17
-121
-512
-827
-758
-612
-500
-437
-640
-982
-1032
-745
-483
-398
-424
-508
-538
-362
-56
171
262
294
295
336
481
634
750
848
837
691
560
545
582
685
794
680
394
165
87
113
207
238
71
-171
-316
-349
-274
-154
-129
-184
-269
-320
-316
-246
-101
-12
-32
-41
-58
-93
-7
130
189
158
101
8
-46
25
95
121
80
-33
-125
-129
-68
14
60
19
-49
-81
-76
-17
65
67
27
28
9
34
78
110
151
113
65
38
19
49
140
203
169
105
58
58
108
168
167
117
68
16
-8
21
76
103
105
95
67
51
67
75
60
40
6
-9
30
86
120
116
97
-88
-493
-733
-692
-598
-508
-514
-787
-1116
-1141
-879
-646
-559
-550
-627
-654
-457
-150
62
159
186
195
243
368
512
593
659
680
596
529
520
524
588
637
567
393
205
110
92
133
170
69
-96
-204
-249
-205
-123
-94
-120
-179
-194
-168
-102
21
108
128
141
160
195
258
309
363
380
349
286
198
153
149
170
171
76
-48
-135
-199
-179
-152
-196
-267
-342
-398
-396
-335
-307
-284
-249
-252
-244
-218
-173
-88
1
59
80
80
119
230
366
446
467
423
359
385
463
495
476
404
304
264
265
245
217
135
33
-4
-27
-64
-101
-170
-248
-323
-372
-396
-400
-365
-331
-286
-263
-256
-271
-470
-725
-753
-663
-579
-467
-495
-709
-825
-687
-450
-304
-280
-326
-394
-343
-113
109
224
267
247
202
232
344
453
530
585
528
400
349
361
429
536
562
454
301
213
222
311
394
365
242
123
68
104
194
268
280
215
106
11
-22
6
72
112
79
4
-93
-120
-67
-19
2
-35
-141
-213
-210
-201
-223
-256
-291
-358
-373
-326
-313
-290
-249
-203
-146
-103
-92
-88
-51
1
103
203
213
226
228
211
273
341
370
391
369
326
314
334
338
320
299
246
207
181
135
109
64
23
14
-36
-102
-161
-236
-259
-231
-236
-278
-325
-365
-398
-365
-300
-284
-278
-306
-322
-241
-143
-79
-14
-3
-9
-23
-190
-368
-395
-353
-270
-213
-326
-527
-603
-505
-342
-231
-231
-327
-393
-304
-114
75
156
159
138
136
245
379
460
516
516
461
432
447
485
534
558
524
432
316
264
269
314
334
264
147
38
7
40
71
59
-15
-114
-165
-161
-113
-59
-51
-95
-146
-157
-145
-91
-31
-19
-46
-76
-71
-34
22
74
82
47
-21
-81
-73
8
69
69
5
-73
-96
-58
24
66
51
16
-17
-24
4
43
58
60
59
45
25
24
60
88
97
117
89
63
83
102
118
122
81
10
-51
-56
-44
-43
-40
-79
-153
-186
-174
-166
-152
-132
-157
-194
-170
-139
-136
-110
-91
-112
-96
-41
-9
39
92
119
129
122
119
95
-21
-171
-259
-299
-271
-220
-305
-471
-561
-543
-473
-383
-340
-410
-470
-435
-318
-198
-132
-84
-57
-32
46
152
228
311
374
380
374
397
452
526
599
605
527
454
431
441
480
496
437
327
221
173
183
193
173
131
48
-25
-71
-99
-71
-37
-49
-102
-136
-152
-128
-80
-71
-86
-111
-140
-147
-92
-17
19
5
-42
-72
-76
-50
7
15
-23
-51
-81
-93
-73
-47
-46
-48
-59
-86
-91
-87
-67
-19
16
20
24
3
8
54
94
135
130
90
66
86
116
145
152
98
41
29
23
21
19
-18
-58
-97
-122
-123
-129
-173
-210
-240
-266
-258
-252
-226
-186
-160
-138
-120
-124
-93
-41
-8
59
110
103
80
90
151
154
37
-94
-193
-240
-212
-174
-250
-373
-438
-441
-382
-312
-297
-332
-356
-287
-173
-69
24
50
47
74
164
271
349
420
462
452
443
472
501
549
589
562
489
416
378
361
357
318
225
125
37
-15
-28
-16
-32
-109
-194
-232
-239
-210
-151
-146
-180
-195
-188
-178
-133
-71
-44
-17
-24
-29
-2
34
91
123
123
104
90
81
99
136
138
93
46
23
-11
-8
14
3
-1
-22
-63
-64
-56
-70
-69
-66
-89
-97
-98
-135
-159
-151
-127
-98
-90
-103
-98
-83
-52
-8
-5
-36
-56
-54
-49
-7
17
10
17
-2
-10
1
11
12
8
9
12
28
30
27
23
9
11
25
27
14
12
10
13
50
57
38
55
51
-29
-154
-233
-266
-263
-230
-261
-370
-455
-450
-382
-293
-231
-232
-265
-261
-189
-97
-3
69
75
61
93
168
236
295
334
329
294
274
286
327
378
392
363
293
241
245
269
283
269
225
155
106
110
130
127
86
43
5
-1
18
16
13
-4
-12
-15
-31
-25
-22
-13
-4
0
19
31
32
48
66
50
32
7
-26
-28
-45
-65
-100
-146
-152
-171
-185
-184
-203
-223
-231
-234
-241
-229
-216
-204
-169
-122
-75
-40
-9
21
43
69
103
134
141
129
115
110
119
127
121
120
116
101
100
96
60
13
-24
-47
-54
-79
-112
-139
-164
-168
-165
-162
-159
-171
-173
-150
-117
-84
-47
-18
5
40
65
81
98
110
101
90
48
-35
-93
-126
-131
-111
-129
-211
-280
-313
-309
-274
-246
-246
-280
-269
-215
-141
-45
9
24
25
53
116
179
240
271
274
269
285
335
378
416
451
429
374
347
340
354
360
315
260
203
153
129
127
110
68
10
-61
-97
-97
-87
-70
-82
-113
-131
-127
-104
-66
-35
-28
-29
-30
-30
-6
14
18
31
32
12
-17
-40
-57
-83
-104
-123
-144
-156
-165
-167
-159
-166
-181
-200
-194
-176
-167
-136
-130
-116
-91
-82
-43
-19
-6
12
23
43
58
73
94
108
121
129
143
143
137
136
122
106
87
54
14
-4
-1
-10
-33
-72
-111
-124
-134
-142
-144
-167
-163
-134
-109
-76
-51
-33
-20
5
49
78
103
114
97
105
124
126
81
-11
-80
-136
-143
-128
-156
-221
-294
-337
-353
-319
-271
-258
-246
-228
-205
-162
-111
-69
-35
4
44
85
145
211
275
321
350
376
388
426
487
503
493
475
441
405
382
352
310
270
209
146
98
58
30
1
-33
-76
-123
-154
-159
-166
-171
-180
-190
-181
-150
-123
-97
-84
-90
-74
-54
-40
-18
-4
-1
4
-2
-13
-22
-35
-57
-64
-62
-71
-84
-109
-125
-132
-137
-129
-142
-152
-134
-127
-106
-85
-74
-65
-71
-68
-51
-28
3
26
29
28
38
50
66
74
60
46
42
51
54
56
45
11
-10
-14
-18
-17
-30
-55
-92
-128
-128
-114
-110
-119
-113
-121
-135
-110
-70
-24
11
46
69
78
111
150
182
207
211
199
182
157
119
66
31
5
-30
-69
-108
-144
-192
-214
-207
-212
-216
-230
-230
-212
-183
-136
-96
-62
-37
-15
14
58
105
152
187
216
230
235
267
300
322
336
334
304
281
277
263
249
239
201
139
93
53
28
20
6
-18
-58
-84
-91
-103
-108
-105
-97
-112
-114
-93
-82
-49
-32
-26
-16
-13
-5
2
20
15
2
2
-18
-47
-62
-85
-108
-125
-134
-119
-118
-123
-139
-166
-188
-194
-184
-187
-166
-159
-175
-168
-159
-138
-105
-77
-53
-60
-57
-39
-24
20
59
93
117
113
131
154
174
199
202
194
175
159
145
134
136
113
88
55
20
7
-11
-18
-26
-44
-68
-89
-91
-80
-54
-35
-26
-16
-13
-7
17
38
59
62
58
55
47
37
26
15
-18
-41
-78
-122
-146
-166
-177
-182
-176
-174
-176
-171
-157
-134
-107
-76
-52
-29
13
42
75
103
105
119
133
145
156
161
171
175
173
162
148
135
128
135
133
128
116
98
87
73
80
79
53
48
30
28
38
33
42
36
24
21
11
1
9
14
4
-2
-24
-41
-52
-66
-72
-103
-116
-124
-131
-118
-128
-125
-145
-168
-158
-148
-127
-126
-126
-126
-110
-74
-59
-36
-24
-21
5
22
41
58
55
45
36
37
62
66
69
70
52
51
47
46
50
54
51
39
25
16
19
10
8
1
-14
-13
-7
3
11
5
-1
-5
-2
10
24
35
30
27
29
38
44
38
21
1
-20
-29
-15
-15
-28
-39
-71
-95
-108
-115
-110
-125
-146
-173
-173
-159
-136
-117
-118
-117
-115
-92
-60
-29
-11
6
12
21
36
56
90
110
120
105
100
118
120
136
146
134
128
117
113
118
124
122
112
107
102
102
107
106
103
96
87
81
84
89
89
90
75
65
60
46
51
43
36
20
7
12
4
-12
-38
-56
-73
-98
-96
-107
-129
-135
-152
-162
-166
-177
-186
-201
-206
-201
-189
-176
-163
-144
-132
-114
-91
-69
-47
-27
-18
-4
27
55
78
99
95
98
102
99
100
100
101
98
97
95
86
75
57
35
19
7
7
9
-6
-13
-27
-32
-23
-13
-10
-8
-11
-19
-12
-10
-9
2
18
31
42
40
33
30
12
11
18
19
21
17
5
-9
-13
-21
-40
-49
-67
-81
-76
-69
-70
-77
-73
-83
-89
-89
-91
-79
-71
-73
-58
-41
-26
1
18
44
51
50
63
46
42
57
63
84
97
96
91
78
73
74
79
85
78
75
73
72
82
76
61
47
23
1
-10
-8
-6
-1
-4
-8
-12
-18
-23
-11
4
15
5
-3
-10
-20
-10
-10
-13
-21
-37
-45
-36
-29
-24
-20
-30
-40
-45
-40
-31
-26
-15
-9
-7
-17
-31
-34
-28
-16
-13
-7
-9
-8
-4
-7
-6
-16
-17
-10
3
9
17
24
18
18
19
32
44
47
44
44
48
38
39
36
30
18
17
16
2
-5
-22
-33
-37
-27
-21
-21
-27
-35
-43
-51
-56
-78
-98
-102
-97
-89
-80
-69
-67
-69
-73
-75
-62
-51
-19
22
27
26
22
22
36
51
57
44
20
7
3
7
15
7
2
0
-7
2
-6
-19
-21
-22
-13
12
31
33
35
36
43
55
56
56
67
79
92
101
107
101
87
82
77
81
88
86
72
55
40
32
26
23
19
8
0
-15
-32
-35
-44
-59
-61
-62
-57
-48
-43
-42
-45
-38
-34
-32
-20
-19
-17
-17
-15
-12
-5
7
8
5
3
1
3
13
17
17
17
10
9
2
6
7
-1
-1
-9
-19
-24
-27
-29
-20
-21
-28
-22
-26
-17
-4
2
6
1
0
3
-7
-14
-18
-28
-35
-44
-41
-41
-44
-49
-57
-61
-64
-64
-63
-68
-69
-65
-60
-50
-44
-44
-45
-39
-39
-33
-27
-17
3
10
11
8
15
17
32
51
58
70
69
58
53
57
64
69
66
63
49
49
53
39
33
25
20
21
22
28
19
14
4
-5
9
18
26
38
41
46
40
28
27
23
29
40
45
49
56
48
37
38
38
34
48
53
40
40
33
16
3
-4
-14
-20
-17
-15
-21
-23
-19
-23
-20
-19
-22
-29
-37
-34
-39
-44
-40
-43
-46
-42
-48
-59
-56
-54
-63
-58
-58
-64
-55
-47
-44
-40
-30
-26
-16
-2
8
15
13
12
7
6
7
-5
-19
-28
-36
-45
-42
-40
-39
-38
-33
-29
-30
-16
-12
-25
-27
-26
-24
-15
1
8
1
4
7
11
22
24
27
25
19
18
17
26
31
34
42
41
41
34
28
30
23
20
12
6
12
10
16
24
23
25
25
31
28
31
37
31
32
31
35
34
32
33
28
37
40
36
28
31
29
22
27
23
18
25
24
22
23
23
15
8
16
11
10
9
5
7
6
15
11
4
-1
-7
-14
-20
-16
-11
-9
-11
-16
-28
-33
-38
-49
-52
-50
-57
-69
-76
-79
-79
-85
-89
-83
-88
-85
-78
-79
-75
-62
-54
-50
-33
-19
-13
-13
-20
-16
0
20
33
36
33
25
26
18
13
15
6
11
24
32
42
35
23
18
11
7
4
4
1
6
6
2
12
14
15
7
6
11
19
31
25
26
28
23
31
32
29
27
29
26
28
35
36
35
28
20
15
14
11
14
9
4
5
1
8
18
27
33
30
21
5
-7
-8
-21
-23
-27
-31
-25
-20
-7
2
12
16
9
6
12
16
21
34
42
41
33
22
13
11
9
4
4
-2
-9
-14
-26
-42
-48
-50
-59
-63
-64
-64
-58
-56
-46
-33
-15
-4
-14
-10
-12
-13
-5
-9
-10
-15
-14
-6
-3
-4
-8
-9
-18
-23
-24
-23
-12
-5
-6
-1
0
1
7
17
21
9
-4
-10
-14
-9
2
7
3
0
0
-6
-3
8
11
13
17
10
15
22
17
13
4
7
7
14
28
25
16
14
10
8
12
12
5
-3
-5
-5
3
7
-3
-17
-13
-10
-6
12
14
17
20
18
18
19
20
15
18
25
30
36
39
40
34
27
16
9
7
8
20
21
12
-1
-13
-20
-24
-23
-25
-26
-26
-30
-32
-20
-10
-9
-5
-8
-10
-13
-15
-6
-2
5
11
13
5
5
10
4
3
-2
-4
-9
-8
3
-5
-2
-7
-24
-27
-40
-46
-48
-47
-42
-34
-18
-9
-6
-8
-2
-1
-2
11
19
20
17
22
24
23
21
16
11
10
11
7
7
3
-7
-13
-6
2
-7
-2
-16
-35
-30
-31
-22
-6
-5
-11
-19
-22
-22
-16
-10
-6
-1
-4
-2
9
10
22
31
26
31
33
28
38
37
28
26
20
15
19
20
13
10
0
-2
-5
-6
4
14
13
12
20
8
2
8
17
16
8
2
-4
-12
-24
-29
-33
-36
-32
-33
-32
-25
-16
-5
11
18
21
27
27
32
30
24
17
6
9
3
-2
-4
-14
-11
-14
-10
-7
-4
-3
-6
1
-7
-10
0
5
13
9
3
2
-4
-12
-7
-6
-3
13
10
8
4
0
1
2
1
2
-1
-6
-7
-19
-22
-21
-31
-32
-49
-63
-58
-45
-33
-22
-4
2
9
14
13
8
0
-5
-7
-4
2
13
25
25
23
21
22
19
24
26
17
16
4
-10
-10
-13
-11
-7
-6
-5
-7
-10
-11
-17
-21
-19
-16
-10
-14
-8
2
1
2
0
-3
4
21
32
43
49
50
55
58
56
57
61
47
26
14
9
3
-2
-4
-14
-18
-26
-39
-40
-41
-38
-30
-34
-33
-26
-22
-15
-14
-11
-5
3
8
9
7
3
7
14
20
23
25
26
30
28
26
21
23
28
33
30
17
14
4
-1
-2
-5
-8
-19
-13
-20
-27
-21
-19
-23
-27
-24
-23
-22
-23
-23
-25
-31
-26
-21
-6
0
-10
-11
-21
-20
-15
-20
-11
-3
-9
-12
-17
-23
-16
-10
-8
-5
-6
-13
-19
-23
-34
-38
-32
-22
-11
-4
4
10
10
10
8
8
12
12
15
25
24
26
29
29
35
35
34
36
34
23
8
4
5
7
10
10
11
5
0
4
-1
-12
-14
-15
-16
-13
-13
-8
2
10
22
16
18
26
28
49
59
61
52
45
42
48
60
62
56
48
36
32
32
21
-2
-25
-47
-58
-59
-64
-67
-69
-74
-78
-74
-55
-35
-30
-22
-17
-21
-12
-2
14
25
27
29
30
40
47
47
38
21
7
-5
-9
-8
-13
-22
-37
-42
-40
-38
-28
-30
-34
-46
-55
-52
-56
-55
-53
-52
-46
-37
-28
-17
-8
-3
-4
1
10
14
24
32
39
42
41
47
43
29
25
19
12
13
12
10
9
-12
-22
-19
-23
-18
-18
-18
-21
-24
-19
-14
-6
-1
7
5
5
5
6
17
25
30
32
33
37
34
39
44
46
53
54
46
41
37
32
32
28
22
9
0
-6
-8
-8
-12
-8
-7
-5
3
4
7
3
0
2
-3
0
9
22
19
17
23
19
12
13
14
5
2
3
13
19
18
21
22
13
3
-3
-8
-16
-26
-28
-32
-46
-51
-61
-73
-81
-82
-76
-80
-73
-72
-74
-66
-58
-47
-45
-38
-23
-11
-2
2
4
14
18
23
31
32
36
42
45
41
32
25
17
10
6
7
5
-1
-10
-23
-26
-25
-25
-23
-25
-28
-31
-31
-31
-25
-18
-18
-9
-4
8
15
23
40
44
46
45
42
42
42
38
38
32
35
36
39
43
35
31
30
22
10
5
2
-7
-13
-24
-31
-33
-35
-27
-25
-19
-12
-19
-25
-20
-14
-6
0
10
11
11
30
34
40
51
53
52
57
65
73
80
74
68
60
50
44
32
21
12
5
0
-11
-25
-39
-42
-43
-41
-38
-39
-39
-39
-31
-35
-45
-47
-51
-55
-52
-45
-37
-39
-37
-37
-37
-27
-35
-38
-38
-44
-36
-29
-21
-16
-11
-7
-10
-15
-12
-8
-10
-11
-12
-17
-20
-20
-24
-21
-17
-11
-5
-6
-2
9
13
17
25
27
22
12
10
15
22
22
20
11
3
0
3
11
15
18
26
29
26
33
41
45
52
51
43
45
35
30
25
24
27
20
11
1
-6
-3
3
3
9
9
9
7
0
2
-5
-9
-2
-8
-16
-14
-16
-14
-14
-17
-14
-14
-10
-7
-6
5
16
16
13
15
13
17
18
14
11
11
15
14
17
27
20
13
15
2
-7
-4
-4
-5
-12
-14
-15
-19
-17
-13
-13
-14
-19
-25
-29
-31
-21
-21
-20
-21
-31
-35
-34
-32
-30
-29
-23
-26
-31
-34
-39
-49
-40
-31
-31
-16
-9
-8
7
18
30
34
34
42
43
47
35
12
3
-5
-9
-2
-1
-3
-15
-22
-29
-30
-33
-27
-16
-12
-6
-2
-1
-3
1
6
16
23
28
24
24
35
39
44
45
40
39
46
47
44
39
29
24
19
20
28
23
10
9
1
-8
-4
-3
-2
3
8
7
-6
-15
-17
-16
-16
-13
-3
-5
-9
-15
-20
-18
-11
-13
-10
-5
-6
2
8
3
-1
-3
-5
-9
-8
-11
-16
-13
-9
0
6
7
10
12
15
11
7
-1
-8
-9
-16
-21
-18
-14
-2
4
-4
-8
-11
-18
-22
-20
-15
-14
-13
-16
-15
-19
-16
-9
-5
2
4
9
8
14
21
20
19
8
-1
-11
-25
-21
-9
-9
-16
-13
-11
-13
-5
-5
-8
-5
-1
0
0
-4
-7
-3
0
1
-1
-3
-1
-7
1
2
6
9
6
12
7
5
6
2
9
28
33
40
40
30
28
24
21
19
16
13
4
2
10
12
16
17
15
16
16
12
12
7
5
7
2
-5
-8
-9
-11
-3
-3
-3
-2
-1
4
-1
-1
-11
-10
-3
-8
-4
-3
-4
-8
-13
-17
-13
-15
-19
-15
-21
-20
-19
-20
-14
-13
-6
-4
-1
3
8
11
10
3
-5
-9
-14
-11
-14
-12
0
1
3
0
-1
-1
-3
2
0
-6
-8
-12
-13
-7
-1
3
-4
-13
-13
-16
-9
-4
-1
-1
-5
-3
-12
-19
-23
-21
-15
-16
-14
-16
-23
-20
-6
-2
2
11
17
27
35
39
37
40
41
35
38
37
32
27
22
12
8
10
8
14
24
27
30
20
11
3
-5
-5
-6
-1
3
2
-3
-9
-12
-19
-23
-17
-19
-23
-22
-21
-17
-8
5
14
21
17
22
31
34
38
34
26
20
8
2
3
-2
-3
-7
-22
-26
-26
-31
-27
-27
-20
-12
-12
-12
-13
-15
-20
-21
-24
-34
-39
-36
-31
-35
-35
-30
-24
-15
-5
6
13
13
15
15
11
15
19
18
18
19
19
21
21
15
4
-1
-4
-4
-5
-7
-6
-7
-12
-9
2
4
10
16
16
5
3
1
-4
-3
1
7
8
9
10
12
12
9
1
1
10
0
-3
-5
-11
-7
-9
-6
-7
-8
-2
-1
-1
2
5
0
2
5
-1
1
0
8
9
9
11
-4
-3
2
-3
0
-1
-7
-13
-14
-13
-6
-4
-3
1
-2
3
3
2
4
2
10
15
22
29
40
40
32
35
22
18
15
7
10
6
9
9
4
1
-3
-3
-1
2
-1
-12
-20
-25
-26
-26
-19
-18
-15
-13
-16
-12
-13
-19
-20
-19
-23
-18
-17
-20
-21
-19
-15
-15
-14
-14
-9
-6
-5
0
-1
-1
0
-2
1
1
-2
3
1
5
7
7
4
-1
-2
-2
-2
1
8
10
12
14
8
7
6
6
7
8
12
16
9
6
6
-3
1
4
0
6
5
5
-1
-8
1
-3
-7
-6
-7
3
8
10
19
16
14
14
5
4
5
7
1
4
7
6
8
8
11
9
13
17
10
2
-3
-14
-12
-8
-9
-10
-10
1
3
6
4
3
4
-8
-9
-12
-16
-16
-24
-21
-17
-17
-9
-2
4
8
6
14
8
5
11
16
15
10
15
15
13
17
22
21
17
10
2
-1
-1
-3
-2
-13
-20
-23
-24
-21
-21
-28
-28
-30
-35
-28
-22
-20
-19
-19
-16
-11
-10
-4
-2
-1
-1
-5
-2
9
17
18
16
13
11
6
-5
0
4
5
11
13
21
27
23
19
15
13
11
14
12
11
9
8
5
1
6
9
-1
-2
-7
-18
-21
-28
-27
-23
-19
-15
-11
-5
-1
2
2
7
7
10
13
8
6
0
-4
-6
-2
6
6
14
18
15
10
9
9
8
8
15
9
-1
-2
-10
-11
-9
-8
-4
-3
-6
-1
2
-2
1
2
-1
-6
-1
8
5
11
19
18
19
22
16
2
-7
-1
1
-9
-12
-18
-16
-17
-12
-10
-11
-11
-6
-4
-3
-2
-10
-13
-18
-15
-9
-8
-6
-10
-9
2
2
5
13
14
15
21
20
14
10
4
7
6
0
5
-4
-17
-18
-19
-17
-15
-18
-12
-6
-1
2
3
4
-2
-4
-5
-2
6
7
-1
-2
-2
-4
-5
-8
-4
-3
-8
-3
-1
0
-2
-2
2
6
13
13
10
10
12
11
10
11
10
7
-5
-11
-1
-1
2
14
8
4
5
-1
0
-1
-7
-6
-6
-7
-2
4
-1
0
5
6
13
15
21
22
19
11
6
7
5
-2
0
2
-5
3
-3
-2
1
-1
1
2
-3
-8
-9
-16
-20
-18
-20
-14
-2
2
1
11
9
5
3
2
6
5
2
3
-7
-18
-20
-19
-17
-17
-11
-6
-9
1
3
5
9
2
-6
-1
-4
0
-2
-5
-2
-2
-1
-4
-3
-6
-9
-9
-7
-5
0
7
13
18
17
14
17
11
6
5
-2
-1
-9
-15
-19
-23
-18
-15
-3
4
8
11
5
3
1
1
3
1
-2
-8
-11
-9
-3
0
7
17
21
18
15
9
3
-4
7
12
12
17
16
14
10
6
3
3
-3
2
1
-2
3
4
8
5
5
9
7
10
14
11
10
7
-3
-9
-12
-22
-24
-14
-12
-7
-1
-5
-4
-2
0
9
10
5
10
1
-5
-8
-18
-17
-20
-15
-12
-17
-8
-12
-10
4
0
-3
-11
-22
-19
-22
-14
1
5
11
5
2
1
-6
-3
-4
-5
0
-5
0
1
-1
8
9
12
17
28
24
18
18
7
2
0
-5
-12
-10
-11
-15
-11
-6
1
4
-1
1
-3
-2
-2
-2
6
3
-5
-10
-14
-14
-12
-10
2
6
9
19
19
17
18
13
10
8
10
16
12
11
10
10
3
-6
-10
-18
-21
-23
-10
-2
3
8
2
2
-3
-3
0
9
13
4
6
4
2
4
6
11
5
3
2
2
8
12
16
13
6
1
-5
-11
-12
-11
-11
-7
-6
-7
-10
-7
-6
-5
-7
-13
-8
-12
-8
-6
-8
-6
-8
0
8
12
13
12
8
1
1
1
-1
-7
-6
-9
-12
-10
-5
5
6
4
8
9
11
12
9
3
-3
-4
-2
-6
-9
-10
-10
-12
-15
-18
-16
-11
-8
-4
-10
-9
-10
-14
-8
-7
-2
6
7
12
22
18
18
19
17
21
16
14
14
15
16
11
6
4
2
-1
-5
-4
-10
-10
-9
-12
-11
-13
-13
-19
-22
-17
-16
-11
-8
-10
-10
-10
-8
-3
5
13
15
24
26
27
25
20
20
18
18
14
14
8
1
2
-2
-1
-4
-7
-5
-5
6
18
19
22
18
6
3
-8
-10
-2
-5
-5
-12
-17
-19
-20
-9
-6
-3
11
5
4
7
0
-1
1
2
-4
-8
-6
-6
-13
-19
-25
-32
-31
-31
-31
-24
-17
-7
-2
4
10
4
6
8
6
8
9
1
-4
-10
-14
-16
-18
-9
-6
-4
3
7
7
14
18
17
19
21
24
27
25
26
21
17
18
17
17
15
11
5
-5
-7
-7
-6
3
13
13
15
18
18
19
11
3
-3
-11
-17
-24
-27
-29
-32
-29
-23
-20
-18
-18
-15
-9
-7
-5
-4
0
6
8
10
8
6
1
-2
-4
-8
-9
-13
-11
-7
-7
-2
1
1
2
12
10
3
0
-9
-7
-2
-3
2
6
2
7
8
5
11
8
5
5
7
6
5
10
4
2
3
0
5
3
6
11
13
14
9
8
3
-1
-1
1
5
4
1
2
-2
2
5
-3
-3
-5
-5
-5
-14
-15
-17
-18
-13
-10
-1
10
16
20
16
7
3
-3
-8
-6
-9
-11
-8
-6
4
2
8
16
13
8
-1
-5
-12
-13
-7
-9
-11
-9
-14
-18
-12
-10
-14
-10
-3
-3
5
18
14
17
18
11
12
0
-2
-6
-11
-2
-1
9
11
7
13
9
8
-2
-18
-23
-28
-29
-26
-21
-14
-9
-10
-5
-2
-2
-10
-13
-15
-17
-9
-3
0
6
11
17
18
14
18
18
9
7
0
-3
1
1
11
19
25
26
24
26
17
6
2
0
-2
2
13
16
22
22
16
14
4
-4
-6
-5
3
-1
-7
-6
-4
-5
0
-1
1
3
-5
-10
-10
-10
-6
-3
-1
3
0
0
10
7
5
12
10
7
7
-3
-4
-10
-19
-25
-31
-28
-24
-19
-12
-2
-2
-7
-11
-13
-10
-10
-12
-5
-3
-8
-3
-5
-6
-2
-2
4
7
3
2
0
-5
-5
-2
-1
-1
-4
0
8
9
12
10
3
-5
-8
-6
-3
8
12
11
16
20
17
10
11
10
3
3
5
6
4
4
3
2
4
2
2
1
-2
-9
-12
-14
-16
-12
-5
-1
-4
-8
-3
3
12
18
8
2
-9
-14
-8
-6
3
10
14
17
15
16
12
3
-4
-16
-26
-31
-30
-22
-12
-4
2
7
3
1
1
-3
2
9
6
10
19
21
27
25
22
16
9
5
9
10
1
-5
-8
-13
-14
-4
-5
-4
0
1
10
12
11
17
17
15
16
12
10
3
-6
-4
-8
-14
-8
-9
-8
-8
-8
-5
-9
-9
-6
-10
-10
-12
-21
-24
-29
-30
-28
-27
-20
-21
-21
-15
-17
-10
-13
-15
-6
-3
7
11
17
16
14
20
25
30
31
31
27
14
8
-2
-4
-7
-8
-1
1
4
5
-1
-9
-9
-14
-8
6
7
16
16
10
5
-6
-10
-10
-15
-8
-4
1
6
0
6
8
1
5
6
-3
2
5
5
5
1
3
-7
-16
-20
-18
-10
-3
4
13
27
26
20
20
20
10
8
8
4
-2
-1
1
4
9
5
6
4
5
7
6
9
2
-2
0
-2
-4
5
8
1
-2
-5
-13
-17
-19
-17
-19
-10
-8
-8
2
9
12
8
6
-2
-7
-11
-7
-4
-2
-3
-8
-9
-1
-7
-12
-14
-23
-26
-27
-18
-10
-5
-3
-5
-4
-4
-11
-17
-7
-3
-4
6
0
-4
2
1
6
14
16
16
18
13
9
2
10
13
4
8
7
-5
-4
-3
-6
-5
-6
-4
-1
4
16
16
19
19
10
10
15
9
10
13
4
4
1
-1
5
-2
2
1
-4
-11
-17
-13
-5
0
-1
-3
-13
-17
-14
-13
-3
-4
-3
5
1
5
7
8
11
6
5
5
9
5
8
10
-2
-2
-8
-7
-2
1
16
19
14
8
3
-3
-2
0
6
9
15
14
9
11
7
3
-6
-5
-2
-14
-22
-23
-27
-22
-19
-22
-12
-5
-2
3
-1
4
2
-2
4
5
15
18
19
10
-1
1
-6
-9
-11
-11
-16
-28
-26
-22
-26
-22
-14
-11
0
5
11
7
6
8
8
11
19
25
26
20
14
9
3
-2
-16
-9
-8
-20
-16
-17
-18
-18
-14
-2
5
6
15
23
13
12
14
10
5
-6
-5
-16
-24
-21
-24
-27
-34
-27
-16
-13
-11
-4
5
14
18
16
17
22
25
24
29
33
32
37
31
21
12
10
12
12
12
13
10
7
10
6
5
6
4
12
9
7
12
7
17
21
17
23
16
4
-6
-15
-13
-15
-15
-17
-21
-27
-31
-27
-31
-28
-20
-22
-21
-19
-16
-12
-13
-14
-6
-14
-16
-6
-5
-1
2
0
0
-4
0
-3
-12
-7
-5
-1
-4
-2
-1
-4
-7
-14
-8
-5
-3
4
6
6
3
11
13
11
20
8
8
7
4
8
3
7
1
-1
-1
0
2
2
3
-7
-23
-27
-25
-18
-7
5
19
29
31
26
23
14
1
-7
-12
-18
-18
-7
2
0
5
9
7
11
10
0
-8
-8
-4
4
12
20
24
22
12
7
-3
-10
-6
-9
-9
-6
1
7
13
20
26
20
12
11
13
4
-3
6
-2
1
4
4
10
19
25
13
7
1
-2
-4
-3
-3
-6
-12
-18
-23
-29
-25
-24
-23
-24
-22
-18
-22
-16
-7
-4
4
12
16
20
14
12
8
-4
-12
-9
-11
-14
-10
-11
-10
-15
-14
-15
-15
-11
-9
-8
-6
-6
0
3
6
6
10
14
9
7
17
15
4
4
1
2
-4
-3
0
-3
-1
-1
7
9
12
15
10
2
5
10
3
7
10
5
1
3
-1
-3
-2
-5
-8
-9
-7
-2
-2
3
1
-8
-4
-10
-8
-9
-10
-4
1
1
4
4
-5
-5
-1
3
4
4
2
4
3
4
-2
-9
-12
-26
-24
-23
-23
-11
3
9
15
21
17
12
15
19
22
21
19
25
29
35
33
27
24
23
21
17
14
6
-9
-15
-17
-16
-13
-7
-8
-7
-16
-23
-21
-25
-19
-4
11
26
33
32
25
9
-10
-28
-29
-32
-25
-12
-13
-3
-4
-4
-3
-12
-15
-30
-44
-51
-49
-42
-38
-15
9
23
34
37
26
10
1
-2
-9
-13
-21
-22
-14
-22
-30
-29
-22
-11
0
11
13
9
0
-1
-2
-1
10
17
28
44
53
55
53
42
44
36
30
25
24
20
7
1
-8
-13
-12
-8
-8
-4
0
-2
-1
6
4
-3
-7
-9
-11
-12
-6
-3
0
2
9
3
-6
-7
-11
-14
-16
-13
-13
-10
-6
-2
-7
-5
-9
-12
-10
-15
-18
-15
-9
-5
-1
-1
1
1
6
11
10
15
12
12
11
7
3
-5
-7
-7
-5
1
3
2
2
-5
-12
-16
-21
-11
-2
-4
-4
-9
-11
-16
-20
-9
-8
-3
5
3
6
8
6
5
8
17
19
24
19
15
12
5
0
-2
9
8
10
15
12
5
8
5
1
0
-12
-12
-10
-14
-18
-21
-18
-14
-11
-9
-10
-11
-15
-10
-4
1
10
14
17
15
9
15
16
20
31
32
31
34
26
19
17
10
1
-6
-11
-6
-8
-1
6
2
0
-3
-8
-5
0
-3
2
-1
-10
-7
-10
-16
-23
-27
-23
-23
-21
-17
-14
-10
-14
-19
-18
-21
-19
-11
-3
-2
-1
1
0
3
9
15
21
18
14
12
2
-7
-14
-17
-17
-23
-20
-12
-9
-1
-2
-3
-2
-3
9
13
22
23
16
13
12
11
5
10
11
11
15
9
7
0
2
2
3
10
3
9
6
4
3
-8
-7
-7
-15
-12
-18
-19
-19
-20
-10
-8
-7
3
2
6
18
16
19
19
16
22
23
20
26
24
16
14
8
6
3
8
10
6
6
-3
-6
-9
-14
-12
-18
-16
-6
-7
-1
-5
-13
-6
-12
-12
-12
-13
-7
0
-1
4
0
1
5
0
0
-2
6
11
4
11
13
12
8
4
1
-5
-6
1
-1
-3
-5
-13
-15
-19
-29
-31
-29
-26
-24
-26
-27
-31
-25
-20
-18
-17
-5
5
10
21
18
21
20
12
14
15
20
22
21
15
6
9
6
4
5
1
12
14
9
4
-1
-1
-4
-14
-17
-17
-13
-8
-9
-2
1
7
8
10
16
8
12
17
10
9
4
4
3
-2
4
1
-1
-10
-11
-3
-8
3
9
7
12
18
19
15
12
17
6
6
3
-11
-2
-16
-16
-18
-25
-12
-14
-4
-3
-5
7
9
18
8
10
10
3
5
1
9
6
13
17
11
9
11
3
-8
-14
-15
-11
-8
0
4
6
5
5
4
4
-4
-13
-12
-15
-16
-15
-21
-17
-19
-21
-13
-14
-8
-12
-7
0
2
13
11
13
7
0
-7
-10
-14
-21
-16
-13
-12
-17
-9
-2
2
11
13
24
23
17
15
11
1
-10
-8
-13
-14
-17
-20
-13
-15
-12
0
3
2
-2
0
-3
-9
-6
1
17
29
30
38
33
21
15
9
14
11
18
22
12
16
8
11
12
1
3
3
-1
0
-4
-8
-4
-5
2
7
10
11
10
14
-1
-7
-14
-21
-12
-13
-4
-7
-11
-12
-19
-19
-22
-21
-17
-20
-15
-12
-13
-4
-5
-6
-7
-5
6
5
11
10
0
1
-1
-3
1
5
14
13
15
21
22
17
16
20
15
7
12
19
23
24
17
9
5
-2
1
3
-8
-9
-20
-29
-30
-33
-16
-8
-10
-6
-6
-3
-4
-3
-9
-9
-14
-14
-8
-9
-1
-3
-3
-1
-12
-1
1
-1
1
-7
-13
-19
-18
-11
-5
-7
-9
-6
-11
-8
-1
-7
-7
2
7
8
7
18
18
12
13
11
9
9
8
16
18
17
22
16
19
17
17
15
14
7
3
2
-7
-6
-6
-7
-4
-5
1
9
13
22
21
13
11
2
-4
2
-6
-8
-11
-19
-15
-20
-22
-17
-19
-13
-7
-13
-3
-8
-13
-12
-9
2
5
16
24
17
11
13
7
-3
-2
-12
-12
-7
-5
-8
-9
-3
-5
-1
6
8
8
13
7
0
6
5
6
12
9
16
18
16
13
1
-5
-14
-14
-4
-5
-7
-6
-12
-17
-12
-7
-12
-12
-14
-18
-18
-14
-4
2
2
1
0
-2
-1
2
1
8
5
7
9
6
14
4
4
2
-13
-8
-10
-16
-11
-8
-5
4
6
4
9
10
6
3
-4
0
-6
-8
-8
-9
-2
2
12
18
20
25
27
20
14
7
3
2
4
14
18
12
10
7
-1
-3
-4
-8
-9
-7
-5
-3
-8
-9
-1
-5
-2
-3
-5
-8
-12
-15
-21
-16
-14
-12
-5
-7
-4
-4
-3
-6
-10
-7
-10
-10
-7
1
2
9
18
16
16
0
-3
-2
-10
-2
0
1
4
5
8
0
-1
2
1
0
0
3
-3
-2
2
11
17
21
21
12
10
6
2
8
10
17
19
20
21
15
16
10
8
4
-5
-5
-5
-9
-8
-10
-18
-23
-24
-29
-31
-26
-22
-27
-28
-19
-13
-11
-9
-3
2
4
5
9
9
3
6
3
-1
-1
0
5
11
9
3
1
-3
-15
-16
-8
-3
3
12
17
11
6
4
1
-4
-4
4
0
-4
2
-4
-4
0
3
10
8
6
2
4
3
-2
-3
4
6
1
-2
-6
-10
-6
-1
9
13
13
17
13
8
3
-2
1
2
-2
0
9
6
4
10
5
4
4
0
-4
-14
-18
-22
-22
-17
-18
-9
-7
-6
0
5
8
6
11
19
14
6
5
-6
-12
-13
-6
5
11
15
16
14
5
1
-1
4
5
3
7
10
7
4
5
0
3
8
2
1
-2
-6
-6
-12
-6
6
6
8
3
-5
-9
-7
-1
4
10
2
-1
-2
-17
-19
-20
-17
-20
-16
-5
-7
-11
-11
-16
-19
-13
-7
-8
-1
2
-9
-6
-6
-16
-18
-15
-17
-16
-6
-7
0
6
11
19
14
12
6
3
3
1
4
8
12
18
28
34
30
29
28
16
13
18
5
-3
1
-2
0
5
7
7
5
-1
7
6
5
8
1
2
-4
-3
1
0
-2
-4
-6
-12
-11
-1
-2
-6
2
-3
-14
-14
-9
-11
-3
-4
-4
-5
-7
0
0
1
8
4
1
4
1
0
4
-1
-4
-1
-2
-1
-3
0
-5
-12
-13
-18
-18
-15
-12
-13
-8
-11
-7
2
4
13
16
22
23
21
29
22
20
16
11
5
-3
3
6
12
2
-8
-7
-16
-16
-5
-13
-16
-10
-8
-7
-11
-5
0
-10
-3
4
-2
-1
-2
4
4
0
-4
-5
0
0
1
0
-11
-24
-28
-23
-18
-20
-12
-2
-1
5
13
20
18
17
20
22
10
6
9
4
2
8
7
8
15
15
19
9
8
6
4
5
0
-4
-13
-21
-19
-22
-21
-9
-7
-2
0
2
2
4
1
-6
1
2
4
9
15
15
12
16
15
10
14
11
6
16
19
14
16
10
1
-7
-9
-9
-12
-14
-15
-14
-11
-8
-7
-8
-8
-19
-22
-24
-38
-37
-29
-24
-19
-8
-5
-4
1
-2
-5
3
9
5
13
15
4
11
13
15
20
11
10
4
-5
0
9
10
14
16
17
25
23
23
24
16
13
14
10
4
-5
-8
-4
-9
-12
-20
-18
-19
-24
-15
-9
-15
-8
-6
-11
-3
-5
-6
-1
-9
-8
-8
-10
-6
-12
-9
-10
-6
-6
-2
11
8
6
9
13
10
12
18
18
23
25
20
19
13
2
-1
-6
-9
-6
-12
-17
-17
-19
-15
-10
-4
8
8
5
4
0
2
0
3
2
-7
-12
-11
-11
-7
-2
2
0
-3
-1
12
13
8
13
10
11
14
11
7
-2
-11
-12
-11
-17
-24
-22
-24
-32
-30
-29
-15
-9
-4
17
18
16
24
23
20
20
21
25
21
18
13
13
14
9
13
10
12
9
0
3
-2
-3
-9
-14
-4
-1
4
-1
0
3
-1
-5
-8
-11
-16
-12
-15
-15
-8
-6
4
4
0
-5
-11
-14
-23
-24
-16
-18
-18
-13
-8
-4
-4
-2
-2
3
12
14
13
9
9
7
9
15
11
13
8
5
8
6
4
2
5
1
2
16
17
18
17
9
3
-8
-7
-9
-7
-7
-9
-6
-11
-5
-2
-1
-1
-1
-3
7
8
-5
-3
-3
-9
-12
-3
2
6
4
3
-13
-19
-23
-29
-21
-22
-9
2
4
11
5
5
6
7
11
13
10
7
-1
-3
1
2
6
10
13
14
13
8
0
-13
-11
-11
-6
1
0
4
8
9
8
6
10
18
9
8
4
-1
3
6
16
15
10
14
8
-3
-7
-8
-14
-20
-17
-27
-29
-28
-30
-27
-20
-13
-13
-7
-4
5
22
31
41
39
35
28
19
7
0
-2
-7
-4
-9
-10
-7
-12
-14
-15
-20
-13
-6
-8
0
1
-5
-7
-7
-6
-3
0
1
-1
0
-1
-2
1
-2
1
3
4
8
6
6
13
15
17
27
25
25
27
9
-2
-10
-17
-14
-7
-1
-3
-1
-2
-8
-6
-9
-4
-2
-6
-4
-3
-11
-13
-7
-8
-1
0
1
4
-5
-4
-7
-4
-8
-11
-5
-8
-3
-7
-7
-1
-5
-1
5
7
14
6
4
1
-1
-2
-7
1
8
8
12
17
12
15
9
9
13
4
12
9
4
5
-3
-10
-12
-17
-19
-18
-20
-13
-4
3
5
-1
5
11
17
20
18
17
9
4
-3
-6
-6
-11
-13
-14
-23
-26
-24
-27
-24
-17
-11
-1
6
5
5
11
21
27
31
34
33
29
29
26
17
12
10
4
5
-2
-9
-13
-23
-22
-26
-26
-11
-12
-5
4
-5
-1
2
-3
7
1
0
11
4
6
4
0
-8
-10
-5
-8
-9
-11
-6
-2
-2
-9
-8
-11
-12
-8
-8
-6
-11
-2
1
9
18
19
19
8
7
4
-2
-7
-6
2
5
6
14
16
19
15
11
13
-1
-1
-3
-11
-10
-16
-16
-12
-10
-9
-9
-11
-16
-25
-24
-23
-22
-14
-10
-5
-9
-9
-4
-2
6
8
18
23
17
18
17
8
5
4
3
8
4
14
13
7
9
3
8
2
3
3
-7
-5
-6
-8
-4
-5
5
13
18
16
13
12
10
26
28
29
32
28
24
27
24
15
9
-2
-12
-20
-19
-19
-22
-16
-16
-11
-13
-12
-15
-15
-9
-9
-5
-3
-3
5
11
12
15
14
6
6
3
-12
-21
-22
-25
-34
-30
-26
-24
-20
-17
-15
-13
-8
-10
-10
-12
-11
-16
-10
-8
-19
-9
0
-3
-1
5
8
15
20
11
10
6
8
10
6
1
-5
-3
-6
-10
-6
3
18
26
28
31
33
18
10
2
-4
-9
-14
-11
-15
-11
-5
-5
-2
7
14
21
23
16
17
10
1
0
-1
1
4
4
6
5
11
14
7
10
2
-7
-3
-12
-13
-3
-7
-9
-10
-10
-3
0
0
5
6
6
9
11
19
17
14
10
1
-8
-15
-15
-13
-10
-13
-13
-8
-3
1
8
5
3
2
3
8
7
13
15
9
4
7
1
-2
-3
-4
0
0
-3
-8
-12
-18
-18
-15
-7
-7
-3
-3
-6
1
-11
-8
-5
-8
-2
-5
-2
3
4
3
0
2
3
-1
2
0
-6
-9
-6
-8
-17
-21
-18
-13
-6
3
7
8
7
2
8
7
7
16
13
15
8
4
7
4
1
-2
-6
-6
-9
0
3
-2
0
-3
0
3
1
4
6
3
4
3
7
11
12
7
-1
-7
-10
-10
-10
-3
3
-2
1
4
-3
-1
2
-2
-7
-7
-6
-7
-10
-9
-4
-8
-5
1
-7
-6
-6
-3
6
9
5
11
15
10
16
12
8
10
3
1
0
6
14
14
14
14
11
11
5
6
8
-2
-8
-5
-13
-17
-10
-4
-7
-12
-5
-2
-5
4
9
8
0
-5
-1
-4
0
6
10
14
22
23
20
23
24
16
11
1
-4
-7
-20
-24
-25
-24
-21
-15
-6
-14
-18
-11
-9
-10
-13
-13
-11
-10
-6
-1
9
15
17
20
17
5
-3
-10
-23
-25
-29
-33
-28
-26
-26
-26
-17
-17
-18
-10
-6
-2
3
7
11
16
23
21
17
21
20
18
21
23
22
15
14
12
5
3
2
-5
-11
-6
-2
-6
-2
5
3
-5
-2
9
12
14
22
18
8
2
1
-1
0
1
0
1
-1
-3
-3
