0
0
0
0
1
0
0
0
0
0
0
-1
0
0
0
0
1
0
0
1
0
0
0
1
-1
0
-1
0
0
0
1
0
0
0
0
0
0
1
0
0
0
0
0
0
0
0
0
-1
0
0
0
1
0
0
0
1
0
0
0
0
0
0
0
0
0
0
1
0
1
0
-1
0
0
-1
0
0
0
-1
0
0
0
-1
0
-1
1
-1
1
0
0
0
0
0
1
0
1
0
0
0
0
0
0
0
0
0
0
0
1
0
0
-1
0
0
0
0
0
0
0
0
0
0
-1
0
0
1
0
0
-1
0
0
0
0
0
0
0
0
-1
0
1
0
0
0
0
1
0
0
0
0
0
-1
0
0
-1
0
0
0
0
0
0
0
0
0
0
0
1
1
1
1
0
0
-1
1
0
0
0
0
0
0
0
0
0
0
0
0
1
0
0
1
0
1
0
0
1
0
0
0
0
1
0
0
-1
0
0
1
1
0
0
-1
0
-1
-1
0
0
0
1
1
0
-1
0
1
0
0
0
0
1
0
1
-1
0
1
0
0
0
-1
0
0
0
1
0
-1
0
-1
-1
0
0
1
0
0
0
1
1
0
0
1
1
-1
0
-1
0
0
0
1
0
0
0
0
-1
0
0
-1
0
0
-1
-1
1
0
0
0
0
-1
0
1
0
0
0
-1
1
0
1
0
1
-1
0
0
0
-1
0
0
0
0
0
0
0
0
0
0
0
0
0
0
0
0
0
1
0
0
0
0
1
0
0
0
0
0
0
0
0
0
0
0
0
0
0
0
0
0
0
0
0
1
0
0
0
0
-1
0
0
1
0
0
0
0
0
-1
0
0
0
0
0
0
-1
0
0
-1
0
0
0
-1
0
0
0
0
-1
0
0
0
0
0
0
0
0
0
0
0
0
0
0
0
-1
0
0
0
-1
0
-1
0
-1
0
0
0
0
1
0
0
0
0
-1
1
0
0
0
0
0
1
0
0
0
0
0
0
1
0
0
0
0
-1
0
-1
0
0
0
0
0
0
0
0
0
0
0
0
0
0
0
0
0
1
0
1
1
0
1
0
0
0
0
0
1
0
1
0
0
0
1
0
0
-1
0
0
1
0
-1
0
0
0
0
-1
-1
1
0
0
1
0
0
1
0
0
0
-1
1
0
0
0
0
0
0
-1
0
0
0
0
0
0
0
0
0
0
0
0
0
0
0
0
0
0
0
0
-1
0
-1
0
-1
0
0
0
0
0
-1
0
-1
1
0
0
0
0
0
-1
0
-1
0
-1
0
0
0
0
-1
0
-1
0
1
0
0
0
0
0
0
1
0
0
0
0
0
0
-1
0
0
0
0
0
0
0
0
1
0
1
1
0
0
0
0
0
0
0
0
0
0
1
0
1
0
0
0
0
0
0
0
1
0
0
0
1
0
1
1
0
0
0
0
-1
0
0
1
0
0
0
0
0
0
0
0
0
0
0
0
0
-1
0
0
0
0
0
0
0
0
0
-1
0
1
0
0
0
0
0
0
0
-1
1
0
0
0
1
0
1
0
0
0
0
0
0
0
-1
0
1
0
0
0
1
0
0
0
0
-1
1
1
0
0
1
0
0
0
0
0
0
0
0
-1
0
0
0
0
1
0
0
0
0
0
0
-1
-1
1
0
0
1
0
0
-1
0
-1
1
0
1
0
0
0
0
1
-1
0
0
0
0
0
0
0
0
0
0
0
0
0
0
-1
0
0
0
0
1
0
0
0
0
0
0
0
0
-1
0
0
0
-1
0
0
1
0
-1
0
0
0
0
1
1
1
0
0
-1
0
0
-1
0
0
0
0
-1
0
0
0
0
0
0
1
0
0
0
0
0
1
0
0
0
0
0
0
0
-1
1
-1
0
-1
0
0
0
0
-1
0
0
0
0
0
0
0
0
0
1
0
0
0
0
0
0
0
0
0
0
0
0
0
0
-1
0
0
0
1
0
0
0
0
-1
0
-1
0
1
0
0
1
0
0
0
0
0
0
0
0
0
0
1
-1
0
-1
0
0
-1
0
0
0
0
-1
0
0
0
0
0
1
0
0
0
0
0
0
0
-1
0
0
0
0
0
0
-1
0
0
0
0
0
0
-1
0
-1
0
0
0
0
1
0
0
0
0
0
0
0
0
0
0
0
0
1
0
0
0
0
1
0
-1
0
1
0
0
0
0
0
0
0
-1
-1
0
0
0
1
0
-1
0
0
-1
0
0
0
-1
0
0
1
0
0
0
0
0
0
1
0
0
0
0
1
0
0
0
1
1
0
0
0
0
0
0
1
0
1
0
0
0
1
0
0
0
-1
1
1
0
-1
0
0
0
0
0
0
0
0
0
0
0
1
0
1
0
0
0
0
0
-1
0
1
0
0
-1
0
-1
0
0
-1
0
0
0
0
0
0
0
0
0
0
0
0
0
0
0
0
0
0
0
0
0
0
0
0
0
0
0
0
0
0
0
0
0
-1
0
0
0
0
0
0
0
-1
0
0
0
0
0
0
0
0
0
0
0
0
0
0
0
0
0
0
0
0
0
0
1
-1
0
0
0
0
0
0
0
1
0
0
0
0
0
-1
0
0
0
0
0
0
0
0
0
0
-1
-1
-1
-1
0
-1
0
0
0
0
0
0
-1
-1
0
-1
0
0
0
-1
0
0
0
0
0
0
0
1
0
0
0
0
0
0
0
1
-1
1
0
2
-2
2
-2
2
-2
1
0
0
2
-4
7
-11
19
-29
49
-99
890
1305
831
553
67
-292
-881
-1250
-1480
-1616
-1508
-1215
-1054
-816
-622
-459
-164
79
348
685
933
1178
1385
1456
1351
1137
908
647
429
311
195
32
-131
-291
-489
-722
-859
-888
-838
-655
-440
-228
-49
63
123
153
161
203
299
381
488
599
610
564
488
289
108
12
-127
-126
-99
-224
-438
-988
-1574
-1937
-2294
-2234
-1888
-1682
-1334
-911
-584
-349
-182
-3
210
474
929
1470
1762
1898
1871
1624
1282
862
477
139
-83
-137
-179
-332
-656
-1014
-1258
-1360
-1304
-1120
-839
-441
29
489
882
1061
1057
1080
1124
1214
1296
1270
1208
993
698
412
14
-343
-663
-931
-991
-1008
-962
-855
-823
-764
-615
-462
-274
-6
259
500
805
1061
1157
1202
1149
1010
907
813
714
599
438
278
104
-143
-384
-609
-790
-861
-830
-727
-601
-470
-345
-232
-195
-153
-25
40
170
373
390
489
586
413
370
336
123
104
14
-145
-210
-529
-828
-1184
-1694
-1780
-1849
-1945
-1573
-1417
-1284
-873
-720
-515
-210
77
444
776
1183
1523
1574
1625
1600
1323
1090
816
571
408
178
46
-221
-588
-814
-1075
-1217
-1187
-1123
-955
-729
-464
-142
77
276
524
669
928
1192
1319
1468
1417
1263
1133
834
574
324
13
-172
-349
-504
-612
-783
-871
-916
-899
-729
-565
-352
-91
129
365
557
675
751
789
859
898
895
921
866
764
674
493
293
116
-84
-230
-333
-451
-556
-632
-735
-823
-830
-797
-736
-598
-438
-301
-111
86
216
354
477
506
566
614
540
461
315
68
-243
-684
-1069
-1341
-1582
-1605
-1513
-1510
-1398
-1252
-1153
-983
-804
-515
-223
136
615
948
1193
1395
1429
1329
1251
1078
859
694
572
447
219
15
-283
-602
-733
-847
-875
-765
-715
-602
-394
-257
-110
23
140
315
530
735
853
912
932
906
864
737
581
473
323
216
166
35
-105
-232
-372
-458
-518
-520
-458
-407
-305
-151
-46
51
161
230
345
452
538
642
700
710
707
659
554
469
342
194
78
-80
-229
-367
-515
-583
-653
-724
-731
-727
-667
-588
-502
-377
-274
-105
46
135
245
307
322
340
334
248
162
47
-107
-193
-290
-421
-520
-582
-681
-736
-704
-721
-697
-626
-558
-439
-338
-234
-142
-92
12
107
186
299
383
429
463
497
501
467
386
281
227
197
144
111
55
-58
-125
-172
-263
-301
-277
-295
-229
-78
0
95
196
265
336
411
474
490
513
534
541
519
473
420
343
274
213
150
59
-14
-46
-99
-105
-90
-104
-94
-70
-58
-28
35
77
103
141
180
219
234
222
186
149
125
81
42
16
-9
-42
-95
-145
-210
-289
-350
-425
-465
-484
-475
-411
-372
-327
-260
-204
-154
-104
-24
49
87
139
158
138
134
97
43
5
-56
-99
-124
-175
-223
-252
-285
-338
-375
-345
-322
-293
-193
-160
-142
-101
-100
-78
-69
-53
-7
9
38
57
47
52
31
15
38
11
-2
17
-25
-10
32
36
64
87
113
145
181
227
235
260
283
259
287
313
290
309
322
303
298
296
278
249
229
213
187
177
157
114
102
81
62
80
59
25
24
-3
-10
21
40
53
49
48
34
6
4
-17
-43
-53
-81
-87
-105
-136
-138
-146
-172
-188
-196
-222
-235
-231
-246
-235
-192
-150
-103
-71
-72
-93
-77
-10
-48
-94
-8
2
-90
-90
-42
-112
-156
-120
-122
-127
-141
-138
-136
-169
-180
-122
-84
-84
-36
-6
-27
-18
16
48
70
45
54
69
3
-11
15
-13
-16
-46
-60
-44
-105
-89
-13
-30
-34
1
17
37
56
87
106
104
119
155
187
183
200
217
197
211
219
205
204
162
148
135
70
73
100
88
87
74
55
16
3
48
68
85
125
152
146
139
91
42
34
12
21
11
-9
-22
-78
-67
-80
-123
-121
-155
-138
-119
-116
-47
-74
-122
-51
-76
-129
-29
-16
-57
1
24
25
26
-21
-48
-17
-73
-78
7
-49
-88
-47
-64
-96
-126
-166
-142
-167
-135
-60
-131
-109
-55
-97
-44
-4
-34
27
34
17
84
40
-14
36
-12
14
79
-20
51
40
-104
40
21
-85
30
-26
-64
18
-22
-15
30
-16
-41
41
4
-75
83
72
-18
137
94
12
132
78
13
79
55
38
97
102
75
102
112
24
26
94
4
19
106
19
46
103
48
56
55
40
22
32
59
-30
41
77
-81
63
71
-128
-3
-3
-161
-68
-14
-153
-87
3
-118
-70
-7
-70
-115
6
-17
-108
86
-24
-76
91
-40
-21
50
-76
-21
36
-46
12
53
-14
-14
2
18
-84
-77
25
-111
-22
84
-45
54
40
7
54
-38
-30
13
50
5
33
89
-71
-8
2
-130
-4
-74
-95
3
-23
-23
-20
-10
-47
-83
-24
33
-29
41
103
55
68
146
89
10
91
-1
14
81
-52
64
71
-22
86
-27
10
42
-76
57
-27
-49
139
-15
23
156
-66
-46
55
-30
9
90
97
6
-33
41
-89
-130
44
-132
-138
-7
-137
-98
-64
-124
-62
-124
-121
70
-104
-8
138
-52
29
63
4
33
-56
7
37
-87
72
-20
-77
-17
-100
-20
-70
-37
70
-94
21
125
-91
97
89
-98
59
45
-19
103
80
29
112
17
70
55
-7
170
25
77
162
-11
62
67
-4
30
54
-66
-10
-22
-112
33
-140
21
45
-185
190
-22
-67
244
-34
34
188
-62
10
117
-122
54
27
-119
74
-85
-70
-19
-104
21
-29
-37
31
16
-25
16
147
-35
40
71
-29
7
-41
44
-50
-56
13
-35
-71
-2
-3
-50
-3
-34
-72
-20
-58
-131
-29
-61
-101
-41
-16
-74
-113
-11
-48
-87
-28
9
-35
-74
33
-68
-65
27
-70
23
26
-89
63
6
-98
52
-52
-31
-22
-58
41
-3
3
49
-3
85
82
18
205
2
96
214
-22
193
64
58
122
-41
149
17
-74
110
-55
-30
25
-85
15
-51
-104
-38
28
-147
8
112
-147
114
58
-31
157
95
102
149
124
77
151
103
-28
140
-7
-89
152
-109
-46
91
-193
-9
-26
-200
22
-87
-82
67
-75
43
0
-28
32
-50
80
-65
2
112
-93
88
80
-125
25
28
-161
13
18
-146
-27
-49
-124
-31
-75
-103
-63
-59
-86
-56
45
-79
-32
100
-85
-67
31
-164
-35
12
-110
18
0
-55
-21
-13
14
-88
-7
78
-87
77
57
-33
35
-21
-4
-72
20
44
-97
122
95
-80
147
77
-26
127
74
22
17
67
23
11
87
-9
-47
56
-31
-99
123
-1
-94
125
-60
-30
95
-20
93
31
46
90
29
38
31
87
39
48
144
49
15
83
20
-34
38
15
-96
79
24
-88
120
-1
-30
97
-24
50
67
-16
86
-10
-43
48
-102
-66
-17
-121
-25
-95
-98
-30
-130
-65
-24
-54
-58
-67
-42
-41
-64
-22
-17
-68
57
-15
-66
77
-61
-56
21
-58
-6
-39
-24
68
-87
9
61
-117
3
-28
-103
-37
-33
-50
-1
-25
-15
83
-82
65
63
-76
108
-48
-3
117
-65
42
115
-47
12
71
-9
-8
56
4
9
76
-26
30
48
-80
37
15
-76
30
18
-51
34
41
-9
77
-2
-17
71
13
27
106
99
60
76
77
22
73
13
-15
78
-48
3
57
-35
-16
6
-29
-39
27
-7
31
67
40
59
-13
26
28
-44
8
-6
-18
-7
-26
15
8
-38
-16
-5
-42
-66
-38
-57
-76
-62
-74
-26
-51
-99
-21
-44
-100
13
-29
-97
14
-55
-63
20
-40
-10
39
16
1
63
14
-26
29
-29
2
11
-30
22
-8
-56
20
-13
-44
47
8
-3
71
-35
3
70
-24
65
47
-39
54
-4
4
55
-20
13
-23
-15
38
-58
-7
35
-85
-32
17
-55
28
45
-11
103
19
-21
96
33
23
88
62
71
71
35
61
51
-25
-17
23
-19
-14
1
-23
-45
-43
-46
-9
-13
-34
59
8
-36
83
9
9
61
-20
-4
-13
-86
-12
23
-62
-5
3
-95
-63
-55
-111
-48
-67
-72
31
-28
-4
69
-40
-18
5
-7
46
17
36
47
-3
-13
3
1
-23
15
28
-12
47
24
-46
20
-25
-69
40
-10
-46
80
35
-41
30
36
-15
53
60
60
89
0
32
79
-2
30
55
-23
-24
-20
-19
-3
-30
-7
36
-21
-12
9
-47
-70
-10
-22
-36
41
-49
3
48
-82
25
6
-57
52
-7
-23
37
-26
-16
16
-20
-15
0
-16
-21
-20
-34
-3
-35
-40
4
-36
-2
28
-22
16
22
16
26
-13
-6
14
-15
-19
26
-41
-79
-9
-53
-93
-5
-7
-49
-8
-3
-8
7
7
27
39
38
47
66
52
41
49
27
21
12
-5
9
14
12
18
1
-4
25
24
28
60
23
17
61
20
24
47
7
8
4
18
31
3
11
-13
-6
8
-21
28
5
4
44
-5
17
15
-36
-11
-8
-11
-8
-18
19
12
-18
9
19
-34
-28
-4
-63
-35
-30
-94
-63
-31
-70
-17
9
-36
-13
1
-7
27
56
30
29
11
-24
-19
-46
-58
-9
-47
-30
-1
-56
-46
-37
-55
-18
12
-21
10
29
-16
7
-16
-50
-13
-23
-14
1
-22
-3
-7
-59
-7
12
-15
11
32
30
36
29
37
42
6
23
23
5
18
2
-12
8
8
20
36
21
18
20
57
55
50
84
49
32
43
28
-5
-7
-3
-2
13
2
5
4
-9
-4
0
-7
26
48
41
65
79
62
47
26
-10
4
-1
-7
42
40
7
15
-17
-33
-38
-58
-27
-40
-48
-17
-37
-43
-31
-36
-40
-23
-4
-13
5
7
9
24
13
12
7
-5
-17
-36
-32
-36
-39
-37
-37
-41
-84
-78
-63
-68
-32
-13
-8
-6
6
7
-14
-24
-20
-12
-17
-5
-2
-28
-17
-17
-26
-2
-25
-41
-13
-9
-3
16
22
42
46
25
38
36
24
30
26
16
34
32
22
27
-9
-6
-4
-6
39
21
40
39
9
56
43
19
60
41
38
55
-10
2
7
-42
-38
-38
-54
-49
-41
-35
-20
-14
-11
-23
-23
13
14
23
48
51
46
45
26
26
33
0
22
28
28
36
18
5
2
26
12
2
26
8
10
32
2
13
8
-19
-10
1
-1
-14
-14
-11
-3
-26
-21
-20
-35
-17
-17
-7
-1
-6
-4
-20
-26
-19
-10
-14
-22
-12
-1
-30
-39
-18
-40
-52
-32
-29
-20
-29
-42
-29
-25
-10
4
6
0
5
17
7
15
18
14
46
51
44
68
57
35
28
8
14
-7
-22
5
-19
-11
5
-8
-2
-12
-4
9
5
12
0
-14
-8
-29
-37
-38
-53
-45
-27
-14
-4
6
4
5
15
-3
-12
3
-27
-26
-32
-80
-80
-100
-137
-131
-146
-162
-163
-176
-167
-150
-139
-108
-86
-80
-59
-20
27
83
134
176
191
233
270
270
277
274
281
280
279
275
275
264
222
207
170
133
121
97
85
52
1
-16
-36
-80
-105
-109
-132
-148
-134
-151
-156
-141
-120
-84
-70
-41
-25
-18
34
52
70
97
77
111
129
103
123
103
86
113
119
124
135
122
105
94
23
-105
-173
-227
-315
-299
-311
-465
-545
-646
-757
-724
-715
-709
-700
-742
-706
-622
-571
-478
-354
-253
-117
18
118
212
296
403
535
645
716
749
750
766
806
813
798
741
658
598
537
464
366
283
195
112
65
3
-75
-164
-231
-252
-268
-303
-320
-355
-406
-385
-345
-335
-326
-289
-287
-252
-170
-155
-112
-80
-72
0
54
94
107
116
155
184
252
270
260
283
274
294
321
314
299
254
222
222
206
176
131
72
38
6
-38
-69
-114
-161
-188
-204
-207
-213
-228
-246
-237
-206
-175
-142
-130
-88
-50
-35
15
20
8
44
57
78
141
141
123
135
132
130
98
33
-80
-206
-219
-248
-317
-291
-413
-590
-630
-702
-680
-625
-616
-587
-615
-606
-531
-468
-375
-248
-129
-11
88
172
278
347
420
540
613
650
684
688
706
726
739
724
637
558
502
483
463
395
321
256
178
127
77
-4
-75
-150
-181
-182
-219
-257
-275
-317
-338
-293
-274
-281
-308
-338
-298
-305
-274
-189
-224
-194
-116
-107
-34
26
50
119
170
222
283
308
305
327
365
373
383
377
325
286
281
254
226
193
108
51
-1
-62
-79
-116
-163
-198
-223
-238
-255
-276
-294
-288
-262
-231
-214
-214
-208
-158
-113
-69
-21
-22
-17
-3
18
68
93
118
146
130
150
167
130
106
32
-109
-138
-154
-248
-208
-266
-442
-500
-582
-622
-575
-571
-572
-590
-632
-587
-493
-433
-331
-225
-163
-85
18
108
206
324
436
539
603
617
646
691
734
790
794
742
695
631
581
586
536
452
405
303
206
168
98
32
-25
-103
-134
-181
-246
-276
-334
-379
-354
-319
-322
-352
-373
-365
-327
-287
-279
-273
-258
-233
-163
-87
-40
-31
13
47
77
165
182
184
200
229
294
318
364
363
314
309
288
276
265
221
172
125
97
61
9
-65
-128
-178
-211
-215
-234
-246
-277
-276
-241
-230
-207
-198
-196
-162
-121
-97
-77
-63
-60
-42
-23
-9
-1
-5
-3
27
70
106
124
142
139
110
114
80
-50
-119
-109
-170
-170
-138
-292
-428
-489
-554
-525
-482
-474
-514
-561
-546
-451
-389
-330
-256
-224
-140
-36
81
168
239
339
422
491
528
545
580
619
674
736
747
701
636
582
573
570
518
456
397
301
232
180
105
30
-62
-130
-176
-226
-263
-307
-347
-379
-384
-365
-379
-402
-399
-386
-356
-301
-250
-245
-232
-207
-180
-108
-78
-35
40
54
125
178
168
205
233
252
293
317
310
299
298
273
274
302
262
210
183
118
88
98
54
11
-41
-114
-136
-147
-166
-194
-237
-279
-278
-274
-290
-284
-283
-278
-240
-206
-180
-156
-142
-119
-75
-40
-3
31
41
45
57
85
126
166
199
207
202
218
217
192
106
8
12
-50
-97
-85
-241
-356
-408
-480
-473
-469
-495
-531
-586
-604
-513
-446
-396
-316
-257
-194
-112
-8
73
146
248
351
437
501
535
558
579
621
668
660
617
579
537
539
543
498
446
371
287
242
196
136
70
-9
-60
-95
-157
-217
-264
-331
-364
-352
-345
-357
-397
-405
-382
-358
-296
-257
-263
-246
-206
-146
-93
-64
-21
15
59
143
180
221
251
228
277
309
322
341
300
269
263
265
264
243
187
137
92
54
29
-10
-48
-101
-136
-142
-179
-218
-262
-304
-315
-292
-259
-258
-259
-246
-223
-195
-159
-142
-138
-107
-71
-13
49
61
46
51
80
108
131
165
174
184
217
267
291
283
274
227
174
111
-16
-63
-80
-177
-153
-215
-394
-463
-588
-662
-639
-633
-616
-639
-679
-646
-582
-525
-414
-327
-265
-170
-72
51
167
266
373
462
526
572
611
657
701
726
755
756
720
661
601
569
537
495
439
361
276
219
164
96
24
-54
-102
-147
-188
-212
-275
-324
-346
-352
-348
-360
-377
-381
-384
-369
-311
-275
-241
-205
-167
-116
-49
-2
30
100
123
173
220
213
253
262
249
300
317
296
281
235
196
175
147
117
82
38
-10
-47
-76
-115
-165
-209
-238
-266
-283
-294
-303
-316
-318
-284
-257
-224
-192
-181
-167
-136
-96
-50
-7
19
43
56
76
103
107
125
144
144
162
154
131
128
142
158
186
202
171
167
155
130
136
101
44
-56
-129
-158
-249
-259
-283
-420
-477
-550
-612
-576
-572
-566
-549
-538
-504
-435
-384
-319
-232
-156
-37
47
136
221
272
365
448
527
595
604
618
638
649
665
656
634
606
561
533
504
434
376
320
245
209
157
81
25
-34
-84
-130
-181
-220
-254
-300
-306
-311
-316
-319
-332
-319
-308
-291
-265
-248
-216
-184
-146
-91
-43
-25
-19
1
37
111
144
173
189
139
151
166
156
177
142
117
110
74
68
54
15
-7
-24
-49
-63
-86
-124
-155
-167
-168
-178
-186
-198
-205
-194
-176
-151
-139
-148
-128
-102
-84
-66
-54
-56
-51
-15
0
37
53
48
68
72
94
91
85
92
74
76
88
91
88
84
94
106
118
124
109
100
78
68
45
-46
-73
-114
-182
-164
-204
-273
-281
-375
-430
-405
-423
-388
-370
-400
-363
-329
-303
-240
-191
-117
-20
55
146
205
255
320
362
426
478
509
533
537
542
530
514
503
492
455
425
382
319
274
215
161
147
108
61
36
-29
-81
-103
-131
-136
-155
-187
-184
-194
-202
-207
-219
-217
-228
-223
-190
-181
-166
-159
-175
-150
-138
-113
-72
-79
-59
-41
-32
-19
-13
22
27
39
60
52
41
36
44
41
36
58
57
41
20
6
14
-2
-12
-16
-30
-32
-52
-75
-88
-93
-90
-95
-93
-87
-84
-78
-76
-82
-75
-54
-50
-45
-39
-38
-36
-36
-33
-27
-4
19
31
33
26
26
22
28
22
43
62
47
61
57
56
77
87
98
112
112
107
121
115
89
68
22
0
-40
-96
-112
-165
-196
-217
-271
-276
-308
-331
-309
-321
-312
-280
-269
-227
-174
-137
-73
-27
7
70
110
162
248
283
315
362
383
412
439
443
444
416
377
371
355
337
316
276
237
186
145
122
91
62
25
-25
-44
-68
-96
-100
-117
-125
-126
-144
-166
-169
-185
-189
-181
-198
-193
-183
-195
-184
-172
-168
-156
-140
-133
-109
-62
-47
-11
13
12
41
66
95
122
135
139
140
136
132
119
105
93
81
62
25
-10
-54
-70
-76
-110
-115
-143
-189
-192
-202
-203
-186
-177
-173
-160
-147
-138
-112
-94
-86
-75
-61
-37
-12
5
8
11
25
32
30
34
34
50
63
56
67
55
33
54
49
35
67
53
27
45
43
42
54
48
48
47
34
59
66
41
61
42
39
57
21
14
-18
-50
-42
-86
-111
-102
-139
-135
-124
-150
-125
-132
-130
-66
-62
-39
-3
4
53
85
111
160
164
174
205
217
250
263
254
274
259
247
248
217
205
182
160
162
121
108
106
70
60
41
7
0
-26
-49
-46
-84
-94
-88
-115
-125
-136
-146
-151
-172
-162
-153
-164
-154
-141
-141
-136
-127
-112
-102
-101
-92
-84
-77
-67
-56
-54
-50
-51
-55
-46
-39
-46
-51
-45
-50
-48
-37
-36
-31
-29
-23
-5
-6
-5
12
20
14
23
29
16
5
-4
-1
13
21
18
22
-15
-22
14
-26
-25
-2
-46
-35
-18
-39
-11
-8
-23
0
7
-1
7
13
5
14
22
27
43
43
45
46
45
52
55
61
63
80
77
77
114
117
99
101
96
95
121
124
112
117
84
74
67
32
41
25
-6
9
-7
-50
-56
-49
-83
-101
-84
-102
-111
-101
-98
-94
-102
-106
-86
-61
-57
-32
1
5
21
33
45
69
84
102
108
111
124
116
116
126
98
104
114
75
53
23
1
-17
-31
-23
-34
-45
-65
-76
-86
-114
-120
-135
-158
-144
-148
-154
-120
-148
-164
-112
-137
-120
-65
-70
-42
-39
-40
12
9
13
71
65
56
89
87
70
58
77
88
71
89
85
77
70
43
57
41
25
48
17
11
35
5
5
-9
-40
-25
-56
-49
-29
-65
-54
-46
-80
-71
-41
-54
-54
-18
-26
-69
-25
-43
-70
22
1
-2
45
-3
-5
10
27
43
42
79
44
47
101
42
85
95
24
77
48
41
61
12
46
13
2
47
-35
-12
41
-60
-14
17
-69
-33
-35
-45
-11
-21
9
14
28
27
17
40
18
38
59
37
29
31
8
14
12
31
64
-3
24
55
-23
-7
-4
-57
-16
-43
-34
20
-91
-90
-34
-125
-62
-14
-135
-43
-37
-128
-37
-60
-78
-40
-17
-17
-18
19
-37
-15
34
-23
39
78
22
80
112
63
42
73
27
-1
73
38
34
39
16
26
-25
2
21
-41
-8
-25
-32
-34
-64
-38
-54
-45
-14
-16
-38
-9
-5
-48
-24
27
-10
-41
42
10
-15
66
1
-9
71
-2
28
70
-8
68
60
-3
67
61
-29
38
70
-22
20
32
-14
-37
26
3
-82
26
-10
-20
2
-77
24
-45
-60
46
-14
-14
-1
-14
-27
-20
-20
-15
-12
-12
23
-26
-4
43
-35
22
54
-38
45
50
-13
34
-4
11
11
-22
37
4
-20
6
11
-6
-22
15
24
-12
-8
26
-3
-6
-12
7
3
-41
-14
1
-12
-76
-1
5
-81
3
-19
-38
-17
-29
-49
-26
-34
-45
33
-67
-40
37
-60
-9
31
-67
39
25
-78
89
37
-54
81
58
-27
73
61
20
78
26
36
75
11
45
104
-3
21
79
-7
17
41
32
23
23
23
7
8
-28
17
-9
-29
35
-43
-17
5
-37
-16
-35
-25
-58
-39
-16
-79
-11
-17
-78
-24
-50
-25
-49
-64
21
-35
-21
41
28
21
52
6
18
37
-11
68
34
53
65
25
65
16
32
39
17
34
17
-34
33
15
-72
33
-17
-102
36
-34
-92
46
-90
-48
-13
-94
-14
-83
-19
-44
-90
2
-70
-32
11
-29
16
-14
26
40
-64
50
45
-57
70
59
-30
65
48
-36
33
72
1
-33
79
-34
-80
124
-29
-105
107
-19
-157
63
-19
-133
52
-38
-62
56
-77
-41
24
-52
-19
37
7
-5
60
12
32
40
23
100
19
37
86
10
42
45
30
21
38
13
3
57
21
-5
62
26
-42
79
29
-27
79
22
-38
35
-20
-3
-26
-33
36
-65
18
-25
-33
56
-82
-17
20
-23
6
-12
31
-74
-22
0
-51
23
-59
-22
7
-19
21
21
-13
6
37
-10
0
65
-9
37
15
-12
57
-26
-6
-7
9
-24
-48
35
-60
-34
-19
-80
7
-50
-53
8
-31
-37
6
-50
-58
37
-49
-63
26
-24
-29
-7
6
-16
-25
28
-32
50
27
-62
65
17
-61
3
21
-50
-27
38
-17
-18
-1
-45
13
-28
-20
25
-29
27
-21
4
56
-53
15
96
-42
21
72
-25
14
74
50
-26
35
25
41
43
22
77
-33
16
72
-1
59
24
42
18
1
49
-8
54
-9
1
42
-44
1
9
26
-24
-1
34
-76
46
-31
-5
93
-111
56
67
-102
55
39
-80
15
-17
-37
41
-95
0
79
-136
-16
66
-83
-8
19
-64
9
5
-20
11
31
10
-30
57
-11
-13
-2
6
14
-48
35
26
-45
-17
49
-89
-21
55
-110
23
-1
-145
92
-33
-144
152
-60
-112
110
-33
-58
66
17
-70
10
68
-74
29
97
-51
45
27
-3
46
-2
38
9
21
29
-38
18
7
-1
-18
-29
-29
-53
-17
-37
-50
-20
-57
8
11
-111
48
-5
-91
54
-32
-22
18
-54
16
36
-16
51
14
-31
55
-26
4
77
12
26
22
11
21
4
17
55
30
26
15
53
17
11
38
-5
-4
-30
39
-29
12
52
-16
39
-10
-24
36
-24
-23
61
-30
8
25
-7
36
-14
6
25
-7
11
-6
0
-8
6
52
6
17
37
9
1
12
3
-9
17
32
41
0
-28
35
-38
-59
16
-17
-29
1
12
-17
-22
-31
-48
-44
-26
-10
3
-2
-31
-25
-20
-58
-51
6
-65
-19
20
-72
23
-8
-66
32
13
-63
56
59
-43
77
11
-15
65
-65
19
75
-61
30
23
-73
-42
-14
-18
-62
9
-6
-64
-5
2
-27
15
-46
-22
71
-82
11
76
-90
41
20
-82
50
-49
-37
52
-48
-17
30
-10
-32
31
6
-45
57
5
-23
95
-1
-2
116
17
-35
112
59
-62
127
69
-30
137
82
14
82
15
-34
103
6
-36
113
-32
-57
87
-47
-39
33
-60
-21
3
-8
-24
6
-10
-9
36
-41
14
36
-32
35
-12
-12
30
-31
16
-7
-49
-32
-34
2
25
-1
-21
4
-72
-51
-21
-28
5
-69
42
2
-95
48
-32
-67
18
-15
-9
-19
-10
8
-64
-13
-2
-51
45
-29
-37
67
-48
-35
52
-2
-13
1
4
11
14
-3
12
41
-62
1
104
-73
31
60
-48
57
-13
-14
39
4
-21
22
63
-27
14
58
-16
57
23
-10
39
-43
8
28
-48
-1
-29
-48
1
-50
-21
-29
-69
19
-24
-53
3
-42
8
7
-25
58
-44
-16
16
-48
44
-27
-23
65
-3
-22
67
-9
-18
82
-15
7
44
-7
28
63
29
6
49
17
-11
84
48
-12
62
77
-4
24
98
6
29
45
-16
9
-52
-35
23
-64
-36
9
-111
-33
16
-115
10
-9
-101
44
-10
-41
69
-10
-42
66
-17
-46
39
-35
-1
20
-1
-12
14
23
-61
26
-67
-32
27
-25
39
-1
31
-16
-1
18
9
48
-2
19
42
-41
9
39
-73
-5
-7
-52
0
-4
-19
8
-19
-80
13
-31
-58
60
-26
-42
26
-43
-41
31
-9
1
-7
-37
34
-26
-14
90
15
10
95
-62
-13
78
-76
43
49
-39
33
12
-5
-26
-11
-34
-66
38
-10
-12
92
-22
18
78
-64
-12
40
10
5
51
35
-26
5
-30
-43
-32
-57
-1
-32
-46
29
-25
7
0
17
54
-5
76
55
9
72
34
-12
50
68
27
39
23
22
31
-31
38
-7
-42
32
-58
3
9
-53
13
-28
-37
6
-21
-12
-21
-24
-28
-26
-21
-55
-22
-17
8
32
-6
18
30
-14
28
29
35
55
-4
24
-47
-35
23
-70
27
-27
-94
26
-72
-31
-2
-49
20
-7
-18
7
-1
-9
24
4
14
41
8
56
-11
-35
45
-61
-48
14
-25
-13
-29
17
-1
-51
75
1
-63
72
-24
-31
85
-7
-26
65
-14
-11
55
-1
4
40
13
-6
30
-10
26
39
-19
7
-6
-22
-11
-3
-5
-32
19
-15
-42
49
-39
-20
32
-81
-43
8
-71
11
-9
-52
17
-20
-23
40
33
5
77
-11
23
30
-13
63
20
25
58
48
6
26
5
-24
43
28
-10
38
45
-37
20
31
-63
-11
22
-32
4
62
-43
15
17
-87
-6
-65
-47
22
-40
-9
-1
-51
-1
-2
-40
2
12
-21
31
6
-23
18
-13
20
-3
23
48
-27
48
50
-34
33
12
-27
18
-6
-23
9
-17
-12
44
-30
9
33
-45
-1
16
-29
-21
-15
-56
-39
-35
-52
-35
-23
-53
-37
-7
-41
35
37
-10
42
28
6
10
-1
-4
22
24
6
21
6
-27
18
12
-4
52
-17
2
59
-28
28
49
-26
29
14
-10
20
-13
-5
9
-28
-53
-4
-22
-61
6
25
6
-21
18
34
-18
46
33
23
57
2
57
46
-20
35
22
-33
32
24
-26
31
16
-20
20
8
-41
-18
-13
-28
-17
-20
-15
-34
-52
0
-14
-52
10
1
-16
6
17
-4
1
10
-41
31
-3
-48
83
5
-26
70
-8
-19
11
-23
-29
-16
-15
-13
-12
-1
2
-30
16
9
-13
43
21
23
17
-17
4
-9
0
43
5
-23
24
12
-52
-24
43
-34
-38
36
-38
-31
23
-24
-6
22
-29
18
33
-24
21
18
-37
33
27
-31
33
24
-31
17
-3
-69
11
14
-26
19
41
-15
-18
6
-9
3
-19
4
18
6
18
12
6
4
16
6
-16
32
6
-18
-3
-26
20
-42
-67
28
-51
-59
10
-41
-24
-15
-11
-14
-3
51
-14
24
66
-5
16
42
23
23
46
12
24
18
1
31
-15
32
44
-24
7
11
-16
4
-25
-15
4
-29
16
27
8
24
22
11
15
17
-7
18
12
-25
13
-3
-44
-14
-20
-23
-3
-29
-10
6
-19
-11
17
-12
-33
4
-14
-36
-11
-12
-26
-21
5
-20
-41
-7
-9
0
17
-7
-9
5
-18
28
24
-31
40
37
-27
-12
28
3
-5
35
-21
-34
35
1
-13
39
4
6
12
-8
31
-4
-28
10
-6
-19
-16
3
-6
-12
3
-10
-29
-19
-12
-42
1
26
-19
2
68
23
9
52
12
14
20
19
28
27
25
32
3
-1
0
-17
20
8
8
28
-5
2
7
-25
7
5
-35
-21
-21
-43
-28
-5
-28
-35
0
-3
-23
1
-10
5
32
1
24
38
3
29
21
-4
32
9
18
27
7
6
-13
17
13
0
7
0
2
-7
-11
-24
-32
-43
-23
-14
-41
-1
-14
-48
-22
-35
-37
-22
-15
-7
-9
-16
-16
-26
-22
13
-9
4
32
-5
6
13
-7
0
-19
-30
2
5
-10
11
19
5
-6
17
29
8
38
20
-6
30
5
-8
24
7
4
29
31
8
10
8
-18
-7
-8
-14
29
37
13
22
37
7
11
23
18
14
11
25
34
15
2
18
-11
3
15
-8
14
10
-5
-7
3
-10
-13
14
-2
-1
-5
-21
-31
-24
-8
-33
-16
-3
1
-4
-23
-11
-18
-28
-18
3
-18
-6
7
-16
12
7
-19
17
10
-33
-7
0
-14
-1
-3
-10
-17
-22
0
7
-5
16
16
5
5
-4
-2
-24
-18
-4
-35
-22
1
-18
-22
-13
1
-12
-24
20
-3
-29
10
-10
-5
3
-43
-16
-16
-28
17
6
32
44
-11
17
15
-4
17
9
43
20
6
46
17
6
37
24
5
22
20
19
27
23
8
-12
-12
-17
-5
-5
2
29
-4
0
3
-18
7
9
20
8
5
11
-13
5
7
-7
20
17
-8
12
4
-10
9
12
1
-8
12
19
-9
9
24
1
8
12
6
6
-7
3
1
-18
-3
11
9
12
9
-21
-22
-21
-30
-12
-37
-33
-7
-31
-30
-18
-27
-39
-29
-16
-18
-18
-7
-6
-9
6
19
1
-7
8
-12
-19
18
10
-13
12
1
-16
2
-11
-14
6
13
-7
-8
-11
-19
-18
-17
2
-4
-3
16
8
-5
6
-4
-21
-7
13
16
8
11
26
29
3
18
24
11
-1
-4
13
-5
-5
28
21
6
12
9
14
13
12
13
9
5
-5
3
0
-25
-9
13
-16
6
43
15
10
11
11
7
-15
-19
-8
-10
-13
1
3
10
15
2
23
19
-15
-9
6
-11
-11
4
0
-18
-24
-12
-18
-12
-3
8
4
-5
12
1
6
18
8
13
14
3
2
25
14
2
19
15
5
17
11
4
10
-2
-5
-1
-8
-19
-8
-6
-11
-17
-22
-16
-21
-11
-9
-11
-7
-13
-13
-31
-38
-17
-18
-22
-5
-2
-18
-9
-7
-14
-17
-18
-2
-5
4
15
1
17
2
-18
-1
5
4
11
14
21
12
-2
10
-3
-11
0
-1
1
0
-10
-5
-8
-4
10
12
26
16
3
1
-12
-2
2
-8
-2
13
17
11
14
12
3
-1
13
18
9
25
11
7
10
-3
9
10
3
3
14
18
16
27
20
2
6
2
-6
-4
-20
-35
-25
-22
-28
-32
-23
-8
-15
-3
1
-8
16
22
1
4
0
-12
-1
9
7
8
19
14
9
12
3
2
5
10
7
3
3
0
-2
4
12
10
8
18
16
16
7
-14
4
8
-8
6
5
-6
4
-3
-15
-13
-22
-34
-24
-7
-9
-9
-9
-18
-19
-22
-19
-15
-15
-5
-3
-10
-10
-14
-27
-13
4
-6
2
5
-4
10
6
-6
-5
-9
-8
-12
-16
-10
-2
7
8
7
2
-4
-3
-4
1
4
3
13
21
25
21
10
8
10
13
12
7
8
-1
-11
-3
0
0
-1
3
10
7
5
-5
-5
2
1
15
9
2
10
6
1
-2
-3
4
10
10
6
3
0
0
-2
4
7
-1
9
18
16
16
8
0
-5
-10
-8
4
10
9
12
16
15
2
-2
-4
-13
-4
-7
-11
-4
0
5
4
2
0
5
9
3
10
17
3
0
-4
-12
-17
-17
-7
-1
-9
-17
-2
1
-3
-1
-9
-17
-19
-23
-21
-18
-27
-21
-25
-28
-22
-8
-4
-7
-7
-14
-7
-2
-10
-3
10
8
8
9
7
13
19
21
15
15
13
8
14
7
-2
-2
-1
-4
-6
-2
-10
-24
-18
-11
-11
-16
-7
5
1
1
1
-9
-5
4
18
20
11
22
28
27
28
23
11
6
13
9
-3
4
5
4
7
4
11
10
6
8
9
6
2
-2
-7
-12
-26
-24
-16
-23
-19
-6
-5
-2
1
3
2
4
6
-1
-2
-4
-1
3
3
5
7
5
-2
-7
5
15
21
16
2
6
4
6
13
0
-12
-12
-7
-4
-14
-20
-19
-16
-5
5
-2
-6
0
-5
-5
0
2
7
6
10
0
0
7
-6
-5
4
6
13
2
-4
-9
-22
-15
-15
-14
-12
-9
1
7
6
-1
-9
-5
2
12
12
5
12
8
0
3
8
8
2
-2
-5
-3
-1
-9
-11
-10
-15
-22
-13
-6
-7
-12
-16
-12
-8
-1
0
-6
2
11
6
7
7
3
4
4
8
6
3
10
9
13
13
11
11
7
17
15
8
12
13
12
10
3
9
20
25
15
11
9
-1
-3
-6
-7
-6
-12
-14
-16
-13
-16
-15
-17
-23
-17
-21
-12
-6
-17
-23
-24
-20
-9
-2
-1
0
17
24
22
23
14
16
22
20
24
26
19
13
20
22
27
20
14
12
12
18
9
7
8
4
-2
-12
-10
-10
-18
-22
-29
-32
-35
-40
-37
-35
-30
-33
-36
-28
-23
-25
-24
-15
-14
-14
-10
-6
0
4
2
9
16
22
30
24
18
21
13
1
-1
-7
-11
-4
-9
-15
-7
-6
-2
6
7
14
13
8
8
-2
3
7
9
7
-3
-3
-3
7
11
10
14
21
23
22
22
14
12
14
8
11
16
9
11
4
1
13
13
20
20
11
2
-4
-7
-5
-4
-12
-4
0
-5
-6
-9
-19
-21
-16
-10
-6
1
6
2
3
6
1
-6
-3
-4
-4
-1
-1
0
-6
-6
-10
-15
-11
-6
-6
-4
-8
-5
-4
-10
-7
-11
-21
-21
-17
-15
-11
-12
-15
-15
-20
-14
-11
-7
8
10
8
9
11
15
14
9
6
-1
1
7
4
8
5
2
7
12
6
0
4
-4
-2
-4
-12
-8
0
1
-4
-6
-6
-4
-5
-2
1
9
10
1
-3
-13
-18
-8
-10
-5
-1
-6
0
12
15
13
5
9
8
-1
5
9
9
10
13
21
31
28
28
23
17
20
21
27
28
17
7
7
8
4
-1
-10
-10
-6
-13
-15
-11
-12
-10
-15
-18
-12
-3
0
-2
10
6
4
9
12
7
-3
-5
-7
-9
-19
-24
-23
-19
-17
-16
-19
-18
-12
-12
-11
-10
-11
-8
-5
-3
5
5
4
3
-6
-6
-2
1
0
2
1
-4
-3
0
7
11
2
-1
-1
0
-3
-2
6
3
-3
-6
3
3
-3
1
-3
-1
-1
-6
2
10
5
5
2
5
1
-4
-1
-1
1
-2
-3
-3
-3
-7
-7
-3
-5
-1
11
10
1
4
-3
-1
6
11
12
10
11
6
12
7
2
5
-3
3
-4
-3
7
-1
-5
0
-8
-9
-1
-3
4
7
4
6
13
11
10
16
20
19
11
9
7
2
5
7
12
9
6
7
5
0
-6
-5
-8
-11
-5
3
3
1
6
-2
-12
-17
-16
-6
1
1
-6
-6
-7
-7
-6
-10
-15
-14
-9
1
-2
-5
1
-5
-6
-7
-3
-2
-8
-9
-10
-20
-16
-10
-6
-1
-3
-2
0
-5
-11
-11
-6
0
1
-6
-7
-6
2
9
6
8
3
-1
2
1
3
1
6
11
10
11
9
7
9
15
9
2
0
-7
-4
0
-2
-3
-2
0
-2
-4
-1
-4
-1
0
2
6
-1
3
8
8
6
1
6
6
-4
-9
-9
-10
-9
-6
-1
5
6
9
11
9
10
2
-5
-2
-5
-7
0
4
7
11
5
12
22
14
14
21
22
18
20
18
16
21
12
-2
1
0
-1
-3
-11
-12
-6
-7
-3
-4
-9
-8
-11
-12
-7
-14
-16
-22
-21
-10
-15
-12
2
11
4
-10
-5
-1
-5
2
5
3
-2
-6
-4
-5
-6
-7
-2
-1
-7
-8
-10
-9
-11
-18
-26
-22
-21
-27
-22
-20
-12
3
3
3
2
0
0
2
8
10
10
4
3
10
3
6
9
13
17
21
25
23
14
6
6
5
8
7
3
-1
-5
-4
4
7
2
5
7
5
0
5
9
3
1
2
-5
-4
-5
-7
-9
-10
-4
-3
9
17
4
0
1
0
3
5
-2
-8
-7
-5
-5
-5
2
4
-6
-4
4
2
-3
0
5
6
9
13
13
12
8
0
9
19
7
-4
-12
-6
-5
-4
2
2
0
1
6
8
8
-5
-7
1
3
3
-1
-1
4
-3
-13
-8
-8
-7
-5
-5
-12
-7
4
2
1
-7
-7
-8
-8
-8
-19
-18
-14
-23
-18
-9
-7
-7
0
7
0
-9
4
12
-18
-13
11
6
5
-5
5
30
18
-2
8
18
-4
-14
1
13
11
-5
-16
-7
-12
-11
-3
-5
-10
-21
-17
-10
-1
5
-3
3
4
-2
-3
-3
12
13
0
7
25
28
22
27
27
34
39
27
27
25
10
9
4
-2
-3
-2
4
-4
-9
-2
-9
-17
-21
-19
-12
-10
-12
-18
-14
-7
4
5
-7
-4
5
2
2
-5
-2
4
4
2
1
8
7
0
9
13
11
3
-15
-11
-8
-6
-6
-7
1
1
-11
-16
-9
-2
3
4
4
-4
-5
4
-7
-12
-4
0
5
6
2
1
5
8
5
2
1
-3
-4
3
6
-3
-1
3
-1
-4
-8
-10
-3
6
6
3
-2
-5
-4
-7
-6
-3
5
7
-9
-13
-10
-12
-13
-16
-24
-27
-25
-12
-3
-4
-7
-4
5
12
20
21
17
21
13
9
14
10
11
5
1
-1
-2
-5
-3
2
1
-1
-3
-1
-7
-10
-9
-10
-6
-9
-10
-6
0
6
6
5
8
17
20
16
19
22
8
-3
-4
3
7
5
5
6
13
11
9
6
5
5
0
5
2
4
15
13
13
13
5
6
13
19
14
15
17
5
-2
-9
-11
-7
-5
-3
-9
-12
-17
-25
-28
-34
-33
-31
-23
-14
-11
-8
-13
-15
-12
-16
-13
-5
-2
0
-1
-1
9
15
18
16
20
17
14
6
-5
-4
0
3
2
1
-5
-4
-8
-8
-6
-8
-3
-12
-22
-24
-24
-18
-11
-12
-9
-2
-5
-3
2
7
5
-1
-12
-15
-11
-5
6
10
17
15
15
21
24
22
12
7
7
5
5
2
6
6
2
5
7
14
28
21
16
20
9
-2
-13
-12
-6
-3
-7
-10
-8
-3
5
6
13
3
-8
-4
-6
-10
-8
-4
-9
-9
3
11
14
16
20
20
14
16
21
19
14
7
11
11
9
6
3
6
4
12
16
8
5
1
-5
-8
-12
-22
-23
-21
-24
-20
-13
-6
-9
-4
0
-11
-17
-20
-16
-6
1
-2
-8
-8
-19
-26
-17
-11
-11
-7
1
13
16
15
16
10
6
6
4
-2
-13
-12
-1
-4
-8
-7
-10
-17
-20
-21
-20
-13
-9
-9
-10
-13
-15
-7
-11
-16
-15
-19
-16
-7
-3
5
8
3
14
16
23
34
31
32
32
27
26
17
7
3
1
16
23
20
18
19
20
20
13
3
2
4
10
8
0
-1
-7
-8
-8
-13
-11
-9
-6
-2
-10
-11
-3
2
8
5
-2
-7
-4
6
3
-4
-4
-2
6
7
11
17
13
10
3
6
12
13
7
4
-1
-7
-10
-19
-23
-16
-8
-8
-9
-7
-5
-1
4
-1
-8
-7
-4
-6
-7
-2
4
3
9
9
3
3
10
17
14
1
-4
0
-3
-3
-7
-9
-12
-16
-13
-9
-4
-5
-15
-21
-15
-19
-31
-30
-25
-17
-14
-18
-15
-10
-7
-6
-2
4
7
5
8
12
14
12
6
6
10
6
1
4
9
10
18
22
18
14
15
12
15
9
-8
-14
-14
-6
-6
-3
4
-3
-1
2
2
3
-3
-3
-1
-2
1
0
-6
-1
4
6
3
12
24
21
11
8
9
9
11
18
25
23
19
15
13
8
14
20
15
15
10
-1
-7
-6
-4
-2
-6
-12
-7
-5
-12
-15
-21
-28
-28
-21
-16
-8
-3
-5
-3
-4
-8
-14
-17
-16
-12
-11
-1
6
-4
-8
-1
-5
-11
-7
0
7
3
1
5
2
1
2
4
6
-1
-2
-9
-7
3
2
2
0
-13
-22
-11
-8
-14
-20
-16
-7
-10
-3
2
-3
-1
-2
5
7
7
13
10
5
9
10
19
20
21
27
22
11
8
7
4
4
-4
-3
0
-3
-1
4
3
-7
-7
-5
-11
-9
-4
-3
-4
-4
0
3
8
13
20
21
19
25
30
33
31
18
4
5
6
-3
-13
-20
-22
-24
-23
-21
-21
-18
-10
-6
-11
-8
-9
-11
-3
-6
-4
-8
-2
12
7
8
13
10
13
14
19
13
-6
-13
-5
-5
-6
-7
-8
-2
1
2
0
-4
-5
-9
-12
-9
-7
-3
-3
-8
-5
-2
0
3
0
4
0
-8
-4
0
-4
-6
-6
-1
0
-8
-8
-2
-2
-2
4
9
13
12
13
9
10
8
-7
-11
-11
-10
-5
-7
-4
1
4
-3
-13
-18
-18
-10
5
6
-7
-17
-15
-12
-11
-6
-4
-4
-1
8
19
23
20
20
27
31
39
48
41
25
18
20
20
19
13
3
-3
-5
-4
-6
-10
-10
-14
-16
-10
-16
-24
-18
-15
-7
-4
-5
2
1
6
16
10
7
17
16
17
14
-1
-6
-4
-9
-13
-12
-14
-15
-14
-13
-11
-10
-13
-12
-10
-5
-7
-13
-9
-5
-1
2
-7
-17
-17
-9
0
0
3
8
12
13
14
10
1
-3
1
3
8
14
13
4
-4
-7
-7
-3
-6
-6
-4
-2
0
-5
-8
0
2
-4
-8
-7
-11
-13
-11
-19
-17
-16
-22
-14
-8
-2
0
2
6
10
10
13
11
12
23
19
19
18
13
17
18
22
31
29
22
13
14
7
2
-2
-12
-14
-15
-11
-5
-9
-18
-16
-12
-8
2
3
-4
-9
-13
-10
1
-3
-6
5
15
19
23
19
17
16
19
19
15
20
21
19
18
16
12
8
-4
-6
0
-3
-4
-2
-6
-7
-9
-18
-23
-31
-28
-20
-19
-25
-21
-25
-25
-22
-24
-16
-11
-17
-21
-20
-14
-12
-7
-6
-3
7
7
6
10
15
15
14
15
15
21
20
16
9
0
-2
3
7
6
15
13
4
2
-9
-8
-15
-19
-17
-19
-11
-12
-14
-9
-14
-20
-16
-11
-6
2
3
5
6
4
7
20
29
24
21
14
17
19
13
9
1
-4
-6
-1
-8
-14
-10
-13
-14
-14
-6
3
4
6
3
1
0
2
4
5
13
13
16
15
10
10
12
12
10
15
22
27
24
16
12
7
8
12
16
11
3
3
-5
-14
-20
-24
-24
-22
-17
-20
-24
-19
-12
-8
-11
-18
-14
0
0
-3
0
1
0
3
6
6
9
9
10
17
14
14
18
17
15
9
5
4
4
-3
-11
-15
-17
-22
-23
-26
-33
-31
-30
-24
-20
-16
-12
-11
-8
-6
-6
-3
-1
-2
6
9
9
5
2
14
17
23
21
14
14
12
15
14
6
-1
-8
-10
0
4
1
1
-2
-4
-1
0
-2
-4
-2
9
1
-9
-11
-17
-13
-8
-12
-6
-2
2
0
-8
-3
-5
-13
-13
-6
-8
-7
1
9
14
7
6
4
8
18
18
17
23
26
22
19
26
25
8
3
8
9
9
12
15
12
-6
-12
-3
-6
-10
-9
-2
1
-4
-5
-2
7
8
3
2
3
4
10
13
8
8
5
9
6
2
1
-4
-4
-9
-9
-7
-11
-9
-11
-19
-17
-13
-18
-24
-23
-23
-21
-15
-15
-15
-16
-20
-17
-10
-5
-4
-8
-10
-8
-3
3
8
11
11
16
15
11
4
4
11
4
-9
-19
-18
-13
-8
-1
-3
-7
-7
-8
-6
-5
-5
5
14
18
12
2
6
6
1
3
9
3
-1
2
5
5
5
7
2
5
5
6
9
6
10
12
10
11
21
17
15
22
17
15
11
12
8
4
4
-2
-9
-11
-7
-1
1
-4
-4
-6
-8
-7
-6
1
6
1
2
6
2
3
-1
3
10
3
2
5
10
16
17
18
18
14
6
2
2
2
-5
-8
-7
-9
-9
-22
-26
-15
-15
-19
-19
-22
-24
-29
-29
-28
-30
-26
-23
-15
-4
-3
-1
8
6
1
-3
3
22
25
23
16
12
18
15
11
10
7
4
1
-2
1
4
0
-2
-1
1
-1
-8
-10
-9
-13
-11
-13
-12
-8
-16
-23
-17
-8
-12
-10
-9
-5
0
5
9
11
11
12
17
19
17
21
30
29
34
33
21
23
20
13
0
-7
0
-1
-2
-12
-16
-11
-16
-20
-19
-13
-14
-23
-18
-11
-18
-12
2
11
6
4
12
20
16
7
7
9
5
6
5
4
8
6
5
8
6
0
0
2
5
5
3
7
4
2
-6
-9
-6
-1
6
5
2
-2
-8
-11
-9
-6
-9
-8
-6
-3
-7
-11
-13
-22
-24
-21
-21
-12
-3
0
1
0
4
1
-2
-2
-1
3
6
10
12
8
0
-1
7
11
14
14
7
1
-7
-10
-7
-7
-9
-6
-5
-1
8
0
-6
-4
-10
-4
2
9
13
15
16
14
23
22
12
20
24
15
16
13
6
2
-2
-8
-17
-20
-18
-12
-17
-24
-28
-33
-25
-18
-17
-17
-15
-14
-15
-12
-7
2
11
12
19
21
22
33
41
46
38
35
34
37
31
12
1
-6
-14
-23
-32
-28
-19
-26
-26
-28
-28
-31
-36
-34
-32
-25
-16
-12
-8
-3
-1
5
7
9
17
26
30
28
27
25
27
27
27
27
16
14
15
9
3
-3
-4
-8
-7
-4
-9
-9
-11
-19
-20
-13
-11
-14
-15
-9
-7
-8
-7
-10
-3
-1
-4
1
-8
-8
-7
0
17
16
-1
-7
-8
-1
5
7
13
14
15
17
23
25
24
15
8
5
-3
-1
-3
-12
-16
-15
-9
-5
-3
6
8
5
5
-2
-7
-5
-5
-6
-6
-7
-9
-6
-2
0
2
2
2
4
6
4
4
4
-2
-11
-11
-14
-7
-3
-8
-9
-9
-9
-2
1
-7
-11
-8
-6
-4
-5
-13
-21
-20
-14
-14
-3
6
2
2
4
15
19
14
16
14
7
6
7
7
11
14
14
14
13
14
4
2
10
8
3
8
16
20
20
12
5
-8
-10
-10
-9
-5
-7
-5
-2
1
5
3
8
10
6
-1
-1
-3
0
0
-2
5
4
2
-7
-1
9
6
-1
-4
-4
-10
-10
-3
-1
2
-1
-5
-3
-8
-13
-17
-11
-2
-7
-13
-19
-20
-21
-19
-19
-17
-9
-5
-7
-13
-11
-13
-16
-10
-5
-1
3
9
9
10
12
10
4
-2
1
0
2
6
11
14
15
16
14
15
18
19
16
20
15
5
7
7
6
1
4
-1
-16
-19
-24
-22
-19
-26
-25
-9
-3
-5
0
4
-1
-3
-2
4
8
11
24
28
24
24
31
28
24
25
20
19
18
16
12
16
11
3
-5
-7
-7
-17
-17
-20
-18
-22
-29
-34
-38
-34
-29
-18
-13
-9
-9
-12
-11
-5
1
4
6
2
4
9
10
14
15
9
6
3
3
11
19
25
24
25
18
9
3
-5
-1
-5
-12
-16
-20
-21
-16
-14
-21
-20
-13
-12
-10
-9
-7
-6
-9
-9
2
6
5
6
7
12
11
6
7
15
19
10
4
-2
-4
-1
-5
0
3
5
-2
-4
-1
3
0
-7
-5
-5
-12
-6
3
10
10
5
7
7
7
11
8
4
-1
-2
1
0
3
4
2
0
-6
-9
-9
-7
-9
-16
-12
-11
-10
1
-1
-9
-3
3
-3
-6
-5
-3
3
6
9
6
7
13
12
8
5
14
17
8
6
8
4
8
9
3
0
-4
-4
-1
-1
-4
-6
-3
1
2
-1
0
3
4
6
3
-5
-3
1
-5
-10
-9
-1
12
14
10
8
11
2
-7
-5
-3
-7
-5
-3
-8
-12
-6
-3
-12
-14
-7
-2
-7
-9
-4
-1
6
5
-2
0
6
9
12
15
4
-6
-11
-17
-16
-13
-5
5
5
1
-5
-9
-7
-5
-1
0
-5
-10
-6
-1
4
3
2
6
5
7
12
15
17
12
7
5
4
1
0
0
0
-7
-17
-17
-4
-8
-10
1
9
3
-7
-9
-6
1
-3
-1
4
3
5
-1
-3
3
7
15
11
9
16
24
18
13
18
21
11
3
11
13
6
2
4
-2
-12
-15
-10
-7
-12
-7
-9
-11
-12
-14
-11
-9
-7
-3
-6
-10
-7
-4
-6
-5
0
7
12
9
2
-1
4
3
5
16
14
12
16
9
3
-7
-8
-8
-10
-11
-18
-20
-16
-9
-7
-17
-24
-30
-32
-29
-31
-30
-19
-17
-20
-12
-3
-5
-2
9
17
27
24
20
18
19
26
24
23
28
37
37
33
34
23
18
16
14
12
5
-9
-9
-4
-13
-20
-19
-16
-16
-18
-20
-19
-13
-4
-2
-4
-1
7
11
9
13
19
17
22
27
15
15
15
14
16
13
7
0
-4
-5
0
-3
-6
-4
-10
-10
-7
-8
-11
-13
-13
-23
-23
-20
-17
-14
-15
-17
-19
-16
-12
-13
-14
-11
-4
-5
-6
7
4
1
1
-1
11
12
8
14
19
9
6
6
-6
-8
-2
2
1
5
0
-9
-5
0
-3
-13
-13
-11
-7
-6
2
1
-3
7
16
19
14
12
5
1
-2
-7
-5
-2
-3
2
8
2
3
10
8
2
0
-3
0
8
9
11
11
10
6
5
16
17
6
1
-2
-6
-8
-16
-11
-1
-2
1
-6
-5
-7
-10
-3
5
8
7
2
-5
1
6
9
8
16
16
14
20
20
17
6
9
12
10
10
3
4
7
0
-8
-7
-19
-22
-16
-17
-21
-19
-12
-8
-8
-12
-9
-6
-2
1
-2
-4
-1
5
7
0
-9
-13
-10
-2
10
10
6
4
1
-2
-4
-2
3
2
-2
-8
-19
-18
-14
-15
-9
-12
-22
-22
-23
-21
-18
-20
-22
-14
-6
-5
-3
-1
0
-3
2
5
11
17
18
13
11
21
18
9
7
8
9
16
18
21
18
8
6
11
12
7
0
-6
-3
-6
-5
3
2
4
4
6
6
2
1
3
1
-2
-1
-4
6
19
15
12
16
17
20
14
11
19
17
14
10
6
8
1
-1
0
-1
10
15
11
5
-3
-8
-7
-13
-27
-31
-22
-19
-20
-12
-13
-7
-10
-7
-3
0
5
1
1
-2
4
9
7
-2
-5
-5
-11
-5
-1
3
3
1
-5
0
1
-6
-10
-17
-16
-22
-25
-21
-18
-18
-18
-11
-15
-12
6
0
2
2
6
17
10
3
-6
-10
-12
-12
2
7
1
4
7
1
2
5
8
2
-4
-8
1
8
4
1
-6
-12
-10
-6
5
15
14
6
4
8
3
-3
-5
4
3
1
9
9
8
6
14
14
11
16
13
6
10
17
22
23
21
19
14
9
8
8
4
-8
-15
-8
-8
-12
-7
0
-3
-5
1
-3
-4
-2
-6
-7
-9
-9
-9
-6
-4
-11
-10
-5
-5
1
-1
1
2
-3
3
1
-3
3
5
-4
-10
-8
-5
3
3
3
5
3
7
6
4
-2
1
1
-1
-9
-11
-6
-11
-13
-15
-13
-14
-7
-3
0
12
8
4
1
5
2
0
7
5
3
3
7
10
7
9
11
9
1
-5
-8
0
6
5
5
2
-1
-7
-4
-2
-7
-3
-2
-5
-9
-2
4
-1
2
7
10
1
2
-1
-10
-13
-20
-19
-21
-23
-21
-17
1
10
9
7
9
8
3
7
10
8
7
2
4
3
1
1
-1
-5
-11
-5
-4
-1
3
8
12
9
4
0
-1
2
4
-1
-8
-1
4
8
9
3
2
-3
-3
0
-1
3
1
9
18
20
19
8
0
-4
1
2
-5
-1
9
11
11
9
1
-2
-9
-11
-4
-6
-8
-13
-8
4
-9
-17
-16
-14
-7
-1
9
14
15
14
15
18
6
-3
2
6
4
4
4
5
6
11
6
-5
-10
-13
-13
-22
-21
-12
-14
-16
-19
-19
-9
-6
-8
-4
-6
-11
-11
1
7
5
6
4
4
3
0
0
12
18
13
12
4
0
5
7
4
5
8
5
0
2
4
2
-3
-7
-10
-13
-13
-12
-5
-1
-4
-12
-11
-4
-2
0
-2
-1
-4
-8
-6
3
5
5
14
16
12
6
3
1
-5
-6
-1
5
13
16
12
6
2
-3
-7
-12
0
7
-5
-5
-4
9
8
2
4
3
7
5
4
1
-2
-10
-14
-11
-4
3
4
4
10
10
2
4
2
5
8
5
3
3
-6
-7
-1
-2
0
-2
3
6
-6
-6
-3
1
5
6
4
-4
-9
-7
-1
1
4
-2
-2
2
4
2
1
-7
-14
-3
1
-2
-4
0
9
9
5
3
0
-4
-9
-10
-5
-11
-9
-5
0
1
-7
0
5
3
4
5
1
-11
-13
-6
-4
-8
-9
-7
-4
5
6
8
10
6
3
3
-1
1
8
9
8
6
5
0
-7
1
4
-1
-4
-1
5
-1
-3
1
3
3
-5
-15
-14
-13
-19
-11
3
4
0
-4
0
1
-6
-8
-8
1
7
3
11
13
12
9
5
1
-2
5
7
8
8
5
8
10
12
10
1
0
0
5
15
17
13
4
0
-7
-6
-4
0
0
4
5
-1
-1
-4
-2
1
-3
-6
-1
-9
-8
2
3
-1
3
5
-4
0
2
0
-3
4
12
2
-4
-6
-12
-17
-16
-14
-13
-9
3
9
8
5
-8
-10
-8
-12
-11
-10
-1
7
10
2
-5
-4
-7
-13
-11
-8
-3
3
5
4
2
-3
-10
-12
-6
-3
-3
-2
0
1
0
-4
-5
-3
1
4
8
15
12
4
0
5
4
0
-3
-2
0
4
5
9
13
14
21
14
9
14
4
-4
-5
-1
5
0
4
9
-6
-9
-2
1
7
8
10
16
10
1
6
5
-8
-12
-9
-8
2
4
1
-1
-7
-3
3
2
-1
4
2
0
2
-1
-6
-1
-5
-13
-12
-12
-2
7
16
17
4
0
-3
-17
-10
-2
-5
-10
-17
-10
-10
-10
-3
-1
-8
-18
-10
1
0
3
10
13
14
10
-4
-6
-2
-2
0
-2
4
13
8
3
12
15
11
6
-4
-12
-8
-4
-11
-6
3
1
2
3
1
0
1
2
-2
-3
-9
-7
-9
-18
-5
3
-3
-4
-9
-7
-1
-4
-3
-2
0
5
8
12
9
6
4
0
-1
-6
-8
-3
3
10
10
11
13
11
9
2
-6
-8
-8
-15
-16
-10
-8
-6
-8
-3
6
3
-2
5
10
7
4
4
7
7
3
6
9
7
10
12
10
13
16
13
10
5
7
10
8
6
4
-1
-9
-5
2
2
6
0
-10
-10
-11
-15
-19
-18
-12
-7
0
4
-2
-7
-6
-7
-8
-5
-6
-8
-10
-10
-4
8
9
8
7
7
13
7
4
11
12
4
2
8
3
5
6
3
4
-2
-12
-13
-11
-14
-11
-15
-24
-27
-28
-38
-37
-28
-30
-18
-12
-9
0
-2
-2
-7
-2
-7
-7
10
10
9
13
18
19
12
6
5
7
9
13
17
18
16
11
3
-2
6
14
13
14
4
-6
-2
-4
4
9
9
14
6
9
9
9
10
7
5
0
7
19
18
14
14
12
8
2
13
24
23
27
17
7
-4
-6
-1
-2
0
4
5
-4
-11
-10
-14
-12
-14
-19
-10
0
3
4
0
-10
-8
-15
-26
-15
-6
-3
-1
-2
-1
-3
3
9
11
5
-1
0
0
-4
-17
-20
-18
-13
-12
-15
-6
-12
-20
-18
-25
-31
-28
-18
-19
-9
-6
-9
-10
-23
-25
-18
-13
-13
-7
-9
-6
4
-1
-6
2
22
29
19
10
10
15
20
31
29
25
20
6
7
8
3
0
-7
-13
-10
2
6
17
18
5
6
1
2
-1
-17
-19
-5
15
11
5
11
13
20
17
11
3
1
12
13
14
18
20
22
22
16
15
19
11
6
5
18
21
8
2
5
16
9
-7
-26
-28
-22
-16
-9
-12
-2
4
9
6
-1
-4
-24
-34
-30
-25
-23
-18
-12
-7
0
1
-6
-8
-2
6
8
13
13
16
10
8
13
2
-9
-13
-19
-19
-15
-23
-30
-20
-11
-22
-27
-17
-6
-4
-14
-17
-7
1
7
11
14
23
25
17
4
-2
0
0
-4
-8
-8
1
9
13
2
-6
-10
-15
-3
7
10
2
-7
0
8
4
-10
-5
5
0
1
-6
-3
15
24
23
13
5
7
-6
-27
-21
-8
6
18
12
19
19
11
6
3
4
-2
1
3
10
10
9
5
4
17
14
7
-3
-12
-11
1
11
8
12
9
0
-11
-17
-21
-27
-18
-13
-7
-4
-5
5
11
14
13
-3
-2
5
8
3
-11
-8
9
19
12
7
10
22
25
3
-1
-1
2
-5
-10
-5
-11
-5
2
2
-3
-1
-6
-17
-20
-14
-5
-12
-18
-12
2
9
4
1
-4
-11
-1
5
-7
-10
1
10
3
-11
-10
-6
0
-7
-15
-5
-8
-14
-4
-6
-6
-7
-12
-1
2
1
-1
9
16
5
7
7
10
12
21
29
23
0
-14
-9
-10
-4
-5
-3
-5
-12
-4
2
12
4
-2
-5
-10
-12
-12
-10
-13
-2
-3
-11
1
6
16
15
5
5
1
4
14
12
5
3
0
-3
-1
-2
-3
-2
13
20
9
5
1
2
2
-2
4
17
21
5
-7
-2
8
14
9
2
4
9
4
10
7
-5
-12
-13
-3
-10
-16
-22
-22
-11
-9
-15
-14
-15
-14
-13
-9
-7
-17
-18
-8
-4
0
9
20
33
21
18
17
15
23
28
21
7
14
23
26
12
-1
-6
-8
0
-4
3
3
-6
-11
-18
-20
-15
-18
-19
-20
-22
-21
-26
-24
-27
-20
-11
-6
-4
-4
9
8
-1
-9
-8
0
5
6
13
20
20
30
22
6
13
10
7
9
13
13
8
8
-2
-5
-7
-12
-12
-14
-9
-11
-14
-13
-11
3
8
-7
-26
-16
5
5
14
0
-17
-9
2
5
0
-9
-24
-18
-18
-7
5
8
17
11
8
13
22
28
27
25
22
16
22
27
21
19
13
10
-1
-2
14
20
-2
-18
-18
-9
4
-5
-23
-33
-32
-26
-13
-5
-11
-15
-18
-14
-5
-2
-9
-1
9
9
26
33
28
33
31
22
17
10
2
-6
-9
-19
-26
-20
-14
-2
-3
-14
-22
-25
-11
-5
-13
-10
-2
3
9
2
1
2
-11
-6
13
19
10
-4
5
17
6
-1
-15
-19
-6
6
1
-12
-15
-16
-23
-41
-37
-23
-17
-14
-6
6
5
-2
12
28
27
21
0
-1
9
19
22
16
6
4
18
23
12
11
3
0
12
14
9
-4
-9
-11
-6
-13
-21
-8
3
4
-2
9
15
7
-6
-11
-10
-13
4
16
4
-2
2
5
11
16
18
29
31
25
24
21
15
18
17
7
7
12
3
1
8
-8
-12
-14
-16
-8
-5
-11
-28
-31
-27
-24
-26
-33
-27
-16
-4
6
11
-3
-11
-8
-1
-7
-17
-19
-21
-14
-14
-11
-18
-12
14
21
16
9
1
1
1
-1
-1
-1
-7
-26
-27
-20
-19
-10
-4
2
-7
-6
3
18
16
8
19
13
-3
1
8
7
23
22
11
14
16
16
24
21
7
3
-7
-17
-11
0
9
5
9
16
8
-1
-6
3
14
15
16
16
13
18
19
8
3
7
10
6
6
-1
-5
0
0
0
2
-10
-15
-19
-21
-19
-33
-28
-32
-25
-10
-3
8
9
14
8
1
-2
-6
-3
1
3
-6
-1
1
-1
-16
-20
-2
11
11
-8
-2
-3
-12
-6
0
10
12
15
22
18
3
1
7
17
9
1
4
7
5
-2
-3
-4
5
5
3
-9
-6
-1
-20
-20
-16
-8
-4
-2
-1
4
9
-5
-9
1
8
7
-2
-11
-11
-3
-5
-11
-15
-13
3
3
-4
9
17
11
7
0
-2
4
-6
-2
-9
-20
-10
-10
-12
-7
-10
-15
-15
-4
7
2
4
8
1
6
5
-6
0
7
10
8
-6
-3
1
5
10
2
-2
3
14
13
3
-1
0
7
11
2
8
7
2
13
16
14
16
26
27
17
18
19
15
15
3
0
12
7
5
19
16
4
1
-3
-3
-6
-8
-6
-6
-5
-11
-23
-27
-14
-9
-10
-8
-7
-3
-8
-11
-11
-12
-7
0
3
-4
-10
-8
-14
-16
-14
-14
-2
7
-10
-10
-3
-7
-3
-7
-12
-3
2
-4
12
5
-10
3
6
7
11
11
6
2
1
-2
-8
-10
-7
-7
-9
-12
-17
-9
6
14
12
7
-1
-5
-5
-7
-2
-6
-23
-22
-12
-15
-13
-4
-9
-9
-4
-6
0
3
10
24
28
21
14
14
25
43
43
28
18
21
24
14
11
21
16
6
-2
-3
7
5
-1
-3
-8
-8
-17
-4
11
1
5
-2
-6
-3
-12
-10
-6
-6
-7
-16
-15
-10
-5
-4
-7
-4
-4
-2
-7
-10
1
8
3
-1
-2
0
8
8
6
6
15
16
14
10
14
16
6
18
17
6
-1
-10
-1
11
-4
-11
-17
-21
-5
-11
-22
-24
-25
-26
-22
-28
-31
-25
-24
-17
-15
-11
-6
-13
-15
-5
-6
-6
1
1
5
-2
-5
0
6
15
9
-1
5
18
26
28
18
18
16
3
3
14
7
10
17
15
15
9
3
1
3
-2
-1
4
1
-1
2
-8
-10
5
5
8
8
-3
0
4
-1
0
-6
-11
-8
-3
-1
-11
-13
-10
-6
-5
-15
-16
-12
-12
-13
-11
-12
-7
-1
3
8
13
15
8
-2
-3
15
13
10
8
6
10
4
9
13
15
18
9
16
31
29
21
21
17
11
12
13
12
7
6
8
1
-19
-22
-8
-7
-9
-4
-2
-9
-12
-18
-20
-17
-13
-19
-12
-3
-15
-13
-13
-21
-14
-13
-14
-5
1
9
7
-9
-12
-12
-20
-22
-17
-14
-6
1
2
1
1
-1
-8
-8
9
14
4
-6
-14
-12
-7
-16
-7
10
8
-2
-6
-3
-9
-3
14
9
-3
-4
4
4
10
14
15
22
10
8
20
23
14
9
6
4
3
-12
-10
-2
-3
3
2
-1
5
-8
-16
-8
5
8
-2
8
11
4
13
9
9
15
18
19
19
38
40
27
26
29
37
26
3
4
8
7
0
-3
-2
-7
-24
-25
-13
-11
-13
-15
-20
-29
-34
-25
-13
-3
-3
-12
-21
-20
-13
-13
-5
4
7
8
15
10
5
11
6
-11
-11
-7
-7
-16
-6
5
-15
-21
-13
-11
-16
-18
-20
-19
-18
-18
-12
-23
-34
-28
-21
-8
-1
-1
4
9
10
16
17
15
28
31
35
22
12
22
16
-1
7
8
0
-1
-13
-10
-3
-3
-16
-29
-11
6
0
-3
3
3
4
8
12
10
18
10
-3
2
2
